 11521	 -9674.58789	 -9415.0918	 -23482.23242	  23502.23242
 11519	 -9255.57227	 -10056.64063	 -23262.79883	  23282.79883
 11615	 -9349.46875	 -9833.24707	 -23545.14453	  23565.14453
 11520	 -9465.08008	 -9742.9502	 -23372.24219	  23392.24219
 11519	 -9255.57227	 -10056.64063	 -23262.79883	  23282.79883
 3510	 -9139.96094	 -10125.97559	 -23436.50781	  23456.50781
 11615	 -9349.46875	 -9833.24707	 -23545.14453	  23565.14453
 3450	 -9371.18164	 -9959.13086	 -23090.17969	  23110.17969
 11520	 -9465.08008	 -9742.9502	 -23372.24219	  23392.24219
 11423	 -9580.68945	 -9639.37891	 -23199.85742	  23219.85742
 3450	 -9371.18164	 -9959.13086	 -23090.17969	  23110.17969
 11519	 -9255.57227	 -10056.64063	 -23262.79883	  23282.79883
 11520	 -9465.08008	 -9742.9502	 -23372.24219	  23392.24219
 858	 -9696.30078	 -9520.20313	 -23028.07227	  23048.07227
 11423	 -9580.68945	 -9639.37891	 -23199.85742	  23219.85742
 3451	 -9790.19727	 -9292.55859	 -23310.58008	  23330.58008
 858	 -9696.30078	 -9520.20313	 -23028.07227	  23048.07227
 3451	 -9790.19727	 -9292.55859	 -23310.58008	  23330.58008
 11344	 -9905.80859	 -9181.70898	 -23138.47266	  23158.47266
 11343	 -9486.79297	 -9822.3457	 -22919.07227	  22939.07227
 3450	 -9371.18164	 -9959.13086	 -23090.17969	  23110.17969
 11423	 -9580.68945	 -9639.37891	 -23199.85742	  23219.85742
 11343	 -9486.79297	 -9822.3457	 -22919.07227	  22939.07227
 11423	 -9580.68945	 -9639.37891	 -23199.85742	  23219.85742
 858	 -9696.30078	 -9520.20313	 -23028.07227	  23048.07227
 11518	 -9046.06641	 -10258.77246	 -23157.66211	  23177.66211
 3510	 -9139.96094	 -10125.97559	 -23436.50781	  23456.50781
 11519	 -9255.57227	 -10056.64063	 -23262.79883	  23282.79883
 11518	 -9046.06641	 -10258.77246	 -23157.66211	  23177.66211
 11614	 -8930.45508	 -10352.64941	 -23330.42578	  23350.42578
 3510	 -9139.96094	 -10125.97559	 -23436.50781	  23456.50781
 11422	 -9161.67578	 -10136.85059	 -22985.98828	  23005.98828
 11519	 -9255.57227	 -10056.64063	 -23262.79883	  23282.79883
 3450	 -9371.18164	 -9959.13086	 -23090.17969	  23110.17969
 11422	 -9161.67578	 -10136.85059	 -22985.98828	  23005.98828
 11518	 -9046.06641	 -10258.77246	 -23157.66211	  23177.66211
 11519	 -9255.57227	 -10056.64063	 -23262.79883	  23282.79883
 11517	 -8836.55664	 -10370.69336	 -23056.00977	  23076.00977
 11614	 -8930.45508	 -10352.64941	 -23330.42578	  23350.42578
 11518	 -9046.06641	 -10258.77246	 -23157.66211	  23177.66211
 11517	 -8836.55664	 -10370.69336	 -23056.00977	  23076.00977
 11613	 -8720.94531	 -10497.56543	 -23227.49805	  23247.49805
 11614	 -8930.45508	 -10352.64941	 -23330.42578	  23350.42578
 11421	 -8952.16602	 -10219.90234	 -22885.44727	  22905.44727
 11518	 -9046.06641	 -10258.77246	 -23157.66211	  23177.66211
 11422	 -9161.67578	 -10136.85059	 -22985.98828	  23005.98828
 11421	 -8952.16602	 -10219.90234	 -22885.44727	  22905.44727
 11517	 -8836.55664	 -10370.69336	 -23056.00977	  23076.00977
 11518	 -9046.06641	 -10258.77246	 -23157.66211	  23177.66211
 11342	 -9277.28711	 -9992.65723	 -22815.16797	  22835.16797
 11422	 -9161.67578	 -10136.85059	 -22985.98828	  23005.98828
 3450	 -9371.18164	 -9959.13086	 -23090.17969	  23110.17969
 11342	 -9277.28711	 -9992.65723	 -22815.16797	  22835.16797
 3450	 -9371.18164	 -9959.13086	 -23090.17969	  23110.17969
 11343	 -9486.79297	 -9822.3457	 -22919.07227	  22939.07227
 11341	 -9067.77734	 -10090.55566	 -22714.05273	  22734.05273
 11421	 -8952.16602	 -10219.90234	 -22885.44727	  22905.44727
 11422	 -9161.67578	 -10136.85059	 -22985.98828	  23005.98828
 11341	 -9067.77734	 -10090.55566	 -22714.05273	  22734.05273
 11422	 -9161.67578	 -10136.85059	 -22985.98828	  23005.98828
 11342	 -9277.28711	 -9992.65723	 -22815.16797	  22835.16797
 11516	 -8627.04883	 -10433.94922	 -22956.23438	  22976.23438
 11613	 -8720.94531	 -10497.56543	 -23227.49805	  23247.49805
 11517	 -8836.55664	 -10370.69336	 -23056.00977	  23076.00977
 11516	 -8627.04883	 -10433.94922	 -22956.23438	  22976.23438
 3509	 -8511.4375	 -10561.72266	 -23127.68945	  23147.68945
 11613	 -8720.94531	 -10497.56543	 -23227.49805	  23247.49805
 3449	 -8742.6582	 -10302.04883	 -22784.94336	  22804.94336
 11517	 -8836.55664	 -10370.69336	 -23056.00977	  23076.00977
 11421	 -8952.16602	 -10219.90234	 -22885.44727	  22905.44727
 3449	 -8742.6582	 -10302.04883	 -22784.94336	  22804.94336
 11516	 -8627.04883	 -10433.94922	 -22956.23438	  22976.23438
 11517	 -8836.55664	 -10370.69336	 -23056.00977	  23076.00977
 11515	 -8417.54297	 -10526.89941	 -22855.31445	  22875.31445
 3509	 -8511.4375	 -10561.72266	 -23127.68945	  23147.68945
 11516	 -8627.04883	 -10433.94922	 -22956.23438	  22976.23438
 11515	 -8417.54297	 -10526.89941	 -22855.31445	  22875.31445
 11612	 -8301.93164	 -10656.24512	 -23026.70703	  23046.70703
 3509	 -8511.4375	 -10561.72266	 -23127.68945	  23147.68945
 11420	 -8533.15234	 -10416.40918	 -22683.19531	  22703.19531
 11516	 -8627.04883	 -10433.94922	 -22956.23438	  22976.23438
 3449	 -8742.6582	 -10302.04883	 -22784.94336	  22804.94336
 11420	 -8533.15234	 -10416.40918	 -22683.19531	  22703.19531
 11515	 -8417.54297	 -10526.89941	 -22855.31445	  22875.31445
 11516	 -8627.04883	 -10433.94922	 -22956.23438	  22976.23438
 11340	 -8858.26953	 -10198.22363	 -22612.56445	  22632.56445
 3449	 -8742.6582	 -10302.04883	 -22784.94336	  22804.94336
 11421	 -8952.16602	 -10219.90234	 -22885.44727	  22905.44727
 11340	 -8858.26953	 -10198.22363	 -22612.56445	  22632.56445
 11421	 -8952.16602	 -10219.90234	 -22885.44727	  22905.44727
 11341	 -9067.77734	 -10090.55566	 -22714.05273	  22734.05273
 857	 -8648.76367	 -10326.99512	 -22510.26172	  22530.26172
 11420	 -8533.15234	 -10416.40918	 -22683.19531	  22703.19531
 3449	 -8742.6582	 -10302.04883	 -22784.94336	  22804.94336
 857	 -8648.76367	 -10326.99512	 -22510.26172	  22530.26172
 3449	 -8742.6582	 -10302.04883	 -22784.94336	  22804.94336
 11340	 -8858.26953	 -10198.22363	 -22612.56445	  22632.56445
 11514	 -8208.03516	 -10651.88867	 -22753.1543	  22773.1543
 11612	 -8301.93164	 -10656.24512	 -23026.70703	  23046.70703
 11515	 -8417.54297	 -10526.89941	 -22855.31445	  22875.31445
 11514	 -8208.03516	 -10651.88867	 -22753.1543	  22773.1543
 3508	 -8092.42383	 -10778.46973	 -22924.6543	  22944.6543
 11612	 -8301.93164	 -10656.24512	 -23026.70703	  23046.70703
 3448	 -8323.64453	 -10541.37305	 -22581.03906	  22601.03906
 11515	 -8417.54297	 -10526.89941	 -22855.31445	  22875.31445
 11420	 -8533.15234	 -10416.40918	 -22683.19531	  22703.19531
 3448	 -8323.64453	 -10541.37305	 -22581.03906	  22601.03906
 11514	 -8208.03516	 -10651.88867	 -22753.1543	  22773.1543
 11515	 -8417.54297	 -10526.89941	 -22855.31445	  22875.31445
 11513	 -7998.52783	 -10806.00781	 -22649.87109	  22669.87109
 3508	 -8092.42383	 -10778.46973	 -22924.6543	  22944.6543
 11514	 -8208.03516	 -10651.88867	 -22753.1543	  22773.1543
 11513	 -7998.52783	 -10806.00781	 -22649.87109	  22669.87109
 11611	 -7882.91602	 -10942.77734	 -22820.97852	  22840.97852
 3508	 -8092.42383	 -10778.46973	 -22924.6543	  22944.6543
 11419	 -8114.13672	 -10693.15918	 -22477.84766	  22497.84766
 11514	 -8208.03516	 -10651.88867	 -22753.1543	  22773.1543
 3448	 -8323.64453	 -10541.37305	 -22581.03906	  22601.03906
 11419	 -8114.13672	 -10693.15918	 -22477.84766	  22497.84766
 11513	 -7998.52783	 -10806.00781	 -22649.87109	  22669.87109
 11514	 -8208.03516	 -10651.88867	 -22753.1543	  22773.1543
 11339	 -8439.25586	 -10463.76953	 -22407.64844	  22427.64844
 3448	 -8323.64453	 -10541.37305	 -22581.03906	  22601.03906
 11420	 -8533.15234	 -10416.40918	 -22683.19531	  22703.19531
 11339	 -8439.25586	 -10463.76953	 -22407.64844	  22427.64844
 11420	 -8533.15234	 -10416.40918	 -22683.19531	  22703.19531
 857	 -8648.76367	 -10326.99512	 -22510.26172	  22530.26172
 11338	 -8229.74805	 -10612.47949	 -22304.57422	  22324.57422
 11419	 -8114.13672	 -10693.15918	 -22477.84766	  22497.84766
 3448	 -8323.64453	 -10541.37305	 -22581.03906	  22601.03906
 11338	 -8229.74805	 -10612.47949	 -22304.57422	  22324.57422
 3448	 -8323.64453	 -10541.37305	 -22581.03906	  22601.03906
 11339	 -8439.25586	 -10463.76953	 -22407.64844	  22427.64844
 11512	 -7789.01807	 -11006.47266	 -22544.79883	  22564.79883
 11611	 -7882.91602	 -10942.77734	 -22820.97852	  22840.97852
 11513	 -7998.52783	 -10806.00781	 -22649.87109	  22669.87109
 11512	 -7789.01807	 -11006.47266	 -22544.79883	  22564.79883
 3507	 -7673.40625	 -11155.71582	 -22715.42578	  22735.42578
 11611	 -7882.91602	 -10942.77734	 -22820.97852	  22840.97852
 3447	 -7904.62695	 -10906.54688	 -22372.27344	  22392.27344
 11513	 -7998.52783	 -10806.00781	 -22649.87109	  22669.87109
 11419	 -8114.13672	 -10693.15918	 -22477.84766	  22497.84766
 3447	 -7904.62695	 -10906.54688	 -22372.27344	  22392.27344
 11512	 -7789.01807	 -11006.47266	 -22544.79883	  22564.79883
 11513	 -7998.52783	 -10806.00781	 -22649.87109	  22669.87109
 11511	 -7579.51221	 -11236.06445	 -22438.60352	  22458.60352
 3507	 -7673.40625	 -11155.71582	 -22715.42578	  22735.42578
 11512	 -7789.01807	 -11006.47266	 -22544.79883	  22564.79883
 11511	 -7579.51221	 -11236.06445	 -22438.60352	  22458.60352
 11610	 -7463.90039	 -11364.41992	 -22610.03516	  22630.03516
 3507	 -7673.40625	 -11155.71582	 -22715.42578	  22735.42578
 11418	 -7695.12109	 -11149.00293	 -22265.58203	  22285.58203
 11512	 -7789.01807	 -11006.47266	 -22544.79883	  22564.79883
 3447	 -7904.62695	 -10906.54688	 -22372.27344	  22392.27344
 11418	 -7695.12109	 -11149.00293	 -22265.58203	  22285.58203
 11511	 -7579.51221	 -11236.06445	 -22438.60352	  22458.60352
 11512	 -7789.01807	 -11006.47266	 -22544.79883	  22564.79883
 11337	 -8020.23877	 -10837.09473	 -22198.56836	  22218.56836
 3447	 -7904.62695	 -10906.54688	 -22372.27344	  22392.27344
 11419	 -8114.13672	 -10693.15918	 -22477.84766	  22497.84766
 11337	 -8020.23877	 -10837.09473	 -22198.56836	  22218.56836
 11419	 -8114.13672	 -10693.15918	 -22477.84766	  22497.84766
 11338	 -8229.74805	 -10612.47949	 -22304.57422	  22324.57422
 856	 -7810.73291	 -11108.97949	 -22090.74219	  22110.74219
 11418	 -7695.12109	 -11149.00293	 -22265.58203	  22285.58203
 3447	 -7904.62695	 -10906.54688	 -22372.27344	  22392.27344
 856	 -7810.73291	 -11108.97949	 -22090.74219	  22110.74219
 3447	 -7904.62695	 -10906.54688	 -22372.27344	  22392.27344
 11337	 -8020.23877	 -10837.09473	 -22198.56836	  22218.56836
 11510	 -7370.00439	 -11495.46973	 -22331.25586	  22351.25586
 11610	 -7463.90039	 -11364.41992	 -22610.03516	  22630.03516
 11511	 -7579.51221	 -11236.06445	 -22438.60352	  22458.60352
 11510	 -7370.00439	 -11495.46973	 -22331.25586	  22351.25586
 3506	 -7254.39258	 -11659.45898	 -22501.31055	  22521.31055
 11610	 -7463.90039	 -11364.41992	 -22610.03516	  22630.03516
 3446	 -7485.61328	 -11441.33105	 -22156.96289	  22176.96289
 11511	 -7579.51221	 -11236.06445	 -22438.60352	  22458.60352
 11418	 -7695.12109	 -11149.00293	 -22265.58203	  22285.58203
 3446	 -7485.61328	 -11441.33105	 -22156.96289	  22176.96289
 11510	 -7370.00439	 -11495.46973	 -22331.25586	  22351.25586
 11511	 -7579.51221	 -11236.06445	 -22438.60352	  22458.60352
 11509	 -7160.49658	 -12114.01563	 -22210.04492	  22230.04492
 3506	 -7254.39258	 -11659.45898	 -22501.31055	  22521.31055
 11510	 -7370.00439	 -11495.46973	 -22331.25586	  22351.25586
 11509	 -7160.49658	 -12114.01563	 -22210.04492	  22230.04492
 11609	 -7044.88477	 -12292.85254	 -22379.52539	  22399.52539
 3506	 -7254.39258	 -11659.45898	 -22501.31055	  22521.31055
 11417	 -7276.10547	 -12063.85547	 -22035.59766	  22055.59766
 11510	 -7370.00439	 -11495.46973	 -22331.25586	  22351.25586
 3446	 -7485.61328	 -11441.33105	 -22156.96289	  22176.96289
 11417	 -7276.10547	 -12063.85547	 -22035.59766	  22055.59766
 11509	 -7160.49658	 -12114.01563	 -22210.04492	  22230.04492
 11510	 -7370.00439	 -11495.46973	 -22331.25586	  22351.25586
 11336	 -7601.2251	 -11420.62598	 -21981.375	  22001.375
 3446	 -7485.61328	 -11441.33105	 -22156.96289	  22176.96289
 11418	 -7695.12109	 -11149.00293	 -22265.58203	  22285.58203
 11336	 -7601.2251	 -11420.62598	 -21981.375	  22001.375
 11418	 -7695.12109	 -11149.00293	 -22265.58203	  22285.58203
 856	 -7810.73291	 -11108.97949	 -22090.74219	  22110.74219
 11335	 -7391.71729	 -12059.88672	 -21859.36328	  21879.36328
 11417	 -7276.10547	 -12063.85547	 -22035.59766	  22055.59766
 3446	 -7485.61328	 -11441.33105	 -22156.96289	  22176.96289
 11335	 -7391.71729	 -12059.88672	 -21859.36328	  21879.36328
 3446	 -7485.61328	 -11441.33105	 -22156.96289	  22176.96289
 11336	 -7601.2251	 -11420.62598	 -21981.375	  22001.375
 11508	 -6950.98877	 -13076.58594	 -22075.54883	  22095.54883
 11609	 -7044.88477	 -12292.85254	 -22379.52539	  22399.52539
 11509	 -7160.49658	 -12114.01563	 -22210.04492	  22230.04492
 11508	 -6950.98877	 -13076.58594	 -22075.54883	  22095.54883
 49	 -6835.37695	 -13256.55469	 -22244.98828	  22264.98828
 11609	 -7044.88477	 -12292.85254	 -22379.52539	  22399.52539
 3445	 -7066.59766	 -12973.59277	 -21903.14453	  21923.14453
 11509	 -7160.49658	 -12114.01563	 -22210.04492	  22230.04492
 11417	 -7276.10547	 -12063.85547	 -22035.59766	  22055.59766
 3445	 -7066.59766	 -12973.59277	 -21903.14453	  21923.14453
 11508	 -6950.98877	 -13076.58594	 -22075.54883	  22095.54883
 11509	 -7160.49658	 -12114.01563	 -22210.04492	  22230.04492
 11507	 -6741.48096	 -13899.95117	 -21946.42969	  21966.42969
 49	 -6835.37695	 -13256.55469	 -22244.98828	  22264.98828
 11508	 -6950.98877	 -13076.58594	 -22075.54883	  22095.54883
 11507	 -6741.48096	 -13899.95117	 -21946.42969	  21966.42969
 11608	 -6625.86914	 -13945.3457	 -22121.06445	  22141.06445
 49	 -6835.37695	 -13256.55469	 -22244.98828	  22264.98828
 11416	 -6857.08984	 -13853.58887	 -21771.83789	  21791.83789
 11508	 -6950.98877	 -13076.58594	 -22075.54883	  22095.54883
 3445	 -7066.59766	 -12973.59277	 -21903.14453	  21923.14453
 11416	 -6857.08984	 -13853.58887	 -21771.83789	  21791.83789
 11507	 -6741.48096	 -13899.95117	 -21946.42969	  21966.42969
 11508	 -6950.98877	 -13076.58594	 -22075.54883	  22095.54883
 11334	 -7182.20947	 -12961.73828	 -21727.21484	  21747.21484
 3445	 -7066.59766	 -12973.59277	 -21903.14453	  21923.14453
 11417	 -7276.10547	 -12063.85547	 -22035.59766	  22055.59766
 11334	 -7182.20947	 -12961.73828	 -21727.21484	  21747.21484
 11417	 -7276.10547	 -12063.85547	 -22035.59766	  22055.59766
 11335	 -7391.71729	 -12059.88672	 -21859.36328	  21879.36328
 855	 -6972.70166	 -13885.5127	 -21594.21875	  21614.21875
 11416	 -6857.08984	 -13853.58887	 -21771.83789	  21791.83789
 3445	 -7066.59766	 -12973.59277	 -21903.14453	  21923.14453
 855	 -6972.70166	 -13885.5127	 -21594.21875	  21614.21875
 3445	 -7066.59766	 -12973.59277	 -21903.14453	  21923.14453
 11334	 -7182.20947	 -12961.73828	 -21727.21484	  21747.21484
 11506	 -6531.97314	 -14128.71289	 -21840.26563	  21860.26563
 11608	 -6625.86914	 -13945.3457	 -22121.06445	  22141.06445
 11507	 -6741.48096	 -13899.95117	 -21946.42969	  21966.42969
 11506	 -6531.97314	 -14128.71289	 -21840.26563	  21860.26563
 3505	 -6416.36133	 -14103.95996	 -22017.60742	  22037.60742
 11608	 -6625.86914	 -13945.3457	 -22121.06445	  22141.06445
 3444	 -6647.58203	 -14171.62988	 -21662.22461	  21682.22461
 11507	 -6741.48096	 -13899.95117	 -21946.42969	  21966.42969
 11416	 -6857.08984	 -13853.58887	 -21771.83789	  21791.83789
 3444	 -6647.58203	 -14171.62988	 -21662.22461	  21682.22461
 11506	 -6531.97314	 -14128.71289	 -21840.26563	  21860.26563
 11507	 -6741.48096	 -13899.95117	 -21946.42969	  21966.42969
 11505	 -6322.46533	 -14163.01563	 -21741.60742	  21761.60742
 3505	 -6416.36133	 -14103.95996	 -22017.60742	  22037.60742
 11506	 -6531.97314	 -14128.71289	 -21840.26563	  21860.26563
 11505	 -6322.46533	 -14163.01563	 -21741.60742	  21761.60742
 11607	 -6206.85352	 -14150.19531	 -21918.49023	  21938.49023
 3505	 -6416.36133	 -14103.95996	 -22017.60742	  22037.60742
 11415	 -6438.07422	 -14202.81934	 -21563.68945	  21583.68945
 11506	 -6531.97314	 -14128.71289	 -21840.26563	  21860.26563
 3444	 -6647.58203	 -14171.62988	 -21662.22461	  21682.22461
 11415	 -6438.07422	 -14202.81934	 -21563.68945	  21583.68945
 11505	 -6322.46533	 -14163.01563	 -21741.60742	  21761.60742
 11506	 -6531.97314	 -14128.71289	 -21840.26563	  21860.26563
 11333	 -6763.19385	 -14258.05566	 -21482.50195	  21502.50195
 3444	 -6647.58203	 -14171.62988	 -21662.22461	  21682.22461
 11416	 -6857.08984	 -13853.58887	 -21771.83789	  21791.83789
 11333	 -6763.19385	 -14258.05566	 -21482.50195	  21502.50195
 11416	 -6857.08984	 -13853.58887	 -21771.83789	  21791.83789
 855	 -6972.70166	 -13885.5127	 -21594.21875	  21614.21875
 11332	 -6553.68604	 -14324.65527	 -21382.59766	  21402.59766
 11415	 -6438.07422	 -14202.81934	 -21563.68945	  21583.68945
 3444	 -6647.58203	 -14171.62988	 -21662.22461	  21682.22461
 11332	 -6553.68604	 -14324.65527	 -21382.59766	  21402.59766
 3444	 -6647.58203	 -14171.62988	 -21662.22461	  21682.22461
 11333	 -6763.19385	 -14258.05566	 -21482.50195	  21502.50195
 11504	 -6112.9585	 -14239.82422	 -21641.31055	  21661.31055
 11607	 -6206.85352	 -14150.19531	 -21918.49023	  21938.49023
 11505	 -6322.46533	 -14163.01563	 -21741.60742	  21761.60742
 11504	 -6112.9585	 -14239.82422	 -21641.31055	  21661.31055
 3504	 -5997.34668	 -14291.7793	 -21815.68945	  21835.68945
 11607	 -6206.85352	 -14150.19531	 -21918.49023	  21938.49023
 3443	 -6228.56738	 -14270.62012	 -21463.73828	  21483.73828
 11505	 -6322.46533	 -14163.01563	 -21741.60742	  21761.60742
 11415	 -6438.07422	 -14202.81934	 -21563.68945	  21583.68945
 3443	 -6228.56738	 -14270.62012	 -21463.73828	  21483.73828
 11504	 -6112.9585	 -14239.82422	 -21641.31055	  21661.31055
 11505	 -6322.46533	 -14163.01563	 -21741.60742	  21761.60742
 11503	 -5903.45068	 -14410.19727	 -21537.40039	  21557.40039
 3504	 -5997.34668	 -14291.7793	 -21815.68945	  21835.68945
 11504	 -6112.9585	 -14239.82422	 -21641.31055	  21661.31055
 11503	 -5903.45068	 -14410.19727	 -21537.40039	  21557.40039
 11606	 -5787.83887	 -14613.29395	 -21705.94531	  21725.94531
 3504	 -5997.34668	 -14291.7793	 -21815.68945	  21835.68945
 11414	 -6019.05957	 -14414.51855	 -21360.85156	  21380.85156
 11504	 -6112.9585	 -14239.82422	 -21641.31055	  21661.31055
 3443	 -6228.56738	 -14270.62012	 -21463.73828	  21483.73828
 11414	 -6019.05957	 -14414.51855	 -21360.85156	  21380.85156
 11503	 -5903.45068	 -14410.19727	 -21537.40039	  21557.40039
 11504	 -6112.9585	 -14239.82422	 -21641.31055	  21661.31055
 11331	 -6344.1792	 -14400.91016	 -21282.32227	  21302.32227
 3443	 -6228.56738	 -14270.62012	 -21463.73828	  21483.73828
 11415	 -6438.07422	 -14202.81934	 -21563.68945	  21583.68945
 11331	 -6344.1792	 -14400.91016	 -21282.32227	  21302.32227
 11415	 -6438.07422	 -14202.81934	 -21563.68945	  21583.68945
 11332	 -6553.68604	 -14324.65527	 -21382.59766	  21402.59766
 854	 -6134.67139	 -14637.82129	 -21175.8418	  21195.8418
 11414	 -6019.05957	 -14414.51855	 -21360.85156	  21380.85156
 3443	 -6228.56738	 -14270.62012	 -21463.73828	  21483.73828
 854	 -6134.67139	 -14637.82129	 -21175.8418	  21195.8418
 3443	 -6228.56738	 -14270.62012	 -21463.73828	  21483.73828
 11331	 -6344.1792	 -14400.91016	 -21282.32227	  21302.32227
 11502	 -5693.94287	 -14727.81348	 -21427.80469	  21447.80469
 11606	 -5787.83887	 -14613.29395	 -21705.94531	  21725.94531
 11503	 -5903.45068	 -14410.19727	 -21537.40039	  21557.40039
 11502	 -5693.94287	 -14727.81348	 -21427.80469	  21447.80469
 3503	 -5578.33105	 -14978.41309	 -21594.51758	  21614.51758
 11606	 -5787.83887	 -14613.29395	 -21705.94531	  21725.94531
 3442	 -5809.55176	 -14752.89648	 -21250.45313	  21270.45313
 11503	 -5903.45068	 -14410.19727	 -21537.40039	  21557.40039
 11414	 -6019.05957	 -14414.51855	 -21360.85156	  21380.85156
 3442	 -5809.55176	 -14752.89648	 -21250.45313	  21270.45313
 11502	 -5693.94287	 -14727.81348	 -21427.80469	  21447.80469
 11503	 -5903.45068	 -14410.19727	 -21537.40039	  21557.40039
 11501	 -5484.43506	 -15328.11914	 -21307.29688	  21327.29688
 3503	 -5578.33105	 -14978.41309	 -21594.51758	  21614.51758
 11502	 -5693.94287	 -14727.81348	 -21427.80469	  21447.80469
 11501	 -5484.43506	 -15328.11914	 -21307.29688	  21327.29688
 11605	 -5368.82324	 -15944.44434	 -21459.88867	  21479.88867
 3503	 -5578.33105	 -14978.41309	 -21594.51758	  21614.51758
 11413	 -5600.04395	 -15271.12305	 -21133.11328	  21153.11328
 11502	 -5693.94287	 -14727.81348	 -21427.80469	  21447.80469
 3442	 -5809.55176	 -14752.89648	 -21250.45313	  21270.45313
 11413	 -5600.04395	 -15271.12305	 -21133.11328	  21153.11328
 11501	 -5484.43506	 -15328.11914	 -21307.29688	  21327.29688
 11502	 -5693.94287	 -14727.81348	 -21427.80469	  21447.80469
 11330	 -5925.16357	 -15091.88574	 -21060.98047	  21080.98047
 3442	 -5809.55176	 -14752.89648	 -21250.45313	  21270.45313
 11414	 -6019.05957	 -14414.51855	 -21360.85156	  21380.85156
 11330	 -5925.16357	 -15091.88574	 -21060.98047	  21080.98047
 11414	 -6019.05957	 -14414.51855	 -21360.85156	  21380.85156
 854	 -6134.67139	 -14637.82129	 -21175.8418	  21195.8418
 11329	 -5715.65576	 -15746.81543	 -20938.36328	  20958.36328
 11413	 -5600.04395	 -15271.12305	 -21133.11328	  21153.11328
 3442	 -5809.55176	 -14752.89648	 -21250.45313	  21270.45313
 11329	 -5715.65576	 -15746.81543	 -20938.36328	  20958.36328
 3442	 -5809.55176	 -14752.89648	 -21250.45313	  21270.45313
 11330	 -5925.16357	 -15091.88574	 -21060.98047	  21080.98047
 11500	 -5274.92725	 -16536.55664	 -21163.31055	  21183.31055
 11605	 -5368.82324	 -15944.44434	 -21459.88867	  21479.88867
 11501	 -5484.43506	 -15328.11914	 -21307.29688	  21327.29688
 11500	 -5274.92725	 -16536.55664	 -21163.31055	  21183.31055
 3502	 -5159.31543	 -17206.15234	 -21313.84766	  21333.84766
 11605	 -5368.82324	 -15944.44434	 -21459.88867	  21479.88867
 3441	 -5390.53613	 -16293.11621	 -20996.32617	  21016.32617
 11501	 -5484.43506	 -15328.11914	 -21307.29688	  21327.29688
 11413	 -5600.04395	 -15271.12305	 -21133.11328	  21153.11328
 3441	 -5390.53613	 -16293.11621	 -20996.32617	  21016.32617
 11500	 -5274.92725	 -16536.55664	 -21163.31055	  21183.31055
 11501	 -5484.43506	 -15328.11914	 -21307.29688	  21327.29688
 11499	 -5065.41943	 -17452.01367	 -21030.63477	  21050.63477
 3502	 -5159.31543	 -17206.15234	 -21313.84766	  21333.84766
 11500	 -5274.92725	 -16536.55664	 -21163.31055	  21183.31055
 11499	 -5065.41943	 -17452.01367	 -21030.63477	  21050.63477
 11604	 -4949.80762	 -17908.5332	 -21189.39648	  21209.39648
 3502	 -5159.31543	 -17206.15234	 -21313.84766	  21333.84766
 11412	 -5181.02832	 -17288.47656	 -20860.56641	  20880.56641
 11500	 -5274.92725	 -16536.55664	 -21163.31055	  21183.31055
 3441	 -5390.53613	 -16293.11621	 -20996.32617	  21016.32617
 11412	 -5181.02832	 -17288.47656	 -20860.56641	  20880.56641
 11499	 -5065.41943	 -17452.01367	 -21030.63477	  21050.63477
 11500	 -5274.92725	 -16536.55664	 -21163.31055	  21183.31055
 11328	 -5506.14795	 -16688.9082	 -20804.66016	  20824.66016
 3441	 -5390.53613	 -16293.11621	 -20996.32617	  21016.32617
 11413	 -5600.04395	 -15271.12305	 -21133.11328	  21153.11328
 11328	 -5506.14795	 -16688.9082	 -20804.66016	  20824.66016
 11413	 -5600.04395	 -15271.12305	 -21133.11328	  21153.11328
 11329	 -5715.65576	 -15746.81543	 -20938.36328	  20958.36328
 853	 -5296.64014	 -17471.19141	 -20677.125	  20697.125
 11412	 -5181.02832	 -17288.47656	 -20860.56641	  20880.56641
 3441	 -5390.53613	 -16293.11621	 -20996.32617	  21016.32617
 853	 -5296.64014	 -17471.19141	 -20677.125	  20697.125
 3441	 -5390.53613	 -16293.11621	 -20996.32617	  21016.32617
 11328	 -5506.14795	 -16688.9082	 -20804.66016	  20824.66016
 11498	 -4855.91162	 -18047.85742	 -20910.30078	  20930.30078
 11604	 -4949.80762	 -17908.5332	 -21189.39648	  21209.39648
 11499	 -5065.41943	 -17452.01367	 -21030.63477	  21050.63477
 11498	 -4855.91162	 -18047.85742	 -20910.30078	  20930.30078
 3501	 -4740.2998	 -18291.29688	 -21077.28711	  21097.28711
 11604	 -4949.80762	 -17908.5332	 -21189.39648	  21209.39648
 3440	 -4971.52051	 -17990.85938	 -20736.11719	  20756.11719
 11499	 -5065.41943	 -17452.01367	 -21030.63477	  21050.63477
 11412	 -5181.02832	 -17288.47656	 -20860.56641	  20880.56641
 3440	 -4971.52051	 -17990.85938	 -20736.11719	  20756.11719
 11498	 -4855.91162	 -18047.85742	 -20910.30078	  20930.30078
 11499	 -5065.41943	 -17452.01367	 -21030.63477	  21050.63477
 11497	 -4646.40479	 -18483.88867	 -20796.13281	  20816.13281
 3501	 -4740.2998	 -18291.29688	 -21077.28711	  21097.28711
 11498	 -4855.91162	 -18047.85742	 -20910.30078	  20930.30078
 11497	 -4646.40479	 -18483.88867	 -20796.13281	  20816.13281
 11603	 -4530.79297	 -18540.88867	 -20970.31836	  20990.31836
 3501	 -4740.2998	 -18291.29688	 -21077.28711	  21097.28711
 11411	 -4762.01367	 -18453.52539	 -20620.92383	  20640.92383
 11498	 -4855.91162	 -18047.85742	 -20910.30078	  20930.30078
 3440	 -4971.52051	 -17990.85938	 -20736.11719	  20756.11719
 11411	 -4762.01367	 -18453.52539	 -20620.92383	  20640.92383
 11497	 -4646.40479	 -18483.88867	 -20796.13281	  20816.13281
 11498	 -4855.91162	 -18047.85742	 -20910.30078	  20930.30078
 11327	 -5087.13232	 -18067.0332	 -20556.78906	  20576.78906
 3440	 -4971.52051	 -17990.85938	 -20736.11719	  20756.11719
 11412	 -5181.02832	 -17288.47656	 -20860.56641	  20880.56641
 11327	 -5087.13232	 -18067.0332	 -20556.78906	  20576.78906
 11412	 -5181.02832	 -17288.47656	 -20860.56641	  20880.56641
 853	 -5296.64014	 -17471.19141	 -20677.125	  20697.125
 11326	 -4877.62549	 -18503.06641	 -20442.62305	  20462.62305
 11411	 -4762.01367	 -18453.52539	 -20620.92383	  20640.92383
 3440	 -4971.52051	 -17990.85938	 -20736.11719	  20756.11719
 11326	 -4877.62549	 -18503.06641	 -20442.62305	  20462.62305
 3440	 -4971.52051	 -17990.85938	 -20736.11719	  20756.11719
 11327	 -5087.13232	 -18067.0332	 -20556.78906	  20576.78906
 11496	 -4436.896	 -18600.30664	 -20694.30469	  20714.30469
 11603	 -4530.79297	 -18540.88867	 -20970.31836	  20990.31836
 11497	 -4646.40479	 -18483.88867	 -20796.13281	  20816.13281
 11496	 -4436.896	 -18600.30664	 -20694.30469	  20714.30469
 3500	 -4321.28418	 -18630.66992	 -20869.51953	  20889.51953
 11603	 -4530.79297	 -18540.88867	 -20970.31836	  20990.31836
 3439	 -4552.50488	 -18649.84961	 -20516.00977	  20536.00977
 11497	 -4646.40479	 -18483.88867	 -20796.13281	  20816.13281
 11411	 -4762.01367	 -18453.52539	 -20620.92383	  20640.92383
 3439	 -4552.50488	 -18649.84961	 -20516.00977	  20536.00977
 11496	 -4436.896	 -18600.30664	 -20694.30469	  20714.30469
 11497	 -4646.40479	 -18483.88867	 -20796.13281	  20816.13281
 11495	 -4227.38916	 -18690.0918	 -20593.50586	  20613.50586
 3500	 -4321.28418	 -18630.66992	 -20869.51953	  20889.51953
 11496	 -4436.896	 -18600.30664	 -20694.30469	  20714.30469
 11495	 -4227.38916	 -18690.0918	 -20593.50586	  20613.50586
 11602	 -4111.77734	 -18640.55078	 -20771.80664	  20791.80664
 3500	 -4321.28418	 -18630.66992	 -20869.51953	  20889.51953
 11410	 -4342.99805	 -18766.26563	 -20414.18164	  20434.18164
 11496	 -4436.896	 -18600.30664	 -20694.30469	  20714.30469
 3439	 -4552.50488	 -18649.84961	 -20516.00977	  20536.00977
 11410	 -4342.99805	 -18766.26563	 -20414.18164	  20434.18164
 11495	 -4227.38916	 -18690.0918	 -20593.50586	  20613.50586
 11496	 -4436.896	 -18600.30664	 -20694.30469	  20714.30469
 11325	 -4668.1167	 -18699.38867	 -20337.71094	  20357.71094
 3439	 -4552.50488	 -18649.84961	 -20516.00977	  20536.00977
 11411	 -4762.01367	 -18453.52539	 -20620.92383	  20640.92383
 11325	 -4668.1167	 -18699.38867	 -20337.71094	  20357.71094
 11411	 -4762.01367	 -18453.52539	 -20620.92383	  20640.92383
 11326	 -4877.62549	 -18503.06641	 -20442.62305	  20462.62305
 852	 -4458.60986	 -18842.43945	 -20234.85547	  20254.85547
 11410	 -4342.99805	 -18766.26563	 -20414.18164	  20434.18164
 3439	 -4552.50488	 -18649.84961	 -20516.00977	  20536.00977
 852	 -4458.60986	 -18842.43945	 -20234.85547	  20254.85547
 3439	 -4552.50488	 -18649.84961	 -20516.00977	  20536.00977
 11325	 -4668.1167	 -18699.38867	 -20337.71094	  20357.71094
 11494	 -4017.8811	 -18806.50781	 -20491.67969	  20511.67969
 11602	 -4111.77734	 -18640.55078	 -20771.80664	  20791.80664
 11495	 -4227.38916	 -18690.0918	 -20593.50586	  20613.50586
 11494	 -4017.8811	 -18806.50781	 -20491.67969	  20511.67969
 3499	 -3902.26953	 -18703.69922	 -20672.03516	  20692.03516
 11602	 -4111.77734	 -18640.55078	 -20771.80664	  20791.80664
 3438	 -4133.49023	 -18882.68555	 -20312.35547	  20332.35547
 11495	 -4227.38916	 -18690.0918	 -20593.50586	  20613.50586
 11410	 -4342.99805	 -18766.26563	 -20414.18164	  20434.18164
 3438	 -4133.49023	 -18882.68555	 -20312.35547	  20332.35547
 11494	 -4017.8811	 -18806.50781	 -20491.67969	  20511.67969
 11495	 -4227.38916	 -18690.0918	 -20593.50586	  20613.50586
 11493	 -3808.37329	 -18922.92578	 -20389.85352	  20409.85352
 3499	 -3902.26953	 -18703.69922	 -20672.03516	  20692.03516
 11494	 -4017.8811	 -18806.50781	 -20491.67969	  20511.67969
 11493	 -3808.37329	 -18922.92578	 -20389.85352	  20409.85352
 11601	 -3692.76172	 -18820.11719	 -20570.20898	  20590.20898
 3499	 -3902.26953	 -18703.69922	 -20672.03516	  20692.03516
 11409	 -3923.98267	 -19032.69141	 -20209.23242	  20229.23242
 11494	 -4017.8811	 -18806.50781	 -20491.67969	  20511.67969
 3438	 -4133.49023	 -18882.68555	 -20312.35547	  20332.35547
 11409	 -3923.98267	 -19032.69141	 -20209.23242	  20229.23242
 11493	 -3808.37329	 -18922.92578	 -20389.85352	  20409.85352
 11494	 -4017.8811	 -18806.50781	 -20491.67969	  20511.67969
 11324	 -4249.10205	 -18958.85938	 -20133.02734	  20153.02734
 3438	 -4133.49023	 -18882.68555	 -20312.35547	  20332.35547
 11410	 -4342.99805	 -18766.26563	 -20414.18164	  20434.18164
 11324	 -4249.10205	 -18958.85938	 -20133.02734	  20153.02734
 11410	 -4342.99805	 -18766.26563	 -20414.18164	  20434.18164
 852	 -4458.60986	 -18842.43945	 -20234.85547	  20254.85547
 11323	 -4039.59424	 -19138.94922	 -20028.74219	  20048.74219
 11409	 -3923.98267	 -19032.69141	 -20209.23242	  20229.23242
 3438	 -4133.49023	 -18882.68555	 -20312.35547	  20332.35547
 11323	 -4039.59424	 -19138.94922	 -20028.74219	  20048.74219
 3438	 -4133.49023	 -18882.68555	 -20312.35547	  20332.35547
 11324	 -4249.10205	 -18958.85938	 -20133.02734	  20153.02734
 11492	 -3598.86646	 -19092.61328	 -20285.96875	  20305.96875
 11601	 -3692.76172	 -18820.11719	 -20570.20898	  20590.20898
 11493	 -3808.37329	 -18922.92578	 -20389.85352	  20409.85352
 11492	 -3598.86646	 -19092.61328	 -20285.96875	  20305.96875
 3498	 -3483.25488	 -18936.53516	 -20468.38086	  20488.38086
 11601	 -3692.76172	 -18820.11719	 -20570.20898	  20590.20898
 11491	 -3389.35767	 -19315.57031	 -20180.02734	  20200.02734
 3498	 -3483.25488	 -18936.53516	 -20468.38086	  20488.38086
 11492	 -3598.86646	 -19092.61328	 -20285.96875	  20305.96875
 11408	 -3504.96704	 -19818.91016	 -19984.21484	  20004.21484
 11491	 -3389.35767	 -19315.57031	 -20180.02734	  20200.02734
 11492	 -3598.86646	 -19092.61328	 -20285.96875	  20305.96875
 3437	 -3714.47583	 -19255.02344	 -20103.31641	  20123.31641
 11492	 -3598.86646	 -19092.61328	 -20285.96875	  20305.96875
 11493	 -3808.37329	 -18922.92578	 -20389.85352	  20409.85352
 11408	 -3504.96704	 -19818.91016	 -19984.21484	  20004.21484
 11492	 -3598.86646	 -19092.61328	 -20285.96875	  20305.96875
 3437	 -3714.47583	 -19255.02344	 -20103.31641	  20123.31641
 3437	 -3714.47583	 -19255.02344	 -20103.31641	  20123.31641
 11493	 -3808.37329	 -18922.92578	 -20389.85352	  20409.85352
 11409	 -3923.98267	 -19032.69141	 -20209.23242	  20229.23242
 851	 -3620.57861	 -20164.25391	 -19794.49414	  19814.49414
 11408	 -3504.96704	 -19818.91016	 -19984.21484	  20004.21484
 3437	 -3714.47583	 -19255.02344	 -20103.31641	  20123.31641
 11322	 -3830.0874	 -19395.43555	 -19921.50781	  19941.50781
 3437	 -3714.47583	 -19255.02344	 -20103.31641	  20123.31641
 11409	 -3923.98267	 -19032.69141	 -20209.23242	  20229.23242
 851	 -3620.57861	 -20164.25391	 -19794.49414	  19814.49414
 3437	 -3714.47583	 -19255.02344	 -20103.31641	  20123.31641
 11322	 -3830.0874	 -19395.43555	 -19921.50781	  19941.50781
 11322	 -3830.0874	 -19395.43555	 -19921.50781	  19941.50781
 11409	 -3923.98267	 -19032.69141	 -20209.23242	  20229.23242
 11323	 -4039.59424	 -19138.94922	 -20028.74219	  20048.74219
 11248	 -3736.18896	 -20338.82227	 -19611.36914	  19631.36914
 851	 -3620.57861	 -20164.25391	 -19794.49414	  19814.49414
 11322	 -3830.0874	 -19395.43555	 -19921.50781	  19941.50781
 3372	 -3526.68115	 -21210.10938	 -19480.40039	  19500.40039
 851	 -3620.57861	 -20164.25391	 -19794.49414	  19814.49414
 11248	 -3736.18896	 -20338.82227	 -19611.36914	  19631.36914
 11149	 -3642.2915	 -21248.05469	 -19302.55078	  19322.55078
 3372	 -3526.68115	 -21210.10938	 -19480.40039	  19500.40039
 11248	 -3736.18896	 -20338.82227	 -19611.36914	  19631.36914
 3373	 -3945.69775	 -19399.22852	 -19744.97656	  19764.97656
 11322	 -3830.0874	 -19395.43555	 -19921.50781	  19941.50781
 11323	 -4039.59424	 -19138.94922	 -20028.74219	  20048.74219
 11248	 -3736.18896	 -20338.82227	 -19611.36914	  19631.36914
 11322	 -3830.0874	 -19395.43555	 -19921.50781	  19941.50781
 3373	 -3945.69775	 -19399.22852	 -19744.97656	  19764.97656
 11149	 -3642.2915	 -21248.05469	 -19302.55078	  19322.55078
 11248	 -3736.18896	 -20338.82227	 -19611.36914	  19631.36914
 11150	 -3851.79932	 -20547.54688	 -19426.92773	  19446.92773
 11150	 -3851.79932	 -20547.54688	 -19426.92773	  19446.92773
 11248	 -3736.18896	 -20338.82227	 -19611.36914	  19631.36914
 3373	 -3945.69775	 -19399.22852	 -19744.97656	  19764.97656
 3308	 -3757.9021	 -21183.53516	 -19128.65625	  19148.65625
 11149	 -3642.2915	 -21248.05469	 -19302.55078	  19322.55078
 11150	 -3851.79932	 -20547.54688	 -19426.92773	  19446.92773
 3373	 -3945.69775	 -19399.22852	 -19744.97656	  19764.97656
 11323	 -4039.59424	 -19138.94922	 -20028.74219	  20048.74219
 11249	 -4155.20459	 -19142.74023	 -19852.21289	  19872.21289
 11249	 -4155.20459	 -19142.74023	 -19852.21289	  19872.21289
 11323	 -4039.59424	 -19138.94922	 -20028.74219	  20048.74219
 11324	 -4249.10205	 -18958.85938	 -20133.02734	  20153.02734
 11150	 -3851.79932	 -20547.54688	 -19426.92773	  19446.92773
 3373	 -3945.69775	 -19399.22852	 -19744.97656	  19764.97656
 11151	 -4061.30811	 -19334.70898	 -19571.08398	  19591.08398
 11151	 -4061.30811	 -19334.70898	 -19571.08398	  19591.08398
 3373	 -3945.69775	 -19399.22852	 -19744.97656	  19764.97656
 11249	 -4155.20459	 -19142.74023	 -19852.21289	  19872.21289
 3308	 -3757.9021	 -21183.53516	 -19128.65625	  19148.65625
 11150	 -3851.79932	 -20547.54688	 -19426.92773	  19446.92773
 11072	 -3967.40991	 -20619.65039	 -19247.75977	  19267.75977
 11072	 -3967.40991	 -20619.65039	 -19247.75977	  19267.75977
 11150	 -3851.79932	 -20547.54688	 -19426.92773	  19446.92773
 11151	 -4061.30811	 -19334.70898	 -19571.08398	  19591.08398
 10985	 -3873.51245	 -21153.17188	 -18953.44336	  18973.44336
 3308	 -3757.9021	 -21183.53516	 -19128.65625	  19148.65625
 11072	 -3967.40991	 -20619.65039	 -19247.75977	  19267.75977
 11249	 -4155.20459	 -19142.74023	 -19852.21289	  19872.21289
 11324	 -4249.10205	 -18958.85938	 -20133.02734	  20153.02734
 3374	 -4364.7124	 -18981.76563	 -19955.75977	  19975.75977
 3374	 -4364.7124	 -18981.76563	 -19955.75977	  19975.75977
 11324	 -4249.10205	 -18958.85938	 -20133.02734	  20153.02734
 852	 -4458.60986	 -18842.43945	 -20234.85547	  20254.85547
 10985	 -3873.51245	 -21153.17188	 -18953.44336	  18973.44336
 11072	 -3967.40991	 -20619.65039	 -19247.75977	  19267.75977
 819	 -4083.02026	 -20520.97461	 -19075.18359	  19095.18359
 3244	 -3989.12354	 -20986.1875	 -18783.50391	  18803.50391
 10985	 -3873.51245	 -21153.17188	 -18953.44336	  18973.44336
 819	 -4083.02026	 -20520.97461	 -19075.18359	  19095.18359
 11072	 -3967.40991	 -20619.65039	 -19247.75977	  19267.75977
 11151	 -4061.30811	 -19334.70898	 -19571.08398	  19591.08398
 3309	 -4176.91846	 -19372.6582	 -19393.23438	  19413.23438
 819	 -4083.02026	 -20520.97461	 -19075.18359	  19095.18359
 11072	 -3967.40991	 -20619.65039	 -19247.75977	  19267.75977
 3309	 -4176.91846	 -19372.6582	 -19393.23438	  19413.23438
 11151	 -4061.30811	 -19334.70898	 -19571.08398	  19591.08398
 11249	 -4155.20459	 -19142.74023	 -19852.21289	  19872.21289
 11152	 -4270.81494	 -19146.53125	 -19675.68164	  19695.68164
 3309	 -4176.91846	 -19372.6582	 -19393.23438	  19413.23438
 11151	 -4061.30811	 -19334.70898	 -19571.08398	  19591.08398
 11152	 -4270.81494	 -19146.53125	 -19675.68164	  19695.68164
 11152	 -4270.81494	 -19146.53125	 -19675.68164	  19695.68164
 11249	 -4155.20459	 -19142.74023	 -19852.21289	  19872.21289
 3374	 -4364.7124	 -18981.76563	 -19955.75977	  19975.75977
 3244	 -3989.12354	 -20986.1875	 -18783.50391	  18803.50391
 819	 -4083.02026	 -20520.97461	 -19075.18359	  19095.18359
 10912	 -4198.63135	 -20353.99023	 -18905.24609	  18925.24609
 10802	 -4104.73389	 -20750.89258	 -18616.20313	  18636.20313
 3244	 -3989.12354	 -20986.1875	 -18783.50391	  18803.50391
 10912	 -4198.63135	 -20353.99023	 -18905.24609	  18925.24609
 819	 -4083.02026	 -20520.97461	 -19075.18359	  19095.18359
 3309	 -4176.91846	 -19372.6582	 -19393.23438	  19413.23438
 10986	 -4292.52881	 -19444.75977	 -19214.06641	  19234.06641
 10912	 -4198.63135	 -20353.99023	 -18905.24609	  18925.24609
 819	 -4083.02026	 -20520.97461	 -19075.18359	  19095.18359
 10986	 -4292.52881	 -19444.75977	 -19214.06641	  19234.06641
 3309	 -4176.91846	 -19372.6582	 -19393.23438	  19413.23438
 11152	 -4270.81494	 -19146.53125	 -19675.68164	  19695.68164
 11073	 -4386.42529	 -19116.16797	 -19500.46875	  19520.46875
 10986	 -4292.52881	 -19444.75977	 -19214.06641	  19234.06641
 3309	 -4176.91846	 -19372.6582	 -19393.23438	  19413.23438
 11073	 -4386.42529	 -19116.16797	 -19500.46875	  19520.46875
 10802	 -4104.73389	 -20750.89258	 -18616.20313	  18636.20313
 10912	 -4198.63135	 -20353.99023	 -18905.24609	  18925.24609
 10803	 -4314.2417	 -20357.7832	 -18728.71484	  18748.71484
 10674	 -4220.34424	 -20760.27148	 -18439.45898	  18459.45898
 10802	 -4104.73389	 -20750.89258	 -18616.20313	  18636.20313
 10803	 -4314.2417	 -20357.7832	 -18728.71484	  18748.71484
 10912	 -4198.63135	 -20353.99023	 -18905.24609	  18925.24609
 10986	 -4292.52881	 -19444.75977	 -19214.06641	  19234.06641
 3245	 -4408.14014	 -19551.01563	 -19033.57813	  19053.57813
 10803	 -4314.2417	 -20357.7832	 -18728.71484	  18748.71484
 10912	 -4198.63135	 -20353.99023	 -18905.24609	  18925.24609
 3245	 -4408.14014	 -19551.01563	 -19033.57813	  19053.57813
 10674	 -4220.34424	 -20760.27148	 -18439.45898	  18459.45898
 10803	 -4314.2417	 -20357.7832	 -18728.71484	  18748.71484
 10675	 -4429.85205	 -20296.60938	 -18554.69141	  18574.69141
 3180	 -4335.95508	 -20729.9082	 -18264.24414	  18284.24414
 10674	 -4220.34424	 -20760.27148	 -18439.45898	  18459.45898
 10675	 -4429.85205	 -20296.60938	 -18554.69141	  18574.69141
 10803	 -4314.2417	 -20357.7832	 -18728.71484	  18748.71484
 3245	 -4408.14014	 -19551.01563	 -19033.57813	  19053.57813
 10804	 -4523.75049	 -19588.96484	 -18855.72852	  18875.72852
 10675	 -4429.85205	 -20296.60938	 -18554.69141	  18574.69141
 10803	 -4314.2417	 -20357.7832	 -18728.71484	  18748.71484
 10804	 -4523.75049	 -19588.96484	 -18855.72852	  18875.72852
 3245	 -4408.14014	 -19551.01563	 -19033.57813	  19053.57813
 10986	 -4292.52881	 -19444.75977	 -19214.06641	  19234.06641
 10987	 -4502.03564	 -19085.80469	 -19325.25586	  19345.25586
 10986	 -4292.52881	 -19444.75977	 -19214.06641	  19234.06641
 11073	 -4386.42529	 -19116.16797	 -19500.46875	  19520.46875
 10987	 -4502.03564	 -19085.80469	 -19325.25586	  19345.25586
 3180	 -4335.95508	 -20729.9082	 -18264.24414	  18284.24414
 10675	 -4429.85205	 -20296.60938	 -18554.69141	  18574.69141
 10592	 -4545.46289	 -20218.20313	 -18381.33203	  18401.33203
 10505	 -4451.56543	 -20603.46094	 -18092.74219	  18112.74219
 3180	 -4335.95508	 -20729.9082	 -18264.24414	  18284.24414
 10592	 -4545.46289	 -20218.20313	 -18381.33203	  18401.33203
 10592	 -4545.46289	 -20218.20313	 -18381.33203	  18401.33203
 10675	 -4429.85205	 -20296.60938	 -18554.69141	  18574.69141
 10676	 -4639.36084	 -19592.73438	 -18679.19727	  18699.19727
 10675	 -4429.85205	 -20296.60938	 -18554.69141	  18574.69141
 10804	 -4523.75049	 -19588.96484	 -18855.72852	  18875.72852
 10676	 -4639.36084	 -19592.73438	 -18679.19727	  18699.19727
 10505	 -4451.56543	 -20603.46094	 -18092.74219	  18112.74219
 10592	 -4545.46289	 -20218.20313	 -18381.33203	  18401.33203
 787	 -4661.07324	 -20091.75586	 -18209.83008	  18229.83008
 3116	 -4567.17627	 -20477.01367	 -17921.23828	  17941.23828
 10505	 -4451.56543	 -20603.46094	 -18092.74219	  18112.74219
 787	 -4661.07324	 -20091.75586	 -18209.83008	  18229.83008
 10592	 -4545.46289	 -20218.20313	 -18381.33203	  18401.33203
 10676	 -4639.36084	 -19592.73438	 -18679.19727	  18699.19727
 3181	 -4754.97168	 -19514.32617	 -18505.83984	  18525.83984
 787	 -4661.07324	 -20091.75586	 -18209.83008	  18229.83008
 10592	 -4545.46289	 -20218.20313	 -18381.33203	  18401.33203
 3181	 -4754.97168	 -19514.32617	 -18505.83984	  18525.83984
 3116	 -4567.17627	 -20477.01367	 -17921.23828	  17941.23828
 787	 -4661.07324	 -20091.75586	 -18209.83008	  18229.83008
 10432	 -4776.68408	 -19821.17969	 -18043.89063	  18063.89063
 10333	 -4682.78662	 -20206.44141	 -17755.29883	  17775.29883
 3116	 -4567.17627	 -20477.01367	 -17921.23828	  17941.23828
 10432	 -4776.68408	 -19821.17969	 -18043.89063	  18063.89063
 787	 -4661.07324	 -20091.75586	 -18209.83008	  18229.83008
 3181	 -4754.97168	 -19514.32617	 -18505.83984	  18525.83984
 10506	 -4870.58203	 -19339.83984	 -18336.19141	  18356.19141
 10432	 -4776.68408	 -19821.17969	 -18043.89063	  18063.89063
 787	 -4661.07324	 -20091.75586	 -18209.83008	  18229.83008
 10506	 -4870.58203	 -19339.83984	 -18336.19141	  18356.19141
 10333	 -4682.78662	 -20206.44141	 -17755.29883	  17775.29883
 10432	 -4776.68408	 -19821.17969	 -18043.89063	  18063.89063
 10334	 -4892.29443	 -19454.52539	 -17881.66211	  17901.66211
 3052	 -4798.39746	 -19743.69727	 -17596.7793	  17616.7793
 10333	 -4682.78662	 -20206.44141	 -17755.29883	  17775.29883
 10334	 -4892.29443	 -19454.52539	 -17881.66211	  17901.66211
 10432	 -4776.68408	 -19821.17969	 -18043.89063	  18063.89063
 10506	 -4870.58203	 -19339.83984	 -18336.19141	  18356.19141
 3117	 -4986.19287	 -19021.22266	 -18172.10742	  18192.10742
 10334	 -4892.29443	 -19454.52539	 -17881.66211	  17901.66211
 10432	 -4776.68408	 -19821.17969	 -18043.89063	  18063.89063
 3117	 -4986.19287	 -19021.22266	 -18172.10742	  18192.10742
 3052	 -4798.39746	 -19743.69727	 -17596.7793	  17616.7793
 10334	 -4892.29443	 -19454.52539	 -17881.66211	  17901.66211
 10256	 -5007.90527	 -18847.6582	 -17728.70508	  17748.70508
 10169	 -4914.00781	 -19040.74805	 -17447.53125	  17467.53125
 3052	 -4798.39746	 -19743.69727	 -17596.7793	  17616.7793
 10256	 -5007.90527	 -18847.6582	 -17728.70508	  17748.70508
 10334	 -4892.29443	 -19454.52539	 -17881.66211	  17901.66211
 3117	 -4986.19287	 -19021.22266	 -18172.10742	  18192.10742
 10335	 -5101.80322	 -18606.52344	 -18011.73242	  18031.73242
 10256	 -5007.90527	 -18847.6582	 -17728.70508	  17748.70508
 10334	 -4892.29443	 -19454.52539	 -17881.66211	  17901.66211
 10335	 -5101.80322	 -18606.52344	 -18011.73242	  18031.73242
 10169	 -4914.00781	 -19040.74805	 -17447.53125	  17467.53125
 10256	 -5007.90527	 -18847.6582	 -17728.70508	  17748.70508
 755	 -5123.51563	 -18192.74805	 -17577.60547	  17597.60547
 2988	 -5029.61816	 -18193.67188	 -17303.84961	  17323.84961
 10169	 -4914.00781	 -19040.74805	 -17447.53125	  17467.53125
 755	 -5123.51563	 -18192.74805	 -17577.60547	  17597.60547
 10256	 -5007.90527	 -18847.6582	 -17728.70508	  17748.70508
 10335	 -5101.80322	 -18606.52344	 -18011.73242	  18031.73242
 3053	 -5217.41406	 -18143.7832	 -17853.21289	  17873.21289
 755	 -5123.51563	 -18192.74805	 -17577.60547	  17597.60547
 10256	 -5007.90527	 -18847.6582	 -17728.70508	  17748.70508
 3053	 -5217.41406	 -18143.7832	 -17853.21289	  17873.21289
 2988	 -5029.61816	 -18193.67188	 -17303.84961	  17323.84961
 755	 -5123.51563	 -18192.74805	 -17577.60547	  17597.60547
 10096	 -5239.12598	 -17730.00586	 -17419.08398	  17439.08398
 9986	 -5145.22949	 -17417.21094	 -17157.44141	  17177.44141
 2988	 -5029.61816	 -18193.67188	 -17303.84961	  17323.84961
 10096	 -5239.12598	 -17730.00586	 -17419.08398	  17439.08398
 755	 -5123.51563	 -18192.74805	 -17577.60547	  17597.60547
 3053	 -5217.41406	 -18143.7832	 -17853.21289	  17873.21289
 10170	 -5333.02441	 -17777.125	 -17690.98242	  17710.98242
 10096	 -5239.12598	 -17730.00586	 -17419.08398	  17439.08398
 755	 -5123.51563	 -18192.74805	 -17577.60547	  17597.60547
 10170	 -5333.02441	 -17777.125	 -17690.98242	  17710.98242
 9986	 -5145.22949	 -17417.21094	 -17157.44141	  17177.44141
 10096	 -5239.12598	 -17730.00586	 -17419.08398	  17439.08398
 9987	 -5354.7373	 -17236.00195	 -17261.77148	  17281.77148
 40	 -5260.83984	 -16166.56055	 -17029.33789	  17049.33789
 9986	 -5145.22949	 -17417.21094	 -17157.44141	  17177.44141
 9987	 -5354.7373	 -17236.00195	 -17261.77148	  17281.77148
 40	 -5260.83984	 -16166.56055	 -17029.33789	  17049.33789
 9987	 -5354.7373	 -17236.00195	 -17261.77148	  17281.77148
 9904	 -5470.34766	 -16043.96387	 -17131.40625	  17151.40625
 9987	 -5354.7373	 -17236.00195	 -17261.77148	  17281.77148
 10096	 -5239.12598	 -17730.00586	 -17419.08398	  17439.08398
 2989	 -5448.63477	 -17554.59375	 -17523.18945	  17543.18945
 10096	 -5239.12598	 -17730.00586	 -17419.08398	  17439.08398
 10170	 -5333.02441	 -17777.125	 -17690.98242	  17710.98242
 2989	 -5448.63477	 -17554.59375	 -17523.18945	  17543.18945
 9904	 -5470.34766	 -16043.96387	 -17131.40625	  17151.40625
 9987	 -5354.7373	 -17236.00195	 -17261.77148	  17281.77148
 9988	 -5564.24609	 -16884.04688	 -17372.69141	  17392.69141
 9987	 -5354.7373	 -17236.00195	 -17261.77148	  17281.77148
 2989	 -5448.63477	 -17554.59375	 -17523.18945	  17543.18945
 9988	 -5564.24609	 -16884.04688	 -17372.69141	  17392.69141
 9904	 -5470.34766	 -16043.96387	 -17131.40625	  17151.40625
 9988	 -5564.24609	 -16884.04688	 -17372.69141	  17392.69141
 2930	 -5679.85645	 -15806.27246	 -17237.91406	  17257.91406
 2989	 -5448.63477	 -17554.59375	 -17523.18945	  17543.18945
 10170	 -5333.02441	 -17777.125	 -17690.98242	  17710.98242
 10171	 -5542.53125	 -17697.79492	 -17791.37695	  17811.37695
 2930	 -5679.85645	 -15806.27246	 -17237.91406	  17257.91406
 9988	 -5564.24609	 -16884.04688	 -17372.69141	  17392.69141
 9989	 -5773.75293	 -16655.82227	 -17478.83398	  17498.83398
 2930	 -5679.85645	 -15806.27246	 -17237.91406	  17257.91406
 9989	 -5773.75293	 -16655.82227	 -17478.83398	  17498.83398
 9905	 -5889.36328	 -15605.06055	 -17343.01563	  17363.01563
 9988	 -5564.24609	 -16884.04688	 -17372.69141	  17392.69141
 2989	 -5448.63477	 -17554.59375	 -17523.18945	  17543.18945
 10097	 -5658.1416	 -17379.18164	 -17627.29297	  17647.29297
 9988	 -5564.24609	 -16884.04688	 -17372.69141	  17392.69141
 10097	 -5658.1416	 -17379.18164	 -17627.29297	  17647.29297
 9989	 -5773.75293	 -16655.82227	 -17478.83398	  17498.83398
 2989	 -5448.63477	 -17554.59375	 -17523.18945	  17543.18945
 10171	 -5542.53125	 -17697.79492	 -17791.37695	  17811.37695
 10097	 -5658.1416	 -17379.18164	 -17627.29297	  17647.29297
 9905	 -5889.36328	 -15605.06055	 -17343.01563	  17363.01563
 9989	 -5773.75293	 -16655.82227	 -17478.83398	  17498.83398
 9990	 -5983.26074	 -16588.44141	 -17578.76758	  17598.76758
 9905	 -5889.36328	 -15605.06055	 -17343.01563	  17363.01563
 9990	 -5983.26074	 -16588.44141	 -17578.76758	  17598.76758
 2931	 -6098.87109	 -15458.34082	 -17446.01172	  17466.01172
 9989	 -5773.75293	 -16655.82227	 -17478.83398	  17498.83398
 10097	 -5658.1416	 -17379.18164	 -17627.29297	  17647.29297
 2990	 -5867.64941	 -17188.7793	 -17731.97656	  17751.97656
 9989	 -5773.75293	 -16655.82227	 -17478.83398	  17498.83398
 2990	 -5867.64941	 -17188.7793	 -17731.97656	  17751.97656
 9990	 -5983.26074	 -16588.44141	 -17578.76758	  17598.76758
 2931	 -6098.87109	 -15458.34082	 -17446.01172	  17466.01172
 9990	 -5983.26074	 -16588.44141	 -17578.76758	  17598.76758
 9991	 -6192.76855	 -16350.08496	 -17685.30273	  17705.30273
 2931	 -6098.87109	 -15458.34082	 -17446.01172	  17466.01172
 9991	 -6192.76855	 -16350.08496	 -17685.30273	  17705.30273
 9906	 -6308.37891	 -15311.62012	 -17549.00781	  17569.00781
 9990	 -5983.26074	 -16588.44141	 -17578.76758	  17598.76758
 2990	 -5867.64941	 -17188.7793	 -17731.97656	  17751.97656
 10098	 -6077.15723	 -16727.0293	 -17847.13477	  17867.13477
 9990	 -5983.26074	 -16588.44141	 -17578.76758	  17598.76758
 10098	 -6077.15723	 -16727.0293	 -17847.13477	  17867.13477
 9991	 -6192.76855	 -16350.08496	 -17685.30273	  17705.30273
 10097	 -5658.1416	 -17379.18164	 -17627.29297	  17647.29297
 10172	 -5752.03906	 -17584.55078	 -17893.08203	  17913.08203
 2990	 -5867.64941	 -17188.7793	 -17731.97656	  17751.97656
 10097	 -5658.1416	 -17379.18164	 -17627.29297	  17647.29297
 10171	 -5542.53125	 -17697.79492	 -17791.37695	  17811.37695
 10172	 -5752.03906	 -17584.55078	 -17893.08203	  17913.08203
 2990	 -5867.64941	 -17188.7793	 -17731.97656	  17751.97656
 756	 -5961.54688	 -17022.83789	 -18012.09961	  18032.09961
 10098	 -6077.15723	 -16727.0293	 -17847.13477	  17867.13477
 2990	 -5867.64941	 -17188.7793	 -17731.97656	  17751.97656
 10172	 -5752.03906	 -17584.55078	 -17893.08203	  17913.08203
 756	 -5961.54688	 -17022.83789	 -18012.09961	  18032.09961
 9991	 -6192.76855	 -16350.08496	 -17685.30273	  17705.30273
 10098	 -6077.15723	 -16727.0293	 -17847.13477	  17867.13477
 2991	 -6286.66406	 -15915.67773	 -17975.79297	  17995.79297
 9906	 -6308.37891	 -15311.62012	 -17549.00781	  17569.00781
 9991	 -6192.76855	 -16350.08496	 -17685.30273	  17705.30273
 9992	 -6402.27539	 -15631.19824	 -17810.38867	  17830.38867
 9991	 -6192.76855	 -16350.08496	 -17685.30273	  17705.30273
 2991	 -6286.66406	 -15915.67773	 -17975.79297	  17995.79297
 9992	 -6402.27539	 -15631.19824	 -17810.38867	  17830.38867
 9906	 -6308.37891	 -15311.62012	 -17549.00781	  17569.00781
 9992	 -6402.27539	 -15631.19824	 -17810.38867	  17830.38867
 2932	 -6517.88574	 -15028.66797	 -17657.26758	  17677.26758
 10098	 -6077.15723	 -16727.0293	 -17847.13477	  17867.13477
 10173	 -6171.05371	 -16202.87109	 -18141.08789	  18161.08789
 2991	 -6286.66406	 -15915.67773	 -17975.79297	  17995.79297
 10098	 -6077.15723	 -16727.0293	 -17847.13477	  17867.13477
 756	 -5961.54688	 -17022.83789	 -18012.09961	  18032.09961
 10173	 -6171.05371	 -16202.87109	 -18141.08789	  18161.08789
 2932	 -6517.88574	 -15028.66797	 -17657.26758	  17677.26758
 9992	 -6402.27539	 -15631.19824	 -17810.38867	  17830.38867
 9993	 -6611.78418	 -14830.57422	 -17938.63281	  17958.63281
 2932	 -6517.88574	 -15028.66797	 -17657.26758	  17677.26758
 9993	 -6611.78418	 -14830.57422	 -17938.63281	  17958.63281
 9907	 -6727.39453	 -14554.99609	 -17772.88672	  17792.88672
 9992	 -6402.27539	 -15631.19824	 -17810.38867	  17830.38867
 2991	 -6286.66406	 -15915.67773	 -17975.79297	  17995.79297
 10099	 -6496.17285	 -15104.86914	 -18104.42773	  18124.42773
 9992	 -6402.27539	 -15631.19824	 -17810.38867	  17830.38867
 10099	 -6496.17285	 -15104.86914	 -18104.42773	  18124.42773
 9993	 -6611.78418	 -14830.57422	 -17938.63281	  17958.63281
 9907	 -6727.39453	 -14554.99609	 -17772.88672	  17792.88672
 9993	 -6611.78418	 -14830.57422	 -17938.63281	  17958.63281
 9994	 -6821.29102	 -14029.94922	 -18066.87305	  18086.87305
 9907	 -6727.39453	 -14554.99609	 -17772.88672	  17792.88672
 9994	 -6821.29102	 -14029.94922	 -18066.87305	  18086.87305
 2933	 -6936.90137	 -13754.37305	 -17901.12695	  17921.12695
 9993	 -6611.78418	 -14830.57422	 -17938.63281	  17958.63281
 10099	 -6496.17285	 -15104.86914	 -18104.42773	  18124.42773
 2992	 -6705.67969	 -14295.74609	 -18232.99805	  18252.99805
 9993	 -6611.78418	 -14830.57422	 -17938.63281	  17958.63281
 2992	 -6705.67969	 -14295.74609	 -18232.99805	  18252.99805
 9994	 -6821.29102	 -14029.94922	 -18066.87305	  18086.87305
 2991	 -6286.66406	 -15915.67773	 -17975.79297	  17995.79297
 10174	 -6380.5625	 -15392.0625	 -18269.72461	  18289.72461
 10099	 -6496.17285	 -15104.86914	 -18104.42773	  18124.42773
 2991	 -6286.66406	 -15915.67773	 -17975.79297	  17995.79297
 10173	 -6171.05371	 -16202.87109	 -18141.08789	  18161.08789
 10174	 -6380.5625	 -15392.0625	 -18269.72461	  18289.72461
 10099	 -6496.17285	 -15104.86914	 -18104.42773	  18124.42773
 10175	 -6590.06934	 -14576.7666	 -18398.5332	  18418.5332
 2992	 -6705.67969	 -14295.74609	 -18232.99805	  18252.99805
 10099	 -6496.17285	 -15104.86914	 -18104.42773	  18124.42773
 10174	 -6380.5625	 -15392.0625	 -18269.72461	  18289.72461
 10175	 -6590.06934	 -14576.7666	 -18398.5332	  18418.5332
 9994	 -6821.29102	 -14029.94922	 -18066.87305	  18086.87305
 2992	 -6705.67969	 -14295.74609	 -18232.99805	  18252.99805
 10100	 -6915.1875	 -13588.37695	 -18357.63867	  18377.63867
 2933	 -6936.90137	 -13754.37305	 -17901.12695	  17921.12695
 9994	 -6821.29102	 -14029.94922	 -18066.87305	  18086.87305
 9995	 -7030.79883	 -13283.81641	 -18193.01172	  18213.01172
 9994	 -6821.29102	 -14029.94922	 -18066.87305	  18086.87305
 10100	 -6915.1875	 -13588.37695	 -18357.63867	  18377.63867
 9995	 -7030.79883	 -13283.81641	 -18193.01172	  18213.01172
 2933	 -6936.90137	 -13754.37305	 -17901.12695	  17921.12695
 9995	 -7030.79883	 -13283.81641	 -18193.01172	  18213.01172
 9908	 -7146.40918	 -12980.99414	 -18028.31641	  18048.31641
 2992	 -6705.67969	 -14295.74609	 -18232.99805	  18252.99805
 757	 -6799.57715	 -13869.39941	 -18523.17383	  18543.17383
 10100	 -6915.1875	 -13588.37695	 -18357.63867	  18377.63867
 2992	 -6705.67969	 -14295.74609	 -18232.99805	  18252.99805
 10175	 -6590.06934	 -14576.7666	 -18398.5332	  18418.5332
 757	 -6799.57715	 -13869.39941	 -18523.17383	  18543.17383
 9908	 -7146.40918	 -12980.99414	 -18028.31641	  18048.31641
 9995	 -7030.79883	 -13283.81641	 -18193.01172	  18213.01172
 9996	 -7240.30664	 -12646.66797	 -18314.94141	  18334.94141
 9908	 -7146.40918	 -12980.99414	 -18028.31641	  18048.31641
 9996	 -7240.30664	 -12646.66797	 -18314.94141	  18334.94141
 2934	 -7355.91699	 -12398.33594	 -18148.14648	  18168.14648
 9995	 -7030.79883	 -13283.81641	 -18193.01172	  18213.01172
 10100	 -6915.1875	 -13588.37695	 -18357.63867	  18377.63867
 2993	 -7124.69531	 -12936.71094	 -18480.13086	  18500.13086
 9995	 -7030.79883	 -13283.81641	 -18193.01172	  18213.01172
 2993	 -7124.69531	 -12936.71094	 -18480.13086	  18500.13086
 9996	 -7240.30664	 -12646.66797	 -18314.94141	  18334.94141
 2934	 -7355.91699	 -12398.33594	 -18148.14648	  18168.14648
 9996	 -7240.30664	 -12646.66797	 -18314.94141	  18334.94141
 9997	 -7449.81445	 -12064.01074	 -18434.76953	  18454.76953
 2934	 -7355.91699	 -12398.33594	 -18148.14648	  18168.14648
 9997	 -7449.81445	 -12064.01074	 -18434.76953	  18454.76953
 9909	 -7565.4248	 -11815.67969	 -18267.97266	  18287.97266
 9996	 -7240.30664	 -12646.66797	 -18314.94141	  18334.94141
 2993	 -7124.69531	 -12936.71094	 -18480.13086	  18500.13086
 10101	 -7334.20313	 -12312.89551	 -18601.54688	  18621.54688
 9996	 -7240.30664	 -12646.66797	 -18314.94141	  18334.94141
 10101	 -7334.20313	 -12312.89551	 -18601.54688	  18621.54688
 9997	 -7449.81445	 -12064.01074	 -18434.76953	  18454.76953
 10100	 -6915.1875	 -13588.37695	 -18357.63867	  18377.63867
 10176	 -7009.08496	 -13245.58301	 -18644.58984	  18664.58984
 2993	 -7124.69531	 -12936.71094	 -18480.13086	  18500.13086
 10100	 -6915.1875	 -13588.37695	 -18357.63867	  18377.63867
 757	 -6799.57715	 -13869.39941	 -18523.17383	  18543.17383
 10176	 -7009.08496	 -13245.58301	 -18644.58984	  18664.58984
 2993	 -7124.69531	 -12936.71094	 -18480.13086	  18500.13086
 10177	 -7218.59277	 -12566.06543	 -18768.15625	  18788.15625
 10101	 -7334.20313	 -12312.89551	 -18601.54688	  18621.54688
 2993	 -7124.69531	 -12936.71094	 -18480.13086	  18500.13086
 10176	 -7009.08496	 -13245.58301	 -18644.58984	  18664.58984
 10177	 -7218.59277	 -12566.06543	 -18768.15625	  18788.15625
 9997	 -7449.81445	 -12064.01074	 -18434.76953	  18454.76953
 10101	 -7334.20313	 -12312.89551	 -18601.54688	  18621.54688
 2994	 -7543.71094	 -11716.13672	 -18721.91797	  18741.91797
 9909	 -7565.4248	 -11815.67969	 -18267.97266	  18287.97266
 9997	 -7449.81445	 -12064.01074	 -18434.76953	  18454.76953
 9998	 -7659.32227	 -11447.55469	 -18555.90039	  18575.90039
 9997	 -7449.81445	 -12064.01074	 -18434.76953	  18454.76953
 2994	 -7543.71094	 -11716.13672	 -18721.91797	  18741.91797
 9998	 -7659.32227	 -11447.55469	 -18555.90039	  18575.90039
 9909	 -7565.4248	 -11815.67969	 -18267.97266	  18287.97266
 9998	 -7659.32227	 -11447.55469	 -18555.90039	  18575.90039
 2935	 -7774.93262	 -11286.86426	 -18385.7207	  18405.7207
 10101	 -7334.20313	 -12312.89551	 -18601.54688	  18621.54688
 10178	 -7428.10059	 -12015.89551	 -18886.72852	  18906.72852
 2994	 -7543.71094	 -11716.13672	 -18721.91797	  18741.91797
 10101	 -7334.20313	 -12312.89551	 -18601.54688	  18621.54688
 10177	 -7218.59277	 -12566.06543	 -18768.15625	  18788.15625
 10178	 -7428.10059	 -12015.89551	 -18886.72852	  18906.72852
 2935	 -7774.93262	 -11286.86426	 -18385.7207	  18405.7207
 9998	 -7659.32227	 -11447.55469	 -18555.90039	  18575.90039
 9999	 -7868.83008	 -11020.59082	 -18669.71875	  18689.71875
 2935	 -7774.93262	 -11286.86426	 -18385.7207	  18405.7207
 9999	 -7868.83008	 -11020.59082	 -18669.71875	  18689.71875
 9910	 -7984.44043	 -10904.97656	 -18497.79688	  18517.79688
 9998	 -7659.32227	 -11447.55469	 -18555.90039	  18575.90039
 2994	 -7543.71094	 -11716.13672	 -18721.91797	  18741.91797
 10102	 -7753.21875	 -11194.09766	 -18839.4043	  18859.4043
 9998	 -7659.32227	 -11447.55469	 -18555.90039	  18575.90039
 10102	 -7753.21875	 -11194.09766	 -18839.4043	  18859.4043
 9999	 -7868.83008	 -11020.59082	 -18669.71875	  18689.71875
 9910	 -7984.44043	 -10904.97656	 -18497.79688	  18517.79688
 9999	 -7868.83008	 -11020.59082	 -18669.71875	  18689.71875
 10000	 -8078.33789	 -10670.50977	 -18780.56641	  18800.56641
 9910	 -7984.44043	 -10904.97656	 -18497.79688	  18517.79688
 10000	 -8078.33789	 -10670.50977	 -18780.56641	  18800.56641
 2936	 -8193.94824	 -10525.70215	 -18609.77148	  18629.77148
 9999	 -7868.83008	 -11020.59082	 -18669.71875	  18689.71875
 10102	 -7753.21875	 -11194.09766	 -18839.4043	  18859.4043
 2995	 -7962.72656	 -10824.32715	 -18951.01172	  18971.01172
 9999	 -7868.83008	 -11020.59082	 -18669.71875	  18689.71875
 2995	 -7962.72656	 -10824.32715	 -18951.01172	  18971.01172
 10000	 -8078.33789	 -10670.50977	 -18780.56641	  18800.56641
 2994	 -7543.71094	 -11716.13672	 -18721.91797	  18741.91797
 758	 -7637.6084	 -11575.84766	 -19001.05273	  19021.05273
 10102	 -7753.21875	 -11194.09766	 -18839.4043	  18859.4043
 2994	 -7543.71094	 -11716.13672	 -18721.91797	  18741.91797
 10178	 -7428.10059	 -12015.89551	 -18886.72852	  18906.72852
 758	 -7637.6084	 -11575.84766	 -19001.05273	  19021.05273
 10102	 -7753.21875	 -11194.09766	 -18839.4043	  18859.4043
 10179	 -7847.11621	 -11463.76074	 -19102.71094	  19122.71094
 2995	 -7962.72656	 -10824.32715	 -18951.01172	  18971.01172
 10102	 -7753.21875	 -11194.09766	 -18839.4043	  18859.4043
 758	 -7637.6084	 -11575.84766	 -19001.05273	  19021.05273
 10179	 -7847.11621	 -11463.76074	 -19102.71094	  19122.71094
 10000	 -8078.33789	 -10670.50977	 -18780.56641	  18800.56641
 2995	 -7962.72656	 -10824.32715	 -18951.01172	  18971.01172
 10103	 -8172.2334	 -10524.83398	 -19059.9082	  19079.9082
 2936	 -8193.94824	 -10525.70215	 -18609.77148	  18629.77148
 10000	 -8078.33789	 -10670.50977	 -18780.56641	  18800.56641
 10001	 -8287.84473	 -10316.30859	 -18891.57227	  18911.57227
 10000	 -8078.33789	 -10670.50977	 -18780.56641	  18800.56641
 10103	 -8172.2334	 -10524.83398	 -19059.9082	  19079.9082
 10001	 -8287.84473	 -10316.30859	 -18891.57227	  18911.57227
 2936	 -8193.94824	 -10525.70215	 -18609.77148	  18629.77148
 10001	 -8287.84473	 -10316.30859	 -18891.57227	  18911.57227
 9911	 -8403.45508	 -10317.5166	 -18715.14063	  18735.14063
 2995	 -7962.72656	 -10824.32715	 -18951.01172	  18971.01172
 10180	 -8056.62305	 -11234.54492	 -19208.89258	  19228.89258
 10103	 -8172.2334	 -10524.83398	 -19059.9082	  19079.9082
 2995	 -7962.72656	 -10824.32715	 -18951.01172	  18971.01172
 10179	 -7847.11621	 -11463.76074	 -19102.71094	  19122.71094
 10180	 -8056.62305	 -11234.54492	 -19208.89258	  19228.89258
 9911	 -8403.45508	 -10317.5166	 -18715.14063	  18735.14063
 10001	 -8287.84473	 -10316.30859	 -18891.57227	  18911.57227
 10002	 -8497.35254	 -10269.30176	 -18990.7207	  19010.7207
 9911	 -8403.45508	 -10317.5166	 -18715.14063	  18735.14063
 10002	 -8497.35254	 -10269.30176	 -18990.7207	  19010.7207
 2937	 -8612.96289	 -10142.55566	 -18819.22852	  18839.22852
 10001	 -8287.84473	 -10316.30859	 -18891.57227	  18911.57227
 10103	 -8172.2334	 -10524.83398	 -19059.9082	  19079.9082
 2996	 -8381.74121	 -10342.46973	 -19164.2793	  19184.2793
 10001	 -8287.84473	 -10316.30859	 -18891.57227	  18911.57227
 2996	 -8381.74121	 -10342.46973	 -19164.2793	  19184.2793
 10002	 -8497.35254	 -10269.30176	 -18990.7207	  19010.7207
 2937	 -8612.96289	 -10142.55566	 -18819.22852	  18839.22852
 10002	 -8497.35254	 -10269.30176	 -18990.7207	  19010.7207
 10003	 -8706.86035	 -10156.31152	 -19092.41602	  19112.41602
 2937	 -8612.96289	 -10142.55566	 -18819.22852	  18839.22852
 10003	 -8706.86035	 -10156.31152	 -19092.41602	  19112.41602
 9912	 -8822.4707	 -10111.12012	 -18917.77539	  18937.77539
 10002	 -8497.35254	 -10269.30176	 -18990.7207	  19010.7207
 2996	 -8381.74121	 -10342.46973	 -19164.2793	  19184.2793
 10104	 -8591.24902	 -10265.52148	 -19264.58594	  19284.58594
 10002	 -8497.35254	 -10269.30176	 -18990.7207	  19010.7207
 10104	 -8591.24902	 -10265.52148	 -19264.58594	  19284.58594
 10003	 -8706.86035	 -10156.31152	 -19092.41602	  19112.41602
 10103	 -8172.2334	 -10524.83398	 -19059.9082	  19079.9082
 10181	 -8266.13086	 -11181.02344	 -19308.29102	  19328.29102
 2996	 -8381.74121	 -10342.46973	 -19164.2793	  19184.2793
 10103	 -8172.2334	 -10524.83398	 -19059.9082	  19079.9082
 10180	 -8056.62305	 -11234.54492	 -19208.89258	  19228.89258
 10181	 -8266.13086	 -11181.02344	 -19308.29102	  19328.29102
 2996	 -8381.74121	 -10342.46973	 -19164.2793	  19184.2793
 759	 -8475.63867	 -11537.45313	 -19391.86523	  19411.86523
 10104	 -8591.24902	 -10265.52148	 -19264.58594	  19284.58594
 2996	 -8381.74121	 -10342.46973	 -19164.2793	  19184.2793
 10181	 -8266.13086	 -11181.02344	 -19308.29102	  19328.29102
 759	 -8475.63867	 -11537.45313	 -19391.86523	  19411.86523
 10003	 -8706.86035	 -10156.31152	 -19092.41602	  19112.41602
 10104	 -8591.24902	 -10265.52148	 -19264.58594	  19284.58594
 2997	 -8800.75684	 -10293.99023	 -19360.81836	  19380.81836
 9912	 -8822.4707	 -10111.12012	 -18917.77539	  18937.77539
 10003	 -8706.86035	 -10156.31152	 -19092.41602	  19112.41602
 10004	 -8916.36816	 -10143.41113	 -19190.24609	  19210.24609
 10003	 -8706.86035	 -10156.31152	 -19092.41602	  19112.41602
 2997	 -8800.75684	 -10293.99023	 -19360.81836	  19380.81836
 10004	 -8916.36816	 -10143.41113	 -19190.24609	  19210.24609
 9912	 -8822.4707	 -10111.12012	 -18917.77539	  18937.77539
 10004	 -8916.36816	 -10143.41113	 -19190.24609	  19210.24609
 41	 -9031.97852	 -10131.58203	 -19014.31836	  19034.31836
 10104	 -8591.24902	 -10265.52148	 -19264.58594	  19284.58594
 10182	 -8685.14648	 -11835.31738	 -19477.69922	  19497.69922
 2997	 -8800.75684	 -10293.99023	 -19360.81836	  19380.81836
 10104	 -8591.24902	 -10265.52148	 -19264.58594	  19284.58594
 759	 -8475.63867	 -11537.45313	 -19391.86523	  19411.86523
 10182	 -8685.14648	 -11835.31738	 -19477.69922	  19497.69922
 41	 -9031.97852	 -10131.58203	 -19014.31836	  19034.31836
 10004	 -8916.36816	 -10143.41113	 -19190.24609	  19210.24609
 10005	 -9125.87598	 -10256.54883	 -19283.21094	  19303.21094
 41	 -9031.97852	 -10131.58203	 -19014.31836	  19034.31836
 10005	 -9125.87598	 -10256.54883	 -19283.21094	  19303.21094
 9913	 -9241.48633	 -9925.91895	 -19119.58984	  19139.58984
 10004	 -8916.36816	 -10143.41113	 -19190.24609	  19210.24609
 2997	 -8800.75684	 -10293.99023	 -19360.81836	  19380.81836
 10105	 -9010.26465	 -10720.69629	 -19441.67773	  19461.67773
 10004	 -8916.36816	 -10143.41113	 -19190.24609	  19210.24609
 10105	 -9010.26465	 -10720.69629	 -19441.67773	  19461.67773
 10005	 -9125.87598	 -10256.54883	 -19283.21094	  19303.21094
 9913	 -9241.48633	 -9925.91895	 -19119.58984	  19139.58984
 10005	 -9125.87598	 -10256.54883	 -19283.21094	  19303.21094
 10006	 -9335.38379	 -10536.21191	 -19369.74609	  19389.74609
 9913	 -9241.48633	 -9925.91895	 -19119.58984	  19139.58984
 10006	 -9335.38379	 -10536.21191	 -19369.74609	  19389.74609
 2938	 -9450.99414	 -10156.51172	 -19208.02148	  19228.02148
 10005	 -9125.87598	 -10256.54883	 -19283.21094	  19303.21094
 10105	 -9010.26465	 -10720.69629	 -19441.67773	  19461.67773
 2998	 -9219.77246	 -10913.1582	 -19531.58008	  19551.58008
 10005	 -9125.87598	 -10256.54883	 -19283.21094	  19303.21094
 2998	 -9219.77246	 -10913.1582	 -19531.58008	  19551.58008
 10006	 -9335.38379	 -10536.21191	 -19369.74609	  19389.74609
 2997	 -8800.75684	 -10293.99023	 -19360.81836	  19380.81836
 10183	 -8894.6543	 -11488.97266	 -19588.40234	  19608.40234
 10105	 -9010.26465	 -10720.69629	 -19441.67773	  19461.67773
 2997	 -8800.75684	 -10293.99023	 -19360.81836	  19380.81836
 10182	 -8685.14648	 -11835.31738	 -19477.69922	  19497.69922
 10183	 -8894.6543	 -11488.97266	 -19588.40234	  19608.40234
 10105	 -9010.26465	 -10720.69629	 -19441.67773	  19461.67773
 10184	 -9104.16211	 -11392.39355	 -19689.46289	  19709.46289
 2998	 -9219.77246	 -10913.1582	 -19531.58008	  19551.58008
 10105	 -9010.26465	 -10720.69629	 -19441.67773	  19461.67773
 10183	 -8894.6543	 -11488.97266	 -19588.40234	  19608.40234
 10184	 -9104.16211	 -11392.39355	 -19689.46289	  19709.46289
 10006	 -9335.38379	 -10536.21191	 -19369.74609	  19389.74609
 2998	 -9219.77246	 -10913.1582	 -19531.58008	  19551.58008
 10106	 -9429.28027	 -10960.50195	 -19627.08594	  19647.08594
 2938	 -9450.99414	 -10156.51172	 -19208.02148	  19228.02148
 10006	 -9335.38379	 -10536.21191	 -19369.74609	  19389.74609
 10007	 -9544.8916	 -10658.68652	 -19462.35156	  19482.35156
 10006	 -9335.38379	 -10536.21191	 -19369.74609	  19389.74609
 10106	 -9429.28027	 -10960.50195	 -19627.08594	  19647.08594
 10007	 -9544.8916	 -10658.68652	 -19462.35156	  19482.35156
 2938	 -9450.99414	 -10156.51172	 -19208.02148	  19228.02148
 10007	 -9544.8916	 -10658.68652	 -19462.35156	  19482.35156
 9914	 -9660.50195	 -10306.56641	 -19299.5625	  19319.5625
 2998	 -9219.77246	 -10913.1582	 -19531.58008	  19551.58008
 760	 -9313.66992	 -11294.49414	 -19790.57422	  19810.57422
 10106	 -9429.28027	 -10960.50195	 -19627.08594	  19647.08594
 2998	 -9219.77246	 -10913.1582	 -19531.58008	  19551.58008
 10184	 -9104.16211	 -11392.39355	 -19689.46289	  19709.46289
 760	 -9313.66992	 -11294.49414	 -19790.57422	  19810.57422
 9914	 -9660.50195	 -10306.56641	 -19299.5625	  19319.5625
 10007	 -9544.8916	 -10658.68652	 -19462.35156	  19482.35156
 10008	 -9754.39746	 -10588.1084	 -19562.4082	  19582.4082
 9914	 -9660.50195	 -10306.56641	 -19299.5625	  19319.5625
 10008	 -9754.39746	 -10588.1084	 -19562.4082	  19582.4082
 2939	 -9870.00781	 -10208.4082	 -19400.68164	  19420.68164
 10007	 -9544.8916	 -10658.68652	 -19462.35156	  19482.35156
 10106	 -9429.28027	 -10960.50195	 -19627.08594	  19647.08594
 2999	 -9638.78613	 -10870.2002	 -19727.90234	  19747.90234
 10007	 -9544.8916	 -10658.68652	 -19462.35156	  19482.35156
 2999	 -9638.78613	 -10870.2002	 -19727.90234	  19747.90234
 10008	 -9754.39746	 -10588.1084	 -19562.4082	  19582.4082
 2939	 -9870.00781	 -10208.4082	 -19400.68164	  19420.68164
 10008	 -9754.39746	 -10588.1084	 -19562.4082	  19582.4082
 10009	 -9963.90723	 -10439.3877	 -19665.48438	  19685.48438
 2939	 -9870.00781	 -10208.4082	 -19400.68164	  19420.68164
 10009	 -9963.90723	 -10439.3877	 -19665.48438	  19685.48438
 9915	 -10079.51758	 -10114.84668	 -19501.62891	  19521.62891
 10008	 -9754.39746	 -10588.1084	 -19562.4082	  19582.4082
 2999	 -9638.78613	 -10870.2002	 -19727.90234	  19747.90234
 10107	 -9848.2959	 -10703.43066	 -19831.67578	  19851.67578
 10008	 -9754.39746	 -10588.1084	 -19562.4082	  19582.4082
 10107	 -9848.2959	 -10703.43066	 -19831.67578	  19851.67578
 10009	 -9963.90723	 -10439.3877	 -19665.48438	  19685.48438
 10106	 -9429.28027	 -10960.50195	 -19627.08594	  19647.08594
 10185	 -9523.17578	 -11124.87207	 -19894.45508	  19914.45508
 2999	 -9638.78613	 -10870.2002	 -19727.90234	  19747.90234
 10106	 -9429.28027	 -10960.50195	 -19627.08594	  19647.08594
 760	 -9313.66992	 -11294.49414	 -19790.57422	  19810.57422
 10185	 -9523.17578	 -11124.87207	 -19894.45508	  19914.45508
 2999	 -9638.78613	 -10870.2002	 -19727.90234	  19747.90234
 10186	 -9732.68555	 -10876.53613	 -20001.37695	  20021.37695
 10107	 -9848.2959	 -10703.43066	 -19831.67578	  19851.67578
 2999	 -9638.78613	 -10870.2002	 -19727.90234	  19747.90234
 10185	 -9523.17578	 -11124.87207	 -19894.45508	  19914.45508
 10186	 -9732.68555	 -10876.53613	 -20001.37695	  20021.37695
 10009	 -9963.90723	 -10439.3877	 -19665.48438	  19685.48438
 10107	 -9848.2959	 -10703.43066	 -19831.67578	  19851.67578
 3000	 -10057.80371	 -10496.72559	 -19936.98828	  19956.98828
 9915	 -10079.51758	 -10114.84668	 -19501.62891	  19521.62891
 10009	 -9963.90723	 -10439.3877	 -19665.48438	  19685.48438
 10010	 -10173.41504	 -10294.20996	 -19768.42188	  19788.42188
 10009	 -9963.90723	 -10439.3877	 -19665.48438	  19685.48438
 3000	 -10057.80371	 -10496.72559	 -19936.98828	  19956.98828
 10010	 -10173.41504	 -10294.20996	 -19768.42188	  19788.42188
 9915	 -10079.51758	 -10114.84668	 -19501.62891	  19521.62891
 10010	 -10173.41504	 -10294.20996	 -19768.42188	  19788.42188
 2940	 -10289.02539	 -10002.09473	 -19603.31445	  19623.31445
 10107	 -9848.2959	 -10703.43066	 -19831.67578	  19851.67578
 10187	 -9942.19336	 -10645.71191	 -20107.62109	  20127.62109
 3000	 -10057.80371	 -10496.72559	 -19936.98828	  19956.98828
 10107	 -9848.2959	 -10703.43066	 -19831.67578	  19851.67578
 10186	 -9732.68555	 -10876.53613	 -20001.37695	  20021.37695
 10187	 -9942.19336	 -10645.71191	 -20107.62109	  20127.62109
 2940	 -10289.02539	 -10002.09473	 -19603.31445	  19623.31445
 10010	 -10173.41504	 -10294.20996	 -19768.42188	  19788.42188
 10011	 -10382.92285	 -10114.65039	 -19872.68555	  19892.68555
 2940	 -10289.02539	 -10002.09473	 -19603.31445	  19623.31445
 10011	 -10382.92285	 -10114.65039	 -19872.68555	  19892.68555
 9916	 -10498.5332	 -9864.60254	 -19705.95508	  19725.95508
 10010	 -10173.41504	 -10294.20996	 -19768.42188	  19788.42188
 3000	 -10057.80371	 -10496.72559	 -19936.98828	  19956.98828
 10108	 -10267.31152	 -10287.35449	 -20042.4043	  20062.4043
 10010	 -10173.41504	 -10294.20996	 -19768.42188	  19788.42188
 10108	 -10267.31152	 -10287.35449	 -20042.4043	  20062.4043
 10011	 -10382.92285	 -10114.65039	 -19872.68555	  19892.68555
 9916	 -10498.5332	 -9864.60254	 -19705.95508	  19725.95508
 10011	 -10382.92285	 -10114.65039	 -19872.68555	  19892.68555
 10012	 -10592.42871	 -9925.6875	 -19977.3125	  19997.3125
 9916	 -10498.5332	 -9864.60254	 -19705.95508	  19725.95508
 10012	 -10592.42871	 -9925.6875	 -19977.3125	  19997.3125
 2941	 -10708.03906	 -9703.95801	 -19809.48828	  19829.48828
 10011	 -10382.92285	 -10114.65039	 -19872.68555	  19892.68555
 10108	 -10267.31152	 -10287.35449	 -20042.4043	  20062.4043
 3001	 -10476.81738	 -10086.48535	 -20147.49023	  20167.49023
 10011	 -10382.92285	 -10114.65039	 -19872.68555	  19892.68555
 3001	 -10476.81738	 -10086.48535	 -20147.49023	  20167.49023
 10012	 -10592.42871	 -9925.6875	 -19977.3125	  19997.3125
 3000	 -10057.80371	 -10496.72559	 -19936.98828	  19956.98828
 761	 -10151.70117	 -10406.68555	 -20214.18164	  20234.18164
 10108	 -10267.31152	 -10287.35449	 -20042.4043	  20062.4043
 3000	 -10057.80371	 -10496.72559	 -19936.98828	  19956.98828
 10187	 -9942.19336	 -10645.71191	 -20107.62109	  20127.62109
 761	 -10151.70117	 -10406.68555	 -20214.18164	  20234.18164
 10108	 -10267.31152	 -10287.35449	 -20042.4043	  20062.4043
 10188	 -10361.20703	 -10188.38672	 -20319.94141	  20339.94141
 3001	 -10476.81738	 -10086.48535	 -20147.49023	  20167.49023
 10108	 -10267.31152	 -10287.35449	 -20042.4043	  20062.4043
 761	 -10151.70117	 -10406.68555	 -20214.18164	  20234.18164
 10188	 -10361.20703	 -10188.38672	 -20319.94141	  20339.94141
 10012	 -10592.42871	 -9925.6875	 -19977.3125	  19997.3125
 3001	 -10476.81738	 -10086.48535	 -20147.49023	  20167.49023
 10109	 -10686.3252	 -9894.77539	 -20252.22461	  20272.22461
 2941	 -10708.03906	 -9703.95801	 -19809.48828	  19829.48828
 10012	 -10592.42871	 -9925.6875	 -19977.3125	  19997.3125
 10013	 -10801.93652	 -9739.85938	 -20081.82031	  20101.82031
 10012	 -10592.42871	 -9925.6875	 -19977.3125	  19997.3125
 10109	 -10686.3252	 -9894.77539	 -20252.22461	  20272.22461
 10013	 -10801.93652	 -9739.85938	 -20081.82031	  20101.82031
 2941	 -10708.03906	 -9703.95801	 -19809.48828	  19829.48828
 10013	 -10801.93652	 -9739.85938	 -20081.82031	  20101.82031
 9917	 -10917.54688	 -9544.52539	 -19912.97656	  19932.97656
 3001	 -10476.81738	 -10086.48535	 -20147.49023	  20167.49023
 10189	 -10570.71484	 -9994.42676	 -20424.76172	  20444.76172
 10109	 -10686.3252	 -9894.77539	 -20252.22461	  20272.22461
 3001	 -10476.81738	 -10086.48535	 -20147.49023	  20167.49023
 10188	 -10361.20703	 -10188.38672	 -20319.94141	  20339.94141
 10189	 -10570.71484	 -9994.42676	 -20424.76172	  20444.76172
 9917	 -10917.54688	 -9544.52539	 -19912.97656	  19932.97656
 10013	 -10801.93652	 -9739.85938	 -20081.82031	  20101.82031
 10014	 -11011.44629	 -9547.92676	 -20186.56445	  20206.56445
 9917	 -10917.54688	 -9544.52539	 -19912.97656	  19932.97656
 10014	 -11011.44629	 -9547.92676	 -20186.56445	  20206.56445
 9918	 -11127.05664	 -9382.28809	 -20016.57422	  20036.57422
 10013	 -10801.93652	 -9739.85938	 -20081.82031	  20101.82031
 10109	 -10686.3252	 -9894.77539	 -20252.22461	  20272.22461
 10110	 -10895.83496	 -9700.36816	 -20357.06445	  20377.06445
 10013	 -10801.93652	 -9739.85938	 -20081.82031	  20101.82031
 10110	 -10895.83496	 -9700.36816	 -20357.06445	  20377.06445
 10014	 -11011.44629	 -9547.92676	 -20186.56445	  20206.56445
 9918	 -11127.05664	 -9382.28809	 -20016.57422	  20036.57422
 10014	 -11011.44629	 -9547.92676	 -20186.56445	  20206.56445
 10015	 -11220.95215	 -9356.95508	 -20291.26758	  20311.26758
 9918	 -11127.05664	 -9382.28809	 -20016.57422	  20036.57422
 10015	 -11220.95215	 -9356.95508	 -20291.26758	  20311.26758
 2942	 -11336.5625	 -9230.1709	 -20119.77734	  20139.77734
 10014	 -11011.44629	 -9547.92676	 -20186.56445	  20206.56445
 10110	 -10895.83496	 -9700.36816	 -20357.06445	  20377.06445
 3002	 -11105.34082	 -9496.30859	 -20462.27344	  20482.27344
 10014	 -11011.44629	 -9547.92676	 -20186.56445	  20206.56445
 3002	 -11105.34082	 -9496.30859	 -20462.27344	  20482.27344
 10015	 -11220.95215	 -9356.95508	 -20291.26758	  20311.26758
 10109	 -10686.3252	 -9894.77539	 -20252.22461	  20272.22461
 10190	 -10780.22461	 -9800.01953	 -20529.60156	  20549.60156
 10110	 -10895.83496	 -9700.36816	 -20357.06445	  20377.06445
 10109	 -10686.3252	 -9894.77539	 -20252.22461	  20272.22461
 10189	 -10570.71484	 -9994.42676	 -20424.76172	  20444.76172
 10190	 -10780.22461	 -9800.01953	 -20529.60156	  20549.60156
 10110	 -10895.83496	 -9700.36816	 -20357.06445	  20377.06445
 10191	 -10989.73047	 -9599.50098	 -20634.67383	  20654.67383
 3002	 -11105.34082	 -9496.30859	 -20462.27344	  20482.27344
 10110	 -10895.83496	 -9700.36816	 -20357.06445	  20377.06445
 10190	 -10780.22461	 -9800.01953	 -20529.60156	  20549.60156
 10191	 -10989.73047	 -9599.50098	 -20634.67383	  20654.67383
 10015	 -11220.95215	 -9356.95508	 -20291.26758	  20311.26758
 3002	 -11105.34082	 -9496.30859	 -20462.27344	  20482.27344
 10111	 -11314.84863	 -9294.89551	 -20567.38281	  20587.38281
 2942	 -11336.5625	 -9230.1709	 -20119.77734	  20139.77734
 10015	 -11220.95215	 -9356.95508	 -20291.26758	  20311.26758
 10016	 -11430.45996	 -9175.2666	 -20395.61523	  20415.61523
 10015	 -11220.95215	 -9356.95508	 -20291.26758	  20311.26758
 10111	 -11314.84863	 -9294.89551	 -20567.38281	  20587.38281
 10016	 -11430.45996	 -9175.2666	 -20395.61523	  20415.61523
 2942	 -11336.5625	 -9230.1709	 -20119.77734	  20139.77734
 10016	 -11430.45996	 -9175.2666	 -20395.61523	  20415.61523
 9919	 -11546.07031	 -9100.83398	 -20222.10352	  20242.10352
 3002	 -11105.34082	 -9496.30859	 -20462.27344	  20482.27344
 762	 -11199.23828	 -9395.09766	 -20739.89844	  20759.89844
 10111	 -11314.84863	 -9294.89551	 -20567.38281	  20587.38281
 3002	 -11105.34082	 -9496.30859	 -20462.27344	  20482.27344
 10191	 -10989.73047	 -9599.50098	 -20634.67383	  20654.67383
 762	 -11199.23828	 -9395.09766	 -20739.89844	  20759.89844
 9919	 -11546.07031	 -9100.83398	 -20222.10352	  20242.10352
 10016	 -11430.45996	 -9175.2666	 -20395.61523	  20415.61523
 10017	 -11639.96777	 -9015.74414	 -20499.10742	  20519.10742
 9919	 -11546.07031	 -9100.83398	 -20222.10352	  20242.10352
 10017	 -11639.96777	 -9015.74414	 -20499.10742	  20519.10742
 2943	 -11755.57813	 -8995.5498	 -20323.50195	  20343.50195
 10016	 -11430.45996	 -9175.2666	 -20395.61523	  20415.61523
 10111	 -11314.84863	 -9294.89551	 -20567.38281	  20587.38281
 3003	 -11524.35645	 -9093.92188	 -20672.47461	  20692.47461
 10016	 -11430.45996	 -9175.2666	 -20395.61523	  20415.61523
 3003	 -11524.35645	 -9093.92188	 -20672.47461	  20692.47461
 10017	 -11639.96777	 -9015.74414	 -20499.10742	  20519.10742
 2943	 -11755.57813	 -8995.5498	 -20323.50195	  20343.50195
 10017	 -11639.96777	 -9015.74414	 -20499.10742	  20519.10742
 10018	 -11849.47559	 -8886.43848	 -20601.43164	  20621.43164
 2943	 -11755.57813	 -8995.5498	 -20323.50195	  20343.50195
 10018	 -11849.47559	 -8886.43848	 -20601.43164	  20621.43164
 9920	 -11965.08594	 -8909.69043	 -20424.14844	  20444.14844
 9920	 -11965.08594	 -8909.69043	 -20424.14844	  20444.14844
 10018	 -11849.47559	 -8886.43848	 -20601.43164	  20621.43164
 10019	 -12058.9834	 -8789.5293	 -20702.50586	  20722.50586
 10017	 -11639.96777	 -9015.74414	 -20499.10742	  20519.10742
 10112	 -11733.86426	 -8912.73242	 -20776.80078	  20796.80078
 10018	 -11849.47559	 -8886.43848	 -20601.43164	  20621.43164
 10017	 -11639.96777	 -9015.74414	 -20499.10742	  20519.10742
 3003	 -11524.35645	 -9093.92188	 -20672.47461	  20692.47461
 10112	 -11733.86426	 -8912.73242	 -20776.80078	  20796.80078
 10018	 -11849.47559	 -8886.43848	 -20601.43164	  20621.43164
 3004	 -11943.37207	 -8778.15527	 -20879.33008	  20899.33008
 10019	 -12058.9834	 -8789.5293	 -20702.50586	  20722.50586
 10018	 -11849.47559	 -8886.43848	 -20601.43164	  20621.43164
 10112	 -11733.86426	 -8912.73242	 -20776.80078	  20796.80078
 3004	 -11943.37207	 -8778.15527	 -20879.33008	  20899.33008
 10019	 -12058.9834	 -8789.5293	 -20702.50586	  20722.50586
 3004	 -11943.37207	 -8778.15527	 -20879.33008	  20899.33008
 10113	 -12152.87988	 -8683.77637	 -20980.30664	  21000.30664
 3004	 -11943.37207	 -8778.15527	 -20879.33008	  20899.33008
 763	 -12037.26953	 -8671.57617	 -21157.16406	  21177.16406
 10113	 -12152.87988	 -8683.77637	 -20980.30664	  21000.30664
 3004	 -11943.37207	 -8778.15527	 -20879.33008	  20899.33008
 10194	 -11827.76172	 -8796.69531	 -21054.99805	  21074.99805
 763	 -12037.26953	 -8671.57617	 -21157.16406	  21177.16406
 10112	 -11733.86426	 -8912.73242	 -20776.80078	  20796.80078
 10194	 -11827.76172	 -8796.69531	 -21054.99805	  21074.99805
 3004	 -11943.37207	 -8778.15527	 -20879.33008	  20899.33008
 10194	 -11827.76172	 -8796.69531	 -21054.99805	  21074.99805
 10273	 -11921.65918	 -8680.6582	 -21333.19531	  21353.19531
 763	 -12037.26953	 -8671.57617	 -21157.16406	  21177.16406
 10112	 -11733.86426	 -8912.73242	 -20776.80078	  20796.80078
 10193	 -11618.25391	 -8969.10645	 -20951.00977	  20971.00977
 10194	 -11827.76172	 -8796.69531	 -21054.99805	  21074.99805
 3003	 -11524.35645	 -9093.92188	 -20672.47461	  20692.47461
 10193	 -11618.25391	 -8969.10645	 -20951.00977	  20971.00977
 10112	 -11733.86426	 -8912.73242	 -20776.80078	  20796.80078
 10194	 -11827.76172	 -8796.69531	 -21054.99805	  21074.99805
 3068	 -11712.15137	 -8824.69434	 -21230.30273	  21250.30273
 10273	 -11921.65918	 -8680.6582	 -21333.19531	  21353.19531
 10193	 -11618.25391	 -8969.10645	 -20951.00977	  20971.00977
 3068	 -11712.15137	 -8824.69434	 -21230.30273	  21250.30273
 10194	 -11827.76172	 -8796.69531	 -21054.99805	  21074.99805
 3068	 -11712.15137	 -8824.69434	 -21230.30273	  21250.30273
 10363	 -11806.04785	 -8699.19922	 -21508.86719	  21528.86719
 10273	 -11921.65918	 -8680.6582	 -21333.19531	  21353.19531
 3003	 -11524.35645	 -9093.92188	 -20672.47461	  20692.47461
 10192	 -11408.74609	 -9185.90723	 -20845.30859	  20865.30859
 10193	 -11618.25391	 -8969.10645	 -20951.00977	  20971.00977
 10111	 -11314.84863	 -9294.89551	 -20567.38281	  20587.38281
 10192	 -11408.74609	 -9185.90723	 -20845.30859	  20865.30859
 3003	 -11524.35645	 -9093.92188	 -20672.47461	  20692.47461
 10111	 -11314.84863	 -9294.89551	 -20567.38281	  20587.38281
 762	 -11199.23828	 -9395.09766	 -20739.89844	  20759.89844
 10192	 -11408.74609	 -9185.90723	 -20845.30859	  20865.30859
 10193	 -11618.25391	 -8969.10645	 -20951.00977	  20971.00977
 10272	 -11502.64355	 -9032.57422	 -21124.94531	  21144.94531
 3068	 -11712.15137	 -8824.69434	 -21230.30273	  21250.30273
 10192	 -11408.74609	 -9185.90723	 -20845.30859	  20865.30859
 10272	 -11502.64355	 -9032.57422	 -21124.94531	  21144.94531
 10193	 -11618.25391	 -8969.10645	 -20951.00977	  20971.00977
 3068	 -11712.15137	 -8824.69434	 -21230.30273	  21250.30273
 10362	 -11596.54004	 -8855.05762	 -21405.51563	  21425.51563
 10363	 -11806.04785	 -8699.19922	 -21508.86719	  21528.86719
 10272	 -11502.64355	 -9032.57422	 -21124.94531	  21144.94531
 10362	 -11596.54004	 -8855.05762	 -21405.51563	  21425.51563
 3068	 -11712.15137	 -8824.69434	 -21230.30273	  21250.30273
 10362	 -11596.54004	 -8855.05762	 -21405.51563	  21425.51563
 10449	 -11690.4375	 -8715.37598	 -21684.625	  21704.625
 10363	 -11806.04785	 -8699.19922	 -21508.86719	  21528.86719
 10192	 -11408.74609	 -9185.90723	 -20845.30859	  20865.30859
 3067	 -11293.13574	 -9257.35156	 -21018.93555	  21038.93555
 10272	 -11502.64355	 -9032.57422	 -21124.94531	  21144.94531
 762	 -11199.23828	 -9395.09766	 -20739.89844	  20759.89844
 3067	 -11293.13574	 -9257.35156	 -21018.93555	  21038.93555
 10192	 -11408.74609	 -9185.90723	 -20845.30859	  20865.30859
 10272	 -11502.64355	 -9032.57422	 -21124.94531	  21144.94531
 188	 -11387.03223	 -9084.21777	 -21299.33594	  21319.33594
 10362	 -11596.54004	 -8855.05762	 -21405.51563	  21425.51563
 3067	 -11293.13574	 -9257.35156	 -21018.93555	  21038.93555
 188	 -11387.03223	 -9084.21777	 -21299.33594	  21319.33594
 10272	 -11502.64355	 -9032.57422	 -21124.94531	  21144.94531
 10362	 -11596.54004	 -8855.05762	 -21405.51563	  21425.51563
 3132	 -11480.92969	 -8883.05664	 -21580.82031	  21600.82031
 10449	 -11690.4375	 -8715.37598	 -21684.625	  21704.625
 188	 -11387.03223	 -9084.21777	 -21299.33594	  21319.33594
 3132	 -11480.92969	 -8883.05664	 -21580.82031	  21600.82031
 10362	 -11596.54004	 -8855.05762	 -21405.51563	  21425.51563
 3132	 -11480.92969	 -8883.05664	 -21580.82031	  21600.82031
 795	 -11574.82715	 -8724.45801	 -21860.66016	  21880.66016
 10449	 -11690.4375	 -8715.37598	 -21684.625	  21704.625
 762	 -11199.23828	 -9395.09766	 -20739.89844	  20759.89844
 10271	 -11083.62793	 -9462.43262	 -20913.68555	  20933.68555
 3067	 -11293.13574	 -9257.35156	 -21018.93555	  21038.93555
 10191	 -10989.73047	 -9599.50098	 -20634.67383	  20654.67383
 10271	 -11083.62793	 -9462.43262	 -20913.68555	  20933.68555
 762	 -11199.23828	 -9395.09766	 -20739.89844	  20759.89844
 3132	 -11480.92969	 -8883.05664	 -21580.82031	  21600.82031
 10530	 -11365.31934	 -8892.13965	 -21756.85352	  21776.85352
 795	 -11574.82715	 -8724.45801	 -21860.66016	  21880.66016
 10530	 -11365.31934	 -8892.13965	 -21756.85352	  21776.85352
 10609	 -11459.2168	 -8730.80957	 -22036.80078	  22056.80078
 795	 -11574.82715	 -8724.45801	 -21860.66016	  21880.66016
 188	 -11387.03223	 -9084.21777	 -21299.33594	  21319.33594
 10448	 -11271.42188	 -9119.31152	 -21474.36719	  21494.36719
 3132	 -11480.92969	 -8883.05664	 -21580.82031	  21600.82031
 10448	 -11271.42188	 -9119.31152	 -21474.36719	  21494.36719
 10530	 -11365.31934	 -8892.13965	 -21756.85352	  21776.85352
 3132	 -11480.92969	 -8883.05664	 -21580.82031	  21600.82031
 3067	 -11293.13574	 -9257.35156	 -21018.93555	  21038.93555
 10361	 -11177.52441	 -9308.25586	 -21193.35547	  21213.35547
 188	 -11387.03223	 -9084.21777	 -21299.33594	  21319.33594
 10361	 -11177.52441	 -9308.25586	 -21193.35547	  21213.35547
 10448	 -11271.42188	 -9119.31152	 -21474.36719	  21494.36719
 188	 -11387.03223	 -9084.21777	 -21299.33594	  21319.33594
 10271	 -11083.62793	 -9462.43262	 -20913.68555	  20933.68555
 10361	 -11177.52441	 -9308.25586	 -21193.35547	  21213.35547
 3067	 -11293.13574	 -9257.35156	 -21018.93555	  21038.93555
 10530	 -11365.31934	 -8892.13965	 -21756.85352	  21776.85352
 3196	 -11249.70898	 -8884.66992	 -21933.52539	  21953.52539
 10609	 -11459.2168	 -8730.80957	 -22036.80078	  22056.80078
 3196	 -11249.70898	 -8884.66992	 -21933.52539	  21953.52539
 10708	 -11343.60645	 -8727.75293	 -22213.30273	  22233.30273
 10609	 -11459.2168	 -8730.80957	 -22036.80078	  22056.80078
 10448	 -11271.42188	 -9119.31152	 -21474.36719	  21494.36719
 10529	 -11155.81152	 -9130.75879	 -21650.31055	  21670.31055
 10530	 -11365.31934	 -8892.13965	 -21756.85352	  21776.85352
 10529	 -11155.81152	 -9130.75879	 -21650.31055	  21670.31055
 3196	 -11249.70898	 -8884.66992	 -21933.52539	  21953.52539
 10530	 -11365.31934	 -8892.13965	 -21756.85352	  21776.85352
 10361	 -11177.52441	 -9308.25586	 -21193.35547	  21213.35547
 3131	 -11061.91406	 -9338.51953	 -21368.57227	  21388.57227
 10448	 -11271.42188	 -9119.31152	 -21474.36719	  21494.36719
 3131	 -11061.91406	 -9338.51953	 -21368.57227	  21388.57227
 10529	 -11155.81152	 -9130.75879	 -21650.31055	  21670.31055
 10448	 -11271.42188	 -9119.31152	 -21474.36719	  21494.36719
 3196	 -11249.70898	 -8884.66992	 -21933.52539	  21953.52539
 10707	 -11134.09863	 -8858.2832	 -22110.93164	  22130.93164
 10708	 -11343.60645	 -8727.75293	 -22213.30273	  22233.30273
 10707	 -11134.09863	 -8858.2832	 -22110.93164	  22130.93164
 10836	 -11227.99512	 -8705.37305	 -22390.55273	  22410.55273
 10708	 -11343.60645	 -8727.75293	 -22213.30273	  22233.30273
 10529	 -11155.81152	 -9130.75879	 -21650.31055	  21670.31055
 10608	 -11040.20117	 -9120.92383	 -21827.07227	  21847.07227
 3196	 -11249.70898	 -8884.66992	 -21933.52539	  21953.52539
 10608	 -11040.20117	 -9120.92383	 -21827.07227	  21847.07227
 10707	 -11134.09863	 -8858.2832	 -22110.93164	  22130.93164
 3196	 -11249.70898	 -8884.66992	 -21933.52539	  21953.52539
 10707	 -11134.09863	 -8858.2832	 -22110.93164	  22130.93164
 10835	 -11018.4873	 -8820.50488	 -22288.77344	  22308.77344
 10836	 -11227.99512	 -8705.37305	 -22390.55273	  22410.55273
 10835	 -11018.4873	 -8820.50488	 -22288.77344	  22308.77344
 10929	 -11112.38477	 -8675.94043	 -22568.07422	  22588.07422
 10836	 -11227.99512	 -8705.37305	 -22390.55273	  22410.55273
 10608	 -11040.20117	 -9120.92383	 -21827.07227	  21847.07227
 10706	 -10924.59082	 -9087.44434	 -22004.75195	  22024.75195
 10707	 -11134.09863	 -8858.2832	 -22110.93164	  22130.93164
 10706	 -10924.59082	 -9087.44434	 -22004.75195	  22024.75195
 10835	 -11018.4873	 -8820.50488	 -22288.77344	  22308.77344
 10707	 -11134.09863	 -8858.2832	 -22110.93164	  22130.93164
 10528	 -10946.30371	 -9352.09961	 -21544.43164	  21564.43164
 10608	 -11040.20117	 -9120.92383	 -21827.07227	  21847.07227
 10529	 -11155.81152	 -9130.75879	 -21650.31055	  21670.31055
 3131	 -11061.91406	 -9338.51953	 -21368.57227	  21388.57227
 10528	 -10946.30371	 -9352.09961	 -21544.43164	  21564.43164
 10529	 -11155.81152	 -9130.75879	 -21650.31055	  21670.31055
 3195	 -10830.69336	 -9353.09668	 -21720.77734	  21740.77734
 10706	 -10924.59082	 -9087.44434	 -22004.75195	  22024.75195
 10608	 -11040.20117	 -9120.92383	 -21827.07227	  21847.07227
 10528	 -10946.30371	 -9352.09961	 -21544.43164	  21564.43164
 3195	 -10830.69336	 -9353.09668	 -21720.77734	  21740.77734
 10608	 -11040.20117	 -9120.92383	 -21827.07227	  21847.07227
 10835	 -11018.4873	 -8820.50488	 -22288.77344	  22308.77344
 3260	 -10902.87695	 -8777.3916	 -22466.82227	  22486.82227
 10929	 -11112.38477	 -8675.94043	 -22568.07422	  22588.07422
 3260	 -10902.87695	 -8777.3916	 -22466.82227	  22486.82227
 827	 -10996.77441	 -8643.75098	 -22745.70117	  22765.70117
 10929	 -11112.38477	 -8675.94043	 -22568.07422	  22588.07422
 10706	 -10924.59082	 -9087.44434	 -22004.75195	  22024.75195
 10834	 -10808.97949	 -9030.37305	 -22183.33789	  22203.33789
 10835	 -11018.4873	 -8820.50488	 -22288.77344	  22308.77344
 10834	 -10808.97949	 -9030.37305	 -22183.33789	  22203.33789
 3260	 -10902.87695	 -8777.3916	 -22466.82227	  22486.82227
 10835	 -11018.4873	 -8820.50488	 -22288.77344	  22308.77344
 3260	 -10902.87695	 -8777.3916	 -22466.82227	  22486.82227
 11010	 -10787.2666	 -8730.27051	 -22645.02734	  22665.02734
 827	 -10996.77441	 -8643.75098	 -22745.70117	  22765.70117
 11010	 -10787.2666	 -8730.27051	 -22645.02734	  22665.02734
 11089	 -10881.16406	 -8618.95703	 -22923.04492	  22943.04492
 827	 -10996.77441	 -8643.75098	 -22745.70117	  22765.70117
 10834	 -10808.97949	 -9030.37305	 -22183.33789	  22203.33789
 10928	 -10693.36914	 -8957.01855	 -22362.55664	  22382.55664
 3260	 -10902.87695	 -8777.3916	 -22466.82227	  22486.82227
 10928	 -10693.36914	 -8957.01855	 -22362.55664	  22382.55664
 11010	 -10787.2666	 -8730.27051	 -22645.02734	  22665.02734
 3260	 -10902.87695	 -8777.3916	 -22466.82227	  22486.82227
 10705	 -10715.08301	 -9328.91895	 -21898.09766	  21918.09766
 10834	 -10808.97949	 -9030.37305	 -22183.33789	  22203.33789
 10706	 -10924.59082	 -9087.44434	 -22004.75195	  22024.75195
 3195	 -10830.69336	 -9353.09668	 -21720.77734	  21740.77734
 10705	 -10715.08301	 -9328.91895	 -21898.09766	  21918.09766
 10706	 -10924.59082	 -9087.44434	 -22004.75195	  22024.75195
 10833	 -10599.47168	 -9280.09375	 -22076.36523	  22096.36523
 10928	 -10693.36914	 -8957.01855	 -22362.55664	  22382.55664
 10834	 -10808.97949	 -9030.37305	 -22183.33789	  22203.33789
 10705	 -10715.08301	 -9328.91895	 -21898.09766	  21918.09766
 10833	 -10599.47168	 -9280.09375	 -22076.36523	  22096.36523
 10834	 -10808.97949	 -9030.37305	 -22183.33789	  22203.33789
 11010	 -10787.2666	 -8730.27051	 -22645.02734	  22665.02734
 3324	 -10671.65625	 -8700.22266	 -22822.57227	  22842.57227
 11089	 -10881.16406	 -8618.95703	 -22923.04492	  22943.04492
 3324	 -10671.65625	 -8700.22266	 -22822.57227	  22842.57227
 11179	 -10765.55371	 -8604.12402	 -23100.00	  23120.00
 11089	 -10881.16406	 -8618.95703	 -22923.04492	  22943.04492
 10928	 -10693.36914	 -8957.01855	 -22362.55664	  22382.55664
 11009	 -10577.75879	 -8897.875	 -22541.22461	  22561.22461
 11010	 -10787.2666	 -8730.27051	 -22645.02734	  22665.02734
 11009	 -10577.75879	 -8897.875	 -22541.22461	  22561.22461
 3324	 -10671.65625	 -8700.22266	 -22822.57227	  22842.57227
 11010	 -10787.2666	 -8730.27051	 -22645.02734	  22665.02734
 3324	 -10671.65625	 -8700.22266	 -22822.57227	  22842.57227
 11178	 -10556.0459	 -8688.25977	 -22999.41992	  23019.41992
 11179	 -10765.55371	 -8604.12402	 -23100.00	  23120.00
 11178	 -10556.0459	 -8688.25977	 -22999.41992	  23019.41992
 11265	 -10649.94336	 -8594.45508	 -23276.75781	  23296.75781
