 3203	  12424.66016	 -485.99683	 -11259.16602	  11279.16602
 798	  12518.55762	 -437.22845	 -10987.33301	  11007.33301
 10615	  12634.16797	 -467.59186	 -11162.54492	  11182.54492
 3203	  12424.66016	 -485.99683	 -11259.16602	  11279.16602
 10720	  12749.77832	 -497.95551	 -11337.75879	  11357.75879
 10849	  12655.88184	 -545.07428	 -11609.65625	  11629.65625
 10721	  12540.27148	 -514.71075	 -11434.44434	  11454.44434
 10615	  12634.16797	 -467.59186	 -11162.54492	  11182.54492
 10720	  12749.77832	 -497.95551	 -11337.75879	  11357.75879
 10721	  12540.27148	 -514.71075	 -11434.44434	  11454.44434
 10936	  12561.98438	 -1313.93848	 -11853.69043	  11873.69043
 11021	  12677.5957	 -1596.70679	 -12019.16016	  12039.16016
 11022	  12468.08594	 -1765.23499	 -12109.9873	  12129.9873
 11021	  12677.5957	 -1596.70679	 -12019.16016	  12039.16016
 3332	  12583.69629	 -1902.95862	 -12281.05371	  12301.05371
 11022	  12468.08594	 -1765.23499	 -12109.9873	  12129.9873
 10849	  12655.88184	 -545.07428	 -11609.65625	  11629.65625
 3267	  12771.49219	 -598.14844	 -11783.99219	  11803.99219
 10936	  12561.98438	 -1313.93848	 -11853.69043	  11873.69043
 3267	  12771.49219	 -598.14844	 -11783.99219	  11803.99219
 11021	  12677.5957	 -1596.70679	 -12019.16016	  12039.16016
 10936	  12561.98438	 -1313.93848	 -11853.69043	  11873.69043
 11021	  12677.5957	 -1596.70679	 -12019.16016	  12039.16016
 11096	  12793.20605	 -1739.25024	 -12190.04102	  12210.04102
 3332	  12583.69629	 -1902.95862	 -12281.05371	  12301.05371
 11096	  12793.20605	 -1739.25024	 -12190.04102	  12210.04102
 206	  12699.30664	 -2034.64954	 -12452.35547	  12472.35547
 3332	  12583.69629	 -1902.95862	 -12281.05371	  12301.05371
 3267	  12771.49219	 -598.14844	 -11783.99219	  11803.99219
 11020	  12887.10352	 -1262.73267	 -11934.71973	  11954.71973
 11021	  12677.5957	 -1596.70679	 -12019.16016	  12039.16016
 11020	  12887.10352	 -1262.73267	 -11934.71973	  11954.71973
 11096	  12793.20605	 -1739.25024	 -12190.04102	  12210.04102
 11021	  12677.5957	 -1596.70679	 -12019.16016	  12039.16016
 10848	  12865.38867	 -528.31903	 -11512.9707	  11532.9707
 3267	  12771.49219	 -598.14844	 -11783.99219	  11803.99219
 10849	  12655.88184	 -545.07428	 -11609.65625	  11629.65625
 10720	  12749.77832	 -497.95551	 -11337.75879	  11357.75879
 10848	  12865.38867	 -528.31903	 -11512.9707	  11532.9707
 10849	  12655.88184	 -545.07428	 -11609.65625	  11629.65625
 10935	  12980.99902	 -558.68256	 -11688.18359	  11708.18359
 11020	  12887.10352	 -1262.73267	 -11934.71973	  11954.71973
 3267	  12771.49219	 -598.14844	 -11783.99219	  11803.99219
 10848	  12865.38867	 -528.31903	 -11512.9707	  11532.9707
 10935	  12980.99902	 -558.68256	 -11688.18359	  11708.18359
 3267	  12771.49219	 -598.14844	 -11783.99219	  11803.99219
 11096	  12793.20605	 -1739.25024	 -12190.04102	  12210.04102
 11192	  12908.81641	 -1861.99719	 -12361.6875	  12381.6875
 206	  12699.30664	 -2034.64954	 -12452.35547	  12472.35547
 11192	  12908.81641	 -1861.99719	 -12361.6875	  12381.6875
 3396	  12814.91699	 -2289.11768	 -12618.91504	  12638.91504
 206	  12699.30664	 -2034.64954	 -12452.35547	  12472.35547
 11020	  12887.10352	 -1262.73267	 -11934.71973	  11954.71973
 3331	  13002.71387	 -1660.59253	 -12095.74512	  12115.74512
 11096	  12793.20605	 -1739.25024	 -12190.04102	  12210.04102
 3331	  13002.71387	 -1660.59253	 -12095.74512	  12115.74512
 11192	  12908.81641	 -1861.99719	 -12361.6875	  12381.6875
 11096	  12793.20605	 -1739.25024	 -12190.04102	  12210.04102
 11192	  12908.81641	 -1861.99719	 -12361.6875	  12381.6875
 11272	  13024.42676	 -1965.77258	 -12534.06445	  12554.06445
 3396	  12814.91699	 -2289.11768	 -12618.91504	  12638.91504
 11272	  13024.42676	 -1965.77258	 -12534.06445	  12554.06445
 11358	  12930.52832	 -2923.76123	 -12770.79883	  12790.79883
 3396	  12814.91699	 -2289.11768	 -12618.91504	  12638.91504
 3331	  13002.71387	 -1660.59253	 -12095.74512	  12115.74512
 11191	  13118.32422	 -1748.73438	 -12268.72656	  12288.72656
 11192	  12908.81641	 -1861.99719	 -12361.6875	  12381.6875
 11191	  13118.32422	 -1748.73438	 -12268.72656	  12288.72656
 11272	  13024.42676	 -1965.77258	 -12534.06445	  12554.06445
 11192	  12908.81641	 -1861.99719	 -12361.6875	  12381.6875
 830	  13096.61035	 -758.96576	 -11856.83594	  11876.83594
 3331	  13002.71387	 -1660.59253	 -12095.74512	  12115.74512
 11020	  12887.10352	 -1262.73267	 -11934.71973	  11954.71973
 10935	  12980.99902	 -558.68256	 -11688.18359	  11708.18359
 830	  13096.61035	 -758.96576	 -11856.83594	  11876.83594
 11020	  12887.10352	 -1262.73267	 -11934.71973	  11954.71973
 11095	  13212.2207	 -1619.33777	 -12000.00586	  12020.00586
 11191	  13118.32422	 -1748.73438	 -12268.72656	  12288.72656
 3331	  13002.71387	 -1660.59253	 -12095.74512	  12115.74512
 830	  13096.61035	 -758.96576	 -11856.83594	  11876.83594
 11095	  13212.2207	 -1619.33777	 -12000.00586	  12020.00586
 3331	  13002.71387	 -1660.59253	 -12095.74512	  12115.74512
 11272	  13024.42676	 -1965.77258	 -12534.06445	  12554.06445
 11357	  13140.03711	 -2496.75024	 -12689.95117	  12709.95117
 11358	  12930.52832	 -2923.76123	 -12770.79883	  12790.79883
 11357	  13140.03711	 -2496.75024	 -12689.95117	  12709.95117
 3460	  13046.13965	 -3286.97339	 -12933.16309	  12953.16309
 11358	  12930.52832	 -2923.76123	 -12770.79883	  12790.79883
 11191	  13118.32422	 -1748.73438	 -12268.72656	  12288.72656
 3395	  13233.93457	 -1839.99158	 -12441.58887	  12461.58887
 11272	  13024.42676	 -1965.77258	 -12534.06445	  12554.06445
 3395	  13233.93457	 -1839.99158	 -12441.58887	  12461.58887
 11357	  13140.03711	 -2496.75024	 -12689.95117	  12709.95117
 11272	  13024.42676	 -1965.77258	 -12534.06445	  12554.06445
 11357	  13140.03711	 -2496.75024	 -12689.95117	  12709.95117
 11432	  13255.64941	 -2952.85059	 -12848.72852	  12868.72852
 3460	  13046.13965	 -3286.97339	 -12933.16309	  12953.16309
 11432	  13255.64941	 -2952.85059	 -12848.72852	  12868.72852
 11539	  13161.74902	 -3512.16064	 -13100.85254	  13120.85254
 3460	  13046.13965	 -3286.97339	 -12933.16309	  12953.16309
 3395	  13233.93457	 -1839.99158	 -12441.58887	  12461.58887
 11356	  13349.54492	 -1963.49536	 -12613.2041	  12633.2041
 11357	  13140.03711	 -2496.75024	 -12689.95117	  12709.95117
 11356	  13349.54492	 -1963.49536	 -12613.2041	  12633.2041
 11432	  13255.64941	 -2952.85059	 -12848.72852	  12868.72852
 11357	  13140.03711	 -2496.75024	 -12689.95117	  12709.95117
 11190	  13327.83105	 -1698.16028	 -12173.34668	  12193.34668
 3395	  13233.93457	 -1839.99158	 -12441.58887	  12461.58887
 11191	  13118.32422	 -1748.73438	 -12268.72656	  12288.72656
 11095	  13212.2207	 -1619.33777	 -12000.00586	  12020.00586
 11190	  13327.83105	 -1698.16028	 -12173.34668	  12193.34668
 11191	  13118.32422	 -1748.73438	 -12268.72656	  12288.72656
 11271	  13443.44141	 -1758.21826	 -12347.41309	  12367.41309
 11356	  13349.54492	 -1963.49536	 -12613.2041	  12633.2041
 3395	  13233.93457	 -1839.99158	 -12441.58887	  12461.58887
 11190	  13327.83105	 -1698.16028	 -12173.34668	  12193.34668
 11271	  13443.44141	 -1758.21826	 -12347.41309	  12367.41309
 3395	  13233.93457	 -1839.99158	 -12441.58887	  12461.58887
 11432	  13255.64941	 -2952.85059	 -12848.72852	  12868.72852
 11538	  13371.25781	 -3366.72827	 -13009.13379	  13029.13379
 11539	  13161.74902	 -3512.16064	 -13100.85254	  13120.85254
 11538	  13371.25781	 -3366.72827	 -13009.13379	  13029.13379
 3519	  13277.36035	 -3604.12329	 -13273.6875	  13293.6875
 11539	  13161.74902	 -3512.16064	 -13100.85254	  13120.85254
 11356	  13349.54492	 -1963.49536	 -12613.2041	  12633.2041
 3459	  13465.15625	 -2614.05103	 -12764.47559	  12784.47559
 11432	  13255.64941	 -2952.85059	 -12848.72852	  12868.72852
 3459	  13465.15625	 -2614.05103	 -12764.47559	  12784.47559
 11538	  13371.25781	 -3366.72827	 -13009.13379	  13029.13379
 11432	  13255.64941	 -2952.85059	 -12848.72852	  12868.72852
 11538	  13371.25781	 -3366.72827	 -13009.13379	  13029.13379
 11624	  13486.87012	 -3511.74634	 -13179.9209	  13199.9209
 3519	  13277.36035	 -3604.12329	 -13273.6875	  13293.6875
 11624	  13486.87012	 -3511.74634	 -13179.9209	  13199.9209
 11710	  13392.9707	 -3681.87842	 -13447.07129	  13467.07129
 3519	  13277.36035	 -3604.12329	 -13273.6875	  13293.6875
 3459	  13465.15625	 -2614.05103	 -12764.47559	  12784.47559
 11537	  13580.76563	 -3126.43799	 -12921.07715	  12941.07715
 11538	  13371.25781	 -3366.72827	 -13009.13379	  13029.13379
 11537	  13580.76563	 -3126.43799	 -12921.07715	  12941.07715
 11624	  13486.87012	 -3511.74634	 -13179.9209	  13199.9209
 11538	  13371.25781	 -3366.72827	 -13009.13379	  13029.13379
 862	  13559.05176	 -1807.55334	 -12521.89258	  12541.89258
 3459	  13465.15625	 -2614.05103	 -12764.47559	  12784.47559
 11356	  13349.54492	 -1963.49536	 -12613.2041	  12633.2041
 11271	  13443.44141	 -1758.21826	 -12347.41309	  12367.41309
 862	  13559.05176	 -1807.55334	 -12521.89258	  12541.89258
 11356	  13349.54492	 -1963.49536	 -12613.2041	  12633.2041
 11431	  13674.66406	 -2189.74072	 -12683.52344	  12703.52344
 11537	  13580.76563	 -3126.43799	 -12921.07715	  12941.07715
 3459	  13465.15625	 -2614.05103	 -12764.47559	  12784.47559
 862	  13559.05176	 -1807.55334	 -12521.89258	  12541.89258
 11431	  13674.66406	 -2189.74072	 -12683.52344	  12703.52344
 3459	  13465.15625	 -2614.05103	 -12764.47559	  12784.47559
 11624	  13486.87012	 -3511.74634	 -13179.9209	  13199.9209
 11709	  13602.48047	 -3593.62598	 -13353.14453	  13373.14453
 11710	  13392.9707	 -3681.87842	 -13447.07129	  13467.07129
 11709	  13602.48047	 -3593.62598	 -13353.14453	  13373.14453
 3580	  13508.58105	 -3718.45874	 -13622.04297	  13642.04297
 11710	  13392.9707	 -3681.87842	 -13447.07129	  13467.07129
 11537	  13580.76563	 -3126.43799	 -12921.07715	  12941.07715
 3518	  13696.37695	 -3419.63867	 -13086.14453	  13106.14453
 11624	  13486.87012	 -3511.74634	 -13179.9209	  13199.9209
 3518	  13696.37695	 -3419.63867	 -13086.14453	  13106.14453
 11709	  13602.48047	 -3593.62598	 -13353.14453	  13373.14453
 11624	  13486.87012	 -3511.74634	 -13179.9209	  13199.9209
 11709	  13602.48047	 -3593.62598	 -13353.14453	  13373.14453
 11784	  13718.09082	 -3633.31494	 -13527.99707	  13547.99707
 3580	  13508.58105	 -3718.45874	 -13622.04297	  13642.04297
 11784	  13718.09082	 -3633.31494	 -13527.99707	  13547.99707
 222	  13624.19238	 -3674.21729	 -13800.13867	  13820.13867
 3580	  13508.58105	 -3718.45874	 -13622.04297	  13642.04297
 3518	  13696.37695	 -3419.63867	 -13086.14453	  13106.14453
 11708	  13811.9873	 -3538.24146	 -13257.9502	  13277.9502
 11709	  13602.48047	 -3593.62598	 -13353.14453	  13373.14453
 11708	  13811.9873	 -3538.24146	 -13257.9502	  13277.9502
 11784	  13718.09082	 -3633.31494	 -13527.99707	  13547.99707
 11709	  13602.48047	 -3593.62598	 -13353.14453	  13373.14453
 11536	  13790.27246	 -2829.23315	 -12835.21875	  12855.21875
 3518	  13696.37695	 -3419.63867	 -13086.14453	  13106.14453
 11537	  13580.76563	 -3126.43799	 -12921.07715	  12941.07715
 11431	  13674.66406	 -2189.74072	 -12683.52344	  12703.52344
 11536	  13790.27246	 -2829.23315	 -12835.21875	  12855.21875
 11537	  13580.76563	 -3126.43799	 -12921.07715	  12941.07715
 11623	  13905.88477	 -3303.125	 -12993.31055	  13013.31055
 11708	  13811.9873	 -3538.24146	 -13257.9502	  13277.9502
 3518	  13696.37695	 -3419.63867	 -13086.14453	  13106.14453
 11536	  13790.27246	 -2829.23315	 -12835.21875	  12855.21875
 11623	  13905.88477	 -3303.125	 -12993.31055	  13013.31055
 3518	  13696.37695	 -3419.63867	 -13086.14453	  13106.14453
 11784	  13718.09082	 -3633.31494	 -13527.99707	  13547.99707
 11880	  13833.70215	 -3592.93872	 -13705.94141	  13725.94141
 222	  13624.19238	 -3674.21729	 -13800.13867	  13820.13867
 11880	  13833.70215	 -3592.93872	 -13705.94141	  13725.94141
 3644	  13739.80176	 -3698.36328	 -13975.58789	  13995.58789
 222	  13624.19238	 -3674.21729	 -13800.13867	  13820.13867
 11708	  13811.9873	 -3538.24146	 -13257.9502	  13277.9502
 3579	  13927.59766	 -3564.6394	 -13433.31543	  13453.31543
 11784	  13718.09082	 -3633.31494	 -13527.99707	  13547.99707
 3579	  13927.59766	 -3564.6394	 -13433.31543	  13453.31543
 11880	  13833.70215	 -3592.93872	 -13705.94141	  13725.94141
 11784	  13718.09082	 -3633.31494	 -13527.99707	  13547.99707
 11880	  13833.70215	 -3592.93872	 -13705.94141	  13725.94141
 11960	  13949.31152	 -3597.73169	 -13882.13965	  13902.13965
 3644	  13739.80176	 -3698.36328	 -13975.58789	  13995.58789
 11960	  13949.31152	 -3597.73169	 -13882.13965	  13902.13965
 12046	  13855.41309	 -3707.17725	 -14151.63477	  14171.63477
 3644	  13739.80176	 -3698.36328	 -13975.58789	  13995.58789
 3579	  13927.59766	 -3564.6394	 -13433.31543	  13453.31543
 11879	  14043.20898	 -3499.0166	 -13612.23535	  13632.23535
 11880	  13833.70215	 -3592.93872	 -13705.94141	  13725.94141
 11879	  14043.20898	 -3499.0166	 -13612.23535	  13632.23535
 11960	  13949.31152	 -3597.73169	 -13882.13965	  13902.13965
 11880	  13833.70215	 -3592.93872	 -13705.94141	  13725.94141
 894	  14021.49512	 -3469.9314	 -13163.25488	  13183.25488
 3579	  13927.59766	 -3564.6394	 -13433.31543	  13453.31543
 11708	  13811.9873	 -3538.24146	 -13257.9502	  13277.9502
 11623	  13905.88477	 -3303.125	 -12993.31055	  13013.31055
 894	  14021.49512	 -3469.9314	 -13163.25488	  13183.25488
 11708	  13811.9873	 -3538.24146	 -13257.9502	  13277.9502
 11783	  14137.10547	 -3504.26147	 -13338.31445	  13358.31445
 11879	  14043.20898	 -3499.0166	 -13612.23535	  13632.23535
 3579	  13927.59766	 -3564.6394	 -13433.31543	  13453.31543
 894	  14021.49512	 -3469.9314	 -13163.25488	  13183.25488
 11783	  14137.10547	 -3504.26147	 -13338.31445	  13358.31445
 3579	  13927.59766	 -3564.6394	 -13433.31543	  13453.31543
 11960	  13949.31152	 -3597.73169	 -13882.13965	  13902.13965
 12045	  14064.92285	 -3612.42334	 -14057.95898	  14077.95898
 12046	  13855.41309	 -3707.17725	 -14151.63477	  14171.63477
 12045	  14064.92285	 -3612.42334	 -14057.95898	  14077.95898
 3708	  13971.02246	 -3694.94312	 -14328.48926	  14348.48926
 12046	  13855.41309	 -3707.17725	 -14151.63477	  14171.63477
 11879	  14043.20898	 -3499.0166	 -13612.23535	  13632.23535
 3643	  14158.81836	 -3500.44165	 -13788.56348	  13808.56348
 11960	  13949.31152	 -3597.73169	 -13882.13965	  13902.13965
 3643	  14158.81836	 -3500.44165	 -13788.56348	  13808.56348
 12045	  14064.92285	 -3612.42334	 -14057.95898	  14077.95898
 11960	  13949.31152	 -3597.73169	 -13882.13965	  13902.13965
 12045	  14064.92285	 -3612.42334	 -14057.95898	  14077.95898
 12120	  14180.53223	 -3603.1936	 -14234.69824	  14254.69824
 3708	  13971.02246	 -3694.94312	 -14328.48926	  14348.48926
 12120	  14180.53223	 -3603.1936	 -14234.69824	  14254.69824
 12227	  14086.63477	 -3684.01465	 -14505.29883	  14525.29883
 3708	  13971.02246	 -3694.94312	 -14328.48926	  14348.48926
 3643	  14158.81836	 -3500.44165	 -13788.56348	  13808.56348
 12044	  14274.43066	 -3510.1355	 -13964.5752	  13984.5752
 12045	  14064.92285	 -3612.42334	 -14057.95898	  14077.95898
 12044	  14274.43066	 -3510.1355	 -13964.5752	  13984.5752
 12120	  14180.53223	 -3603.1936	 -14234.69824	  14254.69824
 12045	  14064.92285	 -3612.42334	 -14057.95898	  14077.95898
 11878	  14252.7168	 -3424.38574	 -13517.78418	  13537.78418
 3643	  14158.81836	 -3500.44165	 -13788.56348	  13808.56348
 11879	  14043.20898	 -3499.0166	 -13612.23535	  13632.23535
 11783	  14137.10547	 -3504.26147	 -13338.31445	  13358.31445
 11878	  14252.7168	 -3424.38574	 -13517.78418	  13537.78418
 11879	  14043.20898	 -3499.0166	 -13612.23535	  13632.23535
 11959	  14368.32617	 -3388.60571	 -13695.54883	  13715.54883
 12044	  14274.43066	 -3510.1355	 -13964.5752	  13984.5752
 3643	  14158.81836	 -3500.44165	 -13788.56348	  13808.56348
 11878	  14252.7168	 -3424.38574	 -13517.78418	  13537.78418
 11959	  14368.32617	 -3388.60571	 -13695.54883	  13715.54883
 3643	  14158.81836	 -3500.44165	 -13788.56348	  13808.56348
 12120	  14180.53223	 -3603.1936	 -14234.69824	  14254.69824
 12226	  14296.14355	 -3594.24609	 -14411.42969	  14431.42969
 12227	  14086.63477	 -3684.01465	 -14505.29883	  14525.29883
 12226	  14296.14355	 -3594.24609	 -14411.42969	  14431.42969
 3772	  14202.24512	 -3657.59033	 -14682.70313	  14702.70313
 12227	  14086.63477	 -3684.01465	 -14505.29883	  14525.29883
 12044	  14274.43066	 -3510.1355	 -13964.5752	  13984.5752
 3707	  14390.04004	 -3495.02539	 -14141.54199	  14161.54199
 12120	  14180.53223	 -3603.1936	 -14234.69824	  14254.69824
 3707	  14390.04004	 -3495.02539	 -14141.54199	  14161.54199
 12226	  14296.14355	 -3594.24609	 -14411.42969	  14431.42969
 12120	  14180.53223	 -3603.1936	 -14234.69824	  14254.69824
 12226	  14296.14355	 -3594.24609	 -14411.42969	  14431.42969
 12312	  14411.75391	 -3562.46411	 -14589.04199	  14609.04199
 3772	  14202.24512	 -3657.59033	 -14682.70313	  14702.70313
 12312	  14411.75391	 -3562.46411	 -14589.04199	  14609.04199
 12398	  14317.85547	 -3669.40234	 -14858.63184	  14878.63184
 3772	  14202.24512	 -3657.59033	 -14682.70313	  14702.70313
 3707	  14390.04004	 -3495.02539	 -14141.54199	  14161.54199
 12225	  14505.65137	 -3486.5437	 -14318.25488	  14338.25488
 12226	  14296.14355	 -3594.24609	 -14411.42969	  14431.42969
 12225	  14505.65137	 -3486.5437	 -14318.25488	  14338.25488
 12312	  14411.75391	 -3562.46411	 -14589.04199	  14609.04199
 12226	  14296.14355	 -3594.24609	 -14411.42969	  14431.42969
 926	  14483.9375	 -3385.89771	 -13872.03906	  13892.03906
 3707	  14390.04004	 -3495.02539	 -14141.54199	  14161.54199
 12044	  14274.43066	 -3510.1355	 -13964.5752	  13984.5752
 11959	  14368.32617	 -3388.60571	 -13695.54883	  13715.54883
 926	  14483.9375	 -3385.89771	 -13872.03906	  13892.03906
 12044	  14274.43066	 -3510.1355	 -13964.5752	  13984.5752
 12119	  14599.54688	 -3375.01807	 -14048.84277	  14068.84277
 12225	  14505.65137	 -3486.5437	 -14318.25488	  14338.25488
 3707	  14390.04004	 -3495.02539	 -14141.54199	  14161.54199
 926	  14483.9375	 -3385.89771	 -13872.03906	  13892.03906
 12119	  14599.54688	 -3375.01807	 -14048.84277	  14068.84277
 3707	  14390.04004	 -3495.02539	 -14141.54199	  14161.54199
 12312	  14411.75391	 -3562.46411	 -14589.04199	  14609.04199
 12397	  14527.36426	 -3534.26318	 -14766.51563	  14786.51563
 12398	  14317.85547	 -3669.40234	 -14858.63184	  14878.63184
 12397	  14527.36426	 -3534.26318	 -14766.51563	  14786.51563
 3836	  14433.46582	 -3691.48828	 -15034.16309	  15054.16309
 12398	  14317.85547	 -3669.40234	 -14858.63184	  14878.63184
 12225	  14505.65137	 -3486.5437	 -14318.25488	  14338.25488
 3771	  14621.26172	 -3464.01318	 -14495.51074	  14515.51074
 12312	  14411.75391	 -3562.46411	 -14589.04199	  14609.04199
 3771	  14621.26172	 -3464.01318	 -14495.51074	  14515.51074
 12397	  14527.36426	 -3534.26318	 -14766.51563	  14786.51563
 12312	  14411.75391	 -3562.46411	 -14589.04199	  14609.04199
 12397	  14527.36426	 -3534.26318	 -14766.51563	  14786.51563
 12472	  14642.97461	 -3558.02759	 -14941.98242	  14961.98242
 3836	  14433.46582	 -3691.48828	 -15034.16309	  15054.16309
 12472	  14642.97461	 -3558.02759	 -14941.98242	  14961.98242
 12579	  14549.07617	 -3706.51563	 -15209.96875	  15229.96875
 3836	  14433.46582	 -3691.48828	 -15034.16309	  15054.16309
 3771	  14621.26172	 -3464.01318	 -14495.51074	  14515.51074
 12396	  14736.87207	 -3426.36987	 -14673.34766	  14693.34766
 12397	  14527.36426	 -3534.26318	 -14766.51563	  14786.51563
 12396	  14736.87207	 -3426.36987	 -14673.34766	  14693.34766
 12472	  14642.97461	 -3558.02759	 -14941.98242	  14961.98242
 12397	  14527.36426	 -3534.26318	 -14766.51563	  14786.51563
 12224	  14715.1582	 -3364.00	 -14225.6543	  14245.6543
 3771	  14621.26172	 -3464.01318	 -14495.51074	  14515.51074
 12225	  14505.65137	 -3486.5437	 -14318.25488	  14338.25488
 12119	  14599.54688	 -3375.01807	 -14048.84277	  14068.84277
 12224	  14715.1582	 -3364.00	 -14225.6543	  14245.6543
 12225	  14505.65137	 -3486.5437	 -14318.25488	  14338.25488
 12311	  14830.76855	 -3345.2478	 -14402.7627	  14422.7627
 12396	  14736.87207	 -3426.36987	 -14673.34766	  14693.34766
 3771	  14621.26172	 -3464.01318	 -14495.51074	  14515.51074
 12224	  14715.1582	 -3364.00	 -14225.6543	  14245.6543
 12311	  14830.76855	 -3345.2478	 -14402.7627	  14422.7627
 3771	  14621.26172	 -3464.01318	 -14495.51074	  14515.51074
 12472	  14642.97461	 -3558.02759	 -14941.98242	  14961.98242
 12578	  14758.58594	 -3581.79224	 -15117.4502	  15137.4502
 12579	  14549.07617	 -3706.51563	 -15209.96875	  15229.96875
 12578	  14758.58594	 -3581.79224	 -15117.4502	  15137.4502
 12	  14664.6875	 -3739.69067	 -15385.07324	  15405.07324
 12579	  14549.07617	 -3706.51563	 -15209.96875	  15229.96875
 12578	  14758.58594	 -3581.79224	 -15117.4502	  15137.4502
 12658	  14874.19727	 -3617.92993	 -15292.44141	  15312.44141
 12	  14664.6875	 -3739.69067	 -15385.07324	  15405.07324
 12396	  14736.87207	 -3426.36987	 -14673.34766	  14693.34766
 3835	  14852.48242	 -3426.5083	 -14849.72754	  14869.72754
 12472	  14642.97461	 -3558.02759	 -14941.98242	  14961.98242
 3835	  14852.48242	 -3426.5083	 -14849.72754	  14869.72754
 12578	  14758.58594	 -3581.79224	 -15117.4502	  15137.4502
 12472	  14642.97461	 -3558.02759	 -14941.98242	  14961.98242
 12577	  14968.09277	 -3447.61694	 -15025.29688	  15045.29688
 12658	  14874.19727	 -3617.92993	 -15292.44141	  15312.44141
 12578	  14758.58594	 -3581.79224	 -15117.4502	  15137.4502
 3835	  14852.48242	 -3426.5083	 -14849.72754	  14869.72754
 12577	  14968.09277	 -3447.61694	 -15025.29688	  15045.29688
 12578	  14758.58594	 -3581.79224	 -15117.4502	  15137.4502
 12577	  14968.09277	 -3447.61694	 -15025.29688	  15045.29688
 3895	  15083.7041	 -3493.31372	 -15199.91992	  15219.91992
 12658	  14874.19727	 -3617.92993	 -15292.44141	  15312.44141
 958	  14946.37891	 -3322.71704	 -14580.0166	  14600.0166
 3835	  14852.48242	 -3426.5083	 -14849.72754	  14869.72754
 12396	  14736.87207	 -3426.36987	 -14673.34766	  14693.34766
 12311	  14830.76855	 -3345.2478	 -14402.7627	  14422.7627
 958	  14946.37891	 -3322.71704	 -14580.0166	  14600.0166
 12396	  14736.87207	 -3426.36987	 -14673.34766	  14693.34766
 12471	  15061.98926	 -3308.40601	 -14756.9541	  14776.9541
 12577	  14968.09277	 -3447.61694	 -15025.29688	  15045.29688
 3835	  14852.48242	 -3426.5083	 -14849.72754	  14869.72754
 958	  14946.37891	 -3322.71704	 -14580.0166	  14600.0166
 12471	  15061.98926	 -3308.40601	 -14756.9541	  14776.9541
 3835	  14852.48242	 -3426.5083	 -14849.72754	  14869.72754
 12576	  15177.60059	 -3316.49854	 -14933.02637	  14953.02637
 3895	  15083.7041	 -3493.31372	 -15199.91992	  15219.91992
 12577	  14968.09277	 -3447.61694	 -15025.29688	  15045.29688
 12471	  15061.98926	 -3308.40601	 -14756.9541	  14776.9541
 12576	  15177.60059	 -3316.49854	 -14933.02637	  14953.02637
 12577	  14968.09277	 -3447.61694	 -15025.29688	  15045.29688
 12576	  15177.60059	 -3316.49854	 -14933.02637	  14953.02637
 12657	  15293.21191	 -3358.4104	 -15107.79395	  15127.79395
 3895	  15083.7041	 -3493.31372	 -15199.91992	  15219.91992
 12395	  15155.88672	 -3197.11401	 -14487.5332	  14507.5332
 12471	  15061.98926	 -3308.40601	 -14756.9541	  14776.9541
 958	  14946.37891	 -3322.71704	 -14580.0166	  14600.0166
 12575	  15387.10742	 -3185.44775	 -14840.75293	  14860.75293
 12657	  15293.21191	 -3358.4104	 -15107.79395	  15127.79395
 12576	  15177.60059	 -3316.49854	 -14933.02637	  14953.02637
 12575	  15387.10742	 -3185.44775	 -14840.75293	  14860.75293
 3894	  15502.71973	 -3220.43384	 -15015.78906	  15035.78906
 12657	  15293.21191	 -3358.4104	 -15107.79395	  15127.79395
 3834	  15271.49707	 -3178.26782	 -14664.64551	  14684.64551
 12576	  15177.60059	 -3316.49854	 -14933.02637	  14953.02637
 12471	  15061.98926	 -3308.40601	 -14756.9541	  14776.9541
 3834	  15271.49707	 -3178.26782	 -14664.64551	  14684.64551
 12575	  15387.10742	 -3185.44775	 -14840.75293	  14860.75293
 12576	  15177.60059	 -3316.49854	 -14933.02637	  14953.02637
 12395	  15155.88672	 -3197.11401	 -14487.5332	  14507.5332
 3834	  15271.49707	 -3178.26782	 -14664.64551	  14684.64551
 12471	  15061.98926	 -3308.40601	 -14756.9541	  14776.9541
 12574	  15596.61523	 -3047.90527	 -14748.73047	  14768.73047
 3894	  15502.71973	 -3220.43384	 -15015.78906	  15035.78906
 12575	  15387.10742	 -3185.44775	 -14840.75293	  14860.75293
 12574	  15596.61523	 -3047.90527	 -14748.73047	  14768.73047
 12656	  15712.22656	 -3075.79443	 -14924.04004	  14944.04004
 3894	  15502.71973	 -3220.43384	 -15015.78906	  15035.78906
 12470	  15481.00488	 -3040.6377	 -14572.62598	  14592.62598
 12575	  15387.10742	 -3185.44775	 -14840.75293	  14860.75293
 3834	  15271.49707	 -3178.26782	 -14664.64551	  14684.64551
 12470	  15481.00488	 -3040.6377	 -14572.62598	  14592.62598
 12574	  15596.61523	 -3047.90527	 -14748.73047	  14768.73047
 12575	  15387.10742	 -3185.44775	 -14840.75293	  14860.75293
 12573	  15806.12305	 -2896.98755	 -14657.22363	  14677.22363
 12656	  15712.22656	 -3075.79443	 -14924.04004	  14944.04004
 12574	  15596.61523	 -3047.90527	 -14748.73047	  14768.73047
 12573	  15806.12305	 -2896.98755	 -14657.22363	  14677.22363
 3893	  15921.73535	 -2927.35132	 -14832.4375	  14852.4375
 12656	  15712.22656	 -3075.79443	 -14924.04004	  14944.04004
 3833	  15690.5127	 -2894.66211	 -14480.92969	  14500.92969
 12574	  15596.61523	 -3047.90527	 -14748.73047	  14768.73047
 12470	  15481.00488	 -3040.6377	 -14572.62598	  14592.62598
 3833	  15690.5127	 -2894.66211	 -14480.92969	  14500.92969
 12573	  15806.12305	 -2896.98755	 -14657.22363	  14677.22363
 12574	  15596.61523	 -3047.90527	 -14748.73047	  14768.73047
 12394	  15365.39453	 -3053.16675	 -14395.75879	  14415.75879
 12470	  15481.00488	 -3040.6377	 -14572.62598	  14592.62598
 3834	  15271.49707	 -3178.26782	 -14664.64551	  14684.64551
 12394	  15365.39453	 -3053.16675	 -14395.75879	  14415.75879
 3834	  15271.49707	 -3178.26782	 -14664.64551	  14684.64551
 12395	  15155.88672	 -3197.11401	 -14487.5332	  14507.5332
 12393	  15574.90234	 -2906.0459	 -14304.10449	  14324.10449
 3833	  15690.5127	 -2894.66211	 -14480.92969	  14500.92969
 12470	  15481.00488	 -3040.6377	 -14572.62598	  14592.62598
 12393	  15574.90234	 -2906.0459	 -14304.10449	  14324.10449
 12470	  15481.00488	 -3040.6377	 -14572.62598	  14592.62598
 12394	  15365.39453	 -3053.16675	 -14395.75879	  14415.75879
 12572	  16015.63086	 -2747.14258	 -14565.67676	  14585.67676
 3893	  15921.73535	 -2927.35132	 -14832.4375	  14852.4375
 12573	  15806.12305	 -2896.98755	 -14657.22363	  14677.22363
 12572	  16015.63086	 -2747.14258	 -14565.67676	  14585.67676
 12655	  16131.24219	 -2779.15649	 -14740.82617	  14760.82617
 3893	  15921.73535	 -2927.35132	 -14832.4375	  14852.4375
 12469	  15900.02051	 -2740.7002	 -14389.54004	  14409.54004
 12573	  15806.12305	 -2896.98755	 -14657.22363	  14677.22363
 3833	  15690.5127	 -2894.66211	 -14480.92969	  14500.92969
 12469	  15900.02051	 -2740.7002	 -14389.54004	  14409.54004
 12572	  16015.63086	 -2747.14258	 -14565.67676	  14585.67676
 12573	  15806.12305	 -2896.98755	 -14657.22363	  14677.22363
 12571	  16225.1377	 -2603.42529	 -14473.89258	  14493.89258
 12655	  16131.24219	 -2779.15649	 -14740.82617	  14760.82617
 12572	  16015.63086	 -2747.14258	 -14565.67676	  14585.67676
 12571	  16225.1377	 -2603.42529	 -14473.89258	  14493.89258
 3892	  16340.75	 -2650.15918	 -14648.47461	  14668.47461
 12655	  16131.24219	 -2779.15649	 -14740.82617	  14760.82617
 3832	  16109.52734	 -2587.98633	 -14298.10352	  14318.10352
 12572	  16015.63086	 -2747.14258	 -14565.67676	  14585.67676
 12469	  15900.02051	 -2740.7002	 -14389.54004	  14409.54004
 3832	  16109.52734	 -2587.98633	 -14298.10352	  14318.10352
 12571	  16225.1377	 -2603.42529	 -14473.89258	  14493.89258
 12572	  16015.63086	 -2747.14258	 -14565.67676	  14585.67676
 957	  15784.41016	 -2750.13306	 -14212.79199	  14232.79199
 12469	  15900.02051	 -2740.7002	 -14389.54004	  14409.54004
 3833	  15690.5127	 -2894.66211	 -14480.92969	  14500.92969
 957	  15784.41016	 -2750.13306	 -14212.79199	  14232.79199
 3833	  15690.5127	 -2894.66211	 -14480.92969	  14500.92969
 12393	  15574.90234	 -2906.0459	 -14304.10449	  14324.10449
 12392	  15993.91699	 -2595.7085	 -14121.4209	  14141.4209
 3832	  16109.52734	 -2587.98633	 -14298.10352	  14318.10352
 12469	  15900.02051	 -2740.7002	 -14389.54004	  14409.54004
 12392	  15993.91699	 -2595.7085	 -14121.4209	  14141.4209
 12469	  15900.02051	 -2740.7002	 -14389.54004	  14409.54004
 957	  15784.41016	 -2750.13306	 -14212.79199	  14232.79199
 12570	  16434.64453	 -2467.00171	 -14381.82617	  14401.82617
 3892	  16340.75	 -2650.15918	 -14648.47461	  14668.47461
 12571	  16225.1377	 -2603.42529	 -14473.89258	  14493.89258
 12570	  16434.64453	 -2467.00171	 -14381.82617	  14401.82617
 235	  16550.25781	 -2551.80566	 -14554.93945	  14574.93945
 3892	  16340.75	 -2650.15918	 -14648.47461	  14668.47461
 12468	  16319.03516	 -2441.58716	 -14206.42285	  14226.42285
 12571	  16225.1377	 -2603.42529	 -14473.89258	  14493.89258
 3832	  16109.52734	 -2587.98633	 -14298.10352	  14318.10352
 12468	  16319.03516	 -2441.58716	 -14206.42285	  14226.42285
 12570	  16434.64453	 -2467.00171	 -14381.82617	  14401.82617
 12571	  16225.1377	 -2603.42529	 -14473.89258	  14493.89258
 12569	  16644.1543	 -2376.83447	 -14287.97461	  14307.97461
 235	  16550.25781	 -2551.80566	 -14554.93945	  14574.93945
 12570	  16434.64453	 -2467.00171	 -14381.82617	  14401.82617
 12569	  16644.1543	 -2376.83447	 -14287.97461	  14307.97461
 3891	  16759.76563	 -2506.16089	 -14459.36816	  14479.36816
 235	  16550.25781	 -2551.80566	 -14554.93945	  14574.93945
 3831	  16528.54297	 -2322.17798	 -14113.69922	  14133.69922
 12570	  16434.64453	 -2467.00171	 -14381.82617	  14401.82617
 12468	  16319.03516	 -2441.58716	 -14206.42285	  14226.42285
 3831	  16528.54297	 -2322.17798	 -14113.69922	  14133.69922
 12569	  16644.1543	 -2376.83447	 -14287.97461	  14307.97461
 12570	  16434.64453	 -2467.00171	 -14381.82617	  14401.82617
 12391	  16203.4248	 -2444.21777	 -14029.93652	  14049.93652
 12468	  16319.03516	 -2441.58716	 -14206.42285	  14226.42285
 3832	  16109.52734	 -2587.98633	 -14298.10352	  14318.10352
 12391	  16203.4248	 -2444.21777	 -14029.93652	  14049.93652
 3832	  16109.52734	 -2587.98633	 -14298.10352	  14318.10352
 12392	  15993.91699	 -2595.7085	 -14121.4209	  14141.4209
 12390	  16412.93359	 -2310.49561	 -13937.7666	  13957.7666
 3831	  16528.54297	 -2322.17798	 -14113.69922	  14133.69922
 12468	  16319.03516	 -2441.58716	 -14206.42285	  14226.42285
 12390	  16412.93359	 -2310.49561	 -13937.7666	  13957.7666
 12468	  16319.03516	 -2441.58716	 -14206.42285	  14226.42285
 12391	  16203.4248	 -2444.21777	 -14029.93652	  14049.93652
 12568	  16853.66211	 -2397.19775	 -14189.85449	  14209.85449
 3891	  16759.76563	 -2506.16089	 -14459.36816	  14479.36816
 12569	  16644.1543	 -2376.83447	 -14287.97461	  14307.97461
 12568	  16853.66211	 -2397.19775	 -14189.85449	  14209.85449
 12654	  16969.27344	 -2547.04858	 -14360.45703	  14380.45703
 3891	  16759.76563	 -2506.16089	 -14459.36816	  14479.36816
 12467	  16738.05078	 -2289.2981	 -14017.63672	  14037.63672
 12569	  16644.1543	 -2376.83447	 -14287.97461	  14307.97461
 3831	  16528.54297	 -2322.17798	 -14113.69922	  14133.69922
 12467	  16738.05078	 -2289.2981	 -14017.63672	  14037.63672
 12568	  16853.66211	 -2397.19775	 -14189.85449	  14209.85449
 12569	  16644.1543	 -2376.83447	 -14287.97461	  14307.97461
 12567	  17063.16797	 -2562.73486	 -14086.13184	  14106.13184
 12654	  16969.27344	 -2547.04858	 -14360.45703	  14380.45703
 12568	  16853.66211	 -2397.19775	 -14189.85449	  14209.85449
 12567	  17063.16797	 -2562.73486	 -14086.13184	  14106.13184
 3890	  17178.78125	 -2774.56616	 -14254.33984	  14274.33984
 12654	  16969.27344	 -2547.04858	 -14360.45703	  14380.45703
 3830	  16947.55859	 -2361.6853	 -13917.50977	  13937.50977
 12568	  16853.66211	 -2397.19775	 -14189.85449	  14209.85449
 12467	  16738.05078	 -2289.2981	 -14017.63672	  14037.63672
 3830	  16947.55859	 -2361.6853	 -13917.50977	  13937.50977
 12567	  17063.16797	 -2562.73486	 -14086.13184	  14106.13184
 12568	  16853.66211	 -2397.19775	 -14189.85449	  14209.85449
 956	  16622.44141	 -2233.36401	 -13843.41113	  13863.41113
 12467	  16738.05078	 -2289.2981	 -14017.63672	  14037.63672
 3831	  16528.54297	 -2322.17798	 -14113.69922	  14133.69922
 956	  16622.44141	 -2233.36401	 -13843.41113	  13863.41113
 3831	  16528.54297	 -2322.17798	 -14113.69922	  14133.69922
 12390	  16412.93359	 -2310.49561	 -13937.7666	  13957.7666
 12389	  16831.94727	 -2238.05518	 -13745.89746	  13765.89746
 3830	  16947.55859	 -2361.6853	 -13917.50977	  13937.50977
 12467	  16738.05078	 -2289.2981	 -14017.63672	  14037.63672
 12389	  16831.94727	 -2238.05518	 -13745.89746	  13765.89746
 12467	  16738.05078	 -2289.2981	 -14017.63672	  14037.63672
 956	  16622.44141	 -2233.36401	 -13843.41113	  13863.41113
 12566	  17272.67773	 -2828.79028	 -13978.52734	  13998.52734
 3890	  17178.78125	 -2774.56616	 -14254.33984	  14274.33984
 12567	  17063.16797	 -2562.73486	 -14086.13184	  14106.13184
 12566	  17272.67773	 -2828.79028	 -13978.52734	  13998.52734
 12653	  17388.28906	 -3164.45972	 -14141.95508	  14161.95508
 3890	  17178.78125	 -2774.56616	 -14254.33984	  14274.33984
 12466	  17157.06641	 -2520.63013	 -13814.04004	  13834.04004
 12567	  17063.16797	 -2562.73486	 -14086.13184	  14106.13184
 3830	  16947.55859	 -2361.6853	 -13917.50977	  13937.50977
 12466	  17157.06641	 -2520.63013	 -13814.04004	  13834.04004
 12566	  17272.67773	 -2828.79028	 -13978.52734	  13998.52734
 12567	  17063.16797	 -2562.73486	 -14086.13184	  14106.13184
 12565	  17482.18359	 -3142.91431	 -13869.06738	  13889.06738
 12653	  17388.28906	 -3164.45972	 -14141.95508	  14161.95508
 12566	  17272.67773	 -2828.79028	 -13978.52734	  13998.52734
 12565	  17482.18359	 -3142.91431	 -13869.06738	  13889.06738
 3889	  17597.79688	 -3515.19385	 -14031.08203	  14051.08203
 12653	  17388.28906	 -3164.45972	 -14141.95508	  14161.95508
 3829	  17366.57422	 -2693.17017	 -13710.0459	  13730.0459
 12566	  17272.67773	 -2828.79028	 -13978.52734	  13998.52734
 12466	  17157.06641	 -2520.63013	 -13814.04004	  13834.04004
 3829	  17366.57422	 -2693.17017	 -13710.0459	  13730.0459
 12565	  17482.18359	 -3142.91431	 -13869.06738	  13889.06738
 12566	  17272.67773	 -2828.79028	 -13978.52734	  13998.52734
 12388	  17041.45703	 -2296.39014	 -13646.31152	  13666.31152
 12466	  17157.06641	 -2520.63013	 -13814.04004	  13834.04004
 3830	  16947.55859	 -2361.6853	 -13917.50977	  13937.50977
 12388	  17041.45703	 -2296.39014	 -13646.31152	  13666.31152
 3830	  16947.55859	 -2361.6853	 -13917.50977	  13937.50977
 12389	  16831.94727	 -2238.05518	 -13745.89746	  13765.89746
 12387	  17250.96289	 -2363.74121	 -13546.37891	  13566.37891
 3829	  17366.57422	 -2693.17017	 -13710.0459	  13730.0459
 12466	  17157.06641	 -2520.63013	 -13814.04004	  13834.04004
 12387	  17250.96289	 -2363.74121	 -13546.37891	  13566.37891
 12466	  17157.06641	 -2520.63013	 -13814.04004	  13834.04004
 12388	  17041.45703	 -2296.39014	 -13646.31152	  13666.31152
 12564	  17691.69141	 -3426.40527	 -13760.79004	  13780.79004
 3889	  17597.79688	 -3515.19385	 -14031.08203	  14051.08203
 12565	  17482.18359	 -3142.91431	 -13869.06738	  13889.06738
 12564	  17691.69141	 -3426.40527	 -13760.79004	  13780.79004
 12652	  17807.30273	 -3831.48145	 -13921.53809	  13941.53809
 3889	  17597.79688	 -3515.19385	 -14031.08203	  14051.08203
 12465	  17576.08203	 -2863.5498	 -13606.13574	  13626.13574
 12565	  17482.18359	 -3142.91431	 -13869.06738	  13889.06738
 3829	  17366.57422	 -2693.17017	 -13710.0459	  13730.0459
 12465	  17576.08203	 -2863.5498	 -13606.13574	  13626.13574
 12564	  17691.69141	 -3426.40527	 -13760.79004	  13780.79004
 12565	  17482.18359	 -3142.91431	 -13869.06738	  13889.06738
 12563	  17901.20117	 -3634.60522	 -13655.41895	  13675.41895
 12652	  17807.30273	 -3831.48145	 -13921.53809	  13941.53809
 12564	  17691.69141	 -3426.40527	 -13760.79004	  13780.79004
 12563	  17901.20117	 -3634.60522	 -13655.41895	  13675.41895
 3888	  18016.8125	 -4011.42285	 -13817.25879	  13837.25879
 12652	  17807.30273	 -3831.48145	 -13921.53809	  13941.53809
 3828	  17785.58984	 -2971.55078	 -13504.63281	  13524.63281
 12564	  17691.69141	 -3426.40527	 -13760.79004	  13780.79004
 12465	  17576.08203	 -2863.5498	 -13606.13574	  13626.13574
 3828	  17785.58984	 -2971.55078	 -13504.63281	  13524.63281
 12563	  17901.20117	 -3634.60522	 -13655.41895	  13675.41895
 12564	  17691.69141	 -3426.40527	 -13760.79004	  13780.79004
 955	  17460.4707	 -2409.6748	 -13447.27344	  13467.27344
 12465	  17576.08203	 -2863.5498	 -13606.13574	  13626.13574
 3829	  17366.57422	 -2693.17017	 -13710.0459	  13730.0459
 955	  17460.4707	 -2409.6748	 -13447.27344	  13467.27344
 3829	  17366.57422	 -2693.17017	 -13710.0459	  13730.0459
 12387	  17250.96289	 -2363.74121	 -13546.37891	  13566.37891
 12386	  17669.98047	 -2406.94189	 -13350.0459	  13370.0459
 3828	  17785.58984	 -2971.55078	 -13504.63281	  13524.63281
 12465	  17576.08203	 -2863.5498	 -13606.13574	  13626.13574
 12386	  17669.98047	 -2406.94189	 -13350.0459	  13370.0459
 12465	  17576.08203	 -2863.5498	 -13606.13574	  13626.13574
 955	  17460.4707	 -2409.6748	 -13447.27344	  13467.27344
 12562	  18110.70703	 -3682.67017	 -13556.23145	  13576.23145
 3888	  18016.8125	 -4011.42285	 -13817.25879	  13837.25879
 12563	  17901.20117	 -3634.60522	 -13655.41895	  13675.41895
 12562	  18110.70703	 -3682.67017	 -13556.23145	  13576.23145
 234	  18226.32031	 -4064.99365	 -13717.85742	  13737.85742
 3888	  18016.8125	 -4011.42285	 -13817.25879	  13837.25879
 12464	  17995.09766	 -2985.98486	 -13406.74316	  13426.74316
 12563	  17901.20117	 -3634.60522	 -13655.41895	  13675.41895
 3828	  17785.58984	 -2971.55078	 -13504.63281	  13524.63281
 12464	  17995.09766	 -2985.98486	 -13406.74316	  13426.74316
 12562	  18110.70703	 -3682.67017	 -13556.23145	  13576.23145
 12563	  17901.20117	 -3634.60522	 -13655.41895	  13675.41895
 12561	  18320.21484	 -3635.98413	 -13460.70117	  13480.70117
 234	  18226.32031	 -4064.99365	 -13717.85742	  13737.85742
 12562	  18110.70703	 -3682.67017	 -13556.23145	  13576.23145
 12561	  18320.21484	 -3635.98413	 -13460.70117	  13480.70117
 3887	  18435.82617	 -4035.04077	 -13621.68066	  13641.68066
 234	  18226.32031	 -4064.99365	 -13717.85742	  13737.85742
 3827	  18204.60547	 -2864.93579	 -13314.08301	  13334.08301
 12562	  18110.70703	 -3682.67017	 -13556.23145	  13576.23145
 12464	  17995.09766	 -2985.98486	 -13406.74316	  13426.74316
 3827	  18204.60547	 -2864.93579	 -13314.08301	  13334.08301
 12561	  18320.21484	 -3635.98413	 -13460.70117	  13480.70117
 12562	  18110.70703	 -3682.67017	 -13556.23145	  13576.23145
 12385	  17879.48633	 -2301.92749	 -13256.76758	  13276.76758
 12464	  17995.09766	 -2985.98486	 -13406.74316	  13426.74316
 3828	  17785.58984	 -2971.55078	 -13504.63281	  13524.63281
 12385	  17879.48633	 -2301.92749	 -13256.76758	  13276.76758
 3828	  17785.58984	 -2971.55078	 -13504.63281	  13524.63281
 12386	  17669.98047	 -2406.94189	 -13350.0459	  13370.0459
 12384	  18088.99414	 -2217.0979	 -13162.70996	  13182.70996
 3827	  18204.60547	 -2864.93579	 -13314.08301	  13334.08301
 12464	  17995.09766	 -2985.98486	 -13406.74316	  13426.74316
 12384	  18088.99414	 -2217.0979	 -13162.70996	  13182.70996
 12464	  17995.09766	 -2985.98486	 -13406.74316	  13426.74316
 12385	  17879.48633	 -2301.92749	 -13256.76758	  13276.76758
 12560	  18529.72266	 -3416.2312	 -13371.85254	  13391.85254
 3887	  18435.82617	 -4035.04077	 -13621.68066	  13641.68066
 12561	  18320.21484	 -3635.98413	 -13460.70117	  13480.70117
 12560	  18529.72266	 -3416.2312	 -13371.85254	  13391.85254
 12651	  18645.33398	 -3885.48462	 -13530.12207	  13550.12207
 3887	  18435.82617	 -4035.04077	 -13621.68066	  13641.68066
 12463	  18414.11133	 -2676.99976	 -13224.00684	  13244.00684
 12561	  18320.21484	 -3635.98413	 -13460.70117	  13480.70117
 3827	  18204.60547	 -2864.93579	 -13314.08301	  13334.08301
 12463	  18414.11133	 -2676.99976	 -13224.00684	  13244.00684
 12560	  18529.72266	 -3416.2312	 -13371.85254	  13391.85254
 12561	  18320.21484	 -3635.98413	 -13460.70117	  13480.70117
 12559	  18739.23047	 -3018.4624	 -13289.87598	  13309.87598
 12651	  18645.33398	 -3885.48462	 -13530.12207	  13550.12207
 12560	  18529.72266	 -3416.2312	 -13371.85254	  13391.85254
 12559	  18739.23047	 -3018.4624	 -13289.87598	  13309.87598
 3886	  18854.8418	 -3542.44385	 -13446.03223	  13466.03223
 12651	  18645.33398	 -3885.48462	 -13530.12207	  13550.12207
 3826	  18623.62109	 -2421.81372	 -13136.52539	  13156.52539
 12560	  18529.72266	 -3416.2312	 -13371.85254	  13391.85254
 12463	  18414.11133	 -2676.99976	 -13224.00684	  13244.00684
 3826	  18623.62109	 -2421.81372	 -13136.52539	  13156.52539
 12559	  18739.23047	 -3018.4624	 -13289.87598	  13309.87598
 12560	  18529.72266	 -3416.2312	 -13371.85254	  13391.85254
 954	  18298.50195	 -2148.81372	 -13068.01367	  13088.01367
 12463	  18414.11133	 -2676.99976	 -13224.00684	  13244.00684
 3827	  18204.60547	 -2864.93579	 -13314.08301	  13334.08301
 954	  18298.50195	 -2148.81372	 -13068.01367	  13088.01367
 3827	  18204.60547	 -2864.93579	 -13314.08301	  13334.08301
 12384	  18088.99414	 -2217.0979	 -13162.70996	  13182.70996
 12383	  18508.00977	 -1985.23474	 -12976.99512	  12996.99512
 3826	  18623.62109	 -2421.81372	 -13136.52539	  13156.52539
 12463	  18414.11133	 -2676.99976	 -13224.00684	  13244.00684
 12383	  18508.00977	 -1985.23474	 -12976.99512	  12996.99512
 12463	  18414.11133	 -2676.99976	 -13224.00684	  13244.00684
 954	  18298.50195	 -2148.81372	 -13068.01367	  13088.01367
 12558	  18948.73828	 -2600.00391	 -13208.69824	  13228.69824
 3886	  18854.8418	 -3542.44385	 -13446.03223	  13466.03223
 12559	  18739.23047	 -3018.4624	 -13289.87598	  13309.87598
 12558	  18948.73828	 -2600.00391	 -13208.69824	  13228.69824
 12650	  19064.34961	 -3091.46045	 -13366.11133	  13386.11133
 3886	  18854.8418	 -3542.44385	 -13446.03223	  13466.03223
 12462	  18833.12695	 -2153.91528	 -13049.53516	  13069.53516
 12559	  18739.23047	 -3018.4624	 -13289.87598	  13309.87598
 3826	  18623.62109	 -2421.81372	 -13136.52539	  13156.52539
 12462	  18833.12695	 -2153.91528	 -13049.53516	  13069.53516
 12558	  18948.73828	 -2600.00391	 -13208.69824	  13228.69824
 12559	  18739.23047	 -3018.4624	 -13289.87598	  13309.87598
 12557	  19158.24609	 -2126.14844	 -13129.65918	  13149.65918
 12650	  19064.34961	 -3091.46045	 -13366.11133	  13386.11133
 12558	  18948.73828	 -2600.00391	 -13208.69824	  13228.69824
 12557	  19158.24609	 -2126.14844	 -13129.65918	  13149.65918
 12649	  19273.85742	 -2518.41846	 -13290.90137	  13310.90137
 12650	  19064.34961	 -3091.46045	 -13366.11133	  13386.11133
 12461	  19042.63477	 -1877.00159	 -12962.89355	  12982.89355
 12558	  18948.73828	 -2600.00391	 -13208.69824	  13228.69824
 12462	  18833.12695	 -2153.91528	 -13049.53516	  13069.53516
 12461	  19042.63477	 -1877.00159	 -12962.89355	  12982.89355
 12557	  19158.24609	 -2126.14844	 -13129.65918	  13149.65918
 12558	  18948.73828	 -2600.00391	 -13208.69824	  13228.69824
 12382	  18717.51758	 -1864.54822	 -12884.32227	  12904.32227
 12462	  18833.12695	 -2153.91528	 -13049.53516	  13069.53516
 3826	  18623.62109	 -2421.81372	 -13136.52539	  13156.52539
 12382	  18717.51758	 -1864.54822	 -12884.32227	  12904.32227
 3826	  18623.62109	 -2421.81372	 -13136.52539	  13156.52539
 12383	  18508.00977	 -1985.23474	 -12976.99512	  12996.99512
 12381	  18927.02539	 -1760.85339	 -12790.99219	  12810.99219
 12461	  19042.63477	 -1877.00159	 -12962.89355	  12982.89355
 12462	  18833.12695	 -2153.91528	 -13049.53516	  13069.53516
 12381	  18927.02539	 -1760.85339	 -12790.99219	  12810.99219
 12462	  18833.12695	 -2153.91528	 -13049.53516	  13069.53516
 12382	  18717.51758	 -1864.54822	 -12884.32227	  12904.32227
 12556	  19367.75391	 -1697.09961	 -13048.89063	  13068.89063
 12649	  19273.85742	 -2518.41846	 -13290.90137	  13310.90137
 12557	  19158.24609	 -2126.14844	 -13129.65918	  13149.65918
 12556	  19367.75391	 -1697.09961	 -13048.89063	  13068.89063
 3885	  19483.36523	 -1990.00256	 -13213.96875	  13233.96875
 12649	  19273.85742	 -2518.41846	 -13290.90137	  13310.90137
 3825	  19252.14258	 -1630.44263	 -12875.0791	  12895.0791
 12557	  19158.24609	 -2126.14844	 -13129.65918	  13149.65918
 12461	  19042.63477	 -1877.00159	 -12962.89355	  12982.89355
 3825	  19252.14258	 -1630.44263	 -12875.0791	  12895.0791
 12556	  19367.75391	 -1697.09961	 -13048.89063	  13068.89063
 12557	  19158.24609	 -2126.14844	 -13129.65918	  13149.65918
 12555	  19577.26172	 -1576.21545	 -12956.22461	  12976.22461
 3885	  19483.36523	 -1990.00256	 -13213.96875	  13233.96875
 12556	  19367.75391	 -1697.09961	 -13048.89063	  13068.89063
 12555	  19577.26172	 -1576.21545	 -12956.22461	  12976.22461
 12648	  19692.87305	 -1663.60095	 -13129.2373	  13149.2373
 3885	  19483.36523	 -1990.00256	 -13213.96875	  13233.96875
 12460	  19461.65039	 -1577.89563	 -12779.77539	  12799.77539
 12556	  19367.75391	 -1697.09961	 -13048.89063	  13068.89063
 3825	  19252.14258	 -1630.44263	 -12875.0791	  12895.0791
 12460	  19461.65039	 -1577.89563	 -12779.77539	  12799.77539
 12555	  19577.26172	 -1576.21545	 -12956.22461	  12976.22461
 12556	  19367.75391	 -1697.09961	 -13048.89063	  13068.89063
 12380	  19136.5332	 -1649.73523	 -12697.9502	  12717.9502
 3825	  19252.14258	 -1630.44263	 -12875.0791	  12895.0791
 12461	  19042.63477	 -1877.00159	 -12962.89355	  12982.89355
 12380	  19136.5332	 -1649.73523	 -12697.9502	  12717.9502
 12461	  19042.63477	 -1877.00159	 -12962.89355	  12982.89355
 12381	  18927.02539	 -1760.85339	 -12790.99219	  12810.99219
 953	  19346.04102	 -1589.16296	 -12602.95605	  12622.95605
 12460	  19461.65039	 -1577.89563	 -12779.77539	  12799.77539
 3825	  19252.14258	 -1630.44263	 -12875.0791	  12895.0791
 953	  19346.04102	 -1589.16296	 -12602.95605	  12622.95605
 3825	  19252.14258	 -1630.44263	 -12875.0791	  12895.0791
 12380	  19136.5332	 -1649.73523	 -12697.9502	  12717.9502
 12554	  19786.76758	 -1529.13831	 -12860.70898	  12880.70898
 12648	  19692.87305	 -1663.60095	 -13129.2373	  13149.2373
 12555	  19577.26172	 -1576.21545	 -12956.22461	  12976.22461
 12554	  19786.76758	 -1529.13831	 -12860.70898	  12880.70898
 3884	  19902.38086	 -1537.23108	 -13036.7832	  13056.7832
 12648	  19692.87305	 -1663.60095	 -13129.2373	  13149.2373
 3824	  19671.1582	 -1525.17004	 -12684.47852	  12704.47852
 12555	  19577.26172	 -1576.21545	 -12956.22461	  12976.22461
 12460	  19461.65039	 -1577.89563	 -12779.77539	  12799.77539
 3824	  19671.1582	 -1525.17004	 -12684.47852	  12704.47852
 12554	  19786.76758	 -1529.13831	 -12860.70898	  12880.70898
 12555	  19577.26172	 -1576.21545	 -12956.22461	  12976.22461
 12553	  19996.27539	 -1481.69861	 -12765.20801	  12785.20801
 3884	  19902.38086	 -1537.23108	 -13036.7832	  13056.7832
 12554	  19786.76758	 -1529.13831	 -12860.70898	  12880.70898
 12553	  19996.27539	 -1481.69861	 -12765.20801	  12785.20801
 233	  20111.88867	 -1485.42432	 -12941.4502	  12961.4502
 3884	  19902.38086	 -1537.23108	 -13036.7832	  13056.7832
 12459	  19880.66602	 -1476.24561	 -12589.0332	  12609.0332
 12554	  19786.76758	 -1529.13831	 -12860.70898	  12880.70898
 3824	  19671.1582	 -1525.17004	 -12684.47852	  12704.47852
 12459	  19880.66602	 -1476.24561	 -12589.0332	  12609.0332
 12553	  19996.27539	 -1481.69861	 -12765.20801	  12785.20801
 12554	  19786.76758	 -1529.13831	 -12860.70898	  12880.70898
 12379	  19555.54688	 -1535.4021	 -12507.69824	  12527.69824
 3824	  19671.1582	 -1525.17004	 -12684.47852	  12704.47852
 12460	  19461.65039	 -1577.89563	 -12779.77539	  12799.77539
 12379	  19555.54688	 -1535.4021	 -12507.69824	  12527.69824
 12460	  19461.65039	 -1577.89563	 -12779.77539	  12799.77539
 953	  19346.04102	 -1589.16296	 -12602.95605	  12622.95605
 12378	  19765.05469	 -1491.34595	 -12412.06641	  12432.06641
 12459	  19880.66602	 -1476.24561	 -12589.0332	  12609.0332
 3824	  19671.1582	 -1525.17004	 -12684.47852	  12704.47852
 12378	  19765.05469	 -1491.34595	 -12412.06641	  12432.06641
 3824	  19671.1582	 -1525.17004	 -12684.47852	  12704.47852
 12379	  19555.54688	 -1535.4021	 -12507.69824	  12527.69824
 12552	  20205.78516	 -1427.65015	 -12669.96094	  12689.96094
 233	  20111.88867	 -1485.42432	 -12941.4502	  12961.4502
 12553	  19996.27539	 -1481.69861	 -12765.20801	  12785.20801
 12552	  20205.78516	 -1427.65015	 -12669.96094	  12689.96094
 3883	  20321.39648	 -1436.70386	 -12845.99902	  12865.99902
 233	  20111.88867	 -1485.42432	 -12941.4502	  12961.4502
 3823	  20090.17383	 -1430.62048	 -12493.46289	  12513.46289
 12553	  19996.27539	 -1481.69861	 -12765.20801	  12785.20801
 12459	  19880.66602	 -1476.24561	 -12589.0332	  12609.0332
 3823	  20090.17383	 -1430.62048	 -12493.46289	  12513.46289
 12552	  20205.78516	 -1427.65015	 -12669.96094	  12689.96094
 12553	  19996.27539	 -1481.69861	 -12765.20801	  12785.20801
 12551	  20415.29102	 -1379.91931	 -12574.47168	  12594.47168
 3883	  20321.39648	 -1436.70386	 -12845.99902	  12865.99902
 12552	  20205.78516	 -1427.65015	 -12669.96094	  12689.96094
 12551	  20415.29102	 -1379.91931	 -12574.47168	  12594.47168
 12647	  20530.9043	 -1388.81775	 -12750.51563	  12770.51563
 3883	  20321.39648	 -1436.70386	 -12845.99902	  12865.99902
 12458	  20299.68164	 -1384.99548	 -12397.8916	  12417.8916
 12552	  20205.78516	 -1427.65015	 -12669.96094	  12689.96094
 3823	  20090.17383	 -1430.62048	 -12493.46289	  12513.46289
 12458	  20299.68164	 -1384.99548	 -12397.8916	  12417.8916
 12551	  20415.29102	 -1379.91931	 -12574.47168	  12594.47168
 12552	  20205.78516	 -1427.65015	 -12669.96094	  12689.96094
 12377	  19974.56445	 -1455.1178	 -12316.13184	  12336.13184
 3823	  20090.17383	 -1430.62048	 -12493.46289	  12513.46289
 12459	  19880.66602	 -1476.24561	 -12589.0332	  12609.0332
 12377	  19974.56445	 -1455.1178	 -12316.13184	  12336.13184
 12459	  19880.66602	 -1476.24561	 -12589.0332	  12609.0332
 12378	  19765.05469	 -1491.34595	 -12412.06641	  12432.06641
 952	  20184.07031	 -1413.90173	 -12220.39063	  12240.39063
 12458	  20299.68164	 -1384.99548	 -12397.8916	  12417.8916
 3823	  20090.17383	 -1430.62048	 -12493.46289	  12513.46289
 952	  20184.07031	 -1413.90173	 -12220.39063	  12240.39063
 3823	  20090.17383	 -1430.62048	 -12493.46289	  12513.46289
 12377	  19974.56445	 -1455.1178	 -12316.13184	  12336.13184
 12550	  20624.79883	 -1330.96606	 -12479.0293	  12499.0293
 12647	  20530.9043	 -1388.81775	 -12750.51563	  12770.51563
 12551	  20415.29102	 -1379.91931	 -12574.47168	  12594.47168
 12550	  20624.79883	 -1330.96606	 -12479.0293	  12499.0293
 3882	  20740.41211	 -1339.05884	 -12655.10254	  12675.10254
 12647	  20530.9043	 -1388.81775	 -12750.51563	  12770.51563
 3822	  20509.18945	 -1336.896	 -12302.41504	  12322.41504
 12551	  20415.29102	 -1379.91931	 -12574.47168	  12594.47168
 12458	  20299.68164	 -1384.99548	 -12397.8916	  12417.8916
 3822	  20509.18945	 -1336.896	 -12302.41504	  12322.41504
 12550	  20624.79883	 -1330.96606	 -12479.0293	  12499.0293
 12551	  20415.29102	 -1379.91931	 -12574.47168	  12594.47168
 12549	  20834.30664	 -1281.75989	 -12383.5957	  12403.5957
 3882	  20740.41211	 -1339.05884	 -12655.10254	  12675.10254
 12550	  20624.79883	 -1330.96606	 -12479.0293	  12499.0293
 12549	  20834.30664	 -1281.75989	 -12383.5957	  12403.5957
 12646	  20949.91992	 -1288.87268	 -12559.70801	  12579.70801
 3882	  20740.41211	 -1339.05884	 -12655.10254	  12675.10254
 12457	  20718.69727	 -1287.97144	 -12206.97168	  12226.97168
 12550	  20624.79883	 -1330.96606	 -12479.0293	  12499.0293
 3822	  20509.18945	 -1336.896	 -12302.41504	  12322.41504
 12457	  20718.69727	 -1287.97144	 -12206.97168	  12226.97168
 12549	  20834.30664	 -1281.75989	 -12383.5957	  12403.5957
 12550	  20624.79883	 -1330.96606	 -12479.0293	  12499.0293
 12376	  20393.57813	 -1366.61731	 -12124.88379	  12144.88379
 3822	  20509.18945	 -1336.896	 -12302.41504	  12322.41504
 12458	  20299.68164	 -1384.99548	 -12397.8916	  12417.8916
 12376	  20393.57813	 -1366.61731	 -12124.88379	  12144.88379
 12458	  20299.68164	 -1384.99548	 -12397.8916	  12417.8916
 952	  20184.07031	 -1413.90173	 -12220.39063	  12240.39063
 12375	  20603.08594	 -1325.65356	 -12029.13184	  12049.13184
 12457	  20718.69727	 -1287.97144	 -12206.97168	  12226.97168
 3822	  20509.18945	 -1336.896	 -12302.41504	  12322.41504
 12375	  20603.08594	 -1325.65356	 -12029.13184	  12049.13184
 3822	  20509.18945	 -1336.896	 -12302.41504	  12322.41504
 12376	  20393.57813	 -1366.61731	 -12124.88379	  12144.88379
 12548	  21043.81445	 -1241.75378	 -12287.80762	  12307.80762
 12646	  20949.91992	 -1288.87268	 -12559.70801	  12579.70801
 12549	  20834.30664	 -1281.75989	 -12383.5957	  12403.5957
 12548	  21043.81445	 -1241.75378	 -12287.80762	  12307.80762
 3881	  21159.42773	 -1243.05383	 -12464.14355	  12484.14355
 12646	  20949.91992	 -1288.87268	 -12559.70801	  12579.70801
 3821	  20928.20508	 -1250.59497	 -12111.08105	  12131.08105
 12549	  20834.30664	 -1281.75989	 -12383.5957	  12403.5957
 12457	  20718.69727	 -1287.97144	 -12206.97168	  12226.97168
 3821	  20928.20508	 -1250.59497	 -12111.08105	  12131.08105
 12548	  21043.81445	 -1241.75378	 -12287.80762	  12307.80762
 12549	  20834.30664	 -1281.75989	 -12383.5957	  12403.5957
 12547	  21253.32227	 -1201.74768	 -12192.01953	  12212.01953
 3881	  21159.42773	 -1243.05383	 -12464.14355	  12484.14355
 12548	  21043.81445	 -1241.75378	 -12287.80762	  12307.80762
 12547	  21253.32227	 -1201.74768	 -12192.01953	  12212.01953
 12645	  21368.93359	 -1203.04724	 -12368.35547	  12388.35547
 3881	  21159.42773	 -1243.05383	 -12464.14355	  12484.14355
 12456	  21137.71094	 -1222.29187	 -12014.8418	  12034.8418
 12548	  21043.81445	 -1241.75378	 -12287.80762	  12307.80762
 3821	  20928.20508	 -1250.59497	 -12111.08105	  12131.08105
 12456	  21137.71094	 -1222.29187	 -12014.8418	  12034.8418
 12547	  21253.32227	 -1201.74768	 -12192.01953	  12212.01953
 12548	  21043.81445	 -1241.75378	 -12287.80762	  12307.80762
 12374	  20812.59375	 -1329.97546	 -11931.63281	  11951.63281
 3821	  20928.20508	 -1250.59497	 -12111.08105	  12131.08105
 12457	  20718.69727	 -1287.97144	 -12206.97168	  12226.97168
 12374	  20812.59375	 -1329.97546	 -11931.63281	  11951.63281
 12457	  20718.69727	 -1287.97144	 -12206.97168	  12226.97168
 12375	  20603.08594	 -1325.65356	 -12029.13184	  12049.13184
 951	  21022.10156	 -1374.64136	 -11832.5752	  11852.5752
 12456	  21137.71094	 -1222.29187	 -12014.8418	  12034.8418
 3821	  20928.20508	 -1250.59497	 -12111.08105	  12131.08105
 951	  21022.10156	 -1374.64136	 -11832.5752	  11852.5752
 3821	  20928.20508	 -1250.59497	 -12111.08105	  12131.08105
 12374	  20812.59375	 -1329.97546	 -11931.63281	  11951.63281
 12546	  21462.83008	 -1179.17957	 -12095.55762	  12115.55762
 12645	  21368.93359	 -1203.04724	 -12368.35547	  12388.35547
 12547	  21253.32227	 -1201.74768	 -12192.01953	  12212.01953
 12546	  21462.83008	 -1179.17957	 -12095.55762	  12115.55762
 3880	  21578.44336	 -1172.23071	 -12272.21191	  12292.21191
 12645	  21368.93359	 -1203.04724	 -12368.35547	  12388.35547
 3820	  21347.2207	 -1228.63245	 -11917.2627	  11937.2627
 12547	  21253.32227	 -1201.74768	 -12192.01953	  12212.01953
 12456	  21137.71094	 -1222.29187	 -12014.8418	  12034.8418
 3820	  21347.2207	 -1228.63245	 -11917.2627	  11937.2627
 12546	  21462.83008	 -1179.17957	 -12095.55762	  12115.55762
 12547	  21253.32227	 -1201.74768	 -12192.01953	  12212.01953
 12545	  21672.33789	 -1170.46582	 -11998.56152	  12018.56152
 3880	  21578.44336	 -1172.23071	 -12272.21191	  12292.21191
 12546	  21462.83008	 -1179.17957	 -12095.55762	  12115.55762
 12545	  21672.33789	 -1170.46582	 -11998.56152	  12018.56152
 232	  21787.95117	 -1153.44751	 -12175.60449	  12195.60449
 3880	  21578.44336	 -1172.23071	 -12272.21191	  12292.21191
 12455	  21556.72852	 -1253.9447	 -11818.95313	  11838.95313
 12546	  21462.83008	 -1179.17957	 -12095.55762	  12115.55762
 3820	  21347.2207	 -1228.63245	 -11917.2627	  11937.2627
 12455	  21556.72852	 -1253.9447	 -11818.95313	  11838.95313
 12545	  21672.33789	 -1170.46582	 -11998.56152	  12018.56152
 12546	  21462.83008	 -1179.17957	 -12095.55762	  12115.55762
 12373	  21231.60938	 -1500.08386	 -11730.39941	  11750.39941
 3820	  21347.2207	 -1228.63245	 -11917.2627	  11937.2627
 12456	  21137.71094	 -1222.29187	 -12014.8418	  12034.8418
 12373	  21231.60938	 -1500.08386	 -11730.39941	  11750.39941
 12456	  21137.71094	 -1222.29187	 -12014.8418	  12034.8418
 951	  21022.10156	 -1374.64136	 -11832.5752	  11852.5752
 12372	  21441.11719	 -1560.87769	 -11630.71973	  11650.71973
 12455	  21556.72852	 -1253.9447	 -11818.95313	  11838.95313
 3820	  21347.2207	 -1228.63245	 -11917.2627	  11937.2627
 12372	  21441.11719	 -1560.87769	 -11630.71973	  11650.71973
 3820	  21347.2207	 -1228.63245	 -11917.2627	  11937.2627
 12373	  21231.60938	 -1500.08386	 -11730.39941	  11750.39941
 12544	  21881.8457	 -1165.55579	 -11901.41895	  11921.41895
 232	  21787.95117	 -1153.44751	 -12175.60449	  12195.60449
 12545	  21672.33789	 -1170.46582	 -11998.56152	  12018.56152
 12544	  21881.8457	 -1165.55579	 -11901.41895	  11921.41895
 3879	  21997.45703	 -1142.61523	 -12078.69043	  12098.69043
 232	  21787.95117	 -1153.44751	 -12175.60449	  12195.60449
 3819	  21766.23438	 -1298.37085	 -11719.90625	  11739.90625
 12545	  21672.33789	 -1170.46582	 -11998.56152	  12018.56152
 12455	  21556.72852	 -1253.9447	 -11818.95313	  11838.95313
 3819	  21766.23438	 -1298.37085	 -11719.90625	  11739.90625
 12544	  21881.8457	 -1165.55579	 -11901.41895	  11921.41895
 12545	  21672.33789	 -1170.46582	 -11998.56152	  12018.56152
 12543	  22091.35352	 -1142.87769	 -11804.96094	  11824.96094
 3879	  21997.45703	 -1142.61523	 -12078.69043	  12098.69043
 12544	  21881.8457	 -1165.55579	 -11901.41895	  11921.41895
 12543	  22091.35352	 -1142.87769	 -11804.96094	  11824.96094
 12644	  22206.96484	 -1119.93701	 -11982.2334	  12002.2334
 3879	  21997.45703	 -1142.61523	 -12078.69043	  12098.69043
 12454	  21975.74219	 -1371.98083	 -11619.73145	  11639.73145
 12544	  21881.8457	 -1165.55579	 -11901.41895	  11921.41895
 3819	  21766.23438	 -1298.37085	 -11719.90625	  11739.90625
 12454	  21975.74219	 -1371.98083	 -11619.73145	  11639.73145
 12543	  22091.35352	 -1142.87769	 -11804.96094	  11824.96094
 12544	  21881.8457	 -1165.55579	 -11901.41895	  11921.41895
 12371	  21650.625	 -1724.85266	 -11527.05664	  11547.05664
 3819	  21766.23438	 -1298.37085	 -11719.90625	  11739.90625
 12455	  21556.72852	 -1253.9447	 -11818.95313	  11838.95313
 12371	  21650.625	 -1724.85266	 -11527.05664	  11547.05664
 12455	  21556.72852	 -1253.9447	 -11818.95313	  11838.95313
 12372	  21441.11719	 -1560.87769	 -11630.71973	  11650.71973
 950	  21860.13281	 -1928.98987	 -11421.84277	  11441.84277
 12454	  21975.74219	 -1371.98083	 -11619.73145	  11639.73145
 3819	  21766.23438	 -1298.37085	 -11719.90625	  11739.90625
 950	  21860.13281	 -1928.98987	 -11421.84277	  11441.84277
 3819	  21766.23438	 -1298.37085	 -11719.90625	  11739.90625
 12371	  21650.625	 -1724.85266	 -11527.05664	  11547.05664
 12542	  22300.86133	 -1102.43164	 -11709.18945	  11729.18945
 12644	  22206.96484	 -1119.93701	 -11982.2334	  12002.2334
 12543	  22091.35352	 -1142.87769	 -11804.96094	  11824.96094
 12542	  22300.86133	 -1102.43164	 -11709.18945	  11729.18945
 3878	  22416.47266	 -1080.46436	 -11886.42383	  11906.42383
 12644	  22206.96484	 -1119.93701	 -11982.2334	  12002.2334
 3818	  22185.25	 -1525.91479	 -11516.45605	  11536.45605
 12543	  22091.35352	 -1142.87769	 -11804.96094	  11824.96094
 12454	  21975.74219	 -1371.98083	 -11619.73145	  11639.73145
 3818	  22185.25	 -1525.91479	 -11516.45605	  11536.45605
 12542	  22300.86133	 -1102.43164	 -11709.18945	  11729.18945
 12543	  22091.35352	 -1142.87769	 -11804.96094	  11824.96094
 12541	  22510.36914	 -1091.91296	 -11612.2627	  11632.2627
 3878	  22416.47266	 -1080.46436	 -11886.42383	  11906.42383
 12542	  22300.86133	 -1102.43164	 -11709.18945	  11729.18945
 12541	  22510.36914	 -1091.91296	 -11612.2627	  11632.2627
 12643	  22625.98047	 -1048.86182	 -11790.31152	  11810.31152
 3878	  22416.47266	 -1080.46436	 -11886.42383	  11906.42383
 12453	  22394.75781	 -1782.19177	 -11409.22949	  11429.22949
 12542	  22300.86133	 -1102.43164	 -11709.18945	  11729.18945
 3818	  22185.25	 -1525.91479	 -11516.45605	  11536.45605
 12453	  22394.75781	 -1782.19177	 -11409.22949	  11429.22949
 12541	  22510.36914	 -1091.91296	 -11612.2627	  11632.2627
 12542	  22300.86133	 -1102.43164	 -11709.18945	  11729.18945
 12370	  22069.64063	 -2138.14673	 -11316.43555	  11336.43555
 3818	  22185.25	 -1525.91479	 -11516.45605	  11536.45605
 12454	  21975.74219	 -1371.98083	 -11619.73145	  11639.73145
 12370	  22069.64063	 -2138.14673	 -11316.43555	  11336.43555
 12454	  21975.74219	 -1371.98083	 -11619.73145	  11639.73145
 950	  21860.13281	 -1928.98987	 -11421.84277	  11441.84277
 12369	  22279.14844	 -2310.80371	 -11212.43652	  11232.43652
 12453	  22394.75781	 -1782.19177	 -11409.22949	  11429.22949
 3818	  22185.25	 -1525.91479	 -11516.45605	  11536.45605
 12369	  22279.14844	 -2310.80371	 -11212.43652	  11232.43652
 3818	  22185.25	 -1525.91479	 -11516.45605	  11536.45605
 12370	  22069.64063	 -2138.14673	 -11316.43555	  11336.43555
 12540	  22719.875	 -1213.04407	 -11510.25391	  11530.25391
 12643	  22625.98047	 -1048.86182	 -11790.31152	  11810.31152
 12541	  22510.36914	 -1091.91296	 -11612.2627	  11632.2627
 12540	  22719.875	 -1213.04407	 -11510.25391	  11530.25391
 3877	  22835.48828	 -1028.80725	 -11693.75391	  11713.75391
 12643	  22625.98047	 -1048.86182	 -11790.31152	  11810.31152
 3817	  22604.26563	 -2052.7605	 -11301.45117	  11321.45117
 12541	  22510.36914	 -1091.91296	 -11612.2627	  11632.2627
 12453	  22394.75781	 -1782.19177	 -11409.22949	  11429.22949
 3817	  22604.26563	 -2052.7605	 -11301.45117	  11321.45117
 12540	  22719.875	 -1213.04407	 -11510.25391	  11530.25391
 12541	  22510.36914	 -1091.91296	 -11612.2627	  11632.2627
 12539	  22929.38477	 -1436.70544	 -11404.28516	  11424.28516
 3877	  22835.48828	 -1028.80725	 -11693.75391	  11713.75391
 12540	  22719.875	 -1213.04407	 -11510.25391	  11530.25391
 12539	  22929.38477	 -1436.70544	 -11404.28516	  11424.28516
 12642	  23044.99609	 -1012.87683	 -11597.03516	  11617.03516
 3877	  22835.48828	 -1028.80725	 -11693.75391	  11713.75391
 12452	  22813.77344	 -2234.51929	 -11197.10059	  11217.10059
 12540	  22719.875	 -1213.04407	 -11510.25391	  11530.25391
 3817	  22604.26563	 -2052.7605	 -11301.45117	  11321.45117
 12452	  22813.77344	 -2234.51929	 -11197.10059	  11217.10059
 12539	  22929.38477	 -1436.70544	 -11404.28516	  11424.28516
 12540	  22719.875	 -1213.04407	 -11510.25391	  11530.25391
 12368	  22488.6543	 -2461.21826	 -11109.29688	  11129.29688
 3817	  22604.26563	 -2052.7605	 -11301.45117	  11321.45117
 12453	  22394.75781	 -1782.19177	 -11409.22949	  11429.22949
 12368	  22488.6543	 -2461.21826	 -11109.29688	  11129.29688
 12453	  22394.75781	 -1782.19177	 -11409.22949	  11429.22949
 12369	  22279.14844	 -2310.80371	 -11212.43652	  11232.43652
 949	  22698.16406	 -2632.5293	 -11005.34961	  11025.34961
 12452	  22813.77344	 -2234.51929	 -11197.10059	  11217.10059
 3817	  22604.26563	 -2052.7605	 -11301.45117	  11321.45117
 949	  22698.16406	 -2632.5293	 -11005.34961	  11025.34961
 3817	  22604.26563	 -2052.7605	 -11301.45117	  11321.45117
 12368	  22488.6543	 -2461.21826	 -11109.29688	  11129.29688
 12538	  23138.89258	 -1702.79358	 -11296.68066	  11316.68066
 12642	  23044.99609	 -1012.87683	 -11597.03516	  11617.03516
 12539	  22929.38477	 -1436.70544	 -11404.28516	  11424.28516
 12538	  23138.89258	 -1702.79358	 -11296.68066	  11316.68066
 3876	  23254.50391	 -1050.79797	 -11498.23828	  11518.23828
 12642	  23044.99609	 -1012.87683	 -11597.03516	  11617.03516
 3816	  23023.28125	 -2337.91821	 -11095.77637	  11115.77637
 12539	  22929.38477	 -1436.70544	 -11404.28516	  11424.28516
 12452	  22813.77344	 -2234.51929	 -11197.10059	  11217.10059
 3816	  23023.28125	 -2337.91821	 -11095.77637	  11115.77637
 12538	  23138.89258	 -1702.79358	 -11296.68066	  11316.68066
 12539	  22929.38477	 -1436.70544	 -11404.28516	  11424.28516
 12537	  23348.39844	 -1933.87598	 -11190.42676	  11210.42676
 3876	  23254.50391	 -1050.79797	 -11498.23828	  11518.23828
 12538	  23138.89258	 -1702.79358	 -11296.68066	  11316.68066
 12537	  23348.39844	 -1933.87598	 -11190.42676	  11210.42676
 12641	  23464.01172	 -1164.1333	 -11396.53027	  11416.53027
 3876	  23254.50391	 -1050.79797	 -11498.23828	  11518.23828
 12451	  23232.78906	 -2568.62476	 -10989.53613	  11009.53613
 12538	  23138.89258	 -1702.79358	 -11296.68066	  11316.68066
 3816	  23023.28125	 -2337.91821	 -11095.77637	  11115.77637
 12451	  23232.78906	 -2568.62476	 -10989.53613	  11009.53613
 12537	  23348.39844	 -1933.87598	 -11190.42676	  11210.42676
 12538	  23138.89258	 -1702.79358	 -11296.68066	  11316.68066
 12367	  22907.67188	 -2796.41675	 -10901.69043	  10921.69043
 3816	  23023.28125	 -2337.91821	 -11095.77637	  11115.77637
 12452	  22813.77344	 -2234.51929	 -11197.10059	  11217.10059
 12367	  22907.67188	 -2796.41675	 -10901.69043	  10921.69043
 12452	  22813.77344	 -2234.51929	 -11197.10059	  11217.10059
 949	  22698.16406	 -2632.5293	 -11005.34961	  11025.34961
 12366	  23117.17773	 -2907.51367	 -10800.06934	  10820.06934
 12451	  23232.78906	 -2568.62476	 -10989.53613	  11009.53613
 3816	  23023.28125	 -2337.91821	 -11095.77637	  11115.77637
 12366	  23117.17773	 -2907.51367	 -10800.06934	  10820.06934
 3816	  23023.28125	 -2337.91821	 -11095.77637	  11115.77637
 12367	  22907.67188	 -2796.41675	 -10901.69043	  10921.69043
 12536	  23557.9082	 -2064.76929	 -11088.04004	  11108.04004
 12641	  23464.01172	 -1164.1333	 -11396.53027	  11416.53027
 12537	  23348.39844	 -1933.87598	 -11190.42676	  11210.42676
 12536	  23557.9082	 -2064.76929	 -11088.04004	  11108.04004
 10	  23673.51953	 -1350.24988	 -11292.0127	  11312.0127
 12641	  23464.01172	 -1164.1333	 -11396.53027	  11416.53027
 3815	  23442.29688	 -2599.10254	 -10891.02734	  10911.02734
 12537	  23348.39844	 -1933.87598	 -11190.42676	  11210.42676
 12451	  23232.78906	 -2568.62476	 -10989.53613	  11009.53613
 3815	  23442.29688	 -2599.10254	 -10891.02734	  10911.02734
 12536	  23557.9082	 -2064.76929	 -11088.04004	  11108.04004
 12537	  23348.39844	 -1933.87598	 -11190.42676	  11210.42676
 12535	  23767.41406	 -2189.88867	 -10985.87695	  11005.87695
 10	  23673.51953	 -1350.24988	 -11292.0127	  11312.0127
 12536	  23557.9082	 -2064.76929	 -11088.04004	  11108.04004
 12535	  23767.41406	 -2189.88867	 -10985.87695	  11005.87695
 12640	  23883.02734	 -1550.19421	 -11186.96094	  11206.96094
 10	  23673.51953	 -1350.24988	 -11292.0127	  11312.0127
 12450	  23651.80469	 -2724.04736	 -10788.87109	  10808.87109
 12536	  23557.9082	 -2064.76929	 -11088.04004	  11108.04004
 3815	  23442.29688	 -2599.10254	 -10891.02734	  10911.02734
 12450	  23651.80469	 -2724.04736	 -10788.87109	  10808.87109
 12535	  23767.41406	 -2189.88867	 -10985.87695	  11005.87695
 12536	  23557.9082	 -2064.76929	 -11088.04004	  11108.04004
 12365	  23326.6875	 -2916.32861	 -10702.39551	  10722.39551
 3815	  23442.29688	 -2599.10254	 -10891.02734	  10911.02734
 12451	  23232.78906	 -2568.62476	 -10989.53613	  11009.53613
 12365	  23326.6875	 -2916.32861	 -10702.39551	  10722.39551
 12451	  23232.78906	 -2568.62476	 -10989.53613	  11009.53613
 12366	  23117.17773	 -2907.51367	 -10800.06934	  10820.06934
 948	  23536.19336	 -2910.29663	 -10605.2959	  10625.2959
 12450	  23651.80469	 -2724.04736	 -10788.87109	  10808.87109
 3815	  23442.29688	 -2599.10254	 -10891.02734	  10911.02734
 948	  23536.19336	 -2910.29663	 -10605.2959	  10625.2959
 3815	  23442.29688	 -2599.10254	 -10891.02734	  10911.02734
 12365	  23326.6875	 -2916.32861	 -10702.39551	  10722.39551
 12534	  23976.92188	 -2289.4375	 -10884.70215	  10904.70215
 12640	  23883.02734	 -1550.19421	 -11186.96094	  11206.96094
 12535	  23767.41406	 -2189.88867	 -10985.87695	  11005.87695
 12534	  23976.92188	 -2289.4375	 -10884.70215	  10904.70215
 3875	  24092.53516	 -1717.22266	 -11083.17871	  11103.17871
 12640	  23883.02734	 -1550.19421	 -11186.96094	  11206.96094
 3814	  23861.3125	 -2801.75879	 -10688.53809	  10708.53809
 12535	  23767.41406	 -2189.88867	 -10985.87695	  11005.87695
 12450	  23651.80469	 -2724.04736	 -10788.87109	  10808.87109
 3814	  23861.3125	 -2801.75879	 -10688.53809	  10708.53809
 12534	  23976.92188	 -2289.4375	 -10884.70215	  10904.70215
 12535	  23767.41406	 -2189.88867	 -10985.87695	  11005.87695
 12533	  24186.42969	 -2313.92505	 -10786.42383	  10806.42383
 3875	  24092.53516	 -1717.22266	 -11083.17871	  11103.17871
 12534	  23976.92188	 -2289.4375	 -10884.70215	  10904.70215
 12533	  24186.42969	 -2313.92505	 -10786.42383	  10806.42383
 12639	  24302.04102	 -1779.52393	 -10983.44141	  11003.44141
 3875	  24092.53516	 -1717.22266	 -11083.17871	  11103.17871
 12449	  24070.81836	 -2800.66602	 -10591.24707	  10611.24707
 12534	  23976.92188	 -2289.4375	 -10884.70215	  10904.70215
 3814	  23861.3125	 -2801.75879	 -10688.53809	  10708.53809
 12449	  24070.81836	 -2800.66602	 -10591.24707	  10611.24707
 12533	  24186.42969	 -2313.92505	 -10786.42383	  10806.42383
 12534	  23976.92188	 -2289.4375	 -10884.70215	  10904.70215
 12364	  23745.70117	 -2891.06689	 -10508.70605	  10528.70605
 3814	  23861.3125	 -2801.75879	 -10688.53809	  10708.53809
 12450	  23651.80469	 -2724.04736	 -10788.87109	  10808.87109
 12364	  23745.70117	 -2891.06689	 -10508.70605	  10528.70605
 12450	  23651.80469	 -2724.04736	 -10788.87109	  10808.87109
 948	  23536.19336	 -2910.29663	 -10605.2959	  10625.2959
 12363	  23955.20898	 -2864.41333	 -10412.40234	  10432.40234
 12449	  24070.81836	 -2800.66602	 -10591.24707	  10611.24707
 3814	  23861.3125	 -2801.75879	 -10688.53809	  10708.53809
 12363	  23955.20898	 -2864.41333	 -10412.40234	  10432.40234
 3814	  23861.3125	 -2801.75879	 -10688.53809	  10708.53809
 12364	  23745.70117	 -2891.06689	 -10508.70605	  10528.70605
 12532	  24395.9375	 -2307.89282	 -10689.32324	  10709.32324
 12639	  24302.04102	 -1779.52393	 -10983.44141	  11003.44141
 12533	  24186.42969	 -2313.92505	 -10786.42383	  10806.42383
 12532	  24395.9375	 -2307.89282	 -10689.32324	  10709.32324
 3874	  24511.54883	 -1716.72241	 -10888.5332	  10908.5332
 12639	  24302.04102	 -1779.52393	 -10983.44141	  11003.44141
 3813	  24280.32617	 -2743.85229	 -10496.1084	  10516.1084
 12533	  24186.42969	 -2313.92505	 -10786.42383	  10806.42383
 12449	  24070.81836	 -2800.66602	 -10591.24707	  10611.24707
 3813	  24280.32617	 -2743.85229	 -10496.1084	  10516.1084
 12532	  24395.9375	 -2307.89282	 -10689.32324	  10709.32324
 12533	  24186.42969	 -2313.92505	 -10786.42383	  10806.42383
 12531	  24605.44531	 -2238.34717	 -10594.67578	  10614.67578
 3874	  24511.54883	 -1716.72241	 -10888.5332	  10908.5332
 12532	  24395.9375	 -2307.89282	 -10689.32324	  10709.32324
 12531	  24605.44531	 -2238.34717	 -10594.67578	  10614.67578
 12638	  24721.05859	 -1494.14587	 -10799.79297	  10819.79297
 3874	  24511.54883	 -1716.72241	 -10888.5332	  10908.5332
 12448	  24489.83594	 -2665.85742	 -10401.78613	  10421.78613
 12532	  24395.9375	 -2307.89282	 -10689.32324	  10709.32324
 3813	  24280.32617	 -2743.85229	 -10496.1084	  10516.1084
 12448	  24489.83594	 -2665.85742	 -10401.78613	  10421.78613
 12531	  24605.44531	 -2238.34717	 -10594.67578	  10614.67578
 12532	  24395.9375	 -2307.89282	 -10689.32324	  10709.32324
 12362	  24164.7168	 -2818.78833	 -10316.83008	  10336.83008
 3813	  24280.32617	 -2743.85229	 -10496.1084	  10516.1084
 12449	  24070.81836	 -2800.66602	 -10591.24707	  10611.24707
 12362	  24164.7168	 -2818.78833	 -10316.83008	  10336.83008
 12449	  24070.81836	 -2800.66602	 -10591.24707	  10611.24707
 12363	  23955.20898	 -2864.41333	 -10412.40234	  10432.40234
 947	  24374.22461	 -2769.86377	 -10221.38672	  10241.38672
 12448	  24489.83594	 -2665.85742	 -10401.78613	  10421.78613
 3813	  24280.32617	 -2743.85229	 -10496.1084	  10516.1084
 947	  24374.22461	 -2769.86377	 -10221.38672	  10241.38672
 3813	  24280.32617	 -2743.85229	 -10496.1084	  10516.1084
 12362	  24164.7168	 -2818.78833	 -10316.83008	  10336.83008
 12530	  24814.95313	 -2008.78003	 -10506.20508	  10526.20508
 12638	  24721.05859	 -1494.14587	 -10799.79297	  10819.79297
 12531	  24605.44531	 -2238.34717	 -10594.67578	  10614.67578
 12530	  24814.95313	 -2008.78003	 -10506.20508	  10526.20508
 3873	  24930.56641	 -1329.26624	 -10708.8252	  10728.8252
 12638	  24721.05859	 -1494.14587	 -10799.79297	  10819.79297
 3812	  24699.34375	 -2499.4126	 -10310.87891	  10330.87891
 12531	  24605.44531	 -2238.34717	 -10594.67578	  10614.67578
 12448	  24489.83594	 -2665.85742	 -10401.78613	  10421.78613
 3812	  24699.34375	 -2499.4126	 -10310.87891	  10330.87891
 12530	  24814.95313	 -2008.78003	 -10506.20508	  10526.20508
 12531	  24605.44531	 -2238.34717	 -10594.67578	  10614.67578
 12529	  25024.46094	 -1636.297	 -10423.25293	  10443.25293
 3873	  24930.56641	 -1329.26624	 -10708.8252	  10728.8252
 12530	  24814.95313	 -2008.78003	 -10506.20508	  10526.20508
 12529	  25024.46094	 -1636.297	 -10423.25293	  10443.25293
 12637	  25140.07422	 -1185.97253	 -10617.02441	  10637.02441
 3873	  24930.56641	 -1329.26624	 -10708.8252	  10728.8252
 12447	  24908.85156	 -2252.83398	 -10223.06543	  10243.06543
 12530	  24814.95313	 -2008.78003	 -10506.20508	  10526.20508
 3812	  24699.34375	 -2499.4126	 -10310.87891	  10330.87891
 12447	  24908.85156	 -2252.83398	 -10223.06543	  10243.06543
 12529	  25024.46094	 -1636.297	 -10423.25293	  10443.25293
 12530	  24814.95313	 -2008.78003	 -10506.20508	  10526.20508
 12361	  24583.73242	 -2686.29565	 -10127.2793	  10147.2793
 3812	  24699.34375	 -2499.4126	 -10310.87891	  10330.87891
 12448	  24489.83594	 -2665.85742	 -10401.78613	  10421.78613
 12361	  24583.73242	 -2686.29565	 -10127.2793	  10147.2793
 12448	  24489.83594	 -2665.85742	 -10401.78613	  10421.78613
 947	  24374.22461	 -2769.86377	 -10221.38672	  10241.38672
 12360	  24793.24023	 -2581.28125	 -10034.00098	  10054.00098
 12447	  24908.85156	 -2252.83398	 -10223.06543	  10243.06543
 3812	  24699.34375	 -2499.4126	 -10310.87891	  10330.87891
 12360	  24793.24023	 -2581.28125	 -10034.00098	  10054.00098
 3812	  24699.34375	 -2499.4126	 -10310.87891	  10330.87891
 12361	  24583.73242	 -2686.29565	 -10127.2793	  10147.2793
 12528	  25233.96875	 -1422.48938	 -10334.17383	  10354.17383
 12637	  25140.07422	 -1185.97253	 -10617.02441	  10637.02441
 12529	  25024.46094	 -1636.297	 -10423.25293	  10443.25293
 12528	  25233.96875	 -1422.48938	 -10334.17383	  10354.17383
 231	  25349.58008	 -1118.46167	 -10522.29883	  10542.29883
 12637	  25140.07422	 -1185.97253	 -10617.02441	  10637.02441
 3811	  25118.35742	 -2010.14063	 -10135.10254	  10155.10254
 12529	  25024.46094	 -1636.297	 -10423.25293	  10443.25293
 12447	  24908.85156	 -2252.83398	 -10223.06543	  10243.06543
 3811	  25118.35742	 -2010.14063	 -10135.10254	  10155.10254
 12528	  25233.96875	 -1422.48938	 -10334.17383	  10354.17383
 12529	  25024.46094	 -1636.297	 -10423.25293	  10443.25293
 12527	  25443.47656	 -1351.99292	 -10239.56348	  10259.56348
 231	  25349.58008	 -1118.46167	 -10522.29883	  10542.29883
 12528	  25233.96875	 -1422.48938	 -10334.17383	  10354.17383
 12527	  25443.47656	 -1351.99292	 -10239.56348	  10259.56348
 12636	  25559.08789	 -1104.69189	 -10425.49805	  10445.49805
 231	  25349.58008	 -1118.46167	 -10522.29883	  10542.29883
 12446	  25327.86523	 -1795.00073	 -10046.07617	  10066.07617
 12528	  25233.96875	 -1422.48938	 -10334.17383	  10354.17383
 3811	  25118.35742	 -2010.14063	 -10135.10254	  10155.10254
 12446	  25327.86523	 -1795.00073	 -10046.07617	  10066.07617
 12527	  25443.47656	 -1351.99292	 -10239.56348	  10259.56348
 12528	  25233.96875	 -1422.48938	 -10334.17383	  10354.17383
 12359	  25002.74805	 -2458.94507	 -9941.39063	  9961.39063
 3811	  25118.35742	 -2010.14063	 -10135.10254	  10155.10254
 12447	  24908.85156	 -2252.83398	 -10223.06543	  10243.06543
 12359	  25002.74805	 -2458.94507	 -9941.39063	  9961.39063
 12447	  24908.85156	 -2252.83398	 -10223.06543	  10243.06543
 12360	  24793.24023	 -2581.28125	 -10034.00098	  10054.00098
 946	  25212.25586	 -2315.1626	 -9849.60938	  9869.60938
 12446	  25327.86523	 -1795.00073	 -10046.07617	  10066.07617
 3811	  25118.35742	 -2010.14063	 -10135.10254	  10155.10254
 946	  25212.25586	 -2315.1626	 -9849.60938	  9869.60938
 3811	  25118.35742	 -2010.14063	 -10135.10254	  10155.10254
 12359	  25002.74805	 -2458.94507	 -9941.39063	  9961.39063
 12526	  25652.98242	 -1212.82617	 -10147.60352	  10167.60352
 12636	  25559.08789	 -1104.69189	 -10425.49805	  10445.49805
 12527	  25443.47656	 -1351.99292	 -10239.56348	  10259.56348
 12526	  25652.98242	 -1212.82617	 -10147.60352	  10167.60352
 3872	  25768.5957	 -1073.00854	 -10329.38867	  10349.38867
 12636	  25559.08789	 -1104.69189	 -10425.49805	  10445.49805
 3810	  25537.37305	 -1586.15808	 -9956.80664	  9976.80664
 12527	  25443.47656	 -1351.99292	 -10239.56348	  10259.56348
 12446	  25327.86523	 -1795.00073	 -10046.07617	  10066.07617
 3810	  25537.37305	 -1586.15808	 -9956.80664	  9976.80664
 12526	  25652.98242	 -1212.82617	 -10147.60352	  10167.60352
 12527	  25443.47656	 -1351.99292	 -10239.56348	  10259.56348
 12525	  25862.49219	 -1061.31567	 -10056.11914	  10076.11914
 3872	  25768.5957	 -1073.00854	 -10329.38867	  10349.38867
 12526	  25652.98242	 -1212.82617	 -10147.60352	  10167.60352
 12525	  25862.49219	 -1061.31567	 -10056.11914	  10076.11914
 12635	  25978.10352	 -938.22815	 -10237.25879	  10257.25879
 3872	  25768.5957	 -1073.00854	 -10329.38867	  10349.38867
 12445	  25746.88086	 -1326.86682	 -9869.4834	  9889.4834
 12526	  25652.98242	 -1212.82617	 -10147.60352	  10167.60352
 3810	  25537.37305	 -1586.15808	 -9956.80664	  9976.80664
 12445	  25746.88086	 -1326.86682	 -9869.4834	  9889.4834
 12525	  25862.49219	 -1061.31567	 -10056.11914	  10076.11914
 12526	  25652.98242	 -1212.82617	 -10147.60352	  10167.60352
 12358	  25421.76172	 -2047.18018	 -9762.62305	  9782.62305
 3810	  25537.37305	 -1586.15808	 -9956.80664	  9976.80664
 12446	  25327.86523	 -1795.00073	 -10046.07617	  10066.07617
 12358	  25421.76172	 -2047.18018	 -9762.62305	  9782.62305
 12446	  25327.86523	 -1795.00073	 -10046.07617	  10066.07617
 946	  25212.25586	 -2315.1626	 -9849.60938	  9869.60938
 12357	  25631.27148	 -1824.97522	 -9673.86816	  9693.86816
 12445	  25746.88086	 -1326.86682	 -9869.4834	  9889.4834
 3810	  25537.37305	 -1586.15808	 -9956.80664	  9976.80664
 12357	  25631.27148	 -1824.97522	 -9673.86816	  9693.86816
 3810	  25537.37305	 -1586.15808	 -9956.80664	  9976.80664
 12358	  25421.76172	 -2047.18018	 -9762.62305	  9782.62305
 12524	  26072.00	 -934.95215	 -9963.66504	  9983.66504
 12635	  25978.10352	 -938.22815	 -10237.25879	  10257.25879
 12525	  25862.49219	 -1061.31567	 -10056.11914	  10076.11914
 12524	  26072.00	 -934.95215	 -9963.66504	  9983.66504
 3871	  26187.61133	 -833.78656	 -10143.95801	  10163.95801
 12635	  25978.10352	 -938.22815	 -10237.25879	  10257.25879
 12523	  26281.50781	 -813.70313	 -9871.0127	  9891.0127
 3871	  26187.61133	 -833.78656	 -10143.95801	  10163.95801
 12524	  26072.00	 -934.95215	 -9963.66504	  9983.66504
 12444	  26165.89648	 -955.13513	 -9689.16895	  9709.16895
 12523	  26281.50781	 -813.70313	 -9871.0127	  9891.0127
 12524	  26072.00	 -934.95215	 -9963.66504	  9983.66504
 3809	  25956.38867	 -1098.72327	 -9780.95898	  9800.95898
 12524	  26072.00	 -934.95215	 -9963.66504	  9983.66504
 12525	  25862.49219	 -1061.31567	 -10056.11914	  10076.11914
 12444	  26165.89648	 -955.13513	 -9689.16895	  9709.16895
 12524	  26072.00	 -934.95215	 -9963.66504	  9983.66504
 3809	  25956.38867	 -1098.72327	 -9780.95898	  9800.95898
 3809	  25956.38867	 -1098.72327	 -9780.95898	  9800.95898
 12525	  25862.49219	 -1061.31567	 -10056.11914	  10076.11914
 12445	  25746.88086	 -1326.86682	 -9869.4834	  9889.4834
 945	  26050.28711	 -1220.7157	 -9502.53027	  9522.53027
 12444	  26165.89648	 -955.13513	 -9689.16895	  9709.16895
 3809	  25956.38867	 -1098.72327	 -9780.95898	  9800.95898
 12356	  25840.7793	 -1554.55383	 -9586.97559	  9606.97559
 3809	  25956.38867	 -1098.72327	 -9780.95898	  9800.95898
 12445	  25746.88086	 -1326.86682	 -9869.4834	  9889.4834
 945	  26050.28711	 -1220.7157	 -9502.53027	  9522.53027
 3809	  25956.38867	 -1098.72327	 -9780.95898	  9800.95898
 12356	  25840.7793	 -1554.55383	 -9586.97559	  9606.97559
 12356	  25840.7793	 -1554.55383	 -9586.97559	  9606.97559
 12445	  25746.88086	 -1326.86682	 -9869.4834	  9889.4834
 12357	  25631.27148	 -1824.97522	 -9673.86816	  9693.86816
 12284	  25934.67578	 -1824.51819	 -9302.83594	  9322.83594
 945	  26050.28711	 -1220.7157	 -9502.53027	  9522.53027
 12356	  25840.7793	 -1554.55383	 -9586.97559	  9606.97559
 3744	  26144.18359	 -1490.67993	 -9218.3916	  9238.3916
 945	  26050.28711	 -1220.7157	 -9502.53027	  9522.53027
 12284	  25934.67578	 -1824.51819	 -9302.83594	  9322.83594
 12170	  26028.57422	 -1925.37109	 -9025.22461	  9045.22461
 3744	  26144.18359	 -1490.67993	 -9218.3916	  9238.3916
 12284	  25934.67578	 -1824.51819	 -9302.83594	  9322.83594
 3745	  25725.16797	 -2010.38403	 -9392.99316	  9412.99316
 12356	  25840.7793	 -1554.55383	 -9586.97559	  9606.97559
 12357	  25631.27148	 -1824.97522	 -9673.86816	  9693.86816
 12284	  25934.67578	 -1824.51819	 -9302.83594	  9322.83594
 12356	  25840.7793	 -1554.55383	 -9586.97559	  9606.97559
 3745	  25725.16797	 -2010.38403	 -9392.99316	  9412.99316
 12170	  26028.57422	 -1925.37109	 -9025.22461	  9045.22461
 12284	  25934.67578	 -1824.51819	 -9302.83594	  9322.83594
 12171	  25819.06641	 -2090.09814	 -9116.19727	  9136.19727
 12171	  25819.06641	 -2090.09814	 -9116.19727	  9136.19727
 12284	  25934.67578	 -1824.51819	 -9302.83594	  9322.83594
 3745	  25725.16797	 -2010.38403	 -9392.99316	  9412.99316
 3680	  25912.96289	 -2023.11829	 -8845.06543	  8865.06543
 12170	  26028.57422	 -1925.37109	 -9025.22461	  9045.22461
 12171	  25819.06641	 -2090.09814	 -9116.19727	  9136.19727
 3745	  25725.16797	 -2010.38403	 -9392.99316	  9412.99316
 12357	  25631.27148	 -1824.97522	 -9673.86816	  9693.86816
 12285	  25515.66016	 -2132.83325	 -9485.59863	  9505.59863
 12285	  25515.66016	 -2132.83325	 -9485.59863	  9505.59863
 12357	  25631.27148	 -1824.97522	 -9673.86816	  9693.86816
 12358	  25421.76172	 -2047.18018	 -9762.62305	  9782.62305
 12171	  25819.06641	 -2090.09814	 -9116.19727	  9136.19727
 3745	  25725.16797	 -2010.38403	 -9392.99316	  9412.99316
 12172	  25609.55859	 -2191.40894	 -9209.62012	  9229.62012
 12172	  25609.55859	 -2191.40894	 -9209.62012	  9229.62012
 3745	  25725.16797	 -2010.38403	 -9392.99316	  9412.99316
 12285	  25515.66016	 -2132.83325	 -9485.59863	  9505.59863
 3680	  25912.96289	 -2023.11829	 -8845.06543	  8865.06543
 12171	  25819.06641	 -2090.09814	 -9116.19727	  9136.19727
 12092	  25703.45508	 -2164.40967	 -8936.94238	  8956.94238
 12092	  25703.45508	 -2164.40967	 -8936.94238	  8956.94238
 12171	  25819.06641	 -2090.09814	 -9116.19727	  9136.19727
 12172	  25609.55859	 -2191.40894	 -9209.62012	  9229.62012
 12003	  25797.35352	 -2046.12769	 -8667.79395	  8687.79395
 3680	  25912.96289	 -2023.11829	 -8845.06543	  8865.06543
 12092	  25703.45508	 -2164.40967	 -8936.94238	  8956.94238
 12285	  25515.66016	 -2132.83325	 -9485.59863	  9505.59863
 12358	  25421.76172	 -2047.18018	 -9762.62305	  9782.62305
 3746	  25306.15234	 -2307.19727	 -9576.2002	  9596.2002
 3746	  25306.15234	 -2307.19727	 -9576.2002	  9596.2002
 12358	  25421.76172	 -2047.18018	 -9762.62305	  9782.62305
 946	  25212.25586	 -2315.1626	 -9849.60938	  9869.60938
 12003	  25797.35352	 -2046.12769	 -8667.79395	  8687.79395
 12092	  25703.45508	 -2164.40967	 -8936.94238	  8956.94238
 913	  25587.8457	 -2151.83765	 -8761.04492	  8781.04492
 3616	  25681.74219	 -1944.60022	 -8495.32715	  8515.32715
 12003	  25797.35352	 -2046.12769	 -8667.79395	  8687.79395
 913	  25587.8457	 -2151.83765	 -8761.04492	  8781.04492
 12092	  25703.45508	 -2164.40967	 -8936.94238	  8956.94238
 12172	  25609.55859	 -2191.40894	 -9209.62012	  9229.62012
 3681	  25493.94727	 -2287.91113	 -9029.50781	  9049.50781
 913	  25587.8457	 -2151.83765	 -8761.04492	  8781.04492
 12092	  25703.45508	 -2164.40967	 -8936.94238	  8956.94238
 3681	  25493.94727	 -2287.91113	 -9029.50781	  9049.50781
 12172	  25609.55859	 -2191.40894	 -9209.62012	  9229.62012
 12285	  25515.66016	 -2132.83325	 -9485.59863	  9505.59863
 12173	  25400.05078	 -2292.71973	 -9303.04102	  9323.04102
 3681	  25493.94727	 -2287.91113	 -9029.50781	  9049.50781
 12172	  25609.55859	 -2191.40894	 -9209.62012	  9229.62012
 12173	  25400.05078	 -2292.71973	 -9303.04102	  9323.04102
 12173	  25400.05078	 -2292.71973	 -9303.04102	  9323.04102
 12285	  25515.66016	 -2132.83325	 -9485.59863	  9505.59863
 3746	  25306.15234	 -2307.19727	 -9576.2002	  9596.2002
 3616	  25681.74219	 -1944.60022	 -8495.32715	  8515.32715
 913	  25587.8457	 -2151.83765	 -8761.04492	  8781.04492
 11932	  25472.23438	 -2050.31006	 -8588.57813	  8608.57813
 11830	  25566.13281	 -1843.07336	 -8322.86328	  8342.86328
 3616	  25681.74219	 -1944.60022	 -8495.32715	  8515.32715
 11932	  25472.23438	 -2050.31006	 -8588.57813	  8608.57813
 913	  25587.8457	 -2151.83765	 -8761.04492	  8781.04492
 3681	  25493.94727	 -2287.91113	 -9029.50781	  9049.50781
 12004	  25378.33789	 -2257.54785	 -8854.29688	  8874.29688
 11932	  25472.23438	 -2050.31006	 -8588.57813	  8608.57813
 913	  25587.8457	 -2151.83765	 -8761.04492	  8781.04492
 12004	  25378.33789	 -2257.54785	 -8854.29688	  8874.29688
 3681	  25493.94727	 -2287.91113	 -9029.50781	  9049.50781
 12173	  25400.05078	 -2292.71973	 -9303.04102	  9323.04102
 12093	  25284.43945	 -2375.82983	 -9123.44629	  9143.44629
 12004	  25378.33789	 -2257.54785	 -8854.29688	  8874.29688
 3681	  25493.94727	 -2287.91113	 -9029.50781	  9049.50781
 12093	  25284.43945	 -2375.82983	 -9123.44629	  9143.44629
 11830	  25566.13281	 -1843.07336	 -8322.86328	  8342.86328
 11932	  25472.23438	 -2050.31006	 -8588.57813	  8608.57813
 11831	  25356.625	 -1930.99231	 -8416.80176	  8436.80176
 3552	  25450.52148	 -1830.50012	 -8146.96289	  8166.96289
 11830	  25566.13281	 -1843.07336	 -8322.86328	  8342.86328
 11831	  25356.625	 -1930.99231	 -8416.80176	  8436.80176
 11932	  25472.23438	 -2050.31006	 -8588.57813	  8608.57813
 12004	  25378.33789	 -2257.54785	 -8854.29688	  8874.29688
 3617	  25262.72656	 -2156.02002	 -8681.83105	  8701.83105
 11831	  25356.625	 -1930.99231	 -8416.80176	  8436.80176
 11932	  25472.23438	 -2050.31006	 -8588.57813	  8608.57813
 3617	  25262.72656	 -2156.02002	 -8681.83105	  8701.83105
 3552	  25450.52148	 -1830.50012	 -8146.96289	  8166.96289
 11831	  25356.625	 -1930.99231	 -8416.80176	  8436.80176
 11756	  25241.01367	 -1918.41956	 -8240.90137	  8260.90137
 11667	  25334.91016	 -1853.50977	 -7969.68994	  7989.68994
 3552	  25450.52148	 -1830.50012	 -8146.96289	  8166.96289
 11756	  25241.01367	 -1918.41956	 -8240.90137	  8260.90137
 11831	  25356.625	 -1930.99231	 -8416.80176	  8436.80176
 3617	  25262.72656	 -2156.02002	 -8681.83105	  8701.83105
 11832	  25147.11719	 -2018.91113	 -8510.74121	  8530.74121
 11756	  25241.01367	 -1918.41956	 -8240.90137	  8260.90137
 11831	  25356.625	 -1930.99231	 -8416.80176	  8436.80176
 11832	  25147.11719	 -2018.91113	 -8510.74121	  8530.74121
 3617	  25262.72656	 -2156.02002	 -8681.83105	  8701.83105
 12004	  25378.33789	 -2257.54785	 -8854.29688	  8874.29688
 12005	  25168.83008	 -2363.25708	 -8947.54883	  8967.54883
 12004	  25378.33789	 -2257.54785	 -8854.29688	  8874.29688
 12093	  25284.43945	 -2375.82983	 -9123.44629	  9143.44629
 12005	  25168.83008	 -2363.25708	 -8947.54883	  8967.54883
 11667	  25334.91016	 -1853.50977	 -7969.68994	  7989.68994
 11756	  25241.01367	 -1918.41956	 -8240.90137	  8260.90137
 881	  25125.40234	 -1941.42859	 -8063.62793	  8083.62793
 3494	  25219.29883	 -1947.68298	 -7789.66943	  7809.66943
 11667	  25334.91016	 -1853.50977	 -7969.68994	  7989.68994
 881	  25125.40234	 -1941.42859	 -8063.62793	  8083.62793
 881	  25125.40234	 -1941.42859	 -8063.62793	  8083.62793
 11756	  25241.01367	 -1918.41956	 -8240.90137	  8260.90137
 3553	  25031.50586	 -1988.54736	 -8335.52734	  8355.52734
 11756	  25241.01367	 -1918.41956	 -8240.90137	  8260.90137
 11832	  25147.11719	 -2018.91113	 -8510.74121	  8530.74121
 3553	  25031.50586	 -1988.54736	 -8335.52734	  8355.52734
 3494	  25219.29883	 -1947.68298	 -7789.66943	  7809.66943
 881	  25125.40234	 -1941.42859	 -8063.62793	  8083.62793
 11596	  25009.79102	 -2017.81079	 -7884.29443	  7904.29443
 11482	  25103.6875	 -2095.22778	 -7607.58691	  7627.58691
 3494	  25219.29883	 -1947.68298	 -7789.66943	  7809.66943
 11596	  25009.79102	 -2017.81079	 -7884.29443	  7904.29443
 881	  25125.40234	 -1941.42859	 -8063.62793	  8083.62793
 3553	  25031.50586	 -1988.54736	 -8335.52734	  8355.52734
 11668	  24915.89453	 -2011.55688	 -8158.25342	  8178.25342
 11596	  25009.79102	 -2017.81079	 -7884.29443	  7904.29443
 881	  25125.40234	 -1941.42859	 -8063.62793	  8083.62793
 11668	  24915.89453	 -2011.55688	 -8158.25342	  8178.25342
 11482	  25103.6875	 -2095.22778	 -7607.58691	  7627.58691
 11596	  25009.79102	 -2017.81079	 -7884.29443	  7904.29443
 11483	  24894.17969	 -2147.56519	 -7702.89844	  7722.89844
 3432	  24988.07813	 -2312.07495	 -7422.83203	  7442.83203
 11482	  25103.6875	 -2095.22778	 -7607.58691	  7627.58691
 11483	  24894.17969	 -2147.56519	 -7702.89844	  7722.89844
 11596	  25009.79102	 -2017.81079	 -7884.29443	  7904.29443
 11668	  24915.89453	 -2011.55688	 -8158.25342	  8178.25342
 3495	  24800.2832	 -2070.14819	 -7979.60742	  7999.60742
 11483	  24894.17969	 -2147.56519	 -7702.89844	  7722.89844
 11596	  25009.79102	 -2017.81079	 -7884.29443	  7904.29443
 3495	  24800.2832	 -2070.14819	 -7979.60742	  7999.60742
 3432	  24988.07813	 -2312.07495	 -7422.83203	  7442.83203
 11483	  24894.17969	 -2147.56519	 -7702.89844	  7722.89844
 11404	  24778.57031	 -2363.74561	 -7518.16943	  7538.16943
 11315	  24872.4668	 -2456.28906	 -7240.87842	  7260.87842
 3432	  24988.07813	 -2312.07495	 -7422.83203	  7442.83203
 11404	  24778.57031	 -2363.74561	 -7518.16943	  7538.16943
 11483	  24894.17969	 -2147.56519	 -7702.89844	  7722.89844
 3495	  24800.2832	 -2070.14819	 -7979.60742	  7999.60742
 11484	  24684.67188	 -2182.11133	 -7798.89844	  7818.89844
 11404	  24778.57031	 -2363.74561	 -7518.16943	  7538.16943
 11483	  24894.17969	 -2147.56519	 -7702.89844	  7722.89844
 11484	  24684.67188	 -2182.11133	 -7798.89844	  7818.89844
 11315	  24872.4668	 -2456.28906	 -7240.87842	  7260.87842
 11404	  24778.57031	 -2363.74561	 -7518.16943	  7538.16943
