 321	  6.87648	 -581.34485	 -378.08044	  1138.08044
 320	  8.85834	 -576.84454	 -373.07983	  1133.07983
 321	  6.87648	 -581.34485	 -378.08044	  1138.08044
 319	  4.59171	 -578.62488	 -376.24597	  1136.24597
 321	  6.87648	 -581.34485	 -378.08044	  1138.08044
 192	  2.24973	 -589.37994	 -379.04236	  1139.04236
 189	  1.01939	 -587.11469	 -377.76758	  1137.76758
 321	  6.87648	 -581.34485	 -378.08044	  1138.08044
 199	  9.49819	 -587.07855	 -383.14929	  1143.14929
 192	  2.24973	 -589.37994	 -379.04236	  1139.04236
 316	  6.94211	 -574.8877	 -371.97925	  1131.97925
 322	  12.58472	 -577.6579	 -369.99207	  1129.99207
 320	  8.85834	 -576.84454	 -373.07983	  1133.07983
 315	  10.47724	 -574.0459	 -368.92773	  1128.92773
 322	  12.58472	 -577.6579	 -369.99207	  1129.99207
 316	  6.94211	 -574.8877	 -371.97925	  1131.97925
 322	  12.58472	 -577.6579	 -369.99207	  1129.99207
 315	  10.47724	 -574.0459	 -368.92773	  1128.92773
 318	  14.93407	 -582.91943	 -367.08191	  1127.08191
 321	  6.87648	 -581.34485	 -378.08044	  1138.08044
 320	  8.85834	 -576.84454	 -373.07983	  1133.07983
 323	  12.57409	 -580.07385	 -375.66919	  1135.66919
 322	  12.58472	 -577.6579	 -369.99207	  1129.99207
 323	  12.57409	 -580.07385	 -375.66919	  1135.66919
 320	  8.85834	 -576.84454	 -373.07983	  1133.07983
 199	  9.49819	 -587.07855	 -383.14929	  1143.14929
 321	  6.87648	 -581.34485	 -378.08044	  1138.08044
 324	  14.73559	 -586.24658	 -381.86865	  1141.86865
 324	  14.73559	 -586.24658	 -381.86865	  1141.86865
 321	  6.87648	 -581.34485	 -378.08044	  1138.08044
 323	  12.57409	 -580.07385	 -375.66919	  1135.66919
 206	  15.7627	 -593.60974	 -387.03918	  1147.03918
 199	  9.49819	 -587.07855	 -383.14929	  1143.14929
 324	  14.73559	 -586.24658	 -381.86865	  1141.86865
 322	  12.58472	 -577.6579	 -369.99207	  1129.99207
 325	  16.78585	 -586.00153	 -372.56201	  1132.56201
 323	  12.57409	 -580.07385	 -375.66919	  1135.66919
 322	  12.58472	 -577.6579	 -369.99207	  1129.99207
 318	  14.93407	 -582.91943	 -367.08191	  1127.08191
 325	  16.78585	 -586.00153	 -372.56201	  1132.56201
 323	  12.57409	 -580.07385	 -375.66919	  1135.66919
 326	  19.21571	 -592.15076	 -378.98035	  1138.98035
 324	  14.73559	 -586.24658	 -381.86865	  1141.86865
 325	  16.78585	 -586.00153	 -372.56201	  1132.56201
 326	  19.21571	 -592.15076	 -378.98035	  1138.98035
 323	  12.57409	 -580.07385	 -375.66919	  1135.66919
 206	  15.7627	 -593.60974	 -387.03918	  1147.03918
 324	  14.73559	 -586.24658	 -381.86865	  1141.86865
 327	  20.57448	 -599.35968	 -384.57324	  1144.57324
 327	  20.57448	 -599.35968	 -384.57324	  1144.57324
 324	  14.73559	 -586.24658	 -381.86865	  1141.86865
 326	  19.21571	 -592.15076	 -378.98035	  1138.98035
 325	  16.78585	 -586.00153	 -372.56201	  1132.56201
 318	  14.93407	 -582.91943	 -367.08191	  1127.08191
 328	  18.0572	 -597.22247	 -369.75537	  1129.75537
 325	  16.78585	 -586.00153	 -372.56201	  1132.56201
 328	  18.0572	 -597.22247	 -369.75537	  1129.75537
 326	  19.21571	 -592.15076	 -378.98035	  1138.98035
 329	  22.92371	 -611.52679	 -391.70251	  1151.70251
 206	  15.7627	 -593.60974	 -387.03918	  1147.03918
 327	  20.57448	 -599.35968	 -384.57324	  1144.57324
 207	  19.13135	 -605.34198	 -394.00781	  1154.00781
 206	  15.7627	 -593.60974	 -387.03918	  1147.03918
 329	  22.92371	 -611.52679	 -391.70251	  1151.70251
 330	  20.43245	 -603.98962	 -375.78516	  1135.78516
 327	  20.57448	 -599.35968	 -384.57324	  1144.57324
 326	  19.21571	 -592.15076	 -378.98035	  1138.98035
 326	  19.21571	 -592.15076	 -378.98035	  1138.98035
 328	  18.0572	 -597.22247	 -369.75537	  1129.75537
 330	  20.43245	 -603.98962	 -375.78516	  1135.78516
 327	  20.57448	 -599.35968	 -384.57324	  1144.57324
 331	  22.1849	 -611.62585	 -381.7146	  1141.7146
 329	  22.92371	 -611.52679	 -391.70251	  1151.70251
 331	  22.1849	 -611.62585	 -381.7146	  1141.7146
 327	  20.57448	 -599.35968	 -384.57324	  1144.57324
 330	  20.43245	 -603.98962	 -375.78516	  1135.78516
 332	  24.83358	 -626.84106	 -402.07312	  1162.07312
 207	  19.13135	 -605.34198	 -394.00781	  1154.00781
 329	  22.92371	 -611.52679	 -391.70251	  1151.70251
 205	  19.886	 -623.87592	 -404.78833	  1164.78833
 207	  19.13135	 -605.34198	 -394.00781	  1154.00781
 332	  24.83358	 -626.84106	 -402.07312	  1162.07312
 329	  22.92371	 -611.52679	 -391.70251	  1151.70251
 331	  22.1849	 -611.62585	 -381.7146	  1141.7146
 333	  24.04641	 -622.27252	 -389.19861	  1149.19861
 333	  24.04641	 -622.27252	 -389.19861	  1149.19861
 332	  24.83358	 -626.84106	 -402.07312	  1162.07312
 329	  22.92371	 -611.52679	 -391.70251	  1151.70251
 332	  24.83358	 -626.84106	 -402.07312	  1162.07312
 334	  26.19595	 -635.24463	 -403.26563	  1163.26563
 205	  19.886	 -623.87592	 -404.78833	  1164.78833
 205	  19.886	 -623.87592	 -404.78833	  1164.78833
 334	  26.19595	 -635.24463	 -403.26563	  1163.26563
 210	  21.60956	 -634.10938	 -406.4021	  1166.4021
 335	  26.15165	 -631.92365	 -398.1062	  1158.1062
 332	  24.83358	 -626.84106	 -402.07312	  1162.07312
 333	  24.04641	 -622.27252	 -389.19861	  1149.19861
 332	  24.83358	 -626.84106	 -402.07312	  1162.07312
 335	  26.15165	 -631.92365	 -398.1062	  1158.1062
 334	  26.19595	 -635.24463	 -403.26563	  1163.26563
 334	  26.19595	 -635.24463	 -403.26563	  1163.26563
 336	  27.2999	 -644.23151	 -403.22266	  1163.22266
 210	  21.60956	 -634.10938	 -406.4021	  1166.4021
 210	  21.60956	 -634.10938	 -406.4021	  1166.4021
 336	  27.2999	 -644.23151	 -403.22266	  1163.22266
 214	  23.31027	 -647.70734	 -405.77405	  1165.77405
 334	  26.19595	 -635.24463	 -403.26563	  1163.26563
 335	  26.15165	 -631.92365	 -398.1062	  1158.1062
 337	  26.94528	 -637.92407	 -399.21448	  1159.21448
 334	  26.19595	 -635.24463	 -403.26563	  1163.26563
 337	  26.94528	 -637.92407	 -399.21448	  1159.21448
 336	  27.2999	 -644.23151	 -403.22266	  1163.22266
 333	  24.04641	 -622.27252	 -389.19861	  1149.19861
 338	  21.67984	 -634.24768	 -387.20117	  1147.20117
 335	  26.15165	 -631.92365	 -398.1062	  1158.1062
 265	  23.87646	 -641.9754	 -394.84216	  1154.84216
 337	  26.94528	 -637.92407	 -399.21448	  1159.21448
 335	  26.15165	 -631.92365	 -398.1062	  1158.1062
 335	  26.15165	 -631.92365	 -398.1062	  1158.1062
 338	  21.67984	 -634.24768	 -387.20117	  1147.20117
 265	  23.87646	 -641.9754	 -394.84216	  1154.84216
 260	  24.10428	 -644.95074	 -395.19897	  1155.19897
 337	  26.94528	 -637.92407	 -399.21448	  1159.21448
 265	  23.87646	 -641.9754	 -394.84216	  1154.84216
 266	  15.87496	 -641.20404	 -387.18677	  1147.18677
 265	  23.87646	 -641.9754	 -394.84216	  1154.84216
 338	  21.67984	 -634.24768	 -387.20117	  1147.20117
 337	  26.94528	 -637.92407	 -399.21448	  1159.21448
 260	  24.10428	 -644.95074	 -395.19897	  1155.19897
 339	  27.85564	 -643.99957	 -398.86462	  1158.86462
 336	  27.2999	 -644.23151	 -403.22266	  1163.22266
 337	  26.94528	 -637.92407	 -399.21448	  1159.21448
 339	  27.85564	 -643.99957	 -398.86462	  1158.86462
 339	  27.85564	 -643.99957	 -398.86462	  1158.86462
 260	  24.10428	 -644.95074	 -395.19897	  1155.19897
 340	  29.84402	 -660.51544	 -396.97058	  1156.97058
 339	  27.85564	 -643.99957	 -398.86462	  1158.86462
 340	  29.84402	 -660.51544	 -396.97058	  1156.97058
 336	  27.2999	 -644.23151	 -403.22266	  1163.22266
 340	  29.84402	 -660.51544	 -396.97058	  1156.97058
 260	  24.10428	 -644.95074	 -395.19897	  1155.19897
 256	  25.53806	 -660.19287	 -392.41272	  1152.41272
 248	  27.73017	 -685.83197	 -392.60718	  1152.60718
 340	  29.84402	 -660.51544	 -396.97058	  1156.97058
 256	  25.53806	 -660.19287	 -392.41272	  1152.41272
 340	  29.84402	 -660.51544	 -396.97058	  1156.97058
 341	  29.9705	 -663.33813	 -402.89307	  1162.89307
 336	  27.2999	 -644.23151	 -403.22266	  1163.22266
 336	  27.2999	 -644.23151	 -403.22266	  1163.22266
 341	  29.9705	 -663.33813	 -402.89307	  1162.89307
 214	  23.31027	 -647.70734	 -405.77405	  1165.77405
 214	  23.31027	 -647.70734	 -405.77405	  1165.77405
 341	  29.9705	 -663.33813	 -402.89307	  1162.89307
 217	  25.72124	 -664.74384	 -405.2019	  1165.2019
 342	  31.7445	 -684.81757	 -396.93494	  1156.93494
 340	  29.84402	 -660.51544	 -396.97058	  1156.97058
 248	  27.73017	 -685.83197	 -392.60718	  1152.60718
 340	  29.84402	 -660.51544	 -396.97058	  1156.97058
 342	  31.7445	 -684.81757	 -396.93494	  1156.93494
 341	  29.9705	 -663.33813	 -402.89307	  1162.89307
 242	  29.49361	 -709.72015	 -394.79395	  1154.79395
 342	  31.7445	 -684.81757	 -396.93494	  1156.93494
 248	  27.73017	 -685.83197	 -392.60718	  1152.60718
 233	  32.14919	 -708.01349	 -398.32556	  1158.32556
 342	  31.7445	 -684.81757	 -396.93494	  1156.93494
 242	  29.49361	 -709.72015	 -394.79395	  1154.79395
 233	  32.14919	 -708.01349	 -398.32556	  1158.32556
 230	  32.16583	 -707.08405	 -402.71973	  1162.71973
 342	  31.7445	 -684.81757	 -396.93494	  1156.93494
 343	  31.78496	 -683.99457	 -402.09326	  1162.09326
 217	  25.72124	 -664.74384	 -405.2019	  1165.2019
 341	  29.9705	 -663.33813	 -402.89307	  1162.89307
 342	  31.7445	 -684.81757	 -396.93494	  1156.93494
 343	  31.78496	 -683.99457	 -402.09326	  1162.09326
 341	  29.9705	 -663.33813	 -402.89307	  1162.89307
 342	  31.7445	 -684.81757	 -396.93494	  1156.93494
 230	  32.16583	 -707.08405	 -402.71973	  1162.71973
 343	  31.78496	 -683.99457	 -402.09326	  1162.09326
 221	  27.38853	 -685.58618	 -404.77795	  1164.77795
 217	  25.72124	 -664.74384	 -405.2019	  1165.2019
 343	  31.78496	 -683.99457	 -402.09326	  1162.09326
 343	  31.78496	 -683.99457	 -402.09326	  1162.09326
 230	  32.16583	 -707.08405	 -402.71973	  1162.71973
 221	  27.38853	 -685.58618	 -404.77795	  1164.77795
 338	  21.67984	 -634.24768	 -387.20117	  1147.20117
 344	  13.04938	 -633.10559	 -378.94861	  1138.94861
 266	  15.87496	 -641.20404	 -387.18677	  1147.18677
 270	  7.21465	 -632.49017	 -380.25452	  1140.25452
 266	  15.87496	 -641.20404	 -387.18677	  1147.18677
 344	  13.04938	 -633.10559	 -378.94861	  1138.94861
 344	  13.04938	 -633.10559	 -378.94861	  1138.94861
 275	  5.73923	 -626.36407	 -373.13501	  1133.13501
 270	  7.21465	 -632.49017	 -380.25452	  1140.25452
 345	  18.93789	 -624.15662	 -379.70508	  1139.70508
 344	  13.04938	 -633.10559	 -378.94861	  1138.94861
 338	  21.67984	 -634.24768	 -387.20117	  1147.20117
 338	  21.67984	 -634.24768	 -387.20117	  1147.20117
 333	  24.04641	 -622.27252	 -389.19861	  1149.19861
 345	  18.93789	 -624.15662	 -379.70508	  1139.70508
 345	  18.93789	 -624.15662	 -379.70508	  1139.70508
 333	  24.04641	 -622.27252	 -389.19861	  1149.19861
 331	  22.1849	 -611.62585	 -381.7146	  1141.7146
 346	  11.25366	 -624.97797	 -372.65771	  1132.65771
 275	  5.73923	 -626.36407	 -373.13501	  1133.13501
 344	  13.04938	 -633.10559	 -378.94861	  1138.94861
 344	  13.04938	 -633.10559	 -378.94861	  1138.94861
 345	  18.93789	 -624.15662	 -379.70508	  1139.70508
 346	  11.25366	 -624.97797	 -372.65771	  1132.65771
 346	  11.25366	 -624.97797	 -372.65771	  1132.65771
 284	  4.5063	 -626.37067	 -370.05823	  1130.05823
 275	  5.73923	 -626.36407	 -373.13501	  1133.13501
 331	  22.1849	 -611.62585	 -381.7146	  1141.7146
 347	  17.44761	 -616.80859	 -373.54272	  1133.54272
 345	  18.93789	 -624.15662	 -379.70508	  1139.70508
 346	  11.25366	 -624.97797	 -372.65771	  1132.65771
 345	  18.93789	 -624.15662	 -379.70508	  1139.70508
 347	  17.44761	 -616.80859	 -373.54272	  1133.54272
 330	  20.43245	 -603.98962	 -375.78516	  1135.78516
 347	  17.44761	 -616.80859	 -373.54272	  1133.54272
 331	  22.1849	 -611.62585	 -381.7146	  1141.7146
 284	  4.5063	 -626.37067	 -370.05823	  1130.05823
 346	  11.25366	 -624.97797	 -372.65771	  1132.65771
 348	  8.57702	 -624.92426	 -366.67407	  1126.67407
 284	  4.5063	 -626.37067	 -370.05823	  1130.05823
 348	  8.57702	 -624.92426	 -366.67407	  1126.67407
 289	  1.89049	 -627.78882	 -363.84155	  1123.84155
 347	  17.44761	 -616.80859	 -373.54272	  1133.54272
 349	  13.31611	 -619.24683	 -368.51514	  1128.51514
 346	  11.25366	 -624.97797	 -372.65771	  1132.65771
 349	  13.31611	 -619.24683	 -368.51514	  1128.51514
 348	  8.57702	 -624.92426	 -366.67407	  1126.67407
 346	  11.25366	 -624.97797	 -372.65771	  1132.65771
 330	  20.43245	 -603.98962	 -375.78516	  1135.78516
 350	  16.45352	 -609.12689	 -366.91528	  1126.91528
 347	  17.44761	 -616.80859	 -373.54272	  1133.54272
 350	  16.45352	 -609.12689	 -366.91528	  1126.91528
 349	  13.31611	 -619.24683	 -368.51514	  1128.51514
 347	  17.44761	 -616.80859	 -373.54272	  1133.54272
 328	  18.0572	 -597.22247	 -369.75537	  1129.75537
 350	  16.45352	 -609.12689	 -366.91528	  1126.91528
 330	  20.43245	 -603.98962	 -375.78516	  1135.78516
 349	  13.31611	 -619.24683	 -368.51514	  1128.51514
 351	  12.42251	 -616.29364	 -363.80811	  1123.80811
 348	  8.57702	 -624.92426	 -366.67407	  1126.67407
 350	  16.45352	 -609.12689	 -366.91528	  1126.91528
 351	  12.42251	 -616.29364	 -363.80811	  1123.80811
 349	  13.31611	 -619.24683	 -368.51514	  1128.51514
 348	  8.57702	 -624.92426	 -366.67407	  1126.67407
 352	  6.50447	 -622.97473	 -360.70337	  1120.70337
 289	  1.89049	 -627.78882	 -363.84155	  1123.84155
 348	  8.57702	 -624.92426	 -366.67407	  1126.67407
 351	  12.42251	 -616.29364	 -363.80811	  1123.80811
 352	  6.50447	 -622.97473	 -360.70337	  1120.70337
 289	  1.89049	 -627.78882	 -363.84155	  1123.84155
 352	  6.50447	 -622.97473	 -360.70337	  1120.70337
 292	  1.14175	 -623.70319	 -358.8916	  1118.8916
 295	  4.88113	 -616.15552	 -356.60754	  1116.60754
 292	  1.14175	 -623.70319	 -358.8916	  1118.8916
 352	  6.50447	 -622.97473	 -360.70337	  1120.70337
 352	  6.50447	 -622.97473	 -360.70337	  1120.70337
 353	  10.24912	 -610.82831	 -358.78394	  1118.78394
 295	  4.88113	 -616.15552	 -356.60754	  1116.60754
 351	  12.42251	 -616.29364	 -363.80811	  1123.80811
 353	  10.24912	 -610.82831	 -358.78394	  1118.78394
 352	  6.50447	 -622.97473	 -360.70337	  1120.70337
 353	  10.24912	 -610.82831	 -358.78394	  1118.78394
 305	  8.64355	 -604.62115	 -355.4635	  1115.4635
 295	  4.88113	 -616.15552	 -356.60754	  1116.60754
 350	  16.45352	 -609.12689	 -366.91528	  1126.91528
 354	  14.07765	 -602.28876	 -361.50244	  1121.50244
 351	  12.42251	 -616.29364	 -363.80811	  1123.80811
 351	  12.42251	 -616.29364	 -363.80811	  1123.80811
 354	  14.07765	 -602.28876	 -361.50244	  1121.50244
 353	  10.24912	 -610.82831	 -358.78394	  1118.78394
 353	  10.24912	 -610.82831	 -358.78394	  1118.78394
 354	  14.07765	 -602.28876	 -361.50244	  1121.50244
 305	  8.64355	 -604.62115	 -355.4635	  1115.4635
 350	  16.45352	 -609.12689	 -366.91528	  1126.91528
 328	  18.0572	 -597.22247	 -369.75537	  1129.75537
 354	  14.07765	 -602.28876	 -361.50244	  1121.50244
 305	  8.64355	 -604.62115	 -355.4635	  1115.4635
 354	  14.07765	 -602.28876	 -361.50244	  1121.50244
 306	  12.82464	 -595.23315	 -358.47937	  1118.47937
 354	  14.07765	 -602.28876	 -361.50244	  1121.50244
 328	  18.0572	 -597.22247	 -369.75537	  1129.75537
 355	  15.57215	 -590.84784	 -364.13074	  1124.13074
 355	  15.57215	 -590.84784	 -364.13074	  1124.13074
 306	  12.82464	 -595.23315	 -358.47937	  1118.47937
 354	  14.07765	 -602.28876	 -361.50244	  1121.50244
 328	  18.0572	 -597.22247	 -369.75537	  1129.75537
 318	  14.93407	 -582.91943	 -367.08191	  1127.08191
 355	  15.57215	 -590.84784	 -364.13074	  1124.13074
 310	  14.20456	 -585.82806	 -361.505	  1121.505
 306	  12.82464	 -595.23315	 -358.47937	  1118.47937
 355	  15.57215	 -590.84784	 -364.13074	  1124.13074
 355	  15.57215	 -590.84784	 -364.13074	  1124.13074
 318	  14.93407	 -582.91943	 -367.08191	  1127.08191
 310	  14.20456	 -585.82806	 -361.505	  1121.505
 152	 -25.59652	 -629.09412	 -410.73657	  1170.73657
 356	 -30.39659	 -630.77386	 -408.04504	  1168.04504
 157	 -24.25281	 -618.68787	 -408.88147	  1168.88147
 157	 -24.25281	 -618.68787	 -408.88147	  1168.88147
 356	 -30.39659	 -630.77386	 -408.04504	  1168.04504
 177	 -29.50561	 -622.36133	 -406.64001	  1166.64001
 356	 -30.39659	 -630.77386	 -408.04504	  1168.04504
 152	 -25.59652	 -629.09412	 -410.73657	  1170.73657
 151	 -31.38165	 -639.8399	 -408.16138	  1168.16138
 356	 -30.39659	 -630.77386	 -408.04504	  1168.04504
 357	 -31.24383	 -627.89008	 -402.9209	  1162.9209
 177	 -29.50561	 -622.36133	 -406.64001	  1166.64001
 357	 -31.24383	 -627.89008	 -402.9209	  1162.9209
 80	 -30.85521	 -618.96149	 -393.77356	  1153.77356
 177	 -29.50561	 -622.36133	 -406.64001	  1166.64001
 357	 -31.24383	 -627.89008	 -402.9209	  1162.9209
 84	 -28.11135	 -630.30603	 -391.86511	  1151.86511
 80	 -30.85521	 -618.96149	 -393.77356	  1153.77356
 97	 -29.23832	 -637.97949	 -399.59424	  1159.59424
 84	 -28.11135	 -630.30603	 -391.86511	  1151.86511
 357	 -31.24383	 -627.89008	 -402.9209	  1162.9209
 358	 -31.67954	 -633.82813	 -404.14087	  1164.14087
 357	 -31.24383	 -627.89008	 -402.9209	  1162.9209
 356	 -30.39659	 -630.77386	 -408.04504	  1168.04504
 97	 -29.23832	 -637.97949	 -399.59424	  1159.59424
 357	 -31.24383	 -627.89008	 -402.9209	  1162.9209
 358	 -31.67954	 -633.82813	 -404.14087	  1164.14087
 356	 -30.39659	 -630.77386	 -408.04504	  1168.04504
 151	 -31.38165	 -639.8399	 -408.16138	  1168.16138
 358	 -31.67954	 -633.82813	 -404.14087	  1164.14087
 97	 -29.23832	 -637.97949	 -399.59424	  1159.59424
 358	 -31.67954	 -633.82813	 -404.14087	  1164.14087
 359	 -29.17424	 -640.8205	 -399.92676	  1159.92676
 98	 -23.04437	 -643.20062	 -400.00635	  1160.00635
 97	 -29.23832	 -637.97949	 -399.59424	  1159.59424
 359	 -29.17424	 -640.8205	 -399.92676	  1159.92676
 98	 -23.04437	 -643.20062	 -400.00635	  1160.00635
 359	 -29.17424	 -640.8205	 -399.92676	  1159.92676
 104	 -24.32004	 -657.01752	 -397.21143	  1157.21143
 104	 -24.32004	 -657.01752	 -397.21143	  1157.21143
 359	 -29.17424	 -640.8205	 -399.92676	  1159.92676
 112	 -30.54629	 -656.35614	 -397.37854	  1157.37854
 112	 -30.54629	 -656.35614	 -397.37854	  1157.37854
 359	 -29.17424	 -640.8205	 -399.92676	  1159.92676
 129	 -34.24136	 -656.80096	 -402.3042	  1162.3042
 358	 -31.67954	 -633.82813	 -404.14087	  1164.14087
 151	 -31.38165	 -639.8399	 -408.16138	  1168.16138
 360	 -32.44716	 -639.98468	 -403.91199	  1163.91199
 358	 -31.67954	 -633.82813	 -404.14087	  1164.14087
 360	 -32.44716	 -639.98468	 -403.91199	  1163.91199
 359	 -29.17424	 -640.8205	 -399.92676	  1159.92676
 129	 -34.24136	 -656.80096	 -402.3042	  1162.3042
 360	 -32.44716	 -639.98468	 -403.91199	  1163.91199
 151	 -31.38165	 -639.8399	 -408.16138	  1168.16138
 129	 -34.24136	 -656.80096	 -402.3042	  1162.3042
 359	 -29.17424	 -640.8205	 -399.92676	  1159.92676
 360	 -32.44716	 -639.98468	 -403.91199	  1163.91199
 361	 -28.2113	 -729.27521	 -413.47949	  1173.47949
 362	 -25.98647	 -735.83539	 -407.6394	  1167.6394
 363	 -31.88614	 -732.9494	 -408.09143	  1168.09143
 364	 -33.08228	 -727.05328	 -413.79773	  1173.79773
 361	 -28.2113	 -729.27521	 -413.47949	  1173.47949
 363	 -31.88614	 -732.9494	 -408.09143	  1168.09143
 362	 -25.98647	 -735.83539	 -407.6394	  1167.6394
 365	 -29.08751	 -736.6955	 -403.0177	  1163.0177
 363	 -31.88614	 -732.9494	 -408.09143	  1168.09143
 366	 -36.60864	 -729.50549	 -410.74695	  1170.74695
 364	 -33.08228	 -727.05328	 -413.79773	  1173.79773
 363	 -31.88614	 -732.9494	 -408.09143	  1168.09143
 365	 -29.08751	 -736.6955	 -403.0177	  1163.0177
 367	 -33.51796	 -735.50696	 -403.33875	  1163.33875
 363	 -31.88614	 -732.9494	 -408.09143	  1168.09143
 368	 -35.93728	 -733.65228	 -406.6239	  1166.6239
 366	 -36.60864	 -729.50549	 -410.74695	  1170.74695
 363	 -31.88614	 -732.9494	 -408.09143	  1168.09143
 367	 -33.51796	 -735.50696	 -403.33875	  1163.33875
 368	 -35.93728	 -733.65228	 -406.6239	  1166.6239
 363	 -31.88614	 -732.9494	 -408.09143	  1168.09143
 369	  24.53334	 -738.4433	 -402.4176	  1162.4176
 370	  26.49548	 -733.9848	 -407.16345	  1167.16345
 371	  29.96732	 -735.38385	 -402.79065	  1162.79065
 372	  26.75397	 -739.31494	 -396.96448	  1156.96448
 369	  24.53334	 -738.4433	 -402.4176	  1162.4176
 371	  29.96732	 -735.38385	 -402.79065	  1162.79065
 370	  26.49548	 -733.9848	 -407.16345	  1167.16345
 373	  31.7662	 -731.60632	 -408.13696	  1168.13696
 371	  29.96732	 -735.38385	 -402.79065	  1162.79065
 374	  30.90138	 -737.82141	 -397.0979	  1157.0979
 372	  26.75397	 -739.31494	 -396.96448	  1156.96448
 371	  29.96732	 -735.38385	 -402.79065	  1162.79065
 373	  31.7662	 -731.60632	 -408.13696	  1168.13696
 375	  34.82092	 -733.53088	 -404.32275	  1164.32275
 371	  29.96732	 -735.38385	 -402.79065	  1162.79065
 376	  34.09075	 -736.1059	 -400.32288	  1160.32288
 374	  30.90138	 -737.82141	 -397.0979	  1157.0979
 371	  29.96732	 -735.38385	 -402.79065	  1162.79065
 375	  34.82092	 -733.53088	 -404.32275	  1164.32275
 376	  34.09075	 -736.1059	 -400.32288	  1160.32288
 371	  29.96732	 -735.38385	 -402.79065	  1162.79065
 377	 -13.85093	 -579.02191	 -350.23389	  1110.23389
 378	 -7.82641	 -580.07788	 -350.052	  1110.052
 379	 -6.11758	 -567.50745	 -358.99463	  1118.99463
 380	 -21.318	 -576.00476	 -351.54517	  1111.54517
 377	 -13.85093	 -579.02191	 -350.23389	  1110.23389
 379	 -6.11758	 -567.50745	 -358.99463	  1118.99463
 378	 -7.82641	 -580.07788	 -350.052	  1110.052
 381	 -1.88693	 -580.62531	 -349.08521	  1109.08521
 379	 -6.11758	 -567.50745	 -358.99463	  1118.99463
 382	 -25.0903	 -569.45502	 -355.65601	  1115.65601
 380	 -21.318	 -576.00476	 -351.54517	  1111.54517
 379	 -6.11758	 -567.50745	 -358.99463	  1118.99463
 381	 -1.88693	 -580.62531	 -349.08521	  1109.08521
 383	  5.76941	 -579.60754	 -348.91455	  1108.91455
 379	 -6.11758	 -567.50745	 -358.99463	  1118.99463
 384	 -25.21006	 -562.04144	 -360.31702	  1120.31702
 382	 -25.0903	 -569.45502	 -355.65601	  1115.65601
 379	 -6.11758	 -567.50745	 -358.99463	  1118.99463
 383	  5.76941	 -579.60754	 -348.91455	  1108.91455
 385	  10.83827	 -574.80206	 -351.82288	  1111.82288
 379	 -6.11758	 -567.50745	 -358.99463	  1118.99463
 386	 -22.41651	 -556.3288	 -364.45007	  1124.45007
 384	 -25.21006	 -562.04144	 -360.31702	  1120.31702
 379	 -6.11758	 -567.50745	 -358.99463	  1118.99463
 385	  10.83827	 -574.80206	 -351.82288	  1111.82288
 387	  12.84419	 -567.30676	 -356.5874	  1116.5874
 379	 -6.11758	 -567.50745	 -358.99463	  1118.99463
 388	 -17.29075	 -553.5553	 -367.06116	  1127.06116
 386	 -22.41651	 -556.3288	 -364.45007	  1124.45007
 379	 -6.11758	 -567.50745	 -358.99463	  1118.99463
 387	  12.84419	 -567.30676	 -356.5874	  1116.5874
 389	  11.86982	 -560.68573	 -361.31006	  1121.31006
 379	 -6.11758	 -567.50745	 -358.99463	  1118.99463
 390	 -11.01544	 -551.87933	 -368.75378	  1128.75378
 388	 -17.29075	 -553.5553	 -367.06116	  1127.06116
 379	 -6.11758	 -567.50745	 -358.99463	  1118.99463
 389	  11.86982	 -560.68573	 -361.31006	  1121.31006
 391	  7.6528	 -557.07257	 -364.60559	  1124.60559
 379	 -6.11758	 -567.50745	 -358.99463	  1118.99463
 392	 -4.32107	 -551.86212	 -369.08496	  1129.08496
 390	 -11.01544	 -551.87933	 -368.75378	  1128.75378
 379	 -6.11758	 -567.50745	 -358.99463	  1118.99463
 391	  7.6528	 -557.07257	 -364.60559	  1124.60559
 393	  2.14721	 -553.84631	 -367.39917	  1127.39917
 379	 -6.11758	 -567.50745	 -358.99463	  1118.99463
 393	  2.14721	 -553.84631	 -367.39917	  1127.39917
 392	 -4.32107	 -551.86212	 -369.08496	  1129.08496
 379	 -6.11758	 -567.50745	 -358.99463	  1118.99463
