 IDX	 gl_Position.x	 gl_Position.y	 gl_Position.z	 gl_Position.w
 1317	  29762.58008	 -26458.16211	 -13091.30859	  13851.30859
 1319	  29574.47461	 -26430.39258	 -13108.17871	  13868.17871
 1	  29762.58008	 -26458.16211	 -13091.30859	  13851.30859
 1317	  29762.58008	 -26458.16211	 -13091.30859	  13851.30859
 1318	  29598.66016	 -26215.64258	 -13239.75195	  13999.75195
 1319	  29574.47461	 -26430.39258	 -13108.17871	  13868.17871
 329	  29788.0625	 -26231.84766	 -13229.92188	  13989.92188
 1318	  29598.66016	 -26215.64258	 -13239.75195	  13999.75195
 1317	  29762.58008	 -26458.16211	 -13091.30859	  13851.30859
 1318	  29598.66016	 -26215.64258	 -13239.75195	  13999.75195
 331	  28782.2207	 -26313.42383	 -13179.24121	  13939.24121
 1319	  29574.47461	 -26430.39258	 -13108.17871	  13868.17871
 329	  29788.0625	 -26231.84766	 -13229.92188	  13989.92188
 1316	  29797.72266	 -26146.05078	 -13282.47461	  14042.47461
 1318	  29598.66016	 -26215.64258	 -13239.75195	  13999.75195
 1314	  29788.0625	 -26231.91797	 -13229.94141	  13989.94141
 1316	  29797.72266	 -26146.05078	 -13282.47461	  14042.47461
 329	  29788.0625	 -26231.84766	 -13229.92188	  13989.92188
 1318	  29598.66016	 -26215.64258	 -13239.75195	  13999.75195
 1345	  28806.40625	 -26097.41797	 -13310.47363	  14070.47363
 331	  28782.2207	 -26313.42383	 -13179.24121	  13939.24121
 1316	  29797.72266	 -26146.05078	 -13282.47461	  14042.47461
 1345	  28806.40625	 -26097.41797	 -13310.47363	  14070.47363
 1318	  29598.66016	 -26215.64258	 -13239.75195	  13999.75195
 1345	  28806.40625	 -26097.41797	 -13310.47363	  14070.47363
 1377	  28594.11328	 -26285.65234	 -13196.11426	  13956.11426
 331	  28782.2207	 -26313.42383	 -13179.24121	  13939.24121
 1314	  29788.0625	 -26231.91797	 -13229.94141	  13989.94141
 1315	  29797.72266	 -26146.05078	 -13282.47461	  14042.47461
 1316	  29797.72266	 -26146.05078	 -13282.47461	  14042.47461
 327	  30032.49219	 -23673.98242	 -14454.56055	  15214.56055
 1315	  29797.72266	 -26146.05078	 -13282.47461	  14042.47461
 1314	  29788.0625	 -26231.91797	 -13229.94141	  13989.94141
 1316	  29797.72266	 -26146.05078	 -13282.47461	  14042.47461
 330	  28908.26563	 -25187.66016	 -13863.18848	  14623.18848
 1345	  28806.40625	 -26097.41797	 -13310.47363	  14070.47363
 1315	  29797.72266	 -26146.05078	 -13282.47461	  14042.47461
 330	  28908.26563	 -25187.66016	 -13863.18848	  14623.18848
 1316	  29797.72266	 -26146.05078	 -13282.47461	  14042.47461
 1345	  28806.40625	 -26097.41797	 -13310.47363	  14070.47363
 1376	  28618.29688	 -26069.64648	 -13327.34668	  14087.34668
 1377	  28594.11328	 -26285.65234	 -13196.11426	  13956.11426
 330	  28908.26563	 -25187.66016	 -13863.18848	  14623.18848
 1376	  28618.29688	 -26069.64648	 -13327.34668	  14087.34668
 1345	  28806.40625	 -26097.41797	 -13310.47363	  14070.47363
 1376	  28618.29688	 -26069.64648	 -13327.34668	  14087.34668
 347	  27801.86133	 -26168.68359	 -13267.17676	  14027.17676
 1377	  28594.11328	 -26285.65234	 -13196.11426	  13956.11426
 327	  30032.49219	 -23673.98242	 -14454.56055	  15214.56055
 1313	  30031.11328	 -23690.88867	 -14448.31348	  15208.31348
 1315	  29797.72266	 -26146.05078	 -13282.47461	  14042.47461
 1311	  30032.49219	 -23673.54297	 -14454.44043	  15214.44043
 1313	  30031.11328	 -23690.88867	 -14448.31348	  15208.31348
 327	  30032.49219	 -23673.98242	 -14454.56055	  15214.56055
 1376	  28618.29688	 -26069.64648	 -13327.34668	  14087.34668
 1403	  27826.04688	 -25952.67773	 -13398.40918	  14158.40918
 347	  27801.86133	 -26168.68359	 -13267.17676	  14027.17676
 1403	  27826.04688	 -25952.67773	 -13398.40918	  14158.40918
 1435	  27613.75391	 -26142.16797	 -13284.39063	  14044.39063
 347	  27801.86133	 -26168.68359	 -13267.17676	  14027.17676
 330	  28908.26563	 -25187.66016	 -13863.18848	  14623.18848
 1375	  28720.1582	 -25159.88672	 -13880.06152	  14640.06152
 1376	  28618.29688	 -26069.64648	 -13327.34668	  14087.34668
 1375	  28720.1582	 -25159.88672	 -13880.06152	  14640.06152
 1403	  27826.04688	 -25952.67773	 -13398.40918	  14158.40918
 1376	  28618.29688	 -26069.64648	 -13327.34668	  14087.34668
 1315	  29797.72266	 -26146.05078	 -13282.47461	  14042.47461
 1344	  29458.91016	 -26006.55664	 -13365.67676	  14125.67676
 330	  28908.26563	 -25187.66016	 -13863.18848	  14623.18848
 1344	  29458.91016	 -26006.55664	 -13365.67676	  14125.67676
 1375	  28720.1582	 -25159.88672	 -13880.06152	  14640.06152
 330	  28908.26563	 -25187.66016	 -13863.18848	  14623.18848
 1313	  30031.11328	 -23690.88867	 -14448.31348	  15208.31348
 1344	  29458.91016	 -26006.55664	 -13365.67676	  14125.67676
 1315	  29797.72266	 -26146.05078	 -13282.47461	  14042.47461
 1403	  27826.04688	 -25952.67773	 -13398.40918	  14158.40918
 1434	  27637.9375	 -25924.90625	 -13415.28223	  14175.28223
 1435	  27613.75391	 -26142.16797	 -13284.39063	  14044.39063
 1434	  27637.9375	 -25924.90625	 -13415.28223	  14175.28223
 1467	  26821.50195	 -25903.39844	 -13322.40332	  14082.40332
 1435	  27613.75391	 -26142.16797	 -13284.39063	  14044.39063
 1375	  28720.1582	 -25159.88672	 -13880.06152	  14640.06152
 346	  27927.90625	 -25042.91992	 -13951.12402	  14711.12402
 1403	  27826.04688	 -25952.67773	 -13398.40918	  14158.40918
 346	  27927.90625	 -25042.91992	 -13951.12402	  14711.12402
 1434	  27637.9375	 -25924.90625	 -13415.28223	  14175.28223
 1403	  27826.04688	 -25952.67773	 -13398.40918	  14158.40918
 1344	  29458.91016	 -26006.55664	 -13365.67676	  14125.67676
 1374	  28744.34375	 -24946.38672	 -14011.97266	  14771.97266
 1375	  28720.1582	 -25159.88672	 -13880.06152	  14640.06152
 1374	  28744.34375	 -24946.38672	 -14011.97266	  14771.97266
 346	  27927.90625	 -25042.91992	 -13951.12402	  14711.12402
 1375	  28720.1582	 -25159.88672	 -13880.06152	  14640.06152
 1434	  27637.9375	 -25924.90625	 -13415.28223	  14175.28223
 1466	  26845.6875	 -25724.38086	 -13463.67285	  14223.67285
 1467	  26821.50195	 -25903.39844	 -13322.40332	  14082.40332
 1466	  26845.6875	 -25724.38086	 -13463.67285	  14223.67285
 1499	  26633.39258	 -25749.46094	 -13305.04297	  14065.04297
 1467	  26821.50195	 -25903.39844	 -13322.40332	  14082.40332
 346	  27927.90625	 -25042.91992	 -13951.12402	  14711.12402
 1433	  27739.79883	 -25015.14648	 -13967.99707	  14727.99707
 1434	  27637.9375	 -25924.90625	 -13415.28223	  14175.28223
 1433	  27739.79883	 -25015.14648	 -13967.99707	  14727.99707
 1466	  26845.6875	 -25724.38086	 -13463.67285	  14223.67285
 1434	  27637.9375	 -25924.90625	 -13415.28223	  14175.28223
 1466	  26845.6875	 -25724.38086	 -13463.67285	  14223.67285
 1498	  26657.57813	 -25594.32422	 -13452.79199	  14212.79199
 1499	  26633.39258	 -25749.46094	 -13305.04297	  14065.04297
 1498	  26657.57813	 -25594.32422	 -13452.79199	  14212.79199
 1531	  25841.14258	 -25518.96094	 -13345.30078	  14105.30078
 1499	  26633.39258	 -25749.46094	 -13305.04297	  14065.04297
 1433	  27739.79883	 -25015.14648	 -13967.99707	  14727.99707
 1465	  26947.54688	 -24897.53906	 -14038.88574	  14798.88574
 1466	  26845.6875	 -25724.38086	 -13463.67285	  14223.67285
 1465	  26947.54688	 -24897.53906	 -14038.88574	  14798.88574
 1498	  26657.57813	 -25594.32422	 -13452.79199	  14212.79199
 1466	  26845.6875	 -25724.38086	 -13463.67285	  14223.67285
 1402	  27952.0918	 -24827.53906	 -14082.52539	  14842.52539
 1433	  27739.79883	 -25015.14648	 -13967.99707	  14727.99707
 346	  27927.90625	 -25042.91992	 -13951.12402	  14711.12402
 1374	  28744.34375	 -24946.38672	 -14011.97266	  14771.97266
 1402	  27952.0918	 -24827.53906	 -14082.52539	  14842.52539
 346	  27927.90625	 -25042.91992	 -13951.12402	  14711.12402
 1432	  27763.98438	 -24797.89453	 -14098.89063	  14858.89063
 1465	  26947.54688	 -24897.53906	 -14038.88574	  14798.88574
 1433	  27739.79883	 -25015.14648	 -13967.99707	  14727.99707
 1402	  27952.0918	 -24827.53906	 -14082.52539	  14842.52539
 1432	  27763.98438	 -24797.89453	 -14098.89063	  14858.89063
 1433	  27739.79883	 -25015.14648	 -13967.99707	  14727.99707
 1498	  26657.57813	 -25594.32422	 -13452.79199	  14212.79199
 1530	  25865.32617	 -25317.78125	 -13480.55566	  14240.55566
 1531	  25841.14258	 -25518.96094	 -13345.30078	  14105.30078
 1530	  25865.32617	 -25317.78125	 -13480.55566	  14240.55566
 85	  25653.0332	 -25514.1582	 -13368.40527	  14128.40527
 1531	  25841.14258	 -25518.96094	 -13345.30078	  14105.30078
 1465	  26947.54688	 -24897.53906	 -14038.88574	  14798.88574
 1497	  26759.43945	 -24872.84766	 -14056.59473	  14816.59473
 1498	  26657.57813	 -25594.32422	 -13452.79199	  14212.79199
 1497	  26759.43945	 -24872.84766	 -14056.59473	  14816.59473
 1530	  25865.32617	 -25317.78125	 -13480.55566	  14240.55566
 1498	  26657.57813	 -25594.32422	 -13452.79199	  14212.79199
 1530	  25865.32617	 -25317.78125	 -13480.55566	  14240.55566
 1559	  25677.21875	 -25325.29297	 -13507.00195	  14267.00195
 85	  25653.0332	 -25514.1582	 -13368.40527	  14128.40527
 1559	  25677.21875	 -25325.29297	 -13507.00195	  14267.00195
 1591	  24860.7832	 -25531.57813	 -13475.93359	  14235.93359
 85	  25653.0332	 -25514.1582	 -13368.40527	  14128.40527
 1497	  26759.43945	 -24872.84766	 -14056.59473	  14816.59473
 1529	  25967.1875	 -24584.89063	 -14081.26074	  14841.26074
 1530	  25865.32617	 -25317.78125	 -13480.55566	  14240.55566
 1529	  25967.1875	 -24584.89063	 -14081.26074	  14841.26074
 1559	  25677.21875	 -25325.29297	 -13507.00195	  14267.00195
 1530	  25865.32617	 -25317.78125	 -13480.55566	  14240.55566
 1464	  26971.73242	 -24682.17383	 -14170.29102	  14930.29102
 1497	  26759.43945	 -24872.84766	 -14056.59473	  14816.59473
 1465	  26947.54688	 -24897.53906	 -14038.88574	  14798.88574
 1432	  27763.98438	 -24797.89453	 -14098.89063	  14858.89063
 1464	  26971.73242	 -24682.17383	 -14170.29102	  14930.29102
 1465	  26947.54688	 -24897.53906	 -14038.88574	  14798.88574
 1496	  26783.625	 -24653.1543	 -14186.82617	  14946.82617
 1529	  25967.1875	 -24584.89063	 -14081.26074	  14841.26074
 1497	  26759.43945	 -24872.84766	 -14056.59473	  14816.59473
 1464	  26971.73242	 -24682.17383	 -14170.29102	  14930.29102
 1496	  26783.625	 -24653.1543	 -14186.82617	  14946.82617
 1497	  26759.43945	 -24872.84766	 -14056.59473	  14816.59473
 1559	  25677.21875	 -25325.29297	 -13507.00195	  14267.00195
 1590	  24884.9668	 -25355.92383	 -13618.11426	  14378.11426
 1591	  24860.7832	 -25531.57813	 -13475.93359	  14235.93359
 1590	  24884.9668	 -25355.92383	 -13618.11426	  14378.11426
 1623	  24672.67383	 -25551.18945	 -13505.66211	  14265.66211
 1591	  24860.7832	 -25531.57813	 -13475.93359	  14235.93359
 1529	  25967.1875	 -24584.89063	 -14081.26074	  14841.26074
 1558	  25779.08008	 -24571.19727	 -14101.9541	  14861.9541
 1559	  25677.21875	 -25325.29297	 -13507.00195	  14267.00195
 1558	  25779.08008	 -24571.19727	 -14101.9541	  14861.9541
 1590	  24884.9668	 -25355.92383	 -13618.11426	  14378.11426
 1559	  25677.21875	 -25325.29297	 -13507.00195	  14267.00195
 1590	  24884.9668	 -25355.92383	 -13618.11426	  14378.11426
 1622	  24696.85938	 -25370.84375	 -13646.57129	  14406.57129
 1623	  24672.67383	 -25551.18945	 -13505.66211	  14265.66211
 1622	  24696.85938	 -25370.84375	 -13646.57129	  14406.57129
 1655	  23880.42383	 -25578.21289	 -13615.7959	  14375.7959
 1623	  24672.67383	 -25551.18945	 -13505.66211	  14265.66211
 1558	  25779.08008	 -24571.19727	 -14101.9541	  14861.9541
 1589	  24986.82813	 -24596.25195	 -14211.55273	  14971.55273
 1590	  24884.9668	 -25355.92383	 -13618.11426	  14378.11426
 1589	  24986.82813	 -24596.25195	 -14211.55273	  14971.55273
 1622	  24696.85938	 -25370.84375	 -13646.57129	  14406.57129
 1590	  24884.9668	 -25355.92383	 -13618.11426	  14378.11426
 1528	  25991.37305	 -24444.9082	 -14233.12109	  14993.12109
 1558	  25779.08008	 -24571.19727	 -14101.9541	  14861.9541
 1529	  25967.1875	 -24584.89063	 -14081.26074	  14841.26074
 1496	  26783.625	 -24653.1543	 -14186.82617	  14946.82617
 1528	  25991.37305	 -24444.9082	 -14233.12109	  14993.12109
 1529	  25967.1875	 -24584.89063	 -14081.26074	  14841.26074
 1557	  25803.26563	 -24402.10547	 -14245.91504	  15005.91504
 1589	  24986.82813	 -24596.25195	 -14211.55273	  14971.55273
 1558	  25779.08008	 -24571.19727	 -14101.9541	  14861.9541
 1528	  25991.37305	 -24444.9082	 -14233.12109	  14993.12109
 1557	  25803.26563	 -24402.10547	 -14245.91504	  15005.91504
 1558	  25779.08008	 -24571.19727	 -14101.9541	  14861.9541
 1622	  24696.85938	 -25370.84375	 -13646.57129	  14406.57129
 1654	  23904.60742	 -25397.29102	 -13756.54785	  14516.54785
 1655	  23880.42383	 -25578.21289	 -13615.7959	  14375.7959
 1654	  23904.60742	 -25397.29102	 -13756.54785	  14516.54785
 1687	  23692.31445	 -25563.71875	 -13636.27148	  14396.27148
 1655	  23880.42383	 -25578.21289	 -13615.7959	  14375.7959
 1589	  24986.82813	 -24596.25195	 -14211.55273	  14971.55273
 1621	  24798.7207	 -24608.98242	 -14239.41602	  14999.41602
 1622	  24696.85938	 -25370.84375	 -13646.57129	  14406.57129
 1621	  24798.7207	 -24608.98242	 -14239.41602	  14999.41602
 1654	  23904.60742	 -25397.29102	 -13756.54785	  14516.54785
 1622	  24696.85938	 -25370.84375	 -13646.57129	  14406.57129
 1654	  23904.60742	 -25397.29102	 -13756.54785	  14516.54785
 1686	  23716.50	 -25367.62305	 -13772.90625	  14532.90625
 1687	  23692.31445	 -25563.71875	 -13636.27148	  14396.27148
 1686	  23716.50	 -25367.62305	 -13772.90625	  14532.90625
 1719	  22900.0625	 -25756.6543	 -13791.42383	  14551.42383
 1687	  23692.31445	 -25563.71875	 -13636.27148	  14396.27148
 1621	  24798.7207	 -24608.98242	 -14239.41602	  14999.41602
 1653	  24006.46875	 -24661.53125	 -14356.47559	  15116.47559
 1654	  23904.60742	 -25397.29102	 -13756.54785	  14516.54785
 1653	  24006.46875	 -24661.53125	 -14356.47559	  15116.47559
 1686	  23716.50	 -25367.62305	 -13772.90625	  14532.90625
 1654	  23904.60742	 -25397.29102	 -13756.54785	  14516.54785
 1588	  25011.01367	 -24413.69141	 -14351.85938	  15111.85938
 1621	  24798.7207	 -24608.98242	 -14239.41602	  14999.41602
 1589	  24986.82813	 -24596.25195	 -14211.55273	  14971.55273
 1557	  25803.26563	 -24402.10547	 -14245.91504	  15005.91504
 1588	  25011.01367	 -24413.69141	 -14351.85938	  15111.85938
 1589	  24986.82813	 -24596.25195	 -14211.55273	  14971.55273
 1620	  24822.9043	 -24426.08984	 -14379.63281	  15139.63281
 1653	  24006.46875	 -24661.53125	 -14356.47559	  15116.47559
 1621	  24798.7207	 -24608.98242	 -14239.41602	  14999.41602
 1588	  25011.01367	 -24413.69141	 -14351.85938	  15111.85938
 1620	  24822.9043	 -24426.08984	 -14379.63281	  15139.63281
 1621	  24798.7207	 -24608.98242	 -14239.41602	  14999.41602
 1686	  23716.50	 -25367.62305	 -13772.90625	  14532.90625
 1718	  22924.24805	 -25511.37695	 -13914.71289	  14674.71289
 1719	  22900.0625	 -25756.6543	 -13791.42383	  14551.42383
 1718	  22924.24805	 -25511.37695	 -13914.71289	  14674.71289
 1751	  22711.95508	 -25874.89844	 -13847.91504	  14607.91504
 1719	  22900.0625	 -25756.6543	 -13791.42383	  14551.42383
 1653	  24006.46875	 -24661.53125	 -14356.47559	  15116.47559
 1685	  23818.36133	 -24670.98633	 -14383.44922	  15143.44922
 1686	  23716.50	 -25367.62305	 -13772.90625	  14532.90625
 1685	  23818.36133	 -24670.98633	 -14383.44922	  15143.44922
 1718	  22924.24805	 -25511.37695	 -13914.71289	  14674.71289
 1686	  23716.50	 -25367.62305	 -13772.90625	  14532.90625
 1718	  22924.24805	 -25511.37695	 -13914.71289	  14674.71289
 1750	  22736.14063	 -25644.36523	 -13975.20605	  14735.20605
 1751	  22711.95508	 -25874.89844	 -13847.91504	  14607.91504
 1750	  22736.14063	 -25644.36523	 -13975.20605	  14735.20605
 1783	  21919.70313	 -26400.5918	 -14093.35742	  14853.35742
 1751	  22711.95508	 -25874.89844	 -13847.91504	  14607.91504
 1685	  23818.36133	 -24670.98633	 -14383.44922	  15143.44922
 1717	  23026.10938	 -24721.03711	 -14499.83008	  15259.83008
 1718	  22924.24805	 -25511.37695	 -13914.71289	  14674.71289
 1717	  23026.10938	 -24721.03711	 -14499.83008	  15259.83008
 1750	  22736.14063	 -25644.36523	 -13975.20605	  14735.20605
 1718	  22924.24805	 -25511.37695	 -13914.71289	  14674.71289
 1652	  24030.6543	 -24478.18359	 -14496.56836	  15256.56836
 1685	  23818.36133	 -24670.98633	 -14383.44922	  15143.44922
 1653	  24006.46875	 -24661.53125	 -14356.47559	  15116.47559
 1620	  24822.9043	 -24426.08984	 -14379.63281	  15139.63281
 1652	  24030.6543	 -24478.18359	 -14496.56836	  15256.56836
 1653	  24006.46875	 -24661.53125	 -14356.47559	  15116.47559
 1684	  23842.54492	 -24493.97852	 -14525.26172	  15285.26172
 1717	  23026.10938	 -24721.03711	 -14499.83008	  15259.83008
 1685	  23818.36133	 -24670.98633	 -14383.44922	  15143.44922
 1652	  24030.6543	 -24478.18359	 -14496.56836	  15256.56836
 1684	  23842.54492	 -24493.97852	 -14525.26172	  15285.26172
 1685	  23818.36133	 -24670.98633	 -14383.44922	  15143.44922
 1750	  22736.14063	 -25644.36523	 -13975.20605	  14735.20605
 1782	  21943.88867	 -26177.44141	 -14222.65137	  14982.65137
 1783	  21919.70313	 -26400.5918	 -14093.35742	  14853.35742
 1782	  21943.88867	 -26177.44141	 -14222.65137	  14982.65137
 1815	  21731.5957	 -26508.58008	 -14147.06738	  14907.06738
 1783	  21919.70313	 -26400.5918	 -14093.35742	  14853.35742
 1717	  23026.10938	 -24721.03711	 -14499.83008	  15259.83008
 1749	  22838.00195	 -24750.17773	 -14532.14551	  15292.14551
 1750	  22736.14063	 -25644.36523	 -13975.20605	  14735.20605
 1749	  22838.00195	 -24750.17773	 -14532.14551	  15292.14551
 1782	  21943.88867	 -26177.44141	 -14222.65137	  14982.65137
 1750	  22736.14063	 -25644.36523	 -13975.20605	  14735.20605
 1782	  21943.88867	 -26177.44141	 -14222.65137	  14982.65137
 1814	  21755.78125	 -26283.92383	 -14275.95215	  15035.95215
 1815	  21731.5957	 -26508.58008	 -14147.06738	  14907.06738
 1814	  21755.78125	 -26283.92383	 -14275.95215	  15035.95215
 1847	  20939.34375	 -26651.16602	 -14288.55664	  15048.55664
 1815	  21731.5957	 -26508.58008	 -14147.06738	  14907.06738
 1749	  22838.00195	 -24750.17773	 -14532.14551	  15292.14551
 1781	  22045.75	 -25251.09375	 -14770.86426	  15530.86426
 1782	  21943.88867	 -26177.44141	 -14222.65137	  14982.65137
 1781	  22045.75	 -25251.09375	 -14770.86426	  15530.86426
 1814	  21755.78125	 -26283.92383	 -14275.95215	  15035.95215
 1782	  21943.88867	 -26177.44141	 -14222.65137	  14982.65137
 1716	  23050.29492	 -24553.07813	 -14644.09863	  15404.09863
 1749	  22838.00195	 -24750.17773	 -14532.14551	  15292.14551
 1717	  23026.10938	 -24721.03711	 -14499.83008	  15259.83008
 1684	  23842.54492	 -24493.97852	 -14525.26172	  15285.26172
 1716	  23050.29492	 -24553.07813	 -14644.09863	  15404.09863
 1717	  23026.10938	 -24721.03711	 -14499.83008	  15259.83008
 1748	  22862.18555	 -24559.38867	 -14670.21973	  15430.21973
 1781	  22045.75	 -25251.09375	 -14770.86426	  15530.86426
 1749	  22838.00195	 -24750.17773	 -14532.14551	  15292.14551
 1716	  23050.29492	 -24553.07813	 -14644.09863	  15404.09863
 1748	  22862.18555	 -24559.38867	 -14670.21973	  15430.21973
 1749	  22838.00195	 -24750.17773	 -14532.14551	  15292.14551
 1814	  21755.78125	 -26283.92383	 -14275.95215	  15035.95215
 1846	  20963.5293	 -26466.08008	 -14428.17871	  15188.17871
 1847	  20939.34375	 -26651.16602	 -14288.55664	  15048.55664
 1846	  20963.5293	 -26466.08008	 -14428.17871	  15188.17871
 1879	  20751.23633	 -26669.77539	 -14318.01465	  15078.01465
 1847	  20939.34375	 -26651.16602	 -14288.55664	  15048.55664
 1781	  22045.75	 -25251.09375	 -14770.86426	  15530.86426
 1813	  21857.64258	 -25370.26367	 -14827.6084	  15587.6084
 1814	  21755.78125	 -26283.92383	 -14275.95215	  15035.95215
 1813	  21857.64258	 -25370.26367	 -14827.6084	  15587.6084
 1846	  20963.5293	 -26466.08008	 -14428.17871	  15188.17871
 1814	  21755.78125	 -26283.92383	 -14275.95215	  15035.95215
 1846	  20963.5293	 -26466.08008	 -14428.17871	  15188.17871
 1878	  20775.42188	 -26489.8457	 -14459.03613	  15219.03613
 1879	  20751.23633	 -26669.77539	 -14318.01465	  15078.01465
 1878	  20775.42188	 -26489.8457	 -14459.03613	  15219.03613
 1911	  19958.98438	 -26795.22656	 -14454.85547	  15214.85547
 1879	  20751.23633	 -26669.77539	 -14318.01465	  15078.01465
 1813	  21857.64258	 -25370.26367	 -14827.6084	  15587.6084
 1845	  21065.39063	 -25716.81445	 -15024.44141	  15784.44141
 1846	  20963.5293	 -26466.08008	 -14428.17871	  15188.17871
 1845	  21065.39063	 -25716.81445	 -15024.44141	  15784.44141
 1878	  20775.42188	 -26489.8457	 -14459.03613	  15219.03613
 1846	  20963.5293	 -26466.08008	 -14428.17871	  15188.17871
 1780	  22069.93555	 -25045.21094	 -14904.84277	  15664.84277
 1813	  21857.64258	 -25370.26367	 -14827.6084	  15587.6084
 1781	  22045.75	 -25251.09375	 -14770.86426	  15530.86426
 1748	  22862.18555	 -24559.38867	 -14670.21973	  15430.21973
 1780	  22069.93555	 -25045.21094	 -14904.84277	  15664.84277
 1781	  22045.75	 -25251.09375	 -14770.86426	  15530.86426
 1812	  21881.82617	 -25162.98242	 -14961.20703	  15721.20703
 1845	  21065.39063	 -25716.81445	 -15024.44141	  15784.44141
 1813	  21857.64258	 -25370.26367	 -14827.6084	  15587.6084
 1780	  22069.93555	 -25045.21094	 -14904.84277	  15664.84277
 1812	  21881.82617	 -25162.98242	 -14961.20703	  15721.20703
 1813	  21857.64258	 -25370.26367	 -14827.6084	  15587.6084
 1878	  20775.42188	 -26489.8457	 -14459.03613	  15219.03613
 1910	  19983.16992	 -26614.52148	 -14595.66602	  15355.66602
 1911	  19958.98438	 -26795.22656	 -14454.85547	  15214.85547
 1910	  19983.16992	 -26614.52148	 -14595.66602	  15355.66602
 1943	  19770.87695	 -26814.47461	 -14484.48633	  15244.48633
 1911	  19958.98438	 -26795.22656	 -14454.85547	  15214.85547
 1845	  21065.39063	 -25716.81445	 -15024.44141	  15784.44141
 1877	  20877.28125	 -25776.64844	 -15065.08496	  15825.08496
 1878	  20775.42188	 -26489.8457	 -14459.03613	  15219.03613
 1877	  20877.28125	 -25776.64844	 -15065.08496	  15825.08496
 1910	  19983.16992	 -26614.52148	 -14595.66602	  15355.66602
 1878	  20775.42188	 -26489.8457	 -14459.03613	  15219.03613
 1910	  19983.16992	 -26614.52148	 -14595.66602	  15355.66602
 1942	  19795.0625	 -26645.33594	 -14628.43555	  15388.43555
 1943	  19770.87695	 -26814.47461	 -14484.48633	  15244.48633
 1942	  19795.0625	 -26645.33594	 -14628.43555	  15388.43555
 109	  18978.625	 -26883.10352	 -14605.90918	  15365.90918
 1943	  19770.87695	 -26814.47461	 -14484.48633	  15244.48633
 1877	  20877.28125	 -25776.64844	 -15065.08496	  15825.08496
 1909	  20085.03125	 -25940.24023	 -15212.27441	  15972.27441
 1910	  19983.16992	 -26614.52148	 -14595.66602	  15355.66602
 1909	  20085.03125	 -25940.24023	 -15212.27441	  15972.27441
 1942	  19795.0625	 -26645.33594	 -14628.43555	  15388.43555
 1910	  19983.16992	 -26614.52148	 -14595.66602	  15355.66602
 1844	  21089.57422	 -25521.42383	 -15161.2666	  15921.2666
 1877	  20877.28125	 -25776.64844	 -15065.08496	  15825.08496
 1845	  21065.39063	 -25716.81445	 -15024.44141	  15784.44141
 1812	  21881.82617	 -25162.98242	 -14961.20703	  15721.20703
 1844	  21089.57422	 -25521.42383	 -15161.2666	  15921.2666
 1845	  21065.39063	 -25716.81445	 -15024.44141	  15784.44141
 1876	  20901.4668	 -25601.875	 -15207.50488	  15967.50488
 1909	  20085.03125	 -25940.24023	 -15212.27441	  15972.27441
 1877	  20877.28125	 -25776.64844	 -15065.08496	  15825.08496
 1844	  21089.57422	 -25521.42383	 -15161.2666	  15921.2666
 1876	  20901.4668	 -25601.875	 -15207.50488	  15967.50488
 1877	  20877.28125	 -25776.64844	 -15065.08496	  15825.08496
 1942	  19795.0625	 -26645.33594	 -14628.43555	  15388.43555
 1971	  19002.81055	 -26721.77539	 -14751.97754	  15511.97754
 109	  18978.625	 -26883.10352	 -14605.90918	  15365.90918
 1971	  19002.81055	 -26721.77539	 -14751.97754	  15511.97754
 2003	  18790.51758	 -26898.29102	 -14634.43848	  15394.43848
 109	  18978.625	 -26883.10352	 -14605.90918	  15365.90918
 1909	  20085.03125	 -25940.24023	 -15212.27441	  15972.27441
 1941	  19896.92188	 -25969.10156	 -15244.51465	  16004.51465
 1942	  19795.0625	 -26645.33594	 -14628.43555	  15388.43555
 1941	  19896.92188	 -25969.10156	 -15244.51465	  16004.51465
 1971	  19002.81055	 -26721.77539	 -14751.97754	  15511.97754
 1942	  19795.0625	 -26645.33594	 -14628.43555	  15388.43555
 1971	  19002.81055	 -26721.77539	 -14751.97754	  15511.97754
 2002	  18814.70313	 -26754.54102	 -14785.27637	  15545.27637
 2003	  18790.51758	 -26898.29102	 -14634.43848	  15394.43848
 2002	  18814.70313	 -26754.54102	 -14785.27637	  15545.27637
 2035	  17998.26563	 -26997.83398	 -14764.24902	  15524.24902
 2003	  18790.51758	 -26898.29102	 -14634.43848	  15394.43848
 1941	  19896.92188	 -25969.10156	 -15244.51465	  16004.51465
 1970	  19104.67188	 -26104.07227	 -15383.9375	  16143.9375
 1971	  19002.81055	 -26721.77539	 -14751.97754	  15511.97754
 1970	  19104.67188	 -26104.07227	 -15383.9375	  16143.9375
 2002	  18814.70313	 -26754.54102	 -14785.27637	  15545.27637
 1971	  19002.81055	 -26721.77539	 -14751.97754	  15511.97754
 1908	  20109.21484	 -25796.49023	 -15363.1123	  16123.1123
 1941	  19896.92188	 -25969.10156	 -15244.51465	  16004.51465
 1909	  20085.03125	 -25940.24023	 -15212.27441	  15972.27441
 1876	  20901.4668	 -25601.875	 -15207.50488	  15967.50488
 1908	  20109.21484	 -25796.49023	 -15363.1123	  16123.1123
 1909	  20085.03125	 -25940.24023	 -15212.27441	  15972.27441
 1940	  19921.10742	 -25821.44531	 -15394.29199	  16154.29199
 1970	  19104.67188	 -26104.07227	 -15383.9375	  16143.9375
 1941	  19896.92188	 -25969.10156	 -15244.51465	  16004.51465
 1908	  20109.21484	 -25796.49023	 -15363.1123	  16123.1123
 1940	  19921.10742	 -25821.44531	 -15394.29199	  16154.29199
 1941	  19896.92188	 -25969.10156	 -15244.51465	  16004.51465
 2002	  18814.70313	 -26754.54102	 -14785.27637	  15545.27637
 2034	  18022.45117	 -26871.78516	 -14919.89063	  15679.89063
 2035	  17998.26563	 -26997.83398	 -14764.24902	  15524.24902
 2034	  18022.45117	 -26871.78516	 -14919.89063	  15679.89063
 2067	  17810.1582	 -27021.76758	 -14795.15137	  15555.15137
 2035	  17998.26563	 -26997.83398	 -14764.24902	  15524.24902
 1970	  19104.67188	 -26104.07227	 -15383.9375	  16143.9375
 2001	  18916.5625	 -26154.41406	 -15422.00586	  16182.00586
 2002	  18814.70313	 -26754.54102	 -14785.27637	  15545.27637
 2001	  18916.5625	 -26154.41406	 -15422.00586	  16182.00586
 2034	  18022.45117	 -26871.78516	 -14919.89063	  15679.89063
 2002	  18814.70313	 -26754.54102	 -14785.27637	  15545.27637
 2034	  18022.45117	 -26871.78516	 -14919.89063	  15679.89063
 2066	  17834.34375	 -26913.76563	 -14955.68945	  15715.68945
 2067	  17810.1582	 -27021.76758	 -14795.15137	  15555.15137
 2066	  17834.34375	 -26913.76563	 -14955.68945	  15715.68945
 2099	  17017.90625	 -27328.01563	 -14981.04883	  15741.04883
 2067	  17810.1582	 -27021.76758	 -14795.15137	  15555.15137
 2001	  18916.5625	 -26154.41406	 -15422.00586	  16182.00586
 2033	  18124.3125	 -26271.10352	 -15556.46875	  16316.46875
 2034	  18022.45117	 -26871.78516	 -14919.89063	  15679.89063
 2033	  18124.3125	 -26271.10352	 -15556.46875	  16316.46875
 2066	  17834.34375	 -26913.76563	 -14955.68945	  15715.68945
 2034	  18022.45117	 -26871.78516	 -14919.89063	  15679.89063
 1969	  19128.85547	 -25944.70117	 -15530.53613	  16290.53613
 2001	  18916.5625	 -26154.41406	 -15422.00586	  16182.00586
 1970	  19104.67188	 -26104.07227	 -15383.9375	  16143.9375
 1940	  19921.10742	 -25821.44531	 -15394.29199	  16154.29199
 1969	  19128.85547	 -25944.70117	 -15530.53613	  16290.53613
 1970	  19104.67188	 -26104.07227	 -15383.9375	  16143.9375
 2000	  18940.74805	 -25961.8418	 -15559.59668	  16319.59668
 2033	  18124.3125	 -26271.10352	 -15556.46875	  16316.46875
 2001	  18916.5625	 -26154.41406	 -15422.00586	  16182.00586
 1969	  19128.85547	 -25944.70117	 -15530.53613	  16290.53613
 2000	  18940.74805	 -25961.8418	 -15559.59668	  16319.59668
 2001	  18916.5625	 -26154.41406	 -15422.00586	  16182.00586
 2066	  17834.34375	 -26913.76563	 -14955.68945	  15715.68945
 2098	  17042.0918	 -27193.17578	 -15134.30469	  15894.30469
 2099	  17017.90625	 -27328.01563	 -14981.04883	  15741.04883
 2098	  17042.0918	 -27193.17578	 -15134.30469	  15894.30469
 515	  16829.79883	 -27408.92188	 -15027.41016	  15787.41016
 2099	  17017.90625	 -27328.01563	 -14981.04883	  15741.04883
 2033	  18124.3125	 -26271.10352	 -15556.46875	  16316.46875
 2065	  17936.20313	 -26289.32617	 -15585.82227	  16345.82227
 2066	  17834.34375	 -26913.76563	 -14955.68945	  15715.68945
 2065	  17936.20313	 -26289.32617	 -15585.82227	  16345.82227
 2098	  17042.0918	 -27193.17578	 -15134.30469	  15894.30469
 2066	  17834.34375	 -26913.76563	 -14955.68945	  15715.68945
 2098	  17042.0918	 -27193.17578	 -15134.30469	  15894.30469
 2125	  16853.98242	 -27189.04883	 -15157.59375	  15917.59375
 515	  16829.79883	 -27408.92188	 -15027.41016	  15787.41016
 2125	  16853.98242	 -27189.04883	 -15157.59375	  15917.59375
 2157	  16037.5459	 -27410.89648	 -15130.74707	  15890.74707
 515	  16829.79883	 -27408.92188	 -15027.41016	  15787.41016
 2065	  17936.20313	 -26289.32617	 -15585.82227	  16345.82227
 2097	  17143.95117	 -26250.00586	 -15677.95313	  16437.95313
 2098	  17042.0918	 -27193.17578	 -15134.30469	  15894.30469
 2097	  17143.95117	 -26250.00586	 -15677.95313	  16437.95313
 2125	  16853.98242	 -27189.04883	 -15157.59375	  15917.59375
 2098	  17042.0918	 -27193.17578	 -15134.30469	  15894.30469
 2032	  18148.49609	 -26060.21484	 -15689.08789	  16449.08789
 2065	  17936.20313	 -26289.32617	 -15585.82227	  16345.82227
 2033	  18124.3125	 -26271.10352	 -15556.46875	  16316.46875
 2000	  18940.74805	 -25961.8418	 -15559.59668	  16319.59668
 2032	  18148.49609	 -26060.21484	 -15689.08789	  16449.08789
 2033	  18124.3125	 -26271.10352	 -15556.46875	  16316.46875
 2064	  17960.38867	 -26054.1582	 -15711.85547	  16471.85547
 2097	  17143.95117	 -26250.00586	 -15677.95313	  16437.95313
 2065	  17936.20313	 -26289.32617	 -15585.82227	  16345.82227
 2032	  18148.49609	 -26060.21484	 -15689.08789	  16449.08789
 2064	  17960.38867	 -26054.1582	 -15711.85547	  16471.85547
 2065	  17936.20313	 -26289.32617	 -15585.82227	  16345.82227
 2125	  16853.98242	 -27189.04883	 -15157.59375	  15917.59375
 2156	  16061.73047	 -27174.28516	 -15256.38867	  16016.38867
 2157	  16037.5459	 -27410.89648	 -15130.74707	  15890.74707
 2156	  16061.73047	 -27174.28516	 -15256.38867	  16016.38867
 531	  15849.43945	 -27393.1543	 -15150.34082	  15910.34082
 2157	  16037.5459	 -27410.89648	 -15130.74707	  15890.74707
 2097	  17143.95117	 -26250.00586	 -15677.95313	  16437.95313
 514	  16955.84375	 -26236.84766	 -15698.79102	  16458.79102
 2125	  16853.98242	 -27189.04883	 -15157.59375	  15917.59375
 514	  16955.84375	 -26236.84766	 -15698.79102	  16458.79102
 2156	  16061.73047	 -27174.28516	 -15256.38867	  16016.38867
 2125	  16853.98242	 -27189.04883	 -15157.59375	  15917.59375
 2156	  16061.73047	 -27174.28516	 -15256.38867	  16016.38867
 2183	  15873.625	 -27159.04688	 -15276.66211	  16036.66211
 531	  15849.43945	 -27393.1543	 -15150.34082	  15910.34082
 2183	  15873.625	 -27159.04688	 -15276.66211	  16036.66211
 2215	  15057.18652	 -27324.75391	 -15234.58203	  15994.58203
 531	  15849.43945	 -27393.1543	 -15150.34082	  15910.34082
 514	  16955.84375	 -26236.84766	 -15698.79102	  16458.79102
 2155	  16163.5918	 -26196.17383	 -15790.55664	  16550.55664
 2156	  16061.73047	 -27174.28516	 -15256.38867	  16016.38867
 2155	  16163.5918	 -26196.17383	 -15790.55664	  16550.55664
 2183	  15873.625	 -27159.04688	 -15276.66211	  16036.66211
 2156	  16061.73047	 -27174.28516	 -15256.38867	  16016.38867
 2096	  17168.13672	 -26013.92969	 -15803.74023	  16563.74023
 514	  16955.84375	 -26236.84766	 -15698.79102	  16458.79102
 2097	  17143.95117	 -26250.00586	 -15677.95313	  16437.95313
 2064	  17960.38867	 -26054.1582	 -15711.85547	  16471.85547
 2096	  17168.13672	 -26013.92969	 -15803.74023	  16563.74023
 2097	  17143.95117	 -26250.00586	 -15677.95313	  16437.95313
 2124	  16980.0293	 -26007.08398	 -15826.28906	  16586.28906
 2155	  16163.5918	 -26196.17383	 -15790.55664	  16550.55664
 514	  16955.84375	 -26236.84766	 -15698.79102	  16458.79102
 2096	  17168.13672	 -26013.92969	 -15803.74023	  16563.74023
 2124	  16980.0293	 -26007.08398	 -15826.28906	  16586.28906
 514	  16955.84375	 -26236.84766	 -15698.79102	  16458.79102
 2183	  15873.625	 -27159.04688	 -15276.66211	  16036.66211
 2214	  15081.37109	 -27095.59375	 -15362.24512	  16122.24512
 2215	  15057.18652	 -27324.75391	 -15234.58203	  15994.58203
 2214	  15081.37109	 -27095.59375	 -15362.24512	  16122.24512
 2	  14869.0791	 -27310.13477	 -15255.02441	  16015.02441
 2215	  15057.18652	 -27324.75391	 -15234.58203	  15994.58203
 2214	  15081.37109	 -27095.59375	 -15362.24512	  16122.24512
 2239	  14893.26465	 -27082.22656	 -15383.02637	  16143.02637
 2	  14869.0791	 -27310.13477	 -15255.02441	  16015.02441
 2155	  16163.5918	 -26196.17383	 -15790.55664	  16550.55664
 530	  15975.48535	 -26185.31641	 -15812.01758	  16572.01758
 2183	  15873.625	 -27159.04688	 -15276.66211	  16036.66211
 530	  15975.48535	 -26185.31641	 -15812.01758	  16572.01758
 2214	  15081.37109	 -27095.59375	 -15362.24512	  16122.24512
 2183	  15873.625	 -27159.04688	 -15276.66211	  16036.66211
 2213	  15183.23145	 -26134.25586	 -15900.96484	  16660.96484
 2239	  14893.26465	 -27082.22656	 -15383.02637	  16143.02637
 2214	  15081.37109	 -27095.59375	 -15362.24512	  16122.24512
 530	  15975.48535	 -26185.31641	 -15812.01758	  16572.01758
 2213	  15183.23145	 -26134.25586	 -15900.96484	  16660.96484
 2214	  15081.37109	 -27095.59375	 -15362.24512	  16122.24512
 2213	  15183.23145	 -26134.25586	 -15900.96484	  16660.96484
 543	  14995.125	 -26120.9707	 -15921.76758	  16681.76758
 2239	  14893.26465	 -27082.22656	 -15383.02637	  16143.02637
 2154	  16187.77637	 -25966.68359	 -15918.12891	  16678.12891
 530	  15975.48535	 -26185.31641	 -15812.01758	  16572.01758
 2155	  16163.5918	 -26196.17383	 -15790.55664	  16550.55664
 2124	  16980.0293	 -26007.08398	 -15826.28906	  16586.28906
 2154	  16187.77637	 -25966.68359	 -15918.12891	  16678.12891
 2155	  16163.5918	 -26196.17383	 -15790.55664	  16550.55664
 2182	  15999.6709	 -25956.82031	 -15939.86133	  16699.86133
 2213	  15183.23145	 -26134.25586	 -15900.96484	  16660.96484
 530	  15975.48535	 -26185.31641	 -15812.01758	  16572.01758
 2154	  16187.77637	 -25966.68359	 -15918.12891	  16678.12891
 2182	  15999.6709	 -25956.82031	 -15939.86133	  16699.86133
 530	  15975.48535	 -26185.31641	 -15812.01758	  16572.01758
 2212	  15207.41699	 -25905.95703	 -16028.86133	  16788.86133
 543	  14995.125	 -26120.9707	 -15921.76758	  16681.76758
 2213	  15183.23145	 -26134.25586	 -15900.96484	  16660.96484
 2182	  15999.6709	 -25956.82031	 -15939.86133	  16699.86133
 2212	  15207.41699	 -25905.95703	 -16028.86133	  16788.86133
 2213	  15183.23145	 -26134.25586	 -15900.96484	  16660.96484
 2212	  15207.41699	 -25905.95703	 -16028.86133	  16788.86133
 2238	  15019.30957	 -25893.07031	 -16049.77148	  16809.77148
 543	  14995.125	 -26120.9707	 -15921.76758	  16681.76758
 2153	  16289.63672	 -25003.68359	 -16456.39648	  17216.39648
 2182	  15999.6709	 -25956.82031	 -15939.86133	  16699.86133
 2154	  16187.77637	 -25966.68359	 -15918.12891	  16678.12891
 2211	  15309.27734	 -24965.66602	 -16573.28906	  17333.28906
 2238	  15019.30957	 -25893.07031	 -16049.77148	  16809.77148
 2212	  15207.41699	 -25905.95703	 -16028.86133	  16788.86133
 2211	  15309.27734	 -24965.66602	 -16573.28906	  17333.28906
 542	  15121.16992	 -24961.85156	 -16596.66211	  17356.66211
 2238	  15019.30957	 -25893.07031	 -16049.77148	  16809.77148
 529	  16101.53125	 -24994.11719	 -16478.20898	  17238.20898
 2212	  15207.41699	 -25905.95703	 -16028.86133	  16788.86133
 2182	  15999.6709	 -25956.82031	 -15939.86133	  16699.86133
 529	  16101.53125	 -24994.11719	 -16478.20898	  17238.20898
 2211	  15309.27734	 -24965.66602	 -16573.28906	  17333.28906
 2212	  15207.41699	 -25905.95703	 -16028.86133	  16788.86133
 2153	  16289.63672	 -25003.68359	 -16456.39648	  17216.39648
 529	  16101.53125	 -24994.11719	 -16478.20898	  17238.20898
 2182	  15999.6709	 -25956.82031	 -15939.86133	  16699.86133
 2210	  15333.46289	 -24764.17383	 -16708.46094	  17468.46094
 542	  15121.16992	 -24961.85156	 -16596.66211	  17356.66211
 2211	  15309.27734	 -24965.66602	 -16573.28906	  17333.28906
 2210	  15333.46289	 -24764.17383	 -16708.46094	  17468.46094
 2237	  15145.35547	 -24763.28125	 -16732.62695	  17492.62695
 542	  15121.16992	 -24961.85156	 -16596.66211	  17356.66211
 2181	  16125.71582	 -24771.24219	 -16607.57813	  17367.57813
 2211	  15309.27734	 -24965.66602	 -16573.28906	  17333.28906
 529	  16101.53125	 -24994.11719	 -16478.20898	  17238.20898
 2181	  16125.71582	 -24771.24219	 -16607.57813	  17367.57813
 2210	  15333.46289	 -24764.17383	 -16708.46094	  17468.46094
 2211	  15309.27734	 -24965.66602	 -16573.28906	  17333.28906
 2209	  15435.32324	 -23914.51367	 -17277.48047	  18037.48047
 2237	  15145.35547	 -24763.28125	 -16732.62695	  17492.62695
 2210	  15333.46289	 -24764.17383	 -16708.46094	  17468.46094
 2209	  15435.32324	 -23914.51367	 -17277.48047	  18037.48047
 2236	  15247.21582	 -23908.61523	 -17300.28906	  18060.28906
 2237	  15145.35547	 -24763.28125	 -16732.62695	  17492.62695
 2180	  16227.57715	 -23924.9707	 -17177.51758	  17937.51758
 2210	  15333.46289	 -24764.17383	 -16708.46094	  17468.46094
 2181	  16125.71582	 -24771.24219	 -16607.57813	  17367.57813
 2180	  16227.57715	 -23924.9707	 -17177.51758	  17937.51758
 2209	  15435.32324	 -23914.51367	 -17277.48047	  18037.48047
 2210	  15333.46289	 -24764.17383	 -16708.46094	  17468.46094
 2152	  16313.82227	 -24775.19336	 -16584.24219	  17344.24219
 2181	  16125.71582	 -24771.24219	 -16607.57813	  17367.57813
 529	  16101.53125	 -24994.11719	 -16478.20898	  17238.20898
 2152	  16313.82227	 -24775.19336	 -16584.24219	  17344.24219
 529	  16101.53125	 -24994.11719	 -16478.20898	  17238.20898
 2153	  16289.63672	 -25003.68359	 -16456.39648	  17216.39648
 2151	  16415.68164	 -23909.13281	 -17148.81055	  17908.81055
 2180	  16227.57715	 -23924.9707	 -17177.51758	  17937.51758
 2181	  16125.71582	 -24771.24219	 -16607.57813	  17367.57813
 2151	  16415.68164	 -23909.13281	 -17148.81055	  17908.81055
 2181	  16125.71582	 -24771.24219	 -16607.57813	  17367.57813
 2152	  16313.82227	 -24775.19336	 -16584.24219	  17344.24219
 2208	  15459.50781	 -23711.6543	 -17412.28125	  18172.28125
 2236	  15247.21582	 -23908.61523	 -17300.28906	  18060.28906
 2209	  15435.32324	 -23914.51367	 -17277.48047	  18037.48047
 2208	  15459.50781	 -23711.6543	 -17412.28125	  18172.28125
 2235	  15271.40137	 -23701.98047	 -17434.06445	  18194.06445
 2236	  15247.21582	 -23908.61523	 -17300.28906	  18060.28906
 2179	  16251.76172	 -23725.23438	 -17313.16406	  18073.16406
 2209	  15435.32324	 -23914.51367	 -17277.48047	  18037.48047
 2180	  16227.57715	 -23924.9707	 -17177.51758	  17937.51758
 2179	  16251.76172	 -23725.23438	 -17313.16406	  18073.16406
 2208	  15459.50781	 -23711.6543	 -17412.28125	  18172.28125
 2209	  15435.32324	 -23914.51367	 -17277.48047	  18037.48047
 2207	  15561.36816	 -22811.48047	 -17967.59375	  18727.59375
 2235	  15271.40137	 -23701.98047	 -17434.06445	  18194.06445
 2208	  15459.50781	 -23711.6543	 -17412.28125	  18172.28125
 2207	  15561.36816	 -22811.48047	 -17967.59375	  18727.59375
 2234	  15373.26172	 -22786.21484	 -17985.14648	  18745.14648
 2235	  15271.40137	 -23701.98047	 -17434.06445	  18194.06445
 2178	  16353.62207	 -22875.375	 -17882.13086	  18642.13086
 2208	  15459.50781	 -23711.6543	 -17412.28125	  18172.28125
 2179	  16251.76172	 -23725.23438	 -17313.16406	  18073.16406
 2178	  16353.62207	 -22875.375	 -17882.13086	  18642.13086
 2207	  15561.36816	 -22811.48047	 -17967.59375	  18727.59375
 2208	  15459.50781	 -23711.6543	 -17412.28125	  18172.28125
 2150	  16439.86719	 -23717.82617	 -17286.74609	  18046.74609
 2179	  16251.76172	 -23725.23438	 -17313.16406	  18073.16406
 2180	  16227.57715	 -23924.9707	 -17177.51758	  17937.51758
 2150	  16439.86719	 -23717.82617	 -17286.74609	  18046.74609
 2180	  16227.57715	 -23924.9707	 -17177.51758	  17937.51758
 2151	  16415.68164	 -23909.13281	 -17148.81055	  17908.81055
 2149	  16541.72852	 -22875.55859	 -17857.77148	  18617.77148
 2178	  16353.62207	 -22875.375	 -17882.13086	  18642.13086
 2179	  16251.76172	 -23725.23438	 -17313.16406	  18073.16406
 2149	  16541.72852	 -22875.55859	 -17857.77148	  18617.77148
 2179	  16251.76172	 -23725.23438	 -17313.16406	  18073.16406
 2150	  16439.86719	 -23717.82617	 -17286.74609	  18046.74609
 2206	  15585.55371	 -22584.875	 -18095.95117	  18855.95117
 2234	  15373.26172	 -22786.21484	 -17985.14648	  18745.14648
 2207	  15561.36816	 -22811.48047	 -17967.59375	  18727.59375
 2206	  15585.55371	 -22584.875	 -18095.95117	  18855.95117
 122	  15397.44629	 -22558.89453	 -18113.31055	  18873.31055
 2234	  15373.26172	 -22786.21484	 -17985.14648	  18745.14648
 2177	  16377.80762	 -22671.24609	 -18016.58594	  18776.58594
 2207	  15561.36816	 -22811.48047	 -17967.59375	  18727.59375
 2178	  16353.62207	 -22875.375	 -17882.13086	  18642.13086
 2177	  16377.80762	 -22671.24609	 -18016.58594	  18776.58594
 2206	  15585.55371	 -22584.875	 -18095.95117	  18855.95117
 2207	  15561.36816	 -22811.48047	 -17967.59375	  18727.59375
 2205	  15687.41406	 -21659.19727	 -18644.34375	  19404.34375
 122	  15397.44629	 -22558.89453	 -18113.31055	  18873.31055
 2206	  15585.55371	 -22584.875	 -18095.95117	  18855.95117
 2205	  15687.41406	 -21659.19727	 -18644.34375	  19404.34375
 2233	  15499.30762	 -21643.33008	 -18664.44727	  19424.44727
 122	  15397.44629	 -22558.89453	 -18113.31055	  18873.31055
 2176	  16479.66797	 -21740.63672	 -18563.64063	  19323.64063
 2206	  15585.55371	 -22584.875	 -18095.95117	  18855.95117
 2177	  16377.80762	 -22671.24609	 -18016.58594	  18776.58594
 2176	  16479.66797	 -21740.63672	 -18563.64063	  19323.64063
 2205	  15687.41406	 -21659.19727	 -18644.34375	  19404.34375
 2206	  15585.55371	 -22584.875	 -18095.95117	  18855.95117
 2148	  16565.91406	 -22679.13281	 -17994.31836	  18754.31836
 2177	  16377.80762	 -22671.24609	 -18016.58594	  18776.58594
 2178	  16353.62207	 -22875.375	 -17882.13086	  18642.13086
 2148	  16565.91406	 -22679.13281	 -17994.31836	  18754.31836
 2178	  16353.62207	 -22875.375	 -17882.13086	  18642.13086
 2149	  16541.72852	 -22875.55859	 -17857.77148	  18617.77148
 2147	  16667.77344	 -21769.625	 -18547.09766	  19307.09766
 2176	  16479.66797	 -21740.63672	 -18563.64063	  19323.64063
 2177	  16377.80762	 -22671.24609	 -18016.58594	  18776.58594
 2147	  16667.77344	 -21769.625	 -18547.09766	  19307.09766
 2177	  16377.80762	 -22671.24609	 -18016.58594	  18776.58594
 2148	  16565.91406	 -22679.13281	 -17994.31836	  18754.31836
 2204	  15711.59961	 -21450.62305	 -18777.59375	  19537.59375
 2233	  15499.30762	 -21643.33008	 -18664.44727	  19424.44727
 2205	  15687.41406	 -21659.19727	 -18644.34375	  19404.34375
 2204	  15711.59961	 -21450.62305	 -18777.59375	  19537.59375
 2232	  15523.49219	 -21440.48047	 -18799.25195	  19559.25195
 2233	  15499.30762	 -21643.33008	 -18664.44727	  19424.44727
 2175	  16503.85352	 -21518.19727	 -18693.12891	  19453.12891
 2205	  15687.41406	 -21659.19727	 -18644.34375	  19404.34375
 2176	  16479.66797	 -21740.63672	 -18563.64063	  19323.64063
 2175	  16503.85352	 -21518.19727	 -18693.12891	  19453.12891
 2204	  15711.59961	 -21450.62305	 -18777.59375	  19537.59375
 2205	  15687.41406	 -21659.19727	 -18644.34375	  19404.34375
 2203	  15813.45996	 -20587.00977	 -19342.82813	  20102.82813
 2232	  15523.49219	 -21440.48047	 -18799.25195	  19559.25195
 2204	  15711.59961	 -21450.62305	 -18777.59375	  19537.59375
 2203	  15813.45996	 -20587.00977	 -19342.82813	  20102.82813
 2231	  15625.35254	 -20568.0293	 -19362.08594	  20122.08594
 2232	  15523.49219	 -21440.48047	 -18799.25195	  19559.25195
 2174	  16605.71289	 -20671.68164	 -19263.00195	  20023.00195
 2204	  15711.59961	 -21450.62305	 -18777.59375	  19537.59375
 2175	  16503.85352	 -21518.19727	 -18693.12891	  19453.12891
 2174	  16605.71289	 -20671.68164	 -19263.00195	  20023.00195
 2203	  15813.45996	 -20587.00977	 -19342.82813	  20102.82813
 2204	  15711.59961	 -21450.62305	 -18777.59375	  19537.59375
 2146	  16691.95898	 -21536.54688	 -18673.69922	  19433.69922
 2175	  16503.85352	 -21518.19727	 -18693.12891	  19453.12891
 2176	  16479.66797	 -21740.63672	 -18563.64063	  19323.64063
 2146	  16691.95898	 -21536.54688	 -18673.69922	  19433.69922
 2176	  16479.66797	 -21740.63672	 -18563.64063	  19323.64063
 2147	  16667.77344	 -21769.625	 -18547.09766	  19307.09766
 2145	  16793.81836	 -20678.79688	 -19240.52344	  20000.52344
 2174	  16605.71289	 -20671.68164	 -19263.00195	  20023.00195
 2175	  16503.85352	 -21518.19727	 -18693.12891	  19453.12891
 2145	  16793.81836	 -20678.79688	 -19240.52344	  20000.52344
 2175	  16503.85352	 -21518.19727	 -18693.12891	  19453.12891
 2146	  16691.95898	 -21536.54688	 -18673.69922	  19433.69922
 2202	  15837.64453	 -20377.25781	 -19475.75781	  20235.75781
 2231	  15625.35254	 -20568.0293	 -19362.08594	  20122.08594
 2203	  15813.45996	 -20587.00977	 -19342.82813	  20102.82813
 2202	  15837.64453	 -20377.25781	 -19475.75781	  20235.75781
 2230	  15649.53809	 -20348.22656	 -19492.28906	  20252.28906
 2231	  15625.35254	 -20568.0293	 -19362.08594	  20122.08594
 2173	  16629.89844	 -20473.79297	 -19399.15234	  20159.15234
 2203	  15813.45996	 -20587.00977	 -19342.82813	  20102.82813
 2174	  16605.71289	 -20671.68164	 -19263.00195	  20023.00195
 2173	  16629.89844	 -20473.79297	 -19399.15234	  20159.15234
 2202	  15837.64453	 -20377.25781	 -19475.75781	  20235.75781
 2203	  15813.45996	 -20587.00977	 -19342.82813	  20102.82813
 2201	  15939.50488	 -19441.7793	 -20021.49219	  20781.49219
 2230	  15649.53809	 -20348.22656	 -19492.28906	  20252.28906
 2202	  15837.64453	 -20377.25781	 -19475.75781	  20235.75781
 2201	  15939.50488	 -19441.7793	 -20021.49219	  20781.49219
 2229	  15751.39844	 -19412.12109	 -20037.85352	  20797.85352
 2230	  15649.53809	 -20348.22656	 -19492.28906	  20252.28906
 2172	  16731.75977	 -19573.83594	 -19954.52344	  20714.52344
 2202	  15837.64453	 -20377.25781	 -19475.75781	  20235.75781
 2173	  16629.89844	 -20473.79297	 -19399.15234	  20159.15234
 2172	  16731.75977	 -19573.83594	 -19954.52344	  20714.52344
 2201	  15939.50488	 -19441.7793	 -20021.49219	  20781.49219
 2202	  15837.64453	 -20377.25781	 -19475.75781	  20235.75781
 2144	  16818.00391	 -20495.30078	 -19380.57813	  20140.57813
 2173	  16629.89844	 -20473.79297	 -19399.15234	  20159.15234
 2174	  16605.71289	 -20671.68164	 -19263.00195	  20023.00195
 2144	  16818.00391	 -20495.30078	 -19380.57813	  20140.57813
 2174	  16605.71289	 -20671.68164	 -19263.00195	  20023.00195
 2145	  16793.81836	 -20678.79688	 -19240.52344	  20000.52344
 2143	  16919.86523	 -19605.92578	 -19938.82227	  20698.82227
 2172	  16731.75977	 -19573.83594	 -19954.52344	  20714.52344
 2173	  16629.89844	 -20473.79297	 -19399.15234	  20159.15234
 2143	  16919.86523	 -19605.92578	 -19938.82227	  20698.82227
 2173	  16629.89844	 -20473.79297	 -19399.15234	  20159.15234
 2144	  16818.00391	 -20495.30078	 -19380.57813	  20140.57813
 2200	  15963.69043	 -19221.39648	 -20151.53906	  20911.53906
 2229	  15751.39844	 -19412.12109	 -20037.85352	  20797.85352
 2201	  15939.50488	 -19441.7793	 -20021.49219	  20781.49219
 2200	  15963.69043	 -19221.39648	 -20151.53906	  20911.53906
 2228	  15775.58301	 -19189.86523	 -20167.39063	  20927.39063
 2229	  15751.39844	 -19412.12109	 -20037.85352	  20797.85352
 2171	  16755.94336	 -19352.16406	 -20084.2207	  20844.2207
 2201	  15939.50488	 -19441.7793	 -20021.49219	  20781.49219
 2172	  16731.75977	 -19573.83594	 -19954.52344	  20714.52344
 2171	  16755.94336	 -19352.16406	 -20084.2207	  20844.2207
 2200	  15963.69043	 -19221.39648	 -20151.53906	  20911.53906
 2201	  15939.50488	 -19441.7793	 -20021.49219	  20781.49219
 2199	  16065.55078	 -18289.24609	 -20698.17578	  21458.17578
 2228	  15775.58301	 -19189.86523	 -20167.39063	  20927.39063
 2200	  15963.69043	 -19221.39648	 -20151.53906	  20911.53906
 2199	  16065.55078	 -18289.24609	 -20698.17578	  21458.17578
 2227	  15877.44434	 -18258.91406	 -20714.35352	  21474.35352
 2228	  15775.58301	 -19189.86523	 -20167.39063	  20927.39063
 2170	  16857.80469	 -18420.91992	 -20631.10352	  21391.10352
 2200	  15963.69043	 -19221.39648	 -20151.53906	  20911.53906
 2171	  16755.94336	 -19352.16406	 -20084.2207	  20844.2207
 2170	  16857.80469	 -18420.91992	 -20631.10352	  21391.10352
 2199	  16065.55078	 -18289.24609	 -20698.17578	  21458.17578
 2200	  15963.69043	 -19221.39648	 -20151.53906	  20911.53906
 2142	  16944.05078	 -19376.2168	 -20066.33789	  20826.33789
 2171	  16755.94336	 -19352.16406	 -20084.2207	  20844.2207
 2172	  16731.75977	 -19573.83594	 -19954.52344	  20714.52344
 2142	  16944.05078	 -19376.2168	 -20066.33789	  20826.33789
 2172	  16731.75977	 -19573.83594	 -19954.52344	  20714.52344
 2143	  16919.86523	 -19605.92578	 -19938.82227	  20698.82227
 2141	  17045.91016	 -18444.41992	 -20613.07031	  21373.07031
 2170	  16857.80469	 -18420.91992	 -20631.10352	  21391.10352
 2171	  16755.94336	 -19352.16406	 -20084.2207	  20844.2207
 2141	  17045.91016	 -18444.41992	 -20613.07031	  21373.07031
 2171	  16755.94336	 -19352.16406	 -20084.2207	  20844.2207
 2142	  16944.05078	 -19376.2168	 -20066.33789	  20826.33789
 2198	  16089.73633	 -18067.16406	 -20827.75977	  21587.75977
 2227	  15877.44434	 -18258.91406	 -20714.35352	  21474.35352
 2199	  16065.55078	 -18289.24609	 -20698.17578	  21458.17578
 2198	  16089.73633	 -18067.16406	 -20827.75977	  21587.75977
 2226	  15901.62891	 -18037.49023	 -20844.11523	  21604.11523
 2227	  15877.44434	 -18258.91406	 -20714.35352	  21474.35352
 2169	  16881.99023	 -18199.95508	 -20760.99023	  21520.99023
 2199	  16065.55078	 -18289.24609	 -20698.17578	  21458.17578
 2170	  16857.80469	 -18420.91992	 -20631.10352	  21391.10352
 2169	  16881.99023	 -18199.95508	 -20760.99023	  21520.99023
 2198	  16089.73633	 -18067.16406	 -20827.75977	  21587.75977
 2199	  16065.55078	 -18289.24609	 -20698.17578	  21458.17578
 2197	  16191.59668	 -17136.76953	 -21374.87305	  22134.87305
 2226	  15901.62891	 -18037.49023	 -20844.11523	  21604.11523
 2198	  16089.73633	 -18067.16406	 -20827.75977	  21587.75977
 2197	  16191.59668	 -17136.76953	 -21374.87305	  22134.87305
 2225	  16003.48926	 -17107.23047	 -21391.26563	  22151.26563
 2226	  15901.62891	 -18037.49023	 -20844.11523	  21604.11523
 2168	  16983.84961	 -17265.99219	 -21307.13672	  22067.13672
 2198	  16089.73633	 -18067.16406	 -20827.75977	  21587.75977
 2169	  16881.99023	 -18199.95508	 -20760.99023	  21520.99023
 2168	  16983.84961	 -17265.99219	 -21307.13672	  22067.13672
 2197	  16191.59668	 -17136.76953	 -21374.87305	  22134.87305
 2198	  16089.73633	 -18067.16406	 -20827.75977	  21587.75977
 2140	  17070.0957	 -18227.72656	 -20744.11719	  21504.11719
 2169	  16881.99023	 -18199.95508	 -20760.99023	  21520.99023
 2170	  16857.80469	 -18420.91992	 -20631.10352	  21391.10352
 2140	  17070.0957	 -18227.72656	 -20744.11719	  21504.11719
 2170	  16857.80469	 -18420.91992	 -20631.10352	  21391.10352
 2141	  17045.91016	 -18444.41992	 -20613.07031	  21373.07031
 2139	  17171.95703	 -17297.50	 -21291.27539	  22051.27539
 2168	  16983.84961	 -17265.99219	 -21307.13672	  22067.13672
 2169	  16881.99023	 -18199.95508	 -20760.99023	  21520.99023
 2139	  17171.95703	 -17297.50	 -21291.27539	  22051.27539
 2169	  16881.99023	 -18199.95508	 -20760.99023	  21520.99023
 2140	  17070.0957	 -18227.72656	 -20744.11719	  21504.11719
 2196	  16215.78125	 -16915.75586	 -21504.74609	  22264.74609
 2225	  16003.48926	 -17107.23047	 -21391.26563	  22151.26563
 2197	  16191.59668	 -17136.76953	 -21374.87305	  22134.87305
 2196	  16215.78125	 -16915.75586	 -21504.74609	  22264.74609
 2224	  16027.6748	 -16886.80078	 -21521.29883	  22281.29883
 2225	  16003.48926	 -17107.23047	 -21391.26563	  22151.26563
 2167	  17008.03516	 -17043.82813	 -21436.69727	  22196.69727
 2197	  16191.59668	 -17136.76953	 -21374.87305	  22134.87305
 2168	  16983.84961	 -17265.99219	 -21307.13672	  22067.13672
 2167	  17008.03516	 -17043.82813	 -21436.69727	  22196.69727
 2196	  16215.78125	 -16915.75586	 -21504.74609	  22264.74609
 2197	  16191.59668	 -17136.76953	 -21374.87305	  22134.87305
 2195	  16317.6416	 -15984.33887	 -22051.58203	  22811.58203
 2224	  16027.6748	 -16886.80078	 -21521.29883	  22281.29883
 2196	  16215.78125	 -16915.75586	 -21504.74609	  22264.74609
 2195	  16317.6416	 -15984.33887	 -22051.58203	  22811.58203
 2223	  16129.53516	 -15954.69922	 -22067.94922	  22827.94922
 2224	  16027.6748	 -16886.80078	 -21521.29883	  22281.29883
 2166	  17109.89648	 -16112.96973	 -21983.68359	  22743.68359
 2196	  16215.78125	 -16915.75586	 -21504.74609	  22264.74609
 2167	  17008.03516	 -17043.82813	 -21436.69727	  22196.69727
 2166	  17109.89648	 -16112.96973	 -21983.68359	  22743.68359
 2195	  16317.6416	 -15984.33887	 -22051.58203	  22811.58203
 2196	  16215.78125	 -16915.75586	 -21504.74609	  22264.74609
 2138	  17196.14063	 -17075.93359	 -21421.00	  22181.00
 2167	  17008.03516	 -17043.82813	 -21436.69727	  22196.69727
 2168	  16983.84961	 -17265.99219	 -21307.13672	  22067.13672
 2138	  17196.14063	 -17075.93359	 -21421.00	  22181.00
 2168	  16983.84961	 -17265.99219	 -21307.13672	  22067.13672
 2139	  17171.95703	 -17297.50	 -21291.27539	  22051.27539
 2137	  17298.00195	 -16143.44531	 -21967.54492	  22727.54492
 2166	  17109.89648	 -16112.96973	 -21983.68359	  22743.68359
 2167	  17008.03516	 -17043.82813	 -21436.69727	  22196.69727
 2137	  17298.00195	 -16143.44531	 -21967.54492	  22727.54492
 2167	  17008.03516	 -17043.82813	 -21436.69727	  22196.69727
 2138	  17196.14063	 -17075.93359	 -21421.00	  22181.00
 2194	  16341.82715	 -15763.47559	 -22181.49805	  22941.49805
 2223	  16129.53516	 -15954.69922	 -22067.94922	  22827.94922
 2195	  16317.6416	 -15984.33887	 -22051.58203	  22811.58203
 2194	  16341.82715	 -15763.47559	 -22181.49805	  22941.49805
 2222	  16153.7207	 -15733.81641	 -22197.85938	  22957.85938
 2223	  16129.53516	 -15954.69922	 -22067.94922	  22827.94922
 2165	  17134.08203	 -15891.45508	 -22113.42383	  22873.42383
 2195	  16317.6416	 -15984.33887	 -22051.58203	  22811.58203
 2166	  17109.89648	 -16112.96973	 -21983.68359	  22743.68359
 2165	  17134.08203	 -15891.45508	 -22113.42383	  22873.42383
 2194	  16341.82715	 -15763.47559	 -22181.49805	  22941.49805
 2195	  16317.6416	 -15984.33887	 -22051.58203	  22811.58203
 2193	  16443.6875	 -14827.32227	 -22727.04883	  23487.04883
 2222	  16153.7207	 -15733.81641	 -22197.85938	  22957.85938
 2194	  16341.82715	 -15763.47559	 -22181.49805	  22941.49805
 2193	  16443.6875	 -14827.32227	 -22727.04883	  23487.04883
 119	  16255.58105	 -14798.85547	 -22743.73242	  23503.73242
 2222	  16153.7207	 -15733.81641	 -22197.85938	  22957.85938
 2164	  17235.94141	 -14960.30566	 -22660.33203	  23420.33203
 2194	  16341.82715	 -15763.47559	 -22181.49805	  22941.49805
 2165	  17134.08203	 -15891.45508	 -22113.42383	  22873.42383
 2164	  17235.94141	 -14960.30566	 -22660.33203	  23420.33203
 2193	  16443.6875	 -14827.32227	 -22727.04883	  23487.04883
 2194	  16341.82715	 -15763.47559	 -22181.49805	  22941.49805
 2136	  17322.1875	 -15922.9541	 -22097.5625	  22857.5625
 2165	  17134.08203	 -15891.45508	 -22113.42383	  22873.42383
 2166	  17109.89648	 -16112.96973	 -21983.68359	  22743.68359
 2136	  17322.1875	 -15922.9541	 -22097.5625	  22857.5625
 2166	  17109.89648	 -16112.96973	 -21983.68359	  22743.68359
 2137	  17298.00195	 -16143.44531	 -21967.54492	  22727.54492
 2135	  17424.04688	 -14991.54004	 -22644.39844	  23404.39844
 2164	  17235.94141	 -14960.30566	 -22660.33203	  23420.33203
 2165	  17134.08203	 -15891.45508	 -22113.42383	  22873.42383
 2135	  17424.04688	 -14991.54004	 -22644.39844	  23404.39844
 2165	  17134.08203	 -15891.45508	 -22113.42383	  22873.42383
 2136	  17322.1875	 -15922.9541	 -22097.5625	  22857.5625
 2192	  16467.87305	 -14606.41504	 -22856.95313	  23616.95313
 119	  16255.58105	 -14798.85547	 -22743.73242	  23503.73242
 2193	  16443.6875	 -14827.32227	 -22727.04883	  23487.04883
 2192	  16467.87305	 -14606.41504	 -22856.95313	  23616.95313
 2221	  16279.76563	 -14576.07617	 -22873.12891	  23633.12891
 119	  16255.58105	 -14798.85547	 -22743.73242	  23503.73242
 2163	  17260.12695	 -14739.16211	 -22790.17188	  23550.17188
 2193	  16443.6875	 -14827.32227	 -22727.04883	  23487.04883
 2164	  17235.94141	 -14960.30566	 -22660.33203	  23420.33203
 2163	  17260.12695	 -14739.16211	 -22790.17188	  23550.17188
 2192	  16467.87305	 -14606.41504	 -22856.95313	  23616.95313
 2193	  16443.6875	 -14827.32227	 -22727.04883	  23487.04883
 2191	  16569.73242	 -13673.16992	 -23403.29102	  24163.29102
 2221	  16279.76563	 -14576.07617	 -22873.12891	  23633.12891
 2192	  16467.87305	 -14606.41504	 -22856.95313	  23616.95313
 2191	  16569.73242	 -13673.16992	 -23403.29102	  24163.29102
 2220	  16381.62598	 -13642.89453	 -23419.48633	  24179.48633
 2221	  16279.76563	 -14576.07617	 -22873.12891	  23633.12891
 2162	  17361.98633	 -13805.60059	 -23336.42383	  24096.42383
 2192	  16467.87305	 -14606.41504	 -22856.95313	  23616.95313
 2163	  17260.12695	 -14739.16211	 -22790.17188	  23550.17188
 2162	  17361.98633	 -13805.60059	 -23336.42383	  24096.42383
 2191	  16569.73242	 -13673.16992	 -23403.29102	  24163.29102
 2192	  16467.87305	 -14606.41504	 -22856.95313	  23616.95313
 2134	  17448.23242	 -14769.50098	 -22773.99414	  23533.99414
 2163	  17260.12695	 -14739.16211	 -22790.17188	  23550.17188
 2164	  17235.94141	 -14960.30566	 -22660.33203	  23420.33203
 2134	  17448.23242	 -14769.50098	 -22773.99414	  23533.99414
 2164	  17235.94141	 -14960.30566	 -22660.33203	  23420.33203
 2135	  17424.04688	 -14991.54004	 -22644.39844	  23404.39844
 2133	  17550.09375	 -13836.41211	 -23320.37695	  24080.37695
 2162	  17361.98633	 -13805.60059	 -23336.42383	  24096.42383
 2163	  17260.12695	 -14739.16211	 -22790.17188	  23550.17188
 2133	  17550.09375	 -13836.41211	 -23320.37695	  24080.37695
 2163	  17260.12695	 -14739.16211	 -22790.17188	  23550.17188
 2134	  17448.23242	 -14769.50098	 -22773.99414	  23533.99414
 2190	  16593.91797	 -13451.99512	 -23533.12305	  24293.12305
 2220	  16381.62598	 -13642.89453	 -23419.48633	  24179.48633
 2191	  16569.73242	 -13673.16992	 -23403.29102	  24163.29102
 2190	  16593.91797	 -13451.99512	 -23533.12305	  24293.12305
 2219	  16405.81055	 -13420.52344	 -23548.99219	  24308.99219
 2220	  16381.62598	 -13642.89453	 -23419.48633	  24179.48633
 2161	  17386.17188	 -13584.53418	 -23466.28516	  24226.28516
 2191	  16569.73242	 -13673.16992	 -23403.29102	  24163.29102
 2162	  17361.98633	 -13805.60059	 -23336.42383	  24096.42383
 2161	  17386.17188	 -13584.53418	 -23466.28516	  24226.28516
 2190	  16593.91797	 -13451.99512	 -23533.12305	  24293.12305
 2191	  16569.73242	 -13673.16992	 -23403.29102	  24163.29102
 2189	  16695.7793	 -12517.5459	 -24079.13477	  24839.13477
 2219	  16405.81055	 -13420.52344	 -23548.99219	  24308.99219
 2190	  16593.91797	 -13451.99512	 -23533.12305	  24293.12305
 2189	  16695.7793	 -12517.5459	 -24079.13477	  24839.13477
 2218	  16507.67188	 -12487.23828	 -24095.32031	  24855.32031
 2219	  16405.81055	 -13420.52344	 -23548.99219	  24308.99219
 2160	  17488.0332	 -12648.93652	 -24011.98633	  24771.98633
 2190	  16593.91797	 -13451.99512	 -23533.12305	  24293.12305
 2161	  17386.17188	 -13584.53418	 -23466.28516	  24226.28516
 2160	  17488.0332	 -12648.93652	 -24011.98633	  24771.98633
 2189	  16695.7793	 -12517.5459	 -24079.13477	  24839.13477
 2190	  16593.91797	 -13451.99512	 -23533.12305	  24293.12305
 2132	  17574.27734	 -13614.79688	 -23450.08789	  24210.08789
 2161	  17386.17188	 -13584.53418	 -23466.28516	  24226.28516
 2162	  17361.98633	 -13805.60059	 -23336.42383	  24096.42383
 2132	  17574.27734	 -13614.79688	 -23450.08789	  24210.08789
 2162	  17361.98633	 -13805.60059	 -23336.42383	  24096.42383
 2133	  17550.09375	 -13836.41211	 -23320.37695	  24080.37695
 2131	  17676.13867	 -12679.2959	 -23995.81641	  24755.81641
 2160	  17488.0332	 -12648.93652	 -24011.98633	  24771.98633
 2161	  17386.17188	 -13584.53418	 -23466.28516	  24226.28516
 2131	  17676.13867	 -12679.2959	 -23995.81641	  24755.81641
 2161	  17386.17188	 -13584.53418	 -23466.28516	  24226.28516
 2132	  17574.27734	 -13614.79688	 -23450.08789	  24210.08789
 2188	  16719.96484	 -12295.21875	 -24208.6543	  24968.6543
 2218	  16507.67188	 -12487.23828	 -24095.32031	  24855.32031
 2189	  16695.7793	 -12517.5459	 -24079.13477	  24839.13477
 2188	  16719.96484	 -12295.21875	 -24208.6543	  24968.6543
 533	  16531.85742	 -12264.93164	 -24224.84375	  24984.84375
 2218	  16507.67188	 -12487.23828	 -24095.32031	  24855.32031
 518	  17512.21875	 -12427.36133	 -24141.70898	  24901.70898
 2189	  16695.7793	 -12517.5459	 -24079.13477	  24839.13477
 2160	  17488.0332	 -12648.93652	 -24011.98633	  24771.98633
 518	  17512.21875	 -12427.36133	 -24141.70898	  24901.70898
 2188	  16719.96484	 -12295.21875	 -24208.6543	  24968.6543
 2189	  16695.7793	 -12517.5459	 -24079.13477	  24839.13477
 2187	  16821.82422	 -11360.72168	 -24754.65234	  25514.65234
 533	  16531.85742	 -12264.93164	 -24224.84375	  24984.84375
 2188	  16719.96484	 -12295.21875	 -24208.6543	  24968.6543
 2187	  16821.82422	 -11360.72168	 -24754.65234	  25514.65234
 2217	  16633.7168	 -11331.10254	 -24771.02539	  25531.02539
 533	  16531.85742	 -12264.93164	 -24224.84375	  24984.84375
 2159	  17614.07813	 -11492.22461	 -24687.53516	  25447.53516
 2188	  16719.96484	 -12295.21875	 -24208.6543	  24968.6543
 518	  17512.21875	 -12427.36133	 -24141.70898	  24901.70898
 2159	  17614.07813	 -11492.22461	 -24687.53516	  25447.53516
 2187	  16821.82422	 -11360.72168	 -24754.65234	  25514.65234
 2188	  16719.96484	 -12295.21875	 -24208.6543	  24968.6543
 2130	  17700.32422	 -12456.98926	 -24125.33789	  24885.33789
 518	  17512.21875	 -12427.36133	 -24141.70898	  24901.70898
 2160	  17488.0332	 -12648.93652	 -24011.98633	  24771.98633
 2130	  17700.32422	 -12456.98926	 -24125.33789	  24885.33789
 2160	  17488.0332	 -12648.93652	 -24011.98633	  24771.98633
 2131	  17676.13867	 -12679.2959	 -23995.81641	  24755.81641
 2129	  17802.18359	 -11524.37207	 -24671.84766	  25431.84766
 2159	  17614.07813	 -11492.22461	 -24687.53516	  25447.53516
 518	  17512.21875	 -12427.36133	 -24141.70898	  24901.70898
 2129	  17802.18359	 -11524.37207	 -24671.84766	  25431.84766
 518	  17512.21875	 -12427.36133	 -24141.70898	  24901.70898
 2130	  17700.32422	 -12456.98926	 -24125.33789	  24885.33789
 2186	  16846.00977	 -11140.37793	 -24884.71094	  25644.71094
 2217	  16633.7168	 -11331.10254	 -24771.02539	  25531.02539
 2187	  16821.82422	 -11360.72168	 -24754.65234	  25514.65234
 2186	  16846.00977	 -11140.37793	 -24884.71094	  25644.71094
 532	  16657.90234	 -11108.85547	 -24900.56641	  25660.56641
 2217	  16633.7168	 -11331.10254	 -24771.02539	  25531.02539
 516	  17638.26367	 -11271.1377	 -24817.39063	  25577.39063
 2187	  16821.82422	 -11360.72168	 -24754.65234	  25514.65234
 2159	  17614.07813	 -11492.22461	 -24687.53516	  25447.53516
 516	  17638.26367	 -11271.1377	 -24817.39063	  25577.39063
 2186	  16846.00977	 -11140.37793	 -24884.71094	  25644.71094
 2187	  16821.82422	 -11360.72168	 -24754.65234	  25514.65234
 2184	  16947.87109	 -10204.59961	 -25430.36328	  26190.36328
 532	  16657.90234	 -11108.85547	 -24900.56641	  25660.56641
 2186	  16846.00977	 -11140.37793	 -24884.71094	  25644.71094
 2184	  16947.87109	 -10204.59961	 -25430.36328	  26190.36328
 2216	  16759.76367	 -10175.57227	 -25446.89648	  26206.89648
 532	  16657.90234	 -11108.85547	 -24900.56641	  25660.56641
 2185	  16783.95117	 -9953.30273	 -25576.42773	  26336.42773
 3	  16783.95117	 -9953.30273	 -25576.42773	  26336.42773
 2216	  16759.76367	 -10175.57227	 -25446.89648	  26206.89648
 2185	  16783.95117	 -9953.30273	 -25576.42773	  26336.42773
 2216	  16759.76367	 -10175.57227	 -25446.89648	  26206.89648
 2184	  16947.87109	 -10204.59961	 -25430.36328	  26190.36328
 517	  17099.06055	 -10004.90625	 -25549.54297	  26309.54297
 2185	  16783.95117	 -9953.30273	 -25576.42773	  26336.42773
 2184	  16947.87109	 -10204.59961	 -25430.36328	  26190.36328
 2158	  17166.77539	 -10016.00781	 -25543.76758	  26303.76758
 2184	  16947.87109	 -10204.59961	 -25430.36328	  26190.36328
 2186	  16846.00977	 -11140.37793	 -24884.71094	  25644.71094
 517	  17099.06055	 -10004.90625	 -25549.54297	  26309.54297
 2184	  16947.87109	 -10204.59961	 -25430.36328	  26190.36328
 2158	  17166.77539	 -10016.00781	 -25543.76758	  26303.76758
 2158	  17166.77539	 -10016.00781	 -25543.76758	  26303.76758
 2186	  16846.00977	 -11140.37793	 -24884.71094	  25644.71094
 516	  17638.26367	 -11271.1377	 -24817.39063	  25577.39063
 2127	  17099.06055	 -10004.88965	 -25549.53711	  26309.53711
 517	  17099.06055	 -10004.90625	 -25549.54297	  26309.54297
 2158	  17166.77539	 -10016.00781	 -25543.76758	  26303.76758
 2127	  17099.06055	 -10004.88965	 -25549.53711	  26309.53711
 2158	  17166.77539	 -10016.00781	 -25543.76758	  26303.76758
 2126	  17166.77539	 -10015.99219	 -25543.76367	  26303.76367
 2126	  17166.77539	 -10015.99219	 -25543.76367	  26303.76367
 2158	  17166.77539	 -10016.00781	 -25543.76758	  26303.76758
 516	  17638.26367	 -11271.1377	 -24817.39063	  25577.39063
 501	  18866.57617	 -10296.56934	 -25399.33203	  26159.33203
 2127	  17099.06055	 -10004.88965	 -25549.53711	  26309.53711
 2126	  17166.77539	 -10015.99219	 -25543.76367	  26303.76367
 2128	  17176.56641	 -10558.98926	 -25227.60742	  25987.60742
 516	  17638.26367	 -11271.1377	 -24817.39063	  25577.39063
 2159	  17614.07813	 -11492.22461	 -24687.53516	  25447.53516
 2126	  17166.77539	 -10015.99219	 -25543.76367	  26303.76367
 516	  17638.26367	 -11271.1377	 -24817.39063	  25577.39063
 2128	  17176.56641	 -10558.98926	 -25227.60742	  25987.60742
 2128	  17176.56641	 -10558.98926	 -25227.60742	  25987.60742
 2159	  17614.07813	 -11492.22461	 -24687.53516	  25447.53516
 2129	  17802.18359	 -11524.37207	 -24671.84766	  25431.84766
 501	  18866.57617	 -10296.56934	 -25399.33203	  26159.33203
 2126	  17166.77539	 -10015.99219	 -25543.76367	  26303.76367
 2100	  18856.90234	 -10294.82227	 -25400.11328	  26160.11328
 2100	  18856.90234	 -10294.82227	 -25400.11328	  26160.11328
 2126	  17166.77539	 -10015.99219	 -25543.76367	  26303.76367
 2128	  17176.56641	 -10558.98926	 -25227.60742	  25987.60742
 2069	  18866.57617	 -10296.59375	 -25399.33984	  26159.33984
 501	  18866.57617	 -10296.56934	 -25399.33203	  26159.33203
 2100	  18856.90234	 -10294.82227	 -25400.11328	  26160.11328
 500	  18789.30273	 -10824.48145	 -25090.38086	  25850.38086
 2128	  17176.56641	 -10558.98926	 -25227.60742	  25987.60742
 2129	  17802.18359	 -11524.37207	 -24671.84766	  25431.84766
 2100	  18856.90234	 -10294.82227	 -25400.11328	  26160.11328
 2128	  17176.56641	 -10558.98926	 -25227.60742	  25987.60742
 500	  18789.30273	 -10824.48145	 -25090.38086	  25850.38086
 2069	  18866.57617	 -10296.59375	 -25399.33984	  26159.33984
 2100	  18856.90234	 -10294.82227	 -25400.11328	  26160.11328
 2068	  18856.90234	 -10294.97363	 -25400.15625	  26160.15625
 2068	  18856.90234	 -10294.97363	 -25400.15625	  26160.15625
 2100	  18856.90234	 -10294.82227	 -25400.11328	  26160.11328
 500	  18789.30273	 -10824.48145	 -25090.38086	  25850.38086
 2037	  19181.6875	 -10349.21582	 -25372.73047	  26132.73047
 2069	  18866.57617	 -10296.59375	 -25399.33984	  26159.33984
 2068	  18856.90234	 -10294.97363	 -25400.15625	  26160.15625
 500	  18789.30273	 -10824.48145	 -25090.38086	  25850.38086
 2129	  17802.18359	 -11524.37207	 -24671.84766	  25431.84766
 2101	  18770.92188	 -10902.63965	 -25044.50195	  25804.50195
 2101	  18770.92188	 -10902.63965	 -25044.50195	  25804.50195
 2129	  17802.18359	 -11524.37207	 -24671.84766	  25431.84766
 2130	  17700.32422	 -12456.98926	 -24125.33789	  24885.33789
 2068	  18856.90234	 -10294.97363	 -25400.15625	  26160.15625
 500	  18789.30273	 -10824.48145	 -25090.38086	  25850.38086
 2070	  18789.30273	 -10824.42578	 -25090.36523	  25850.36523
 2070	  18789.30273	 -10824.42578	 -25090.36523	  25850.36523
 500	  18789.30273	 -10824.48145	 -25090.38086	  25850.38086
 2101	  18770.92188	 -10902.63965	 -25044.50195	  25804.50195
 2037	  19181.6875	 -10349.21582	 -25372.73047	  26132.73047
 2068	  18856.90234	 -10294.97363	 -25400.15625	  26160.15625
 2036	  19239.73047	 -10358.80664	 -25367.80078	  26127.80078
 2036	  19239.73047	 -10358.80664	 -25367.80078	  26127.80078
 2068	  18856.90234	 -10294.97363	 -25400.15625	  26160.15625
 2070	  18789.30273	 -10824.42578	 -25090.36523	  25850.36523
 2005	  19181.6875	 -10349.0918	 -25372.69531	  26132.69531
 2037	  19181.6875	 -10349.21582	 -25372.73047	  26132.73047
 2036	  19239.73047	 -10358.80664	 -25367.80078	  26127.80078
 2101	  18770.92188	 -10902.63965	 -25044.50195	  25804.50195
 2130	  17700.32422	 -12456.98926	 -24125.33789	  24885.33789
 502	  18492.57617	 -12587.54004	 -24057.96094	  24817.96094
 502	  18492.57617	 -12587.54004	 -24057.96094	  24817.96094
 2130	  17700.32422	 -12456.98926	 -24125.33789	  24885.33789
 2131	  17676.13867	 -12679.2959	 -23995.81641	  24755.81641
 2005	  19181.6875	 -10349.0918	 -25372.69531	  26132.69531
 2036	  19239.73047	 -10358.80664	 -25367.80078	  26127.80078
 2004	  19239.73047	 -10358.92676	 -25367.83203	  26127.83203
 1973	  20949.20313	 -10643.64551	 -25223.27148	  25983.27148
 2005	  19181.6875	 -10349.0918	 -25372.69531	  26132.69531
 2004	  19239.73047	 -10358.92676	 -25367.83203	  26127.83203
 2036	  19239.73047	 -10358.80664	 -25367.80078	  26127.80078
 2070	  18789.30273	 -10824.42578	 -25090.36523	  25850.36523
 2038	  19239.84766	 -10900.44629	 -25052.5332	  25812.5332
 2004	  19239.73047	 -10358.92676	 -25367.83203	  26127.83203
 2036	  19239.73047	 -10358.80664	 -25367.80078	  26127.80078
 2038	  19239.84766	 -10900.44629	 -25052.5332	  25812.5332
 2070	  18789.30273	 -10824.42578	 -25090.36523	  25850.36523
 2101	  18770.92188	 -10902.63965	 -25044.50195	  25804.50195
 2071	  18770.92188	 -10902.59961	 -25044.49219	  25804.49219
 2038	  19239.84766	 -10900.44629	 -25052.5332	  25812.5332
 2070	  18789.30273	 -10824.42578	 -25090.36523	  25850.36523
 2071	  18770.92188	 -10902.59961	 -25044.49219	  25804.49219
 2071	  18770.92188	 -10902.59961	 -25044.49219	  25804.49219
 2101	  18770.92188	 -10902.63965	 -25044.50195	  25804.50195
 502	  18492.57617	 -12587.54004	 -24057.96094	  24817.96094
 1973	  20949.20313	 -10643.64551	 -25223.27148	  25983.27148
 2004	  19239.73047	 -10358.92676	 -25367.83203	  26127.83203
 1972	  20929.85742	 -10640.45215	 -25224.91602	  25984.91602
 103	  20949.20313	 -10643.64551	 -25223.27148	  25983.27148
 1973	  20949.20313	 -10643.64551	 -25223.27148	  25983.27148
 1972	  20929.85742	 -10640.45215	 -25224.91602	  25984.91602
 2004	  19239.73047	 -10358.92676	 -25367.83203	  26127.83203
 2038	  19239.84766	 -10900.44629	 -25052.5332	  25812.5332
 2006	  19239.84766	 -10900.38965	 -25052.51758	  25812.51758
 1972	  20929.85742	 -10640.45215	 -25224.91602	  25984.91602
 2004	  19239.73047	 -10358.92676	 -25367.83203	  26127.83203
 2006	  19239.84766	 -10900.38965	 -25052.51758	  25812.51758
 2038	  19239.84766	 -10900.44629	 -25052.5332	  25812.5332
 2071	  18770.92188	 -10902.59961	 -25044.49219	  25804.49219
 2039	  19289.18359	 -10989.90625	 -25000.93359	  25760.93359
 2006	  19239.84766	 -10900.38965	 -25052.51758	  25812.51758
 2038	  19239.84766	 -10900.44629	 -25052.5332	  25812.5332
 2039	  19289.18359	 -10989.90625	 -25000.93359	  25760.93359
 103	  20949.20313	 -10643.64551	 -25223.27148	  25983.27148
 1972	  20929.85742	 -10640.45215	 -25224.91602	  25984.91602
 1944	  20929.85742	 -10640.36035	 -25224.89063	  25984.89063
 1913	  21264.31445	 -10696.20801	 -25196.64453	  25956.64453
 103	  20949.20313	 -10643.64551	 -25223.27148	  25983.27148
 1944	  20929.85742	 -10640.36035	 -25224.89063	  25984.89063
 1972	  20929.85742	 -10640.45215	 -25224.91602	  25984.91602
 2006	  19239.84766	 -10900.38965	 -25052.51758	  25812.51758
 1974	  20852.58203	 -11167.54004	 -24915.74023	  25675.74023
 1944	  20929.85742	 -10640.36035	 -25224.89063	  25984.89063
 1972	  20929.85742	 -10640.45215	 -25224.91602	  25984.91602
 1974	  20852.58203	 -11167.54004	 -24915.74023	  25675.74023
 1913	  21264.31445	 -10696.20801	 -25196.64453	  25956.64453
 1944	  20929.85742	 -10640.36035	 -25224.89063	  25984.89063
 1912	  21312.68164	 -10704.30859	 -25192.56836	  25952.56836
 1881	  21264.31445	 -10696.2002	 -25196.64258	  25956.64258
 1913	  21264.31445	 -10696.20801	 -25196.64453	  25956.64453
 1912	  21312.68164	 -10704.30859	 -25192.56836	  25952.56836
 1944	  20929.85742	 -10640.36035	 -25224.89063	  25984.89063
 1974	  20852.58203	 -11167.54004	 -24915.74023	  25675.74023
 1945	  20852.58203	 -11167.71191	 -24915.78711	  25675.78711
 1912	  21312.68164	 -10704.30859	 -25192.56836	  25952.56836
 1944	  20929.85742	 -10640.36035	 -25224.89063	  25984.89063
 1945	  20852.58203	 -11167.71191	 -24915.78711	  25675.78711
 1974	  20852.58203	 -11167.54004	 -24915.74023	  25675.74023
 2006	  19239.84766	 -10900.38965	 -25052.51758	  25812.51758
 2007	  19289.18359	 -10989.96191	 -25000.94727	  25760.94727
 2006	  19239.84766	 -10900.38965	 -25052.51758	  25812.51758
 2039	  19289.18359	 -10989.90625	 -25000.93359	  25760.93359
 2007	  19289.18359	 -10989.96191	 -25000.94727	  25760.94727
 1881	  21264.31445	 -10696.2002	 -25196.64258	  25956.64258
 1912	  21312.68164	 -10704.30859	 -25192.56836	  25952.56836
 1880	  21312.68164	 -10704.2207	 -25192.54297	  25952.54297
 1849	  23031.83008	 -10988.34375	 -25046.56445	  25806.56445
 1881	  21264.31445	 -10696.2002	 -25196.64258	  25956.64258
 1880	  21312.68164	 -10704.2207	 -25192.54297	  25952.54297
 1880	  21312.68164	 -10704.2207	 -25192.54297	  25952.54297
 1912	  21312.68164	 -10704.30859	 -25192.56836	  25952.56836
 1914	  21303.12695	 -11242.00098	 -24877.48242	  25637.48242
 1912	  21312.68164	 -10704.30859	 -25192.56836	  25952.56836
 1945	  20852.58203	 -11167.71191	 -24915.78711	  25675.78711
 1914	  21303.12695	 -11242.00098	 -24877.48242	  25637.48242
 1849	  23031.83008	 -10988.34375	 -25046.56445	  25806.56445
 1880	  21312.68164	 -10704.2207	 -25192.54297	  25952.54297
 1848	  23002.80859	 -10983.69043	 -25049.06836	  25809.06836
 1817	  23031.83008	 -10988.34375	 -25046.56445	  25806.56445
 1849	  23031.83008	 -10988.34375	 -25046.56445	  25806.56445
 1848	  23002.80859	 -10983.69043	 -25049.06836	  25809.06836
 1880	  21312.68164	 -10704.2207	 -25192.54297	  25952.54297
 1914	  21303.12695	 -11242.00098	 -24877.48242	  25637.48242
 1882	  21303.12695	 -11242.09668	 -24877.50977	  25637.50977
 1848	  23002.80859	 -10983.69043	 -25049.06836	  25809.06836
 1880	  21312.68164	 -10704.2207	 -25192.54297	  25952.54297
 1882	  21303.12695	 -11242.09668	 -24877.50977	  25637.50977
 1817	  23031.83008	 -10988.34375	 -25046.56445	  25806.56445
 1848	  23002.80859	 -10983.69043	 -25049.06836	  25809.06836
 1816	  23002.80859	 -10983.43457	 -25048.99805	  25808.99805
 1785	  23346.94141	 -11040.37012	 -25019.79297	  25779.79297
 1817	  23031.83008	 -10988.34375	 -25046.56445	  25806.56445
 1816	  23002.80859	 -10983.43457	 -25048.99805	  25808.99805
 1848	  23002.80859	 -10983.69043	 -25049.06836	  25809.06836
 1882	  21303.12695	 -11242.09668	 -24877.50977	  25637.50977
 1850	  22915.85938	 -11509.74512	 -24740.86719	  25500.86719
 1816	  23002.80859	 -10983.43457	 -25048.99805	  25808.99805
 1848	  23002.80859	 -10983.69043	 -25049.06836	  25809.06836
 1850	  22915.85938	 -11509.74512	 -24740.86719	  25500.86719
 1785	  23346.94141	 -11040.37012	 -25019.79297	  25779.79297
 1816	  23002.80859	 -10983.43457	 -25048.99805	  25808.99805
 1784	  23385.63672	 -11046.86719	 -25016.53516	  25776.53516
 1753	  23346.94141	 -11040.68262	 -25019.87695	  25779.87695
 1785	  23346.94141	 -11040.37012	 -25019.79297	  25779.79297
 1784	  23385.63672	 -11046.86719	 -25016.53516	  25776.53516
 1816	  23002.80859	 -10983.43457	 -25048.99805	  25808.99805
 1850	  22915.85938	 -11509.74512	 -24740.86719	  25500.86719
 1818	  22915.85938	 -11509.94922	 -24740.92383	  25500.92383
 1784	  23385.63672	 -11046.86719	 -25016.53516	  25776.53516
 1816	  23002.80859	 -10983.43457	 -25048.99805	  25808.99805
 1818	  22915.85938	 -11509.94922	 -24740.92383	  25500.92383
 1753	  23346.94141	 -11040.68262	 -25019.87695	  25779.87695
 1784	  23385.63672	 -11046.86719	 -25016.53516	  25776.53516
 1752	  23385.63672	 -11046.65918	 -25016.47852	  25776.47852
 1721	  25114.45703	 -11330.62598	 -24869.20313	  25629.20313
 1753	  23346.94141	 -11040.68262	 -25019.87695	  25779.87695
 1752	  23385.63672	 -11046.65918	 -25016.47852	  25776.47852
 1784	  23385.63672	 -11046.86719	 -25016.53516	  25776.53516
 1818	  22915.85938	 -11509.94922	 -24740.92383	  25500.92383
 1786	  23366.40625	 -11583.58789	 -24702.44336	  25462.44336
 1752	  23385.63672	 -11046.65918	 -25016.47852	  25776.47852
 1784	  23385.63672	 -11046.86719	 -25016.53516	  25776.53516
 1786	  23366.40625	 -11583.58789	 -24702.44336	  25462.44336
 1721	  25114.45703	 -11330.62598	 -24869.20313	  25629.20313
 1752	  23385.63672	 -11046.65918	 -25016.47852	  25776.47852
 1720	  25075.76172	 -11327.46484	 -24873.36523	  25633.36523
 1689	  25114.45703	 -11330.62598	 -24869.20313	  25629.20313
 1721	  25114.45703	 -11330.62598	 -24869.20313	  25629.20313
 1720	  25075.76172	 -11327.46484	 -24873.36523	  25633.36523
 1752	  23385.63672	 -11046.65918	 -25016.47852	  25776.47852
 1786	  23366.40625	 -11583.58789	 -24702.44336	  25462.44336
 1754	  23366.40625	 -11583.43555	 -24702.40234	  25462.40234
 1720	  25075.76172	 -11327.46484	 -24873.36523	  25633.36523
 1752	  23385.63672	 -11046.65918	 -25016.47852	  25776.47852
 1754	  23366.40625	 -11583.43555	 -24702.40234	  25462.40234
 1689	  25114.45703	 -11330.62598	 -24869.20313	  25629.20313
 1720	  25075.76172	 -11327.46484	 -24873.36523	  25633.36523
 1688	  25075.76172	 -11324.43359	 -24872.54297	  25632.54297
 1657	  25429.56836	 -11381.69336	 -24842.16992	  25602.16992
 1689	  25114.45703	 -11330.62598	 -24869.20313	  25629.20313
 1688	  25075.76172	 -11324.43359	 -24872.54297	  25632.54297
 1720	  25075.76172	 -11327.46484	 -24873.36523	  25633.36523
 1754	  23366.40625	 -11583.43555	 -24702.40234	  25462.40234
 1722	  24979.13867	 -11850.00	 -24565.46484	  25325.46484
 1688	  25075.76172	 -11324.43359	 -24872.54297	  25632.54297
 1720	  25075.76172	 -11327.46484	 -24873.36523	  25633.36523
 1722	  24979.13867	 -11850.00	 -24565.46484	  25325.46484
 1657	  25429.56836	 -11381.69336	 -24842.16992	  25602.16992
 1688	  25075.76172	 -11324.43359	 -24872.54297	  25632.54297
 1656	  25458.58984	 -11388.33398	 -24840.20703	  25600.20703
 1625	  25429.56836	 -11383.48438	 -24842.65625	  25602.65625
 1657	  25429.56836	 -11381.69336	 -24842.16992	  25602.16992
 1656	  25458.58984	 -11388.33398	 -24840.20703	  25600.20703
 1688	  25075.76172	 -11324.43359	 -24872.54297	  25632.54297
 1722	  24979.13867	 -11850.00	 -24565.46484	  25325.46484
 1690	  24979.13867	 -11845.29199	 -24564.1875	  25324.1875
 1656	  25458.58984	 -11388.33398	 -24840.20703	  25600.20703
 1688	  25075.76172	 -11324.43359	 -24872.54297	  25632.54297
 1690	  24979.13867	 -11845.29199	 -24564.1875	  25324.1875
 1625	  25429.56836	 -11383.48438	 -24842.65625	  25602.65625
 1656	  25458.58984	 -11388.33398	 -24840.20703	  25600.20703
 1624	  25458.58984	 -11388.37402	 -24840.2168	  25600.2168
 1593	  27197.08398	 -11360.98242	 -24607.20313	  25367.20313
 1625	  25429.56836	 -11383.48438	 -24842.65625	  25602.65625
 1624	  25458.58984	 -11388.37402	 -24840.2168	  25600.2168
 1656	  25458.58984	 -11388.33398	 -24840.20703	  25600.20703
 1690	  24979.13867	 -11845.29199	 -24564.1875	  25324.1875
 1658	  25429.68359	 -11923.62305	 -24526.98047	  25286.98047
 1624	  25458.58984	 -11388.37402	 -24840.2168	  25600.2168
 1656	  25458.58984	 -11388.33398	 -24840.20703	  25600.20703
 1658	  25429.68359	 -11923.62305	 -24526.98047	  25286.98047
 1593	  27197.08398	 -11360.98242	 -24607.20313	  25367.20313
 1624	  25458.58984	 -11388.37402	 -24840.2168	  25600.2168
 1592	  27148.7168	 -11377.76953	 -24618.0332	  25378.0332
 1561	  27197.08398	 -11361.28223	 -24607.2832	  25367.2832
 1593	  27197.08398	 -11360.98242	 -24607.20313	  25367.20313
 1592	  27148.7168	 -11377.76953	 -24618.0332	  25378.0332
 1624	  25458.58984	 -11388.37402	 -24840.2168	  25600.2168
 1658	  25429.68359	 -11923.62305	 -24526.98047	  25286.98047
 1626	  25429.68359	 -11920.40723	 -24526.10938	  25286.10938
 1592	  27148.7168	 -11377.76953	 -24618.0332	  25378.0332
 1624	  25458.58984	 -11388.37402	 -24840.2168	  25600.2168
 1626	  25429.68359	 -11920.40723	 -24526.10938	  25286.10938
 1561	  27197.08398	 -11361.28223	 -24607.2832	  25367.2832
 1592	  27148.7168	 -11377.76953	 -24618.0332	  25378.0332
 1560	  27148.7168	 -11376.65723	 -24617.73242	  25377.73242
 79	  27512.19531	 -11263.34473	 -24539.82227	  25299.82227
 1561	  27197.08398	 -11361.28223	 -24607.2832	  25367.2832
 1560	  27148.7168	 -11376.65723	 -24617.73242	  25377.73242
 1592	  27148.7168	 -11377.76953	 -24618.0332	  25378.0332
 1626	  25429.68359	 -11920.40723	 -24526.10938	  25286.10938
 1594	  27042.41797	 -11901.37988	 -24311.68164	  25071.68164
 1560	  27148.7168	 -11376.65723	 -24617.73242	  25377.73242
 1592	  27148.7168	 -11377.76953	 -24618.0332	  25378.0332
 1594	  27042.41797	 -11901.37988	 -24311.68164	  25071.68164
 79	  27512.19531	 -11263.34473	 -24539.82227	  25299.82227
 1560	  27148.7168	 -11376.65723	 -24617.73242	  25377.73242
 1532	  27531.54102	 -11257.05566	 -24535.60352	  25295.60352
 1501	  27512.19531	 -11263.34473	 -24539.82227	  25299.82227
 79	  27512.19531	 -11263.34473	 -24539.82227	  25299.82227
 1532	  27531.54102	 -11257.05566	 -24535.60352	  25295.60352
 1560	  27148.7168	 -11376.65723	 -24617.73242	  25377.73242
 1594	  27042.41797	 -11901.37988	 -24311.68164	  25071.68164
 1562	  27042.41797	 -11895.69336	 -24310.13672	  25070.13672
 1532	  27531.54102	 -11257.05566	 -24535.60352	  25295.60352
 1560	  27148.7168	 -11376.65723	 -24617.73242	  25377.73242
 1562	  27042.41797	 -11895.69336	 -24310.13672	  25070.13672
 1501	  27512.19531	 -11263.34473	 -24539.82227	  25299.82227
 1532	  27531.54102	 -11257.05566	 -24535.60352	  25295.60352
 1500	  27531.54102	 -11257.05566	 -24535.60352	  25295.60352
 1469	  29279.71094	 -10555.86133	 -24118.50586	  24878.50586
 1501	  27512.19531	 -11263.34473	 -24539.82227	  25299.82227
 1500	  27531.54102	 -11257.05566	 -24535.60352	  25295.60352
 1532	  27531.54102	 -11257.05566	 -24535.60352	  25295.60352
 1562	  27042.41797	 -11895.69336	 -24310.13672	  25070.13672
 1533	  27492.96289	 -11764.3291	 -24216.0332	  24976.0332
 1500	  27531.54102	 -11257.05566	 -24535.60352	  25295.60352
 1532	  27531.54102	 -11257.05566	 -24535.60352	  25295.60352
 1533	  27492.96289	 -11764.3291	 -24216.0332	  24976.0332
 1469	  29279.71094	 -10555.86133	 -24118.50586	  24878.50586
 1500	  27531.54102	 -11257.05566	 -24535.60352	  25295.60352
 1468	  29221.66797	 -10574.49609	 -24131.09375	  24891.09375
 1437	  29279.71094	 -10555.96973	 -24118.53516	  24878.53516
 1469	  29279.71094	 -10555.86133	 -24118.50586	  24878.50586
 1468	  29221.66797	 -10574.49609	 -24131.09375	  24891.09375
 1500	  27531.54102	 -11257.05566	 -24535.60352	  25295.60352
 1533	  27492.96289	 -11764.3291	 -24216.0332	  24976.0332
 1502	  27492.96289	 -11764.3291	 -24216.0332	  24976.0332
 1468	  29221.66797	 -10574.49609	 -24131.09375	  24891.09375
 1500	  27531.54102	 -11257.05566	 -24535.60352	  25295.60352
 1502	  27492.96289	 -11764.3291	 -24216.0332	  24976.0332
 1437	  29279.71094	 -10555.96973	 -24118.53516	  24878.53516
 1468	  29221.66797	 -10574.49609	 -24131.09375	  24891.09375
 1436	  29221.66797	 -10574.64453	 -24131.13281	  24891.13281
 1405	  29594.82227	 -10454.58984	 -24050.13867	  24810.13867
 1437	  29279.71094	 -10555.96973	 -24118.53516	  24878.53516
 1436	  29221.66797	 -10574.64453	 -24131.13281	  24891.13281
 1468	  29221.66797	 -10574.49609	 -24131.09375	  24891.09375
 1502	  27492.96289	 -11764.3291	 -24216.0332	  24976.0332
 1470	  29105.69922	 -11095.21582	 -23825.21094	  24585.21094
 1436	  29221.66797	 -10574.64453	 -24131.13281	  24891.13281
 1468	  29221.66797	 -10574.49609	 -24131.09375	  24891.09375
 1470	  29105.69922	 -11095.21582	 -23825.21094	  24585.21094
 1405	  29594.82227	 -10454.58984	 -24050.13867	  24810.13867
 1436	  29221.66797	 -10574.64453	 -24131.13281	  24891.13281
 1404	  29604.49609	 -10453.62988	 -24048.62305	  24808.62305
 333	  29594.82227	 -10455.07813	 -24050.27148	  24810.27148
 1405	  29594.82227	 -10454.58984	 -24050.13867	  24810.13867
 1404	  29604.49609	 -10453.62988	 -24048.62305	  24808.62305
 1436	  29221.66797	 -10574.64453	 -24131.13281	  24891.13281
 1470	  29105.69922	 -11095.21582	 -23825.21094	  24585.21094
 1438	  29105.69922	 -11097.47559	 -23825.82422	  24585.82422
 1404	  29604.49609	 -10453.62988	 -24048.62305	  24808.62305
 1436	  29221.66797	 -10574.64453	 -24131.13281	  24891.13281
 1438	  29105.69922	 -11097.47559	 -23825.82422	  24585.82422
 333	  29594.82227	 -10455.07813	 -24050.27148	  24810.27148
 1404	  29604.49609	 -10453.62988	 -24048.62305	  24808.62305
 1378	  29604.49609	 -10451.82227	 -24048.13086	  24808.13086
 1347	  31362.33789	 -9984.60547	 -23693.26563	  24453.26563
 333	  29594.82227	 -10455.07813	 -24050.27148	  24810.27148
 1378	  29604.49609	 -10451.82227	 -24048.13086	  24808.13086
 1404	  29604.49609	 -10453.62988	 -24048.62305	  24808.62305
 1438	  29105.69922	 -11097.47559	 -23825.82422	  24585.82422
 1406	  29556.24414	 -10910.52637	 -23716.63672	  24476.63672
 1378	  29604.49609	 -10451.82227	 -24048.13086	  24808.13086
 1404	  29604.49609	 -10453.62988	 -24048.62305	  24808.62305
 1406	  29556.24414	 -10910.52637	 -23716.63672	  24476.63672
 1347	  31362.33789	 -9984.60547	 -23693.26563	  24453.26563
 1378	  29604.49609	 -10451.82227	 -24048.13086	  24808.13086
 1346	  31294.62109	 -10000.56445	 -23706.38086	  24466.38086
 306	  31362.33789	 -9984.56934	 -23693.25586	  24453.25586
 1347	  31362.33789	 -9984.60547	 -23693.26563	  24453.26563
 1346	  31294.62109	 -10000.56445	 -23706.38086	  24466.38086
 1378	  29604.49609	 -10451.82227	 -24048.13086	  24808.13086
 1406	  29556.24414	 -10910.52637	 -23716.63672	  24476.63672
 332	  29556.24414	 -10909.87793	 -23716.46094	  24476.46094
 1346	  31294.62109	 -10000.56445	 -23706.38086	  24466.38086
 1378	  29604.49609	 -10451.82227	 -24048.13086	  24808.13086
 332	  29556.24414	 -10909.87793	 -23716.46094	  24476.46094
 306	  31362.33789	 -9984.56934	 -23693.25586	  24453.25586
 1346	  31294.62109	 -10000.56445	 -23706.38086	  24466.38086
 1320	  31294.62109	 -10000.75684	 -23706.43359	  24466.43359
 1266	  31677.44922	 -9909.23926	 -23631.92773	  24391.92773
 306	  31362.33789	 -9984.56934	 -23693.25586	  24453.25586
 1320	  31294.62109	 -10000.75684	 -23706.43359	  24466.43359
 1346	  31294.62109	 -10000.56445	 -23706.38086	  24466.38086
 332	  29556.24414	 -10909.87793	 -23716.46094	  24476.46094
 1348	  31168.97656	 -10493.05078	 -23394.09375	  24154.09375
 1320	  31294.62109	 -10000.75684	 -23706.43359	  24466.43359
 1346	  31294.62109	 -10000.56445	 -23706.38086	  24466.38086
 1348	  31168.97656	 -10493.05078	 -23394.09375	  24154.09375
 1266	  31677.44922	 -9909.23926	 -23631.92773	  24391.92773
 1320	  31294.62109	 -10000.75684	 -23706.43359	  24466.43359
 1265	  31677.44922	 -9909.23926	 -23631.92773	  24391.92773
 0	  31677.44922	 -9909.23926	 -23631.92773	  24391.92773
 1266	  31677.44922	 -9909.23926	 -23631.92773	  24391.92773
 1265	  31677.44922	 -9909.23926	 -23631.92773	  24391.92773
 0	  31677.44922	 -9909.23926	 -23631.92773	  24391.92773
 1265	  31677.44922	 -9909.23926	 -23631.92773	  24391.92773
 1264	  31677.44922	 -9909.23926	 -23631.92773	  24391.92773
 1265	  31677.44922	 -9909.23926	 -23631.92773	  24391.92773
 1320	  31294.62109	 -10000.75684	 -23706.43359	  24466.43359
 305	  31284.17188	 -10360.69629	 -23447.95117	  24207.95117
 1320	  31294.62109	 -10000.75684	 -23706.43359	  24466.43359
 1348	  31168.97656	 -10493.05078	 -23394.09375	  24154.09375
 305	  31284.17188	 -10360.69629	 -23447.95117	  24207.95117
 1264	  31677.44922	 -9909.23926	 -23631.92773	  24391.92773
 1265	  31677.44922	 -9909.23926	 -23631.92773	  24391.92773
 1267	  31642.30664	 -10236.71289	 -23444.92773	  24204.92773
 1265	  31677.44922	 -9909.23926	 -23631.92773	  24391.92773
 305	  31284.17188	 -10360.69629	 -23447.95117	  24207.95117
 1267	  31642.30664	 -10236.71289	 -23444.92773	  24204.92773
 1264	  31677.44922	 -9909.23926	 -23631.92773	  24391.92773
 1267	  31642.30664	 -10236.71289	 -23444.92773	  24204.92773
 304	  31651.9668	 -10146.70605	 -23496.33984	  24256.33984
 305	  31284.17188	 -10360.69629	 -23447.95117	  24207.95117
 1348	  31168.97656	 -10493.05078	 -23394.09375	  24154.09375
 1349	  31199.37305	 -10457.88281	 -23408.23828	  24168.23828
 304	  31651.9668	 -10146.70605	 -23496.33984	  24256.33984
 1267	  31642.30664	 -10236.71289	 -23444.92773	  24204.92773
 1269	  31642.30664	 -10236.73242	 -23444.93359	  24204.93359
 304	  31651.9668	 -10146.70605	 -23496.33984	  24256.33984
 1269	  31642.30664	 -10236.73242	 -23444.93359	  24204.93359
 1268	  31651.9668	 -10146.6416	 -23496.32227	  24256.32227
 1267	  31642.30664	 -10236.71289	 -23444.92773	  24204.92773
 305	  31284.17188	 -10360.69629	 -23447.95117	  24207.95117
 1321	  31284.17188	 -10360.69629	 -23447.95117	  24207.95117
 1267	  31642.30664	 -10236.71289	 -23444.92773	  24204.92773
 1321	  31284.17188	 -10360.69629	 -23447.95117	  24207.95117
 1269	  31642.30664	 -10236.73242	 -23444.93359	  24204.93359
 305	  31284.17188	 -10360.69629	 -23447.95117	  24207.95117
 1349	  31199.37305	 -10457.88281	 -23408.23828	  24168.23828
 1321	  31284.17188	 -10360.69629	 -23447.95117	  24207.95117
 1268	  31651.9668	 -10146.6416	 -23496.32227	  24256.32227
 1269	  31642.30664	 -10236.73242	 -23444.93359	  24204.93359
 1270	  31408.91602	 -12144.89941	 -22130.67383	  22890.67383
 1268	  31651.9668	 -10146.6416	 -23496.32227	  24256.32227
 1270	  31408.91602	 -12144.89941	 -22130.67383	  22890.67383
 307	  31407.53711	 -12154.45898	 -22122.43359	  22882.43359
 1269	  31642.30664	 -10236.73242	 -23444.93359	  24204.93359
 1321	  31284.17188	 -10360.69629	 -23447.95117	  24207.95117
 308	  31061.82422	 -12184.25	 -22197.40039	  22957.40039
 1269	  31642.30664	 -10236.73242	 -23444.93359	  24204.93359
 308	  31061.82422	 -12184.25	 -22197.40039	  22957.40039
 1270	  31408.91602	 -12144.89941	 -22130.67383	  22890.67383
 307	  31407.53711	 -12154.45898	 -22122.43359	  22882.43359
 1270	  31408.91602	 -12144.89941	 -22130.67383	  22890.67383
 1272	  31408.91602	 -12144.77539	 -22130.63867	  22890.63867
 307	  31407.53711	 -12154.45898	 -22122.43359	  22882.43359
 1272	  31408.91602	 -12144.77539	 -22130.63867	  22890.63867
 1271	  31407.53711	 -12154.24316	 -22122.375	  22882.375
 1270	  31408.91602	 -12144.89941	 -22130.67383	  22890.67383
 308	  31061.82422	 -12184.25	 -22197.40039	  22957.40039
 1322	  31061.82422	 -12184.47363	 -22197.46094	  22957.46094
 1270	  31408.91602	 -12144.89941	 -22130.67383	  22890.67383
 1322	  31061.82422	 -12184.47363	 -22197.46094	  22957.46094
 1272	  31408.91602	 -12144.77539	 -22130.63867	  22890.63867
 1321	  31284.17188	 -10360.69629	 -23447.95117	  24207.95117
 1350	  30988.06445	 -12185.2334	 -22218.25195	  22978.25195
 308	  31061.82422	 -12184.25	 -22197.40039	  22957.40039
 1321	  31284.17188	 -10360.69629	 -23447.95117	  24207.95117
 1349	  31199.37305	 -10457.88281	 -23408.23828	  24168.23828
 1350	  30988.06445	 -12185.2334	 -22218.25195	  22978.25195
 308	  31061.82422	 -12184.25	 -22197.40039	  22957.40039
 1351	  30988.06445	 -12185.70508	 -22218.37891	  22978.37891
