 IDX	 gl_Position.x	 gl_Position.y	 gl_Position.z	 gl_Position.w
 2325	 -879.92169	 -373.46008	  803.10162	  849.14044
 2324	 -875.23877	 -380.3811	  800.45428	  846.49432
 2327	 -875.21454	 -374.01471	  801.1972	  847.23688
 2327	 -875.21454	 -374.01471	  801.1972	  847.23688
 2323	 -875.0567	 -387.53271	  800.4339	  846.47394
 2323	 -875.0567	 -387.53271	  800.4339	  846.47394
 2323	 -875.0567	 -387.53271	  800.4339	  846.47394
 2324	 -875.23877	 -380.3811	  800.45428	  846.49432
 2321	 -881.99567	 -386.26715	  802.43726	  848.47638
 2325	 -879.92169	 -373.46008	  803.10162	  849.14044
 2326	 -885.0285	 -381.10114	  805.46558	  851.5033
 2326	 -885.0285	 -381.10114	  805.46558	  851.5033
 2322	 -885.44379	 -389.22217	  804.97687	  851.01477
 2322	 -885.44379	 -389.22217	  804.97687	  851.01477
 2322	 -885.44379	 -389.22217	  804.97687	  851.01477
 2321	 -881.99567	 -386.26715	  802.43726	  848.47638
 2326	 -885.0285	 -381.10114	  805.46558	  851.5033
 2326	 -885.0285	 -381.10114	  805.46558	  851.5033
 2322	 -885.44379	 -389.22217	  804.97687	  851.01477
 2322	 -885.44379	 -389.22217	  804.97687	  851.01477
 2322	 -885.44379	 -389.22217	  804.97687	  851.01477
 2319	 -883.74481	 -397.19519	  804.58411	  850.62225
 2321	 -881.99567	 -386.26715	  802.43726	  848.47638
 2320	 -880.49609	 -396.3739	  802.25378	  848.29297
 2323	 -875.0567	 -387.53271	  800.4339	  846.47394
 2323	 -875.0567	 -387.53271	  800.4339	  846.47394
 2968	 -848.14874	 -437.35919	  808.40393	  854.44031
 2968	 -848.14874	 -437.35919	  808.40393	  854.44031
 2968	 -848.14874	 -437.35919	  808.40393	  854.44031
 2965	 -844.98401	 -433.33691	  808.50623	  854.54248
 2967	 -849.69073	 -432.60474	  807.05365	  853.09058
 2966	 -847.6051	 -427.06317	  806.46136	  852.4986
 3039	 -851.1936	 -428.28516	  805.29883	  851.33655
 3034	 -846.66632	 -418.30286	  805.27502	  851.31281
 3033	 -849.66376	 -418.76697	  804.23694	  850.27521
 3035	 -845.17041	 -407.79443	  804.81226	  850.85028
 3036	 -848.29407	 -408.21039	  803.27332	  849.31201
 3043	 -846.59711	 -394.20782	  803.38605	  849.42468
 3044	 -850.89301	 -393.68433	  802.13745	  848.17664
 3038	 -849.83154	 -383.93414	  802.18018	  848.21942
 3030	 -854.95654	 -383.30518	  801.38391	  847.42352
 3029	 -853.08563	 -374.04498	  802.02374	  848.06305
 2980	 -859.59662	 -376.61218	  801.34833	  847.38794
 2984	 -858.69891	 -368.77307	  802.02277	  848.06207
 2983	 -864.66443	 -369.79547	  801.60522	  847.64471
 2982	 -865.08582	 -360.92529	  802.63361	  848.67261
 2987	 -871.54535	 -365.11151	  802.47266	  848.51172
 2897	 -872.27686	 -361.35144	  803.24683	  849.28552
 2991	 -880.03143	 -375.1817	  802.74615	  848.7851
 2896	 -881.30927	 -374.02362	  803.5188	  849.55743
 2898	 -885.5141	 -388.15314	  804.91089	  850.94885
 2857	 -881.55902	 -369.16272	  804.10962	  850.14795
 2861	 -886.55701	 -379.88611	  806.74719	  852.7843
 2856	 -882.48273	 -368.00909	  805.34906	  851.38678
 2855	 -882.97742	 -365.25226	  806.40314	  852.44037
 2851	 -877.03717	 -355.34894	  806.69592	  852.73303
 2850	 -879.79535	 -356.09283	  807.88269	  853.91925
 2845	 -876.18384	 -351.08514	  808.84723	  854.8833
 2880	 -879.71283	 -354.87427	  810.56934	  856.60468
 2882	 -874.26514	 -351.44568	  810.9895	  857.0246
 2883	 -878.51733	 -357.33362	  813.32434	  859.3584
 2901	 -873.08466	 -354.94379	  813.83478	  859.86853
 2899	 -873.66827	 -369.61285	  815.7804	  861.81335
 2924	 -868.31079	 -366.51373	  816.13574	  862.16846
 2900	 -870.2619	 -378.21606	  817.15686	  863.18909
 2916	 -865.87518	 -375.46075	  817.32837	  863.3606
 2801	 -868.64093	 -383.90802	  817.21826	  863.25049
 2934	 -865.49561	 -382.21033	  817.74725	  863.77924
 2934	 -865.49561	 -382.21033	  817.74725	  863.77924
 2896	 -881.30927	 -374.02362	  803.5188	  849.55743
 2896	 -881.30927	 -374.02362	  803.5188	  849.55743
 2897	 -872.27686	 -361.35144	  803.24683	  849.28552
 2857	 -881.55902	 -369.16272	  804.10962	  850.14795
 2857	 -881.55902	 -369.16272	  804.10962	  850.14795
 2851	 -877.03717	 -355.34894	  806.69592	  852.73303
 2851	 -877.03717	 -355.34894	  806.69592	  852.73303
 2851	 -877.03717	 -355.34894	  806.69592	  852.73303
 2856	 -882.48273	 -368.00909	  805.34906	  851.38678
 2852	 -874.74823	 -354.70984	  805.32959	  851.36731
 2857	 -881.55902	 -369.16272	  804.10962	  850.14795
 2853	 -873.23975	 -357.93604	  804.09985	  850.13812
 2897	 -872.27686	 -361.35144	  803.24683	  849.28552
 2897	 -872.27686	 -361.35144	  803.24683	  849.28552
 3036	 -848.29407	 -408.21039	  803.27332	  849.31201
 3036	 -848.29407	 -408.21039	  803.27332	  849.31201
 3036	 -848.29407	 -408.21039	  803.27332	  849.31201
 3045	 -852.87354	 -409.3559	  801.86389	  847.90326
 3044	 -850.89301	 -393.68433	  802.13745	  848.17664
 3028	 -857.02081	 -394.79999	  800.86694	  846.9068
 3030	 -854.95654	 -383.30518	  801.38391	  847.42352
 2979	 -861.03015	 -385.22064	  800.73779	  846.77771
 2980	 -859.59662	 -376.61218	  801.34833	  847.38794
 2977	 -865.34692	 -378.06042	  801.10101	  847.14075
 2983	 -864.66443	 -369.79547	  801.60522	  847.64471
 2988	 -870.66071	 -370.80188	  801.5979	  847.63739
 2987	 -871.54535	 -365.11151	  802.47266	  848.51172
 2991	 -880.03143	 -375.1817	  802.74615	  848.7851
 2991	 -880.03143	 -375.1817	  802.74615	  848.7851
 2845	 -876.18384	 -351.08514	  808.84723	  854.8833
 2845	 -876.18384	 -351.08514	  808.84723	  854.8833
 2845	 -876.18384	 -351.08514	  808.84723	  854.8833
 2851	 -877.03717	 -355.34894	  806.69592	  852.73303
 2842	 -872.68036	 -350.30316	  807.54736	  853.58405
 2852	 -874.74823	 -354.70984	  805.32959	  851.36731
 2848	 -869.92047	 -349.79785	  806.19763	  852.23499
 2853	 -873.23975	 -357.93604	  804.09985	  850.13812
 2849	 -867.38477	 -352.60669	  804.7146	  850.75262
 2897	 -872.27686	 -361.35144	  803.24683	  849.28552
 2894	 -865.82666	 -356.3266	  803.65515	  849.69373
 2982	 -865.08582	 -360.92529	  802.63361	  848.67261
 2981	 -858.35553	 -359.23602	  803.34784	  849.38647
 2984	 -858.69891	 -368.77307	  802.02277	  848.06207
 3041	 -852.31793	 -366.03723	  802.92053	  848.95941
 3029	 -853.08563	 -374.04498	  802.02374	  848.06305
 3037	 -846.53223	 -374.55103	  803.17365	  849.2124
 3038	 -849.83154	 -383.93414	  802.18018	  848.21942
 2972	 -842.66882	 -384.31616	  803.87134	  849.90979
 3043	 -846.59711	 -394.20782	  803.38605	  849.42468
 3042	 -841.99908	 -395.2085	  804.73132	  850.76929
 3035	 -845.17041	 -407.79443	  804.81226	  850.85028
 3048	 -842.73285	 -408.30505	  806.06525	  852.10266
 3034	 -846.66632	 -418.30286	  805.27502	  851.31281
 3047	 -844.48273	 -419.06738	  806.86536	  852.9024
 2966	 -847.6051	 -427.06317	  806.46136	  852.4986
 2965	 -844.98401	 -433.33691	  808.50623	  854.54248
 2965	 -844.98401	 -433.33691	  808.50623	  854.54248
 3048	 -842.73285	 -408.30505	  806.06525	  852.10266
 3048	 -842.73285	 -408.30505	  806.06525	  852.10266
 3048	 -842.73285	 -408.30505	  806.06525	  852.10266
 3049	 -839.76501	 -398.01807	  805.87384	  851.91132
 3042	 -841.99908	 -395.2085	  804.73132	  850.76929
 2969	 -837.29657	 -385.75244	  805.70374	  851.74127
 2972	 -842.66882	 -384.31616	  803.87134	  849.90979
 2971	 -840.2583	 -375.04773	  804.80975	  850.84778
 3037	 -846.53223	 -374.55103	  803.17365	  849.2124
 3032	 -844.58881	 -366.12396	  804.39319	  850.4314
 3041	 -852.31793	 -366.03723	  802.92053	  848.95941
 3040	 -852.14758	 -358.34918	  804.17023	  850.2085
 2981	 -858.35553	 -359.23602	  803.34784	  849.38647
 2895	 -858.87738	 -354.41364	  804.24738	  850.28564
 2894	 -865.82666	 -356.3266	  803.65515	  849.69373
 2846	 -860.96307	 -349.68811	  805.61127	  851.64886
 2849	 -867.38477	 -352.60669	  804.7146	  850.75262
 2847	 -864.35785	 -346.7674	  807.16296	  853.19983
 2848	 -869.92047	 -349.79785	  806.19763	  852.23499
 2843	 -867.30286	 -346.71149	  808.27832	  854.3147
 2842	 -872.68036	 -350.30316	  807.54736	  853.58405
 2844	 -870.57776	 -348.2066	  809.45215	  855.48798
 2845	 -876.18384	 -351.08514	  808.84723	  854.8833
 2882	 -874.26514	 -351.44568	  810.9895	  857.0246
 2882	 -874.26514	 -351.44568	  810.9895	  857.0246
 3049	 -839.76501	 -398.01807	  805.87384	  851.91132
 3049	 -839.76501	 -398.01807	  805.87384	  851.91132
 3050	 -834.1535	 -389.41669	  807.25977	  853.29663
 2969	 -837.29657	 -385.75244	  805.70374	  851.74127
 2970	 -836.09784	 -378.49817	  806.81219	  852.84924
 2971	 -840.2583	 -375.04773	  804.80975	  850.84778
 2976	 -838.99371	 -366.27771	  805.88464	  851.92212
 3032	 -844.58881	 -366.12396	  804.39319	  850.4314
 3031	 -844.60907	 -359.96893	  805.66693	  851.70453
 3040	 -852.14758	 -358.34918	  804.17023	  850.2085
 2917	 -852.49536	 -353.34827	  805.03638	  851.07428
 2895	 -858.87738	 -354.41364	  804.24738	  850.28564
 2918	 -854.58252	 -349.49829	  806.29572	  852.33301
 2846	 -860.96307	 -349.68811	  805.61127	  851.64886
 2919	 -857.86871	 -345.26373	  807.84131	  853.87787
 2847	 -864.35785	 -346.7674	  807.16296	  853.19983
 2903	 -861.02948	 -343.97076	  809.04242	  855.07843
 2843	 -867.30286	 -346.71149	  808.27832	  854.3147
 2904	 -864.64569	 -345.54065	  810.23065	  856.26611
 2844	 -870.57776	 -348.2066	  809.45215	  855.48798
 2902	 -869.02191	 -349.25653	  811.43176	  857.46667
 2882	 -874.26514	 -351.44568	  810.9895	  857.0246
 2882	 -874.26514	 -351.44568	  810.9895	  857.0246
 3050	 -834.1535	 -389.41669	  807.25977	  853.29663
 3050	 -834.1535	 -389.41669	  807.25977	  853.29663
 3050	 -834.1535	 -389.41669	  807.25977	  853.29663
 3051	 -834.11865	 -383.81061	  808.65405	  854.69025
 2970	 -836.09784	 -378.49817	  806.81219	  852.84924
 2973	 -836.47723	 -374.9447	  808.24634	  854.28271
 2976	 -838.99371	 -366.27771	  805.88464	  851.92212
 2975	 -839.66638	 -362.3382	  807.02344	  853.06036
 3031	 -844.60907	 -359.96893	  805.66693	  851.70453
 2908	 -844.98425	 -355.2511	  806.52948	  852.56665
 2917	 -852.49536	 -353.34827	  805.03638	  851.07428
 2906	 -847.28699	 -350.9101	  807.65234	  853.68896
 2918	 -854.58252	 -349.49829	  806.29572	  852.33301
 2905	 -850.16718	 -346.1167	  809.03113	  855.06714
 2919	 -857.86871	 -345.26373	  807.84131	  853.87787
 2915	 -854.43762	 -344.88922	  810.01147	  856.04712
 2903	 -861.02948	 -343.97076	  809.04242	  855.07843
 2914	 -860.00909	 -345.85168	  811.10114	  857.13623
 2904	 -864.64569	 -345.54065	  810.23065	  856.26611
 2923	 -863.19629	 -349.42731	  812.17908	  858.21362
 2902	 -869.02191	 -349.25653	  811.43176	  857.46667
 2902	 -869.02191	 -349.25653	  811.43176	  857.46667
 3051	 -834.11865	 -383.81061	  808.65405	  854.69025
 3051	 -834.11865	 -383.81061	  808.65405	  854.69025
 3051	 -834.11865	 -383.81061	  808.65405	  854.69025
 3052	 -834.44391	 -379.27087	  809.63379	  855.66956
 2973	 -836.47723	 -374.9447	  808.24634	  854.28271
 2974	 -836.66547	 -369.97467	  808.93384	  854.96997
 2975	 -839.66638	 -362.3382	  807.02344	  853.06036
 2907	 -839.86493	 -358.84369	  807.86578	  853.90234
 2908	 -844.98425	 -355.2511	  806.52948	  852.56665
 2840	 -841.93329	 -354.1532	  808.92206	  854.95813
 2906	 -847.28699	 -350.9101	  807.65234	  853.68896
 2839	 -843.71027	 -348.86902	  809.87341	  855.90906
 2905	 -850.16718	 -346.1167	  809.03113	  855.06714
 2836	 -847.96094	 -346.15649	  811.25629	  857.29132
 2915	 -854.43762	 -344.88922	  810.01147	  856.04712
 2835	 -852.45496	 -347.15302	  812.23212	  858.26672
 2914	 -860.00909	 -345.85168	  811.10114	  857.13623
 2921	 -858.26233	 -351.79816	  812.94312	  858.97736
 2923	 -863.19629	 -349.42731	  812.17908	  858.21362
 2923	 -863.19629	 -349.42731	  812.17908	  858.21362
 3052	 -834.44391	 -379.27087	  809.63379	  855.66956
 3052	 -834.44391	 -379.27087	  809.63379	  855.66956
 3052	 -834.44391	 -379.27087	  809.63379	  855.66956
 3053	 -834.2572	 -374.08112	  810.16431	  856.19977
 2974	 -836.66547	 -369.97467	  808.93384	  854.96997
 2932	 -836.38129	 -365.74976	  809.7616	  855.79724
 2907	 -839.86493	 -358.84369	  807.86578	  853.90234
 2841	 -838.56244	 -362.34216	  810.52777	  856.56311
 2840	 -841.93329	 -354.1532	  808.92206	  854.95813
 2838	 -840.42853	 -358.15125	  811.44092	  857.47583
 2839	 -843.71027	 -348.86902	  809.87341	  855.90906
 2837	 -842.36481	 -351.30096	  812.1488	  858.18335
 2836	 -847.96094	 -346.15649	  811.25629	  857.29132
 2834	 -846.39526	 -349.62799	  813.01855	  859.05273
 2835	 -852.45496	 -347.15302	  812.23212	  858.26672
 2920	 -853.1626	 -354.48206	  814.01038	  860.04407
 2921	 -858.26233	 -351.79816	  812.94312	  858.97736
 2921	 -858.26233	 -351.79816	  812.94312	  858.97736
 3053	 -834.2572	 -374.08112	  810.16431	  856.19977
 3053	 -834.2572	 -374.08112	  810.16431	  856.19977
 3053	 -834.2572	 -374.08112	  810.16431	  856.19977
 2933	 -834.24683	 -370.2215	  810.91803	  856.95319
 2932	 -836.38129	 -365.74976	  809.7616	  855.79724
 2931	 -835.93079	 -367.13538	  811.54187	  857.57678
 2841	 -838.56244	 -362.34216	  810.52777	  856.56311
 2930	 -837.98212	 -363.42688	  812.35822	  858.3927
 2838	 -840.42853	 -358.15125	  811.44092	  857.47583
 2928	 -839.45227	 -358.17688	  813.02936	  859.06348
 2837	 -842.36481	 -351.30096	  812.1488	  858.18335
 2929	 -842.43561	 -355.71185	  813.82977	  859.86359
 2834	 -846.39526	 -349.62799	  813.01855	  859.05273
 2926	 -850.61493	 -358.07159	  814.77576	  860.80908
 2920	 -853.1626	 -354.48206	  814.01038	  860.04407
 2911	 -857.90723	 -361.41156	  815.41016	  861.44324
 2921	 -858.26233	 -351.79816	  812.94312	  858.97736
 2910	 -862.23682	 -357.76886	  814.81152	  860.84485
 2923	 -863.19629	 -349.42731	  812.17908	  858.21362
 2922	 -867.91687	 -354.76636	  814.40924	  860.44281
 2902	 -869.02191	 -349.25653	  811.43176	  857.46667
 2901	 -873.08466	 -354.94379	  813.83478	  859.86853
 2882	 -874.26514	 -351.44568	  810.9895	  857.0246
 2882	 -874.26514	 -351.44568	  810.9895	  857.0246
 2911	 -857.90723	 -361.41156	  815.41016	  861.44324
 2911	 -857.90723	 -361.41156	  815.41016	  861.44324
 2911	 -857.90723	 -361.41156	  815.41016	  861.44324
 2926	 -850.61493	 -358.07159	  814.77576	  860.80908
 2927	 -854.39722	 -367.14258	  815.77783	  861.81079
 2927	 -854.39722	 -367.14258	  815.77783	  861.81079
 2922	 -867.91687	 -354.76636	  814.40924	  860.44281
 2922	 -867.91687	 -354.76636	  814.40924	  860.44281
 2922	 -867.91687	 -354.76636	  814.40924	  860.44281
 2910	 -862.23682	 -357.76886	  814.81152	  860.84485
 2909	 -864.36755	 -366.3222	  816.23816	  862.27081
 2911	 -857.90723	 -361.41156	  815.41016	  861.44324
 2912	 -860.36145	 -368.59967	  816.64075	  862.67328
 2927	 -854.39722	 -367.14258	  815.77783	  861.81079
 2925	 -856.76422	 -374.48987	  816.95764	  862.98999
 2925	 -856.76422	 -374.48987	  816.95764	  862.98999
 2901	 -873.08466	 -354.94379	  813.83478	  859.86853
 2901	 -873.08466	 -354.94379	  813.83478	  859.86853
 2901	 -873.08466	 -354.94379	  813.83478	  859.86853
 2922	 -867.91687	 -354.76636	  814.40924	  860.44281
 2924	 -868.31079	 -366.51373	  816.13574	  862.16846
 2909	 -864.36755	 -366.3222	  816.23816	  862.27081
 2916	 -865.87518	 -375.46075	  817.32837	  863.3606
 2912	 -860.36145	 -368.59967	  816.64075	  862.67328
 2833	 -860.95709	 -377.81073	  817.75952	  863.7915
 2925	 -856.76422	 -374.48987	  816.95764	  862.98999
 2830	 -857.29248	 -386.6554	  818.91479	  864.94623
 2830	 -857.29248	 -386.6554	  818.91479	  864.94623
 2830	 -857.29248	 -386.6554	  818.91479	  864.94623
 2830	 -857.29248	 -386.6554	  818.91479	  864.94623
 2830	 -857.29248	 -386.6554	  818.91479	  864.94623
 2831	 -861.20911	 -387.06445	  818.62183	  864.65344
 2833	 -860.95709	 -377.81073	  817.75952	  863.7915
 2833	 -860.95709	 -377.81073	  817.75952	  863.7915
 2831	 -861.20911	 -387.06445	  818.62183	  864.65344
 2831	 -861.20911	 -387.06445	  818.62183	  864.65344
 2831	 -861.20911	 -387.06445	  818.62183	  864.65344
 2832	 -863.02057	 -383.47449	  818.18195	  864.21375
 2833	 -860.95709	 -377.81073	  817.75952	  863.7915
 2934	 -865.49561	 -382.21033	  817.74725	  863.77924
 2916	 -865.87518	 -375.46075	  817.32837	  863.3606
 2916	 -865.87518	 -375.46075	  817.32837	  863.3606
 3033	 -849.66376	 -418.76697	  804.23694	  850.27521
 3033	 -849.66376	 -418.76697	  804.23694	  850.27521
 3033	 -849.66376	 -418.76697	  804.23694	  850.27521
 3036	 -848.29407	 -408.21039	  803.27332	  849.31201
 3046	 -852.86658	 -422.18146	  803.50067	  849.53931
 3045	 -852.87354	 -409.3559	  801.86389	  847.90326
 3027	 -858.12292	 -410.83801	  800.96143	  847.00122
 3028	 -857.02081	 -394.79999	  800.86694	  846.9068
 3015	 -862.45477	 -397.97595	  800.40613	  846.44617
 2979	 -861.03015	 -385.22064	  800.73779	  846.77771
 2978	 -866.40594	 -387.71454	  800.34827	  846.38831
 2977	 -865.34692	 -378.06042	  801.10101	  847.14075
 2985	 -870.92242	 -379.14343	  801.22644	  847.26611
 2988	 -870.66071	 -370.80188	  801.5979	  847.63739
 2992	 -878.9729	 -381.58191	  802.19672	  848.23596
 2991	 -880.03143	 -375.1817	  802.74615	  848.7851
 2994	 -882.71704	 -394.96515	  803.31116	  849.34985
 2898	 -885.5141	 -388.15314	  804.91089	  850.94885
 2995	 -883.547	 -401.67145	  803.89734	  849.93579
 2913	 -887.04187	 -394.63373	  805.59839	  851.63599
 2998	 -885.35223	 -417.99445	  806.08252	  852.11993
 2867	 -888.82172	 -411.11426	  807.58807	  853.62476
 2867	 -888.82172	 -411.11426	  807.58807	  853.62476
 2992	 -878.9729	 -381.58191	  802.19672	  848.23596
 2992	 -878.9729	 -381.58191	  802.19672	  848.23596
 2994	 -882.71704	 -394.96515	  803.31116	  849.34985
 2989	 -877.4881	 -386.6972	  801.4801	  847.51965
 2990	 -877.00525	 -388.85339	  801.37622	  847.41577
 2990	 -877.00525	 -388.85339	  801.37622	  847.41577
 2990	 -877.00525	 -388.85339	  801.37622	  847.41577
 2990	 -877.00525	 -388.85339	  801.37622	  847.41577
 2986	 -871.90015	 -387.07916	  800.67627	  846.71613
 2989	 -877.4881	 -386.6972	  801.4801	  847.51965
 2985	 -870.92242	 -379.14343	  801.22644	  847.26611
 2992	 -878.9729	 -381.58191	  802.19672	  848.23596
 2992	 -878.9729	 -381.58191	  802.19672	  848.23596
 2985	 -870.92242	 -379.14343	  801.22644	  847.26611
 2985	 -870.92242	 -379.14343	  801.22644	  847.26611
 2978	 -866.40594	 -387.71454	  800.34827	  846.38831
 2986	 -871.90015	 -387.07916	  800.67627	  846.71613
 3012	 -872.74915	 -397.59143	  800.51801	  846.55798
 2990	 -877.00525	 -388.85339	  801.37622	  847.41577
 2993	 -877.63153	 -398.73712	  801.37177	  847.41132
 2994	 -882.71704	 -394.96515	  803.31116	  849.34985
 2996	 -879.40564	 -408.11682	  802.19269	  848.23193
 2995	 -883.547	 -401.67145	  803.89734	  849.93579
 2997	 -881.6803	 -423.33881	  804.52051	  850.55865
 2998	 -885.35223	 -417.99445	  806.08252	  852.11993
 3000	 -881.04388	 -435.34235	  807.04785	  853.08478
 3000	 -881.04388	 -435.34235	  807.04785	  853.08478
 3015	 -862.45477	 -397.97595	  800.40613	  846.44617
 3015	 -862.45477	 -397.97595	  800.40613	  846.44617
 3015	 -862.45477	 -397.97595	  800.40613	  846.44617
 2978	 -866.40594	 -387.71454	  800.34827	  846.38831
 3014	 -867.55377	 -400.5238	  800.01923	  846.05945
 3012	 -872.74915	 -397.59143	  800.51801	  846.55798
 3011	 -874.15106	 -411.63574	  801.17688	  847.21655
 3011	 -874.15106	 -411.63574	  801.17688	  847.21655
 3012	 -872.74915	 -397.59143	  800.51801	  846.55798
 3012	 -872.74915	 -397.59143	  800.51801	  846.55798
 3012	 -872.74915	 -397.59143	  800.51801	  846.55798
 2993	 -877.63153	 -398.73712	  801.37177	  847.41132
 3011	 -874.15106	 -411.63574	  801.17688	  847.21655
 2996	 -879.40564	 -408.11682	  802.19269	  848.23193
 3010	 -875.27002	 -426.27997	  803.42023	  849.45886
 2997	 -881.6803	 -423.33881	  804.52051	  850.55865
 3009	 -874.43896	 -437.20032	  805.65991	  851.69745
 3000	 -881.04388	 -435.34235	  807.04785	  853.08478
 3019	 -873.6073	 -443.77881	  807.12006	  853.15698
 3019	 -873.6073	 -443.77881	  807.12006	  853.15698
 3027	 -858.12292	 -410.83801	  800.96143	  847.00122
 3027	 -858.12292	 -410.83801	  800.96143	  847.00122
 3027	 -858.12292	 -410.83801	  800.96143	  847.00122
 3015	 -862.45477	 -397.97595	  800.40613	  846.44617
 3016	 -863.44727	 -413.9552	  800.40863	  846.44867
 3014	 -867.55377	 -400.5238	  800.01923	  846.05945
 3013	 -868.69208	 -414.63348	  800.42639	  846.46643
 3011	 -874.15106	 -411.63574	  801.17688	  847.21655
 3018	 -869.27789	 -428.19446	  802.68646	  848.72546
 3010	 -875.27002	 -426.27997	  803.42023	  849.45886
 3017	 -868.94678	 -437.25555	  804.86914	  850.9071
 3009	 -874.43896	 -437.20032	  805.65991	  851.69745
 3020	 -868.43646	 -442.70081	  806.37775	  852.41504
 3019	 -873.6073	 -443.77881	  807.12006	  853.15698
 3008	 -868.41559	 -446.77283	  807.4364	  853.47314
 3008	 -868.41559	 -446.77283	  807.4364	  853.47314
 3016	 -863.44727	 -413.9552	  800.40863	  846.44867
 3016	 -863.44727	 -413.9552	  800.40863	  846.44867
 3016	 -863.44727	 -413.9552	  800.40863	  846.44867
 3013	 -868.69208	 -414.63348	  800.42639	  846.46643
 3023	 -864.2287	 -428.2168	  802.65393	  848.69293
 3018	 -869.27789	 -428.19446	  802.68646	  848.72546
 2942	 -863.40833	 -435.51703	  804.72272	  850.76074
 3017	 -868.94678	 -437.25555	  804.86914	  850.9071
 2939	 -863.729	 -441.13922	  806.32556	  852.36285
 3020	 -868.43646	 -442.70081	  806.37775	  852.41504
 2943	 -864.94446	 -444.54413	  807.48175	  853.51849
 3008	 -868.41559	 -446.77283	  807.4364	  853.47314
 2937	 -863.55457	 -445.33582	  808.43915	  854.47546
 2937	 -863.55457	 -445.33582	  808.43915	  854.47546
 3027	 -858.12292	 -410.83801	  800.96143	  847.00122
 3027	 -858.12292	 -410.83801	  800.96143	  847.00122
 3027	 -858.12292	 -410.83801	  800.96143	  847.00122
 3016	 -863.44727	 -413.9552	  800.40863	  846.44867
 3026	 -858.29218	 -426.29156	  802.8501	  848.88892
 3023	 -864.2287	 -428.2168	  802.65393	  848.69293
 2942	 -863.40833	 -435.51703	  804.72272	  850.76074
 2942	 -863.40833	 -435.51703	  804.72272	  850.76074
 3027	 -858.12292	 -410.83801	  800.96143	  847.00122
 3027	 -858.12292	 -410.83801	  800.96143	  847.00122
 3046	 -852.86658	 -422.18146	  803.50067	  849.53931
 3026	 -858.29218	 -426.29156	  802.8501	  848.88892
 3025	 -855.24615	 -432.09216	  804.81598	  850.85394
 2942	 -863.40833	 -435.51703	  804.72272	  850.76074
 2941	 -856.11963	 -433.3877	  806.1394	  852.17682
 2939	 -863.729	 -441.13922	  806.32556	  852.36285
 2940	 -857.63916	 -441.13403	  807.61182	  853.6485
 2943	 -864.94446	 -444.54413	  807.48175	  853.51849
 2936	 -858.1582	 -444.34869	  808.46155	  854.4978
 2937	 -863.55457	 -445.33582	  808.43915	  854.47546
 2938	 -860.20636	 -446.23743	  809.16284	  855.19879
 2938	 -860.20636	 -446.23743	  809.16284	  855.19879
 3033	 -849.66376	 -418.76697	  804.23694	  850.27521
 3033	 -849.66376	 -418.76697	  804.23694	  850.27521
 3033	 -849.66376	 -418.76697	  804.23694	  850.27521
 3046	 -852.86658	 -422.18146	  803.50067	  849.53931
 3039	 -851.1936	 -428.28516	  805.29883	  851.33655
 3025	 -855.24615	 -432.09216	  804.81598	  850.85394
 3025	 -855.24615	 -432.09216	  804.81598	  850.85394
 2967	 -849.69073	 -432.60474	  807.05365	  853.09058
 2967	 -849.69073	 -432.60474	  807.05365	  853.09058
 3039	 -851.1936	 -428.28516	  805.29883	  851.33655
 3054	 -852.18127	 -432.61884	  806.40845	  852.44574
 3025	 -855.24615	 -432.09216	  804.81598	  850.85394
 2941	 -856.11963	 -433.3877	  806.1394	  852.17682
 2941	 -856.11963	 -433.3877	  806.1394	  852.17682
 2938	 -860.20636	 -446.23743	  809.16284	  855.19879
 2938	 -860.20636	 -446.23743	  809.16284	  855.19879
 3024	 -862.40015	 -448.47076	  808.94739	  854.98352
 2937	 -863.55457	 -445.33582	  808.43915	  854.47546
 3007	 -868.25757	 -450.7865	  808.51331	  854.54956
 3008	 -868.41559	 -446.77283	  807.4364	  853.47314
 3006	 -873.73987	 -447.36853	  807.79822	  853.83484
 3019	 -873.6073	 -443.77881	  807.12006	  853.15698
 3021	 -880.07617	 -441.5498	  808.16156	  854.198
 3000	 -881.04388	 -435.34235	  807.04785	  853.08478
 2999	 -884.16266	 -432.04938	  808.25323	  854.28967
 2998	 -885.35223	 -417.99445	  806.08252	  852.11993
 2866	 -887.57135	 -426.04865	  809.93323	  855.96881
 2867	 -888.82172	 -411.11426	  807.58807	  853.62476
 2865	 -889.2486	 -402.57263	  809.65698	  855.69269
 2913	 -887.04187	 -394.63373	  805.59839	  851.63599
 2860	 -887.55237	 -385.66516	  807.56586	  853.60254
 2898	 -885.5141	 -388.15314	  804.91089	  850.94885
 2861	 -886.55701	 -379.88611	  806.74719	  852.7843
 2861	 -886.55701	 -379.88611	  806.74719	  852.7843
 3007	 -868.25757	 -450.7865	  808.51331	  854.54956
 3007	 -868.25757	 -450.7865	  808.51331	  854.54956
 3007	 -868.25757	 -450.7865	  808.51331	  854.54956
 2953	 -865.52972	 -453.21295	  809.48962	  855.52545
 3024	 -862.40015	 -448.47076	  808.94739	  854.98352
 3024	 -862.40015	 -448.47076	  808.94739	  854.98352
 2952	 -864.27399	 -455.53339	  809.7702	  855.80591
 2952	 -864.27399	 -455.53339	  809.7702	  855.80591
 2952	 -864.27399	 -455.53339	  809.7702	  855.80591
 2953	 -865.52972	 -453.21295	  809.48962	  855.52545
 2954	 -868.41693	 -453.26868	  809.27917	  855.31506
 3007	 -868.25757	 -450.7865	  808.51331	  854.54956
 3005	 -873.1521	 -451.29077	  808.84399	  854.88007
 3006	 -873.73987	 -447.36853	  807.79822	  853.83484
 3002	 -879.27637	 -445.98981	  809.02368	  855.05975
 3021	 -880.07617	 -441.5498	  808.16156	  854.198
 3022	 -883.26605	 -438.48138	  809.06653	  855.10254
 2999	 -884.16266	 -432.04938	  808.25323	  854.28967
 2866	 -887.57135	 -426.04865	  809.93323	  855.96881
 2866	 -887.57135	 -426.04865	  809.93323	  855.96881
 2866	 -887.57135	 -426.04865	  809.93323	  855.96881
 2866	 -887.57135	 -426.04865	  809.93323	  855.96881
 2866	 -887.57135	 -426.04865	  809.93323	  855.96881
 2891	 -886.8927	 -432.03094	  810.75513	  856.79034
 3022	 -883.26605	 -438.48138	  809.06653	  855.10254
 3003	 -882.3158	 -443.2702	  809.90991	  855.94556
 3002	 -879.27637	 -445.98981	  809.02368	  855.05975
 3001	 -878.10382	 -448.83478	  809.88879	  855.92444
 3005	 -873.1521	 -451.29077	  808.84399	  854.88007
 2956	 -872.5686	 -454.44147	  809.34644	  855.38232
 2954	 -868.41693	 -453.26868	  809.27917	  855.31506
 2955	 -868.27271	 -456.66357	  809.52106	  855.55688
 2952	 -864.27399	 -455.53339	  809.7702	  855.80591
 2962	 -863.7735	 -457.474	  809.78149	  855.8172
 2962	 -863.7735	 -457.474	  809.78149	  855.8172
 2891	 -886.8927	 -432.03094	  810.75513	  856.79034
 2891	 -886.8927	 -432.03094	  810.75513	  856.79034
 2935	 -885.4201	 -439.34375	  811.32471	  857.35968
 3003	 -882.3158	 -443.2702	  809.90991	  855.94556
 3004	 -880.58411	 -446.45038	  810.7605	  856.79578
 3001	 -878.10382	 -448.83478	  809.88879	  855.92444
 2959	 -876.76154	 -452.52625	  810.40625	  856.44165
 2956	 -872.5686	 -454.44147	  809.34644	  855.38232
 2957	 -871.50366	 -458.2464	  809.46545	  855.50128
 2955	 -868.27271	 -456.66357	  809.52106	  855.55688
 2948	 -867.19342	 -459.05542	  810.01788	  856.05347
 2962	 -863.7735	 -457.474	  809.78149	  855.8172
 2962	 -863.7735	 -457.474	  809.78149	  855.8172
 2959	 -876.76154	 -452.52625	  810.40625	  856.44165
 2959	 -876.76154	 -452.52625	  810.40625	  856.44165
 2959	 -876.76154	 -452.52625	  810.40625	  856.44165
 2958	 -874.26733	 -457.5083	  810.52789	  856.56323
 2957	 -871.50366	 -458.2464	  809.46545	  855.50128
 2949	 -870.20734	 -462.31696	  810.14905	  856.18457
 2948	 -867.19342	 -459.05542	  810.01788	  856.05347
 2951	 -866.13959	 -460.20508	  810.56268	  856.59802
 2962	 -863.7735	 -457.474	  809.78149	  855.8172
 2962	 -863.7735	 -457.474	  809.78149	  855.8172
 2958	 -874.26733	 -457.5083	  810.52789	  856.56323
 2958	 -874.26733	 -457.5083	  810.52789	  856.56323
 2958	 -874.26733	 -457.5083	  810.52789	  856.56323
 2945	 -872.07495	 -461.94415	  811.0097	  857.0448
 2949	 -870.20734	 -462.31696	  810.14905	  856.18457
 2950	 -868.146	 -464.96454	  811.32898	  857.36395
 2951	 -866.13959	 -460.20508	  810.56268	  856.59802
 2951	 -866.13959	 -460.20508	  810.56268	  856.59802
 2964	 -870.25336	 -464.90002	  811.91193	  857.94659
 2964	 -870.25336	 -464.90002	  811.91193	  857.94659
 2964	 -870.25336	 -464.90002	  811.91193	  857.94659
 2950	 -868.146	 -464.96454	  811.32898	  857.36395
 2944	 -870.96466	 -465.06335	  811.40875	  857.44366
 2945	 -872.07495	 -461.94415	  811.0097	  857.0448
 2945	 -872.07495	 -461.94415	  811.0097	  857.0448
 2854	 -883.33893	 -363.94891	  807.0423	  853.07922
 2854	 -883.33893	 -363.94891	  807.0423	  853.07922
 2854	 -883.33893	 -363.94891	  807.0423	  853.07922
 2855	 -882.97742	 -365.25226	  806.40314	  852.44037
 2858	 -885.50604	 -368.29608	  808.22186	  854.25824
 2861	 -886.55701	 -379.88611	  806.74719	  852.7843
 2859	 -887.57513	 -376.63623	  809.38831	  855.42419
 2860	 -887.55237	 -385.66516	  807.56586	  853.60254
 2862	 -889.16638	 -393.23669	  811.33807	  857.37305
 2865	 -889.2486	 -402.57263	  809.65698	  855.69269
 2865	 -889.2486	 -402.57263	  809.65698	  855.69269
 2855	 -882.97742	 -365.25226	  806.40314	  852.44037
 2855	 -882.97742	 -365.25226	  806.40314	  852.44037
 2855	 -882.97742	 -365.25226	  806.40314	  852.44037
 2850	 -879.79535	 -356.09283	  807.88269	  853.91925
 2854	 -883.33893	 -363.94891	  807.0423	  853.07922
 2878	 -882.57159	 -359.84259	  809.1925	  855.22852
 2858	 -885.50604	 -368.29608	  808.22186	  854.25824
 2879	 -885.45483	 -369.14624	  811.03186	  857.06696
 2859	 -887.57513	 -376.63623	  809.38831	  855.42419
 2876	 -885.99188	 -383.82196	  813.11017	  859.14429
 2862	 -889.16638	 -393.23669	  811.33807	  857.37305
 2862	 -889.16638	 -393.23669	  811.33807	  857.37305
 2850	 -879.79535	 -356.09283	  807.88269	  853.91925
 2850	 -879.79535	 -356.09283	  807.88269	  853.91925
 2850	 -879.79535	 -356.09283	  807.88269	  853.91925
 2880	 -879.71283	 -354.87427	  810.56934	  856.60468
 2878	 -882.57159	 -359.84259	  809.1925	  855.22852
 2881	 -882.33911	 -363.35779	  812.271	  858.30554
 2879	 -885.45483	 -369.14624	  811.03186	  857.06696
 2884	 -882.34222	 -377.43854	  814.32611	  860.35968
 2876	 -885.99188	 -383.82196	  813.11017	  859.14429
 2876	 -885.99188	 -383.82196	  813.11017	  859.14429
 2880	 -879.71283	 -354.87427	  810.56934	  856.60468
 2880	 -879.71283	 -354.87427	  810.56934	  856.60468
 2880	 -879.71283	 -354.87427	  810.56934	  856.60468
 2883	 -878.51733	 -357.33362	  813.32434	  859.3584
 2881	 -882.33911	 -363.35779	  812.271	  858.30554
 2890	 -878.94586	 -373.297	  815.14813	  861.18134
 2884	 -882.34222	 -377.43854	  814.32611	  860.35968
 2885	 -881.25262	 -391.04175	  815.74335	  861.77625
 2876	 -885.99188	 -383.82196	  813.11017	  859.14429
 2877	 -884.53998	 -396.57324	  814.92047	  860.9538
 2862	 -889.16638	 -393.23669	  811.33807	  857.37305
 2863	 -887.81	 -407.38556	  813.26727	  859.30133
 2865	 -889.2486	 -402.57263	  809.65698	  855.69269
 2864	 -888.25421	 -417.34998	  811.73224	  857.76703
 2866	 -887.57135	 -426.04865	  809.93323	  855.96881
 2889	 -887.48169	 -424.61987	  812.55981	  858.59424
 2891	 -886.8927	 -432.03094	  810.75513	  856.79034
 2870	 -886.28131	 -430.94818	  813.13611	  859.17029
 2935	 -885.4201	 -439.34375	  811.32471	  857.35968
 2892	 -883.05157	 -444.32422	  811.87842	  857.91315
 3004	 -880.58411	 -446.45038	  810.7605	  856.79578
 2960	 -879.14557	 -450.57544	  811.09039	  857.12549
 2959	 -876.76154	 -452.52625	  810.40625	  856.44165
 2961	 -877.09436	 -455.99231	  811.35156	  857.38654
 2958	 -874.26733	 -457.5083	  810.52789	  856.56323
 2946	 -874.23798	 -461.19849	  811.59491	  857.62976
 2945	 -872.07495	 -461.94415	  811.0097	  857.0448
 2947	 -872.6236	 -464.34833	  811.78375	  857.81848
 2944	 -870.96466	 -465.06335	  811.40875	  857.44366
 2963	 -871.31256	 -463.92267	  812.28827	  858.32275
 2964	 -870.25336	 -464.90002	  811.91193	  857.94659
 2964	 -870.25336	 -464.90002	  811.91193	  857.94659
 2888	 -886.92877	 -416.96527	  814.138	  860.17169
 2888	 -886.92877	 -416.96527	  814.138	  860.17169
 2888	 -886.92877	 -416.96527	  814.138	  860.17169
 2864	 -888.25421	 -417.34998	  811.73224	  857.76703
 2863	 -887.81	 -407.38556	  813.26727	  859.30133
 2863	 -887.81	 -407.38556	  813.26727	  859.30133
 2871	 -886.46552	 -424.04828	  814.72412	  860.75751
 2871	 -886.46552	 -424.04828	  814.72412	  860.75751
 2871	 -886.46552	 -424.04828	  814.72412	  860.75751
 2889	 -887.48169	 -424.61987	  812.55981	  858.59424
 2888	 -886.92877	 -416.96527	  814.138	  860.17169
 2864	 -888.25421	 -417.34998	  811.73224	  857.76703
 2864	 -888.25421	 -417.34998	  811.73224	  857.76703
 2809	 -877.24792	 -458.72913	  812.9751	  859.00928
 2809	 -877.24792	 -458.72913	  812.9751	  859.00928
 2946	 -874.23798	 -461.19849	  811.59491	  857.62976
 2824	 -879.7735	 -453.98663	  812.43921	  858.47369
 2961	 -877.09436	 -455.99231	  811.35156	  857.38654
 2825	 -881.78461	 -448.49115	  812.11523	  858.14984
 2960	 -879.14557	 -450.57544	  811.09039	  857.12549
 2892	 -883.05157	 -444.32422	  811.87842	  857.91315
 2892	 -883.05157	 -444.32422	  811.87842	  857.91315
 2824	 -879.7735	 -453.98663	  812.43921	  858.47369
 2824	 -879.7735	 -453.98663	  812.43921	  858.47369
 2824	 -879.7735	 -453.98663	  812.43921	  858.47369
 2806	 -879.35852	 -453.70026	  814.46411	  860.49756
 2809	 -877.24792	 -458.72913	  812.9751	  859.00928
 2809	 -877.24792	 -458.72913	  812.9751	  859.00928
 2807	 -880.71051	 -449.21442	  815.3562	  861.38928
 2807	 -880.71051	 -449.21442	  815.3562	  861.38928
 2807	 -880.71051	 -449.21442	  815.3562	  861.38928
 2806	 -879.35852	 -453.70026	  814.46411	  860.49756
 2822	 -881.7146	 -448.08624	  814.06525	  860.09894
 2824	 -879.7735	 -453.98663	  812.43921	  858.47369
 2823	 -883.06055	 -441.52875	  813.93909	  859.97284
 2825	 -881.78461	 -448.49115	  812.11523	  858.14984
 2869	 -884.36377	 -435.32263	  813.86133	  859.89514
 2892	 -883.05157	 -444.32422	  811.87842	  857.91315
 2870	 -886.28131	 -430.94818	  813.13611	  859.17029
 2870	 -886.28131	 -430.94818	  813.13611	  859.17029
 2889	 -887.48169	 -424.61987	  812.55981	  858.59424
 2889	 -887.48169	 -424.61987	  812.55981	  858.59424
 2870	 -886.28131	 -430.94818	  813.13611	  859.17029
 2871	 -886.46552	 -424.04828	  814.72412	  860.75751
 2869	 -884.36377	 -435.32263	  813.86133	  859.89514
 2868	 -884.29694	 -428.66919	  815.22388	  861.25702
 2821	 -883.2782	 -436.20038	  815.19391	  861.22711
 2821	 -883.2782	 -436.20038	  815.19391	  861.22711
 2807	 -880.71051	 -449.21442	  815.3562	  861.38928
 2807	 -880.71051	 -449.21442	  815.3562	  861.38928
 2807	 -880.71051	 -449.21442	  815.3562	  861.38928
 2822	 -881.7146	 -448.08624	  814.06525	  860.09894
 2820	 -882.49554	 -442.33008	  815.37854	  861.41162
 2823	 -883.06055	 -441.52875	  813.93909	  859.97284
 2821	 -883.2782	 -436.20038	  815.19391	  861.22711
 2869	 -884.36377	 -435.32263	  813.86133	  859.89514
 2869	 -884.36377	 -435.32263	  813.86133	  859.89514
 2947	 -872.6236	 -464.34833	  811.78375	  857.81848
 2947	 -872.6236	 -464.34833	  811.78375	  857.81848
 2946	 -874.23798	 -461.19849	  811.59491	  857.62976
 2808	 -876.48932	 -461.29932	  813.30518	  859.33923
 2809	 -877.24792	 -458.72913	  812.9751	  859.00928
 2805	 -878.28247	 -457.36285	  814.74915	  860.78253
 2806	 -879.35852	 -453.70026	  814.46411	  860.49756
 2804	 -879.57275	 -453.39752	  815.56885	  861.60187
 2807	 -880.71051	 -449.21442	  815.3562	  861.38928
 2813	 -881.24561	 -443.80017	  816.40759	  862.44019
 2820	 -882.49554	 -442.33008	  815.37854	  861.41162
 2818	 -882.84253	 -436.5683	  816.56427	  862.5968
 2821	 -883.2782	 -436.20038	  815.19391	  861.22711
 2819	 -883.08057	 -430.33972	  816.4668	  862.49939
 2868	 -884.29694	 -428.66919	  815.22388	  861.25702
 2872	 -882.77881	 -420.81329	  816.83856	  862.87097
 2871	 -886.46552	 -424.04828	  814.72412	  860.75751
 2873	 -883.49066	 -413.57361	  816.51416	  862.54675
 2888	 -886.92877	 -416.96527	  814.138	  860.17169
 2886	 -883.61908	 -407.04895	  815.87646	  861.9093
 2863	 -887.81	 -407.38556	  813.26727	  859.30133
 2877	 -884.53998	 -396.57324	  814.92047	  860.9538
 2877	 -884.53998	 -396.57324	  814.92047	  860.9538
 2963	 -871.31256	 -463.92267	  812.28827	  858.32275
 2963	 -871.31256	 -463.92267	  812.28827	  858.32275
 2963	 -871.31256	 -463.92267	  812.28827	  858.32275
 2947	 -872.6236	 -464.34833	  811.78375	  857.81848
 2828	 -875.52222	 -461.46289	  813.58673	  859.62067
 2808	 -876.48932	 -461.29932	  813.30518	  859.33923
 2805	 -878.28247	 -457.36285	  814.74915	  860.78253
 2805	 -878.28247	 -457.36285	  814.74915	  860.78253
 2885	 -881.25262	 -391.04175	  815.74335	  861.77625
 2885	 -881.25262	 -391.04175	  815.74335	  861.77625
 2877	 -884.53998	 -396.57324	  814.92047	  860.9538
 2887	 -879.97784	 -400.22461	  816.7821	  862.81451
 2886	 -883.61908	 -407.04895	  815.87646	  861.9093
 2875	 -879.56506	 -406.88989	  817.34253	  863.37476
 2873	 -883.49066	 -413.57361	  816.51416	  862.54675
 2874	 -879.19897	 -415.9032	  817.77039	  863.80237
 2872	 -882.77881	 -420.81329	  816.83856	  862.87097
 2816	 -879.46045	 -424.70544	  817.54071	  863.57275
 2819	 -883.08057	 -430.33972	  816.4668	  862.49939
 2815	 -880.06281	 -432.89294	  817.22565	  863.25787
 2818	 -882.84253	 -436.5683	  816.56427	  862.5968
 2810	 -879.00073	 -438.47119	  817.05109	  863.08337
 2813	 -881.24561	 -443.80017	  816.40759	  862.44019
 2812	 -878.30231	 -449.61023	  816.63928	  862.67175
 2804	 -879.57275	 -453.39752	  815.56885	  861.60187
 2829	 -878.11938	 -453.65424	  815.8042	  861.83704
 2805	 -878.28247	 -457.36285	  814.74915	  860.78253
 2827	 -876.72943	 -457.0636	  815.1499	  861.18311
 2828	 -875.52222	 -461.46289	  813.58673	  859.62067
 2828	 -875.52222	 -461.46289	  813.58673	  859.62067
 2874	 -879.19897	 -415.9032	  817.77039	  863.80237
 2874	 -879.19897	 -415.9032	  817.77039	  863.80237
 2874	 -879.19897	 -415.9032	  817.77039	  863.80237
 2817	 -876.86255	 -424.7124	  818.05505	  864.08685
 2816	 -879.46045	 -424.70544	  817.54071	  863.57275
 2814	 -876.88965	 -431.18091	  817.99707	  864.02893
 2815	 -880.06281	 -432.89294	  817.22565	  863.25787
 2826	 -877.30664	 -436.36987	  817.5675	  863.59961
 2810	 -879.00073	 -438.47119	  817.05109	  863.08337
 2811	 -877.56433	 -441.5152	  817.30212	  863.33423
 2812	 -878.30231	 -449.61023	  816.63928	  862.67175
 2812	 -878.30231	 -449.61023	  816.63928	  862.67175
 2883	 -878.51733	 -357.33362	  813.32434	  859.3584
 2883	 -878.51733	 -357.33362	  813.32434	  859.3584
 2883	 -878.51733	 -357.33362	  813.32434	  859.3584
 2899	 -873.66827	 -369.61285	  815.7804	  861.81335
 2890	 -878.94586	 -373.297	  815.14813	  861.18134
 2800	 -876.30811	 -383.7063	  816.57813	  862.6106
 2885	 -881.25262	 -391.04175	  815.74335	  861.77625
 2799	 -875.88104	 -394.76276	  817.32312	  863.35535
 2887	 -879.97784	 -400.22461	  816.7821	  862.81451
 2803	 -876.34668	 -403.7085	  817.54639	  863.57843
 2875	 -879.56506	 -406.88989	  817.34253	  863.37476
 2798	 -874.90106	 -410.30939	  817.92871	  863.96063
 2874	 -879.19897	 -415.9032	  817.77039	  863.80237
 2893	 -874.82416	 -416.60321	  818.27844	  864.31018
 2817	 -876.86255	 -424.7124	  818.05505	  864.08685
 2817	 -876.86255	 -424.7124	  818.05505	  864.08685
 2899	 -873.66827	 -369.61285	  815.7804	  861.81335
 2899	 -873.66827	 -369.61285	  815.7804	  861.81335
 2899	 -873.66827	 -369.61285	  815.7804	  861.81335
 2900	 -870.2619	 -378.21606	  817.15686	  863.18909
 2800	 -876.30811	 -383.7063	  816.57813	  862.6106
 2801	 -868.64093	 -383.90802	  817.21826	  863.25049
 2799	 -875.88104	 -394.76276	  817.32312	  863.35535
 2802	 -870.50476	 -395.5697	  817.93304	  863.96497
 2803	 -876.34668	 -403.7085	  817.54639	  863.57843
 2796	 -870.8418	 -402.44037	  818.26447	  864.29626
 2798	 -874.90106	 -410.30939	  817.92871	  863.96063
 2797	 -871.57764	 -410.11377	  818.37598	  864.40765
 2893	 -874.82416	 -416.60321	  818.27844	  864.31018
 2893	 -874.82416	 -416.60321	  818.27844	  864.31018
 3066	 -837.55701	 -349.6618	  810.4953	  856.53064
 3066	 -837.55701	 -349.6618	  810.4953	  856.53064
 3066	 -837.55701	 -349.6618	  810.4953	  856.53064
 3063	 -841.55286	 -351.10596	  807.71912	  853.75574
 3057	 -835.71912	 -359.4884	  807.74463	  853.78119
 3058	 -841.05725	 -365.16064	  806.16968	  852.20703
 3055	 -838.57269	 -373.78851	  806.6571	  852.69421
 3055	 -838.57269	 -373.78851	  806.6571	  852.69421
 3056	 -833.32129	 -369.9209	  808.07202	  854.10852
 3056	 -833.32129	 -369.9209	  808.07202	  854.10852
 3056	 -833.32129	 -369.9209	  808.07202	  854.10852
 3057	 -835.71912	 -359.4884	  807.74463	  853.78119
 3055	 -838.57269	 -373.78851	  806.6571	  852.69421
 3055	 -838.57269	 -373.78851	  806.6571	  852.69421
 3058	 -841.05725	 -365.16064	  806.16968	  852.20703
 3058	 -841.05725	 -365.16064	  806.16968	  852.20703
 3058	 -841.05725	 -365.16064	  806.16968	  852.20703
 3063	 -841.55286	 -351.10596	  807.71912	  853.75574
 3064	 -845.76855	 -355.96887	  806.33899	  852.37628
 3064	 -845.76855	 -355.96887	  806.33899	  852.37628
 3056	 -833.32129	 -369.9209	  808.07202	  854.10852
 3056	 -833.32129	 -369.9209	  808.07202	  854.10852
 3056	 -833.32129	 -369.9209	  808.07202	  854.10852
 3059	 -831.06177	 -364.54602	  810.60651	  856.64185
 3057	 -835.71912	 -359.4884	  807.74463	  853.78119
 3062	 -833.04645	 -355.36206	  810.64227	  856.67761
 3066	 -837.55701	 -349.6618	  810.4953	  856.53064
 3065	 -837.61206	 -353.39447	  812.46063	  858.49506
 3065	 -837.61206	 -353.39447	  812.46063	  858.49506
 3059	 -831.06177	 -364.54602	  810.60651	  856.64185
 3059	 -831.06177	 -364.54602	  810.60651	  856.64185
 3060	 -832.75879	 -361.82489	  812.64661	  858.68103
 3062	 -833.04645	 -355.36206	  810.64227	  856.67761
 3061	 -834.40668	 -356.95569	  812.80347	  858.83777
 3065	 -837.61206	 -353.39447	  812.46063	  858.49506
 3065	 -837.61206	 -353.39447	  812.46063	  858.49506
 2310	 -882.40979	 -401.22894	  804.07703	  850.11536
 2310	 -882.40979	 -401.22894	  804.07703	  850.11536
 2310	 -882.40979	 -401.22894	  804.07703	  850.11536
 2311	 -877.94763	 -403.6637	  801.78925	  847.82861
 2312	 -879.40656	 -394.43427	  801.45776	  847.49731
 2314	 -873.1391	 -401.85461	  799.8573	  845.89758
 2315	 -872.48938	 -394.7937	  799.64343	  845.68384
 2315	 -872.48938	 -394.7937	  799.64343	  845.68384
 2310	 -882.40979	 -401.22894	  804.07703	  850.11536
 2310	 -882.40979	 -401.22894	  804.07703	  850.11536
 2310	 -882.40979	 -401.22894	  804.07703	  850.11536
 2312	 -879.40656	 -394.43427	  801.45776	  847.49731
 2313	 -884.10181	 -392.9704	  803.93719	  849.97559
 2317	 -882.30341	 -385.51959	  804.17572	  850.21399
 2317	 -882.30341	 -385.51959	  804.17572	  850.21399
 2315	 -872.48938	 -394.7937	  799.64343	  845.68384
 2315	 -872.48938	 -394.7937	  799.64343	  845.68384
 2318	 -871.82019	 -388.37195	  800.12042	  846.16058
 2312	 -879.40656	 -394.43427	  801.45776	  847.49731
 2316	 -876.59833	 -382.94592	  801.8772	  847.9165
 2317	 -882.30341	 -385.51959	  804.17572	  850.21399
 2317	 -882.30341	 -385.51959	  804.17572	  850.21399
 2655	 -887.57233	 -379.85297	  809.19604	  855.23206
 2655	 -887.57233	 -379.85297	  809.19604	  855.23206
 2655	 -887.57233	 -379.85297	  809.19604	  855.23206
 2652	 -886.54688	 -377.24384	  807.69714	  853.73376
 2654	 -885.81183	 -363.20526	  810.30457	  856.34003
 2653	 -882.41785	 -361.21814	  808.55933	  854.59558
 2656	 -880.17822	 -351.34772	  810.29047	  856.32593
 2656	 -880.17822	 -351.34772	  810.29047	  856.32593
 2654	 -885.81183	 -363.20526	  810.30457	  856.34003
 2654	 -885.81183	 -363.20526	  810.30457	  856.34003
 2654	 -885.81183	 -363.20526	  810.30457	  856.34003
 2656	 -880.17822	 -351.34772	  810.29047	  856.32593
 2657	 -881.23755	 -351.83844	  811.34747	  857.38245
 2657	 -881.23755	 -351.83844	  811.34747	  857.38245
 2657	 -881.23755	 -351.83844	  811.34747	  857.38245
 2657	 -881.23755	 -351.83844	  811.34747	  857.38245
 2657	 -881.23755	 -351.83844	  811.34747	  857.38245
 2660	 -881.7041	 -357.01563	  812.38855	  858.42303
 2654	 -885.81183	 -363.20526	  810.30457	  856.34003
 2658	 -885.36981	 -370.23889	  812.16534	  858.19995
 2655	 -887.57233	 -379.85297	  809.19604	  855.23206
 2659	 -887.02606	 -382.97192	  810.89941	  856.93457
 2659	 -887.02606	 -382.97192	  810.89941	  856.93457
 2535	 -881.18719	 -359.92078	  808.04834	  854.08484
 2535	 -881.18719	 -359.92078	  808.04834	  854.08484
 2536	 -877.21588	 -350.37567	  809.35608	  855.39197
 2537	 -880.2215	 -352.63678	  810.89526	  856.93042
 2540	 -873.61188	 -344.138	  812.00604	  858.04065
 2543	 -874.79352	 -349.10199	  812.94922	  858.9834
 2543	 -874.79352	 -349.10199	  812.94922	  858.9834
 2539	 -873.08411	 -342.02991	  811.24084	  857.27588
 2539	 -873.08411	 -342.02991	  811.24084	  857.27588
 2539	 -873.08411	 -342.02991	  811.24084	  857.27588
 2540	 -873.61188	 -344.138	  812.00604	  858.04065
 2536	 -877.21588	 -350.37567	  809.35608	  855.39197
 2536	 -877.21588	 -350.37567	  809.35608	  855.39197
 2543	 -874.79352	 -349.10199	  812.94922	  858.9834
 2543	 -874.79352	 -349.10199	  812.94922	  858.9834
 2543	 -874.79352	 -349.10199	  812.94922	  858.9834
 2541	 -879.83826	 -359.86676	  812.16187	  858.19641
 2537	 -880.2215	 -352.63678	  810.89526	  856.93042
 2538	 -883.67407	 -363.27808	  809.52075	  855.55652
 2535	 -881.18719	 -359.92078	  808.04834	  854.08484
 2535	 -881.18719	 -359.92078	  808.04834	  854.08484
 2538	 -883.67407	 -363.27808	  809.52075	  855.55652
 2538	 -883.67407	 -363.27808	  809.52075	  855.55652
 2538	 -883.67407	 -363.27808	  809.52075	  855.55652
 2541	 -879.83826	 -359.86676	  812.16187	  858.19641
 2542	 -883.76184	 -369.81543	  811.15643	  857.19147
 2542	 -883.76184	 -369.81543	  811.15643	  857.19147
 2768	 -848.22754	 -339.46271	  808.91187	  854.948
 2768	 -848.22754	 -339.46271	  808.91187	  854.948
 2768	 -848.22754	 -339.46271	  808.91187	  854.948
 2766	 -856.17151	 -342.60205	  808.85449	  854.89063
 2762	 -855.04596	 -343.5484	  806.58258	  852.61975
 2767	 -861.97504	 -348.72266	  808.37024	  854.40662
 2763	 -861.52747	 -351.55145	  806.62537	  852.66248
 2763	 -861.52747	 -351.55145	  806.62537	  852.66248
 2761	 -852.63043	 -352.16907	  805.13202	  851.16986
 2761	 -852.63043	 -352.16907	  805.13202	  851.16986
 2761	 -852.63043	 -352.16907	  805.13202	  851.16986
 2762	 -855.04596	 -343.5484	  806.58258	  852.61975
 2760	 -859.39142	 -356.59186	  805.07776	  851.1156
 2763	 -861.52747	 -351.55145	  806.62537	  852.66248
 2763	 -861.52747	 -351.55145	  806.62537	  852.66248
 2761	 -852.63043	 -352.16907	  805.13202	  851.16986
 2761	 -852.63043	 -352.16907	  805.13202	  851.16986
 2764	 -845.78845	 -346.56921	  806.42413	  852.46143
 2762	 -855.04596	 -343.5484	  806.58258	  852.61975
 2765	 -846.69202	 -341.30499	  807.45068	  853.48743
 2768	 -848.22754	 -339.46271	  808.91187	  854.948
 2768	 -848.22754	 -339.46271	  808.91187	  854.948
 2775	 -839.34381	 -345.84875	  814.07385	  860.10754
 2775	 -839.34381	 -345.84875	  814.07385	  860.10754
 2774	 -836.52716	 -347.24756	  814.08575	  860.11945
 2776	 -838.7088	 -344.08289	  811.98737	  858.02203
 2773	 -834.44922	 -348.55359	  812.25854	  858.29303
 2771	 -839.29095	 -352.85919	  809.18262	  855.21857
 2770	 -835.99622	 -360.09387	  809.93341	  855.96899
 2772	 -840.29901	 -363.64294	  807.48621	  853.52295
 2769	 -838.14294	 -370.6297	  808.47009	  854.50635
 2769	 -838.14294	 -370.6297	  808.47009	  854.50635
 2775	 -839.34381	 -345.84875	  814.07385	  860.10754
 2775	 -839.34381	 -345.84875	  814.07385	  860.10754
 2775	 -839.34381	 -345.84875	  814.07385	  860.10754
 2779	 -842.75311	 -347.54529	  813.5116	  859.54559
 2776	 -838.7088	 -344.08289	  811.98737	  858.02203
 2780	 -843.159	 -344.95764	  811.5014	  857.53625
 2771	 -839.29095	 -352.85919	  809.18262	  855.21857
 2777	 -844.4939	 -351.64478	  808.62177	  854.65796
 2772	 -840.29901	 -363.64294	  807.48621	  853.52295
 2778	 -845.54901	 -361.20813	  807.19098	  853.22784
 2778	 -845.54901	 -361.20813	  807.19098	  853.22784
 2784	 -845.47333	 -353.12189	  807.42236	  853.45911
 2784	 -845.47333	 -353.12189	  807.42236	  853.45911
 2781	 -840.25214	 -357.13739	  808.3396	  854.37598
 2783	 -844.81396	 -345.57141	  809.96436	  855.99994
 2782	 -840.96881	 -353.46832	  810.90924	  856.9444
 2788	 -845.04657	 -344.15662	  812.33319	  858.36768
 2785	 -838.33563	 -350.18164	  812.87042	  858.90466
 2787	 -847.09277	 -347.82898	  814.64508	  860.67847
 2786	 -839.13232	 -350.62256	  815.16302	  861.19617
 2793	 -843.35083	 -360.55963	  816.52197	  862.55457
 2793	 -843.35083	 -360.55963	  816.52197	  862.55457
 2790	 -852.73517	 -351.43665	  806.94769	  852.98468
 2790	 -852.73517	 -351.43665	  806.94769	  852.98468
 2790	 -852.73517	 -351.43665	  806.94769	  852.98468
 2784	 -845.47333	 -353.12189	  807.42236	  853.45911
 2789	 -852.25598	 -345.17371	  809.69324	  855.72894
 2783	 -844.81396	 -345.57141	  809.96436	  855.99994
 2792	 -852.3045	 -345.95129	  811.83795	  857.87268
 2788	 -845.04657	 -344.15662	  812.33319	  858.36768
 2787	 -847.09277	 -347.82898	  814.64508	  860.67847
 2787	 -847.09277	 -347.82898	  814.64508	  860.67847
 2792	 -852.3045	 -345.95129	  811.83795	  857.87268
 2792	 -852.3045	 -345.95129	  811.83795	  857.87268
 2792	 -852.3045	 -345.95129	  811.83795	  857.87268
 2787	 -847.09277	 -347.82898	  814.64508	  860.67847
 2791	 -852.31622	 -351.03796	  814.28699	  860.32056
 2795	 -851.80774	 -357.61957	  815.66608	  861.69897
 2795	 -851.80774	 -357.61957	  815.66608	  861.69897
 2795	 -851.80774	 -357.61957	  815.66608	  861.69897
 2795	 -851.80774	 -357.61957	  815.66608	  861.69897
 2787	 -847.09277	 -347.82898	  814.64508	  860.67847
 2794	 -848.66882	 -359.83215	  816.36133	  862.39398
 2793	 -843.35083	 -360.55963	  816.52197	  862.55457
 2793	 -843.35083	 -360.55963	  816.52197	  862.55457
 2419	 -857.40564	 -397.10168	  800.52734	  846.56738
 2419	 -857.40564	 -397.10168	  800.52734	  846.56738
 2424	 -858.24933	 -406.4834	  800.89209	  846.93188
 2420	 -849.50043	 -401.55658	  801.63416	  847.67365
 2425	 -850.90283	 -410.84723	  802.4408	  848.47992
 2422	 -842.2561	 -405.16058	  803.75085	  849.78931
 2426	 -843.60974	 -410.55304	  804.07721	  850.11554
 2426	 -843.60974	 -410.55304	  804.07721	  850.11554
 2419	 -857.40564	 -397.10168	  800.52734	  846.56738
 2419	 -857.40564	 -397.10168	  800.52734	  846.56738
 2420	 -849.50043	 -401.55658	  801.63416	  847.67365
 2418	 -856.49084	 -391.36206	  800.67871	  846.71857
 2421	 -849.72363	 -392.64471	  802.2757	  848.31488
 2421	 -849.72363	 -392.64471	  802.2757	  848.31488
 2421	 -849.72363	 -392.64471	  802.2757	  848.31488
 2421	 -849.72363	 -392.64471	  802.2757	  848.31488
 2420	 -849.50043	 -401.55658	  801.63416	  847.67365
 2423	 -842.98389	 -399.19128	  803.81628	  849.85474
 2422	 -842.2561	 -405.16058	  803.75085	  849.78931
 2422	 -842.2561	 -405.16058	  803.75085	  849.78931
 2427	 -857.35211	 -385.34155	  800.75403	  846.79395
 2427	 -857.35211	 -385.34155	  800.75403	  846.79395
 2428	 -858.55988	 -393.19543	  800.5672	  846.60718
 2430	 -850.70752	 -387.2193	  801.59985	  847.63934
 2429	 -849.9873	 -395.16443	  801.52441	  847.56396
 2432	 -843.03027	 -392.70514	  803.18024	  849.21899
 2431	 -842.71808	 -399.25305	  803.18066	  849.21942
 2431	 -842.71808	 -399.25305	  803.18066	  849.21942
 2428	 -858.55988	 -393.19543	  800.5672	  846.60718
 2428	 -858.55988	 -393.19543	  800.5672	  846.60718
 2433	 -859.02325	 -400.47668	  801.19489	  847.23456
 2429	 -849.9873	 -395.16443	  801.52441	  847.56396
 2434	 -851.26147	 -404.48749	  802.46606	  848.50513
 2431	 -842.71808	 -399.25305	  803.18066	  849.21942
 2435	 -843.19537	 -403.38306	  803.76685	  849.8053
 2435	 -843.19537	 -403.38306	  803.76685	  849.8053
 2442	 -866.11847	 -405.71344	  801.17126	  847.21094
 2442	 -866.11847	 -405.71344	  801.17126	  847.21094
 2443	 -858.70697	 -405.49591	  801.07495	  847.11469
 2437	 -866.07227	 -396.66583	  800.63513	  846.67505
 2438	 -858.21808	 -395.38934	  800.06396	  846.10413
 2436	 -864.95471	 -386.716	  800.90289	  846.94269
 2439	 -857.68341	 -387.23694	  800.58405	  846.62402
 2439	 -857.68341	 -387.23694	  800.58405	  846.62402
 2439	 -857.68341	 -387.23694	  800.58405	  846.62402
 2439	 -857.68341	 -387.23694	  800.58405	  846.62402
 2438	 -858.21808	 -395.38934	  800.06396	  846.10413
 2441	 -850.53149	 -391.64008	  800.85175	  846.8916
 2441	 -850.53149	 -391.64008	  800.85175	  846.8916
 2443	 -858.70697	 -405.49591	  801.07495	  847.11469
 2443	 -858.70697	 -405.49591	  801.07495	  847.11469
 2443	 -858.70697	 -405.49591	  801.07495	  847.11469
 2444	 -850.37384	 -403.54712	  801.34497	  847.38458
 2438	 -858.21808	 -395.38934	  800.06396	  846.10413
 2440	 -849.44836	 -397.05609	  801.01703	  847.05676
 2441	 -850.53149	 -391.64008	  800.85175	  846.8916
 2441	 -850.53149	 -391.64008	  800.85175	  846.8916
 2451	 -868.16614	 -417.73132	  801.51654	  847.55603
 2451	 -868.16614	 -417.73132	  801.51654	  847.55603
 2451	 -868.16614	 -417.73132	  801.51654	  847.55603
 2452	 -860.93695	 -417.98834	  801.79877	  847.83813
 2446	 -868.22186	 -411.28986	  800.24475	  846.28485
 2447	 -860.21686	 -411.21228	  800.35413	  846.39417
 2445	 -867.0556	 -401.7514	  799.71429	  845.75464
 2448	 -859.65393	 -399.71844	  799.927	  845.96722
 2448	 -859.65393	 -399.71844	  799.927	  845.96722
 2448	 -859.65393	 -399.71844	  799.927	  845.96722
 2448	 -859.65393	 -399.71844	  799.927	  845.96722
 2447	 -860.21686	 -411.21228	  800.35413	  846.39417
 2450	 -851.9939	 -402.84558	  800.80725	  846.84711
 2450	 -851.9939	 -402.84558	  800.80725	  846.84711
 2452	 -860.93695	 -417.98834	  801.79877	  847.83813
 2452	 -860.93695	 -417.98834	  801.79877	  847.83813
 2452	 -860.93695	 -417.98834	  801.79877	  847.83813
 2453	 -852.81073	 -415.51471	  802.17334	  848.21252
 2447	 -860.21686	 -411.21228	  800.35413	  846.39417
 2449	 -851.31049	 -410.14172	  801.38593	  847.42554
 2450	 -851.9939	 -402.84558	  800.80725	  846.84711
 2450	 -851.9939	 -402.84558	  800.80725	  846.84711
 2460	 -872.28925	 -414.1568	  801.07153	  847.11121
 2460	 -872.28925	 -414.1568	  801.07153	  847.11121
 2460	 -872.28925	 -414.1568	  801.07153	  847.11121
 2461	 -865.4826	 -413.08594	  800.48096	  846.52094
 2455	 -873.19464	 -404.62073	  800.2392	  846.2793
 2456	 -866.25012	 -404.43365	  799.35559	  845.39612
 2454	 -872.52319	 -393.9505	  800.36877	  846.40881
 2457	 -865.57037	 -393.38208	  799.70007	  845.74048
 2457	 -865.57037	 -393.38208	  799.70007	  845.74048
 2461	 -865.4826	 -413.08594	  800.48096	  846.52094
 2461	 -865.4826	 -413.08594	  800.48096	  846.52094
 2462	 -858.25897	 -408.40741	  799.97668	  846.01691
 2456	 -866.25012	 -404.43365	  799.35559	  845.39612
 2458	 -857.79376	 -401.84418	  799.41077	  845.45129
 2457	 -865.57037	 -393.38208	  799.70007	  845.74048
 2459	 -858.29199	 -394.78296	  799.46448	  845.50494
 2459	 -858.29199	 -394.78296	  799.46448	  845.50494
 2469	 -870.17694	 -402.71021	  800.84546	  846.88525
 2469	 -870.17694	 -402.71021	  800.84546	  846.88525
 2470	 -862.948	 -401.31934	  800.2619	  846.302
 2464	 -870.55548	 -391.59058	  800.646	  846.68591
 2465	 -863.26453	 -391.82397	  799.34766	  845.38818
 2463	 -870.05475	 -381.99475	  800.94025	  846.97998
 2466	 -862.73749	 -380.09576	  800.1955	  846.2356
 2466	 -862.73749	 -380.09576	  800.1955	  846.2356
 2466	 -862.73749	 -380.09576	  800.1955	  846.2356
 2466	 -862.73749	 -380.09576	  800.1955	  846.2356
 2465	 -863.26453	 -391.82397	  799.34766	  845.38818
 2468	 -855.57996	 -384.28162	  799.69269	  845.73309
 2468	 -855.57996	 -384.28162	  799.69269	  845.73309
 2470	 -862.948	 -401.31934	  800.2619	  846.302
 2470	 -862.948	 -401.31934	  800.2619	  846.302
 2470	 -862.948	 -401.31934	  800.2619	  846.302
 2471	 -855.17261	 -396.15173	  799.97266	  846.01294
 2465	 -863.26453	 -391.82397	  799.34766	  845.38818
 2467	 -854.74036	 -390.78778	  799.47412	  845.51453
 2468	 -855.57996	 -384.28162	  799.69269	  845.73309
 2468	 -855.57996	 -384.28162	  799.69269	  845.73309
 2475	 -869.27942	 -377.95074	  800.34955	  846.38965
 2475	 -869.27942	 -377.95074	  800.34955	  846.38965
 2475	 -869.27942	 -377.95074	  800.34955	  846.38965
 2472	 -876.18683	 -382.26245	  801.26605	  847.30566
 2474	 -869.06836	 -389.66632	  799.43439	  845.47485
 2473	 -875.72571	 -392.79095	  800.87964	  846.91943
 2478	 -874.14764	 -402.51971	  800.91132	  846.95111
 2478	 -874.14764	 -402.51971	  800.91132	  846.95111
 2474	 -869.06836	 -389.66632	  799.43439	  845.47485
 2474	 -869.06836	 -389.66632	  799.43439	  845.47485
 2474	 -869.06836	 -389.66632	  799.43439	  845.47485
 2478	 -874.14764	 -402.51971	  800.91132	  846.95111
 2479	 -868.05298	 -401.13159	  799.93274	  845.97296
 2479	 -868.05298	 -401.13159	  799.93274	  845.97296
 2475	 -869.27942	 -377.95074	  800.34955	  846.38965
 2475	 -869.27942	 -377.95074	  800.34955	  846.38965
 2475	 -869.27942	 -377.95074	  800.34955	  846.38965
 2474	 -869.06836	 -389.66632	  799.43439	  845.47485
 2477	 -861.85498	 -379.51599	  799.349	  845.38953
 2477	 -861.85498	 -379.51599	  799.349	  845.38953
 2479	 -868.05298	 -401.13159	  799.93274	  845.97296
 2479	 -868.05298	 -401.13159	  799.93274	  845.97296
 2479	 -868.05298	 -401.13159	  799.93274	  845.97296
 2480	 -861.10999	 -394.65833	  799.34741	  845.38794
 2474	 -869.06836	 -389.66632	  799.43439	  845.47485
 2476	 -861.05829	 -386.87213	  798.89429	  844.935
 2477	 -861.85498	 -379.51599	  799.349	  845.38953
 2477	 -861.85498	 -379.51599	  799.349	  845.38953
 2661	 -885.29681	 -383.41467	  806.9118	  852.94885
 2661	 -885.29681	 -383.41467	  806.9118	  852.94885
 2661	 -885.29681	 -383.41467	  806.9118	  852.94885
 2662	 -883.31079	 -368.19769	  806.60583	  852.64294
 2664	 -886.81567	 -383.62793	  808.51501	  854.55127
 2663	 -886.08716	 -364.8363	  808.29187	  854.32825
 2668	 -886.67041	 -382.3797	  810.14038	  856.17584
 2667	 -885.10498	 -366.14404	  810.46161	  856.49695
 2667	 -885.10498	 -366.14404	  810.46161	  856.49695
 2663	 -886.08716	 -364.8363	  808.29187	  854.32825
 2663	 -886.08716	 -364.8363	  808.29187	  854.32825
 2669	 -882.26721	 -351.92456	  809.88379	  855.91943
 2667	 -885.10498	 -366.14404	  810.46161	  856.49695
 2667	 -885.10498	 -366.14404	  810.46161	  856.49695
 2662	 -883.31079	 -368.19769	  806.60583	  852.64294
 2662	 -883.31079	 -368.19769	  806.60583	  852.64294
 2662	 -883.31079	 -368.19769	  806.60583	  852.64294
 2665	 -880.07556	 -351.63098	  807.28851	  853.32538
 2663	 -886.08716	 -364.8363	  808.29187	  854.32825
 2666	 -881.61206	 -349.55084	  808.49817	  854.53442
 2669	 -882.26721	 -351.92456	  809.88379	  855.91943
 2669	 -882.26721	 -351.92456	  809.88379	  855.91943
 2332	 -882.05127	 -393.11011	  802.034	  848.0733
 2332	 -882.05127	 -393.11011	  802.034	  848.0733
 2332	 -882.05127	 -393.11011	  802.034	  848.0733
 2333	 -882.3634	 -386.94476	  802.18848	  848.22766
 2329	 -883.22192	 -397.87762	  803.60034	  849.63892
 2330	 -886.06671	 -388.74762	  803.81671	  849.85516
 2328	 -885.81757	 -398.98279	  805.28241	  851.32019
 2331	 -886.45685	 -391.95361	  805.79633	  851.83386
 2331	 -886.45685	 -391.95361	  805.79633	  851.83386
 2333	 -882.3634	 -386.94476	  802.18848	  848.22766
 2333	 -882.3634	 -386.94476	  802.18848	  848.22766
 2336	 -882.22424	 -381.61572	  802.86108	  848.90002
 2330	 -886.06671	 -388.74762	  803.81671	  849.85516
 2334	 -884.90613	 -381.23761	  804.5625	  850.60065
 2331	 -886.45685	 -391.95361	  805.79633	  851.83386
 2335	 -885.94086	 -383.38702	  806.5127	  852.54993
 2335	 -885.94086	 -383.38702	  806.5127	  852.54993
 2340	 -887.17975	 -383.55377	  807.77954	  853.8161
 2340	 -887.17975	 -383.55377	  807.77954	  853.8161
 2337	 -887.48004	 -392.00952	  806.85175	  852.88879
 2339	 -887.86554	 -380.19135	  805.24304	  851.28076
 2338	 -886.13434	 -390.83478	  804.70093	  850.73901
 2341	 -884.33691	 -385.50262	  802.96143	  849.00031
 2341	 -884.33691	 -385.50262	  802.96143	  849.00031
 2344	 -886.59875	 -376.63586	  808.11945	  854.15588
 2344	 -886.59875	 -376.63586	  808.11945	  854.15588
 2344	 -886.59875	 -376.63586	  808.11945	  854.15588
 2340	 -887.17975	 -383.55377	  807.77954	  853.8161
 2343	 -885.00153	 -372.26508	  806.3374	  852.37469
 2339	 -887.86554	 -380.19135	  805.24304	  851.28076
 2342	 -884.06403	 -377.66425	  803.18231	  849.22107
 2341	 -884.33691	 -385.50262	  802.96143	  849.00031
 2341	 -884.33691	 -385.50262	  802.96143	  849.00031
 2343	 -885.00153	 -372.26508	  806.3374	  852.37469
 2343	 -885.00153	 -372.26508	  806.3374	  852.37469
 2342	 -884.06403	 -377.66425	  803.18231	  849.22107
 2345	 -882.30988	 -369.03021	  803.59644	  849.63501
 2345	 -882.30988	 -369.03021	  803.59644	  849.63501
 2350	 -841.50256	 -379.68134	  802.55884	  848.59784
 2350	 -841.50256	 -379.68134	  802.55884	  848.59784
 2350	 -841.50256	 -379.68134	  802.55884	  848.59784
 2351	 -839.8891	 -373.82306	  802.97034	  849.00916
 2347	 -849.12335	 -372.73102	  802.17944	  848.21863
 2348	 -847.50616	 -363.01874	  802.93573	  848.97461
 2346	 -854.22345	 -368.3316	  803.05908	  849.0979
 2349	 -852.96655	 -359.9007	  803.88818	  849.92657
 2349	 -852.96655	 -359.9007	  803.88818	  849.92657
 2351	 -839.8891	 -373.82306	  802.97034	  849.00916
 2351	 -839.8891	 -373.82306	  802.97034	  849.00916
 2354	 -839.65765	 -368.97815	  804.00488	  850.04321
 2348	 -847.50616	 -363.01874	  802.93573	  848.97461
 2352	 -845.58508	 -358.42328	  804.69226	  850.73035
 2349	 -852.96655	 -359.9007	  803.88818	  849.92657
 2353	 -851.70752	 -354.87683	  805.05402	  851.09192
 2353	 -851.70752	 -354.87683	  805.05402	  851.09192
 2358	 -859.87567	 -375.9588	  802.11816	  848.15741
 2358	 -859.87567	 -375.9588	  802.11816	  848.15741
 2355	 -858.97931	 -386.17267	  801.97083	  848.01013
 2357	 -851.95093	 -375.70172	  801.35815	  847.39777
 2356	 -851.93243	 -388.13983	  801.65137	  847.6908
 2359	 -843.43311	 -385.7298	  802.16101	  848.20026
 2359	 -843.43311	 -385.7298	  802.16101	  848.20026
 2357	 -851.95093	 -375.70172	  801.35815	  847.39777
 2357	 -851.95093	 -375.70172	  801.35815	  847.39777
 2357	 -851.95093	 -375.70172	  801.35815	  847.39777
 2359	 -843.43311	 -385.7298	  802.16101	  848.20026
 2360	 -842.70135	 -378.10852	  802.20129	  848.24048
 2360	 -842.70135	 -378.10852	  802.20129	  848.24048
 2360	 -842.70135	 -378.10852	  802.20129	  848.24048
 2360	 -842.70135	 -378.10852	  802.20129	  848.24048
 2360	 -842.70135	 -378.10852	  802.20129	  848.24048
 2363	 -843.62213	 -371.14777	  802.71716	  848.75616
 2357	 -851.95093	 -375.70172	  801.35815	  847.39777
 2361	 -851.9939	 -366.79559	  802.65967	  848.69861
 2358	 -859.87567	 -375.9588	  802.11816	  848.15741
 2362	 -859.34161	 -366.81256	  802.92944	  848.96832
 2362	 -859.34161	 -366.81256	  802.92944	  848.96832
 2364	 -843.53119	 -362.85663	  807.53583	  853.57257
 2364	 -843.53119	 -362.85663	  807.53583	  853.57257
 2365	 -840.78589	 -356.14752	  808.8031	  854.83923
 2367	 -846.45319	 -357.69891	  807.39349	  853.4303
 2366	 -843.27887	 -347.78729	  808.2605	  854.29688
 2371	 -849.52112	 -351.53131	  807.93604	  853.97253
 2370	 -846.57056	 -343.83337	  809.00427	  855.04034
 2370	 -846.57056	 -343.83337	  809.00427	  855.04034
 2365	 -840.78589	 -356.14752	  808.8031	  854.83923
 2365	 -840.78589	 -356.14752	  808.8031	  854.83923
 2368	 -839.67389	 -347.24219	  810.75439	  856.78961
 2366	 -843.27887	 -347.78729	  808.2605	  854.29688
 2369	 -840.17517	 -339.19702	  810.54944	  856.58472
 2370	 -846.57056	 -343.83337	  809.00427	  855.04034
 2372	 -842.90118	 -336.76575	  810.77985	  856.81506
 2372	 -842.90118	 -336.76575	  810.77985	  856.81506
 2373	 -839.59637	 -371.37445	  806.2655	  852.3028
 2373	 -839.59637	 -371.37445	  806.2655	  852.3028
 2374	 -838.7218	 -367.20709	  807.67316	  853.70984
 2376	 -842.56464	 -366.6333	  805.75513	  851.79266
 2375	 -838.85852	 -356.65338	  806.74969	  852.78674
 2380	 -844.89758	 -359.64862	  805.91119	  851.94867
 2379	 -842.21979	 -351.58417	  806.99066	  853.02765
 2379	 -842.21979	 -351.58417	  806.99066	  853.02765
 2374	 -838.7218	 -367.20709	  807.67316	  853.70984
 2374	 -838.7218	 -367.20709	  807.67316	  853.70984
 2377	 -837.68335	 -357.18091	  809.20062	  855.23657
 2375	 -838.85852	 -356.65338	  806.74969	  852.78674
 2378	 -837.93213	 -348.38336	  808.93835	  854.97443
 2379	 -842.21979	 -351.58417	  806.99066	  853.02765
 2381	 -840.2959	 -344.49719	  808.77393	  854.81006
 2381	 -840.2959	 -344.49719	  808.77393	  854.81006
 2382	 -849.34869	 -361.67719	  804.84143	  850.87939
 2382	 -849.34869	 -361.67719	  804.84143	  850.87939
 2383	 -843.10052	 -362.72107	  804.79199	  850.82996
 2385	 -848.89496	 -356.06567	  806.19519	  852.23254
 2384	 -842.25726	 -354.80023	  806.24677	  852.28406
 2389	 -847.37225	 -353.92078	  808.06177	  854.09827
 2388	 -841.4679	 -353.90845	  807.97253	  854.00903
 2388	 -841.4679	 -353.90845	  807.97253	  854.00903
 2386	 -837.0993	 -365.43542	  805.05548	  851.09338
 2386	 -837.0993	 -365.43542	  805.05548	  851.09338
 2386	 -837.0993	 -365.43542	  805.05548	  851.09338
 2383	 -843.10052	 -362.72107	  804.79199	  850.82996
 2387	 -836.08862	 -361.79852	  806.11206	  852.14948
 2384	 -842.25726	 -354.80023	  806.24677	  852.28406
 2390	 -837.36255	 -361.64471	  807.50867	  853.54541
 2388	 -841.4679	 -353.90845	  807.97253	  854.00903
 2388	 -841.4679	 -353.90845	  807.97253	  854.00903
 2391	 -857.48871	 -364.28711	  804.11298	  850.15131
 2391	 -857.48871	 -364.28711	  804.11298	  850.15131
 2391	 -857.48871	 -364.28711	  804.11298	  850.15131
 2392	 -851.05054	 -360.60144	  803.59442	  849.633
 2394	 -858.08496	 -355.74457	  805.73181	  851.76935
 2393	 -851.58008	 -348.87787	  805.18738	  851.22516
 2398	 -857.57666	 -350.20844	  807.69397	  853.73065
 2397	 -850.82837	 -345.88452	  807.3551	  853.39191
 2397	 -850.82837	 -345.88452	  807.3551	  853.39191
 2395	 -842.58423	 -360.29199	  803.89441	  849.93286
 2395	 -842.58423	 -360.29199	  803.89441	  849.93286
 2395	 -842.58423	 -360.29199	  803.89441	  849.93286
 2392	 -851.05054	 -360.60144	  803.59442	  849.633
 2396	 -841.79297	 -353.03479	  805.09363	  851.13147
 2393	 -851.58008	 -348.87787	  805.18738	  851.22516
 2399	 -842.36267	 -348.3371	  806.69952	  852.73663
 2397	 -850.82837	 -345.88452	  807.3551	  853.39191
 2397	 -850.82837	 -345.88452	  807.3551	  853.39191
 2400	 -852.23553	 -368.50757	  804.08759	  850.12592
 2400	 -852.23553	 -368.50757	  804.08759	  850.12592
 2400	 -852.23553	 -368.50757	  804.08759	  850.12592
 2401	 -845.0014	 -374.42664	  803.37744	  849.41614
 2403	 -850.08923	 -360.94708	  805.05988	  851.09778
 2402	 -841.87366	 -365.33081	  804.00897	  850.0473
 2407	 -846.88361	 -358.84656	  806.66406	  852.70117
 2406	 -840.02698	 -364.48657	  805.91351	  851.95099
 2406	 -840.02698	 -364.48657	  805.91351	  851.95099
 2404	 -838.2049	 -388.11542	  803.35522	  849.39392
 2404	 -838.2049	 -388.11542	  803.35522	  849.39392
 2404	 -838.2049	 -388.11542	  803.35522	  849.39392
 2401	 -845.0014	 -374.42664	  803.37744	  849.41614
 2405	 -835.21619	 -383.91345	  803.99652	  850.03485
 2402	 -841.87366	 -365.33081	  804.00897	  850.0473
 2408	 -834.711	 -381.0531	  805.2934	  851.33112
 2406	 -840.02698	 -364.48657	  805.91351	  851.95099
 2406	 -840.02698	 -364.48657	  805.91351	  851.95099
 2409	 -849.60461	 -365.59595	  804.31128	  850.34949
 2409	 -849.60461	 -365.59595	  804.31128	  850.34949
 2409	 -849.60461	 -365.59595	  804.31128	  850.34949
 2410	 -842.22418	 -371.68225	  804.30048	  850.33875
 2412	 -848.66815	 -358.2558	  805.40247	  851.44019
 2411	 -839.95831	 -362.25488	  805.58087	  851.61853
 2416	 -846.57385	 -355.07214	  807.15027	  853.18719
 2415	 -839.93414	 -360.03174	  807.45789	  853.49463
 2415	 -839.93414	 -360.03174	  807.45789	  853.49463
 2413	 -833.95612	 -383.32764	  805.45453	  851.49219
 2413	 -833.95612	 -383.32764	  805.45453	  851.49219
 2413	 -833.95612	 -383.32764	  805.45453	  851.49219
 2410	 -842.22418	 -371.68225	  804.30048	  850.33875
 2414	 -833.01141	 -379.16486	  806.33325	  852.37048
 2411	 -839.95831	 -362.25488	  805.58087	  851.61853
 2417	 -834.82965	 -377.75476	  807.43774	  853.47449
 2415	 -839.93414	 -360.03174	  807.45789	  853.49463
 2415	 -839.93414	 -360.03174	  807.45789	  853.49463
 2481	 -856.87482	 -377.63007	  801.68457	  847.724
 2481	 -856.87482	 -377.63007	  801.68457	  847.724
 2481	 -856.87482	 -377.63007	  801.68457	  847.724
 2482	 -857.14587	 -388.07019	  801.44458	  847.48413
 2484	 -850.03485	 -376.79449	  802.2049	  848.24408
 2483	 -849.13306	 -388.08173	  801.59619	  847.63568
 2486	 -841.95154	 -381.05646	  803.40381	  849.44244
 2485	 -840.15839	 -388.46759	  803.40631	  849.44495
 2485	 -840.15839	 -388.46759	  803.40631	  849.44495
 2482	 -857.14587	 -388.07019	  801.44458	  847.48413
 2482	 -857.14587	 -388.07019	  801.44458	  847.48413
 2487	 -856.22577	 -395.32123	  802.00775	  848.047
 2483	 -849.13306	 -388.08173	  801.59619	  847.63568
 2488	 -848.73273	 -396.51691	  803.04785	  849.08667
 2485	 -840.15839	 -388.46759	  803.40631	  849.44495
 2489	 -840.99042	 -394.21887	  803.71967	  849.75818
 2489	 -840.99042	 -394.21887	  803.71967	  849.75818
 2493	 -842.84705	 -378.71674	  803.95496	  849.99329
 2493	 -842.84705	 -378.71674	  803.95496	  849.99329
 2490	 -849.15308	 -366.75348	  803.18958	  849.22833
 2492	 -845.08002	 -384.63672	  802.6355	  848.67444
 2491	 -851.81268	 -370.87903	  802.36768	  848.40674
 2496	 -854.41705	 -377.76428	  802.09729	  848.13654
 2496	 -854.41705	 -377.76428	  802.09729	  848.13654
 2492	 -845.08002	 -384.63672	  802.6355	  848.67444
 2492	 -845.08002	 -384.63672	  802.6355	  848.67444
 2492	 -845.08002	 -384.63672	  802.6355	  848.67444
 2496	 -854.41705	 -377.76428	  802.09729	  848.13654
 2497	 -850.22913	 -391.70782	  802.46088	  848.49994
 2497	 -850.22913	 -391.70782	  802.46088	  848.49994
 2493	 -842.84705	 -378.71674	  803.95496	  849.99329
 2493	 -842.84705	 -378.71674	  803.95496	  849.99329
 2493	 -842.84705	 -378.71674	  803.95496	  849.99329
 2492	 -845.08002	 -384.63672	  802.6355	  848.67444
 2495	 -838.43793	 -393.16705	  804.60681	  850.6449
 2495	 -838.43793	 -393.16705	  804.60681	  850.6449
 2497	 -850.22913	 -391.70782	  802.46088	  848.49994
 2497	 -850.22913	 -391.70782	  802.46088	  848.49994
 2497	 -850.22913	 -391.70782	  802.46088	  848.49994
 2498	 -843.2901	 -400.44836	  803.62549	  849.66406
 2492	 -845.08002	 -384.63672	  802.6355	  848.67444
 2494	 -840.19818	 -397.51086	  803.95837	  849.99677
 2495	 -838.43793	 -393.16705	  804.60681	  850.6449
 2495	 -838.43793	 -393.16705	  804.60681	  850.6449
 2499	 -866.16461	 -369.46899	  802.23218	  848.27136
 2499	 -866.16461	 -369.46899	  802.23218	  848.27136
 2499	 -866.16461	 -369.46899	  802.23218	  848.27136
 2500	 -867.20483	 -378.61298	  801.73932	  847.77875
 2502	 -859.04498	 -369.21521	  801.17078	  847.21045
 2501	 -859.66888	 -379.2121	  800.19281	  846.23297
 2504	 -851.86511	 -374.17401	  800.42871	  846.46875
 2503	 -851.6778	 -381.48126	  799.92438	  845.96466
 2503	 -851.6778	 -381.48126	  799.92438	  845.96466
 2501	 -859.66888	 -379.2121	  800.19281	  846.23297
 2501	 -859.66888	 -379.2121	  800.19281	  846.23297
 2507	 -852.5733	 -389.35327	  800.07843	  846.11859
 2503	 -851.6778	 -381.48126	  799.92438	  845.96466
 2503	 -851.6778	 -381.48126	  799.92438	  845.96466
 2500	 -867.20483	 -378.61298	  801.73932	  847.77875
 2500	 -867.20483	 -378.61298	  801.73932	  847.77875
 2500	 -867.20483	 -378.61298	  801.73932	  847.77875
 2505	 -866.63721	 -389.51947	  801.65845	  847.69788
 2501	 -859.66888	 -379.2121	  800.19281	  846.23297
 2506	 -859.7735	 -390.91754	  800.52197	  846.56195
 2507	 -852.5733	 -389.35327	  800.07843	  846.11859
 2507	 -852.5733	 -389.35327	  800.07843	  846.11859
 2511	 -871.54822	 -364.88629	  802.01831	  848.05762
 2511	 -871.54822	 -364.88629	  802.01831	  848.05762
 2511	 -871.54822	 -364.88629	  802.01831	  848.05762
 2508	 -877.61993	 -371.40808	  802.98279	  849.02161
 2510	 -871.19312	 -373.02844	  800.52258	  846.56256
 2509	 -877.98395	 -379.24585	  802.0282	  848.06744
 2514	 -876.28674	 -390.04498	  801.47516	  847.51471
 2514	 -876.28674	 -390.04498	  801.47516	  847.51471
 2510	 -871.19312	 -373.02844	  800.52258	  846.56256
 2510	 -871.19312	 -373.02844	  800.52258	  846.56256
 2510	 -871.19312	 -373.02844	  800.52258	  846.56256
 2514	 -876.28674	 -390.04498	  801.47516	  847.51471
 2515	 -869.4295	 -384.24231	  800.19934	  846.2395
 2515	 -869.4295	 -384.24231	  800.19934	  846.2395
 2511	 -871.54822	 -364.88629	  802.01831	  848.05762
 2511	 -871.54822	 -364.88629	  802.01831	  848.05762
 2511	 -871.54822	 -364.88629	  802.01831	  848.05762
 2510	 -871.19312	 -373.02844	  800.52258	  846.56256
 2513	 -864.29108	 -363.17798	  800.6474	  846.68726
 2513	 -864.29108	 -363.17798	  800.6474	  846.68726
 2515	 -869.4295	 -384.24231	  800.19934	  846.2395
 2515	 -869.4295	 -384.24231	  800.19934	  846.2395
 2515	 -869.4295	 -384.24231	  800.19934	  846.2395
 2516	 -862.70056	 -376.97119	  799.65283	  845.69318
 2510	 -871.19312	 -373.02844	  800.52258	  846.56256
 2512	 -863.0918	 -369.11548	  799.74194	  845.78229
 2513	 -864.29108	 -363.17798	  800.6474	  846.68726
 2513	 -864.29108	 -363.17798	  800.6474	  846.68726
 2520	 -881.63141	 -360.46222	  811.91071	  857.94537
 2520	 -881.63141	 -360.46222	  811.91071	  857.94537
 2520	 -881.63141	 -360.46222	  811.91071	  857.94537
 2517	 -879.84595	 -354.1297	  810.74115	  856.77637
 2519	 -875.41144	 -353.57281	  813.2392	  859.27325
 2518	 -873.09198	 -348.48199	  811.48816	  857.52307
 2521	 -867.58606	 -346.91266	  813.32867	  859.36267
 2521	 -867.58606	 -346.91266	  813.32867	  859.36267
 2519	 -875.41144	 -353.57281	  813.2392	  859.27325
 2519	 -875.41144	 -353.57281	  813.2392	  859.27325
 2519	 -875.41144	 -353.57281	  813.2392	  859.27325
 2521	 -867.58606	 -346.91266	  813.32867	  859.36267
 2522	 -867.41296	 -350.77466	  814.64941	  860.68286
 2522	 -867.41296	 -350.77466	  814.64941	  860.68286
 2522	 -867.41296	 -350.77466	  814.64941	  860.68286
 2522	 -867.41296	 -350.77466	  814.64941	  860.68286
 2522	 -867.41296	 -350.77466	  814.64941	  860.68286
 2525	 -868.50989	 -357.28485	  815.21082	  861.24396
 2519	 -875.41144	 -353.57281	  813.2392	  859.27325
 2523	 -875.35419	 -363.19763	  814.13416	  860.16785
 2520	 -881.63141	 -360.46222	  811.91071	  857.94537
 2524	 -881.19275	 -368.21448	  812.86377	  858.89807
 2524	 -881.19275	 -368.21448	  812.86377	  858.89807
 2529	 -885.55084	 -367.87488	  810.46149	  856.49683
 2529	 -885.55084	 -367.87488	  810.46149	  856.49683
 2526	 -882.85944	 -361.18945	  809.51013	  855.5459
 2528	 -882.16394	 -361.8598	  812.62701	  858.66138
 2527	 -878.76636	 -356.76343	  811.28577	  857.3208
 2530	 -874.5108	 -354.57721	  813.35132	  859.38531
 2530	 -874.5108	 -354.57721	  813.35132	  859.38531
 2529	 -885.55084	 -367.87488	  810.46149	  856.49683
 2529	 -885.55084	 -367.87488	  810.46149	  856.49683
 2529	 -885.55084	 -367.87488	  810.46149	  856.49683
 2528	 -882.16394	 -361.8598	  812.62701	  858.66138
 2533	 -886.28131	 -375.76776	  811.65271	  857.6875
 2533	 -886.28131	 -375.76776	  811.65271	  857.6875
 2530	 -874.5108	 -354.57721	  813.35132	  859.38531
 2530	 -874.5108	 -354.57721	  813.35132	  859.38531
 2530	 -874.5108	 -354.57721	  813.35132	  859.38531
 2531	 -876.33356	 -358.26917	  814.48181	  860.51532
 2528	 -882.16394	 -361.8598	  812.62701	  858.66138
 2532	 -881.59729	 -371.80432	  813.85095	  859.8847
 2533	 -886.28131	 -375.76776	  811.65271	  857.6875
 2533	 -886.28131	 -375.76776	  811.65271	  857.6875
 2532	 -881.59729	 -371.80432	  813.85095	  859.8847
 2532	 -881.59729	 -371.80432	  813.85095	  859.8847
 2532	 -881.59729	 -371.80432	  813.85095	  859.8847
 2531	 -876.33356	 -358.26917	  814.48181	  860.51532
 2534	 -876.82739	 -365.95685	  815.26575	  861.29889
 2534	 -876.82739	 -365.95685	  815.26575	  861.29889
 2547	 -883.74994	 -365.29474	  807.63568	  853.67236
 2547	 -883.74994	 -365.29474	  807.63568	  853.67236
 2547	 -883.74994	 -365.29474	  807.63568	  853.67236
 2544	 -881.255	 -362.70441	  805.78455	  851.82208
 2546	 -879.38354	 -350.60938	  808.42163	  854.45789
 2545	 -876.34009	 -351.48737	  806.3537	  852.39099
 2548	 -871.91205	 -341.37341	  807.88251	  853.91907
 2548	 -871.91205	 -341.37341	  807.88251	  853.91907
 2546	 -879.38354	 -350.60938	  808.42163	  854.45789
 2546	 -879.38354	 -350.60938	  808.42163	  854.45789
 2546	 -879.38354	 -350.60938	  808.42163	  854.45789
 2548	 -871.91205	 -341.37341	  807.88251	  853.91907
 2549	 -873.00677	 -340.68744	  809.40234	  855.43817
 2549	 -873.00677	 -340.68744	  809.40234	  855.43817
 2547	 -883.74994	 -365.29474	  807.63568	  853.67236
 2547	 -883.74994	 -365.29474	  807.63568	  853.67236
 2547	 -883.74994	 -365.29474	  807.63568	  853.67236
 2546	 -879.38354	 -350.60938	  808.42163	  854.45789
 2551	 -883.71698	 -365.43005	  809.31378	  855.34967
 2551	 -883.71698	 -365.43005	  809.31378	  855.34967
 2549	 -873.00677	 -340.68744	  809.40234	  855.43817
 2549	 -873.00677	 -340.68744	  809.40234	  855.43817
 2549	 -873.00677	 -340.68744	  809.40234	  855.43817
 2552	 -874.18787	 -343.96613	  810.55762	  856.59296
 2546	 -879.38354	 -350.60938	  808.42163	  854.45789
 2550	 -879.96387	 -355.45544	  810.28931	  856.32477
 2551	 -883.71698	 -365.43005	  809.31378	  855.34967
 2551	 -883.71698	 -365.43005	  809.31378	  855.34967
 2553	 -877.52032	 -365.6911	  803.39392	  849.43256
 2553	 -877.52032	 -365.6911	  803.39392	  849.43256
 2553	 -877.52032	 -365.6911	  803.39392	  849.43256
 2554	 -872.79633	 -354.49915	  803.92474	  849.96313
 2556	 -880.49048	 -364.78503	  804.79248	  850.83044
 2555	 -876.05609	 -350.71899	  805.64954	  851.68713
 2560	 -881.75317	 -365.34857	  806.88379	  852.92078
 2559	 -877.22198	 -353.51471	  807.7428	  853.77942
 2559	 -877.22198	 -353.51471	  807.7428	  853.77942
 2555	 -876.05609	 -350.71899	  805.64954	  851.68713
 2555	 -876.05609	 -350.71899	  805.64954	  851.68713
 2561	 -871.2934	 -343.09143	  808.09387	  854.13031
 2559	 -877.22198	 -353.51471	  807.7428	  853.77942
 2559	 -877.22198	 -353.51471	  807.7428	  853.77942
 2554	 -872.79633	 -354.49915	  803.92474	  849.96313
 2554	 -872.79633	 -354.49915	  803.92474	  849.96313
 2554	 -872.79633	 -354.49915	  803.92474	  849.96313
 2557	 -868.75928	 -342.97186	  805.45569	  851.49341
 2555	 -876.05609	 -350.71899	  805.64954	  851.68713
 2558	 -869.95905	 -340.75574	  806.76508	  852.80219
 2561	 -871.2934	 -343.09143	  808.09387	  854.13031
 2561	 -871.2934	 -343.09143	  808.09387	  854.13031
 2565	 -875.5658	 -364.3205	  804.85321	  850.89117
 2565	 -875.5658	 -364.3205	  804.85321	  850.89117
 2565	 -875.5658	 -364.3205	  804.85321	  850.89117
 2562	 -873.82556	 -369.05713	  803.38538	  849.42407
 2564	 -869.89764	 -353.11841	  804.13916	  850.17749
 2563	 -867.92981	 -361.10962	  802.79547	  848.83441
 2566	 -861.74292	 -350.87823	  802.98358	  849.0224
 2566	 -861.74292	 -350.87823	  802.98358	  849.0224
 2564	 -869.89764	 -353.11841	  804.13916	  850.17749
 2564	 -869.89764	 -353.11841	  804.13916	  850.17749
 2564	 -869.89764	 -353.11841	  804.13916	  850.17749
 2566	 -861.74292	 -350.87823	  802.98358	  849.0224
 2567	 -862.33301	 -345.57056	  804.11011	  850.14838
 2567	 -862.33301	 -345.57056	  804.11011	  850.14838
 2565	 -875.5658	 -364.3205	  804.85321	  850.89117
 2565	 -875.5658	 -364.3205	  804.85321	  850.89117
 2565	 -875.5658	 -364.3205	  804.85321	  850.89117
 2564	 -869.89764	 -353.11841	  804.13916	  850.17749
 2569	 -875.45471	 -360.9538	  806.69885	  852.73596
 2569	 -875.45471	 -360.9538	  806.69885	  852.73596
 2567	 -862.33301	 -345.57056	  804.11011	  850.14838
 2567	 -862.33301	 -345.57056	  804.11011	  850.14838
 2567	 -862.33301	 -345.57056	  804.11011	  850.14838
 2570	 -863.27325	 -344.05988	  805.59167	  851.62927
 2564	 -869.89764	 -353.11841	  804.13916	  850.17749
 2568	 -869.80933	 -350.68329	  806.33667	  852.3739
 2569	 -875.45471	 -360.9538	  806.69885	  852.73596
