 776	  28902.70703	 -4834.31885	 -59020.98047	  59026.98047
 778	  28902.17773	 -4839.53467	 -59019.97266	  59025.97266
 773	  28903.13672	 -4839.47949	 -59020.62109	  59026.62109
 770	  28902.76953	 -4843.31836	 -59019.90234	  59025.90234
 770	  28902.76953	 -4843.31836	 -59019.90234	  59025.90234
 775	  28901.97461	 -4841.64209	 -59019.57813	  59025.57813
 778	  28902.17773	 -4839.53467	 -59019.97266	  59025.97266
 776	  28902.70703	 -4834.31885	 -59020.98047	  59026.98047
 779	  28901.71484	 -4830.55127	 -59020.78516	  59026.78516
 777	  28902.66211	 -4829.80469	 -59019.79297	  59025.79297
 780	  28901.06641	 -4828.13867	 -59018.92969	  59024.92969
 777	  28902.66211	 -4829.80469	 -59019.79297	  59025.79297
 779	  28901.71484	 -4830.55127	 -59020.78516	  59026.78516
 781	  28901.73438	 -4834.38428	 -59020.32813	  59026.32813
 776	  28902.70703	 -4834.31885	 -59020.98047	  59026.98047
 773	  28903.13672	 -4839.47949	 -59020.62109	  59026.62109
 779	  28901.71484	 -4830.55127	 -59020.78516	  59026.78516
 776	  28902.70703	 -4834.31885	 -59020.98047	  59026.98047
 781	  28901.73438	 -4834.38428	 -59020.32813	  59026.32813
 773	  28903.13672	 -4839.47949	 -59020.62109	  59026.62109
 778	  28902.17773	 -4839.53467	 -59019.97266	  59025.97266
 781	  28901.73438	 -4834.38428	 -59020.32813	  59026.32813
 779	  28901.71484	 -4830.55127	 -59020.78516	  59026.78516
 782	  28900.11914	 -4828.8833	 -59019.92578	  59025.92578
 780	  28901.06641	 -4828.13867	 -59018.92969	  59024.92969
 783	  28894.83789	 -4828.56055	 -59014.71484	  59020.71484
 784	  28901.06641	 -4828.13867	 -59018.92969	  59024.92969
 782	  28900.11914	 -4828.8833	 -59019.92578	  59025.92578
 782	  28900.11914	 -4828.8833	 -59019.92578	  59025.92578
 785	  28893.89648	 -4829.30664	 -59015.71875	  59021.71875
 783	  28894.83789	 -4828.56055	 -59014.71484	  59020.71484
 781	  28901.73438	 -4834.38428	 -59020.32813	  59026.32813
 786	  28901.20117	 -4832.31592	 -59020.22656	  59026.22656
 779	  28901.71484	 -4830.55127	 -59020.78516	  59026.78516
 782	  28900.11914	 -4828.8833	 -59019.92578	  59025.92578
 779	  28901.71484	 -4830.55127	 -59020.78516	  59026.78516
 786	  28901.20117	 -4832.31592	 -59020.22656	  59026.22656
 786	  28901.20117	 -4832.31592	 -59020.22656	  59026.22656
 781	  28901.73438	 -4834.38428	 -59020.32813	  59026.32813
 787	  28902.6875	 -4833.62842	 -59019.33594	  59025.33594
 787	  28902.6875	 -4833.62842	 -59019.33594	  59025.33594
 788	  28902.14844	 -4831.56982	 -59019.22656	  59025.22656
 786	  28901.20117	 -4832.31592	 -59020.22656	  59026.22656
 789	  28900.32617	 -4831.40332	 -59019.75391	  59025.75391
 786	  28901.20117	 -4832.31592	 -59020.22656	  59026.22656
 788	  28902.14844	 -4831.56982	 -59019.22656	  59025.22656
 786	  28901.20117	 -4832.31592	 -59020.22656	  59026.22656
 789	  28900.32617	 -4831.40332	 -59019.75391	  59025.75391
 782	  28900.11914	 -4828.8833	 -59019.92578	  59025.92578
 788	  28902.14844	 -4831.56982	 -59019.22656	  59025.22656
 790	  28901.27148	 -4830.6582	 -59018.75781	  59024.75781
 789	  28900.32617	 -4831.40332	 -59019.75391	  59025.75391
 782	  28900.11914	 -4828.8833	 -59019.92578	  59025.92578
 789	  28900.32617	 -4831.40332	 -59019.75391	  59025.75391
 791	  28894.10156	 -4831.82617	 -59015.54688	  59021.54688
 791	  28894.10156	 -4831.82617	 -59015.54688	  59021.54688
 789	  28900.32617	 -4831.40332	 -59019.75391	  59025.75391
 790	  28901.27148	 -4830.6582	 -59018.75781	  59024.75781
 791	  28894.10156	 -4831.82617	 -59015.54688	  59021.54688
 785	  28893.89648	 -4829.30664	 -59015.71875	  59021.71875
 782	  28900.11914	 -4828.8833	 -59019.92578	  59025.92578
 790	  28901.27148	 -4830.6582	 -59018.75781	  59024.75781
 792	  28895.04297	 -4831.08008	 -59014.54297	  59020.54297
 791	  28894.10156	 -4831.82617	 -59015.54688	  59021.54688
 793	  28893.5293	 -4830.4248	 -59013.61328	  59019.61328
 794	  28894.83789	 -4828.56055	 -59014.71484	  59020.71484
 785	  28893.89648	 -4829.30664	 -59015.71875	  59021.71875
 795	  28893.38477	 -4832.84619	 -59014.9375	  59020.9375
 791	  28894.10156	 -4831.82617	 -59015.54688	  59021.54688
 792	  28895.04297	 -4831.08008	 -59014.54297	  59020.54297
 785	  28893.89648	 -4829.30664	 -59015.71875	  59021.71875
 791	  28894.10156	 -4831.82617	 -59015.54688	  59021.54688
 795	  28893.38477	 -4832.84619	 -59014.9375	  59020.9375
 792	  28895.04297	 -4831.08008	 -59014.54297	  59020.54297
 796	  28894.33008	 -4832.10107	 -59013.94141	  59019.94141
 795	  28893.38477	 -4832.84619	 -59014.9375	  59020.9375
 785	  28893.89648	 -4829.30664	 -59015.71875	  59021.71875
 797	  28892.58398	 -4831.1709	 -59014.60938	  59020.60938
 793	  28893.5293	 -4830.4248	 -59013.61328	  59019.61328
 795	  28893.38477	 -4832.84619	 -59014.9375	  59020.9375
 797	  28892.58398	 -4831.1709	 -59014.60938	  59020.60938
 785	  28893.89648	 -4829.30664	 -59015.71875	  59021.71875
 798	  28893.16602	 -4834.2749	 -59012.89453	  59018.89453
 793	  28893.5293	 -4830.4248	 -59013.61328	  59019.61328
 797	  28892.58398	 -4831.1709	 -59014.60938	  59020.60938
 799	  28893.1875	 -4834.96387	 -59014.54688	  59020.54688
 795	  28893.38477	 -4832.84619	 -59014.9375	  59020.9375
 796	  28894.33008	 -4832.10107	 -59013.94141	  59019.94141
 797	  28892.58398	 -4831.1709	 -59014.60938	  59020.60938
 795	  28893.38477	 -4832.84619	 -59014.9375	  59020.9375
 799	  28893.1875	 -4834.96387	 -59014.54688	  59020.54688
 796	  28894.33008	 -4832.10107	 -59013.94141	  59019.94141
 800	  28894.12891	 -4834.20947	 -59013.54688	  59019.54688
 799	  28893.1875	 -4834.96387	 -59014.54688	  59020.54688
 797	  28892.58398	 -4831.1709	 -59014.60938	  59020.60938
 801	  28892.2207	 -4835.03125	 -59013.89063	  59019.89063
 798	  28893.16602	 -4834.2749	 -59012.89453	  59018.89453
 799	  28893.1875	 -4834.96387	 -59014.54688	  59020.54688
 801	  28892.2207	 -4835.03125	 -59013.89063	  59019.89063
 797	  28892.58398	 -4831.1709	 -59014.60938	  59020.60938
 802	  28893.59766	 -4839.43408	 -59012.53125	  59018.53125
 798	  28893.16602	 -4834.2749	 -59012.89453	  59018.89453
 801	  28892.2207	 -4835.03125	 -59013.89063	  59019.89063
 803	  28893.79492	 -4836.24023	 -59014.77344	  59020.77344
 799	  28893.1875	 -4834.96387	 -59014.54688	  59020.54688
 800	  28894.12891	 -4834.20947	 -59013.54688	  59019.54688
 801	  28892.2207	 -4835.03125	 -59013.89063	  59019.89063
 804	  28892.65234	 -4840.19043	 -59013.52734	  59019.52734
 802	  28893.59766	 -4839.43408	 -59012.53125	  59018.53125
 805	  28894.58398	 -4843.19238	 -59012.72656	  59018.72656
 802	  28893.59766	 -4839.43408	 -59012.53125	  59018.53125
 804	  28892.65234	 -4840.19043	 -59013.52734	  59019.52734
 801	  28892.2207	 -4835.03125	 -59013.89063	  59019.89063
 799	  28893.1875	 -4834.96387	 -59014.54688	  59020.54688
 806	  28893.60938	 -4840.1167	 -59014.17578	  59020.17578
 806	  28893.60938	 -4840.1167	 -59014.17578	  59020.17578
 804	  28892.65234	 -4840.19043	 -59013.52734	  59019.52734
 801	  28892.2207	 -4835.03125	 -59013.89063	  59019.89063
 806	  28893.60938	 -4840.1167	 -59014.17578	  59020.17578
 799	  28893.1875	 -4834.96387	 -59014.54688	  59020.54688
 803	  28893.79492	 -4836.24023	 -59014.77344	  59020.77344
 804	  28892.65234	 -4840.19043	 -59013.52734	  59019.52734
 807	  28893.63672	 -4843.93896	 -59013.72266	  59019.72266
 805	  28894.58398	 -4843.19238	 -59012.72656	  59018.72656
 807	  28893.63672	 -4843.93896	 -59013.72266	  59019.72266
 804	  28892.65234	 -4840.19043	 -59013.52734	  59019.52734
 806	  28893.60938	 -4840.1167	 -59014.17578	  59020.17578
 808	  28896.18164	 -4844.85986	 -59013.58984	  59019.58984
 805	  28894.58398	 -4843.19238	 -59012.72656	  59018.72656
 807	  28893.63672	 -4843.93896	 -59013.72266	  59019.72266
 807	  28893.63672	 -4843.93896	 -59013.72266	  59019.72266
 766	  28895.24023	 -4845.60498	 -59014.58594	  59020.58594
 808	  28896.18164	 -4844.85986	 -59013.58984	  59019.58984
 766	  28895.24023	 -4845.60498	 -59014.58594	  59020.58594
 807	  28893.63672	 -4843.93896	 -59013.72266	  59019.72266
 809	  28894.1582	 -4842.17285	 -59014.28906	  59020.28906
 806	  28893.60938	 -4840.1167	 -59014.17578	  59020.17578
 809	  28894.1582	 -4842.17285	 -59014.28906	  59020.28906
 807	  28893.63672	 -4843.93896	 -59013.72266	  59019.72266
 809	  28894.1582	 -4842.17285	 -59014.28906	  59020.28906
 810	  28895.0332	 -4843.08545	 -59014.76172	  59020.76172
 766	  28895.24023	 -4845.60498	 -59014.58594	  59020.58594
 766	  28895.24023	 -4845.60498	 -59014.58594	  59020.58594
 810	  28895.0332	 -4843.08545	 -59014.76172	  59020.76172
 772	  28901.25781	 -4842.66357	 -59018.97266	  59024.97266
 809	  28894.1582	 -4842.17285	 -59014.28906	  59020.28906
 806	  28893.60938	 -4840.1167	 -59014.17578	  59020.17578
 811	  28894.56055	 -4839.36865	 -59013.18359	  59019.18359
 811	  28894.56055	 -4839.36865	 -59013.18359	  59019.18359
 812	  28895.10352	 -4841.42676	 -59013.28906	  59019.28906
 809	  28894.1582	 -4842.17285	 -59014.28906	  59020.28906
 810	  28895.0332	 -4843.08545	 -59014.76172	  59020.76172
 809	  28894.1582	 -4842.17285	 -59014.28906	  59020.28906
 812	  28895.10352	 -4841.42676	 -59013.28906	  59019.28906
 813	  28894.91797	 -4838.03223	 -59013.60938	  59019.60938
 811	  28894.56055	 -4839.36865	 -59013.18359	  59019.18359
 806	  28893.60938	 -4840.1167	 -59014.17578	  59020.17578
 812	  28895.10352	 -4841.42676	 -59013.28906	  59019.28906
 814	  28895.97461	 -4842.34033	 -59013.76172	  59019.76172
 810	  28895.0332	 -4843.08545	 -59014.76172	  59020.76172
 772	  28901.25781	 -4842.66357	 -59018.97266	  59024.97266
 810	  28895.0332	 -4843.08545	 -59014.76172	  59020.76172
 814	  28895.97461	 -4842.34033	 -59013.76172	  59019.76172
 814	  28895.97461	 -4842.34033	 -59013.76172	  59019.76172
 815	  28902.20313	 -4841.9165	 -59017.97266	  59023.97266
 772	  28901.25781	 -4842.66357	 -59018.97266	  59024.97266
 775	  28901.97461	 -4841.64209	 -59019.57813	  59025.57813
 772	  28901.25781	 -4842.66357	 -59018.97266	  59024.97266
 815	  28902.20313	 -4841.9165	 -59017.97266	  59023.97266
 815	  28902.20313	 -4841.9165	 -59017.97266	  59023.97266
 816	  28902.92188	 -4840.896	 -59018.57813	  59024.57813
 775	  28901.97461	 -4841.64209	 -59019.57813	  59025.57813
 778	  28902.17773	 -4839.53467	 -59019.97266	  59025.97266
 775	  28901.97461	 -4841.64209	 -59019.57813	  59025.57813
 816	  28902.92188	 -4840.896	 -59018.57813	  59024.57813
 816	  28902.92188	 -4840.896	 -59018.57813	  59024.57813
 817	  28903.12109	 -4838.78711	 -59018.96875	  59024.96875
 778	  28902.17773	 -4839.53467	 -59019.97266	  59025.97266
 818	  28901.61133	 -4838.19629	 -59019.77734	  59025.77734
 778	  28902.17773	 -4839.53467	 -59019.97266	  59025.97266
 817	  28903.12109	 -4838.78711	 -59018.96875	  59024.96875
 806	  28893.60938	 -4840.1167	 -59014.17578	  59020.17578
 819	  28893.92578	 -4838.71729	 -59014.58203	  59020.58203
 813	  28894.91797	 -4838.03223	 -59013.60938	  59019.60938
 820	  28902.52148	 -4837.5166	 -59018.75391	  59024.75391
 813	  28894.91797	 -4838.03223	 -59013.60938	  59019.60938
 819	  28893.92578	 -4838.71729	 -59014.58203	  59020.58203
 819	  28893.92578	 -4838.71729	 -59014.58203	  59020.58203
 818	  28901.61133	 -4838.19629	 -59019.77734	  59025.77734
 820	  28902.52148	 -4837.5166	 -59018.75391	  59024.75391
 803	  28893.79492	 -4836.24023	 -59014.77344	  59020.77344
 819	  28893.92578	 -4838.71729	 -59014.58203	  59020.58203
 806	  28893.60938	 -4840.1167	 -59014.17578	  59020.17578
 778	  28902.17773	 -4839.53467	 -59019.97266	  59025.97266
 818	  28901.61133	 -4838.19629	 -59019.77734	  59025.77734
 821	  28901.375	 -4835.7251	 -59019.89844	  59025.89844
 821	  28901.375	 -4835.7251	 -59019.89844	  59025.89844
 818	  28901.61133	 -4838.19629	 -59019.77734	  59025.77734
 819	  28893.92578	 -4838.71729	 -59014.58203	  59020.58203
 819	  28893.92578	 -4838.71729	 -59014.58203	  59020.58203
 803	  28893.79492	 -4836.24023	 -59014.77344	  59020.77344
 821	  28901.375	 -4835.7251	 -59019.89844	  59025.89844
 821	  28901.375	 -4835.7251	 -59019.89844	  59025.89844
 781	  28901.73438	 -4834.38428	 -59020.32813	  59026.32813
 778	  28902.17773	 -4839.53467	 -59019.97266	  59025.97266
 821	  28901.375	 -4835.7251	 -59019.89844	  59025.89844
 803	  28893.79492	 -4836.24023	 -59014.77344	  59020.77344
 822	  28894.72656	 -4835.51563	 -59013.76172	  59019.76172
 781	  28901.73438	 -4834.38428	 -59020.32813	  59026.32813
 821	  28901.375	 -4835.7251	 -59019.89844	  59025.89844
 823	  28902.33203	 -4835.00049	 -59018.90625	  59024.90625
 822	  28894.72656	 -4835.51563	 -59013.76172	  59019.76172
 823	  28902.33203	 -4835.00049	 -59018.90625	  59024.90625
 821	  28901.375	 -4835.7251	 -59019.89844	  59025.89844
 824	  28847.60156	 -4848.15771	 -58980.72656	  58986.72656
 825	  28841.37695	 -4848.57959	 -58976.51563	  58982.51563
 826	  28840.43164	 -4849.32568	 -58977.50781	  58983.50781
 826	  28840.43164	 -4849.32568	 -58977.50781	  58983.50781
 827	  28846.6543	 -4848.90283	 -58981.71875	  58987.71875
 824	  28847.60156	 -4848.15771	 -58980.72656	  58986.72656
 828	  28848.91016	 -4846.29346	 -58981.82813	  58987.82813
 829	  28847.60156	 -4848.15771	 -58980.72656	  58986.72656
 827	  28846.6543	 -4848.90283	 -58981.71875	  58987.71875
 827	  28846.6543	 -4848.90283	 -58981.71875	  58987.71875
 830	  28847.96289	 -4847.03857	 -58982.82813	  58988.82813
 828	  28848.91016	 -4846.29346	 -58981.82813	  58987.82813
 831	  28849.27539	 -4842.44336	 -58982.54297	  58988.54297
 828	  28848.91016	 -4846.29346	 -58981.82813	  58987.82813
 830	  28847.96289	 -4847.03857	 -58982.82813	  58988.82813
 832	  28846.44922	 -4846.38281	 -58981.89453	  58987.89453
 827	  28846.6543	 -4848.90283	 -58981.71875	  58987.71875
 826	  28840.43164	 -4849.32568	 -58977.50781	  58983.50781
 830	  28847.96289	 -4847.03857	 -58982.82813	  58988.82813
 833	  28848.32813	 -4843.19922	 -58983.54297	  58989.54297
 831	  28849.27539	 -4842.44336	 -58982.54297	  58988.54297
 834	  28848.8418	 -4837.28418	 -58982.91016	  58988.91016
 831	  28849.27539	 -4842.44336	 -58982.54297	  58988.54297
 833	  28848.32813	 -4843.19922	 -58983.54297	  58989.54297
 835	  28847.16602	 -4845.36328	 -58982.50	  58988.50
 830	  28847.96289	 -4847.03857	 -58982.82813	  58988.82813
 827	  28846.6543	 -4848.90283	 -58981.71875	  58987.71875
 827	  28846.6543	 -4848.90283	 -58981.71875	  58987.71875
 832	  28846.44922	 -4846.38281	 -58981.89453	  58987.89453
 835	  28847.16602	 -4845.36328	 -58982.50	  58988.50
 833	  28848.32813	 -4843.19922	 -58983.54297	  58989.54297
 836	  28847.89844	 -4838.04053	 -58983.90625	  58989.90625
 834	  28848.8418	 -4837.28418	 -58982.91016	  58988.91016
 837	  28847.85547	 -4833.52588	 -58982.71484	  58988.71484
 834	  28848.8418	 -4837.28418	 -58982.91016	  58988.91016
 836	  28847.89844	 -4838.04053	 -58983.90625	  58989.90625
 838	  28847.36914	 -4843.25537	 -58982.89453	  58988.89453
 833	  28848.32813	 -4843.19922	 -58983.54297	  58989.54297
 830	  28847.96289	 -4847.03857	 -58982.82813	  58988.82813
 830	  28847.96289	 -4847.03857	 -58982.82813	  58988.82813
 835	  28847.16602	 -4845.36328	 -58982.50	  58988.50
 838	  28847.36914	 -4843.25537	 -58982.89453	  58988.89453
 836	  28847.89844	 -4838.04053	 -58983.90625	  58989.90625
 839	  28846.9082	 -4834.271	 -58983.71094	  58989.71094
 837	  28847.85547	 -4833.52588	 -58982.71484	  58988.71484
 840	  28846.25781	 -4831.8584	 -58981.85547	  58987.85547
 837	  28847.85547	 -4833.52588	 -58982.71484	  58988.71484
 839	  28846.9082	 -4834.271	 -58983.71094	  58989.71094
 841	  28846.92578	 -4838.10449	 -58983.25	  58989.25
 836	  28847.89844	 -4838.04053	 -58983.90625	  58989.90625
 833	  28848.32813	 -4843.19922	 -58983.54297	  58989.54297
 839	  28846.9082	 -4834.271	 -58983.71094	  58989.71094
 836	  28847.89844	 -4838.04053	 -58983.90625	  58989.90625
 841	  28846.92578	 -4838.10449	 -58983.25	  58989.25
 833	  28848.32813	 -4843.19922	 -58983.54297	  58989.54297
 838	  28847.36914	 -4843.25537	 -58982.89453	  58988.89453
 841	  28846.92578	 -4838.10449	 -58983.25	  58989.25
 839	  28846.9082	 -4834.271	 -58983.71094	  58989.71094
 842	  28845.31055	 -4832.60498	 -58982.84766	  58988.84766
 840	  28846.25781	 -4831.8584	 -58981.85547	  58987.85547
 843	  28840.0332	 -4832.28125	 -58977.64453	  58983.64453
 844	  28846.25781	 -4831.8584	 -58981.85547	  58987.85547
 842	  28845.31055	 -4832.60498	 -58982.84766	  58988.84766
 842	  28845.31055	 -4832.60498	 -58982.84766	  58988.84766
 845	  28839.08789	 -4833.02686	 -58978.64063	  58984.64063
 843	  28840.0332	 -4832.28125	 -58977.64453	  58983.64453
 841	  28846.92578	 -4838.10449	 -58983.25	  58989.25
 846	  28846.39258	 -4836.03613	 -58983.14844	  58989.14844
 839	  28846.9082	 -4834.271	 -58983.71094	  58989.71094
 842	  28845.31055	 -4832.60498	 -58982.84766	  58988.84766
 839	  28846.9082	 -4834.271	 -58983.71094	  58989.71094
 846	  28846.39258	 -4836.03613	 -58983.14844	  58989.14844
 846	  28846.39258	 -4836.03613	 -58983.14844	  58989.14844
 841	  28846.92578	 -4838.10449	 -58983.25	  58989.25
 847	  28847.87891	 -4837.34961	 -58982.25781	  58988.25781
 847	  28847.87891	 -4837.34961	 -58982.25781	  58988.25781
 848	  28847.33984	 -4835.2915	 -58982.15234	  58988.15234
 846	  28846.39258	 -4836.03613	 -58983.14844	  58989.14844
 849	  28845.51758	 -4835.12451	 -58982.67578	  58988.67578
 846	  28846.39258	 -4836.03613	 -58983.14844	  58989.14844
 848	  28847.33984	 -4835.2915	 -58982.15234	  58988.15234
 846	  28846.39258	 -4836.03613	 -58983.14844	  58989.14844
 849	  28845.51758	 -4835.12451	 -58982.67578	  58988.67578
 842	  28845.31055	 -4832.60498	 -58982.84766	  58988.84766
 848	  28847.33984	 -4835.2915	 -58982.15234	  58988.15234
 850	  28846.46289	 -4834.37793	 -58981.67969	  58987.67969
 849	  28845.51758	 -4835.12451	 -58982.67578	  58988.67578
 842	  28845.31055	 -4832.60498	 -58982.84766	  58988.84766
 849	  28845.51758	 -4835.12451	 -58982.67578	  58988.67578
 851	  28839.29297	 -4835.54639	 -58978.46875	  58984.46875
 851	  28839.29297	 -4835.54639	 -58978.46875	  58984.46875
 849	  28845.51758	 -4835.12451	 -58982.67578	  58988.67578
 850	  28846.46289	 -4834.37793	 -58981.67969	  58987.67969
 851	  28839.29297	 -4835.54639	 -58978.46875	  58984.46875
 845	  28839.08789	 -4833.02686	 -58978.64063	  58984.64063
 842	  28845.31055	 -4832.60498	 -58982.84766	  58988.84766
 850	  28846.46289	 -4834.37793	 -58981.67969	  58987.67969
 852	  28840.23828	 -4834.80078	 -58977.46875	  58983.46875
 851	  28839.29297	 -4835.54639	 -58978.46875	  58984.46875
 853	  28838.7207	 -4834.146	 -58976.53516	  58982.53516
 854	  28840.0332	 -4832.28125	 -58977.64453	  58983.64453
 845	  28839.08789	 -4833.02686	 -58978.64063	  58984.64063
 855	  28838.57617	 -4836.56738	 -58977.85938	  58983.85938
 851	  28839.29297	 -4835.54639	 -58978.46875	  58984.46875
 852	  28840.23828	 -4834.80078	 -58977.46875	  58983.46875
 845	  28839.08789	 -4833.02686	 -58978.64063	  58984.64063
 851	  28839.29297	 -4835.54639	 -58978.46875	  58984.46875
 855	  28838.57617	 -4836.56738	 -58977.85938	  58983.85938
 852	  28840.23828	 -4834.80078	 -58977.46875	  58983.46875
 856	  28839.52148	 -4835.82227	 -58976.86328	  58982.86328
 855	  28838.57617	 -4836.56738	 -58977.85938	  58983.85938
 845	  28839.08789	 -4833.02686	 -58978.64063	  58984.64063
 857	  28837.77539	 -4834.89111	 -58977.53125	  58983.53125
 853	  28838.7207	 -4834.146	 -58976.53516	  58982.53516
 855	  28838.57617	 -4836.56738	 -58977.85938	  58983.85938
 857	  28837.77539	 -4834.89111	 -58977.53125	  58983.53125
 845	  28839.08789	 -4833.02686	 -58978.64063	  58984.64063
 858	  28838.35742	 -4837.99609	 -58975.81641	  58981.81641
 853	  28838.7207	 -4834.146	 -58976.53516	  58982.53516
 857	  28837.77539	 -4834.89111	 -58977.53125	  58983.53125
 859	  28838.37891	 -4838.68555	 -58977.46875	  58983.46875
 855	  28838.57617	 -4836.56738	 -58977.85938	  58983.85938
 856	  28839.52148	 -4835.82227	 -58976.86328	  58982.86328
 857	  28837.77539	 -4834.89111	 -58977.53125	  58983.53125
 855	  28838.57617	 -4836.56738	 -58977.85938	  58983.85938
 859	  28838.37891	 -4838.68555	 -58977.46875	  58983.46875
 856	  28839.52148	 -4835.82227	 -58976.86328	  58982.86328
 860	  28839.32227	 -4837.93066	 -58976.46875	  58982.46875
 859	  28838.37891	 -4838.68555	 -58977.46875	  58983.46875
 857	  28837.77539	 -4834.89111	 -58977.53125	  58983.53125
 861	  28837.41211	 -4838.75195	 -58976.8125	  58982.8125
 858	  28838.35742	 -4837.99609	 -58975.81641	  58981.81641
 859	  28838.37891	 -4838.68555	 -58977.46875	  58983.46875
 861	  28837.41211	 -4838.75195	 -58976.8125	  58982.8125
 857	  28837.77539	 -4834.89111	 -58977.53125	  58983.53125
 862	  28838.78906	 -4843.15527	 -58975.45313	  58981.45313
 858	  28838.35742	 -4837.99609	 -58975.81641	  58981.81641
 861	  28837.41211	 -4838.75195	 -58976.8125	  58982.8125
 863	  28838.98633	 -4839.96143	 -58977.69531	  58983.69531
 859	  28838.37891	 -4838.68555	 -58977.46875	  58983.46875
 860	  28839.32227	 -4837.93066	 -58976.46875	  58982.46875
 861	  28837.41211	 -4838.75195	 -58976.8125	  58982.8125
 864	  28837.8457	 -4843.91113	 -58976.44922	  58982.44922
 862	  28838.78906	 -4843.15527	 -58975.45313	  58981.45313
 865	  28839.77539	 -4846.91357	 -58975.64844	  58981.64844
 862	  28838.78906	 -4843.15527	 -58975.45313	  58981.45313
 864	  28837.8457	 -4843.91113	 -58976.44922	  58982.44922
 861	  28837.41211	 -4838.75195	 -58976.8125	  58982.8125
 859	  28838.37891	 -4838.68555	 -58977.46875	  58983.46875
 866	  28838.80469	 -4843.83643	 -58977.10156	  58983.10156
 866	  28838.80469	 -4843.83643	 -58977.10156	  58983.10156
 864	  28837.8457	 -4843.91113	 -58976.44922	  58982.44922
 861	  28837.41211	 -4838.75195	 -58976.8125	  58982.8125
 866	  28838.80469	 -4843.83643	 -58977.10156	  58983.10156
 859	  28838.37891	 -4838.68555	 -58977.46875	  58983.46875
 863	  28838.98633	 -4839.96143	 -58977.69531	  58983.69531
 864	  28837.8457	 -4843.91113	 -58976.44922	  58982.44922
 867	  28838.82813	 -4847.65869	 -58976.64453	  58982.64453
 865	  28839.77539	 -4846.91357	 -58975.64844	  58981.64844
 867	  28838.82813	 -4847.65869	 -58976.64453	  58982.64453
 864	  28837.8457	 -4843.91113	 -58976.44922	  58982.44922
 866	  28838.80469	 -4843.83643	 -58977.10156	  58983.10156
 868	  28841.37695	 -4848.57959	 -58976.51563	  58982.51563
 865	  28839.77539	 -4846.91357	 -58975.64844	  58981.64844
 867	  28838.82813	 -4847.65869	 -58976.64453	  58982.64453
 867	  28838.82813	 -4847.65869	 -58976.64453	  58982.64453
 826	  28840.43164	 -4849.32568	 -58977.50781	  58983.50781
 868	  28841.37695	 -4848.57959	 -58976.51563	  58982.51563
 826	  28840.43164	 -4849.32568	 -58977.50781	  58983.50781
 867	  28838.82813	 -4847.65869	 -58976.64453	  58982.64453
 869	  28839.34961	 -4845.89307	 -58977.21094	  58983.21094
 866	  28838.80469	 -4843.83643	 -58977.10156	  58983.10156
 869	  28839.34961	 -4845.89307	 -58977.21094	  58983.21094
 867	  28838.82813	 -4847.65869	 -58976.64453	  58982.64453
 869	  28839.34961	 -4845.89307	 -58977.21094	  58983.21094
 870	  28840.22461	 -4846.80615	 -58977.68359	  58983.68359
 826	  28840.43164	 -4849.32568	 -58977.50781	  58983.50781
 826	  28840.43164	 -4849.32568	 -58977.50781	  58983.50781
 870	  28840.22461	 -4846.80615	 -58977.68359	  58983.68359
 832	  28846.44922	 -4846.38281	 -58981.89453	  58987.89453
 869	  28839.34961	 -4845.89307	 -58977.21094	  58983.21094
 866	  28838.80469	 -4843.83643	 -58977.10156	  58983.10156
 871	  28839.75391	 -4843.08984	 -58976.10547	  58982.10547
 871	  28839.75391	 -4843.08984	 -58976.10547	  58982.10547
 872	  28840.29492	 -4845.14795	 -58976.21094	  58982.21094
 869	  28839.34961	 -4845.89307	 -58977.21094	  58983.21094
 870	  28840.22461	 -4846.80615	 -58977.68359	  58983.68359
 869	  28839.34961	 -4845.89307	 -58977.21094	  58983.21094
 872	  28840.29492	 -4845.14795	 -58976.21094	  58982.21094
 873	  28840.11133	 -4841.75342	 -58976.53125	  58982.53125
 871	  28839.75391	 -4843.08984	 -58976.10547	  58982.10547
 866	  28838.80469	 -4843.83643	 -58977.10156	  58983.10156
 872	  28840.29492	 -4845.14795	 -58976.21094	  58982.21094
 874	  28841.16992	 -4846.06006	 -58976.6875	  58982.6875
 870	  28840.22461	 -4846.80615	 -58977.68359	  58983.68359
 832	  28846.44922	 -4846.38281	 -58981.89453	  58987.89453
 870	  28840.22461	 -4846.80615	 -58977.68359	  58983.68359
 874	  28841.16992	 -4846.06006	 -58976.6875	  58982.6875
 874	  28841.16992	 -4846.06006	 -58976.6875	  58982.6875
 875	  28847.39453	 -4845.63818	 -58980.89453	  58986.89453
 832	  28846.44922	 -4846.38281	 -58981.89453	  58987.89453
 835	  28847.16602	 -4845.36328	 -58982.50	  58988.50
 832	  28846.44922	 -4846.38281	 -58981.89453	  58987.89453
 875	  28847.39453	 -4845.63818	 -58980.89453	  58986.89453
 875	  28847.39453	 -4845.63818	 -58980.89453	  58986.89453
 876	  28848.11328	 -4844.6167	 -58981.50	  58987.50
 835	  28847.16602	 -4845.36328	 -58982.50	  58988.50
 838	  28847.36914	 -4843.25537	 -58982.89453	  58988.89453
 835	  28847.16602	 -4845.36328	 -58982.50	  58988.50
 876	  28848.11328	 -4844.6167	 -58981.50	  58987.50
 876	  28848.11328	 -4844.6167	 -58981.50	  58987.50
 877	  28848.3125	 -4842.50879	 -58981.89063	  58987.89063
 838	  28847.36914	 -4843.25537	 -58982.89453	  58988.89453
 878	  28846.80273	 -4841.91602	 -58982.69922	  58988.69922
 838	  28847.36914	 -4843.25537	 -58982.89453	  58988.89453
 877	  28848.3125	 -4842.50879	 -58981.89063	  58987.89063
 866	  28838.80469	 -4843.83643	 -58977.10156	  58983.10156
 879	  28839.11719	 -4842.43799	 -58977.50391	  58983.50391
 873	  28840.11133	 -4841.75342	 -58976.53125	  58982.53125
 880	  28847.71289	 -4841.23682	 -58981.67578	  58987.67578
 873	  28840.11133	 -4841.75342	 -58976.53125	  58982.53125
 879	  28839.11719	 -4842.43799	 -58977.50391	  58983.50391
 879	  28839.11719	 -4842.43799	 -58977.50391	  58983.50391
 878	  28846.80273	 -4841.91602	 -58982.69922	  58988.69922
 880	  28847.71289	 -4841.23682	 -58981.67578	  58987.67578
 863	  28838.98633	 -4839.96143	 -58977.69531	  58983.69531
 879	  28839.11719	 -4842.43799	 -58977.50391	  58983.50391
 866	  28838.80469	 -4843.83643	 -58977.10156	  58983.10156
 838	  28847.36914	 -4843.25537	 -58982.89453	  58988.89453
 878	  28846.80273	 -4841.91602	 -58982.69922	  58988.69922
 881	  28846.56641	 -4839.44678	 -58982.82031	  58988.82031
 881	  28846.56641	 -4839.44678	 -58982.82031	  58988.82031
 878	  28846.80273	 -4841.91602	 -58982.69922	  58988.69922
 879	  28839.11719	 -4842.43799	 -58977.50391	  58983.50391
 879	  28839.11719	 -4842.43799	 -58977.50391	  58983.50391
 863	  28838.98633	 -4839.96143	 -58977.69531	  58983.69531
 881	  28846.56641	 -4839.44678	 -58982.82031	  58988.82031
 881	  28846.56641	 -4839.44678	 -58982.82031	  58988.82031
 841	  28846.92578	 -4838.10449	 -58983.25	  58989.25
 838	  28847.36914	 -4843.25537	 -58982.89453	  58988.89453
 881	  28846.56641	 -4839.44678	 -58982.82031	  58988.82031
 863	  28838.98633	 -4839.96143	 -58977.69531	  58983.69531
 882	  28839.91992	 -4839.23682	 -58976.68359	  58982.68359
 841	  28846.92578	 -4838.10449	 -58983.25	  58989.25
 881	  28846.56641	 -4839.44678	 -58982.82031	  58988.82031
 883	  28847.52344	 -4838.71973	 -58981.82813	  58987.82813
 882	  28839.91992	 -4839.23682	 -58976.68359	  58982.68359
 883	  28847.52344	 -4838.71973	 -58981.82813	  58987.82813
 881	  28846.56641	 -4839.44678	 -58982.82031	  58988.82031
 884	  29020.73047	 -4829.55078	 -58959.49609	  58965.49609
 885	  29015.7207	 -4830.31738	 -58964.72266	  58970.72266
 886	  29016.93164	 -4830.83447	 -58965.52734	  58971.52734
 886	  29016.93164	 -4830.83447	 -58965.52734	  58971.52734
 887	  29021.9375	 -4830.06885	 -58960.30078	  58966.30078
 884	  29020.73047	 -4829.55078	 -58959.49609	  58965.49609
 888	  29021.98633	 -4827.58105	 -58958.37891	  58964.37891
 889	  29020.73047	 -4829.55078	 -58959.49609	  58965.49609
 887	  29021.9375	 -4830.06885	 -58960.30078	  58966.30078
 887	  29021.9375	 -4830.06885	 -58960.30078	  58966.30078
 890	  29023.19141	 -4828.09912	 -58959.17969	  58965.17969
 888	  29021.98633	 -4827.58105	 -58958.37891	  58964.37891
 891	  29022.70898	 -4823.64209	 -58958.02734	  58964.02734
 888	  29021.98633	 -4827.58105	 -58958.37891	  58964.37891
 890	  29023.19141	 -4828.09912	 -58959.17969	  58965.17969
 892	  29022.05859	 -4827.51367	 -58960.44141	  58966.44141
 887	  29021.9375	 -4830.06885	 -58960.30078	  58966.30078
 886	  29016.93164	 -4830.83447	 -58965.52734	  58971.52734
 890	  29023.19141	 -4828.09912	 -58959.17969	  58965.17969
 893	  29023.91602	 -4824.17041	 -58958.82813	  58964.82813
 891	  29022.70898	 -4823.64209	 -58958.02734	  58964.02734
 894	  29022.9707	 -4818.40967	 -58958.32813	  58964.32813
 891	  29022.70898	 -4823.64209	 -58958.02734	  58964.02734
 893	  29023.91602	 -4824.17041	 -58958.82813	  58964.82813
 895	  29022.74609	 -4826.43555	 -58959.82813	  58965.82813
 890	  29023.19141	 -4828.09912	 -58959.17969	  58965.17969
 887	  29021.9375	 -4830.06885	 -58960.30078	  58966.30078
 887	  29021.9375	 -4830.06885	 -58960.30078	  58966.30078
 892	  29022.05859	 -4827.51367	 -58960.44141	  58966.44141
 895	  29022.74609	 -4826.43555	 -58959.82813	  58965.82813
 893	  29023.91602	 -4824.17041	 -58958.82813	  58964.82813
 896	  29024.17773	 -4818.93848	 -58959.12891	  58965.12891
 894	  29022.9707	 -4818.40967	 -58958.32813	  58964.32813
 897	  29022.60938	 -4814.63623	 -58959.11328	  58965.11328
 894	  29022.9707	 -4818.40967	 -58958.32813	  58964.32813
 896	  29024.17773	 -4818.93848	 -58959.12891	  58965.12891
 898	  29023.14844	 -4824.27832	 -58959.63672	  58965.63672
 893	  29023.91602	 -4824.17041	 -58958.82813	  58964.82813
 890	  29023.19141	 -4828.09912	 -58959.17969	  58965.17969
 890	  29023.19141	 -4828.09912	 -58959.17969	  58965.17969
 895	  29022.74609	 -4826.43555	 -58959.82813	  58965.82813
 898	  29023.14844	 -4824.27832	 -58959.63672	  58965.63672
 896	  29024.17773	 -4818.93848	 -58959.12891	  58965.12891
 899	  29023.81836	 -4815.15381	 -58959.91797	  58965.91797
 897	  29022.60938	 -4814.63623	 -58959.11328	  58965.11328
 900	  29021.52734	 -4813.02588	 -58960.43359	  58966.43359
 897	  29022.60938	 -4814.63623	 -58959.11328	  58965.11328
 899	  29023.81836	 -4815.15381	 -58959.91797	  58965.91797
 901	  29023.39844	 -4819.05664	 -58959.94141	  58965.94141
 896	  29024.17773	 -4818.93848	 -58959.12891	  58965.12891
 893	  29023.91602	 -4824.17041	 -58958.82813	  58964.82813
 899	  29023.81836	 -4815.15381	 -58959.91797	  58965.91797
 896	  29024.17773	 -4818.93848	 -58959.12891	  58965.12891
 901	  29023.39844	 -4819.05664	 -58959.94141	  58965.94141
 893	  29023.91602	 -4824.17041	 -58958.82813	  58964.82813
 898	  29023.14844	 -4824.27832	 -58959.63672	  58965.63672
 901	  29023.39844	 -4819.05664	 -58959.94141	  58965.94141
 899	  29023.81836	 -4815.15381	 -58959.91797	  58965.91797
 902	  29022.73242	 -4813.54346	 -58961.23438	  58967.23438
 900	  29021.52734	 -4813.02588	 -58960.43359	  58966.43359
 903	  29016.51758	 -4813.79248	 -58965.65625	  58971.65625
 904	  29021.52734	 -4813.02588	 -58960.43359	  58966.43359
 902	  29022.73242	 -4813.54346	 -58961.23438	  58967.23438
 902	  29022.73242	 -4813.54346	 -58961.23438	  58967.23438
 905	  29017.72656	 -4814.31006	 -58966.46484	  58972.46484
 903	  29016.51758	 -4813.79248	 -58965.65625	  58971.65625
 901	  29023.39844	 -4819.05664	 -58959.94141	  58965.94141
 906	  29023.20703	 -4816.97998	 -58960.37109	  58966.37109
 899	  29023.81836	 -4815.15381	 -58959.91797	  58965.91797
 902	  29022.73242	 -4813.54346	 -58961.23438	  58967.23438
 899	  29023.81836	 -4815.15381	 -58959.91797	  58965.91797
 906	  29023.20703	 -4816.97998	 -58960.37109	  58966.37109
 906	  29023.20703	 -4816.97998	 -58960.37109	  58966.37109
 901	  29023.39844	 -4819.05664	 -58959.94141	  58965.94141
 907	  29022.19727	 -4818.52832	 -58959.13672	  58965.13672
 907	  29022.19727	 -4818.52832	 -58959.13672	  58965.13672
 908	  29021.99805	 -4816.46191	 -58959.56641	  58965.56641
 906	  29023.20703	 -4816.97998	 -58960.37109	  58966.37109
 909	  29022.61133	 -4816.09717	 -58961.08984	  58967.08984
 906	  29023.20703	 -4816.97998	 -58960.37109	  58966.37109
 908	  29021.99805	 -4816.46191	 -58959.56641	  58965.56641
 906	  29023.20703	 -4816.97998	 -58960.37109	  58966.37109
 909	  29022.61133	 -4816.09717	 -58961.08984	  58967.08984
 902	  29022.73242	 -4813.54346	 -58961.23438	  58967.23438
 908	  29021.99805	 -4816.46191	 -58959.56641	  58965.56641
 910	  29021.40625	 -4815.57959	 -58960.29297	  58966.29297
 909	  29022.61133	 -4816.09717	 -58961.08984	  58967.08984
 902	  29022.73242	 -4813.54346	 -58961.23438	  58967.23438
 909	  29022.61133	 -4816.09717	 -58961.08984	  58967.08984
 911	  29017.60547	 -4816.86377	 -58966.32031	  58972.32031
 911	  29017.60547	 -4816.86377	 -58966.32031	  58972.32031
 909	  29022.61133	 -4816.09717	 -58961.08984	  58967.08984
 910	  29021.40625	 -4815.57959	 -58960.29297	  58966.29297
 911	  29017.60547	 -4816.86377	 -58966.32031	  58972.32031
 905	  29017.72656	 -4814.31006	 -58966.46484	  58972.46484
 902	  29022.73242	 -4813.54346	 -58961.23438	  58967.23438
 910	  29021.40625	 -4815.57959	 -58960.29297	  58966.29297
 912	  29016.39648	 -4816.34619	 -58965.51563	  58971.51563
 911	  29017.60547	 -4816.86377	 -58966.32031	  58972.32031
 913	  29015.26172	 -4815.76123	 -58966.77734	  58972.77734
 914	  29016.51758	 -4813.79248	 -58965.65625	  58971.65625
 905	  29017.72656	 -4814.31006	 -58966.46484	  58972.46484
 915	  29016.91602	 -4817.94287	 -58966.92969	  58972.92969
 911	  29017.60547	 -4816.86377	 -58966.32031	  58972.32031
 912	  29016.39648	 -4816.34619	 -58965.51563	  58971.51563
 905	  29017.72656	 -4814.31006	 -58966.46484	  58972.46484
 911	  29017.60547	 -4816.86377	 -58966.32031	  58972.32031
 915	  29016.91602	 -4817.94287	 -58966.92969	  58972.92969
 912	  29016.39648	 -4816.34619	 -58965.51563	  58971.51563
 916	  29015.70898	 -4817.4248	 -58966.12891	  58972.12891
 915	  29016.91602	 -4817.94287	 -58966.92969	  58972.92969
 905	  29017.72656	 -4814.31006	 -58966.46484	  58972.46484
 917	  29016.47266	 -4816.27881	 -58967.58203	  58973.58203
 913	  29015.26172	 -4815.76123	 -58966.77734	  58972.77734
 915	  29016.91602	 -4817.94287	 -58966.92969	  58972.92969
 917	  29016.47266	 -4816.27881	 -58967.58203	  58973.58203
 905	  29017.72656	 -4814.31006	 -58966.46484	  58972.46484
 918	  29014.53906	 -4819.70068	 -58967.12891	  58973.12891
 913	  29015.26172	 -4815.76123	 -58966.77734	  58972.77734
 917	  29016.47266	 -4816.27881	 -58967.58203	  58973.58203
 919	  29016.52344	 -4820.1084	 -58967.12109	  58973.12109
 915	  29016.91602	 -4817.94287	 -58966.92969	  58972.92969
 916	  29015.70898	 -4817.4248	 -58966.12891	  58972.12891
 917	  29016.47266	 -4816.27881	 -58967.58203	  58973.58203
 915	  29016.91602	 -4817.94287	 -58966.92969	  58972.92969
 919	  29016.52344	 -4820.1084	 -58967.12109	  58973.12109
 916	  29015.70898	 -4817.4248	 -58966.12891	  58972.12891
 920	  29015.31445	 -4819.58154	 -58966.32031	  58972.32031
 919	  29016.52344	 -4820.1084	 -58967.12109	  58973.12109
 917	  29016.47266	 -4816.27881	 -58967.58203	  58973.58203
 921	  29015.74414	 -4820.229	 -58967.93359	  58973.93359
 918	  29014.53906	 -4819.70068	 -58967.12891	  58973.12891
 919	  29016.52344	 -4820.1084	 -58967.12109	  58973.12109
 921	  29015.74414	 -4820.229	 -58967.93359	  58973.93359
 917	  29016.47266	 -4816.27881	 -58967.58203	  58973.58203
 922	  29014.27734	 -4824.93262	 -58966.82813	  58972.82813
 918	  29014.53906	 -4819.70068	 -58967.12891	  58973.12891
 921	  29015.74414	 -4820.229	 -58967.93359	  58973.93359
 923	  29016.83008	 -4821.37891	 -58966.62891	  58972.62891
 919	  29016.52344	 -4820.1084	 -58967.12109	  58973.12109
 920	  29015.31445	 -4819.58154	 -58966.32031	  58972.32031
 921	  29015.74414	 -4820.229	 -58967.93359	  58973.93359
 924	  29015.48242	 -4825.46143	 -58967.62891	  58973.62891
 922	  29014.27734	 -4824.93262	 -58966.82813	  58972.82813
 925	  29014.63672	 -4828.70654	 -58966.04297	  58972.04297
 922	  29014.27734	 -4824.93262	 -58966.82813	  58972.82813
 924	  29015.48242	 -4825.46143	 -58967.62891	  58973.62891
 921	  29015.74414	 -4820.229	 -58967.93359	  58973.93359
 919	  29016.52344	 -4820.1084	 -58967.12109	  58973.12109
 926	  29016.25586	 -4825.3335	 -58966.82422	  58972.82422
 926	  29016.25586	 -4825.3335	 -58966.82422	  58972.82422
 924	  29015.48242	 -4825.46143	 -58967.62891	  58973.62891
 921	  29015.74414	 -4820.229	 -58967.93359	  58973.93359
 926	  29016.25586	 -4825.3335	 -58966.82422	  58972.82422
 919	  29016.52344	 -4820.1084	 -58967.12109	  58973.12109
 923	  29016.83008	 -4821.37891	 -58966.62891	  58972.62891
 924	  29015.48242	 -4825.46143	 -58967.62891	  58973.62891
 927	  29015.8457	 -4829.22412	 -58966.84766	  58972.84766
 925	  29014.63672	 -4828.70654	 -58966.04297	  58972.04297
 927	  29015.8457	 -4829.22412	 -58966.84766	  58972.84766
 924	  29015.48242	 -4825.46143	 -58967.62891	  58973.62891
 926	  29016.25586	 -4825.3335	 -58966.82422	  58972.82422
 928	  29015.7207	 -4830.31738	 -58964.72266	  58970.72266
 925	  29014.63672	 -4828.70654	 -58966.04297	  58972.04297
 927	  29015.8457	 -4829.22412	 -58966.84766	  58972.84766
 927	  29015.8457	 -4829.22412	 -58966.84766	  58972.84766
 886	  29016.93164	 -4830.83447	 -58965.52734	  58971.52734
 928	  29015.7207	 -4830.31738	 -58964.72266	  58970.72266
 886	  29016.93164	 -4830.83447	 -58965.52734	  58971.52734
 927	  29015.8457	 -4829.22412	 -58966.84766	  58972.84766
 929	  29016.45703	 -4827.39795	 -58966.39063	  58972.39063
 926	  29016.25586	 -4825.3335	 -58966.82422	  58972.82422
 929	  29016.45703	 -4827.39795	 -58966.39063	  58972.39063
 927	  29015.8457	 -4829.22412	 -58966.84766	  58972.84766
 929	  29016.45703	 -4827.39795	 -58966.39063	  58972.39063
 930	  29017.05273	 -4828.28027	 -58965.67188	  58971.67188
 886	  29016.93164	 -4830.83447	 -58965.52734	  58971.52734
 886	  29016.93164	 -4830.83447	 -58965.52734	  58971.52734
 930	  29017.05273	 -4828.28027	 -58965.67188	  58971.67188
 892	  29022.05859	 -4827.51367	 -58960.44141	  58966.44141
 929	  29016.45703	 -4827.39795	 -58966.39063	  58972.39063
 926	  29016.25586	 -4825.3335	 -58966.82422	  58972.82422
 931	  29015.05273	 -4824.81494	 -58966.01953	  58972.01953
 931	  29015.05273	 -4824.81494	 -58966.01953	  58972.01953
 932	  29015.24805	 -4826.88184	 -58965.58984	  58971.58984
 929	  29016.45703	 -4827.39795	 -58966.39063	  58972.39063
 930	  29017.05273	 -4828.28027	 -58965.67188	  58971.67188
 929	  29016.45703	 -4827.39795	 -58966.39063	  58972.39063
 932	  29015.24805	 -4826.88184	 -58965.58984	  58971.58984
 933	  29015.51367	 -4823.43115	 -58965.70313	  58971.70313
 931	  29015.05273	 -4824.81494	 -58966.01953	  58972.01953
 926	  29016.25586	 -4825.3335	 -58966.82422	  58972.82422
 932	  29015.24805	 -4826.88184	 -58965.58984	  58971.58984
 934	  29015.84375	 -4827.7627	 -58964.86719	  58970.86719
 930	  29017.05273	 -4828.28027	 -58965.67188	  58971.67188
 892	  29022.05859	 -4827.51367	 -58960.44141	  58966.44141
 930	  29017.05273	 -4828.28027	 -58965.67188	  58971.67188
 934	  29015.84375	 -4827.7627	 -58964.86719	  58970.86719
 934	  29015.84375	 -4827.7627	 -58964.86719	  58970.86719
 935	  29020.85156	 -4826.99561	 -58959.64453	  58965.64453
 892	  29022.05859	 -4827.51367	 -58960.44141	  58966.44141
 895	  29022.74609	 -4826.43555	 -58959.82813	  58965.82813
 892	  29022.05859	 -4827.51367	 -58960.44141	  58966.44141
 935	  29020.85156	 -4826.99561	 -58959.64453	  58965.64453
 935	  29020.85156	 -4826.99561	 -58959.64453	  58965.64453
 936	  29021.53906	 -4825.91846	 -58959.02734	  58965.02734
 895	  29022.74609	 -4826.43555	 -58959.82813	  58965.82813
 898	  29023.14844	 -4824.27832	 -58959.63672	  58965.63672
 895	  29022.74609	 -4826.43555	 -58959.82813	  58965.82813
 936	  29021.53906	 -4825.91846	 -58959.02734	  58965.02734
 936	  29021.53906	 -4825.91846	 -58959.02734	  58965.02734
 937	  29021.93555	 -4823.76074	 -58958.83594	  58964.83594
 898	  29023.14844	 -4824.27832	 -58959.63672	  58965.63672
 938	  29022.87305	 -4822.94238	 -58960.09766	  58966.09766
 898	  29023.14844	 -4824.27832	 -58959.63672	  58965.63672
 937	  29021.93555	 -4823.76074	 -58958.83594	  58964.83594
 926	  29016.25586	 -4825.3335	 -58966.82422	  58972.82422
 939	  29016.69531	 -4823.88867	 -58966.54297	  58972.54297
 933	  29015.51367	 -4823.43115	 -58965.70313	  58971.70313
 940	  29021.63281	 -4822.49463	 -58959.32031	  58965.32031
 933	  29015.51367	 -4823.43115	 -58965.70313	  58971.70313
 939	  29016.69531	 -4823.88867	 -58966.54297	  58972.54297
 939	  29016.69531	 -4823.88867	 -58966.54297	  58972.54297
 938	  29022.87305	 -4822.94238	 -58960.09766	  58966.09766
 940	  29021.63281	 -4822.49463	 -58959.32031	  58965.32031
 923	  29016.83008	 -4821.37891	 -58966.62891	  58972.62891
 939	  29016.69531	 -4823.88867	 -58966.54297	  58972.54297
 926	  29016.25586	 -4825.3335	 -58966.82422	  58972.82422
 898	  29023.14844	 -4824.27832	 -58959.63672	  58965.63672
 938	  29022.87305	 -4822.94238	 -58960.09766	  58966.09766
 941	  29022.93164	 -4820.4458	 -58960.26563	  58966.26563
 941	  29022.93164	 -4820.4458	 -58960.26563	  58966.26563
 938	  29022.87305	 -4822.94238	 -58960.09766	  58966.09766
 939	  29016.69531	 -4823.88867	 -58966.54297	  58972.54297
 939	  29016.69531	 -4823.88867	 -58966.54297	  58972.54297
 923	  29016.83008	 -4821.37891	 -58966.62891	  58972.62891
 941	  29022.93164	 -4820.4458	 -58960.26563	  58966.26563
 941	  29022.93164	 -4820.4458	 -58960.26563	  58966.26563
 901	  29023.39844	 -4819.05664	 -58959.94141	  58965.94141
 898	  29023.14844	 -4824.27832	 -58959.63672	  58965.63672
 941	  29022.93164	 -4820.4458	 -58960.26563	  58966.26563
 923	  29016.83008	 -4821.37891	 -58966.62891	  58972.62891
 942	  29015.61133	 -4820.8833	 -58965.83203	  58971.83203
 901	  29023.39844	 -4819.05664	 -58959.94141	  58965.94141
 941	  29022.93164	 -4820.4458	 -58960.26563	  58966.26563
 943	  29021.73047	 -4819.94727	 -58959.45313	  58965.45313
 942	  29015.61133	 -4820.8833	 -58965.83203	  58971.83203
 943	  29021.73047	 -4819.94727	 -58959.45313	  58965.45313
 941	  29022.93164	 -4820.4458	 -58960.26563	  58966.26563
 944	  28976.64453	 -4836.30029	 -59005.49609	  59011.49609
 945	  28971.63477	 -4837.06738	 -59010.72266	  59016.72266
 946	  28972.84375	 -4837.58398	 -59011.52734	  59017.52734
 946	  28972.84375	 -4837.58398	 -59011.52734	  59017.52734
 947	  28977.84961	 -4836.81836	 -59006.29688	  59012.29688
 944	  28976.64453	 -4836.30029	 -59005.49609	  59011.49609
 948	  28977.89844	 -4834.33057	 -59004.375	  59010.375
 949	  28976.64453	 -4836.30029	 -59005.49609	  59011.49609
 947	  28977.84961	 -4836.81836	 -59006.29688	  59012.29688
 947	  28977.84961	 -4836.81836	 -59006.29688	  59012.29688
 950	  28979.10352	 -4834.84863	 -59005.17969	  59011.17969
 948	  28977.89844	 -4834.33057	 -59004.375	  59010.375
 951	  28978.62109	 -4830.3916	 -59004.02734	  59010.02734
 948	  28977.89844	 -4834.33057	 -59004.375	  59010.375
 950	  28979.10352	 -4834.84863	 -59005.17969	  59011.17969
 952	  28977.9707	 -4834.26318	 -59006.44141	  59012.44141
 947	  28977.84961	 -4836.81836	 -59006.29688	  59012.29688
 946	  28972.84375	 -4837.58398	 -59011.52734	  59017.52734
 950	  28979.10352	 -4834.84863	 -59005.17969	  59011.17969
 953	  28979.82813	 -4830.92041	 -59004.82422	  59010.82422
 951	  28978.62109	 -4830.3916	 -59004.02734	  59010.02734
 954	  28978.88086	 -4825.15869	 -59004.32813	  59010.32813
 951	  28978.62109	 -4830.3916	 -59004.02734	  59010.02734
 953	  28979.82813	 -4830.92041	 -59004.82422	  59010.82422
 955	  28978.65625	 -4833.18506	 -59005.82813	  59011.82813
 950	  28979.10352	 -4834.84863	 -59005.17969	  59011.17969
 947	  28977.84961	 -4836.81836	 -59006.29688	  59012.29688
 947	  28977.84961	 -4836.81836	 -59006.29688	  59012.29688
 952	  28977.9707	 -4834.26318	 -59006.44141	  59012.44141
 955	  28978.65625	 -4833.18506	 -59005.82813	  59011.82813
 953	  28979.82813	 -4830.92041	 -59004.82422	  59010.82422
 956	  28980.08789	 -4825.68799	 -59005.12891	  59011.12891
 954	  28978.88086	 -4825.15869	 -59004.32813	  59010.32813
 957	  28978.51758	 -4821.38574	 -59005.10938	  59011.10938
 954	  28978.88086	 -4825.15869	 -59004.32813	  59010.32813
 956	  28980.08789	 -4825.68799	 -59005.12891	  59011.12891
 958	  28979.06055	 -4831.02832	 -59005.63672	  59011.63672
 953	  28979.82813	 -4830.92041	 -59004.82422	  59010.82422
 950	  28979.10352	 -4834.84863	 -59005.17969	  59011.17969
 950	  28979.10352	 -4834.84863	 -59005.17969	  59011.17969
 955	  28978.65625	 -4833.18506	 -59005.82813	  59011.82813
 958	  28979.06055	 -4831.02832	 -59005.63672	  59011.63672
 956	  28980.08789	 -4825.68799	 -59005.12891	  59011.12891
 959	  28979.72852	 -4821.90332	 -59005.91797	  59011.91797
 957	  28978.51758	 -4821.38574	 -59005.10938	  59011.10938
 960	  28977.4375	 -4819.7749	 -59006.43359	  59012.43359
 957	  28978.51758	 -4821.38574	 -59005.10938	  59011.10938
 959	  28979.72852	 -4821.90332	 -59005.91797	  59011.91797
 961	  28979.30859	 -4825.80615	 -59005.94141	  59011.94141
 956	  28980.08789	 -4825.68799	 -59005.12891	  59011.12891
 953	  28979.82813	 -4830.92041	 -59004.82422	  59010.82422
 959	  28979.72852	 -4821.90332	 -59005.91797	  59011.91797
 956	  28980.08789	 -4825.68799	 -59005.12891	  59011.12891
 961	  28979.30859	 -4825.80615	 -59005.94141	  59011.94141
 953	  28979.82813	 -4830.92041	 -59004.82422	  59010.82422
 958	  28979.06055	 -4831.02832	 -59005.63672	  59011.63672
 961	  28979.30859	 -4825.80615	 -59005.94141	  59011.94141
 959	  28979.72852	 -4821.90332	 -59005.91797	  59011.91797
 962	  28978.64258	 -4820.29297	 -59007.23438	  59013.23438
 960	  28977.4375	 -4819.7749	 -59006.43359	  59012.43359
 963	  28972.42773	 -4820.54199	 -59011.65625	  59017.65625
 964	  28977.4375	 -4819.7749	 -59006.43359	  59012.43359
 962	  28978.64258	 -4820.29297	 -59007.23438	  59013.23438
 962	  28978.64258	 -4820.29297	 -59007.23438	  59013.23438
 965	  28973.63672	 -4821.05957	 -59012.46094	  59018.46094
 963	  28972.42773	 -4820.54199	 -59011.65625	  59017.65625
 961	  28979.30859	 -4825.80615	 -59005.94141	  59011.94141
 966	  28979.11719	 -4823.72949	 -59006.37109	  59012.37109
 959	  28979.72852	 -4821.90332	 -59005.91797	  59011.91797
 962	  28978.64258	 -4820.29297	 -59007.23438	  59013.23438
 959	  28979.72852	 -4821.90332	 -59005.91797	  59011.91797
 966	  28979.11719	 -4823.72949	 -59006.37109	  59012.37109
 966	  28979.11719	 -4823.72949	 -59006.37109	  59012.37109
 961	  28979.30859	 -4825.80615	 -59005.94141	  59011.94141
 967	  28978.10547	 -4825.27783	 -59005.13672	  59011.13672
 967	  28978.10547	 -4825.27783	 -59005.13672	  59011.13672
 968	  28977.90625	 -4823.21143	 -59005.56641	  59011.56641
 966	  28979.11719	 -4823.72949	 -59006.37109	  59012.37109
 969	  28978.52344	 -4822.84717	 -59007.08984	  59013.08984
 966	  28979.11719	 -4823.72949	 -59006.37109	  59012.37109
 968	  28977.90625	 -4823.21143	 -59005.56641	  59011.56641
 966	  28979.11719	 -4823.72949	 -59006.37109	  59012.37109
 969	  28978.52344	 -4822.84717	 -59007.08984	  59013.08984
 962	  28978.64258	 -4820.29297	 -59007.23438	  59013.23438
 968	  28977.90625	 -4823.21143	 -59005.56641	  59011.56641
 970	  28977.31445	 -4822.3291	 -59006.29297	  59012.29297
 969	  28978.52344	 -4822.84717	 -59007.08984	  59013.08984
 962	  28978.64258	 -4820.29297	 -59007.23438	  59013.23438
 969	  28978.52344	 -4822.84717	 -59007.08984	  59013.08984
 971	  28973.51563	 -4823.61377	 -59012.32031	  59018.32031
 971	  28973.51563	 -4823.61377	 -59012.32031	  59018.32031
 969	  28978.52344	 -4822.84717	 -59007.08984	  59013.08984
 970	  28977.31445	 -4822.3291	 -59006.29297	  59012.29297
 971	  28973.51563	 -4823.61377	 -59012.32031	  59018.32031
 965	  28973.63672	 -4821.05957	 -59012.46094	  59018.46094
 962	  28978.64258	 -4820.29297	 -59007.23438	  59013.23438
 970	  28977.31445	 -4822.3291	 -59006.29297	  59012.29297
 972	  28972.30664	 -4823.0957	 -59011.51172	  59017.51172
 971	  28973.51563	 -4823.61377	 -59012.32031	  59018.32031
 973	  28971.17188	 -4822.51074	 -59012.77734	  59018.77734
 974	  28972.42773	 -4820.54199	 -59011.65625	  59017.65625
 965	  28973.63672	 -4821.05957	 -59012.46094	  59018.46094
 975	  28972.82617	 -4824.69238	 -59012.92969	  59018.92969
 971	  28973.51563	 -4823.61377	 -59012.32031	  59018.32031
 972	  28972.30664	 -4823.0957	 -59011.51172	  59017.51172
 965	  28973.63672	 -4821.05957	 -59012.46094	  59018.46094
 971	  28973.51563	 -4823.61377	 -59012.32031	  59018.32031
 975	  28972.82617	 -4824.69238	 -59012.92969	  59018.92969
 972	  28972.30664	 -4823.0957	 -59011.51172	  59017.51172
 976	  28971.62109	 -4824.17432	 -59012.12891	  59018.12891
 975	  28972.82617	 -4824.69238	 -59012.92969	  59018.92969
 965	  28973.63672	 -4821.05957	 -59012.46094	  59018.46094
 977	  28972.38281	 -4823.02832	 -59013.58203	  59019.58203
 973	  28971.17188	 -4822.51074	 -59012.77734	  59018.77734
 975	  28972.82617	 -4824.69238	 -59012.92969	  59018.92969
 977	  28972.38281	 -4823.02832	 -59013.58203	  59019.58203
 965	  28973.63672	 -4821.05957	 -59012.46094	  59018.46094
 978	  28970.44922	 -4826.44971	 -59013.12891	  59019.12891
 973	  28971.17188	 -4822.51074	 -59012.77734	  59018.77734
 977	  28972.38281	 -4823.02832	 -59013.58203	  59019.58203
 979	  28972.43359	 -4826.85791	 -59013.12109	  59019.12109
 975	  28972.82617	 -4824.69238	 -59012.92969	  59018.92969
 976	  28971.62109	 -4824.17432	 -59012.12891	  59018.12891
 977	  28972.38281	 -4823.02832	 -59013.58203	  59019.58203
 975	  28972.82617	 -4824.69238	 -59012.92969	  59018.92969
 979	  28972.43359	 -4826.85791	 -59013.12109	  59019.12109
 976	  28971.62109	 -4824.17432	 -59012.12891	  59018.12891
 980	  28971.22461	 -4826.33105	 -59012.32031	  59018.32031
 979	  28972.43359	 -4826.85791	 -59013.12109	  59019.12109
 977	  28972.38281	 -4823.02832	 -59013.58203	  59019.58203
 981	  28971.6543	 -4826.97852	 -59013.92969	  59019.92969
 978	  28970.44922	 -4826.44971	 -59013.12891	  59019.12891
 979	  28972.43359	 -4826.85791	 -59013.12109	  59019.12109
 981	  28971.6543	 -4826.97852	 -59013.92969	  59019.92969
 977	  28972.38281	 -4823.02832	 -59013.58203	  59019.58203
 982	  28970.18945	 -4831.68262	 -59012.82813	  59018.82813
 978	  28970.44922	 -4826.44971	 -59013.12891	  59019.12891
 981	  28971.6543	 -4826.97852	 -59013.92969	  59019.92969
 983	  28972.74414	 -4828.12891	 -59012.625	  59018.625
 979	  28972.43359	 -4826.85791	 -59013.12109	  59019.12109
 980	  28971.22461	 -4826.33105	 -59012.32031	  59018.32031
 981	  28971.6543	 -4826.97852	 -59013.92969	  59019.92969
 984	  28971.39648	 -4832.21094	 -59013.625	  59019.625
 982	  28970.18945	 -4831.68262	 -59012.82813	  59018.82813
 985	  28970.54883	 -4835.45605	 -59012.03906	  59018.03906
 982	  28970.18945	 -4831.68262	 -59012.82813	  59018.82813
 984	  28971.39648	 -4832.21094	 -59013.625	  59019.625
 981	  28971.6543	 -4826.97852	 -59013.92969	  59019.92969
 979	  28972.43359	 -4826.85791	 -59013.12109	  59019.12109
 986	  28972.16602	 -4832.0835	 -59012.82422	  59018.82422
 986	  28972.16602	 -4832.0835	 -59012.82422	  59018.82422
 984	  28971.39648	 -4832.21094	 -59013.625	  59019.625
 981	  28971.6543	 -4826.97852	 -59013.92969	  59019.92969
 986	  28972.16602	 -4832.0835	 -59012.82422	  59018.82422
 979	  28972.43359	 -4826.85791	 -59013.12109	  59019.12109
 983	  28972.74414	 -4828.12891	 -59012.625	  59018.625
 984	  28971.39648	 -4832.21094	 -59013.625	  59019.625
 987	  28971.75781	 -4835.97363	 -59012.84766	  59018.84766
 985	  28970.54883	 -4835.45605	 -59012.03906	  59018.03906
 987	  28971.75781	 -4835.97363	 -59012.84766	  59018.84766
 984	  28971.39648	 -4832.21094	 -59013.625	  59019.625
 986	  28972.16602	 -4832.0835	 -59012.82422	  59018.82422
 988	  28971.63477	 -4837.06738	 -59010.72266	  59016.72266
 985	  28970.54883	 -4835.45605	 -59012.03906	  59018.03906
 987	  28971.75781	 -4835.97363	 -59012.84766	  59018.84766
 987	  28971.75781	 -4835.97363	 -59012.84766	  59018.84766
 946	  28972.84375	 -4837.58398	 -59011.52734	  59017.52734
 988	  28971.63477	 -4837.06738	 -59010.72266	  59016.72266
 946	  28972.84375	 -4837.58398	 -59011.52734	  59017.52734
 987	  28971.75781	 -4835.97363	 -59012.84766	  59018.84766
 989	  28972.36914	 -4834.14746	 -59012.39063	  59018.39063
 986	  28972.16602	 -4832.0835	 -59012.82422	  59018.82422
 989	  28972.36914	 -4834.14746	 -59012.39063	  59018.39063
 987	  28971.75781	 -4835.97363	 -59012.84766	  59018.84766
 989	  28972.36914	 -4834.14746	 -59012.39063	  59018.39063
 990	  28972.96289	 -4835.02979	 -59011.67188	  59017.67188
 946	  28972.84375	 -4837.58398	 -59011.52734	  59017.52734
 946	  28972.84375	 -4837.58398	 -59011.52734	  59017.52734
 990	  28972.96289	 -4835.02979	 -59011.67188	  59017.67188
 952	  28977.9707	 -4834.26318	 -59006.44141	  59012.44141
 989	  28972.36914	 -4834.14746	 -59012.39063	  59018.39063
 986	  28972.16602	 -4832.0835	 -59012.82422	  59018.82422
 991	  28970.96484	 -4831.56445	 -59012.01953	  59018.01953
 991	  28970.96484	 -4831.56445	 -59012.01953	  59018.01953
 992	  28971.16016	 -4833.63086	 -59011.58984	  59017.58984
 989	  28972.36914	 -4834.14746	 -59012.39063	  59018.39063
 990	  28972.96289	 -4835.02979	 -59011.67188	  59017.67188
 989	  28972.36914	 -4834.14746	 -59012.39063	  59018.39063
 992	  28971.16016	 -4833.63086	 -59011.58984	  59017.58984
 993	  28971.42578	 -4830.18066	 -59011.69922	  59017.69922
 991	  28970.96484	 -4831.56445	 -59012.01953	  59018.01953
 986	  28972.16602	 -4832.0835	 -59012.82422	  59018.82422
 992	  28971.16016	 -4833.63086	 -59011.58984	  59017.58984
 994	  28971.75195	 -4834.51221	 -59010.86328	  59016.86328
 990	  28972.96289	 -4835.02979	 -59011.67188	  59017.67188
 952	  28977.9707	 -4834.26318	 -59006.44141	  59012.44141
 990	  28972.96289	 -4835.02979	 -59011.67188	  59017.67188
 994	  28971.75195	 -4834.51221	 -59010.86328	  59016.86328
 994	  28971.75195	 -4834.51221	 -59010.86328	  59016.86328
 995	  28976.76172	 -4833.74512	 -59005.64453	  59011.64453
 952	  28977.9707	 -4834.26318	 -59006.44141	  59012.44141
 955	  28978.65625	 -4833.18506	 -59005.82813	  59011.82813
 952	  28977.9707	 -4834.26318	 -59006.44141	  59012.44141
 995	  28976.76172	 -4833.74512	 -59005.64453	  59011.64453
 995	  28976.76172	 -4833.74512	 -59005.64453	  59011.64453
 996	  28977.45117	 -4832.66846	 -59005.02734	  59011.02734
 955	  28978.65625	 -4833.18506	 -59005.82813	  59011.82813
 958	  28979.06055	 -4831.02832	 -59005.63672	  59011.63672
 955	  28978.65625	 -4833.18506	 -59005.82813	  59011.82813
 996	  28977.45117	 -4832.66846	 -59005.02734	  59011.02734
 996	  28977.45117	 -4832.66846	 -59005.02734	  59011.02734
 997	  28977.8457	 -4830.51025	 -59004.83594	  59010.83594
 958	  28979.06055	 -4831.02832	 -59005.63672	  59011.63672
 998	  28978.7832	 -4829.69189	 -59006.09375	  59012.09375
 958	  28979.06055	 -4831.02832	 -59005.63672	  59011.63672
 997	  28977.8457	 -4830.51025	 -59004.83594	  59010.83594
 986	  28972.16602	 -4832.0835	 -59012.82422	  59018.82422
 999	  28972.60547	 -4830.63818	 -59012.53906	  59018.53906
 993	  28971.42578	 -4830.18066	 -59011.69922	  59017.69922
 1000	  28977.54297	 -4829.24414	 -59005.32031	  59011.32031
 993	  28971.42578	 -4830.18066	 -59011.69922	  59017.69922
 999	  28972.60547	 -4830.63818	 -59012.53906	  59018.53906
 999	  28972.60547	 -4830.63818	 -59012.53906	  59018.53906
 998	  28978.7832	 -4829.69189	 -59006.09375	  59012.09375
 1000	  28977.54297	 -4829.24414	 -59005.32031	  59011.32031
 983	  28972.74414	 -4828.12891	 -59012.625	  59018.625
 999	  28972.60547	 -4830.63818	 -59012.53906	  59018.53906
 986	  28972.16602	 -4832.0835	 -59012.82422	  59018.82422
 958	  28979.06055	 -4831.02832	 -59005.63672	  59011.63672
 998	  28978.7832	 -4829.69189	 -59006.09375	  59012.09375
 1001	  28978.8418	 -4827.19531	 -59006.26563	  59012.26563
 1001	  28978.8418	 -4827.19531	 -59006.26563	  59012.26563
 998	  28978.7832	 -4829.69189	 -59006.09375	  59012.09375
 999	  28972.60547	 -4830.63818	 -59012.53906	  59018.53906
 999	  28972.60547	 -4830.63818	 -59012.53906	  59018.53906
 983	  28972.74414	 -4828.12891	 -59012.625	  59018.625
 1001	  28978.8418	 -4827.19531	 -59006.26563	  59012.26563
 1001	  28978.8418	 -4827.19531	 -59006.26563	  59012.26563
 961	  28979.30859	 -4825.80615	 -59005.94141	  59011.94141
 958	  28979.06055	 -4831.02832	 -59005.63672	  59011.63672
 1001	  28978.8418	 -4827.19531	 -59006.26563	  59012.26563
 983	  28972.74414	 -4828.12891	 -59012.625	  59018.625
 1002	  28971.52539	 -4827.6333	 -59011.82813	  59017.82813
 961	  28979.30859	 -4825.80615	 -59005.94141	  59011.94141
 1001	  28978.8418	 -4827.19531	 -59006.26563	  59012.26563
 1003	  28977.64258	 -4826.69629	 -59005.45313	  59011.45313
 1002	  28971.52539	 -4827.6333	 -59011.82813	  59017.82813
 1003	  28977.64258	 -4826.69629	 -59005.45313	  59011.45313
 1001	  28978.8418	 -4827.19531	 -59006.26563	  59012.26563
 1004	  28954.71289	 -4831.29834	 -58859.65234	  58865.65234
 1005	  28960.94141	 -4830.87549	 -58863.86328	  58869.86328
 1006	  28961.91211	 -4831.32666	 -58862.85547	  58868.85547
 1006	  28961.91211	 -4831.32666	 -58862.85547	  58868.85547
 1007	  28955.6875	 -4831.74951	 -58858.64453	  58864.64453
 1004	  28954.71289	 -4831.29834	 -58859.65234	  58865.65234
 1008	  28953.32031	 -4829.59961	 -58858.57813	  58864.57813
 1009	  28954.71289	 -4831.29834	 -58859.65234	  58865.65234
 1007	  28955.6875	 -4831.74951	 -58858.64453	  58864.64453
 1007	  28955.6875	 -4831.74951	 -58858.64453	  58864.64453
 1010	  28954.29297	 -4830.05176	 -58857.57031	  58863.57031
 1008	  28953.32031	 -4829.59961	 -58858.57813	  58864.57813
 1011	  28952.76953	 -4825.77393	 -58857.92188	  58863.92188
 1008	  28953.32031	 -4829.59961	 -58858.57813	  58864.57813
 1010	  28954.29297	 -4830.05176	 -58857.57031	  58863.57031
 1012	  28955.77344	 -4829.18604	 -58858.51563	  58864.51563
 1007	  28955.6875	 -4831.74951	 -58858.64453	  58864.64453
 1006	  28961.91211	 -4831.32666	 -58862.85547	  58868.85547
 1010	  28954.29297	 -4830.05176	 -58857.57031	  58863.57031
 1013	  28953.74414	 -4826.23633	 -58856.91797	  58862.91797
 1011	  28952.76953	 -4825.77393	 -58857.92188	  58863.92188
 1014	  28952.95508	 -4820.52051	 -58857.64453	  58863.64453
 1011	  28952.76953	 -4825.77393	 -58857.92188	  58863.92188
 1013	  28953.74414	 -4826.23633	 -58856.91797	  58862.91797
 1015	  28955.00977	 -4828.25586	 -58857.92578	  58863.92578
 1010	  28954.29297	 -4830.05176	 -58857.57031	  58863.57031
 1007	  28955.6875	 -4831.74951	 -58858.64453	  58864.64453
 1007	  28955.6875	 -4831.74951	 -58858.64453	  58864.64453
 1012	  28955.77344	 -4829.18604	 -58858.51563	  58864.51563
 1015	  28955.00977	 -4828.25586	 -58857.92578	  58863.92578
 1013	  28953.74414	 -4826.23633	 -58856.91797	  58862.91797
 1016	  28953.92969	 -4820.98242	 -58856.63672	  58862.63672
 1014	  28952.95508	 -4820.52051	 -58857.64453	  58863.64453
 1017	  28953.76172	 -4816.60352	 -58857.90234	  58863.90234
 1014	  28952.95508	 -4820.52051	 -58857.64453	  58863.64453
 1016	  28953.92969	 -4820.98242	 -58856.63672	  58862.63672
 1018	  28954.70703	 -4826.1626	 -58857.5625	  58863.5625
 1013	  28953.74414	 -4826.23633	 -58856.91797	  58862.91797
 1010	  28954.29297	 -4830.05176	 -58857.57031	  58863.57031
 1010	  28954.29297	 -4830.05176	 -58857.57031	  58863.57031
 1015	  28955.00977	 -4828.25586	 -58857.92578	  58863.92578
 1018	  28954.70703	 -4826.1626	 -58857.5625	  58863.5625
 1016	  28953.92969	 -4820.98242	 -58856.63672	  58862.63672
 1019	  28954.73633	 -4817.05469	 -58856.89453	  58862.89453
 1017	  28953.76172	 -4816.60352	 -58857.90234	  58863.90234
 1020	  28955.27539	 -4814.70752	 -58858.79297	  58864.79297
 1017	  28953.76172	 -4816.60352	 -58857.90234	  58863.90234
 1019	  28954.73633	 -4817.05469	 -58856.89453	  58862.89453
 1021	  28954.90039	 -4820.91602	 -58857.29297	  58863.29297
 1016	  28953.92969	 -4820.98242	 -58856.63672	  58862.63672
 1013	  28953.74414	 -4826.23633	 -58856.91797	  58862.91797
 1019	  28954.73633	 -4817.05469	 -58856.89453	  58862.89453
 1016	  28953.92969	 -4820.98242	 -58856.63672	  58862.63672
 1021	  28954.90039	 -4820.91602	 -58857.29297	  58863.29297
 1013	  28953.74414	 -4826.23633	 -58856.91797	  58862.91797
 1018	  28954.70703	 -4826.1626	 -58857.5625	  58863.5625
 1021	  28954.90039	 -4820.91602	 -58857.29297	  58863.29297
 1019	  28954.73633	 -4817.05469	 -58856.89453	  58862.89453
 1022	  28956.25	 -4815.15869	 -58857.78906	  58863.78906
 1020	  28955.27539	 -4814.70752	 -58858.79297	  58864.79297
 1023	  28961.50	 -4814.28418	 -58863.00391	  58869.00391
 1024	  28955.27539	 -4814.70752	 -58858.79297	  58864.79297
 1022	  28956.25	 -4815.15869	 -58857.78906	  58863.78906
 1022	  28956.25	 -4815.15869	 -58857.78906	  58863.78906
 1025	  28962.47461	 -4814.73682	 -58861.99609	  58867.99609
 1023	  28961.50	 -4814.28418	 -58863.00391	  58869.00391
 1021	  28954.90039	 -4820.91602	 -58857.29297	  58863.29297
 1026	  28955.33594	 -4818.76172	 -58857.42969	  58863.42969
 1019	  28954.73633	 -4817.05469	 -58856.89453	  58862.89453
 1022	  28956.25	 -4815.15869	 -58857.78906	  58863.78906
 1019	  28954.73633	 -4817.05469	 -58856.89453	  58862.89453
 1026	  28955.33594	 -4818.76172	 -58857.42969	  58863.42969
 1026	  28955.33594	 -4818.76172	 -58857.42969	  58863.42969
 1021	  28954.90039	 -4820.91602	 -58857.29297	  58863.29297
 1027	  28953.91992	 -4820.45557	 -58858.29297	  58864.29297
 1027	  28953.91992	 -4820.45557	 -58858.29297	  58864.29297
 1028	  28954.36133	 -4818.30957	 -58858.4375	  58864.4375
 1026	  28955.33594	 -4818.76172	 -58857.42969	  58863.42969
 1029	  28956.16406	 -4817.72363	 -58857.91797	  58863.91797
 1026	  28955.33594	 -4818.76172	 -58857.42969	  58863.42969
 1028	  28954.36133	 -4818.30957	 -58858.4375	  58864.4375
 1026	  28955.33594	 -4818.76172	 -58857.42969	  58863.42969
 1029	  28956.16406	 -4817.72363	 -58857.91797	  58863.91797
 1022	  28956.25	 -4815.15869	 -58857.78906	  58863.78906
 1028	  28954.36133	 -4818.30957	 -58858.4375	  58864.4375
 1030	  28955.18945	 -4817.27246	 -58858.92578	  58864.92578
 1029	  28956.16406	 -4817.72363	 -58857.91797	  58863.91797
 1022	  28956.25	 -4815.15869	 -58857.78906	  58863.78906
 1029	  28956.16406	 -4817.72363	 -58857.91797	  58863.91797
 1031	  28962.38867	 -4817.30078	 -58862.125	  58868.125
 1031	  28962.38867	 -4817.30078	 -58862.125	  58868.125
 1029	  28956.16406	 -4817.72363	 -58857.91797	  58863.91797
 1030	  28955.18945	 -4817.27246	 -58858.92578	  58864.92578
 1031	  28962.38867	 -4817.30078	 -58862.125	  58868.125
 1025	  28962.47461	 -4814.73682	 -58861.99609	  58867.99609
 1022	  28956.25	 -4815.15869	 -58857.78906	  58863.78906
 1030	  28955.18945	 -4817.27246	 -58858.92578	  58864.92578
 1032	  28961.41406	 -4816.84961	 -58863.13672	  58869.13672
 1031	  28962.38867	 -4817.30078	 -58862.125	  58868.125
 1033	  28962.89648	 -4815.98291	 -58864.08203	  58870.08203
 1034	  28961.50	 -4814.28418	 -58863.00391	  58869.00391
 1025	  28962.47461	 -4814.73682	 -58861.99609	  58867.99609
 1035	  28963.1543	 -4818.23096	 -58862.71875	  58868.71875
 1031	  28962.38867	 -4817.30078	 -58862.125	  58868.125
 1032	  28961.41406	 -4816.84961	 -58863.13672	  58869.13672
 1025	  28962.47461	 -4814.73682	 -58861.99609	  58867.99609
 1031	  28962.38867	 -4817.30078	 -58862.125	  58868.125
 1035	  28963.1543	 -4818.23096	 -58862.71875	  58868.71875
 1032	  28961.41406	 -4816.84961	 -58863.13672	  58869.13672
 1036	  28962.17773	 -4817.7793	 -58863.72266	  58869.72266
 1035	  28963.1543	 -4818.23096	 -58862.71875	  58868.71875
 1025	  28962.47461	 -4814.73682	 -58861.99609	  58867.99609
 1037	  28963.87305	 -4816.43408	 -58863.07422	  58869.07422
 1033	  28962.89648	 -4815.98291	 -58864.08203	  58870.08203
 1035	  28963.1543	 -4818.23096	 -58862.71875	  58868.71875
 1037	  28963.87305	 -4816.43408	 -58863.07422	  58869.07422
 1025	  28962.47461	 -4814.73682	 -58861.99609	  58867.99609
 1038	  28963.44141	 -4819.80859	 -58864.73438	  58870.73438
 1033	  28962.89648	 -4815.98291	 -58864.08203	  58870.08203
 1037	  28963.87305	 -4816.43408	 -58863.07422	  58869.07422
 1039	  28963.44727	 -4820.33643	 -58863.07422	  58869.07422
 1035	  28963.1543	 -4818.23096	 -58862.71875	  58868.71875
 1036	  28962.17773	 -4817.7793	 -58863.72266	  58869.72266
 1037	  28963.87305	 -4816.43408	 -58863.07422	  58869.07422
 1035	  28963.1543	 -4818.23096	 -58862.71875	  58868.71875
 1039	  28963.44727	 -4820.33643	 -58863.07422	  58869.07422
 1036	  28962.17773	 -4817.7793	 -58863.72266	  58869.72266
 1040	  28962.47656	 -4819.87402	 -58864.08203	  58870.08203
 1039	  28963.44727	 -4820.33643	 -58863.07422	  58869.07422
 1037	  28963.87305	 -4816.43408	 -58863.07422	  58869.07422
 1041	  28964.41602	 -4820.27051	 -58863.73047	  58869.73047
 1038	  28963.44141	 -4819.80859	 -58864.73438	  58870.73438
 1039	  28963.44727	 -4820.33643	 -58863.07422	  58869.07422
 1041	  28964.41602	 -4820.27051	 -58863.73047	  58869.73047
 1037	  28963.87305	 -4816.43408	 -58863.07422	  58869.07422
 1042	  28963.25586	 -4825.06201	 -58865.01172	  58871.01172
 1038	  28963.44141	 -4819.80859	 -58864.73438	  58870.73438
 1041	  28964.41602	 -4820.27051	 -58863.73047	  58869.73047
 1043	  28962.90625	 -4821.70508	 -58862.82813	  58868.82813
 1039	  28963.44727	 -4820.33643	 -58863.07422	  58869.07422
 1040	  28962.47656	 -4819.87402	 -58864.08203	  58870.08203
 1041	  28964.41602	 -4820.27051	 -58863.73047	  58869.73047
 1044	  28964.23242	 -4825.52539	 -58864.00781	  58870.00781
 1042	  28963.25586	 -4825.06201	 -58865.01172	  58871.01172
 1045	  28962.45313	 -4828.979	 -58864.75781	  58870.75781
 1042	  28963.25586	 -4825.06201	 -58865.01172	  58871.01172
 1044	  28964.23242	 -4825.52539	 -58864.00781	  58870.00781
 1041	  28964.41602	 -4820.27051	 -58863.73047	  58869.73047
 1039	  28963.44727	 -4820.33643	 -58863.07422	  58869.07422
 1046	  28963.27148	 -4825.58105	 -58863.35938	  58869.35938
 1046	  28963.27148	 -4825.58105	 -58863.35938	  58869.35938
 1044	  28964.23242	 -4825.52539	 -58864.00781	  58870.00781
 1041	  28964.41602	 -4820.27051	 -58863.73047	  58869.73047
 1046	  28963.27148	 -4825.58105	 -58863.35938	  58869.35938
 1039	  28963.44727	 -4820.33643	 -58863.07422	  58869.07422
 1043	  28962.90625	 -4821.70508	 -58862.82813	  58868.82813
 1044	  28964.23242	 -4825.52539	 -58864.00781	  58870.00781
 1047	  28963.42969	 -4829.43164	 -58863.75	  58869.75
 1045	  28962.45313	 -4828.979	 -58864.75781	  58870.75781
 1047	  28963.42969	 -4829.43164	 -58863.75	  58869.75
 1044	  28964.23242	 -4825.52539	 -58864.00781	  58870.00781
 1046	  28963.27148	 -4825.58105	 -58863.35938	  58869.35938
 1048	  28960.94141	 -4830.87549	 -58863.86328	  58869.86328
 1045	  28962.45313	 -4828.979	 -58864.75781	  58870.75781
 1047	  28963.42969	 -4829.43164	 -58863.75	  58869.75
 1047	  28963.42969	 -4829.43164	 -58863.75	  58869.75
 1006	  28961.91211	 -4831.32666	 -58862.85547	  58868.85547
 1048	  28960.94141	 -4830.87549	 -58863.86328	  58869.86328
 1006	  28961.91211	 -4831.32666	 -58862.85547	  58868.85547
 1047	  28963.42969	 -4829.43164	 -58863.75	  58869.75
 1049	  28962.82813	 -4827.72461	 -58863.21484	  58869.21484
 1046	  28963.27148	 -4825.58105	 -58863.35938	  58869.35938
 1049	  28962.82813	 -4827.72461	 -58863.21484	  58869.21484
 1047	  28963.42969	 -4829.43164	 -58863.75	  58869.75
 1049	  28962.82813	 -4827.72461	 -58863.21484	  58869.21484
 1050	  28961.99609	 -4828.7627	 -58862.72656	  58868.72656
 1006	  28961.91211	 -4831.32666	 -58862.85547	  58868.85547
 1006	  28961.91211	 -4831.32666	 -58862.85547	  58868.85547
 1050	  28961.99609	 -4828.7627	 -58862.72656	  58868.72656
 1012	  28955.77344	 -4829.18604	 -58858.51563	  58864.51563
 1049	  28962.82813	 -4827.72461	 -58863.21484	  58869.21484
 1046	  28963.27148	 -4825.58105	 -58863.35938	  58869.35938
 1051	  28962.29102	 -4825.12744	 -58864.35938	  58870.35938
 1051	  28962.29102	 -4825.12744	 -58864.35938	  58870.35938
 1052	  28961.85156	 -4827.27344	 -58864.21875	  58870.21875
 1049	  28962.82813	 -4827.72461	 -58863.21484	  58869.21484
 1050	  28961.99609	 -4828.7627	 -58862.72656	  58868.72656
 1049	  28962.82813	 -4827.72461	 -58863.21484	  58869.21484
 1052	  28961.85156	 -4827.27344	 -58864.21875	  58870.21875
 1053	  28961.87305	 -4823.82959	 -58863.96094	  58869.96094
 1051	  28962.29102	 -4825.12744	 -58864.35938	  58870.35938
 1046	  28963.27148	 -4825.58105	 -58863.35938	  58869.35938
 1052	  28961.85156	 -4827.27344	 -58864.21875	  58870.21875
 1054	  28961.02539	 -4828.31152	 -58863.73828	  58869.73828
 1050	  28961.99609	 -4828.7627	 -58862.72656	  58868.72656
 1012	  28955.77344	 -4829.18604	 -58858.51563	  58864.51563
 1050	  28961.99609	 -4828.7627	 -58862.72656	  58868.72656
 1054	  28961.02539	 -4828.31152	 -58863.73828	  58869.73828
 1054	  28961.02539	 -4828.31152	 -58863.73828	  58869.73828
 1055	  28954.79688	 -4828.7334	 -58859.52344	  58865.52344
 1012	  28955.77344	 -4829.18604	 -58858.51563	  58864.51563
 1015	  28955.00977	 -4828.25586	 -58857.92578	  58863.92578
 1012	  28955.77344	 -4829.18604	 -58858.51563	  58864.51563
 1055	  28954.79688	 -4828.7334	 -58859.52344	  58865.52344
 1055	  28954.79688	 -4828.7334	 -58859.52344	  58865.52344
 1056	  28954.03516	 -4827.80469	 -58858.92969	  58864.92969
 1015	  28955.00977	 -4828.25586	 -58857.92578	  58863.92578
 1018	  28954.70703	 -4826.1626	 -58857.5625	  58863.5625
 1015	  28955.00977	 -4828.25586	 -58857.92578	  58863.92578
 1056	  28954.03516	 -4827.80469	 -58858.92969	  58864.92969
 1056	  28954.03516	 -4827.80469	 -58858.92969	  58864.92969
 1057	  28953.73438	 -4825.70898	 -58858.57031	  58864.57031
 1018	  28954.70703	 -4826.1626	 -58857.5625	  58863.5625
 1058	  28955.20703	 -4824.73535	 -58857.77734	  58863.77734
 1018	  28954.70703	 -4826.1626	 -58857.5625	  58863.5625
 1057	  28953.73438	 -4825.70898	 -58858.57031	  58864.57031
 1046	  28963.27148	 -4825.58105	 -58863.35938	  58869.35938
 1059	  28962.89258	 -4824.21338	 -58862.97656	  58868.97656
 1053	  28961.87305	 -4823.82959	 -58863.96094	  58869.96094
 1060	  28954.27148	 -4824.34619	 -58858.81641	  58864.81641
 1053	  28961.87305	 -4823.82959	 -58863.96094	  58869.96094
 1059	  28962.89258	 -4824.21338	 -58862.97656	  58868.97656
 1059	  28962.89258	 -4824.21338	 -58862.97656	  58868.97656
 1058	  28955.20703	 -4824.73535	 -58857.77734	  58863.77734
 1060	  28954.27148	 -4824.34619	 -58858.81641	  58864.81641
 1043	  28962.90625	 -4821.70508	 -58862.82813	  58868.82813
 1059	  28962.89258	 -4824.21338	 -58862.97656	  58868.97656
 1046	  28963.27148	 -4825.58105	 -58863.35938	  58869.35938
 1018	  28954.70703	 -4826.1626	 -58857.5625	  58863.5625
 1058	  28955.20703	 -4824.73535	 -58857.77734	  58863.77734
 1061	  28955.32617	 -4822.21924	 -58857.69922	  58863.69922
 1061	  28955.32617	 -4822.21924	 -58857.69922	  58863.69922
 1058	  28955.20703	 -4824.73535	 -58857.77734	  58863.77734
 1059	  28962.89258	 -4824.21338	 -58862.97656	  58868.97656
 1059	  28962.89258	 -4824.21338	 -58862.97656	  58868.97656
 1043	  28962.90625	 -4821.70508	 -58862.82813	  58868.82813
 1061	  28955.32617	 -4822.21924	 -58857.69922	  58863.69922
 1061	  28955.32617	 -4822.21924	 -58857.69922	  58863.69922
 1021	  28954.90039	 -4820.91602	 -58857.29297	  58863.29297
 1018	  28954.70703	 -4826.1626	 -58857.5625	  58863.5625
 1061	  28955.32617	 -4822.21924	 -58857.69922	  58863.69922
 1043	  28962.90625	 -4821.70508	 -58862.82813	  58868.82813
 1062	  28961.94336	 -4821.27344	 -58863.84375	  58869.84375
 1021	  28954.90039	 -4820.91602	 -58857.29297	  58863.29297
 1061	  28955.32617	 -4822.21924	 -58857.69922	  58863.69922
 1063	  28954.3418	 -4821.78906	 -58858.69922	  58864.69922
 1062	  28961.94336	 -4821.27344	 -58863.84375	  58869.84375
 1063	  28954.3418	 -4821.78906	 -58858.69922	  58864.69922
 1061	  28955.32617	 -4822.21924	 -58857.69922	  58863.69922
 1064	  29009.52148	 -4827.57764	 -58896.73047	  58902.73047
 1065	  29015.74609	 -4827.15576	 -58900.9375	  58906.9375
 1066	  29016.7207	 -4827.60693	 -58899.93359	  58905.93359
 1066	  29016.7207	 -4827.60693	 -58899.93359	  58905.93359
 1067	  29010.49609	 -4828.03027	 -58895.72266	  58901.72266
 1064	  29009.52148	 -4827.57764	 -58896.73047	  58902.73047
 1068	  29008.12891	 -4825.87988	 -58895.65625	  58901.65625
 1069	  29009.52148	 -4827.57764	 -58896.73047	  58902.73047
 1067	  29010.49609	 -4828.03027	 -58895.72266	  58901.72266
 1067	  29010.49609	 -4828.03027	 -58895.72266	  58901.72266
 1070	  29009.10156	 -4826.33105	 -58894.64844	  58900.64844
 1068	  29008.12891	 -4825.87988	 -58895.65625	  58901.65625
 1071	  29007.57813	 -4822.05322	 -58895.00	  58901.00
 1068	  29008.12891	 -4825.87988	 -58895.65625	  58901.65625
 1070	  29009.10156	 -4826.33105	 -58894.64844	  58900.64844
 1072	  29010.58203	 -4825.46484	 -58895.59375	  58901.59375
 1067	  29010.49609	 -4828.03027	 -58895.72266	  58901.72266
 1066	  29016.7207	 -4827.60693	 -58899.93359	  58905.93359
 1070	  29009.10156	 -4826.33105	 -58894.64844	  58900.64844
 1073	  29008.55273	 -4822.51611	 -58893.99609	  58899.99609
 1071	  29007.57813	 -4822.05322	 -58895.00	  58901.00
 1074	  29007.76367	 -4816.79932	 -58894.72266	  58900.72266
 1071	  29007.57813	 -4822.05322	 -58895.00	  58901.00
 1073	  29008.55273	 -4822.51611	 -58893.99609	  58899.99609
 1075	  29009.81641	 -4824.53418	 -58895.00391	  58901.00391
 1070	  29009.10156	 -4826.33105	 -58894.64844	  58900.64844
 1067	  29010.49609	 -4828.03027	 -58895.72266	  58901.72266
 1067	  29010.49609	 -4828.03027	 -58895.72266	  58901.72266
 1072	  29010.58203	 -4825.46484	 -58895.59375	  58901.59375
 1075	  29009.81641	 -4824.53418	 -58895.00391	  58901.00391
 1073	  29008.55273	 -4822.51611	 -58893.99609	  58899.99609
 1076	  29008.73828	 -4817.2627	 -58893.71484	  58899.71484
 1074	  29007.76367	 -4816.79932	 -58894.72266	  58900.72266
 1077	  29008.57031	 -4812.88232	 -58894.98047	  58900.98047
 1074	  29007.76367	 -4816.79932	 -58894.72266	  58900.72266
 1076	  29008.73828	 -4817.2627	 -58893.71484	  58899.71484
 1078	  29009.51563	 -4822.44141	 -58894.64063	  58900.64063
 1073	  29008.55273	 -4822.51611	 -58893.99609	  58899.99609
 1070	  29009.10156	 -4826.33105	 -58894.64844	  58900.64844
 1070	  29009.10156	 -4826.33105	 -58894.64844	  58900.64844
 1075	  29009.81641	 -4824.53418	 -58895.00391	  58901.00391
 1078	  29009.51563	 -4822.44141	 -58894.64063	  58900.64063
 1076	  29008.73828	 -4817.2627	 -58893.71484	  58899.71484
 1079	  29009.54492	 -4813.33301	 -58893.97266	  58899.97266
 1077	  29008.57031	 -4812.88232	 -58894.98047	  58900.98047
 1080	  29010.08398	 -4810.98633	 -58895.87109	  58901.87109
 1077	  29008.57031	 -4812.88232	 -58894.98047	  58900.98047
 1079	  29009.54492	 -4813.33301	 -58893.97266	  58899.97266
 1081	  29009.70898	 -4817.1958	 -58894.37109	  58900.37109
 1076	  29008.73828	 -4817.2627	 -58893.71484	  58899.71484
 1073	  29008.55273	 -4822.51611	 -58893.99609	  58899.99609
 1079	  29009.54492	 -4813.33301	 -58893.97266	  58899.97266
 1076	  29008.73828	 -4817.2627	 -58893.71484	  58899.71484
 1081	  29009.70898	 -4817.1958	 -58894.37109	  58900.37109
 1073	  29008.55273	 -4822.51611	 -58893.99609	  58899.99609
 1078	  29009.51563	 -4822.44141	 -58894.64063	  58900.64063
 1081	  29009.70898	 -4817.1958	 -58894.37109	  58900.37109
 1079	  29009.54492	 -4813.33301	 -58893.97266	  58899.97266
 1082	  29011.05859	 -4811.43896	 -58894.86719	  58900.86719
 1080	  29010.08398	 -4810.98633	 -58895.87109	  58901.87109
 1083	  29016.30859	 -4810.56445	 -58900.08203	  58906.08203
 1084	  29010.08398	 -4810.98633	 -58895.87109	  58901.87109
 1082	  29011.05859	 -4811.43896	 -58894.86719	  58900.86719
 1082	  29011.05859	 -4811.43896	 -58894.86719	  58900.86719
 1085	  29017.28125	 -4811.01563	 -58899.07813	  58905.07813
 1083	  29016.30859	 -4810.56445	 -58900.08203	  58906.08203
 1081	  29009.70898	 -4817.1958	 -58894.37109	  58900.37109
 1086	  29010.14453	 -4815.04102	 -58894.50781	  58900.50781
 1079	  29009.54492	 -4813.33301	 -58893.97266	  58899.97266
 1082	  29011.05859	 -4811.43896	 -58894.86719	  58900.86719
 1079	  29009.54492	 -4813.33301	 -58893.97266	  58899.97266
 1086	  29010.14453	 -4815.04102	 -58894.50781	  58900.50781
 1086	  29010.14453	 -4815.04102	 -58894.50781	  58900.50781
 1081	  29009.70898	 -4817.1958	 -58894.37109	  58900.37109
 1087	  29008.72852	 -4816.73389	 -58895.37109	  58901.37109
 1087	  29008.72852	 -4816.73389	 -58895.37109	  58901.37109
 1088	  29009.16797	 -4814.58984	 -58895.51172	  58901.51172
 1086	  29010.14453	 -4815.04102	 -58894.50781	  58900.50781
 1089	  29010.97266	 -4814.00244	 -58894.99609	  58900.99609
 1086	  29010.14453	 -4815.04102	 -58894.50781	  58900.50781
 1088	  29009.16797	 -4814.58984	 -58895.51172	  58901.51172
 1086	  29010.14453	 -4815.04102	 -58894.50781	  58900.50781
 1089	  29010.97266	 -4814.00244	 -58894.99609	  58900.99609
 1082	  29011.05859	 -4811.43896	 -58894.86719	  58900.86719
 1088	  29009.16797	 -4814.58984	 -58895.51172	  58901.51172
 1090	  29009.99805	 -4813.55127	 -58896.00391	  58902.00391
 1089	  29010.97266	 -4814.00244	 -58894.99609	  58900.99609
 1082	  29011.05859	 -4811.43896	 -58894.86719	  58900.86719
 1089	  29010.97266	 -4814.00244	 -58894.99609	  58900.99609
 1091	  29017.19727	 -4813.58057	 -58899.20313	  58905.20313
 1091	  29017.19727	 -4813.58057	 -58899.20313	  58905.20313
 1089	  29010.97266	 -4814.00244	 -58894.99609	  58900.99609
 1090	  29009.99805	 -4813.55127	 -58896.00391	  58902.00391
 1091	  29017.19727	 -4813.58057	 -58899.20313	  58905.20313
 1085	  29017.28125	 -4811.01563	 -58899.07813	  58905.07813
 1082	  29011.05859	 -4811.43896	 -58894.86719	  58900.86719
 1090	  29009.99805	 -4813.55127	 -58896.00391	  58902.00391
 1092	  29016.22266	 -4813.12793	 -58900.21484	  58906.21484
 1091	  29017.19727	 -4813.58057	 -58899.20313	  58905.20313
 1093	  29017.70313	 -4812.26172	 -58901.16016	  58907.16016
 1094	  29016.30859	 -4810.56445	 -58900.08203	  58906.08203
 1085	  29017.28125	 -4811.01563	 -58899.07813	  58905.07813
 1095	  29017.96289	 -4814.50977	 -58899.79688	  58905.79688
 1091	  29017.19727	 -4813.58057	 -58899.20313	  58905.20313
 1092	  29016.22266	 -4813.12793	 -58900.21484	  58906.21484
 1085	  29017.28125	 -4811.01563	 -58899.07813	  58905.07813
 1091	  29017.19727	 -4813.58057	 -58899.20313	  58905.20313
 1095	  29017.96289	 -4814.50977	 -58899.79688	  58905.79688
 1092	  29016.22266	 -4813.12793	 -58900.21484	  58906.21484
 1096	  29016.98633	 -4814.05859	 -58900.80078	  58906.80078
 1095	  29017.96289	 -4814.50977	 -58899.79688	  58905.79688
 1085	  29017.28125	 -4811.01563	 -58899.07813	  58905.07813
 1097	  29018.67969	 -4812.71387	 -58900.15234	  58906.15234
 1093	  29017.70313	 -4812.26172	 -58901.16016	  58907.16016
 1095	  29017.96289	 -4814.50977	 -58899.79688	  58905.79688
 1097	  29018.67969	 -4812.71387	 -58900.15234	  58906.15234
 1085	  29017.28125	 -4811.01563	 -58899.07813	  58905.07813
 1098	  29018.24805	 -4816.08838	 -58901.8125	  58907.8125
 1093	  29017.70313	 -4812.26172	 -58901.16016	  58907.16016
 1097	  29018.67969	 -4812.71387	 -58900.15234	  58906.15234
 1099	  29018.25586	 -4816.61475	 -58900.15234	  58906.15234
 1095	  29017.96289	 -4814.50977	 -58899.79688	  58905.79688
 1096	  29016.98633	 -4814.05859	 -58900.80078	  58906.80078
 1097	  29018.67969	 -4812.71387	 -58900.15234	  58906.15234
 1095	  29017.96289	 -4814.50977	 -58899.79688	  58905.79688
 1099	  29018.25586	 -4816.61475	 -58900.15234	  58906.15234
 1096	  29016.98633	 -4814.05859	 -58900.80078	  58906.80078
 1100	  29017.28516	 -4816.15381	 -58901.16016	  58907.16016
 1099	  29018.25586	 -4816.61475	 -58900.15234	  58906.15234
 1097	  29018.67969	 -4812.71387	 -58900.15234	  58906.15234
 1101	  29019.22266	 -4816.55078	 -58900.80859	  58906.80859
 1098	  29018.24805	 -4816.08838	 -58901.8125	  58907.8125
 1099	  29018.25586	 -4816.61475	 -58900.15234	  58906.15234
 1101	  29019.22266	 -4816.55078	 -58900.80859	  58906.80859
 1097	  29018.67969	 -4812.71387	 -58900.15234	  58906.15234
 1102	  29018.0625	 -4821.34229	 -58902.08984	  58908.08984
 1098	  29018.24805	 -4816.08838	 -58901.8125	  58907.8125
 1101	  29019.22266	 -4816.55078	 -58900.80859	  58906.80859
 1103	  29017.71484	 -4817.98438	 -58899.90625	  58905.90625
 1099	  29018.25586	 -4816.61475	 -58900.15234	  58906.15234
 1100	  29017.28516	 -4816.15381	 -58901.16016	  58907.16016
 1101	  29019.22266	 -4816.55078	 -58900.80859	  58906.80859
 1104	  29019.03906	 -4821.8042	 -58901.08594	  58907.08594
 1102	  29018.0625	 -4821.34229	 -58902.08984	  58908.08984
 1105	  29017.25977	 -4825.25928	 -58901.83594	  58907.83594
 1102	  29018.0625	 -4821.34229	 -58902.08984	  58908.08984
 1104	  29019.03906	 -4821.8042	 -58901.08594	  58907.08594
 1101	  29019.22266	 -4816.55078	 -58900.80859	  58906.80859
 1099	  29018.25586	 -4816.61475	 -58900.15234	  58906.15234
 1106	  29018.08008	 -4821.85986	 -58900.4375	  58906.4375
 1106	  29018.08008	 -4821.85986	 -58900.4375	  58906.4375
 1104	  29019.03906	 -4821.8042	 -58901.08594	  58907.08594
 1101	  29019.22266	 -4816.55078	 -58900.80859	  58906.80859
 1106	  29018.08008	 -4821.85986	 -58900.4375	  58906.4375
 1099	  29018.25586	 -4816.61475	 -58900.15234	  58906.15234
 1103	  29017.71484	 -4817.98438	 -58899.90625	  58905.90625
 1104	  29019.03906	 -4821.8042	 -58901.08594	  58907.08594
 1107	  29018.23633	 -4825.71045	 -58900.82813	  58906.82813
 1105	  29017.25977	 -4825.25928	 -58901.83594	  58907.83594
 1107	  29018.23633	 -4825.71045	 -58900.82813	  58906.82813
 1104	  29019.03906	 -4821.8042	 -58901.08594	  58907.08594
 1106	  29018.08008	 -4821.85986	 -58900.4375	  58906.4375
 1108	  29015.74609	 -4827.15576	 -58900.9375	  58906.9375
 1105	  29017.25977	 -4825.25928	 -58901.83594	  58907.83594
 1107	  29018.23633	 -4825.71045	 -58900.82813	  58906.82813
 1107	  29018.23633	 -4825.71045	 -58900.82813	  58906.82813
 1066	  29016.7207	 -4827.60693	 -58899.93359	  58905.93359
 1108	  29015.74609	 -4827.15576	 -58900.9375	  58906.9375
 1066	  29016.7207	 -4827.60693	 -58899.93359	  58905.93359
 1107	  29018.23633	 -4825.71045	 -58900.82813	  58906.82813
 1109	  29017.63672	 -4824.00439	 -58900.29297	  58906.29297
 1106	  29018.08008	 -4821.85986	 -58900.4375	  58906.4375
 1109	  29017.63672	 -4824.00439	 -58900.29297	  58906.29297
 1107	  29018.23633	 -4825.71045	 -58900.82813	  58906.82813
 1109	  29017.63672	 -4824.00439	 -58900.29297	  58906.29297
 1110	  29016.80469	 -4825.04199	 -58899.80078	  58905.80078
 1066	  29016.7207	 -4827.60693	 -58899.93359	  58905.93359
 1066	  29016.7207	 -4827.60693	 -58899.93359	  58905.93359
 1110	  29016.80469	 -4825.04199	 -58899.80078	  58905.80078
 1072	  29010.58203	 -4825.46484	 -58895.59375	  58901.59375
 1109	  29017.63672	 -4824.00439	 -58900.29297	  58906.29297
 1106	  29018.08008	 -4821.85986	 -58900.4375	  58906.4375
 1111	  29017.09961	 -4821.40771	 -58901.4375	  58907.4375
 1111	  29017.09961	 -4821.40771	 -58901.4375	  58907.4375
 1112	  29016.66016	 -4823.55225	 -58901.29688	  58907.29688
 1109	  29017.63672	 -4824.00439	 -58900.29297	  58906.29297
 1110	  29016.80469	 -4825.04199	 -58899.80078	  58905.80078
 1109	  29017.63672	 -4824.00439	 -58900.29297	  58906.29297
 1112	  29016.66016	 -4823.55225	 -58901.29688	  58907.29688
 1113	  29016.68164	 -4820.1084	 -58901.03906	  58907.03906
 1111	  29017.09961	 -4821.40771	 -58901.4375	  58907.4375
 1106	  29018.08008	 -4821.85986	 -58900.4375	  58906.4375
 1112	  29016.66016	 -4823.55225	 -58901.29688	  58907.29688
 1114	  29015.83008	 -4824.59082	 -58900.8125	  58906.8125
 1110	  29016.80469	 -4825.04199	 -58899.80078	  58905.80078
 1072	  29010.58203	 -4825.46484	 -58895.59375	  58901.59375
 1110	  29016.80469	 -4825.04199	 -58899.80078	  58905.80078
 1114	  29015.83008	 -4824.59082	 -58900.8125	  58906.8125
 1114	  29015.83008	 -4824.59082	 -58900.8125	  58906.8125
 1115	  29009.60547	 -4825.01367	 -58896.60156	  58902.60156
 1072	  29010.58203	 -4825.46484	 -58895.59375	  58901.59375
 1075	  29009.81641	 -4824.53418	 -58895.00391	  58901.00391
 1072	  29010.58203	 -4825.46484	 -58895.59375	  58901.59375
 1115	  29009.60547	 -4825.01367	 -58896.60156	  58902.60156
 1115	  29009.60547	 -4825.01367	 -58896.60156	  58902.60156
 1116	  29008.84375	 -4824.0835	 -58896.00781	  58902.00781
 1075	  29009.81641	 -4824.53418	 -58895.00391	  58901.00391
 1078	  29009.51563	 -4822.44141	 -58894.64063	  58900.64063
 1075	  29009.81641	 -4824.53418	 -58895.00391	  58901.00391
 1116	  29008.84375	 -4824.0835	 -58896.00781	  58902.00781
 1116	  29008.84375	 -4824.0835	 -58896.00781	  58902.00781
 1117	  29008.54297	 -4821.98779	 -58895.64844	  58901.64844
 1078	  29009.51563	 -4822.44141	 -58894.64063	  58900.64063
 1118	  29010.01563	 -4821.01416	 -58894.85547	  58900.85547
 1078	  29009.51563	 -4822.44141	 -58894.64063	  58900.64063
 1117	  29008.54297	 -4821.98779	 -58895.64844	  58901.64844
 1106	  29018.08008	 -4821.85986	 -58900.4375	  58906.4375
 1119	  29017.69727	 -4820.49365	 -58900.05469	  58906.05469
 1113	  29016.68164	 -4820.1084	 -58901.03906	  58907.03906
 1120	  29009.07813	 -4820.625	 -58895.89453	  58901.89453
 1113	  29016.68164	 -4820.1084	 -58901.03906	  58907.03906
 1119	  29017.69727	 -4820.49365	 -58900.05469	  58906.05469
 1119	  29017.69727	 -4820.49365	 -58900.05469	  58906.05469
 1118	  29010.01563	 -4821.01416	 -58894.85547	  58900.85547
 1120	  29009.07813	 -4820.625	 -58895.89453	  58901.89453
 1103	  29017.71484	 -4817.98438	 -58899.90625	  58905.90625
 1119	  29017.69727	 -4820.49365	 -58900.05469	  58906.05469
 1106	  29018.08008	 -4821.85986	 -58900.4375	  58906.4375
 1078	  29009.51563	 -4822.44141	 -58894.64063	  58900.64063
 1118	  29010.01563	 -4821.01416	 -58894.85547	  58900.85547
 1121	  29010.13477	 -4818.49951	 -58894.77734	  58900.77734
 1121	  29010.13477	 -4818.49951	 -58894.77734	  58900.77734
 1118	  29010.01563	 -4821.01416	 -58894.85547	  58900.85547
 1119	  29017.69727	 -4820.49365	 -58900.05469	  58906.05469
 1119	  29017.69727	 -4820.49365	 -58900.05469	  58906.05469
 1103	  29017.71484	 -4817.98438	 -58899.90625	  58905.90625
 1121	  29010.13477	 -4818.49951	 -58894.77734	  58900.77734
 1121	  29010.13477	 -4818.49951	 -58894.77734	  58900.77734
 1081	  29009.70898	 -4817.1958	 -58894.37109	  58900.37109
 1078	  29009.51563	 -4822.44141	 -58894.64063	  58900.64063
 1121	  29010.13477	 -4818.49951	 -58894.77734	  58900.77734
 1103	  29017.71484	 -4817.98438	 -58899.90625	  58905.90625
 1122	  29016.75195	 -4817.55273	 -58900.92188	  58906.92188
 1081	  29009.70898	 -4817.1958	 -58894.37109	  58900.37109
 1121	  29010.13477	 -4818.49951	 -58894.77734	  58900.77734
 1123	  29009.14648	 -4818.06885	 -58895.78125	  58901.78125
 1122	  29016.75195	 -4817.55273	 -58900.92188	  58906.92188
 1123	  29009.14648	 -4818.06885	 -58895.78125	  58901.78125
 1121	  29010.13477	 -4818.49951	 -58894.77734	  58900.77734
 1124	  28901.07227	 -5056.86572	 -59010.88281	  59016.88281
 1125	  28901.90625	 -5056.70313	 -59010.01172	  59016.01172
 1126	  28895.72266	 -4842.24219	 -59012.89844	  59018.89844
 1126	  28895.72266	 -4842.24219	 -59012.89844	  59018.89844
 1127	  28894.94336	 -4843.17627	 -59013.73047	  59019.73047
 1124	  28901.07227	 -5056.86572	 -59010.88281	  59016.88281
 1127	  28894.94336	 -4843.17627	 -59013.73047	  59019.73047
 1126	  28895.72266	 -4842.24219	 -59012.89844	  59018.89844
 1128	  28894.38086	 -4836.75928	 -59014.20703	  59020.20703
 1124	  28901.07227	 -5056.86572	 -59010.88281	  59016.88281
 1127	  28894.94336	 -4843.17627	 -59013.73047	  59019.73047
 1129	  28902.69336	 -4842.6499	 -59018.96875	  59024.96875
 1129	  28902.69336	 -4842.6499	 -59018.96875	  59024.96875
 1130	  28908.82227	 -5056.33887	 -59016.125	  59022.125
 1124	  28901.07227	 -5056.86572	 -59010.88281	  59016.88281
 1131	  28909.65625	 -5056.17725	 -59015.25391	  59021.25391
 1130	  28908.82227	 -5056.33887	 -59016.125	  59022.125
 1129	  28902.69336	 -4842.6499	 -59018.96875	  59024.96875
 1129	  28902.69336	 -4842.6499	 -59018.96875	  59024.96875
 1132	  28903.47266	 -4841.71582	 -59018.14063	  59024.14063
 1131	  28909.65625	 -5056.17725	 -59015.25391	  59021.25391
 1133	  28902.13086	 -4836.23242	 -59019.44922	  59025.44922
 1132	  28903.47266	 -4841.71582	 -59018.14063	  59024.14063
 1129	  28902.69336	 -4842.6499	 -59018.96875	  59024.96875
 1134	  28901.30859	 -4836.69287	 -59020.3125	  59026.3125
 1129	  28902.69336	 -4842.6499	 -59018.96875	  59024.96875
 1127	  28894.94336	 -4843.17627	 -59013.73047	  59019.73047
 1129	  28902.69336	 -4842.6499	 -59018.96875	  59024.96875
 1134	  28901.30859	 -4836.69287	 -59020.3125	  59026.3125
 1133	  28902.13086	 -4836.23242	 -59019.44922	  59025.44922
 1127	  28894.94336	 -4843.17627	 -59013.73047	  59019.73047
 1135	  28893.55859	 -4837.21875	 -59015.07031	  59021.07031
 1134	  28901.30859	 -4836.69287	 -59020.3125	  59026.3125
 1128	  28894.38086	 -4836.75928	 -59014.20703	  59020.20703
 1135	  28893.55859	 -4837.21875	 -59015.07031	  59021.07031
 1127	  28894.94336	 -4843.17627	 -59013.73047	  59019.73047
 1133	  28902.13086	 -4836.23242	 -59019.44922	  59025.44922
 1134	  28901.30859	 -4836.69287	 -59020.3125	  59026.3125
 1136	  28901.99414	 -4828.49316	 -59019.46484	  59025.46484
 1136	  28901.99414	 -4828.49316	 -59019.46484	  59025.46484
 1134	  28901.30859	 -4836.69287	 -59020.3125	  59026.3125
