 13539	 -11211.32813	 -3448.32349	 -28038.41797	  28044.41797
 13537	 -10604.27344	 -3137.01392	 -27401.80078	  27407.80078
 13572	 -11110.74023	 -3436.00317	 -28032.17188	  28038.17188
 13538	 -11165.00195	 -3424.56592	 -27989.83398	  27995.83398
 13537	 -10604.27344	 -3137.01392	 -27401.80078	  27407.80078
 4183	 -10545.01563	 -3148.39771	 -27438.94141	  27444.94141
 13572	 -11110.74023	 -3436.00317	 -28032.17188	  28038.17188
 4155	 -11300.51172	 -2968.65234	 -26930.19922	  26936.19922
 13538	 -11165.00195	 -3424.56592	 -27989.83398	  27995.83398
 13486	 -11856.24414	 -3321.18164	 -27514.11133	  27520.11133
 4155	 -11300.51172	 -2968.65234	 -26930.19922	  26936.19922
 13537	 -10604.27344	 -3137.01392	 -27401.80078	  27407.80078
 13538	 -11165.00195	 -3424.56592	 -27989.83398	  27995.83398
 13442	 -11922.30176	 -3305.64575	 -27463.70313	  27469.70313
 13486	 -11856.24414	 -3321.18164	 -27514.11133	  27520.11133
 4156	 -11907.41016	 -3352.52246	 -27567.85156	  27573.85156
 13442	 -11922.30176	 -3305.64575	 -27463.70313	  27469.70313
 4156	 -11907.41016	 -3352.52246	 -27567.85156	  27573.85156
 13443	 -11978.30957	 -3300.6543	 -27521.88086	  27527.88086
 13441	 -11371.56543	 -2954.06543	 -26885.00586	  26891.00586
 4155	 -11300.51172	 -2968.65234	 -26930.19922	  26936.19922
 13486	 -11856.24414	 -3321.18164	 -27514.11133	  27520.11133
 13441	 -11371.56543	 -2954.06543	 -26885.00586	  26891.00586
 13486	 -11856.24414	 -3321.18164	 -27514.11133	  27520.11133
 13442	 -11922.30176	 -3305.64575	 -27463.70313	  27469.70313
 13536	 -10557.94531	 -3108.52344	 -27353.13867	  27359.13867
 4183	 -10545.01563	 -3148.39771	 -27438.94141	  27444.94141
 13537	 -10604.27344	 -3137.01392	 -27401.80078	  27407.80078
 13536	 -10557.94531	 -3108.52344	 -27353.13867	  27359.13867
 1019	 -10503.5293	 -3123.93115	 -27395.38281	  27401.38281
 4183	 -10545.01563	 -3148.39771	 -27438.94141	  27444.94141
 13485	 -11249.34375	 -2936.54004	 -26876.44531	  26882.44531
 13537	 -10604.27344	 -3137.01392	 -27401.80078	  27407.80078
 4155	 -11300.51172	 -2968.65234	 -26930.19922	  26936.19922
 13485	 -11249.34375	 -2936.54004	 -26876.44531	  26882.44531
 13536	 -10557.94531	 -3108.52344	 -27353.13867	  27359.13867
 13537	 -10604.27344	 -3137.01392	 -27401.80078	  27407.80078
 13535	 -9997.21484	 -2782.33716	 -26764.4668	  26770.4668
 1019	 -10503.5293	 -3123.93115	 -27395.38281	  27401.38281
 13536	 -10557.94531	 -3108.52344	 -27353.13867	  27359.13867
 13535	 -9997.21484	 -2782.33716	 -26764.4668	  26770.4668
 4182	 -9937.80273	 -2796.59814	 -26801.49609	  26807.49609
 1019	 -10503.5293	 -3123.93115	 -27395.38281	  27401.38281
 4154	 -10693.61133	 -2581.21973	 -26292.49023	  26298.49023
 13536	 -10557.94531	 -3108.52344	 -27353.13867	  27359.13867
 13485	 -11249.34375	 -2936.54004	 -26876.44531	  26882.44531
 4154	 -10693.61133	 -2581.21973	 -26292.49023	  26298.49023
 13535	 -9997.21484	 -2782.33716	 -26764.4668	  26770.4668
 13536	 -10557.94531	 -3108.52344	 -27353.13867	  27359.13867
 13440	 -11315.55957	 -2915.38257	 -26826.10938	  26832.10938
 13485	 -11249.34375	 -2936.54004	 -26876.44531	  26882.44531
 4155	 -11300.51172	 -2968.65234	 -26930.19922	  26936.19922
 13440	 -11315.55957	 -2915.38257	 -26826.10938	  26832.10938
 4155	 -11300.51172	 -2968.65234	 -26930.19922	  26936.19922
 13441	 -11371.56543	 -2954.06543	 -26885.00586	  26891.00586
 13439	 -10764.82129	 -2562.01392	 -26247.38086	  26253.38086
 4154	 -10693.61133	 -2581.21973	 -26292.49023	  26298.49023
 13485	 -11249.34375	 -2936.54004	 -26876.44531	  26882.44531
 13439	 -10764.82129	 -2562.01392	 -26247.38086	  26253.38086
 13485	 -11249.34375	 -2936.54004	 -26876.44531	  26882.44531
 13440	 -11315.55957	 -2915.38257	 -26826.10938	  26832.10938
 13534	 -9950.88867	 -2751.28784	 -26715.76367	  26721.76367
 4182	 -9937.80273	 -2796.59814	 -26801.49609	  26807.49609
 13535	 -9997.21484	 -2782.33716	 -26764.4668	  26770.4668
 13534	 -9950.88867	 -2751.28784	 -26715.76367	  26721.76367
 241	 -9896.31445	 -2770.94067	 -26757.91406	  26763.91406
 4182	 -9937.80273	 -2796.59814	 -26801.49609	  26807.49609
 13484	 -10642.44531	 -2549.83691	 -26238.74414	  26244.74414
 13535	 -9997.21484	 -2782.33716	 -26764.4668	  26770.4668
 4154	 -10693.61133	 -2581.21973	 -26292.49023	  26298.49023
 13484	 -10642.44531	 -2549.83691	 -26238.74414	  26244.74414
 13534	 -9950.88867	 -2751.28784	 -26715.76367	  26721.76367
 13535	 -9997.21484	 -2782.33716	 -26764.4668	  26770.4668
 13533	 -9390.16016	 -2423.30396	 -26127.0625	  26133.0625
 241	 -9896.31445	 -2770.94067	 -26757.91406	  26763.91406
 13534	 -9950.88867	 -2751.28784	 -26715.76367	  26721.76367
 13533	 -9390.16016	 -2423.30396	 -26127.0625	  26133.0625
 4181	 -9330.5918	 -2440.26709	 -26163.97266	  26169.97266
 241	 -9896.31445	 -2770.94067	 -26757.91406	  26763.91406
 4153	 -10086.71094	 -2192.07837	 -25654.75	  25660.75
 13534	 -9950.88867	 -2751.28784	 -26715.76367	  26721.76367
 13484	 -10642.44531	 -2549.83691	 -26238.74414	  26244.74414
 4153	 -10086.71094	 -2192.07837	 -25654.75	  25660.75
 13533	 -9390.16016	 -2423.30396	 -26127.0625	  26133.0625
 13534	 -9950.88867	 -2751.28784	 -26715.76367	  26721.76367
 13438	 -10708.81348	 -2524.69067	 -26188.50391	  26194.50391
 13484	 -10642.44531	 -2549.83691	 -26238.74414	  26244.74414
 4154	 -10693.61133	 -2581.21973	 -26292.49023	  26298.49023
 13438	 -10708.81348	 -2524.69067	 -26188.50391	  26194.50391
 4154	 -10693.61133	 -2581.21973	 -26292.49023	  26298.49023
 13439	 -10764.82129	 -2562.01392	 -26247.38086	  26253.38086
 13437	 -10158.07715	 -2171.81836	 -25609.78516	  25615.78516
 4153	 -10086.71094	 -2192.07837	 -25654.75	  25660.75
 13484	 -10642.44531	 -2549.83691	 -26238.74414	  26244.74414
 13437	 -10158.07715	 -2171.81836	 -25609.78516	  25615.78516
 13484	 -10642.44531	 -2549.83691	 -26238.74414	  26244.74414
 13438	 -10708.81348	 -2524.69067	 -26188.50391	  26194.50391
 13532	 -9343.83203	 -2397.00049	 -26078.43555	  26084.43555
 4181	 -9330.5918	 -2440.26709	 -26163.97266	  26169.97266
 13533	 -9390.16016	 -2423.30396	 -26127.0625	  26133.0625
 13532	 -9343.83203	 -2397.00049	 -26078.43555	  26084.43555
 1018	 -9289.10352	 -2416.07935	 -26120.41602	  26126.41602
 4181	 -9330.5918	 -2440.26709	 -26163.97266	  26169.97266
 13483	 -10035.54297	 -2160.84448	 -25601.00781	  25607.00781
 13533	 -9390.16016	 -2423.30396	 -26127.0625	  26133.0625
 4153	 -10086.71094	 -2192.07837	 -25654.75	  25660.75
 13483	 -10035.54297	 -2160.84448	 -25601.00781	  25607.00781
 13532	 -9343.83203	 -2397.00049	 -26078.43555	  26084.43555
 13533	 -9390.16016	 -2423.30396	 -26127.0625	  26133.0625
 13531	 -8783.10352	 -2069.59937	 -25489.74414	  25495.74414
 1018	 -9289.10352	 -2416.07935	 -26120.41602	  26126.41602
 13532	 -9343.83203	 -2397.00049	 -26078.43555	  26084.43555
 13531	 -8783.10352	 -2069.59937	 -25489.74414	  25495.74414
 4180	 -8723.37891	 -2087.14526	 -25526.50195	  25532.50195
 1018	 -9289.10352	 -2416.07935	 -26120.41602	  26126.41602
 4152	 -9479.81055	 -1802.60425	 -25017.00195	  25023.00195
 13532	 -9343.83203	 -2397.00049	 -26078.43555	  26084.43555
 13483	 -10035.54297	 -2160.84448	 -25601.00781	  25607.00781
 4152	 -9479.81055	 -1802.60425	 -25017.00195	  25023.00195
 13531	 -8783.10352	 -2069.59937	 -25489.74414	  25495.74414
 13532	 -9343.83203	 -2397.00049	 -26078.43555	  26084.43555
 13436	 -10102.07129	 -2135.22998	 -25550.92188	  25556.92188
 13483	 -10035.54297	 -2160.84448	 -25601.00781	  25607.00781
 4153	 -10086.71094	 -2192.07837	 -25654.75	  25660.75
 13436	 -10102.07129	 -2135.22998	 -25550.92188	  25556.92188
 4153	 -10086.71094	 -2192.07837	 -25654.75	  25660.75
 13437	 -10158.07715	 -2171.81836	 -25609.78516	  25615.78516
 13435	 -9551.33301	 -1778.67834	 -24972.14258	  24978.14258
 4152	 -9479.81055	 -1802.60425	 -25017.00195	  25023.00195
 13483	 -10035.54297	 -2160.84448	 -25601.00781	  25607.00781
 13435	 -9551.33301	 -1778.67834	 -24972.14258	  24978.14258
 13483	 -10035.54297	 -2160.84448	 -25601.00781	  25607.00781
 13436	 -10102.07129	 -2135.22998	 -25550.92188	  25556.92188
 13530	 -8736.77734	 -2038.62842	 -25441.04297	  25447.04297
 4180	 -8723.37891	 -2087.14526	 -25526.50195	  25532.50195
 13531	 -8783.10352	 -2069.59937	 -25489.74414	  25495.74414
 13530	 -8736.77734	 -2038.62842	 -25441.04297	  25447.04297
 13571	 -8681.89063	 -2060.70703	 -25482.9082	  25488.9082
 4180	 -8723.37891	 -2087.14526	 -25526.50195	  25532.50195
 13482	 -9428.64453	 -1769.42712	 -24963.23047	  24969.23047
 13531	 -8783.10352	 -2069.59937	 -25489.74414	  25495.74414
 4152	 -9479.81055	 -1802.60425	 -25017.00195	  25023.00195
 13482	 -9428.64453	 -1769.42712	 -24963.23047	  24969.23047
 13530	 -8736.77734	 -2038.62842	 -25441.04297	  25447.04297
 13531	 -8783.10352	 -2069.59937	 -25489.74414	  25495.74414
 13529	 -8176.04736	 -1702.15747	 -24852.19922	  24858.19922
 13571	 -8681.89063	 -2060.70703	 -25482.9082	  25488.9082
 13530	 -8736.77734	 -2038.62842	 -25441.04297	  25447.04297
 13529	 -8176.04736	 -1702.15747	 -24852.19922	  24858.19922
 13570	 -8116.1665	 -1724.32202	 -24888.875	  24894.875
 13571	 -8681.89063	 -2060.70703	 -25482.9082	  25488.9082
 13481	 -8872.91016	 -1412.70117	 -24379.25	  24385.25
 13530	 -8736.77734	 -2038.62842	 -25441.04297	  25447.04297
 13482	 -9428.64453	 -1769.42712	 -24963.23047	  24969.23047
 13481	 -8872.91016	 -1412.70117	 -24379.25	  24385.25
 13529	 -8176.04736	 -1702.15747	 -24852.19922	  24858.19922
 13530	 -8736.77734	 -2038.62842	 -25441.04297	  25447.04297
 13434	 -9495.32715	 -1742.82678	 -24913.29102	  24919.29102
 13482	 -9428.64453	 -1769.42712	 -24963.23047	  24969.23047
 4152	 -9479.81055	 -1802.60425	 -25017.00195	  25023.00195
 13434	 -9495.32715	 -1742.82678	 -24913.29102	  24919.29102
 4152	 -9479.81055	 -1802.60425	 -25017.00195	  25023.00195
 13435	 -9551.33301	 -1778.67834	 -24972.14258	  24978.14258
 13433	 -8944.58887	 -1385.07593	 -24334.49023	  24340.49023
 13481	 -8872.91016	 -1412.70117	 -24379.25	  24385.25
 13482	 -9428.64453	 -1769.42712	 -24963.23047	  24969.23047
 13433	 -8944.58887	 -1385.07593	 -24334.49023	  24340.49023
 13482	 -9428.64453	 -1769.42712	 -24963.23047	  24969.23047
 13434	 -9495.32715	 -1742.82678	 -24913.29102	  24919.29102
 13528	 -8129.72119	 -1673.03674	 -24803.5293	  24809.5293
 13570	 -8116.1665	 -1724.32202	 -24888.875	  24894.875
 13529	 -8176.04736	 -1702.15747	 -24852.19922	  24858.19922
 13528	 -8129.72119	 -1673.03674	 -24803.5293	  24809.5293
 4179	 -8074.68018	 -1699.39172	 -24845.30469	  24851.30469
 13570	 -8116.1665	 -1724.32202	 -24888.875	  24894.875
 4151	 -8821.74414	 -1379.83167	 -24325.48438	  24331.48438
 13529	 -8176.04736	 -1702.15747	 -24852.19922	  24858.19922
 13481	 -8872.91016	 -1412.70117	 -24379.25	  24385.25
 4151	 -8821.74414	 -1379.83167	 -24325.48438	  24331.48438
 13528	 -8129.72119	 -1673.03674	 -24803.5293	  24809.5293
 13529	 -8176.04736	 -1702.15747	 -24852.19922	  24858.19922
 13527	 -7568.99268	 -1319.56775	 -24214.4082	  24220.4082
 4179	 -8074.68018	 -1699.39172	 -24845.30469	  24851.30469
 13528	 -8129.72119	 -1673.03674	 -24803.5293	  24809.5293
 13527	 -7568.99268	 -1319.56775	 -24214.4082	  24220.4082
 1017	 -7508.95361	 -1342.76306	 -24250.93164	  24256.93164
 4179	 -8074.68018	 -1699.39172	 -24845.30469	  24851.30469
 13480	 -8266.00977	 -994.758	 -23741.03516	  23747.03516
 13528	 -8129.72119	 -1673.03674	 -24803.5293	  24809.5293
 4151	 -8821.74414	 -1379.83167	 -24325.48438	  24331.48438
 13480	 -8266.00977	 -994.758	 -23741.03516	  23747.03516
 13527	 -7568.99268	 -1319.56775	 -24214.4082	  24220.4082
 13528	 -8129.72119	 -1673.03674	 -24803.5293	  24809.5293
 13432	 -8888.58105	 -1352.71155	 -24275.69531	  24281.69531
 4151	 -8821.74414	 -1379.83167	 -24325.48438	  24331.48438
 13481	 -8872.91016	 -1412.70117	 -24379.25	  24385.25
 13432	 -8888.58105	 -1352.71155	 -24275.69531	  24281.69531
 13481	 -8872.91016	 -1412.70117	 -24379.25	  24385.25
 13433	 -8944.58887	 -1385.07593	 -24334.49023	  24340.49023
 13431	 -8337.84473	 -968.75928	 -23696.46484	  23702.46484
 13480	 -8266.00977	 -994.758	 -23741.03516	  23747.03516
 4151	 -8821.74414	 -1379.83167	 -24325.48438	  24331.48438
 13431	 -8337.84473	 -968.75928	 -23696.46484	  23702.46484
 4151	 -8821.74414	 -1379.83167	 -24325.48438	  24331.48438
 13432	 -8888.58105	 -1352.71155	 -24275.69531	  24281.69531
 13526	 -7522.66455	 -1284.55957	 -24165.63867	  24171.63867
 1017	 -7508.95361	 -1342.76306	 -24250.93164	  24256.93164
 13527	 -7568.99268	 -1319.56775	 -24214.4082	  24220.4082
 13526	 -7522.66455	 -1284.55957	 -24165.63867	  24171.63867
 4178	 -7467.46729	 -1315.53857	 -24207.32813	  24213.32813
 1017	 -7508.95361	 -1342.76306	 -24250.93164	  24256.93164
 4150	 -8214.84375	 -953.30188	 -23687.12305	  23693.12305
 13527	 -7568.99268	 -1319.56775	 -24214.4082	  24220.4082
 13480	 -8266.00977	 -994.758	 -23741.03516	  23747.03516
 4150	 -8214.84375	 -953.30188	 -23687.12305	  23693.12305
 13526	 -7522.66455	 -1284.55957	 -24165.63867	  24171.63867
 13527	 -7568.99268	 -1319.56775	 -24214.4082	  24220.4082
 13525	 -6961.93408	 -862.15344	 -23575.37695	  23581.37695
 4178	 -7467.46729	 -1315.53857	 -24207.32813	  24213.32813
 13526	 -7522.66455	 -1284.55957	 -24165.63867	  24171.63867
 13525	 -6961.93408	 -862.15344	 -23575.37695	  23581.37695
 240	 -6901.74268	 -892.7594	 -23611.86328	  23617.86328
 4178	 -7467.46729	 -1315.53857	 -24207.32813	  24213.32813
 13479	 -7659.10938	 -673.04791	 -23104.4082	  23110.4082
 13526	 -7522.66455	 -1284.55957	 -24165.63867	  24171.63867
 4150	 -8214.84375	 -953.30188	 -23687.12305	  23693.12305
 13479	 -7659.10938	 -673.04791	 -23104.4082	  23110.4082
 13525	 -6961.93408	 -862.15344	 -23575.37695	  23581.37695
 13526	 -7522.66455	 -1284.55957	 -24165.63867	  24171.63867
 13430	 -8281.83887	 -922.31281	 -23637.43945	  23643.43945
 4150	 -8214.84375	 -953.30188	 -23687.12305	  23693.12305
 13480	 -8266.00977	 -994.758	 -23741.03516	  23747.03516
 13430	 -8281.83887	 -922.31281	 -23637.43945	  23643.43945
 13480	 -8266.00977	 -994.758	 -23741.03516	  23747.03516
 13431	 -8337.84473	 -968.75928	 -23696.46484	  23702.46484
 13429	 -7731.10205	 -661.53546	 -23060.24219	  23066.24219
 13479	 -7659.10938	 -673.04791	 -23104.4082	  23110.4082
 4150	 -8214.84375	 -953.30188	 -23687.12305	  23693.12305
 13429	 -7731.10205	 -661.53546	 -23060.24219	  23066.24219
 4150	 -8214.84375	 -953.30188	 -23687.12305	  23693.12305
 13430	 -8281.83887	 -922.31281	 -23637.43945	  23643.43945
 13524	 -6915.60791	 -858.08557	 -23527.11914	  23533.11914
 240	 -6901.74268	 -892.7594	 -23611.86328	  23617.86328
 13525	 -6961.93408	 -862.15344	 -23575.37695	  23581.37695
 13524	 -6915.60791	 -858.08557	 -23527.11914	  23533.11914
 4177	 -6860.25439	 -868.47198	 -23568.30664	  23574.30664
 240	 -6901.74268	 -892.7594	 -23611.86328	  23617.86328
 4149	 -7607.94141	 -681.78021	 -23051.32617	  23057.32617
 13525	 -6961.93408	 -862.15344	 -23575.37695	  23581.37695
 13479	 -7659.10938	 -673.04791	 -23104.4082	  23110.4082
 4149	 -7607.94141	 -681.78021	 -23051.32617	  23057.32617
 13524	 -6915.60791	 -858.08557	 -23527.11914	  23533.11914
 13525	 -6961.93408	 -862.15344	 -23575.37695	  23581.37695
 13523	 -6354.87939	 -1017.91187	 -22946.47461	  22952.47461
 4177	 -6860.25439	 -868.47198	 -23568.30664	  23574.30664
 13524	 -6915.60791	 -858.08557	 -23527.11914	  23533.11914
 13523	 -6354.87939	 -1017.91187	 -22946.47461	  22952.47461
 1016	 -6294.52979	 -1029.32898	 -22982.48242	  22988.48242
 4177	 -6860.25439	 -868.47198	 -23568.30664	  23574.30664
 13478	 -7052.20996	 -954.28912	 -22477.74414	  22483.74414
 13524	 -6915.60791	 -858.08557	 -23527.11914	  23533.11914
 4149	 -7607.94141	 -681.78021	 -23051.32617	  23057.32617
 13478	 -7052.20996	 -954.28912	 -22477.74414	  22483.74414
 13523	 -6354.87939	 -1017.91187	 -22946.47461	  22952.47461
 13524	 -6915.60791	 -858.08557	 -23527.11914	  23533.11914
 13428	 -7675.09229	 -677.81744	 -23002.24805	  23008.24805
 4149	 -7607.94141	 -681.78021	 -23051.32617	  23057.32617
 13479	 -7659.10938	 -673.04791	 -23104.4082	  23110.4082
 13428	 -7675.09229	 -677.81744	 -23002.24805	  23008.24805
 13479	 -7659.10938	 -673.04791	 -23104.4082	  23110.4082
 13429	 -7731.10205	 -661.53546	 -23060.24219	  23066.24219
 13427	 -7124.35596	 -950.1947	 -22433.85742	  22439.85742
 13478	 -7052.20996	 -954.28912	 -22477.74414	  22483.74414
 4149	 -7607.94141	 -681.78021	 -23051.32617	  23057.32617
 13427	 -7124.35596	 -950.1947	 -22433.85742	  22439.85742
 4149	 -7607.94141	 -681.78021	 -23051.32617	  23057.32617
 13428	 -7675.09229	 -677.81744	 -23002.24805	  23008.24805
 13522	 -6308.55127	 -1046.73267	 -22898.75977	  22904.75977
 1016	 -6294.52979	 -1029.32898	 -22982.48242	  22988.48242
 13523	 -6354.87939	 -1017.91187	 -22946.47461	  22952.47461
 13522	 -6308.55127	 -1046.73267	 -22898.75977	  22904.75977
 4176	 -6253.04248	 -1053.1626	 -22939.7207	  22945.7207
 1016	 -6294.52979	 -1029.32898	 -22982.48242	  22988.48242
 4148	 -7001.04297	 -984.04468	 -22425.00781	  22431.00781
 13523	 -6354.87939	 -1017.91187	 -22946.47461	  22952.47461
 13478	 -7052.20996	 -954.28912	 -22477.74414	  22483.74414
 4148	 -7001.04297	 -984.04468	 -22425.00781	  22431.00781
 13522	 -6308.55127	 -1046.73267	 -22898.75977	  22904.75977
 13523	 -6354.87939	 -1017.91187	 -22946.47461	  22952.47461
 13521	 -5747.82178	 -1307.29602	 -22319.7793	  22325.7793
 4176	 -6253.04248	 -1053.1626	 -22939.7207	  22945.7207
 13522	 -6308.55127	 -1046.73267	 -22898.75977	  22904.75977
 13521	 -5747.82178	 -1307.29602	 -22319.7793	  22325.7793
 13569	 -5687.31689	 -1316.04211	 -22355.58008	  22361.58008
 4176	 -6253.04248	 -1053.1626	 -22939.7207	  22945.7207
 13477	 -6445.30957	 -1184.02856	 -21850.22461	  21856.22461
 13522	 -6308.55127	 -1046.73267	 -22898.75977	  22904.75977
 4148	 -7001.04297	 -984.04468	 -22425.00781	  22431.00781
 13477	 -6445.30957	 -1184.02856	 -21850.22461	  21856.22461
 13521	 -5747.82178	 -1307.29602	 -22319.7793	  22325.7793
 13522	 -6308.55127	 -1046.73267	 -22898.75977	  22904.75977
 13426	 -7068.3501	 -983.58661	 -22376.15039	  22382.15039
 4148	 -7001.04297	 -984.04468	 -22425.00781	  22431.00781
 13478	 -7052.20996	 -954.28912	 -22477.74414	  22483.74414
 13426	 -7068.3501	 -983.58661	 -22376.15039	  22382.15039
 13478	 -7052.20996	 -954.28912	 -22477.74414	  22483.74414
 13427	 -7124.35596	 -950.1947	 -22433.85742	  22439.85742
 13425	 -6517.61279	 -1171.14258	 -21806.35742	  21812.35742
 13477	 -6445.30957	 -1184.02856	 -21850.22461	  21856.22461
 4148	 -7001.04297	 -984.04468	 -22425.00781	  22431.00781
 13425	 -6517.61279	 -1171.14258	 -21806.35742	  21812.35742
 4148	 -7001.04297	 -984.04468	 -22425.00781	  22431.00781
 13426	 -7068.3501	 -983.58661	 -22376.15039	  22382.15039
 13520	 -5701.49561	 -1317.11523	 -22271.75195	  22277.75195
 13569	 -5687.31689	 -1316.04211	 -22355.58008	  22361.58008
 13521	 -5747.82178	 -1307.29602	 -22319.7793	  22325.7793
 13520	 -5701.49561	 -1317.11523	 -22271.75195	  22277.75195
 4175	 -5645.82959	 -1327.65906	 -22312.61523	  22318.61523
 13569	 -5687.31689	 -1316.04211	 -22355.58008	  22361.58008
 4147	 -6394.14355	 -1187.65125	 -21797.06055	  21803.06055
 13521	 -5747.82178	 -1307.29602	 -22319.7793	  22325.7793
 13477	 -6445.30957	 -1184.02856	 -21850.22461	  21856.22461
 4147	 -6394.14355	 -1187.65125	 -21797.06055	  21803.06055
 13520	 -5701.49561	 -1317.11523	 -22271.75195	  22277.75195
 13521	 -5747.82178	 -1307.29602	 -22319.7793	  22325.7793
 13519	 -5140.76611	 -1388.52173	 -21689.64648	  21695.64648
 4175	 -5645.82959	 -1327.65906	 -22312.61523	  22318.61523
 13520	 -5701.49561	 -1317.11523	 -22271.75195	  22277.75195
 13519	 -5140.76611	 -1388.52173	 -21689.64648	  21695.64648
 50	 -5080.10498	 -1400.08997	 -21725.33203	  21731.33203
 4175	 -5645.82959	 -1327.65906	 -22312.61523	  22318.61523
 13476	 -5838.41016	 -1265.77625	 -21220.26367	  21226.26367
 13520	 -5701.49561	 -1317.11523	 -22271.75195	  22277.75195
 4147	 -6394.14355	 -1187.65125	 -21797.06055	  21803.06055
 13476	 -5838.41016	 -1265.77625	 -21220.26367	  21226.26367
 13519	 -5140.76611	 -1388.52173	 -21689.64648	  21695.64648
 13520	 -5701.49561	 -1317.11523	 -22271.75195	  22277.75195
 13424	 -6461.60596	 -1170.67993	 -21748.08984	  21754.08984
 4147	 -6394.14355	 -1187.65125	 -21797.06055	  21803.06055
 13477	 -6445.30957	 -1184.02856	 -21850.22461	  21856.22461
 13424	 -6461.60596	 -1170.67993	 -21748.08984	  21754.08984
 13477	 -6445.30957	 -1184.02856	 -21850.22461	  21856.22461
 13425	 -6517.61279	 -1171.14258	 -21806.35742	  21812.35742
 13423	 -5910.86865	 -1253.33801	 -21176.56641	  21182.56641
 13476	 -5838.41016	 -1265.77625	 -21220.26367	  21226.26367
 4147	 -6394.14355	 -1187.65125	 -21797.06055	  21803.06055
 13423	 -5910.86865	 -1253.33801	 -21176.56641	  21182.56641
 4147	 -6394.14355	 -1187.65125	 -21797.06055	  21803.06055
 13424	 -6461.60596	 -1170.67993	 -21748.08984	  21754.08984
 13518	 -5094.43994	 -1400.38831	 -21641.6543	  21647.6543
 50	 -5080.10498	 -1400.08997	 -21725.33203	  21731.33203
 13519	 -5140.76611	 -1388.52173	 -21689.64648	  21695.64648
 13518	 -5094.43994	 -1400.38831	 -21641.6543	  21647.6543
 4174	 -5038.6167	 -1407.29102	 -21682.29492	  21688.29492
 50	 -5080.10498	 -1400.08997	 -21725.33203	  21731.33203
 4146	 -5787.24316	 -1278.29712	 -21167.24414	  21173.24414
 13519	 -5140.76611	 -1388.52173	 -21689.64648	  21695.64648
 13476	 -5838.41016	 -1265.77625	 -21220.26367	  21226.26367
 4146	 -5787.24316	 -1278.29712	 -21167.24414	  21173.24414
 13518	 -5094.43994	 -1400.38831	 -21641.6543	  21647.6543
 13519	 -5140.76611	 -1388.52173	 -21689.64648	  21695.64648
 13517	 -4533.71045	 -1526.0094	 -21060.44336	  21066.44336
 4174	 -5038.6167	 -1407.29102	 -21682.29492	  21688.29492
 13518	 -5094.43994	 -1400.38831	 -21641.6543	  21647.6543
 13517	 -4533.71045	 -1526.0094	 -21060.44336	  21066.44336
 13568	 -4472.89111	 -1536.15002	 -21095.94141	  21101.94141
 4174	 -5038.6167	 -1407.29102	 -21682.29492	  21688.29492
 13475	 -5231.50977	 -1404.91357	 -20591.24805	  20597.24805
 13518	 -5094.43994	 -1400.38831	 -21641.6543	  21647.6543
 4146	 -5787.24316	 -1278.29712	 -21167.24414	  21173.24414
 13475	 -5231.50977	 -1404.91357	 -20591.24805	  20597.24805
 13517	 -4533.71045	 -1526.0094	 -21060.44336	  21066.44336
 13518	 -5094.43994	 -1400.38831	 -21641.6543	  21647.6543
 13422	 -5854.86182	 -1268.21045	 -21118.55078	  21124.55078
 4146	 -5787.24316	 -1278.29712	 -21167.24414	  21173.24414
 13476	 -5838.41016	 -1265.77625	 -21220.26367	  21226.26367
 13422	 -5854.86182	 -1268.21045	 -21118.55078	  21124.55078
 13476	 -5838.41016	 -1265.77625	 -21220.26367	  21226.26367
 13423	 -5910.86865	 -1253.33801	 -21176.56641	  21182.56641
 13421	 -5304.12451	 -1391.23694	 -20547.69336	  20553.69336
 13475	 -5231.50977	 -1404.91357	 -20591.24805	  20597.24805
 4146	 -5787.24316	 -1278.29712	 -21167.24414	  21173.24414
 13421	 -5304.12451	 -1391.23694	 -20547.69336	  20553.69336
 4146	 -5787.24316	 -1278.29712	 -21167.24414	  21173.24414
 13422	 -5854.86182	 -1268.21045	 -21118.55078	  21124.55078
 13516	 -4487.38428	 -1534.0636	 -21012.38672	  21018.38672
 13568	 -4472.89111	 -1536.15002	 -21095.94141	  21101.94141
 13517	 -4533.71045	 -1526.0094	 -21060.44336	  21066.44336
 13516	 -4487.38428	 -1534.0636	 -21012.38672	  21018.38672
 239	 -4431.40479	 -1543.12732	 -21052.90234	  21058.90234
 13568	 -4472.89111	 -1536.15002	 -21095.94141	  21101.94141
 4145	 -5180.3418	 -1416.27954	 -20538.21094	  20544.21094
 13517	 -4533.71045	 -1526.0094	 -21060.44336	  21066.44336
 13475	 -5231.50977	 -1404.91357	 -20591.24805	  20597.24805
 4145	 -5180.3418	 -1416.27954	 -20538.21094	  20544.21094
 13516	 -4487.38428	 -1534.0636	 -21012.38672	  21018.38672
 13517	 -4533.71045	 -1526.0094	 -21060.44336	  21066.44336
 13515	 -3926.65479	 -1680.04272	 -20431.51367	  20437.51367
 239	 -4431.40479	 -1543.12732	 -21052.90234	  21058.90234
 13516	 -4487.38428	 -1534.0636	 -21012.38672	  21018.38672
 13515	 -3926.65479	 -1680.04272	 -20431.51367	  20437.51367
 1015	 -3865.68115	 -1687.9845	 -20466.81445	  20472.81445
 239	 -4431.40479	 -1543.12732	 -21052.90234	  21058.90234
 13474	 -4624.6084	 -1562.8634	 -19962.54492	  19968.54492
 13516	 -4487.38428	 -1534.0636	 -21012.38672	  21018.38672
 4145	 -5180.3418	 -1416.27954	 -20538.21094	  20544.21094
 13474	 -4624.6084	 -1562.8634	 -19962.54492	  19968.54492
 13515	 -3926.65479	 -1680.04272	 -20431.51367	  20437.51367
 13516	 -4487.38428	 -1534.0636	 -21012.38672	  21018.38672
 13420	 -5248.1167	 -1407.81555	 -20489.70703	  20495.70703
 4145	 -5180.3418	 -1416.27954	 -20538.21094	  20544.21094
 13475	 -5231.50977	 -1404.91357	 -20591.24805	  20597.24805
 13420	 -5248.1167	 -1407.81555	 -20489.70703	  20495.70703
 13475	 -5231.50977	 -1404.91357	 -20591.24805	  20597.24805
 13421	 -5304.12451	 -1391.23694	 -20547.69336	  20553.69336
 13419	 -4697.38037	 -1551.099	 -19919.18359	  19925.18359
 13474	 -4624.6084	 -1562.8634	 -19962.54492	  19968.54492
 4145	 -5180.3418	 -1416.27954	 -20538.21094	  20544.21094
 13419	 -4697.38037	 -1551.099	 -19919.18359	  19925.18359
 4145	 -5180.3418	 -1416.27954	 -20538.21094	  20544.21094
 13420	 -5248.1167	 -1407.81555	 -20489.70703	  20495.70703
 13514	 -3880.32666	 -1690.20227	 -20383.49023	  20389.49023
 1015	 -3865.68115	 -1687.9845	 -20466.81445	  20472.81445
 13515	 -3926.65479	 -1680.04272	 -20431.51367	  20437.51367
 13514	 -3880.32666	 -1690.20227	 -20383.49023	  20389.49023
 4173	 -3824.19287	 -1699.86218	 -20423.85352	  20429.85352
 1015	 -3865.68115	 -1687.9845	 -20466.81445	  20472.81445
 4144	 -4573.44238	 -1575.36719	 -19909.52734	  19915.52734
 13515	 -3926.65479	 -1680.04272	 -20431.51367	  20437.51367
 13474	 -4624.6084	 -1562.8634	 -19962.54492	  19968.54492
 4144	 -4573.44238	 -1575.36719	 -19909.52734	  19915.52734
 13514	 -3880.32666	 -1690.20227	 -20383.49023	  20389.49023
 13515	 -3926.65479	 -1680.04272	 -20431.51367	  20437.51367
 13513	 -3319.59717	 -1849.99158	 -19802.8457	  19808.8457
 4173	 -3824.19287	 -1699.86218	 -20423.85352	  20429.85352
 13514	 -3880.32666	 -1690.20227	 -20383.49023	  20389.49023
 13513	 -3319.59717	 -1849.99158	 -19802.8457	  19808.8457
 13567	 -3258.46729	 -1861.51831	 -19838.04297	  19844.04297
 4173	 -3824.19287	 -1699.86218	 -20423.85352	  20429.85352
 13473	 -4017.70972	 -1682.12927	 -19333.20313	  19339.20313
 13514	 -3880.32666	 -1690.20227	 -20383.49023	  20389.49023
 4144	 -4573.44238	 -1575.36719	 -19909.52734	  19915.52734
 13473	 -4017.70972	 -1682.12927	 -19333.20313	  19339.20313
 13513	 -3319.59717	 -1849.99158	 -19802.8457	  19808.8457
 13514	 -3880.32666	 -1690.20227	 -20383.49023	  20389.49023
 13418	 -4641.37256	 -1560.16162	 -19861.07227	  19867.07227
 4144	 -4573.44238	 -1575.36719	 -19909.52734	  19915.52734
 13474	 -4624.6084	 -1562.8634	 -19962.54492	  19968.54492
 13418	 -4641.37256	 -1560.16162	 -19861.07227	  19867.07227
 13474	 -4624.6084	 -1562.8634	 -19962.54492	  19968.54492
 13419	 -4697.38037	 -1551.099	 -19919.18359	  19925.18359
 13417	 -4090.63525	 -1661.91577	 -19289.86328	  19295.86328
 13473	 -4017.70972	 -1682.12927	 -19333.20313	  19339.20313
 4144	 -4573.44238	 -1575.36719	 -19909.52734	  19915.52734
 13417	 -4090.63525	 -1661.91577	 -19289.86328	  19295.86328
 4144	 -4573.44238	 -1575.36719	 -19909.52734	  19915.52734
 13418	 -4641.37256	 -1560.16162	 -19861.07227	  19867.07227
 13512	 -3273.26904	 -1863.14539	 -19754.87109	  19760.87109
 13567	 -3258.46729	 -1861.51831	 -19838.04297	  19844.04297
 13513	 -3319.59717	 -1849.99158	 -19802.8457	  19808.8457
 13512	 -3273.26904	 -1863.14539	 -19754.87109	  19760.87109
 4172	 -3216.97998	 -1875.67053	 -19795.11914	  19801.11914
 13567	 -3258.46729	 -1861.51831	 -19838.04297	  19844.04297
 4143	 -3966.54175	 -1694.16235	 -19280.17578	  19286.17578
 13513	 -3319.59717	 -1849.99158	 -19802.8457	  19808.8457
 13473	 -4017.70972	 -1682.12927	 -19333.20313	  19339.20313
 4143	 -3966.54175	 -1694.16235	 -19280.17578	  19286.17578
 13512	 -3273.26904	 -1863.14539	 -19754.87109	  19760.87109
 13513	 -3319.59717	 -1849.99158	 -19802.8457	  19808.8457
 13511	 -2712.54053	 -2053.75269	 -19174.73633	  19180.73633
 4172	 -3216.97998	 -1875.67053	 -19795.11914	  19801.11914
 13512	 -3273.26904	 -1863.14539	 -19754.87109	  19760.87109
 13511	 -2712.54053	 -2053.75269	 -19174.73633	  19180.73633
 1014	 -2651.25439	 -2069.01221	 -19209.83398	  19215.83398
 4172	 -3216.97998	 -1875.67053	 -19795.11914	  19801.11914
 13472	 -3410.80835	 -1887.30176	 -18705.28125	  18711.28125
 13512	 -3273.26904	 -1863.14539	 -19754.87109	  19760.87109
 4143	 -3966.54175	 -1694.16235	 -19280.17578	  19286.17578
 13472	 -3410.80835	 -1887.30176	 -18705.28125	  18711.28125
 13511	 -2712.54053	 -2053.75269	 -19174.73633	  19180.73633
 13512	 -3273.26904	 -1863.14539	 -19754.87109	  19760.87109
 13416	 -4034.63037	 -1677.08984	 -19231.85547	  19237.85547
 4143	 -3966.54175	 -1694.16235	 -19280.17578	  19286.17578
 13473	 -4017.70972	 -1682.12927	 -19333.20313	  19339.20313
 13416	 -4034.63037	 -1677.08984	 -19231.85547	  19237.85547
 13473	 -4017.70972	 -1682.12927	 -19333.20313	  19339.20313
 13417	 -4090.63525	 -1661.91577	 -19289.86328	  19295.86328
 13415	 -3483.89307	 -1872.10547	 -18662.1875	  18668.1875
 13472	 -3410.80835	 -1887.30176	 -18705.28125	  18711.28125
 4143	 -3966.54175	 -1694.16235	 -19280.17578	  19286.17578
 13415	 -3483.89307	 -1872.10547	 -18662.1875	  18668.1875
 4143	 -3966.54175	 -1694.16235	 -19280.17578	  19286.17578
 13416	 -4034.63037	 -1677.08984	 -19231.85547	  19237.85547
 13510	 -2666.21338	 -2072.04346	 -19126.84766	  19132.84766
 1014	 -2651.25439	 -2069.01221	 -19209.83398	  19215.83398
 13511	 -2712.54053	 -2053.75269	 -19174.73633	  19180.73633
 13510	 -2666.21338	 -2072.04346	 -19126.84766	  19132.84766
 4171	 -2609.76807	 -2084.95605	 -19166.94141	  19172.94141
 1014	 -2651.25439	 -2069.01221	 -19209.83398	  19215.83398
 4142	 -3359.64136	 -1908.71802	 -18652.4082	  18658.4082
 13511	 -2712.54053	 -2053.75269	 -19174.73633	  19180.73633
 13472	 -3410.80835	 -1887.30176	 -18705.28125	  18711.28125
 4142	 -3359.64136	 -1908.71802	 -18652.4082	  18658.4082
 13510	 -2666.21338	 -2072.04346	 -19126.84766	  19132.84766
 13511	 -2712.54053	 -2053.75269	 -19174.73633	  19180.73633
 13509	 -2105.48486	 -2282.27661	 -18547.03516	  18553.03516
 4171	 -2609.76807	 -2084.95605	 -19166.94141	  19172.94141
 13510	 -2666.21338	 -2072.04346	 -19126.84766	  19132.84766
 13509	 -2105.48486	 -2282.27661	 -18547.03516	  18553.03516
 13566	 -2044.04236	 -2298.05981	 -18581.97852	  18587.97852
 4171	 -2609.76807	 -2084.95605	 -19166.94141	  19172.94141
 13471	 -2803.90894	 -2109.74023	 -18077.64258	  18083.64258
 13510	 -2666.21338	 -2072.04346	 -19126.84766	  19132.84766
 4142	 -3359.64136	 -1908.71802	 -18652.4082	  18658.4082
 13471	 -2803.90894	 -2109.74023	 -18077.64258	  18083.64258
 13509	 -2105.48486	 -2282.27661	 -18547.03516	  18553.03516
 13510	 -2666.21338	 -2072.04346	 -19126.84766	  19132.84766
 13414	 -3427.88525	 -1892.43091	 -18604.26172	  18610.26172
 4142	 -3359.64136	 -1908.71802	 -18652.4082	  18658.4082
 13472	 -3410.80835	 -1887.30176	 -18705.28125	  18711.28125
 13414	 -3427.88525	 -1892.43091	 -18604.26172	  18610.26172
 13472	 -3410.80835	 -1887.30176	 -18705.28125	  18711.28125
 13415	 -3483.89307	 -1872.10547	 -18662.1875	  18668.1875
 13413	 -2877.14893	 -2091.00098	 -18034.65234	  18040.65234
 13471	 -2803.90894	 -2109.74023	 -18077.64258	  18083.64258
 4142	 -3359.64136	 -1908.71802	 -18652.4082	  18658.4082
 13413	 -2877.14893	 -2091.00098	 -18034.65234	  18040.65234
 4142	 -3359.64136	 -1908.71802	 -18652.4082	  18658.4082
 13414	 -3427.88525	 -1892.43091	 -18604.26172	  18610.26172
 13508	 -2059.15771	 -2299.47046	 -18499.12891	  18505.12891
 13566	 -2044.04236	 -2298.05981	 -18581.97852	  18587.97852
 13509	 -2105.48486	 -2282.27661	 -18547.03516	  18553.03516
 13508	 -2059.15771	 -2299.47046	 -18499.12891	  18505.12891
 4170	 -2002.55505	 -2312.91016	 -18539.06836	  18545.06836
 13566	 -2044.04236	 -2298.05981	 -18581.97852	  18587.97852
 4141	 -2752.74194	 -2126.97241	 -18024.70117	  18030.70117
 13509	 -2105.48486	 -2282.27661	 -18547.03516	  18553.03516
 13471	 -2803.90894	 -2109.74023	 -18077.64258	  18083.64258
 4141	 -2752.74194	 -2126.97241	 -18024.70117	  18030.70117
 13508	 -2059.15771	 -2299.47046	 -18499.12891	  18505.12891
 13509	 -2105.48486	 -2282.27661	 -18547.03516	  18553.03516
 13507	 -1498.42822	 -2485.45972	 -17918.91797	  17924.91797
 4170	 -2002.55505	 -2312.91016	 -18539.06836	  18545.06836
 13508	 -2059.15771	 -2299.47046	 -18499.12891	  18505.12891
 13507	 -1498.42822	 -2485.45972	 -17918.91797	  17924.91797
 238	 -1436.83044	 -2501.20508	 -17953.69727	  17959.69727
 4170	 -2002.55505	 -2312.91016	 -18539.06836	  18545.06836
 13470	 -2197.00854	 -2316.96362	 -17449.75195	  17455.75195
 13508	 -2059.15771	 -2299.47046	 -18499.12891	  18505.12891
 4141	 -2752.74194	 -2126.97241	 -18024.70117	  18030.70117
 13470	 -2197.00854	 -2316.96362	 -17449.75195	  17455.75195
 13507	 -1498.42822	 -2485.45972	 -17918.91797	  17924.91797
 13508	 -2059.15771	 -2299.47046	 -18499.12891	  18505.12891
 13412	 -2821.14111	 -2108.22974	 -17976.67578	  17982.67578
 4141	 -2752.74194	 -2126.97241	 -18024.70117	  18030.70117
 13471	 -2803.90894	 -2109.74023	 -18077.64258	  18083.64258
 13412	 -2821.14111	 -2108.22974	 -17976.67578	  17982.67578
 13471	 -2803.90894	 -2109.74023	 -18077.64258	  18083.64258
 13413	 -2877.14893	 -2091.00098	 -18034.65234	  18040.65234
 13411	 -2270.40381	 -2297.38867	 -17406.91211	  17412.91211
 13470	 -2197.00854	 -2316.96362	 -17449.75195	  17455.75195
 4141	 -2752.74194	 -2126.97241	 -18024.70117	  18030.70117
 13411	 -2270.40381	 -2297.38867	 -17406.91211	  17412.91211
 4141	 -2752.74194	 -2126.97241	 -18024.70117	  18030.70117
 13412	 -2821.14111	 -2108.22974	 -17976.67578	  17982.67578
 13506	 -1452.10205	 -2500.29956	 -17870.9707	  17876.9707
 238	 -1436.83044	 -2501.20508	 -17953.69727	  17959.69727
 13507	 -1498.42822	 -2485.45972	 -17918.91797	  17924.91797
 13506	 -1452.10205	 -2500.29956	 -17870.9707	  17876.9707
 1013	 -1395.34314	 -2514.60376	 -17910.76367	  17916.76367
 238	 -1436.83044	 -2501.20508	 -17953.69727	  17959.69727
 4140	 -2145.84155	 -2333.73926	 -17396.80469	  17402.80469
 13507	 -1498.42822	 -2485.45972	 -17918.91797	  17924.91797
 13470	 -2197.00854	 -2316.96362	 -17449.75195	  17455.75195
 4140	 -2145.84155	 -2333.73926	 -17396.80469	  17402.80469
 13506	 -1452.10205	 -2500.29956	 -17870.9707	  17876.9707
 13507	 -1498.42822	 -2485.45972	 -17918.91797	  17924.91797
 13505	 -891.37256	 -2675.27734	 -17290.57813	  17296.57813
 1013	 -1395.34314	 -2514.60376	 -17910.76367	  17916.76367
 13506	 -1452.10205	 -2500.29956	 -17870.9707	  17876.9707
 13505	 -891.37256	 -2675.27734	 -17290.57813	  17296.57813
 13565	 -829.61859	 -2689.95483	 -17325.17969	  17331.17969
 1013	 -1395.34314	 -2514.60376	 -17910.76367	  17916.76367
 13469	 -1590.10828	 -2525.81299	 -16821.88867	  16827.88867
 13506	 -1452.10205	 -2500.29956	 -17870.9707	  17876.9707
 4140	 -2145.84155	 -2333.73926	 -17396.80469	  17402.80469
 13469	 -1590.10828	 -2525.81299	 -16821.88867	  16827.88867
 13505	 -891.37256	 -2675.27734	 -17290.57813	  17296.57813
 13506	 -1452.10205	 -2500.29956	 -17870.9707	  17876.9707
 13410	 -2214.39697	 -2317.50635	 -17348.98242	  17354.98242
 4140	 -2145.84155	 -2333.73926	 -17396.80469	  17402.80469
 13470	 -2197.00854	 -2316.96362	 -17449.75195	  17455.75195
 13410	 -2214.39697	 -2317.50635	 -17348.98242	  17354.98242
 13470	 -2197.00854	 -2316.96362	 -17449.75195	  17455.75195
 13411	 -2270.40381	 -2297.38867	 -17406.91211	  17412.91211
 13409	 -1663.65979	 -2506.17969	 -16779.20898	  16785.20898
 13469	 -1590.10828	 -2525.81299	 -16821.88867	  16827.88867
 4140	 -2145.84155	 -2333.73926	 -17396.80469	  17402.80469
 13409	 -1663.65979	 -2506.17969	 -16779.20898	  16785.20898
 4140	 -2145.84155	 -2333.73926	 -17396.80469	  17402.80469
 13410	 -2214.39697	 -2317.50635	 -17348.98242	  17354.98242
 13504	 -845.04541	 -2690.41504	 -17242.63867	  17248.63867
 13565	 -829.61859	 -2689.95483	 -17325.17969	  17331.17969
 13505	 -891.37256	 -2675.27734	 -17290.57813	  17296.57813
 13504	 -845.04541	 -2690.41504	 -17242.63867	  17248.63867
 4169	 -788.13129	 -2701.92871	 -17282.2207	  17288.2207
 13565	 -829.61859	 -2689.95483	 -17325.17969	  17331.17969
 4139	 -1538.94226	 -2542.42041	 -16768.93945	  16774.93945
 13505	 -891.37256	 -2675.27734	 -17290.57813	  17296.57813
 13469	 -1590.10828	 -2525.81299	 -16821.88867	  16827.88867
 4139	 -1538.94226	 -2542.42041	 -16768.93945	  16774.93945
 13504	 -845.04541	 -2690.41504	 -17242.63867	  17248.63867
 13505	 -891.37256	 -2675.27734	 -17290.57813	  17296.57813
 13503	 -284.31592	 -2864.97583	 -16662.23633	  16668.23633
 4169	 -788.13129	 -2701.92871	 -17282.2207	  17288.2207
 13504	 -845.04541	 -2690.41504	 -17242.63867	  17248.63867
 13503	 -284.31592	 -2864.97583	 -16662.23633	  16668.23633
 13564	 -222.4057	 -2876.79419	 -16696.62891	  16702.62891
 4169	 -788.13129	 -2701.92871	 -17282.2207	  17288.2207
 13468	 -983.20886	 -2715.16968	 -16193.70605	  16199.70605
 13504	 -845.04541	 -2690.41504	 -17242.63867	  17248.63867
 4139	 -1538.94226	 -2542.42041	 -16768.93945	  16774.93945
 13468	 -983.20886	 -2715.16968	 -16193.70605	  16199.70605
 13503	 -284.31592	 -2864.97583	 -16662.23633	  16668.23633
 13504	 -845.04541	 -2690.41504	 -17242.63867	  17248.63867
 13408	 -1607.65393	 -2525.37671	 -16721.26758	  16727.26758
 4139	 -1538.94226	 -2542.42041	 -16768.93945	  16774.93945
 13469	 -1590.10828	 -2525.81299	 -16821.88867	  16827.88867
 13408	 -1607.65393	 -2525.37671	 -16721.26758	  16727.26758
 13469	 -1590.10828	 -2525.81299	 -16821.88867	  16827.88867
 13409	 -1663.65979	 -2506.17969	 -16779.20898	  16785.20898
 13407	 -1056.91663	 -2696.50439	 -16151.20313	  16157.20313
 13468	 -983.20886	 -2715.16968	 -16193.70605	  16199.70605
 4139	 -1538.94226	 -2542.42041	 -16768.93945	  16774.93945
 13407	 -1056.91663	 -2696.50439	 -16151.20313	  16157.20313
 4139	 -1538.94226	 -2542.42041	 -16768.93945	  16774.93945
 13408	 -1607.65393	 -2525.37671	 -16721.26758	  16727.26758
 13502	 -237.98973	 -2878.90576	 -16614.27734	  16620.27734
 13564	 -222.4057	 -2876.79419	 -16696.62891	  16702.62891
 13503	 -284.31592	 -2864.97583	 -16662.23633	  16668.23633
 13502	 -237.98973	 -2878.90576	 -16614.27734	  16620.27734
 1012	 -180.9184	 -2889.74585	 -16653.6875	  16659.6875
 13564	 -222.4057	 -2876.79419	 -16696.62891	  16702.62891
 4138	 -932.04089	 -2730.2356	 -16140.72949	  16146.72949
 13503	 -284.31592	 -2864.97583	 -16662.23633	  16668.23633
 13468	 -983.20886	 -2715.16968	 -16193.70605	  16199.70605
 4138	 -932.04089	 -2730.2356	 -16140.72949	  16146.72949
 13502	 -237.98973	 -2878.90576	 -16614.27734	  16620.27734
 13503	 -284.31592	 -2864.97583	 -16662.23633	  16668.23633
 13501	  322.73975	 -3034.99048	 -16033.57129	  16039.57129
 1012	 -180.9184	 -2889.74585	 -16653.6875	  16659.6875
 13502	 -237.98973	 -2878.90576	 -16614.27734	  16620.27734
 13501	  322.73975	 -3034.99048	 -16033.57129	  16039.57129
 13563	  384.80719	 -3047.76831	 -16067.81348	  16073.81348
 1012	 -180.9184	 -2889.74585	 -16653.6875	  16659.6875
 13467	 -376.3075	 -2854.26611	 -15564.69141	  15570.69141
 13502	 -237.98973	 -2878.90576	 -16614.27734	  16620.27734
 4138	 -932.04089	 -2730.2356	 -16140.72949	  16146.72949
 13467	 -376.3075	 -2854.26611	 -15564.69141	  15570.69141
 13501	  322.73975	 -3034.99048	 -16033.57129	  16039.57129
 13502	 -237.98973	 -2878.90576	 -16614.27734	  16620.27734
 13406	 -1000.90973	 -2711.01978	 -16093.18359	  16099.18359
 4138	 -932.04089	 -2730.2356	 -16140.72949	  16146.72949
 13468	 -983.20886	 -2715.16968	 -16193.70605	  16199.70605
 13406	 -1000.90973	 -2711.01978	 -16093.18359	  16099.18359
 13468	 -983.20886	 -2715.16968	 -16193.70605	  16199.70605
 13407	 -1056.91663	 -2696.50439	 -16151.20313	  16157.20313
 13405	 -450.17242	 -2833.87085	 -15522.32227	  15528.32227
 13467	 -376.3075	 -2854.26611	 -15564.69141	  15570.69141
 4138	 -932.04089	 -2730.2356	 -16140.72949	  16146.72949
 13405	 -450.17242	 -2833.87085	 -15522.32227	  15528.32227
 4138	 -932.04089	 -2730.2356	 -16140.72949	  16146.72949
 13406	 -1000.90973	 -2711.01978	 -16093.18359	  16099.18359
 13500	  369.06689	 -3044.56958	 -15985.53906	  15991.53906
 13563	  384.80719	 -3047.76831	 -16067.81348	  16073.81348
 13501	  322.73975	 -3034.99048	 -16033.57129	  16039.57129
 13500	  369.06689	 -3044.56958	 -15985.53906	  15991.53906
 4168	  426.29449	 -3058.49731	 -16024.83496	  16030.83496
 13563	  384.80719	 -3047.76831	 -16067.81348	  16073.81348
 4136	 -325.14148	 -2864.19019	 -15511.62891	  15517.62891
 13501	  322.73975	 -3034.99048	 -16033.57129	  16039.57129
 13467	 -376.3075	 -2854.26611	 -15564.69141	  15570.69141
 4136	 -325.14148	 -2864.19019	 -15511.62891	  15517.62891
 13500	  369.06689	 -3044.56958	 -15985.53906	  15991.53906
 13501	  322.73975	 -3034.99048	 -16033.57129	  16039.57129
 13498	  929.79639	 -3087.41919	 -15402.96191	  15408.96191
 4168	  426.29449	 -3058.49731	 -16024.83496	  16030.83496
 13500	  369.06689	 -3044.56958	 -15985.53906	  15991.53906
 13498	  929.79639	 -3087.41919	 -15402.96191	  15408.96191
 13562	  992.0191	 -3100.19189	 -15437.04297	  15443.04297
 4168	  426.29449	 -3058.49731	 -16024.83496	  16030.83496
 13499	  793.27496	 -3059.25903	 -15230.33789	  15236.33789
 11	  1033.50647	 -3100.24658	 -15393.8877	  15399.8877
 13562	  992.0191	 -3100.19189	 -15437.04297	  15443.04297
 13499	  793.27496	 -3059.25903	 -15230.33789	  15236.33789
 13562	  992.0191	 -3100.19189	 -15437.04297	  15443.04297
 13498	  929.79639	 -3087.41919	 -15402.96191	  15408.96191
 4137	  287.46387	 -2938.24756	 -14885.4082	  14891.4082
 13499	  793.27496	 -3059.25903	 -15230.33789	  15236.33789
 13498	  929.79639	 -3087.41919	 -15402.96191	  15408.96191
 13466	  93.52053	 -2920.25464	 -15086.85547	  15092.85547
 13498	  929.79639	 -3087.41919	 -15402.96191	  15408.96191
 13500	  369.06689	 -3044.56958	 -15985.53906	  15991.53906
 4137	  287.46387	 -2938.24756	 -14885.4082	  14891.4082
 13498	  929.79639	 -3087.41919	 -15402.96191	  15408.96191
 13466	  93.52053	 -2920.25464	 -15086.85547	  15092.85547
 13466	  93.52053	 -2920.25464	 -15086.85547	  15092.85547
 13500	  369.06689	 -3044.56958	 -15985.53906	  15991.53906
 4136	 -325.14148	 -2864.19019	 -15511.62891	  15517.62891
 13403	  47.23243	 -2872.23853	 -14721.44531	  14727.44531
 4137	  287.46387	 -2938.24756	 -14885.4082	  14891.4082
 13466	  93.52053	 -2920.25464	 -15086.85547	  15092.85547
 13403	  47.23243	 -2872.23853	 -14721.44531	  14727.44531
 13466	  93.52053	 -2920.25464	 -15086.85547	  15092.85547
 13402	 -146.71094	 -2852.05762	 -14922.85645	  14928.85645
 13402	 -146.71094	 -2852.05762	 -14922.85645	  14928.85645
 13466	  93.52053	 -2920.25464	 -15086.85547	  15092.85547
 4136	 -325.14148	 -2864.19019	 -15511.62891	  15517.62891
 997	 -458.57864	 -2729.79248	 -14376.16211	  14382.16211
 13403	  47.23243	 -2872.23853	 -14721.44531	  14727.44531
 13402	 -146.71094	 -2852.05762	 -14922.85645	  14928.85645
 13404	 -555.06152	 -2798.54614	 -15346.74902	  15352.74902
 4136	 -325.14148	 -2864.19019	 -15511.62891	  15517.62891
 13467	 -376.3075	 -2854.26611	 -15564.69141	  15570.69141
 13402	 -146.71094	 -2852.05762	 -14922.85645	  14928.85645
 4136	 -325.14148	 -2864.19019	 -15511.62891	  15517.62891
 13404	 -555.06152	 -2798.54614	 -15346.74902	  15352.74902
 13404	 -555.06152	 -2798.54614	 -15346.74902	  15352.74902
 13467	 -376.3075	 -2854.26611	 -15564.69141	  15570.69141
 13405	 -450.17242	 -2833.87085	 -15522.32227	  15528.32227
 997	 -458.57864	 -2729.79248	 -14376.16211	  14382.16211
 13402	 -146.71094	 -2852.05762	 -14922.85645	  14928.85645
 13380	 -652.52203	 -2709.61157	 -14577.57324	  14583.57324
 13380	 -652.52203	 -2709.61157	 -14577.57324	  14583.57324
 13402	 -146.71094	 -2852.05762	 -14922.85645	  14928.85645
 13404	 -555.06152	 -2798.54614	 -15346.74902	  15352.74902
 13317	 -698.81012	 -2660.98022	 -14212.15234	  14218.15234
 997	 -458.57864	 -2729.79248	 -14376.16211	  14382.16211
 13380	 -652.52203	 -2709.61157	 -14577.57324	  14583.57324
 4110	 -1060.87256	 -2650.93555	 -15001.37988	  15007.37988
 13404	 -555.06152	 -2798.54614	 -15346.74902	  15352.74902
 13405	 -450.17242	 -2833.87085	 -15522.32227	  15528.32227
 13380	 -652.52203	 -2709.61157	 -14577.57324	  14583.57324
 13404	 -555.06152	 -2798.54614	 -15346.74902	  15352.74902
 4110	 -1060.87256	 -2650.93555	 -15001.37988	  15007.37988
 13317	 -698.81012	 -2660.98022	 -14212.15234	  14218.15234
 13380	 -652.52203	 -2709.61157	 -14577.57324	  14583.57324
 13316	 -892.75348	 -2636.17896	 -14413.4873	  14419.4873
 13316	 -892.75348	 -2636.17896	 -14413.4873	  14419.4873
 13380	 -652.52203	 -2709.61157	 -14577.57324	  14583.57324
 4110	 -1060.87256	 -2650.93555	 -15001.37988	  15007.37988
 4079	 -1204.61755	 -2513.64429	 -13866.79004	  13872.79004
 13317	 -698.81012	 -2660.98022	 -14212.15234	  14218.15234
 13316	 -892.75348	 -2636.17896	 -14413.4873	  14419.4873
 4110	 -1060.87256	 -2650.93555	 -15001.37988	  15007.37988
 13405	 -450.17242	 -2833.87085	 -15522.32227	  15528.32227
 13381	 -1254.81689	 -2613.5354	 -15202.50879	  15208.50879
 13381	 -1254.81689	 -2613.5354	 -15202.50879	  15208.50879
 13405	 -450.17242	 -2833.87085	 -15522.32227	  15528.32227
 13406	 -1000.90973	 -2711.01978	 -16093.18359	  16099.18359
 13316	 -892.75348	 -2636.17896	 -14413.4873	  14419.4873
 4110	 -1060.87256	 -2650.93555	 -15001.37988	  15007.37988
 13318	 -1301.104	 -2579.60693	 -14837.3291	  14843.3291
 13318	 -1301.104	 -2579.60693	 -14837.3291	  14843.3291
 4110	 -1060.87256	 -2650.93555	 -15001.37988	  15007.37988
 13381	 -1254.81689	 -2613.5354	 -15202.50879	  15208.50879
 4079	 -1204.61755	 -2513.64429	 -13866.79004	  13872.79004
 13316	 -892.75348	 -2636.17896	 -14413.4873	  14419.4873
 13284	 -1398.56091	 -2487.76538	 -14068.10742	  14074.10742
 13284	 -1398.56091	 -2487.76538	 -14068.10742	  14074.10742
 13316	 -892.75348	 -2636.17896	 -14413.4873	  14419.4873
 13318	 -1301.104	 -2579.60693	 -14837.3291	  14843.3291
 13221	 -1444.85266	 -2444.99927	 -13702.78125	  13708.78125
 4079	 -1204.61755	 -2513.64429	 -13866.79004	  13872.79004
 13284	 -1398.56091	 -2487.76538	 -14068.10742	  14074.10742
 13381	 -1254.81689	 -2613.5354	 -15202.50879	  15208.50879
 13406	 -1000.90973	 -2711.01978	 -16093.18359	  16099.18359
 996	 -1682.38916	 -2517.16309	 -15627.41406	  15633.41406
 996	 -1682.38916	 -2517.16309	 -15627.41406	  15633.41406
 13406	 -1000.90973	 -2711.01978	 -16093.18359	  16099.18359
 13407	 -1056.91663	 -2696.50439	 -16151.20313	  16157.20313
 13221	 -1444.85266	 -2444.99927	 -13702.78125	  13708.78125
 13284	 -1398.56091	 -2487.76538	 -14068.10742	  14074.10742
 13220	 -1638.79602	 -2419.91089	 -13904.11133	  13910.11133
 981	 -1950.66016	 -2302.3125	 -13357.49609	  13363.49609
 13221	 -1444.85266	 -2444.99927	 -13702.78125	  13708.78125
 13220	 -1638.79602	 -2419.91089	 -13904.11133	  13910.11133
 13284	 -1398.56091	 -2487.76538	 -14068.10742	  14074.10742
 13318	 -1301.104	 -2579.60693	 -14837.3291	  14843.3291
 4078	 -1806.9115	 -2426.2356	 -14491.86719	  14497.86719
 13220	 -1638.79602	 -2419.91089	 -13904.11133	  13910.11133
 13284	 -1398.56091	 -2487.76538	 -14068.10742	  14074.10742
 4078	 -1806.9115	 -2426.2356	 -14491.86719	  14497.86719
 13318	 -1301.104	 -2579.60693	 -14837.3291	  14843.3291
 13381	 -1254.81689	 -2613.5354	 -15202.50879	  15208.50879
 13319	 -1495.04834	 -2542.43872	 -15038.46191	  15044.46191
 4078	 -1806.9115	 -2426.2356	 -14491.86719	  14497.86719
 13318	 -1301.104	 -2579.60693	 -14837.3291	  14843.3291
 13319	 -1495.04834	 -2542.43872	 -15038.46191	  15044.46191
 13319	 -1495.04834	 -2542.43872	 -15038.46191	  15044.46191
 13381	 -1254.81689	 -2613.5354	 -15202.50879	  15208.50879
 996	 -1682.38916	 -2517.16309	 -15627.41406	  15633.41406
 981	 -1950.66016	 -2302.3125	 -13357.49609	  13363.49609
 13220	 -1638.79602	 -2419.91089	 -13904.11133	  13910.11133
 13198	 -2144.60352	 -2273.54614	 -13558.76563	  13564.76563
 231	 -2190.8916	 -2229.05054	 -13193.41309	  13199.41309
 981	 -1950.66016	 -2302.3125	 -13357.49609	  13363.49609
 13198	 -2144.60352	 -2273.54614	 -13558.76563	  13564.76563
 13220	 -1638.79602	 -2419.91089	 -13904.11133	  13910.11133
 4078	 -1806.9115	 -2426.2356	 -14491.86719	  14497.86719
 13222	 -2047.14661	 -2356.71216	 -14327.84375	  14333.84375
 13198	 -2144.60352	 -2273.54614	 -13558.76563	  13564.76563
 13220	 -1638.79602	 -2419.91089	 -13904.11133	  13910.11133
 13222	 -2047.14661	 -2356.71216	 -14327.84375	  14333.84375
 4078	 -1806.9115	 -2426.2356	 -14491.86719	  14497.86719
 13319	 -1495.04834	 -2542.43872	 -15038.46191	  15044.46191
 13285	 -2000.85583	 -2389.09961	 -14693.00	  14699.00
 13222	 -2047.14661	 -2356.71216	 -14327.84375	  14333.84375
 4078	 -1806.9115	 -2426.2356	 -14491.86719	  14497.86719
 13285	 -2000.85583	 -2389.09961	 -14693.00	  14699.00
 231	 -2190.8916	 -2229.05054	 -13193.41309	  13199.41309
 13198	 -2144.60352	 -2273.54614	 -13558.76563	  13564.76563
 13142	 -2384.83496	 -2202.48193	 -13394.71875	  13400.71875
 4021	 -2696.70264	 -2083.88647	 -12848.08496	  12854.08496
 231	 -2190.8916	 -2229.05054	 -13193.41309	  13199.41309
 13142	 -2384.83496	 -2202.48193	 -13394.71875	  13400.71875
 13198	 -2144.60352	 -2273.54614	 -13558.76563	  13564.76563
 13222	 -2047.14661	 -2356.71216	 -14327.84375	  14333.84375
 4052	 -2552.9541	 -2208.71191	 -13982.4707	  13988.4707
 13142	 -2384.83496	 -2202.48193	 -13394.71875	  13400.71875
 13198	 -2144.60352	 -2273.54614	 -13558.76563	  13564.76563
 4052	 -2552.9541	 -2208.71191	 -13982.4707	  13988.4707
 4021	 -2696.70264	 -2083.88647	 -12848.08496	  12854.08496
 13142	 -2384.83496	 -2202.48193	 -13394.71875	  13400.71875
 13110	 -2890.646	 -2057.19287	 -13049.3877	  13055.3877
 13047	 -2936.93408	 -2017.84753	 -12684.12109	  12690.12109
 4021	 -2696.70264	 -2083.88647	 -12848.08496	  12854.08496
 13110	 -2890.646	 -2057.19287	 -13049.3877	  13055.3877
 13142	 -2384.83496	 -2202.48193	 -13394.71875	  13400.71875
 4052	 -2552.9541	 -2208.71191	 -13982.4707	  13988.4707
 13143	 -2793.18555	 -2136.72119	 -13818.40918	  13824.40918
 13110	 -2890.646	 -2057.19287	 -13049.3877	  13055.3877
 13142	 -2384.83496	 -2202.48193	 -13394.71875	  13400.71875
 13143	 -2793.18555	 -2136.72119	 -13818.40918	  13824.40918
 4052	 -2552.9541	 -2208.71191	 -13982.4707	  13988.4707
 13222	 -2047.14661	 -2356.71216	 -14327.84375	  14333.84375
 13223	 -2241.09082	 -2318.53442	 -14528.95996	  14534.95996
 13222	 -2047.14661	 -2356.71216	 -14327.84375	  14333.84375
 13285	 -2000.85583	 -2389.09961	 -14693.00	  14699.00
 13223	 -2241.09082	 -2318.53442	 -14528.95996	  14534.95996
 13047	 -2936.93408	 -2017.84753	 -12684.12109	  12690.12109
 13110	 -2890.646	 -2057.19287	 -13049.3877	  13055.3877
 13046	 -3130.87744	 -1990.30298	 -12885.41113	  12891.41113
 3989	 -3442.74512	 -1881.71838	 -12338.94141	  12344.94141
 13047	 -2936.93408	 -2017.84753	 -12684.12109	  12690.12109
 13046	 -3130.87744	 -1990.30298	 -12885.41113	  12891.41113
 13046	 -3130.87744	 -1990.30298	 -12885.41113	  12891.41113
 13110	 -2890.646	 -2057.19287	 -13049.3877	  13055.3877
 4020	 -3298.99658	 -1990.76648	 -13473.06738	  13479.06738
 13110	 -2890.646	 -2057.19287	 -13049.3877	  13055.3877
 13143	 -2793.18555	 -2136.72119	 -13818.40918	  13824.40918
 4020	 -3298.99658	 -1990.76648	 -13473.06738	  13479.06738
 3989	 -3442.74512	 -1881.71838	 -12338.94141	  12344.94141
 13046	 -3130.87744	 -1990.30298	 -12885.41113	  12891.41113
 13014	 -3636.68848	 -1849.43701	 -12540.15332	  12546.15332
 965	 -3682.97656	 -1818.27966	 -12175.02148	  12181.02148
 3989	 -3442.74512	 -1881.71838	 -12338.94141	  12344.94141
 13014	 -3636.68848	 -1849.43701	 -12540.15332	  12546.15332
 13046	 -3130.87744	 -1990.30298	 -12885.41113	  12891.41113
 4020	 -3298.99658	 -1990.76648	 -13473.06738	  13479.06738
 13048	 -3539.22803	 -1923.44287	 -13309.08203	  13315.08203
 13014	 -3636.68848	 -1849.43701	 -12540.15332	  12546.15332
 13046	 -3130.87744	 -1990.30298	 -12885.41113	  12891.41113
 13048	 -3539.22803	 -1923.44287	 -13309.08203	  13315.08203
 965	 -3682.97656	 -1818.27966	 -12175.02148	  12181.02148
 13014	 -3636.68848	 -1849.43701	 -12540.15332	  12546.15332
 12966	 -3876.91992	 -1787.62524	 -12376.25977	  12382.25977
 3957	 -4188.7876	 -1684.57422	 -11829.88184	  11835.88184
 965	 -3682.97656	 -1818.27966	 -12175.02148	  12181.02148
 12966	 -3876.91992	 -1787.62524	 -12376.25977	  12382.25977
 13014	 -3636.68848	 -1849.43701	 -12540.15332	  12546.15332
 13048	 -3539.22803	 -1923.44287	 -13309.08203	  13315.08203
 3988	 -4045.03906	 -1781.67932	 -12963.80957	  12969.80957
 12966	 -3876.91992	 -1787.62524	 -12376.25977	  12382.25977
 13014	 -3636.68848	 -1849.43701	 -12540.15332	  12546.15332
 3988	 -4045.03906	 -1781.67932	 -12963.80957	  12969.80957
 3957	 -4188.7876	 -1684.57422	 -11829.88184	  11835.88184
 12966	 -3876.91992	 -1787.62524	 -12376.25977	  12382.25977
 12934	 -4382.73096	 -1650.77051	 -12031.06836	  12037.06836
 12871	 -4429.01904	 -1624.18994	 -11666.01172	  11672.01172
 3957	 -4188.7876	 -1684.57422	 -11829.88184	  11835.88184
 12934	 -4382.73096	 -1650.77051	 -12031.06836	  12037.06836
 12966	 -3876.91992	 -1787.62524	 -12376.25977	  12382.25977
 3988	 -4045.03906	 -1781.67932	 -12963.80957	  12969.80957
 12967	 -4285.27051	 -1711.92249	 -12799.78516	  12805.78516
 12934	 -4382.73096	 -1650.77051	 -12031.06836	  12037.06836
 12966	 -3876.91992	 -1787.62524	 -12376.25977	  12382.25977
 12967	 -4285.27051	 -1711.92249	 -12799.78516	  12805.78516
 12871	 -4429.01904	 -1624.18994	 -11666.01172	  11672.01172
 12934	 -4382.73096	 -1650.77051	 -12031.06836	  12037.06836
 12870	 -4622.9624	 -1590.37671	 -11867.19824	  11873.19824
 3925	 -4934.83008	 -1489.86682	 -11320.8623	  11326.8623
 12871	 -4429.01904	 -1624.18994	 -11666.01172	  11672.01172
 12870	 -4622.9624	 -1590.37671	 -11867.19824	  11873.19824
 12934	 -4382.73096	 -1650.77051	 -12031.06836	  12037.06836
 12967	 -4285.27051	 -1711.92249	 -12799.78516	  12805.78516
 3956	 -4791.08154	 -1578.13281	 -12454.64453	  12460.64453
 12870	 -4622.9624	 -1590.37671	 -11867.19824	  11873.19824
 12934	 -4382.73096	 -1650.77051	 -12031.06836	  12037.06836
 3956	 -4791.08154	 -1578.13281	 -12454.64453	  12460.64453
 3925	 -4934.83008	 -1489.86682	 -11320.8623	  11326.8623
 12870	 -4622.9624	 -1590.37671	 -11867.19824	  11873.19824
 12838	 -5128.77344	 -1463.16357	 -11522.16602	  11528.16602
 949	 -5175.06152	 -1434.39734	 -11157.07324	  11163.07324
 3925	 -4934.83008	 -1489.86682	 -11320.8623	  11326.8623
 12838	 -5128.77344	 -1463.16357	 -11522.16602	  11528.16602
 12870	 -4622.9624	 -1590.37671	 -11867.19824	  11873.19824
 3956	 -4791.08154	 -1578.13281	 -12454.64453	  12460.64453
 12872	 -5031.31299	 -1513.54297	 -12290.70508	  12296.70508
 12838	 -5128.77344	 -1463.16357	 -11522.16602	  11528.16602
 12870	 -4622.9624	 -1590.37671	 -11867.19824	  11873.19824
 12872	 -5031.31299	 -1513.54297	 -12290.70508	  12296.70508
 949	 -5175.06152	 -1434.39734	 -11157.07324	  11163.07324
 12838	 -5128.77344	 -1463.16357	 -11522.16602	  11528.16602
 12790	 -5369.00488	 -1394.64197	 -11358.16113	  11364.16113
 223	 -5680.86914	 -1308.78699	 -10812.07031	  10818.07031
 949	 -5175.06152	 -1434.39734	 -11157.07324	  11163.07324
 12790	 -5369.00488	 -1394.64197	 -11358.16113	  11364.16113
 12838	 -5128.77344	 -1463.16357	 -11522.16602	  11528.16602
 12872	 -5031.31299	 -1513.54297	 -12290.70508	  12296.70508
 3924	 -5537.12402	 -1383.35461	 -11945.62402	  11951.62402
 12790	 -5369.00488	 -1394.64197	 -11358.16113	  11364.16113
 12838	 -5128.77344	 -1463.16357	 -11522.16602	  11528.16602
 3924	 -5537.12402	 -1383.35461	 -11945.62402	  11951.62402
 223	 -5680.86914	 -1308.78699	 -10812.07031	  10818.07031
 12790	 -5369.00488	 -1394.64197	 -11358.16113	  11364.16113
 12762	 -5874.8125	 -1275.55872	 -11013.26563	  11019.26563
 12699	 -5921.104	 -1253.31641	 -10648.2793	  10654.2793
 223	 -5680.86914	 -1308.78699	 -10812.07031	  10818.07031
 12762	 -5874.8125	 -1275.55872	 -11013.26563	  11019.26563
 12790	 -5369.00488	 -1394.64197	 -11358.16113	  11364.16113
 3924	 -5537.12402	 -1383.35461	 -11945.62402	  11951.62402
 12791	 -5777.35547	 -1321.36035	 -11781.72656	  11787.72656
 12762	 -5874.8125	 -1275.55872	 -11013.26563	  11019.26563
 12790	 -5369.00488	 -1394.64197	 -11358.16113	  11364.16113
 12791	 -5777.35547	 -1321.36035	 -11781.72656	  11787.72656
 12699	 -5921.104	 -1253.31641	 -10648.2793	  10654.2793
 12762	 -5874.8125	 -1275.55872	 -11013.26563	  11019.26563
 12698	 -6115.04736	 -1220.08704	 -10849.47461	  10855.47461
 3865	 -6426.91162	 -1137.7804	 -10303.44141	  10309.44141
 12699	 -5921.104	 -1253.31641	 -10648.2793	  10654.2793
 12698	 -6115.04736	 -1220.08704	 -10849.47461	  10855.47461
 12762	 -5874.8125	 -1275.55872	 -11013.26563	  11019.26563
 12791	 -5777.35547	 -1321.36035	 -11781.72656	  11787.72656
 3896	 -6283.16309	 -1195.75	 -11436.72363	  11442.72363
 12698	 -6115.04736	 -1220.08704	 -10849.47461	  10855.47461
 12762	 -5874.8125	 -1275.55872	 -11013.26563	  11019.26563
 3896	 -6283.16309	 -1195.75	 -11436.72363	  11442.72363
 3865	 -6426.91162	 -1137.7804	 -10303.44141	  10309.44141
 12698	 -6115.04736	 -1220.08704	 -10849.47461	  10855.47461
 12666	 -6620.85498	 -1098.02734	 -10504.5293	  10510.5293
 47	 -6667.14307	 -1088.83203	 -10139.76074	  10145.76074
 3865	 -6426.91162	 -1137.7804	 -10303.44141	  10309.44141
 12666	 -6620.85498	 -1098.02734	 -10504.5293	  10510.5293
 12698	 -6115.04736	 -1220.08704	 -10849.47461	  10855.47461
 3896	 -6283.16309	 -1195.75	 -11436.72363	  11442.72363
 12700	 -6523.39795	 -1140.27942	 -11272.93262	  11278.93262
 12666	 -6620.85498	 -1098.02734	 -10504.5293	  10510.5293
 12698	 -6115.04736	 -1220.08704	 -10849.47461	  10855.47461
 12700	 -6523.39795	 -1140.27942	 -11272.93262	  11278.93262
 47	 -6667.14307	 -1088.83203	 -10139.76074	  10145.76074
 12666	 -6620.85498	 -1098.02734	 -10504.5293	  10510.5293
 12618	 -6861.08643	 -1046.474	 -10340.80566	  10346.80566
 3833	 -7172.9541	 -971.59003	 -9794.89355	  9800.89355
 47	 -6667.14307	 -1088.83203	 -10139.76074	  10145.76074
 12618	 -6861.08643	 -1046.474	 -10340.80566	  10346.80566
 12666	 -6620.85498	 -1098.02734	 -10504.5293	  10510.5293
 12700	 -6523.39795	 -1140.27942	 -11272.93262	  11278.93262
 3864	 -7029.20557	 -1021.19501	 -10928.03711	  10934.03711
 12618	 -6861.08643	 -1046.474	 -10340.80566	  10346.80566
 12666	 -6620.85498	 -1098.02734	 -10504.5293	  10510.5293
 3864	 -7029.20557	 -1021.19501	 -10928.03711	  10934.03711
 3833	 -7172.9541	 -971.59003	 -9794.89355	  9800.89355
 12618	 -6861.08643	 -1046.474	 -10340.80566	  10346.80566
 12586	 -7366.89746	 -930.73639	 -9995.96289	  10001.96289
 12523	 -7413.18213	 -912.30029	 -9631.04297	  9637.04297
 3833	 -7172.9541	 -971.59003	 -9794.89355	  9800.89355
 12586	 -7366.89746	 -930.73639	 -9995.96289	  10001.96289
 12618	 -6861.08643	 -1046.474	 -10340.80566	  10346.80566
 3864	 -7029.20557	 -1021.19501	 -10928.03711	  10934.03711
 12619	 -7269.43701	 -958.96753	 -10764.13574	  10770.13574
 12586	 -7366.89746	 -930.73639	 -9995.96289	  10001.96289
 12618	 -6861.08643	 -1046.474	 -10340.80566	  10346.80566
 12619	 -7269.43701	 -958.96753	 -10764.13574	  10770.13574
 12523	 -7413.18213	 -912.30029	 -9631.04297	  9637.04297
 12586	 -7366.89746	 -930.73639	 -9995.96289	  10001.96289
 12522	 -7607.12549	 -873.24182	 -9832.14258	  9838.14258
 3801	 -7918.99658	 -803.24512	 -9286.30957	  9292.30957
 12523	 -7413.18213	 -912.30029	 -9631.04297	  9637.04297
 12522	 -7607.12549	 -873.24182	 -9832.14258	  9838.14258
 12586	 -7366.89746	 -930.73639	 -9995.96289	  10001.96289
 12619	 -7269.43701	 -958.96753	 -10764.13574	  10770.13574
 3832	 -7775.24805	 -842.30945	 -10419.27832	  10425.27832
 12522	 -7607.12549	 -873.24182	 -9832.14258	  9838.14258
 12586	 -7366.89746	 -930.73639	 -9995.96289	  10001.96289
 3832	 -7775.24805	 -842.30945	 -10419.27832	  10425.27832
 3801	 -7918.99658	 -803.24512	 -9286.30957	  9292.30957
 12522	 -7607.12549	 -873.24182	 -9832.14258	  9838.14258
 12490	 -8112.93994	 -758.32031	 -9487.31152	  9493.31152
 921	 -8159.22803	 -745.30737	 -9122.47949	  9128.47949
 3801	 -7918.99658	 -803.24512	 -9286.30957	  9292.30957
 12490	 -8112.93994	 -758.32031	 -9487.31152	  9493.31152
 12522	 -7607.12549	 -873.24182	 -9832.14258	  9838.14258
 3832	 -7775.24805	 -842.30945	 -10419.27832	  10425.27832
 12524	 -8015.47607	 -784.89178	 -10255.45898	  10261.45898
 12490	 -8112.93994	 -758.32031	 -9487.31152	  9493.31152
 12522	 -7607.12549	 -873.24182	 -9832.14258	  9838.14258
 12524	 -8015.47607	 -784.89178	 -10255.45898	  10261.45898
 921	 -8159.22803	 -745.30737	 -9122.47949	  9128.47949
 12490	 -8112.93994	 -758.32031	 -9487.31152	  9493.31152
 12442	 -8353.17188	 -700.38385	 -9323.48242	  9329.48242
 3769	 -8665.03906	 -620.13586	 -8777.48145	  8783.48145
 921	 -8159.22803	 -745.30737	 -9122.47949	  9128.47949
 12442	 -8353.17188	 -700.38385	 -9323.48242	  9329.48242
 12490	 -8112.93994	 -758.32031	 -9487.31152	  9493.31152
 12524	 -8015.47607	 -784.89178	 -10255.45898	  10261.45898
 3800	 -8521.29102	 -659.67847	 -9910.45801	  9916.45801
 12442	 -8353.17188	 -700.38385	 -9323.48242	  9329.48242
 12490	 -8112.93994	 -758.32031	 -9487.31152	  9493.31152
 3800	 -8521.29102	 -659.67847	 -9910.45801	  9916.45801
 3769	 -8665.03906	 -620.13586	 -8777.48145	  8783.48145
 12442	 -8353.17188	 -700.38385	 -9323.48242	  9329.48242
 12410	 -8858.98242	 -575.21234	 -8978.4834	  8984.4834
 215	 -8905.27051	 -562.19818	 -8613.65137	  8619.65137
 3769	 -8665.03906	 -620.13586	 -8777.48145	  8783.48145
 12410	 -8858.98242	 -575.21234	 -8978.4834	  8984.4834
 12442	 -8353.17188	 -700.38385	 -9323.48242	  9329.48242
 3800	 -8521.29102	 -659.67847	 -9910.45801	  9916.45801
 12443	 -8761.52246	 -601.74194	 -9746.62891	  9752.62891
 12410	 -8858.98242	 -575.21234	 -8978.4834	  8984.4834
 12442	 -8353.17188	 -700.38385	 -9323.48242	  9329.48242
 12443	 -8761.52246	 -601.74194	 -9746.62891	  9752.62891
 215	 -8905.27051	 -562.19818	 -8613.65137	  8619.65137
 12410	 -8858.98242	 -575.21234	 -8978.4834	  8984.4834
 12354	 -9099.21387	 -514.9519	 -8814.61523	  8820.61523
 3737	 -9411.08203	 -431.81998	 -8268.56738	  8274.56738
 215	 -8905.27051	 -562.19818	 -8613.65137	  8619.65137
 12354	 -9099.21387	 -514.9519	 -8814.61523	  8820.61523
 12410	 -8858.98242	 -575.21234	 -8978.4834	  8984.4834
 12443	 -8761.52246	 -601.74194	 -9746.62891	  9752.62891
 3768	 -9267.33301	 -471.54169	 -9401.54688	  9407.54688
 12354	 -9099.21387	 -514.9519	 -8814.61523	  8820.61523
 12410	 -8858.98242	 -575.21234	 -8978.4834	  8984.4834
 3768	 -9267.33301	 -471.54169	 -9401.54688	  9407.54688
 3737	 -9411.08203	 -431.81998	 -8268.56738	  8274.56738
 12354	 -9099.21387	 -514.9519	 -8814.61523	  8820.61523
 12322	 -9605.02539	 -375.69852	 -8469.38477	  8475.38477
 905	 -9651.31348	 -367.24698	 -8104.62744	  8110.62744
 3737	 -9411.08203	 -431.81998	 -8268.56738	  8274.56738
 12322	 -9605.02539	 -375.69852	 -8469.38477	  8475.38477
 12354	 -9099.21387	 -514.9519	 -8814.61523	  8820.61523
 3768	 -9267.33301	 -471.54169	 -9401.54688	  9407.54688
 12355	 -9507.56445	 -408.51028	 -9237.63379	  9243.63379
 12322	 -9605.02539	 -375.69852	 -8469.38477	  8475.38477
 12354	 -9099.21387	 -514.9519	 -8814.61523	  8820.61523
 12355	 -9507.56445	 -408.51028	 -9237.63379	  9243.63379
 905	 -9651.31348	 -367.24698	 -8104.62744	  8110.62744
 12322	 -9605.02539	 -375.69852	 -8469.38477	  8475.38477
 12274	 -9845.25684	 -320.11002	 -8305.59375	  8311.59375
 3705	 -10157.12109	 -222.44307	 -7759.30713	  7765.30713
 905	 -9651.31348	 -367.24698	 -8104.62744	  8110.62744
 12274	 -9845.25684	 -320.11002	 -8305.59375	  8311.59375
 12322	 -9605.02539	 -375.69852	 -8469.38477	  8475.38477
 12355	 -9507.56445	 -408.51028	 -9237.63379	  9243.63379
 3736	 -10013.37598	 -272.03748	 -8892.44824	  8898.44824
 12274	 -9845.25684	 -320.11002	 -8305.59375	  8311.59375
 12322	 -9605.02539	 -375.69852	 -8469.38477	  8475.38477
 3736	 -10013.37598	 -272.03748	 -8892.44824	  8898.44824
 3705	 -10157.12109	 -222.44307	 -7759.30713	  7765.30713
 12274	 -9845.25684	 -320.11002	 -8305.59375	  8311.59375
 12242	 -10351.06445	 -174.26671	 -7960.25586	  7966.25586
 12179	 -10397.35547	 -159.96347	 -7595.3999	  7601.3999
 3705	 -10157.12109	 -222.44307	 -7759.30713	  7765.30713
 12242	 -10351.06445	 -174.26671	 -7960.25586	  7966.25586
 12274	 -9845.25684	 -320.11002	 -8305.59375	  8311.59375
 3736	 -10013.37598	 -272.03748	 -8892.44824	  8898.44824
 12275	 -10253.60742	 -207.07755	 -8728.50293	  8734.50293
 12242	 -10351.06445	 -174.26671	 -7960.25586	  7966.25586
 12274	 -9845.25684	 -320.11002	 -8305.59375	  8311.59375
 12275	 -10253.60742	 -207.07755	 -8728.50293	  8734.50293
 12179	 -10397.35547	 -159.96347	 -7595.3999	  7601.3999
 12242	 -10351.06445	 -174.26671	 -7960.25586	  7966.25586
 12178	 -10591.29883	 -105.85592	 -7796.25098	  7802.25098
 12115	 -10903.16309	 -7.35503	 -7249.95117	  7255.95117
 12179	 -10397.35547	 -159.96347	 -7595.3999	  7601.3999
 12178	 -10591.29883	 -105.85592	 -7796.25098	  7802.25098
 12242	 -10351.06445	 -174.26671	 -7960.25586	  7966.25586
 12275	 -10253.60742	 -207.07755	 -8728.50293	  8734.50293
 3704	 -10759.41504	 -70.399	 -8383.31641	  8389.31641
 12178	 -10591.29883	 -105.85592	 -7796.25098	  7802.25098
 12242	 -10351.06445	 -174.26671	 -7960.25586	  7966.25586
 3704	 -10759.41504	 -70.399	 -8383.31641	  8389.31641
 12115	 -10903.16309	 -7.35503	 -7249.95117	  7255.95117
 12178	 -10591.29883	 -105.85592	 -7796.25098	  7802.25098
 12114	 -11097.10645	  41.55552	 -7450.8877	  7456.8877
 3673	 -11143.39453	  57.32612	 -7086.00977	  7092.00977
 12115	 -10903.16309	 -7.35503	 -7249.95117	  7255.95117
 12114	 -11097.10645	  41.55552	 -7450.8877	  7456.8877
 12178	 -10591.29883	 -105.85592	 -7796.25098	  7802.25098
 3704	 -10759.41504	 -70.399	 -8383.31641	  8389.31641
 12180	 -10999.64941	  7.30033	 -8219.1582	  8225.1582
 12114	 -11097.10645	  41.55552	 -7450.8877	  7456.8877
 12178	 -10591.29883	 -105.85592	 -7796.25098	  7802.25098
 12180	 -10999.64941	  7.30033	 -8219.1582	  8225.1582
 3673	 -11143.39453	  57.32612	 -7086.00977	  7092.00977
 12114	 -11097.10645	  41.55552	 -7450.8877	  7456.8877
 12082	 -11337.33789	  115.7523	 -7286.78955	  7292.78955
 889	 -11649.20215	  212.65022	 -6740.51611	  6746.51611
 3673	 -11143.39453	  57.32612	 -7086.00977	  7092.00977
 12082	 -11337.33789	  115.7523	 -7286.78955	  7292.78955
 12114	 -11097.10645	  41.55552	 -7450.8877	  7456.8877
 12180	 -10999.64941	  7.30033	 -8219.1582	  8225.1582
 12116	 -11505.45703	  150.78246	 -7873.85938	  7879.85938
 12082	 -11337.33789	  115.7523	 -7286.78955	  7292.78955
 12114	 -11097.10645	  41.55552	 -7450.8877	  7456.8877
 12116	 -11505.45703	  150.78246	 -7873.85938	  7879.85938
 889	 -11649.20215	  212.65022	 -6740.51611	  6746.51611
 12082	 -11337.33789	  115.7523	 -7286.78955	  7292.78955
 12034	 -11843.14551	  260.39999	 -6941.47168	  6947.47168
 3641	 -11889.4375	  288.25873	 -6576.39209	  6582.39209
 889	 -11649.20215	  212.65022	 -6740.51611	  6746.51611
 12034	 -11843.14551	  260.39999	 -6941.47168	  6947.47168
 12082	 -11337.33789	  115.7523	 -7286.78955	  7292.78955
 12116	 -11505.45703	  150.78246	 -7873.85938	  7879.85938
 3672	 -11745.68848	  217.05576	 -7709.89209	  7715.89209
 12034	 -11843.14551	  260.39999	 -6941.47168	  6947.47168
 12082	 -11337.33789	  115.7523	 -7286.78955	  7292.78955
 3672	 -11745.68848	  217.05576	 -7709.89209	  7715.89209
 3641	 -11889.4375	  288.25873	 -6576.39209	  6582.39209
 12034	 -11843.14551	  260.39999	 -6941.47168	  6947.47168
 12002	 -12083.38086	  336.01093	 -6777.34766	  6783.34766
 207	 -12395.24512	  450.39719	 -6230.78564	  6236.78564
 3641	 -11889.4375	  288.25873	 -6576.39209	  6582.39209
 12002	 -12083.38086	  336.01093	 -6777.34766	  6783.34766
 12034	 -11843.14551	  260.39999	 -6941.47168	  6947.47168
 3672	 -11745.68848	  217.05576	 -7709.89209	  7715.89209
 12035	 -12251.49609	  374.64734	 -7364.36084	  7370.36084
 12002	 -12083.38086	  336.01093	 -6777.34766	  6783.34766
 12034	 -11843.14551	  260.39999	 -6941.47168	  6947.47168
 12035	 -12251.49609	  374.64734	 -7364.36084	  7370.36084
 207	 -12395.24512	  450.39719	 -6230.78564	  6236.78564
 12002	 -12083.38086	  336.01093	 -6777.34766	  6783.34766
 11946	 -12589.18848	  500.49854	 -6431.70264	  6437.70264
 3609	 -12635.47656	  530.47717	 -6066.59033	  6072.59033
 207	 -12395.24512	  450.39719	 -6230.78564	  6236.78564
 11946	 -12589.18848	  500.49854	 -6431.70264	  6437.70264
 12002	 -12083.38086	  336.01093	 -6777.34766	  6783.34766
 12035	 -12251.49609	  374.64734	 -7364.36084	  7370.36084
 3640	 -12491.73145	  450.25583	 -7200.23682	  7206.23682
 11946	 -12589.18848	  500.49854	 -6431.70264	  6437.70264
 12002	 -12083.38086	  336.01093	 -6777.34766	  6783.34766
 3640	 -12491.73145	  450.25583	 -7200.23682	  7206.23682
 3609	 -12635.47656	  530.47717	 -6066.59033	  6072.59033
 11946	 -12589.18848	  500.49854	 -6431.70264	  6437.70264
 11914	 -12829.41992	  575.57617	 -6267.58984	  6273.58984
 873	 -13141.28711	  704.29163	 -5720.7876	  5726.7876
 3609	 -12635.47656	  530.47717	 -6066.59033	  6072.59033
 11914	 -12829.41992	  575.57617	 -6267.58984	  6273.58984
 11946	 -12589.18848	  500.49854	 -6431.70264	  6437.70264
 3640	 -12491.73145	  450.25583	 -7200.23682	  7206.23682
 11947	 -12997.53906	  607.84497	 -6854.70557	  6860.70557
 11914	 -12829.41992	  575.57617	 -6267.58984	  6273.58984
 11946	 -12589.18848	  500.49854	 -6431.70264	  6437.70264
 11947	 -12997.53906	  607.84497	 -6854.70557	  6860.70557
 873	 -13141.28711	  704.29163	 -5720.7876	  5726.7876
 11914	 -12829.41992	  575.57617	 -6267.58984	  6273.58984
 11866	 -13335.23047	  749.39178	 -5921.78711	  5927.78711
 3577	 -13381.51855	  787.67609	 -5556.53809	  5562.53809
 873	 -13141.28711	  704.29163	 -5720.7876	  5726.7876
 11866	 -13335.23047	  749.39178	 -5921.78711	  5927.78711
 11914	 -12829.41992	  575.57617	 -6267.58984	  6273.58984
 11947	 -12997.53906	  607.84497	 -6854.70557	  6860.70557
 3608	 -13237.77051	  682.92139	 -6690.59277	  6696.59277
 11866	 -13335.23047	  749.39178	 -5921.78711	  5927.78711
 11914	 -12829.41992	  575.57617	 -6267.58984	  6273.58984
 3608	 -13237.77051	  682.92139	 -6690.59277	  6696.59277
 3577	 -13381.51855	  787.67609	 -5556.53809	  5562.53809
 11866	 -13335.23047	  749.39178	 -5921.78711	  5927.78711
 11834	 -13575.46191	  832.77509	 -5757.5376	  5763.5376
 11771	 -13887.33008	  965.73694	 -5210.66602	  5216.66602
 3577	 -13381.51855	  787.67609	 -5556.53809	  5562.53809
 11834	 -13575.46191	  832.77509	 -5757.5376	  5763.5376
 11866	 -13335.23047	  749.39178	 -5921.78711	  5927.78711
 3608	 -13237.77051	  682.92139	 -6690.59277	  6696.59277
 11867	 -13743.58105	  843.91333	 -6345.00195	  6351.00195
 11834	 -13575.46191	  832.77509	 -5757.5376	  5763.5376
 11866	 -13335.23047	  749.39178	 -5921.78711	  5927.78711
 11867	 -13743.58105	  843.91333	 -6345.00195	  6351.00195
 11771	 -13887.33008	  965.73694	 -5210.66602	  5216.66602
 11834	 -13575.46191	  832.77509	 -5757.5376	  5763.5376
 11770	 -14081.27344	  1009.12842	 -5411.69385	  5417.69385
 3545	 -14127.56152	  1055.48035	 -5046.31104	  5052.31104
 11771	 -13887.33008	  965.73694	 -5210.66602	  5216.66602
 11770	 -14081.27344	  1009.12842	 -5411.69385	  5417.69385
 11834	 -13575.46191	  832.77509	 -5757.5376	  5763.5376
 11867	 -13743.58105	  843.91333	 -6345.00195	  6351.00195
 3576	 -13983.8125	  927.29657	 -6180.75244	  6186.75244
 11770	 -14081.27344	  1009.12842	 -5411.69385	  5417.69385
 11834	 -13575.46191	  832.77509	 -5757.5376	  5763.5376
 3576	 -13983.8125	  927.29657	 -6180.75244	  6186.75244
 3545	 -14127.56152	  1055.48035	 -5046.31104	  5052.31104
 11770	 -14081.27344	  1009.12842	 -5411.69385	  5417.69385
 11738	 -14321.50488	  1095.20337	 -5247.39941	  5253.39941
 42	 -14633.37207	  1247.17249	 -4700.21387	  4706.21387
 3545	 -14127.56152	  1055.48035	 -5046.31104	  5052.31104
 11738	 -14321.50488	  1095.20337	 -5247.39941	  5253.39941
 11770	 -14081.27344	  1009.12842	 -5411.69385	  5417.69385
 3576	 -13983.8125	  927.29657	 -6180.75244	  6186.75244
 11772	 -14489.62402	  1096.66614	 -5835.02393	  5841.02393
 11738	 -14321.50488	  1095.20337	 -5247.39941	  5253.39941
 11770	 -14081.27344	  1009.12842	 -5411.69385	  5417.69385
 11772	 -14489.62402	  1096.66614	 -5835.02393	  5841.02393
 42	 -14633.37207	  1247.17249	 -4700.21387	  4706.21387
 11738	 -14321.50488	  1095.20337	 -5247.39941	  5253.39941
 11690	 -14827.31543	  1283.83728	 -4901.35254	  4907.35254
 3513	 -14873.60352	  1336.50745	 -4535.86572	  4541.86572
 42	 -14633.37207	  1247.17249	 -4700.21387	  4706.21387
 11690	 -14827.31543	  1283.83728	 -4901.35254	  4907.35254
 11738	 -14321.50488	  1095.20337	 -5247.39941	  5253.39941
 11772	 -14489.62402	  1096.66614	 -5835.02393	  5841.02393
 3544	 -14729.85547	  1176.17651	 -5670.83789	  5676.83789
 11690	 -14827.31543	  1283.83728	 -4901.35254	  4907.35254
 11738	 -14321.50488	  1095.20337	 -5247.39941	  5253.39941
 3544	 -14729.85547	  1176.17651	 -5670.83789	  5676.83789
 3513	 -14873.60352	  1336.50745	 -4535.86572	  4541.86572
 11690	 -14827.31543	  1283.83728	 -4901.35254	  4907.35254
 11658	 -15067.54688	  1374.51563	 -4736.98242	  4742.98242
 11595	 -15379.41504	  1536.54358	 -4189.63037	  4195.63037
 3513	 -14873.60352	  1336.50745	 -4535.86572	  4541.86572
 11658	 -15067.54688	  1374.51563	 -4736.98242	  4742.98242
 11690	 -14827.31543	  1283.83728	 -4901.35254	  4907.35254
 3544	 -14729.85547	  1176.17651	 -5670.83789	  5676.83789
 11691	 -15235.66602	  1360.32007	 -5324.86523	  5330.86523
 11658	 -15067.54688	  1374.51563	 -4736.98242	  4742.98242
 11690	 -14827.31543	  1283.83728	 -4901.35254	  4907.35254
 11691	 -15235.66602	  1360.32007	 -5324.86523	  5330.86523
 11595	 -15379.41504	  1536.54358	 -4189.63037	  4195.63037
 11658	 -15067.54688	  1374.51563	 -4736.98242	  4742.98242
 11594	 -15573.3584	  1568.45483	 -4390.84814	  4396.84814
 199	 -15619.64648	  1631.67993	 -4025.18652	  4031.18652
 11595	 -15379.41504	  1536.54358	 -4189.63037	  4195.63037
 11594	 -15573.3584	  1568.45483	 -4390.84814	  4396.84814
 11658	 -15067.54688	  1374.51563	 -4736.98242	  4742.98242
 11691	 -15235.66602	  1360.32007	 -5324.86523	  5330.86523
 3512	 -15475.89746	  1445.0575	 -5160.59326	  5166.59326
 11594	 -15573.3584	  1568.45483	 -4390.84814	  4396.84814
 11658	 -15067.54688	  1374.51563	 -4736.98242	  4742.98242
 3512	 -15475.89746	  1445.0575	 -5160.59326	  5166.59326
 199	 -15619.64648	  1631.67993	 -4025.18652	  4031.18652
 11594	 -15573.3584	  1568.45483	 -4390.84814	  4396.84814
 11566	 -15813.58984	  1657.72717	 -4226.50098	  4232.50098
 845	 -16125.4541	  1833.23035	 -3678.92871	  3684.92871
 199	 -15619.64648	  1631.67993	 -4025.18652	  4031.18652
 11566	 -15813.58984	  1657.72717	 -4226.50098	  4232.50098
 11594	 -15573.3584	  1568.45483	 -4390.84814	  4396.84814
 3512	 -15475.89746	  1445.0575	 -5160.59326	  5166.59326
 11596	 -15981.70898	  1632.24597	 -4814.57031	  4820.57031
 11566	 -15813.58984	  1657.72717	 -4226.50098	  4232.50098
 11594	 -15573.3584	  1568.45483	 -4390.84814	  4396.84814
 11596	 -15981.70898	  1632.24597	 -4814.57031	  4820.57031
 845	 -16125.4541	  1833.23035	 -3678.92871	  3684.92871
 11566	 -15813.58984	  1657.72717	 -4226.50098	  4232.50098
 11518	 -16319.39746	  1859.27527	 -3880.24316	  3886.24316
 3453	 -16365.68848	  1928.36646	 -3514.48218	  3520.48218
 845	 -16125.4541	  1833.23035	 -3678.92871	  3684.92871
 11518	 -16319.39746	  1859.27527	 -3880.24316	  3886.24316
 11566	 -15813.58984	  1657.72717	 -4226.50098	  4232.50098
 11596	 -15981.70898	  1632.24597	 -4814.57031	  4820.57031
 3484	 -16221.94043	  1715.65454	 -4650.31982	  4656.31982
 11518	 -16319.39746	  1859.27527	 -3880.24316	  3886.24316
 11566	 -15813.58984	  1657.72717	 -4226.50098	  4232.50098
 3484	 -16221.94043	  1715.65454	 -4650.31982	  4656.31982
 3453	 -16365.68848	  1928.36646	 -3514.48218	  3520.48218
 11518	 -16319.39746	  1859.27527	 -3880.24316	  3886.24316
 11486	 -16559.63281	  1948.54736	 -3715.89331	  3721.89331
 11423	 -16871.49609	  2112.50293	 -3168.51245	  3174.51245
 3453	 -16365.68848	  1928.36646	 -3514.48218	  3520.48218
 11486	 -16559.63281	  1948.54736	 -3715.89331	  3721.89331
 11518	 -16319.39746	  1859.27527	 -3880.24316	  3886.24316
 3484	 -16221.94043	  1715.65454	 -4650.31982	  4656.31982
 11519	 -16727.74805	  1898.57507	 -4304.37012	  4310.37012
 11486	 -16559.63281	  1948.54736	 -3715.89331	  3721.89331
 11518	 -16319.39746	  1859.27527	 -3880.24316	  3886.24316
 11519	 -16727.74805	  1898.57507	 -4304.37012	  4310.37012
 11423	 -16871.49609	  2112.50293	 -3168.51245	  3174.51245
 11486	 -16559.63281	  1948.54736	 -3715.89331	  3721.89331
 11422	 -17065.43945	  2127.06519	 -3370.01636	  3376.01636
 3421	 -17111.72852	  2190.93921	 -3004.34424	  3010.34424
 11423	 -16871.49609	  2112.50293	 -3168.51245	  3174.51245
 11422	 -17065.43945	  2127.06519	 -3370.01636	  3376.01636
 11486	 -16559.63281	  1948.54736	 -3715.89331	  3721.89331
 11519	 -16727.74805	  1898.57507	 -4304.37012	  4310.37012
 3452	 -16967.98242	  1981.98572	 -4140.11719	  4146.11719
 11422	 -17065.43945	  2127.06519	 -3370.01636	  3376.01636
 11486	 -16559.63281	  1948.54736	 -3715.89331	  3721.89331
 3452	 -16967.98242	  1981.98572	 -4140.11719	  4146.11719
 3421	 -17111.72852	  2190.93921	 -3004.34424	  3010.34424
 11422	 -17065.43945	  2127.06519	 -3370.01636	  3376.01636
 11390	 -17305.67188	  2198.83228	 -3205.95825	  3211.95825
 829	 -17617.54102	  2331.79053	 -2659.08569	  2665.08569
 3421	 -17111.72852	  2190.93921	 -3004.34424	  3010.34424
 11390	 -17305.67188	  2198.83228	 -3205.95825	  3211.95825
 11422	 -17065.43945	  2127.06519	 -3370.01636	  3376.01636
 3452	 -16967.98242	  1981.98572	 -4140.11719	  4146.11719
 11424	 -17473.79102	  2139.7395	 -3794.58301	  3800.58301
 11390	 -17305.67188	  2198.83228	 -3205.95825	  3211.95825
 11422	 -17065.43945	  2127.06519	 -3370.01636	  3376.01636
 11424	 -17473.79102	  2139.7395	 -3794.58301	  3800.58301
 829	 -17617.54102	  2331.79053	 -2659.08569	  2665.08569
 11390	 -17305.67188	  2198.83228	 -3205.95825	  3211.95825
 11342	 -17811.48438	  2333.32227	 -2860.80469	  2866.80469
 3389	 -17857.76953	  2389.21997	 -2495.26538	  2501.26538
 829	 -17617.54102	  2331.79053	 -2659.08569	  2665.08569
 11342	 -17811.48438	  2333.32227	 -2860.80469	  2866.80469
 11390	 -17305.67188	  2198.83228	 -3205.95825	  3211.95825
 11424	 -17473.79102	  2139.7395	 -3794.58301	  3800.58301
 3420	 -17714.02148	  2206.99097	 -3630.59961	  3636.59961
 11342	 -17811.48438	  2333.32227	 -2860.80469	  2866.80469
 11390	 -17305.67188	  2198.83228	 -3205.95825	  3211.95825
 3420	 -17714.02148	  2206.99097	 -3630.59961	  3636.59961
 3389	 -17857.76953	  2389.21997	 -2495.26538	  2501.26538
 11342	 -17811.48438	  2333.32227	 -2860.80469	  2866.80469
 11310	 -18051.71289	  2386.4165	 -2697.05615	  2703.05615
 11247	 -18363.58008	  2505.37598	 -2150.41699	  2156.41699
 3389	 -17857.76953	  2389.21997	 -2495.26538	  2501.26538
 11310	 -18051.71289	  2386.4165	 -2697.05615	  2703.05615
 11342	 -17811.48438	  2333.32227	 -2860.80469	  2866.80469
 3420	 -17714.02148	  2206.99097	 -3630.59961	  3636.59961
 11343	 -18219.83398	  2327.24414	 -3285.68115	  3291.68115
 11310	 -18051.71289	  2386.4165	 -2697.05615	  2703.05615
 11342	 -17811.48438	  2333.32227	 -2860.80469	  2866.80469
 11343	 -18219.83398	  2327.24414	 -3285.68115	  3291.68115
 11247	 -18363.58008	  2505.37598	 -2150.41699	  2156.41699
 11310	 -18051.71289	  2386.4165	 -2697.05615	  2703.05615
 11246	 -18557.52344	  2497.9292	 -2352.28467	  2358.28467
 3357	 -18603.8125	  2556.21069	 -1986.70361	  1992.70361
 11247	 -18363.58008	  2505.37598	 -2150.41699	  2156.41699
 11246	 -18557.52344	  2497.9292	 -2352.28467	  2358.28467
 11310	 -18051.71289	  2386.4165	 -2697.05615	  2703.05615
 11343	 -18219.83398	  2327.24414	 -3285.68115	  3291.68115
 3388	 -18460.06445	  2375.29858	 -3122.01587	  3128.01587
 11246	 -18557.52344	  2497.9292	 -2352.28467	  2358.28467
 11310	 -18051.71289	  2386.4165	 -2697.05615	  2703.05615
 3388	 -18460.06445	  2375.29858	 -3122.01587	  3128.01587
 3357	 -18603.8125	  2556.21069	 -1986.70361	  1992.70361
 11246	 -18557.52344	  2497.9292	 -2352.28467	  2358.28467
 11214	 -18797.75586	  2544.17383	 -2188.64697	  2194.64697
 186	 -19109.62305	  2657.15405	 -1642.10657	  1648.10657
 3357	 -18603.8125	  2556.21069	 -1986.70361	  1992.70361
 11214	 -18797.75586	  2544.17383	 -2188.64697	  2194.64697
 11246	 -18557.52344	  2497.9292	 -2352.28467	  2358.28467
 3388	 -18460.06445	  2375.29858	 -3122.01587	  3128.01587
 11248	 -18965.87305	  2467.91943	 -2777.5564	  2783.5564
 11214	 -18797.75586	  2544.17383	 -2188.64697	  2194.64697
 11246	 -18557.52344	  2497.9292	 -2352.28467	  2358.28467
 11248	 -18965.87305	  2467.91943	 -2777.5564	  2783.5564
 186	 -19109.62305	  2657.15405	 -1642.10657	  1648.10657
 11214	 -18797.75586	  2544.17383	 -2188.64697	  2194.64697
 11158	 -19303.56641	  2643.36523	 -1844.07886	  1850.07886
 813	 -19349.85352	  2703.9541	 -1478.46082	  1484.46082
 186	 -19109.62305	  2657.15405	 -1642.10657	  1648.10657
 11158	 -19303.56641	  2643.36523	 -1844.07886	  1850.07886
 11214	 -18797.75586	  2544.17383	 -2188.64697	  2194.64697
 11248	 -18965.87305	  2467.91943	 -2777.5564	  2783.5564
 3356	 -19206.10742	  2510.7251	 -2613.97534	  2619.97534
 11158	 -19303.56641	  2643.36523	 -1844.07886	  1850.07886
 11214	 -18797.75586	  2544.17383	 -2188.64697	  2194.64697
 3356	 -19206.10742	  2510.7251	 -2613.97534	  2619.97534
 813	 -19349.85352	  2703.9541	 -1478.46082	  1484.46082
 11158	 -19303.56641	  2643.36523	 -1844.07886	  1850.07886
 11136	 -19543.79688	  2681.54956	 -1680.57532	  1686.57532
 11073	 -19855.66406	  2789.36499	 -1134.11914	  1140.11914
 813	 -19349.85352	  2703.9541	 -1478.46082	  1484.46082
 11136	 -19543.79688	  2681.54956	 -1680.57532	  1686.57532
 11158	 -19303.56641	  2643.36523	 -1844.07886	  1850.07886
 3356	 -19206.10742	  2510.7251	 -2613.97534	  2619.97534
 11159	 -19711.91602	  2587.38599	 -2269.77954	  2275.77954
 11136	 -19543.79688	  2681.54956	 -1680.57532	  1686.57532
 11158	 -19303.56641	  2643.36523	 -1844.07886	  1850.07886
 11159	 -19711.91602	  2587.38599	 -2269.77954	  2275.77954
 11073	 -19855.66406	  2789.36499	 -1134.11914	  1140.11914
 11136	 -19543.79688	  2681.54956	 -1680.57532	  1686.57532
 11072	 -20049.60742	  2764.76172	 -1336.27002	  1342.27002
 3299	 -20095.89648	  2827.99634	 -970.6084	  976.6084
 11073	 -19855.66406	  2789.36499	 -1134.11914	  1140.11914
 11072	 -20049.60742	  2764.76172	 -1336.27002	  1342.27002
 11136	 -19543.79688	  2681.54956	 -1680.57532	  1686.57532
 11159	 -19711.91602	  2587.38599	 -2269.77954	  2275.77954
 3330	 -19952.14844	  2623.37134	 -2106.3125	  2112.3125
 11072	 -20049.60742	  2764.76172	 -1336.27002	  1342.27002
 11136	 -19543.79688	  2681.54956	 -1680.57532	  1686.57532
 3330	 -19952.14844	  2623.37134	 -2106.3125	  2112.3125
 3299	 -20095.89648	  2827.99634	 -970.6084	  976.6084
 11072	 -20049.60742	  2764.76172	 -1336.27002	  1342.27002
 11040	 -20289.83984	  2795.67603	 -1172.88672	  1178.88672
 10977	 -20601.70508	  2899.83398	 -626.49213	  632.49213
 3299	 -20095.89648	  2827.99634	 -970.6084	  976.6084
 11040	 -20289.83984	  2795.67603	 -1172.88672	  1178.88672
 11072	 -20049.60742	  2764.76172	 -1336.27002	  1342.27002
 3330	 -19952.14844	  2623.37134	 -2106.3125	  2112.3125
 11074	 -20457.95898	  2684.44238	 -1762.3728	  1768.3728
 11040	 -20289.83984	  2795.67603	 -1172.88672	  1178.88672
 11072	 -20049.60742	  2764.76172	 -1336.27002	  1342.27002
 11074	 -20457.95898	  2684.44238	 -1762.3728	  1768.3728
 10977	 -20601.70508	  2899.83398	 -626.49213	  632.49213
 11040	 -20289.83984	  2795.67603	 -1172.88672	  1178.88672
 10976	 -20795.64844	  2859.97705	 -828.8949	  834.8949
 786	 -20841.93945	  2928.1936	 -463.14978	  469.14978
 10977	 -20601.70508	  2899.83398	 -626.49213	  632.49213
 10976	 -20795.64844	  2859.97705	 -828.8949	  834.8949
 11040	 -20289.83984	  2795.67603	 -1172.88672	  1178.88672
 11074	 -20457.95898	  2684.44238	 -1762.3728	  1768.3728
 3298	 -20698.18945	  2713.2395	 -1599.02441	  1605.02441
 10976	 -20795.64844	  2859.97705	 -828.8949	  834.8949
 11040	 -20289.83984	  2795.67603	 -1172.88672	  1178.88672
 3298	 -20698.18945	  2713.2395	 -1599.02441	  1605.02441
 786	 -20841.93945	  2928.1936	 -463.14978	  469.14978
 10976	 -20795.64844	  2859.97705	 -828.8949	  834.8949
 10954	 -21035.88281	  2888.63965	 -665.54755	  671.54755
 10891	 -21347.74805	  2984.20605	 -119.29491	  125.29491
 786	 -20841.93945	  2928.1936	 -463.14978	  469.14978
 10954	 -21035.88281	  2888.63965	 -665.54755	  671.54755
 10976	 -20795.64844	  2859.97705	 -828.8949	  834.8949
 3298	 -20698.18945	  2713.2395	 -1599.02441	  1605.02441
 10978	 -21204.00	  2761.15771	 -1255.30322	  1261.30322
 10954	 -21035.88281	  2888.63965	 -665.54755	  671.54755
 10976	 -20795.64844	  2859.97705	 -828.8949	  834.8949
 10978	 -21204.00	  2761.15771	 -1255.30322	  1261.30322
 10891	 -21347.74805	  2984.20605	 -119.29491	  125.29491
 10954	 -21035.88281	  2888.63965	 -665.54755	  671.54755
 10890	 -21541.69141	  2937.03613	 -321.81851	  327.81851
 3218	 -21587.97852	  3005.30078	  43.92619	 -37.92619
 10891	 -21347.74805	  2984.20605	 -119.29491	  125.29491
 10890	 -21541.69141	  2937.03613	 -321.81851	  327.81851
 10954	 -21035.88281	  2888.63965	 -665.54755	  671.54755
 10978	 -21204.00	  2761.15771	 -1255.30322	  1261.30322
 3272	 -21444.23242	  2782.22827	 -1092.0813	  1098.0813
 10890	 -21541.69141	  2937.03613	 -321.81851	  327.81851
 10954	 -21035.88281	  2888.63965	 -665.54755	  671.54755
 3272	 -21444.23242	  2782.22827	 -1092.0813	  1098.0813
 3218	 -21587.97852	  3005.30078	  43.92619	 -37.92619
 10890	 -21541.69141	  2937.03613	 -321.81851	  327.81851
 10858	 -21781.92188	  2950.81763	 -158.71822	  164.71822
 10778	 -22093.78906	  3023.43311	  387.1554	 -381.1554
 3218	 -21587.97852	  3005.30078	  43.92619	 -37.92619
 10858	 -21781.92188	  2950.81763	 -158.71822	  164.71822
 10890	 -21541.69141	  2937.03613	 -321.81851	  327.81851
 3272	 -21444.23242	  2782.22827	 -1092.0813	  1098.0813
 10892	 -21950.04102	  2813.08594	 -748.64197	  754.64197
 10858	 -21781.92188	  2950.81763	 -158.71822	  164.71822
 10890	 -21541.69141	  2937.03613	 -321.81851	  327.81851
 10892	 -21950.04102	  2813.08594	 -748.64197	  754.64197
 10778	 -22093.78906	  3023.43311	  387.1554	 -381.1554
 10858	 -21781.92188	  2950.81763	 -158.71822	  164.71822
 10777	 -22334.02148	  3024.57373	  550.0481	 -544.0481
 8	 -22334.02148	  3024.57373	  550.0481	 -544.0481
 10778	 -22093.78906	  3023.43311	  387.1554	 -381.1554
 10777	 -22334.02148	  3024.57373	  550.0481	 -544.0481
 8	 -22334.02148	  3024.57373	  550.0481	 -544.0481
 10777	 -22334.02148	  3024.57373	  550.0481	 -544.0481
 10776	 -22334.02148	  3024.57373	  550.0481	 -544.0481
 10777	 -22334.02148	  3024.57373	  550.0481	 -544.0481
 10858	 -21781.92188	  2950.81763	 -158.71822	  164.71822
 3217	 -22189.27734	  2822.48486	 -593.45416	  599.45416
 10858	 -21781.92188	  2950.81763	 -158.71822	  164.71822
 10892	 -21950.04102	  2813.08594	 -748.64197	  754.64197
 3217	 -22189.27734	  2822.48486	 -593.45416	  599.45416
 10776	 -22334.02148	  3024.57373	  550.0481	 -544.0481
 10777	 -22334.02148	  3024.57373	  550.0481	 -544.0481
 10779	 -22927.05469	  2846.31836	 -69.78363	  75.78363
 10777	 -22334.02148	  3024.57373	  550.0481	 -544.0481
 3217	 -22189.27734	  2822.48486	 -593.45416	  599.45416
 10779	 -22927.05469	  2846.31836	 -69.78363	  75.78363
 10776	 -22334.02148	  3024.57373	  550.0481	 -544.0481
 10779	 -22927.05469	  2846.31836	 -69.78363	  75.78363
 3216	 -22913.62305	  2850.49854	 -55.74228	  61.74228
 3217	 -22189.27734	  2822.48486	 -593.45416	  599.45416
 10892	 -21950.04102	  2813.08594	 -748.64197	  754.64197
 10893	 -22187.49023	  2819.62256	 -607.58093	  613.58093
 3216	 -22913.62305	  2850.49854	 -55.74228	  61.74228
 10779	 -22927.05469	  2846.31836	 -69.78363	  75.78363
 10781	 -22927.05469	  2846.64038	 -69.77831	  75.77831
 3216	 -22913.62305	  2850.49854	 -55.74228	  61.74228
 10781	 -22927.05469	  2846.64038	 -69.77831	  75.77831
 10780	 -22913.62305	  2850.28467	 -55.74581	  61.74581
 10779	 -22927.05469	  2846.31836	 -69.78363	  75.78363
 3217	 -22189.27734	  2822.48486	 -593.45416	  599.45416
 10859	 -22189.27734	  2822.14844	 -593.45972	  599.45972
 10779	 -22927.05469	  2846.31836	 -69.78363	  75.78363
 10859	 -22189.27734	  2822.14844	 -593.45972	  599.45972
