 1788	 -46990.92969	 -1136.49377	 -8251.40234	  8257.41895
 1790	 -46767.70703	 -1171.55237	 -7898.09814	  7904.11377
 1789	 -46787.50781	 -1206.6499	 -7437.11035	  7443.125
 1792	 -46544.49609	 -1206.61646	 -7544.74854	  7550.76367
 1791	 -46731.16406	 -1135.32385	 -8367.28516	  8373.30176
 1790	 -46767.70703	 -1171.55237	 -7898.09814	  7904.11377
 1793	 -46506.875	 -1170.33411	 -8014.46191	  8020.47803
 1792	 -46544.49609	 -1206.61646	 -7544.74854	  7550.76367
 1793	 -46506.875	 -1170.33411	 -8014.46191	  8020.47803
 1790	 -46767.70703	 -1171.55237	 -7898.09814	  7904.11377
 1793	 -46506.875	 -1170.33411	 -8014.46191	  8020.47803
 1794	 -46452.83203	 -1132.9491	 -8492.11816	  8498.13477
 1791	 -46731.16406	 -1135.32385	 -8367.28516	  8373.30176
 1793	 -46506.875	 -1170.33411	 -8014.46191	  8020.47803
 1792	 -46544.49609	 -1206.61646	 -7544.74854	  7550.76367
 1795	 -46282.56641	 -1205.3468	 -7661.61523	  7667.63037
 1794	 -46452.83203	 -1132.9491	 -8492.11816	  8498.13477
 1793	 -46506.875	 -1170.33411	 -8014.46191	  8020.47803
 1796	 -46227.54297	 -1167.91833	 -8139.69336	  8145.70947
 1795	 -46282.56641	 -1205.3468	 -7661.61523	  7667.63037
 1796	 -46227.54297	 -1167.91833	 -8139.69336	  8145.70947
 1793	 -46506.875	 -1170.33411	 -8014.46191	  8020.47803
 1796	 -46227.54297	 -1167.91833	 -8139.69336	  8145.70947
 1797	 -46156.66406	 -1129.40222	 -8625.60938	  8631.62695
 1794	 -46452.83203	 -1132.9491	 -8492.11816	  8498.13477
 1796	 -46227.54297	 -1167.91833	 -8139.69336	  8145.70947
 1795	 -46282.56641	 -1205.3468	 -7661.61523	  7667.63037
 1798	 -46002.29688	 -1202.88623	 -7787.31738	  7793.33301
 1797	 -46156.66406	 -1129.40222	 -8625.60938	  8631.62695
 1796	 -46227.54297	 -1167.91833	 -8139.69336	  8145.70947
 1799	 -45930.63281	 -1164.33472	 -8273.56152	  8279.57813
 1798	 -46002.29688	 -1202.88623	 -7787.31738	  7793.33301
 1799	 -45930.63281	 -1164.33472	 -8273.56152	  8279.57813
 1796	 -46227.54297	 -1167.91833	 -8139.69336	  8145.70947
 1799	 -45930.63281	 -1164.33472	 -8273.56152	  8279.57813
 1800	 -45839.48438	 -1124.6748	 -8769.1416	  8775.15918
 1797	 -46156.66406	 -1129.40222	 -8625.60938	  8631.62695
 1799	 -45930.63281	 -1164.33472	 -8273.56152	  8279.57813
 1798	 -46002.29688	 -1202.88623	 -7787.31738	  7793.33301
 1801	 -45704.58203	 -1199.27087	 -7921.49316	  7927.50879
 1800	 -45839.48438	 -1124.6748	 -8769.1416	  8775.15918
 1799	 -45930.63281	 -1164.33472	 -8273.56152	  8279.57813
 1802	 -45612.8125	 -1159.57703	 -8417.37109	  8423.3877
 1801	 -45704.58203	 -1199.27087	 -7921.49316	  7927.50879
 1802	 -45612.8125	 -1159.57703	 -8417.37109	  8423.3877
 1799	 -45930.63281	 -1164.33472	 -8273.56152	  8279.57813
 1802	 -45612.8125	 -1159.57703	 -8417.37109	  8423.3877
 1801	 -45704.58203	 -1199.27087	 -7921.49316	  7927.50879
 1803	 -45386.08984	 -1194.48486	 -8065.59668	  8071.61279
 1804	 -50526.63281	 -813.61682	 -6367.33838	  6373.35107
 1805	 -50344.35156	 -859.94147	 -6863.49658	  6869.51025
 1806	 -50701.94141	 -776.67749	 -6739.18555	  6745.19922
 1805	 -50344.35156	 -859.94147	 -6863.49658	  6869.51025
 1804	 -50526.63281	 -813.61682	 -6367.33838	  6373.35107
 1807	 -50158.23828	 -896.50464	 -6495.39111	  6501.4043
 1808	 -50351.37109	 -850.55469	 -5995.49463	  6001.50684
 1807	 -50158.23828	 -896.50464	 -6495.39111	  6501.4043
 1804	 -50526.63281	 -813.61682	 -6367.33838	  6373.35107
 1807	 -50158.23828	 -896.50464	 -6495.39111	  6501.4043
 1809	 -49936.61719	 -939.69385	 -7014.55176	  7020.56592
 1805	 -50344.35156	 -859.94147	 -6863.49658	  6869.51025
 1807	 -50158.23828	 -896.50464	 -6495.39111	  6501.4043
 1808	 -50351.37109	 -850.55469	 -5995.49463	  6001.50684
 1810	 -49972.12109	 -933.06921	 -6127.28369	  6133.2959
 1809	 -49936.61719	 -939.69385	 -7014.55176	  7020.56592
 1807	 -50158.23828	 -896.50464	 -6495.39111	  6501.4043
 1811	 -49740.72266	 -975.89398	 -6650.05713	  6656.07031
 1810	 -49972.12109	 -933.06921	 -6127.28369	  6133.2959
 1811	 -49740.72266	 -975.89398	 -6650.05713	  6656.07031
 1807	 -50158.23828	 -896.50464	 -6495.39111	  6501.4043
 1811	 -49740.72266	 -975.89398	 -6650.05713	  6656.07031
 1812	 -49460.34375	 -1011.74048	 -7200.73438	  7206.74902
 1809	 -49936.61719	 -939.69385	 -7014.55176	  7020.56592
 1811	 -49740.72266	 -975.89398	 -6650.05713	  6656.07031
 1810	 -49972.12109	 -933.06921	 -6127.28369	  6133.2959
 1813	 -49544.83203	 -1012.09882	 -6285.51709	  6291.52979
 1812	 -49460.34375	 -1011.74048	 -7200.73438	  7206.74902
 1811	 -49740.72266	 -975.89398	 -6650.05713	  6656.07031
 1814	 -49256.16016	 -1047.62915	 -6839.36035	  6845.37402
 1813	 -49544.83203	 -1012.09882	 -6285.51709	  6291.52979
 1814	 -49256.16016	 -1047.62915	 -6839.36035	  6845.37402
 1811	 -49740.72266	 -975.89398	 -6650.05713	  6656.07031
 1814	 -49256.16016	 -1047.62915	 -6839.36035	  6845.37402
 1815	 -48899.66406	 -1071.4093	 -7429.30811	  7435.32275
 1812	 -49460.34375	 -1011.74048	 -7200.73438	  7206.74902
 1814	 -49256.16016	 -1047.62915	 -6839.36035	  6845.37402
 1813	 -49544.83203	 -1012.09882	 -6285.51709	  6291.52979
 1816	 -49052.04297	 -1083.50549	 -6478.06055	  6484.07373
 1815	 -48899.66406	 -1071.4093	 -7429.30811	  7435.32275
 1814	 -49256.16016	 -1047.62915	 -6839.36035	  6845.37402
 1817	 -48688.85156	 -1107.01648	 -7070.69385	  7076.70801
 1816	 -49052.04297	 -1083.50549	 -6478.06055	  6484.07373
 1817	 -48688.85156	 -1107.01648	 -7070.69385	  7076.70801
 1814	 -49256.16016	 -1047.62915	 -6839.36035	  6845.37402
 1817	 -48688.85156	 -1107.01648	 -7070.69385	  7076.70801
 1818	 -48239.10938	 -1114.00977	 -7707.7041	  7713.71973
 1815	 -48899.66406	 -1071.4093	 -7429.30811	  7435.32275
 1817	 -48688.85156	 -1107.01648	 -7070.69385	  7076.70801
 1816	 -49052.04297	 -1083.50549	 -6478.06055	  6484.07373
 1819	 -48478.04297	 -1142.62683	 -6712.03906	  6718.05273
 1818	 -48239.10938	 -1114.00977	 -7707.7041	  7713.71973
 1817	 -48688.85156	 -1107.01648	 -7070.69385	  7076.70801
 1820	 -48023.06641	 -1149.39673	 -7351.26758	  7357.28223
 1819	 -48478.04297	 -1142.62683	 -6712.03906	  6718.05273
 1820	 -48023.06641	 -1149.39673	 -7351.26758	  7357.28223
 1817	 -48688.85156	 -1107.01648	 -7070.69385	  7076.70801
 1820	 -48023.06641	 -1149.39673	 -7351.26758	  7357.28223
 1821	 -47452.34375	 -1134.99292	 -8047.84131	  8053.85742
 1818	 -48239.10938	 -1114.00977	 -7707.7041	  7713.71973
 1820	 -48023.06641	 -1149.39673	 -7351.26758	  7357.28223
 1819	 -48478.04297	 -1142.62683	 -6712.03906	  6718.05273
 1822	 -47806.99609	 -1184.77917	 -6994.84961	  7000.86377
 1821	 -47452.34375	 -1134.99292	 -8047.84131	  8053.85742
 1820	 -48023.06641	 -1149.39673	 -7351.26758	  7357.28223
 1823	 -47232.23828	 -1170.19653	 -7693.14844	  7699.16406
 1822	 -47806.99609	 -1184.77917	 -6994.84961	  7000.86377
 1823	 -47232.23828	 -1170.19653	 -7693.14844	  7699.16406
 1820	 -48023.06641	 -1149.39673	 -7351.26758	  7357.28223
 1823	 -47232.23828	 -1170.19653	 -7693.14844	  7699.16406
 1822	 -47806.99609	 -1184.77917	 -6994.84961	  7000.86377
 1824	 -47012.07813	 -1205.3938	 -7338.49658	  7344.51123
 1825	 -52534.33594	 -520.5683	 -5765.84082	  5771.85254
 1826	 -52299.78516	 -483.9903	 -6261.22021	  6267.23291
 1827	 -52699.08594	 -483.00616	 -6142.42676	  6148.43896
 1826	 -52299.78516	 -483.9903	 -6261.22021	  6267.23291
 1825	 -52534.33594	 -520.5683	 -5765.84082	  5771.85254
 1828	 -52142.07422	 -521.45813	 -5883.91699	  5889.92871
 1829	 -52369.58203	 -558.12805	 -5389.25537	  5395.26611
 1828	 -52142.07422	 -521.45813	 -5883.91699	  5889.92871
 1825	 -52534.33594	 -520.5683	 -5765.84082	  5771.85254
 1828	 -52142.07422	 -521.45813	 -5883.91699	  5889.92871
 1830	 -51949.50391	 -510.45087	 -6362.99561	  6369.0083
 1826	 -52299.78516	 -483.9903	 -6261.22021	  6267.23291
 1828	 -52142.07422	 -521.45813	 -5883.91699	  5889.92871
 1829	 -52369.58203	 -558.12805	 -5389.25537	  5395.26611
 1831	 -51984.34375	 -558.92847	 -5506.59082	  5512.60205
 1830	 -51949.50391	 -510.45087	 -6362.99561	  6369.0083
 1828	 -52142.07422	 -521.45813	 -5883.91699	  5889.92871
 1832	 -51796.05078	 -548.04877	 -5984.41895	  5990.43115
 1831	 -51984.34375	 -558.92847	 -5506.59082	  5512.60205
 1832	 -51796.05078	 -548.04877	 -5984.41895	  5990.43115
 1828	 -52142.07422	 -521.45813	 -5883.91699	  5889.92871
 1832	 -51796.05078	 -548.04877	 -5984.41895	  5990.43115
 1833	 -51630.69531	 -557.47192	 -6454.30566	  6460.31836
 1830	 -51949.50391	 -510.45087	 -6362.99561	  6369.0083
 1832	 -51796.05078	 -548.04877	 -5984.41895	  5990.43115
 1831	 -51984.34375	 -558.92847	 -5506.59082	  5512.60205
 1834	 -51642.62109	 -585.64807	 -5605.8667	  5611.87793
 1833	 -51630.69531	 -557.47192	 -6454.30566	  6460.31836
 1832	 -51796.05078	 -548.04877	 -5984.41895	  5990.43115
 1835	 -51477.82422	 -595.09644	 -6075.53662	  6081.54883
 1834	 -51642.62109	 -585.64807	 -5605.8667	  5611.87793
 1835	 -51477.82422	 -595.09644	 -6075.53662	  6081.54883
 1832	 -51796.05078	 -548.04877	 -5984.41895	  5990.43115
 1835	 -51477.82422	 -595.09644	 -6075.53662	  6081.54883
 1836	 -51328.21875	 -620.44458	 -6542.20361	  6548.2168
 1833	 -51630.69531	 -557.47192	 -6454.30566	  6460.31836
 1835	 -51477.82422	 -595.09644	 -6075.53662	  6081.54883
 1834	 -51642.62109	 -585.64807	 -5605.8667	  5611.87793
 1837	 -51324.96875	 -632.71393	 -5696.83691	  5702.84814
 1836	 -51328.21875	 -620.44458	 -6542.20361	  6548.2168
 1835	 -51477.82422	 -595.09644	 -6075.53662	  6081.54883
 1838	 -51171.43359	 -657.95184	 -6164.63916	  6170.65137
 1837	 -51324.96875	 -632.71393	 -5696.83691	  5702.84814
 1838	 -51171.43359	 -657.95184	 -6164.63916	  6170.65137
 1835	 -51477.82422	 -595.09644	 -6075.53662	  6081.54883
 1838	 -51171.43359	 -657.95184	 -6164.63916	  6170.65137
 1839	 -51025.97266	 -694.7204	 -6634.11133	  6640.12451
 1836	 -51328.21875	 -620.44458	 -6542.20361	  6548.2168
 1838	 -51171.43359	 -657.95184	 -6164.63916	  6170.65137
 1837	 -51324.96875	 -632.71393	 -5696.83691	  5702.84814
 1840	 -51014.60547	 -695.46838	 -5786.98242	  5792.99414
 1839	 -51025.97266	 -694.7204	 -6634.11133	  6640.12451
 1838	 -51171.43359	 -657.95184	 -6164.63916	  6170.65137
 1841	 -50861.09375	 -731.98981	 -6258.93359	  6264.94629
 1840	 -51014.60547	 -695.46838	 -5786.98242	  5792.99414
 1841	 -50861.09375	 -731.98981	 -6258.93359	  6264.94629
 1838	 -51171.43359	 -657.95184	 -6164.63916	  6170.65137
 1841	 -50861.09375	 -731.98981	 -6258.93359	  6264.94629
 1842	 -50701.94141	 -776.67749	 -6739.18555	  6745.19922
 1839	 -51025.97266	 -694.7204	 -6634.11133	  6640.12451
 1841	 -50861.09375	 -731.98981	 -6258.93359	  6264.94629
 1840	 -51014.60547	 -695.46838	 -5786.98242	  5792.99414
 1843	 -50696.32422	 -769.26086	 -5883.76416	  5889.77588
 1842	 -50701.94141	 -776.67749	 -6739.18555	  6745.19922
 1841	 -50861.09375	 -731.98981	 -6258.93359	  6264.94629
 1844	 -50526.63281	 -813.61682	 -6367.33838	  6373.35107
 1843	 -50696.32422	 -769.26086	 -5883.76416	  5889.77588
 1844	 -50526.63281	 -813.61682	 -6367.33838	  6373.35107
 1841	 -50861.09375	 -731.98981	 -6258.93359	  6264.94629
 1844	 -50526.63281	 -813.61682	 -6367.33838	  6373.35107
 1843	 -50696.32422	 -769.26086	 -5883.76416	  5889.77588
 1845	 -50351.37109	 -850.55469	 -5995.49463	  6001.50684
 1846	 -20405.64453	 -2690.1897	  46384.91797	 -46379.01172
 1847	 -19965.45508	 -2702.11377	  46004.98047	 -45999.07422
 1848	 -20380.8125	 -2650.51147	  45985.62891	 -45979.72266
 1847	 -19965.45508	 -2702.11377	  46004.98047	 -45999.07422
 1846	 -20405.64453	 -2690.1897	  46384.91797	 -46379.01172
 1849	 -19995.61328	 -2741.76318	  46403.98047	 -46398.07422
 1850	 -20430.46094	 -2729.86133	  46784.19531	 -46778.28906
 1849	 -19995.61328	 -2741.76318	  46403.98047	 -46398.07422
 1846	 -20405.64453	 -2690.1897	  46384.91797	 -46379.01172
 1849	 -19995.61328	 -2741.76318	  46403.98047	 -46398.07422
 1851	 -19556.50	 -2758.35913	  46027.85547	 -46021.94922
 1847	 -19965.45508	 -2702.11377	  46004.98047	 -45999.07422
 1849	 -19995.61328	 -2741.76318	  46403.98047	 -46398.07422
 1850	 -20430.46094	 -2729.86133	  46784.19531	 -46778.28906
 1852	 -20025.78711	 -2781.41113	  46803.01563	 -46797.10938
 1851	 -19556.50	 -2758.35913	  46027.85547	 -46021.94922
 1849	 -19995.61328	 -2741.76318	  46403.98047	 -46398.07422
 1853	 -19592.28711	 -2797.9729	  46426.55469	 -46420.64844
 1852	 -20025.78711	 -2781.41113	  46803.01563	 -46797.10938
 1853	 -19592.28711	 -2797.9729	  46426.55469	 -46420.64844
 1849	 -19995.61328	 -2741.76318	  46403.98047	 -46398.07422
 1853	 -19592.28711	 -2797.9729	  46426.55469	 -46420.64844
 1854	 -19151.58008	 -2819.77856	  46054.58594	 -46048.67969
 1851	 -19556.50	 -2758.35913	  46027.85547	 -46021.94922
 1853	 -19592.28711	 -2797.9729	  46426.55469	 -46420.64844
 1852	 -20025.78711	 -2781.41113	  46803.01563	 -46797.10938
 1855	 -19628.0625	 -2837.5957	  46825.26563	 -46819.35938
 1854	 -19151.58008	 -2819.77856	  46054.58594	 -46048.67969
 1853	 -19592.28711	 -2797.9729	  46426.55469	 -46420.64844
 1856	 -19193.25977	 -2859.35693	  46452.88281	 -46446.97656
 1855	 -19628.0625	 -2837.5957	  46825.26563	 -46819.35938
 1856	 -19193.25977	 -2859.35693	  46452.88281	 -46446.97656
 1853	 -19592.28711	 -2797.9729	  46426.55469	 -46420.64844
 1856	 -19193.25977	 -2859.35693	  46452.88281	 -46446.97656
 1857	 -18750.89844	 -2886.58081	  46085.30859	 -46079.40234
 1854	 -19151.58008	 -2819.77856	  46054.58594	 -46048.67969
 1856	 -19193.25977	 -2859.35693	  46452.88281	 -46446.97656
 1855	 -19628.0625	 -2837.5957	  46825.26563	 -46819.35938
 1858	 -19234.98242	 -2898.93579	  46851.18359	 -46845.27734
 1857	 -18750.89844	 -2886.58081	  46085.30859	 -46079.40234
 1856	 -19193.25977	 -2859.35693	  46452.88281	 -46446.97656
 1859	 -18798.91016	 -2926.11279	  46483.09375	 -46477.1875
 1858	 -19234.98242	 -2898.93579	  46851.18359	 -46845.27734
 1859	 -18798.91016	 -2926.11279	  46483.09375	 -46477.1875
 1856	 -19193.25977	 -2859.35693	  46452.88281	 -46446.97656
 1859	 -18798.91016	 -2926.11279	  46483.09375	 -46477.1875
 1860	 -18354.83008	 -2958.97852	  46120.15234	 -46114.24609
 1857	 -18750.89844	 -2886.58081	  46085.30859	 -46079.40234
 1859	 -18798.91016	 -2926.11279	  46483.09375	 -46477.1875
 1858	 -19234.98242	 -2898.93579	  46851.18359	 -46845.27734
 1861	 -18846.87305	 -2965.64478	  46880.90234	 -46874.99609
 1860	 -18354.83008	 -2958.97852	  46120.15234	 -46114.24609
 1859	 -18798.91016	 -2926.11279	  46483.09375	 -46477.1875
 1862	 -18409.49414	 -2998.45093	  46517.34375	 -46511.4375
 1861	 -18846.87305	 -2965.64478	  46880.90234	 -46874.99609
 1862	 -18409.49414	 -2998.45093	  46517.34375	 -46511.4375
 1859	 -18798.91016	 -2926.11279	  46483.09375	 -46477.1875
 1862	 -18409.49414	 -2998.45093	  46517.34375	 -46511.4375
 1863	 -17958.49805	 -3038.24292	  46159.78906	 -46153.88281
 1860	 -18354.83008	 -2958.97852	  46120.15234	 -46114.24609
 1862	 -18409.49414	 -2998.45093	  46517.34375	 -46511.4375
 1861	 -18846.87305	 -2965.64478	  46880.90234	 -46874.99609
 1864	 -18464.12891	 -3037.91895	  46914.51172	 -46908.60547
 1863	 -17958.49805	 -3038.24292	  46159.78906	 -46153.88281
 1862	 -18409.49414	 -2998.45093	  46517.34375	 -46511.4375
 1865	 -18020.30078	 -3077.64502	  46556.25	 -46550.34375
 1864	 -18464.12891	 -3037.91895	  46914.51172	 -46908.60547
 1865	 -18020.30078	 -3077.64502	  46556.25	 -46550.34375
 1862	 -18409.49414	 -2998.45093	  46517.34375	 -46511.4375
 1865	 -18020.30078	 -3077.64502	  46556.25	 -46550.34375
 1864	 -18464.12891	 -3037.91895	  46914.51172	 -46908.60547
 1866	 -18082.10938	 -3117.04126	  46952.67578	 -46946.76953
 1867	 -22926.2168	 -2474.73096	  46339.48438	 -46333.57813
 1868	 -22495.66992	 -2460.99292	  45939.76172	 -45933.85547
 1869	 -22927.4707	 -2435.00781	  45939.67578	 -45933.76953
 1868	 -22495.66992	 -2460.99292	  45939.76172	 -45933.85547
 1867	 -22926.2168	 -2474.73096	  46339.48438	 -46333.57813
 1870	 -22498.16211	 -2500.7146	  46339.5625	 -46333.65625
 1871	 -22924.96289	 -2514.4541	  46739.29688	 -46733.39063
 1870	 -22498.16211	 -2500.7146	  46339.5625	 -46333.65625
 1867	 -22926.2168	 -2474.73096	  46339.48438	 -46333.57813
 1870	 -22498.16211	 -2500.7146	  46339.5625	 -46333.65625
 1872	 -22068.6582	 -2490.52563	  45942.67578	 -45936.76953
 1868	 -22495.66992	 -2460.99292	  45939.76172	 -45933.85547
 1870	 -22498.16211	 -2500.7146	  46339.5625	 -46333.65625
 1871	 -22924.96289	 -2514.4541	  46739.29688	 -46733.39063
 1873	 -22500.64453	 -2540.43774	  46739.39063	 -46733.48438
 1872	 -22068.6582	 -2490.52563	  45942.67578	 -45936.76953
 1870	 -22498.16211	 -2500.7146	  46339.5625	 -46333.65625
 1874	 -22075.08203	 -2530.24658	  46342.46484	 -46336.55859
 1873	 -22500.64453	 -2540.43774	  46739.39063	 -46733.48438
 1874	 -22075.08203	 -2530.24658	  46342.46484	 -46336.55859
 1870	 -22498.16211	 -2500.7146	  46339.5625	 -46333.65625
 1874	 -22075.08203	 -2530.24658	  46342.46484	 -46336.55859
 1875	 -21643.88672	 -2523.97241	  45948.57422	 -45942.66797
 1872	 -22068.6582	 -2490.52563	  45942.67578	 -45936.76953
 1874	 -22075.08203	 -2530.24658	  46342.46484	 -46336.55859
 1873	 -22500.64453	 -2540.43774	  46739.39063	 -46733.48438
 1876	 -22081.50586	 -2569.96777	  46742.26172	 -46736.35547
 1875	 -21643.88672	 -2523.97241	  45948.57422	 -45942.66797
 1874	 -22075.08203	 -2530.24658	  46342.46484	 -46336.55859
 1877	 -21654.52344	 -2563.68579	  46348.28516	 -46342.37891
 1876	 -22081.50586	 -2569.96777	  46742.26172	 -46736.35547
 1877	 -21654.52344	 -2563.68579	  46348.28516	 -46342.37891
 1874	 -22075.08203	 -2530.24658	  46342.46484	 -46336.55859
 1877	 -21654.52344	 -2563.68579	  46348.28516	 -46342.37891
 1878	 -21221.70313	 -2561.5376	  45957.55859	 -45951.65234
 1875	 -21643.88672	 -2523.97241	  45948.57422	 -45942.66797
 1877	 -21654.52344	 -2563.68579	  46348.28516	 -46342.37891
 1876	 -22081.50586	 -2569.96777	  46742.26172	 -46736.35547
 1879	 -21665.13867	 -2603.40625	  46748.02344	 -46742.11719
 1878	 -21221.70313	 -2561.5376	  45957.55859	 -45951.65234
 1877	 -21654.52344	 -2563.68579	  46348.28516	 -46342.37891
 1880	 -21236.75	 -2601.24512	  46357.17188	 -46351.26563
 1879	 -21665.13867	 -2603.40625	  46748.02344	 -46742.11719
 1880	 -21236.75	 -2601.24512	  46357.17188	 -46351.26563
 1877	 -21654.52344	 -2563.68579	  46348.28516	 -46342.37891
 1880	 -21236.75	 -2601.24512	  46357.17188	 -46351.26563
 1881	 -20802.40039	 -2603.43872	  45969.80078	 -45963.89453
 1878	 -21221.70313	 -2561.5376	  45957.55859	 -45951.65234
 1880	 -21236.75	 -2601.24512	  46357.17188	 -46351.26563
 1879	 -21665.13867	 -2603.40625	  46748.02344	 -46742.11719
 1882	 -21251.82813	 -2640.95459	  46756.81641	 -46750.91016
 1881	 -20802.40039	 -2603.43872	  45969.80078	 -45963.89453
 1880	 -21236.75	 -2601.24512	  46357.17188	 -46351.26563
 1883	 -20822.16992	 -2643.12817	  46369.25391	 -46363.34766
 1882	 -21251.82813	 -2640.95459	  46756.81641	 -46750.91016
 1883	 -20822.16992	 -2643.12817	  46369.25391	 -46363.34766
 1880	 -21236.75	 -2601.24512	  46357.17188	 -46351.26563
 1883	 -20822.16992	 -2643.12817	  46369.25391	 -46363.34766
 1884	 -20380.8125	 -2650.51147	  45985.62891	 -45979.72266
 1881	 -20802.40039	 -2603.43872	  45969.80078	 -45963.89453
 1883	 -20822.16992	 -2643.12817	  46369.25391	 -46363.34766
 1882	 -21251.82813	 -2640.95459	  46756.81641	 -46750.91016
 1885	 -20841.94141	 -2682.82471	  46768.74609	 -46762.83984
 1884	 -20380.8125	 -2650.51147	  45985.62891	 -45979.72266
 1883	 -20822.16992	 -2643.12817	  46369.25391	 -46363.34766
 1886	 -20405.64453	 -2690.1897	  46384.91797	 -46379.01172
 1885	 -20841.94141	 -2682.82471	  46768.74609	 -46762.83984
 1886	 -20405.64453	 -2690.1897	  46384.91797	 -46379.01172
 1883	 -20822.16992	 -2643.12817	  46369.25391	 -46363.34766
 1886	 -20405.64453	 -2690.1897	  46384.91797	 -46379.01172
 1885	 -20841.94141	 -2682.82471	  46768.74609	 -46762.83984
 1887	 -20430.46094	 -2729.86133	  46784.19531	 -46778.28906
 1888	 -25516.41406	 -2385.75024	  46390.31641	 -46384.41016
 1889	 -25098.11523	 -2354.06445	  45976.80859	 -45970.90234
 1890	 -25535.7832	 -2346.06421	  45990.83203	 -45984.92578
 1889	 -25098.11523	 -2354.06445	  45976.80859	 -45970.90234
 1888	 -25516.41406	 -2385.75024	  46390.31641	 -46384.41016
 1891	 -25081.3125	 -2393.75928	  46376.38672	 -46370.48047
 1892	 -25497.08398	 -2425.43677	  46789.8125	 -46783.90625
 1891	 -25081.3125	 -2393.75928	  46376.38672	 -46370.48047
 1888	 -25516.41406	 -2385.75024	  46390.31641	 -46384.41016
 1891	 -25081.3125	 -2393.75928	  46376.38672	 -46370.48047
 1893	 -24663.4707	 -2364.46411	  45964.875	 -45958.96875
 1889	 -25098.11523	 -2354.06445	  45976.80859	 -45970.90234
 1891	 -25081.3125	 -2393.75928	  46376.38672	 -46370.48047
 1892	 -25497.08398	 -2425.43677	  46789.8125	 -46783.90625
 1894	 -25064.48242	 -2433.45703	  46775.96875	 -46770.0625
 1893	 -24663.4707	 -2364.46411	  45964.875	 -45958.96875
 1891	 -25081.3125	 -2393.75928	  46376.38672	 -46370.48047
 1895	 -24649.36523	 -2404.17212	  46364.53516	 -46358.62891
 1894	 -25064.48242	 -2433.45703	  46775.96875	 -46770.0625
 1895	 -24649.36523	 -2404.17212	  46364.53516	 -46358.62891
 1891	 -25081.3125	 -2393.75928	  46376.38672	 -46370.48047
 1895	 -24649.36523	 -2404.17212	  46364.53516	 -46358.62891
 1896	 -24229.33789	 -2377.52124	  45955.05469	 -45949.14844
 1893	 -24663.4707	 -2364.46411	  45964.875	 -45958.96875
 1895	 -24649.36523	 -2404.17212	  46364.53516	 -46358.62891
 1894	 -25064.48242	 -2433.45703	  46775.96875	 -46770.0625
 1897	 -24635.29883	 -2443.86938	  46764.16016	 -46758.25391
 1896	 -24229.33789	 -2377.52124	  45955.05469	 -45949.14844
 1895	 -24649.36523	 -2404.17212	  46364.53516	 -46358.62891
 1898	 -24218.1543	 -2417.22974	  46354.76172	 -46348.85547
 1897	 -24635.29883	 -2443.86938	  46764.16016	 -46758.25391
 1898	 -24218.1543	 -2417.22974	  46354.76172	 -46348.85547
 1895	 -24649.36523	 -2404.17212	  46364.53516	 -46358.62891
 1898	 -24218.1543	 -2417.22974	  46354.76172	 -46348.85547
 1899	 -23796.05273	 -2393.43604	  45947.46875	 -45941.5625
 1896	 -24229.33789	 -2377.52124	  45955.05469	 -45949.14844
 1898	 -24218.1543	 -2417.22974	  46354.76172	 -46348.85547
 1897	 -24635.29883	 -2443.86938	  46764.16016	 -46758.25391
 1900	 -24206.9707	 -2456.93774	  46754.47266	 -46748.56641
 1899	 -23796.05273	 -2393.43604	  45947.46875	 -45941.5625
 1898	 -24218.1543	 -2417.22974	  46354.76172	 -46348.85547
 1901	 -23787.93555	 -2433.15137	  46347.24609	 -46341.33984
 1900	 -24206.9707	 -2456.93774	  46754.47266	 -46748.56641
 1901	 -23787.93555	 -2433.15137	  46347.24609	 -46341.33984
 1898	 -24218.1543	 -2417.22974	  46354.76172	 -46348.85547
 1901	 -23787.93555	 -2433.15137	  46347.24609	 -46341.33984
 1902	 -23363.875	 -2412.42529	  45942.30859	 -45936.40234
 1899	 -23796.05273	 -2393.43604	  45947.46875	 -45941.5625
 1901	 -23787.93555	 -2433.15137	  46347.24609	 -46341.33984
 1900	 -24206.9707	 -2456.93774	  46754.47266	 -46748.56641
 1903	 -23779.83008	 -2472.87012	  46747.01953	 -46741.11328
 1902	 -23363.875	 -2412.42529	  45942.30859	 -45936.40234
 1901	 -23787.93555	 -2433.15137	  46347.24609	 -46341.33984
 1904	 -23359.07422	 -2452.14648	  46342.12891	 -46336.22266
 1903	 -23779.83008	 -2472.87012	  46747.01953	 -46741.11328
 1904	 -23359.07422	 -2452.14648	  46342.12891	 -46336.22266
 1901	 -23787.93555	 -2433.15137	  46347.24609	 -46341.33984
 1904	 -23359.07422	 -2452.14648	  46342.12891	 -46336.22266
 1905	 -22927.4707	 -2435.00781	  45939.67578	 -45933.76953
 1902	 -23363.875	 -2412.42529	  45942.30859	 -45936.40234
 1904	 -23359.07422	 -2452.14648	  46342.12891	 -46336.22266
 1903	 -23779.83008	 -2472.87012	  46747.01953	 -46741.11328
 1906	 -23354.25391	 -2491.86475	  46741.91406	 -46736.00781
 1905	 -22927.4707	 -2435.00781	  45939.67578	 -45933.76953
 1904	 -23359.07422	 -2452.14648	  46342.12891	 -46336.22266
 1907	 -22926.2168	 -2474.73096	  46339.48438	 -46333.57813
 1906	 -23354.25391	 -2491.86475	  46741.91406	 -46736.00781
 1907	 -22926.2168	 -2474.73096	  46339.48438	 -46333.57813
 1904	 -23359.07422	 -2452.14648	  46342.12891	 -46336.22266
 1907	 -22926.2168	 -2474.73096	  46339.48438	 -46333.57813
 1906	 -23354.25391	 -2491.86475	  46741.91406	 -46736.00781
 1908	 -22924.96289	 -2514.4541	  46739.29688	 -46733.39063
 1909	 -28110.49805	 -2377.70679	  46507.66797	 -46501.76172
 1910	 -27708.89063	 -2335.71265	  46085.62891	 -46079.72266
 1911	 -28141.6543	 -2338.07666	  46108.71484	 -46102.80859
 1910	 -27708.89063	 -2335.71265	  46085.62891	 -46079.72266
 1909	 -28110.49805	 -2377.70679	  46507.66797	 -46501.76172
 1912	 -27679.29688	 -2375.354	  46484.69531	 -46478.78906
 1913	 -28079.35742	 -2417.34204	  46906.65234	 -46900.74609
 1912	 -27679.29688	 -2375.354	  46484.69531	 -46478.78906
 1909	 -28110.49805	 -2377.70679	  46507.66797	 -46501.76172
 1912	 -27679.29688	 -2375.354	  46484.69531	 -46478.78906
 1914	 -27277.31836	 -2334.5603	  46063.86719	 -46057.96094
 1910	 -27708.89063	 -2335.71265	  46085.62891	 -46079.72266
 1912	 -27679.29688	 -2375.354	  46484.69531	 -46478.78906
 1913	 -28079.35742	 -2417.34204	  46906.65234	 -46900.74609
 1915	 -27649.75586	 -2414.99805	  46883.73828	 -46877.83203
 1914	 -27277.31836	 -2334.5603	  46063.86719	 -46057.96094
 1912	 -27679.29688	 -2375.354	  46484.69531	 -46478.78906
 1916	 -27249.4668	 -2374.20728	  46462.99219	 -46457.08594
 1915	 -27649.75586	 -2414.99805	  46883.73828	 -46877.83203
 1916	 -27249.4668	 -2374.20728	  46462.99219	 -46457.08594
 1912	 -27679.29688	 -2375.354	  46484.69531	 -46478.78906
 1916	 -27249.4668	 -2374.20728	  46462.99219	 -46457.08594
 1917	 -26844.50586	 -2334.79639	  46043.375	 -46037.46875
 1914	 -27277.31836	 -2334.5603	  46063.86719	 -46057.96094
 1916	 -27249.4668	 -2374.20728	  46462.99219	 -46457.08594
 1915	 -27649.75586	 -2414.99805	  46883.73828	 -46877.83203
 1918	 -27221.60742	 -2413.86011	  46862.14844	 -46856.24219
 1917	 -26844.50586	 -2334.79639	  46043.375	 -46037.46875
 1916	 -27249.4668	 -2374.20728	  46462.99219	 -46457.08594
 1919	 -26818.50977	 -2374.45459	  46442.60938	 -46436.70313
 1918	 -27221.60742	 -2413.86011	  46862.14844	 -46856.24219
 1919	 -26818.50977	 -2374.45459	  46442.60938	 -46436.70313
 1916	 -27249.4668	 -2374.20728	  46462.99219	 -46457.08594
 1919	 -26818.50977	 -2374.45459	  46442.60938	 -46436.70313
 1920	 -26410.71484	 -2336.64258	  46024.32422	 -46018.41797
 1917	 -26844.50586	 -2334.79639	  46043.375	 -46037.46875
 1919	 -26818.50977	 -2374.45459	  46442.60938	 -46436.70313
 1918	 -27221.60742	 -2413.86011	  46862.14844	 -46856.24219
 1921	 -26792.52344	 -2414.11621	  46841.83594	 -46835.92969
 1920	 -26410.71484	 -2336.64258	  46024.32422	 -46018.41797
 1919	 -26818.50977	 -2374.45459	  46442.60938	 -46436.70313
 1922	 -26386.76758	 -2376.30933	  46423.64063	 -46417.73438
 1921	 -26792.52344	 -2414.11621	  46841.83594	 -46835.92969
 1922	 -26386.76758	 -2376.30933	  46423.64063	 -46417.73438
 1919	 -26818.50977	 -2374.45459	  46442.60938	 -46436.70313
 1922	 -26386.76758	 -2376.30933	  46423.64063	 -46417.73438
 1923	 -25976.26367	 -2340.29858	  46006.82422	 -46000.91797
 1920	 -26410.71484	 -2336.64258	  46024.32422	 -46018.41797
 1922	 -26386.76758	 -2376.30933	  46423.64063	 -46417.73438
 1921	 -26792.52344	 -2414.11621	  46841.83594	 -46835.92969
 1924	 -26362.79492	 -2415.97876	  46822.96484	 -46817.05859
 1923	 -25976.26367	 -2340.29858	  46006.82422	 -46000.91797
 1922	 -26386.76758	 -2376.30933	  46423.64063	 -46417.73438
 1925	 -25954.50	 -2379.97681	  46406.23828	 -46400.33203
 1924	 -26362.79492	 -2415.97876	  46822.96484	 -46817.05859
 1925	 -25954.50	 -2379.97681	  46406.23828	 -46400.33203
 1922	 -26386.76758	 -2376.30933	  46423.64063	 -46417.73438
 1925	 -25954.50	 -2379.97681	  46406.23828	 -46400.33203
 1926	 -25535.7832	 -2346.06421	  45990.83203	 -45984.92578
 1923	 -25976.26367	 -2340.29858	  46006.82422	 -46000.91797
 1925	 -25954.50	 -2379.97681	  46406.23828	 -46400.33203
 1924	 -26362.79492	 -2415.97876	  46822.96484	 -46817.05859
 1927	 -25932.77539	 -2419.65137	  46805.63672	 -46799.73047
 1926	 -25535.7832	 -2346.06421	  45990.83203	 -45984.92578
 1925	 -25954.50	 -2379.97681	  46406.23828	 -46400.33203
 1928	 -25516.41406	 -2385.75024	  46390.31641	 -46384.41016
 1927	 -25932.77539	 -2419.65137	  46805.63672	 -46799.73047
 1928	 -25516.41406	 -2385.75024	  46390.31641	 -46384.41016
 1925	 -25954.50	 -2379.97681	  46406.23828	 -46400.33203
 1928	 -25516.41406	 -2385.75024	  46390.31641	 -46384.41016
 1927	 -25932.77539	 -2419.65137	  46805.63672	 -46799.73047
 1929	 -25497.08398	 -2425.43677	  46789.8125	 -46783.90625
 1930	 -30642.77344	 -2405.03882	  46661.81641	 -46655.91016
 1931	 -30263.16797	 -2360.34692	  46236.10156	 -46230.19531
 1932	 -30680.12109	 -2365.44678	  46263.21875	 -46257.3125
 1931	 -30263.16797	 -2360.34692	  46236.10156	 -46230.19531
 1930	 -30642.77344	 -2405.03882	  46661.81641	 -46655.91016
 1933	 -30226.48828	 -2399.94604	  46634.75	 -46628.84375
 1934	 -30605.42773	 -2444.6355	  47060.41016	 -47054.50391
 1933	 -30226.48828	 -2399.94604	  46634.75	 -46628.84375
 1930	 -30642.77344	 -2405.03882	  46661.81641	 -46655.91016
 1933	 -30226.48828	 -2399.94604	  46634.75	 -46628.84375
 1935	 -29845.50977	 -2355.20825	  46209.49609	 -46203.58984
 1931	 -30263.16797	 -2360.34692	  46236.10156	 -46230.19531
 1933	 -30226.48828	 -2399.94604	  46634.75	 -46628.84375
 1934	 -30605.42773	 -2444.6355	  47060.41016	 -47054.50391
 1936	 -30189.75586	 -2439.54614	  47033.37891	 -47027.47266
 1935	 -29845.50977	 -2355.20825	  46209.49609	 -46203.58984
 1933	 -30226.48828	 -2399.94604	  46634.75	 -46628.84375
 1937	 -29809.63086	 -2394.80908	  46608.17969	 -46602.27344
 1936	 -30189.75586	 -2439.54614	  47033.37891	 -47027.47266
 1937	 -29809.63086	 -2394.80908	  46608.17969	 -46602.27344
 1933	 -30226.48828	 -2399.94604	  46634.75	 -46628.84375
 1937	 -29809.63086	 -2394.80908	  46608.17969	 -46602.27344
 1938	 -29424.78516	 -2350.20654	  46183.33594	 -46177.42969
 1935	 -29845.50977	 -2355.20825	  46209.49609	 -46203.58984
 1937	 -29809.63086	 -2394.80908	  46608.17969	 -46602.27344
 1936	 -30189.75586	 -2439.54614	  47033.37891	 -47027.47266
 1939	 -29773.72656	 -2434.41504	  47006.87109	 -47000.96484
 1938	 -29424.78516	 -2350.20654	  46183.33594	 -46177.42969
 1937	 -29809.63086	 -2394.80908	  46608.17969	 -46602.27344
 1940	 -29389.88086	 -2389.81543	  46582.07813	 -46576.17188
 1939	 -29773.72656	 -2434.41504	  47006.87109	 -47000.96484
 1940	 -29389.88086	 -2389.81543	  46582.07813	 -46576.17188
 1937	 -29809.63086	 -2394.80908	  46608.17969	 -46602.27344
 1940	 -29389.88086	 -2389.81543	  46582.07813	 -46576.17188
 1941	 -29001.2793	 -2345.55127	  46157.80078	 -46151.89453
 1938	 -29424.78516	 -2350.20654	  46183.33594	 -46177.42969
 1940	 -29389.88086	 -2389.81543	  46582.07813	 -46576.17188
 1939	 -29773.72656	 -2434.41504	  47006.87109	 -47000.96484
 1942	 -29354.95313	 -2429.427	  46980.85156	 -46974.94531
 1941	 -29001.2793	 -2345.55127	  46157.80078	 -46151.89453
 1940	 -29389.88086	 -2389.81543	  46582.07813	 -46576.17188
 1943	 -28967.48242	 -2385.16724	  46556.60938	 -46550.70313
 1942	 -29354.95313	 -2429.427	  46980.85156	 -46974.94531
 1943	 -28967.48242	 -2385.16724	  46556.60938	 -46550.70313
 1940	 -29389.88086	 -2389.81543	  46582.07813	 -46576.17188
 1943	 -28967.48242	 -2385.16724	  46556.60938	 -46550.70313
 1944	 -28575.36328	 -2341.45044	  46132.97266	 -46127.06641
 1941	 -29001.2793	 -2345.55127	  46157.80078	 -46151.89453
 1943	 -28967.48242	 -2385.16724	  46556.60938	 -46550.70313
 1942	 -29354.95313	 -2429.427	  46980.85156	 -46974.94531
 1945	 -28933.64844	 -2424.78931	  46955.44141	 -46949.53516
 1944	 -28575.36328	 -2341.45044	  46132.97266	 -46127.06641
 1943	 -28967.48242	 -2385.16724	  46556.60938	 -46550.70313
 1946	 -28542.79492	 -2381.07544	  46531.87109	 -46525.96484
 1945	 -28933.64844	 -2424.78931	  46955.44141	 -46949.53516
 1946	 -28542.79492	 -2381.07544	  46531.87109	 -46525.96484
 1943	 -28967.48242	 -2385.16724	  46556.60938	 -46550.70313
 1946	 -28542.79492	 -2381.07544	  46531.87109	 -46525.96484
 1947	 -28141.6543	 -2338.07666	  46108.71484	 -46102.80859
 1944	 -28575.36328	 -2341.45044	  46132.97266	 -46127.06641
 1946	 -28542.79492	 -2381.07544	  46531.87109	 -46525.96484
 1945	 -28933.64844	 -2424.78931	  46955.44141	 -46949.53516
 1948	 -28510.22656	 -2420.69824	  46930.75	 -46924.84375
 1947	 -28141.6543	 -2338.07666	  46108.71484	 -46102.80859
 1946	 -28542.79492	 -2381.07544	  46531.87109	 -46525.96484
 1949	 -28110.49805	 -2377.70679	  46507.66797	 -46501.76172
 1948	 -28510.22656	 -2420.69824	  46930.75	 -46924.84375
 1949	 -28110.49805	 -2377.70679	  46507.66797	 -46501.76172
 1946	 -28542.79492	 -2381.07544	  46531.87109	 -46525.96484
 1949	 -28110.49805	 -2377.70679	  46507.66797	 -46501.76172
 1948	 -28510.22656	 -2420.69824	  46930.75	 -46924.84375
 1950	 -28079.35742	 -2417.34204	  46906.65234	 -46900.74609
 1951	 -33047.57813	 -2422.19678	  46823.0625	 -46817.15625
 1952	 -32695.38281	 -2382.38599	  46398.32813	 -46392.42188
 1953	 -33085.45703	 -2382.60181	  46424.48438	 -46418.57813
 1952	 -32695.38281	 -2382.38599	  46398.32813	 -46392.42188
 1951	 -33047.57813	 -2422.19678	  46823.0625	 -46817.15625
 1954	 -32657.16992	 -2421.97559	  46796.87891	 -46790.97266
 1955	 -33009.70703	 -2461.78809	  47221.60547	 -47215.69922
 1954	 -32657.16992	 -2421.97559	  46796.87891	 -46790.97266
 1951	 -33047.57813	 -2422.19678	  46823.0625	 -46817.15625
 1954	 -32657.16992	 -2421.97559	  46796.87891	 -46790.97266
 1956	 -32302.58984	 -2380.83643	  46371.83594	 -46365.92969
 1952	 -32695.38281	 -2382.38599	  46398.32813	 -46392.42188
 1954	 -32657.16992	 -2421.97559	  46796.87891	 -46790.97266
 1955	 -33009.70703	 -2461.78809	  47221.60547	 -47215.69922
 1957	 -32618.93945	 -2461.56445	  47195.39844	 -47189.49219
 1956	 -32302.58984	 -2380.83643	  46371.83594	 -46365.92969
 1954	 -32657.16992	 -2421.97559	  46796.87891	 -46790.97266
 1958	 -32264.19922	 -2420.41992	  46770.35156	 -46764.44531
 1957	 -32618.93945	 -2461.56445	  47195.39844	 -47189.49219
 1958	 -32264.19922	 -2420.41992	  46770.35156	 -46764.44531
 1954	 -32657.16992	 -2421.97559	  46796.87891	 -46790.97266
 1958	 -32264.19922	 -2420.41992	  46770.35156	 -46764.44531
 1959	 -31904.90234	 -2378.16455	  46344.97656	 -46339.07031
 1956	 -32302.58984	 -2380.83643	  46371.83594	 -46365.92969
 1958	 -32264.19922	 -2420.41992	  46770.35156	 -46764.44531
 1957	 -32618.93945	 -2461.56445	  47195.39844	 -47189.49219
 1960	 -32225.8125	 -2460.01221	  47168.88281	 -47162.97656
 1959	 -31904.90234	 -2378.16455	  46344.97656	 -46339.07031
 1958	 -32264.19922	 -2420.41992	  46770.35156	 -46764.44531
 1961	 -31866.55078	 -2417.75122	  46743.50	 -46737.59375
 1960	 -32225.8125	 -2460.01221	  47168.88281	 -47162.97656
 1961	 -31866.55078	 -2417.75122	  46743.50	 -46737.59375
 1958	 -32264.19922	 -2420.41992	  46770.35156	 -46764.44531
 1961	 -31866.55078	 -2417.75122	  46743.50	 -46737.59375
 1962	 -31502.59961	 -2374.57788	  46317.88281	 -46311.97656
 1959	 -31904.90234	 -2378.16455	  46344.97656	 -46339.07031
 1961	 -31866.55078	 -2417.75122	  46743.50	 -46737.59375
 1960	 -32225.8125	 -2460.01221	  47168.88281	 -47162.97656
 1963	 -31828.15234	 -2457.34009	  47142.04297	 -47136.13672
 1962	 -31502.59961	 -2374.57788	  46317.88281	 -46311.97656
 1961	 -31866.55078	 -2417.75122	  46743.50	 -46737.59375
 1964	 -31464.42383	 -2414.16626	  46716.41797	 -46710.51172
 1963	 -31828.15234	 -2457.34009	  47142.04297	 -47136.13672
 1964	 -31464.42383	 -2414.16626	  46716.41797	 -46710.51172
 1961	 -31866.55078	 -2417.75122	  46743.50	 -46737.59375
 1964	 -31464.42383	 -2414.16626	  46716.41797	 -46710.51172
 1965	 -31096.04883	 -2370.29346	  46290.71094	 -46284.80469
 1962	 -31502.59961	 -2374.57788	  46317.88281	 -46311.97656
 1964	 -31464.42383	 -2414.16626	  46716.41797	 -46710.51172
 1963	 -31828.15234	 -2457.34009	  47142.04297	 -47136.13672
 1966	 -31426.21094	 -2453.75854	  47114.97266	 -47109.06641
 1965	 -31096.04883	 -2370.29346	  46290.71094	 -46284.80469
 1964	 -31464.42383	 -2414.16626	  46716.41797	 -46710.51172
 1967	 -31058.19336	 -2409.88306	  46689.26172	 -46683.35547
 1966	 -31426.21094	 -2453.75854	  47114.97266	 -47109.06641
 1967	 -31058.19336	 -2409.88306	  46689.26172	 -46683.35547
 1964	 -31464.42383	 -2414.16626	  46716.41797	 -46710.51172
 1967	 -31058.19336	 -2409.88306	  46689.26172	 -46683.35547
 1968	 -30680.12109	 -2365.44678	  46263.21875	 -46257.3125
 1965	 -31096.04883	 -2370.29346	  46290.71094	 -46284.80469
 1967	 -31058.19336	 -2409.88306	  46689.26172	 -46683.35547
 1966	 -31426.21094	 -2453.75854	  47114.97266	 -47109.06641
 1969	 -31020.33789	 -2449.4729	  47087.8125	 -47081.90625
 1968	 -30680.12109	 -2365.44678	  46263.21875	 -46257.3125
 1967	 -31058.19336	 -2409.88306	  46689.26172	 -46683.35547
 1970	 -30642.77344	 -2405.03882	  46661.81641	 -46655.91016
 1969	 -31020.33789	 -2449.4729	  47087.8125	 -47081.90625
 1970	 -30642.77344	 -2405.03882	  46661.81641	 -46655.91016
 1967	 -31058.19336	 -2409.88306	  46689.26172	 -46683.35547
 1970	 -30642.77344	 -2405.03882	  46661.81641	 -46655.91016
 1969	 -31020.33789	 -2449.4729	  47087.8125	 -47081.90625
 1971	 -30605.42773	 -2444.6355	  47060.41016	 -47054.50391
 1972	 -35850.67188	 -2461.1123	  47054.71094	 -47048.80469
 1973	 -35433.59375	 -2409.68604	  46612.74609	 -46606.83984
 1974	 -35905.82813	 -2421.66211	  46657.57813	 -46651.67188
 1973	 -35433.59375	 -2409.68604	  46612.74609	 -46606.83984
 1972	 -35850.67188	 -2461.1123	  47054.71094	 -47048.80469
 1975	 -35381.03516	 -2449.15967	  47010.14063	 -47004.23438
 1976	 -35795.50391	 -2500.55859	  47451.85938	 -47445.95313
 1975	 -35381.03516	 -2449.15967	  47010.14063	 -47004.23438
 1972	 -35850.67188	 -2461.1123	  47054.71094	 -47048.80469
 1975	 -35381.03516	 -2449.15967	  47010.14063	 -47004.23438
 1977	 -34964.07031	 -2399.79492	  46570.36719	 -46564.46094
 1973	 -35433.59375	 -2409.68604	  46612.74609	 -46606.83984
 1975	 -35381.03516	 -2449.15967	  47010.14063	 -47004.23438
 1976	 -35795.50391	 -2500.55859	  47451.85938	 -47445.95313
 1978	 -35328.42969	 -2488.6311	  47407.53516	 -47401.62891
 1977	 -34964.07031	 -2399.79492	  46570.36719	 -46564.46094
 1975	 -35381.03516	 -2449.15967	  47010.14063	 -47004.23438
 1979	 -34914.15234	 -2439.29272	  46968.00	 -46962.09375
 1978	 -35328.42969	 -2488.6311	  47407.53516	 -47401.62891
 1979	 -34914.15234	 -2439.29272	  46968.00	 -46962.09375
 1975	 -35381.03516	 -2449.15967	  47010.14063	 -47004.23438
 1979	 -34914.15234	 -2439.29272	  46968.00	 -46962.09375
 1980	 -34494.63672	 -2392.02148	  46530.26563	 -46524.35938
 1977	 -34964.07031	 -2399.79492	  46570.36719	 -46564.46094
 1979	 -34914.15234	 -2439.29272	  46968.00	 -46962.09375
 1978	 -35328.42969	 -2488.6311	  47407.53516	 -47401.62891
 1981	 -34864.24609	 -2478.78882	  47365.62109	 -47359.71484
 1980	 -34494.63672	 -2392.02148	  46530.26563	 -46524.35938
 1979	 -34914.15234	 -2439.29272	  46968.00	 -46962.09375
 1982	 -34447.54297	 -2431.5415	  46928.125	 -46922.21875
 1981	 -34864.24609	 -2478.78882	  47365.62109	 -47359.71484
 1982	 -34447.54297	 -2431.5415	  46928.125	 -46922.21875
 1979	 -34914.15234	 -2439.29272	  46968.00	 -46962.09375
 1982	 -34447.54297	 -2431.5415	  46928.125	 -46922.21875
 1983	 -34025.79688	 -2386.48584	  46492.55859	 -46486.65234
 1980	 -34494.63672	 -2392.02148	  46530.26563	 -46524.35938
 1982	 -34447.54297	 -2431.5415	  46928.125	 -46922.21875
 1981	 -34864.24609	 -2478.78882	  47365.62109	 -47359.71484
 1984	 -34400.41406	 -2471.06567	  47325.99609	 -47320.08984
 1983	 -34025.79688	 -2386.48584	  46492.55859	 -46486.65234
 1982	 -34447.54297	 -2431.5415	  46928.125	 -46922.21875
 1985	 -33981.58984	 -2426.02905	  46890.64453	 -46884.73828
 1984	 -34400.41406	 -2471.06567	  47325.99609	 -47320.08984
 1985	 -33981.58984	 -2426.02905	  46890.64453	 -46884.73828
 1982	 -34447.54297	 -2431.5415	  46928.125	 -46922.21875
 1985	 -33981.58984	 -2426.02905	  46890.64453	 -46884.73828
 1986	 -33557.91797	 -2383.3042	  46457.39063	 -46451.48438
 1983	 -34025.79688	 -2386.48584	  46492.55859	 -46486.65234
 1985	 -33981.58984	 -2426.02905	  46890.64453	 -46884.73828
 1984	 -34400.41406	 -2471.06567	  47325.99609	 -47320.08984
 1987	 -33937.39063	 -2465.57935	  47288.77344	 -47282.86719
 1986	 -33557.91797	 -2383.3042	  46457.39063	 -46451.48438
 1985	 -33981.58984	 -2426.02905	  46890.64453	 -46884.73828
 1988	 -33516.78906	 -2422.87354	  46855.71875	 -46849.8125
 1987	 -33937.39063	 -2465.57935	  47288.77344	 -47282.86719
 1988	 -33516.78906	 -2422.87354	  46855.71875	 -46849.8125
 1985	 -33981.58984	 -2426.02905	  46890.64453	 -46884.73828
 1988	 -33516.78906	 -2422.87354	  46855.71875	 -46849.8125
 1989	 -33085.45703	 -2382.60181	  46424.48438	 -46418.57813
 1986	 -33557.91797	 -2383.3042	  46457.39063	 -46451.48438
 1988	 -33516.78906	 -2422.87354	  46855.71875	 -46849.8125
 1987	 -33937.39063	 -2465.57935	  47288.77344	 -47282.86719
 1990	 -33475.67188	 -2462.44116	  47254.05078	 -47248.14453
 1989	 -33085.45703	 -2382.60181	  46424.48438	 -46418.57813
 1988	 -33516.78906	 -2422.87354	  46855.71875	 -46849.8125
 1991	 -33047.57813	 -2422.19678	  46823.0625	 -46817.15625
 1990	 -33475.67188	 -2462.44116	  47254.05078	 -47248.14453
 1991	 -33047.57813	 -2422.19678	  46823.0625	 -46817.15625
 1988	 -33516.78906	 -2422.87354	  46855.71875	 -46849.8125
 1991	 -33047.57813	 -2422.19678	  46823.0625	 -46817.15625
 1990	 -33475.67188	 -2462.44116	  47254.05078	 -47248.14453
 1992	 -33009.70703	 -2461.78809	  47221.60547	 -47215.69922
 1993	 -38629.76563	 -2568.17822	  47358.84375	 -47352.9375
 1994	 -38237.38672	 -2507.30591	  46908.27344	 -46902.36719
 1995	 -38698.25	 -2528.8833	  46963.17969	 -46957.27344
 1994	 -38237.38672	 -2507.30591	  46908.27344	 -46902.36719
 1993	 -38629.76563	 -2568.17822	  47358.84375	 -47352.9375
 1996	 -38170.89844	 -2546.63037	  47304.20313	 -47298.29688
 1997	 -38561.23828	 -2607.47876	  47754.53125	 -47748.625
 1996	 -38170.89844	 -2546.63037	  47304.20313	 -47298.29688
 1993	 -38629.76563	 -2568.17822	  47358.84375	 -47352.9375
 1996	 -38170.89844	 -2546.63037	  47304.20313	 -47298.29688
 1998	 -37776.51563	 -2487.16333	  46855.07031	 -46849.16406
 1994	 -38237.38672	 -2507.30591	  46908.27344	 -46902.36719
 1996	 -38170.89844	 -2546.63037	  47304.20313	 -47298.29688
 1997	 -38561.23828	 -2607.47876	  47754.53125	 -47748.625
 1999	 -38104.41016	 -2585.95703	  47700.12891	 -47694.22266
 1998	 -37776.51563	 -2487.16333	  46855.07031	 -46849.16406
 1996	 -38170.89844	 -2546.63037	  47304.20313	 -47298.29688
 2000	 -37712.10938	 -2526.51025	  47251.21875	 -47245.3125
 1999	 -38104.41016	 -2585.95703	  47700.12891	 -47694.22266
 2000	 -37712.10938	 -2526.51025	  47251.21875	 -47245.3125
 1996	 -38170.89844	 -2546.63037	  47304.20313	 -47298.29688
 2000	 -37712.10938	 -2526.51025	  47251.21875	 -47245.3125
 2001	 -37313.07813	 -2468.42749	  46803.31641	 -46797.41016
 1998	 -37776.51563	 -2487.16333	  46855.07031	 -46849.16406
 2000	 -37712.10938	 -2526.51025	  47251.21875	 -47245.3125
 1999	 -38104.41016	 -2585.95703	  47700.12891	 -47694.22266
 2002	 -37647.67578	 -2565.85742	  47647.37891	 -47641.47266
 2001	 -37313.07813	 -2468.42749	  46803.31641	 -46797.41016
 2000	 -37712.10938	 -2526.51025	  47251.21875	 -47245.3125
 2003	 -37250.82422	 -2507.79736	  47199.72266	 -47193.81641
 2002	 -37647.67578	 -2565.85742	  47647.37891	 -47641.47266
 2003	 -37250.82422	 -2507.79736	  47199.72266	 -47193.81641
 2000	 -37712.10938	 -2526.51025	  47251.21875	 -47245.3125
 2003	 -37250.82422	 -2507.79736	  47199.72266	 -47193.81641
 2004	 -36847.57031	 -2451.21265	  46753.16797	 -46747.26172
 2001	 -37313.07813	 -2468.42749	  46803.31641	 -46797.41016
 2003	 -37250.82422	 -2507.79736	  47199.72266	 -47193.81641
 2002	 -37647.67578	 -2565.85742	  47647.37891	 -47641.47266
 2005	 -37188.59375	 -2547.17139	  47596.12109	 -47590.21484
 2004	 -36847.57031	 -2451.21265	  46753.16797	 -46747.26172
 2003	 -37250.82422	 -2507.79736	  47199.72266	 -47193.81641
 2006	 -36787.55469	 -2490.60815	  47149.80469	 -47143.89844
 2005	 -37188.59375	 -2547.17139	  47596.12109	 -47590.21484
 2006	 -36787.55469	 -2490.60815	  47149.80469	 -47143.89844
 2003	 -37250.82422	 -2507.79736	  47199.72266	 -47193.81641
 2006	 -36787.55469	 -2490.60815	  47149.80469	 -47143.89844
 2007	 -36380.36328	 -2435.64038	  46704.73438	 -46698.82813
 2004	 -36847.57031	 -2451.21265	  46753.16797	 -46747.26172
 2006	 -36787.55469	 -2490.60815	  47149.80469	 -47143.89844
 2005	 -37188.59375	 -2547.17139	  47596.12109	 -47590.21484
 2008	 -36727.57031	 -2530.00586	  47546.4375	 -47540.53125
 2007	 -36380.36328	 -2435.64038	  46704.73438	 -46698.82813
 2006	 -36787.55469	 -2490.60815	  47149.80469	 -47143.89844
 2009	 -36322.73828	 -2475.06323	  47101.625	 -47095.71875
 2008	 -36727.57031	 -2530.00586	  47546.4375	 -47540.53125
 2009	 -36322.73828	 -2475.06323	  47101.625	 -47095.71875
 2006	 -36787.55469	 -2490.60815	  47149.80469	 -47143.89844
 2009	 -36322.73828	 -2475.06323	  47101.625	 -47095.71875
 2010	 -35905.82813	 -2421.66211	  46657.57813	 -46651.67188
 2007	 -36380.36328	 -2435.64038	  46704.73438	 -46698.82813
 2009	 -36322.73828	 -2475.06323	  47101.625	 -47095.71875
 2008	 -36727.57031	 -2530.00586	  47546.4375	 -47540.53125
 2011	 -36265.05859	 -2514.48242	  47498.49609	 -47492.58984
 2010	 -35905.82813	 -2421.66211	  46657.57813	 -46651.67188
 2009	 -36322.73828	 -2475.06323	  47101.625	 -47095.71875
 2012	 -35850.67188	 -2461.1123	  47054.71094	 -47048.80469
 2011	 -36265.05859	 -2514.48242	  47498.49609	 -47492.58984
 2012	 -35850.67188	 -2461.1123	  47054.71094	 -47048.80469
 2009	 -36322.73828	 -2475.06323	  47101.625	 -47095.71875
 2012	 -35850.67188	 -2461.1123	  47054.71094	 -47048.80469
 2011	 -36265.05859	 -2514.48242	  47498.49609	 -47492.58984
 2013	 -35795.50391	 -2500.55859	  47451.85938	 -47445.95313
 2014	 -41287.12109	 -2717.58936	  47706.21484	 -47700.30859
 2015	 -40932.95313	 -2651.57837	  47251.85547	 -47245.94922
 2016	 -41366.26563	 -2678.43262	  47311.93359	 -47306.02734
 2015	 -40932.95313	 -2651.57837	  47251.85547	 -47245.94922
 2014	 -41287.12109	 -2717.58936	  47706.21484	 -47700.30859
 2017	 -40855.44141	 -2690.75513	  47646.35547	 -47640.44922
 2018	 -41207.99219	 -2756.7478	  48100.48438	 -48094.58203
 2017	 -40855.44141	 -2690.75513	  47646.35547	 -47640.44922
 2014	 -41287.12109	 -2717.58936	  47706.21484	 -47700.30859
 2017	 -40855.44141	 -2690.75513	  47646.35547	 -47640.44922
 2019	 -40496.73438	 -2625.46851	  47192.67188	 -47186.76563
 2015	 -40932.95313	 -2651.57837	  47251.85547	 -47245.94922
 2017	 -40855.44141	 -2690.75513	  47646.35547	 -47640.44922
 2018	 -41207.99219	 -2756.7478	  48100.48438	 -48094.58203
 2020	 -40777.96484	 -2729.93799	  48040.84375	 -48034.94141
 2019	 -40496.73438	 -2625.46851	  47192.67188	 -47186.76563
 2017	 -40855.44141	 -2690.75513	  47646.35547	 -47640.44922
 2021	 -40420.92188	 -2664.67456	  47587.42188	 -47581.51563
 2020	 -40777.96484	 -2729.93799	  48040.84375	 -48034.94141
 2021	 -40420.92188	 -2664.67456	  47587.42188	 -47581.51563
 2017	 -40855.44141	 -2690.75513	  47646.35547	 -47640.44922
 2021	 -40420.92188	 -2664.67456	  47587.42188	 -47581.51563
 2022	 -40055.29297	 -2600.05811	  47134.15234	 -47128.24609
 2019	 -40496.73438	 -2625.46851	  47192.67188	 -47186.76563
 2021	 -40420.92188	 -2664.67456	  47587.42188	 -47581.51563
 2020	 -40777.96484	 -2729.93799	  48040.84375	 -48034.94141
 2023	 -40345.09375	 -2703.87793	  47982.16016	 -47976.25781
 2022	 -40055.29297	 -2600.05811	  47134.15234	 -47128.24609
 2021	 -40420.92188	 -2664.67456	  47587.42188	 -47581.51563
 2024	 -39981.20313	 -2639.28735	  47529.12891	 -47523.22266
 2023	 -40345.09375	 -2703.87793	  47982.16016	 -47976.25781
 2024	 -39981.20313	 -2639.28735	  47529.12891	 -47523.22266
 2021	 -40420.92188	 -2664.67456	  47587.42188	 -47581.51563
 2024	 -39981.20313	 -2639.28735	  47529.12891	 -47523.22266
 2025	 -39609.11328	 -2575.45898	  47076.44922	 -47070.54297
 2022	 -40055.29297	 -2600.05811	  47134.15234	 -47128.24609
 2024	 -39981.20313	 -2639.28735	  47529.12891	 -47523.22266
 2023	 -40345.09375	 -2703.87793	  47982.16016	 -47976.25781
 2026	 -39907.125	 -2678.51245	  47924.08594	 -47918.18359
 2025	 -39609.11328	 -2575.45898	  47076.44922	 -47070.54297
 2024	 -39981.20313	 -2639.28735	  47529.12891	 -47523.22266
 2027	 -39536.8125	 -2614.71118	  47471.64844	 -47465.74219
 2026	 -39907.125	 -2678.51245	  47924.08594	 -47918.18359
 2027	 -39536.8125	 -2614.71118	  47471.64844	 -47465.74219
 2024	 -39981.20313	 -2639.28735	  47529.12891	 -47523.22266
 2027	 -39536.8125	 -2614.71118	  47471.64844	 -47465.74219
 2028	 -39158.58203	 -2551.7876	  47019.64063	 -47013.73438
 2025	 -39609.11328	 -2575.45898	  47076.44922	 -47070.54297
 2027	 -39536.8125	 -2614.71118	  47471.64844	 -47465.74219
 2026	 -39907.125	 -2678.51245	  47924.08594	 -47918.18359
 2029	 -39464.54297	 -2653.9646	  47866.87109	 -47860.96875
 2028	 -39158.58203	 -2551.7876	  47019.64063	 -47013.73438
 2027	 -39536.8125	 -2614.71118	  47471.64844	 -47465.74219
 2030	 -39088.12891	 -2591.06641	  47415.08594	 -47409.17969
 2029	 -39464.54297	 -2653.9646	  47866.87109	 -47860.96875
 2030	 -39088.12891	 -2591.06641	  47415.08594	 -47409.17969
 2027	 -39536.8125	 -2614.71118	  47471.64844	 -47465.74219
 2030	 -39088.12891	 -2591.06641	  47415.08594	 -47409.17969
 2031	 -38698.25	 -2528.8833	  46963.17969	 -46957.27344
 2028	 -39158.58203	 -2551.7876	  47019.64063	 -47013.73438
 2030	 -39088.12891	 -2591.06641	  47415.08594	 -47409.17969
 2029	 -39464.54297	 -2653.9646	  47866.87109	 -47860.96875
 2032	 -39017.69531	 -2630.33569	  47810.49219	 -47804.58594
 2031	 -38698.25	 -2528.8833	  46963.17969	 -46957.27344
 2030	 -39088.12891	 -2591.06641	  47415.08594	 -47409.17969
 2033	 -38629.76563	 -2568.17822	  47358.84375	 -47352.9375
 2032	 -39017.69531	 -2630.33569	  47810.49219	 -47804.58594
 2033	 -38629.76563	 -2568.17822	  47358.84375	 -47352.9375
 2030	 -39088.12891	 -2591.06641	  47415.08594	 -47409.17969
 2033	 -38629.76563	 -2568.17822	  47358.84375	 -47352.9375
 2032	 -39017.69531	 -2630.33569	  47810.49219	 -47804.58594
 2034	 -38561.23828	 -2607.47876	  47754.53125	 -47748.625
 2035	 -43725.04688	 -2883.5415	  48067.69141	 -48061.78906
 2036	 -43423.46484	 -2816.69409	  47614.33594	 -47608.42969
 2037	 -43813.04688	 -2844.51611	  47674.75391	 -47668.84766
 2036	 -43423.46484	 -2816.69409	  47614.33594	 -47608.42969
 2035	 -43725.04688	 -2883.5415	  48067.69141	 -48061.78906
 2038	 -43336.87109	 -2855.74023	  48007.50391	 -48001.60156
 2039	 -43637.07422	 -2922.56665	  48460.65625	 -48454.75391
 2038	 -43336.87109	 -2855.74023	  48007.50391	 -48001.60156
 2035	 -43725.04688	 -2883.5415	  48067.69141	 -48061.78906
 2038	 -43336.87109	 -2855.74023	  48007.50391	 -48001.60156
 2040	 -43028.03516	 -2788.91187	  47554.05469	 -47548.14844
 2036	 -43423.46484	 -2816.69409	  47614.33594	 -47608.42969
 2038	 -43336.87109	 -2855.74023	  48007.50391	 -48001.60156
 2039	 -43637.07422	 -2922.56665	  48460.65625	 -48454.75391
 2041	 -43250.29297	 -2894.78662	  48400.6875	 -48394.78516
 2040	 -43028.03516	 -2788.91187	  47554.05469	 -47548.14844
 2038	 -43336.87109	 -2855.74023	  48007.50391	 -48001.60156
 2042	 -42942.84766	 -2827.97852	  47947.42969	 -47941.52734
 2041	 -43250.29297	 -2894.78662	  48400.6875	 -48394.78516
 2042	 -42942.84766	 -2827.97852	  47947.42969	 -47941.52734
 2038	 -43336.87109	 -2855.74023	  48007.50391	 -48001.60156
 2042	 -42942.84766	 -2827.97852	  47947.42969	 -47941.52734
 2043	 -42624.73047	 -2761.11206	  47493.59375	 -47487.6875
 2040	 -43028.03516	 -2788.91187	  47554.05469	 -47548.14844
 2042	 -42942.84766	 -2827.97852	  47947.42969	 -47941.52734
 2041	 -43250.29297	 -2894.78662	  48400.6875	 -48394.78516
 2044	 -42857.66797	 -2867.04834	  48340.82031	 -48334.91797
 2043	 -42624.73047	 -2761.11206	  47493.59375	 -47487.6875
 2042	 -42942.84766	 -2827.97852	  47947.42969	 -47941.52734
 2045	 -42540.96094	 -2800.20239	  47887.21094	 -47881.30859
 2044	 -42857.66797	 -2867.04834	  48340.82031	 -48334.91797
 2045	 -42540.96094	 -2800.20239	  47887.21094	 -47881.30859
 2042	 -42942.84766	 -2827.97852	  47947.42969	 -47941.52734
 2045	 -42540.96094	 -2800.20239	  47887.21094	 -47881.30859
 2046	 -42213.96094	 -2733.41309	  47433.16016	 -47427.25391
 2043	 -42624.73047	 -2761.11206	  47493.59375	 -47487.6875
 2045	 -42540.96094	 -2800.20239	  47887.21094	 -47881.30859
 2044	 -42857.66797	 -2867.04834	  48340.82031	 -48334.91797
 2047	 -42457.20313	 -2839.29443	  48280.81641	 -48274.91406
 2046	 -42213.96094	 -2733.41309	  47433.16016	 -47427.25391
 2045	 -42540.96094	 -2800.20239	  47887.21094	 -47881.30859
 2048	 -42131.67188	 -2772.52417	  47826.95703	 -47821.05078
 2047	 -42457.20313	 -2839.29443	  48280.81641	 -48274.91406
 2048	 -42131.67188	 -2772.52417	  47826.95703	 -47821.05078
 2045	 -42540.96094	 -2800.20239	  47887.21094	 -47881.30859
 2048	 -42131.67188	 -2772.52417	  47826.95703	 -47821.05078
 2049	 -41796.19922	 -2705.92676	  47372.80078	 -47366.89453
 2046	 -42213.96094	 -2733.41309	  47433.16016	 -47427.25391
 2048	 -42131.67188	 -2772.52417	  47826.95703	 -47821.05078
 2047	 -42457.20313	 -2839.29443	  48280.81641	 -48274.91406
 2050	 -42049.40234	 -2811.63574	  48220.80859	 -48214.90625
 2049	 -41796.19922	 -2705.92676	  47372.80078	 -47366.89453
 2048	 -42131.67188	 -2772.52417	  47826.95703	 -47821.05078
 2051	 -41715.4375	 -2745.06274	  47766.85156	 -47760.94531
 2050	 -42049.40234	 -2811.63574	  48220.80859	 -48214.90625
 2051	 -41715.4375	 -2745.06274	  47766.85156	 -47760.94531
 2048	 -42131.67188	 -2772.52417	  47826.95703	 -47821.05078
 2051	 -41715.4375	 -2745.06274	  47766.85156	 -47760.94531
 2052	 -41366.26563	 -2678.43262	  47311.93359	 -47306.02734
 2049	 -41796.19922	 -2705.92676	  47372.80078	 -47366.89453
 2051	 -41715.4375	 -2745.06274	  47766.85156	 -47760.94531
 2050	 -42049.40234	 -2811.63574	  48220.80859	 -48214.90625
 2053	 -41634.68359	 -2784.198	  48160.88281	 -48154.98047
 2052	 -41366.26563	 -2678.43262	  47311.93359	 -47306.02734
 2051	 -41715.4375	 -2745.06274	  47766.85156	 -47760.94531
 2054	 -41287.12109	 -2717.58936	  47706.21484	 -47700.30859
 2053	 -41634.68359	 -2784.198	  48160.88281	 -48154.98047
 2054	 -41287.12109	 -2717.58936	  47706.21484	 -47700.30859
 2051	 -41715.4375	 -2745.06274	  47766.85156	 -47760.94531
 2054	 -41287.12109	 -2717.58936	  47706.21484	 -47700.30859
 2053	 -41634.68359	 -2784.198	  48160.88281	 -48154.98047
 2055	 -41207.99219	 -2756.7478	  48100.48438	 -48094.58203
 2056	 -45845.81641	 -3040.2395	  48414.20313	 -48408.30078
 2057	 -45611.87891	 -2976.85767	  47966.64844	 -47960.74609
 2058	 -45941.55078	 -3001.34302	  48022.51953	 -48016.61719
 2057	 -45611.87891	 -2976.85767	  47966.64844	 -47960.74609
 2056	 -45845.81641	 -3040.2395	  48414.20313	 -48408.30078
 2059	 -45517.42969	 -3015.77979	  48358.55469	 -48352.65234
 2060	 -45750.08203	 -3079.1333	  48805.88281	 -48799.98047
 2059	 -45517.42969	 -3015.77979	  48358.55469	 -48352.65234
 2056	 -45845.81641	 -3040.2395	  48414.20313	 -48408.30078
 2059	 -45517.42969	 -3015.77979	  48358.55469	 -48352.65234
 2061	 -45273.35938	 -2951.68823	  47910.07422	 -47904.17188
 2057	 -45611.87891	 -2976.85767	  47966.64844	 -47960.74609
 2059	 -45517.42969	 -3015.77979	  48358.55469	 -48352.65234
 2060	 -45750.08203	 -3079.1333	  48805.88281	 -48799.98047
 2062	 -45422.98047	 -3054.69629	  48750.44531	 -48744.54297
 2061	 -45273.35938	 -2951.68823	  47910.07422	 -47904.17188
 2059	 -45517.42969	 -3015.77979	  48358.55469	 -48352.65234
 2063	 -45180.15625	 -2990.63037	  48302.1875	 -48296.28516
 2062	 -45422.98047	 -3054.69629	  48750.44531	 -48744.54297
 2063	 -45180.15625	 -2990.63037	  48302.1875	 -48296.28516
 2059	 -45517.42969	 -3015.77979	  48358.55469	 -48352.65234
 2063	 -45180.15625	 -2990.63037	  48302.1875	 -48296.28516
 2064	 -44924.28516	 -2925.78345	  47852.53125	 -47846.625
 2061	 -45273.35938	 -2951.68823	  47910.07422	 -47904.17188
 2063	 -45180.15625	 -2990.63037	  48302.1875	 -48296.28516
 2062	 -45422.98047	 -3054.69629	  48750.44531	 -48744.54297
 2065	 -45086.9375	 -3029.5686	  48694.28516	 -48688.38281
 2064	 -44924.28516	 -2925.78345	  47852.53125	 -47846.625
 2063	 -45180.15625	 -2990.63037	  48302.1875	 -48296.28516
 2066	 -44832.33984	 -2964.74609	  48244.84766	 -48238.94531
 2065	 -45086.9375	 -3029.5686	  48694.28516	 -48688.38281
 2066	 -44832.33984	 -2964.74609	  48244.84766	 -48238.94531
 2063	 -45180.15625	 -2990.63037	  48302.1875	 -48296.28516
 2066	 -44832.33984	 -2964.74609	  48244.84766	 -48238.94531
 2067	 -44565.05078	 -2899.26587	  47794.15625	 -47788.25
 2064	 -44924.28516	 -2925.78345	  47852.53125	 -47846.625
 2066	 -44832.33984	 -2964.74609	  48244.84766	 -48238.94531
 2065	 -45086.9375	 -3029.5686	  48694.28516	 -48688.38281
 2068	 -44740.37891	 -3003.70557	  48637.15625	 -48631.25391
 2067	 -44565.05078	 -2899.26587	  47794.15625	 -47788.25
 2066	 -44832.33984	 -2964.74609	  48244.84766	 -48238.94531
 2069	 -44474.40234	 -2938.25513	  48186.6875	 -48180.78516
 2068	 -44740.37891	 -3003.70557	  48637.15625	 -48631.25391
 2069	 -44474.40234	 -2938.25513	  48186.6875	 -48180.78516
 2066	 -44832.33984	 -2964.74609	  48244.84766	 -48238.94531
 2069	 -44474.40234	 -2938.25513	  48186.6875	 -48180.78516
 2070	 -44196.17188	 -2872.25854	  47735.11719	 -47729.21094
 2067	 -44565.05078	 -2899.26587	  47794.15625	 -47788.25
 2069	 -44474.40234	 -2938.25513	  48186.6875	 -48180.78516
 2068	 -44740.37891	 -3003.70557	  48637.15625	 -48631.25391
 2071	 -44383.71484	 -2977.23682	  48579.21484	 -48573.3125
 2070	 -44196.17188	 -2872.25854	  47735.11719	 -47729.21094
 2069	 -44474.40234	 -2938.25513	  48186.6875	 -48180.78516
 2072	 -44106.83594	 -2911.26343	  48127.85547	 -48121.95313
 2071	 -44383.71484	 -2977.23682	  48579.21484	 -48573.3125
 2072	 -44106.83594	 -2911.26343	  48127.85547	 -48121.95313
 2069	 -44474.40234	 -2938.25513	  48186.6875	 -48180.78516
 2072	 -44106.83594	 -2911.26343	  48127.85547	 -48121.95313
 2073	 -43813.04688	 -2844.51611	  47674.75391	 -47668.84766
 2070	 -44196.17188	 -2872.25854	  47735.11719	 -47729.21094
 2072	 -44106.83594	 -2911.26343	  48127.85547	 -48121.95313
 2071	 -44383.71484	 -2977.23682	  48579.21484	 -48573.3125
 2074	 -44017.42969	 -2950.26563	  48520.58984	 -48514.6875
 2073	 -43813.04688	 -2844.51611	  47674.75391	 -47668.84766
 2072	 -44106.83594	 -2911.26343	  48127.85547	 -48121.95313
 2075	 -43725.04688	 -2883.5415	  48067.69141	 -48061.78906
 2074	 -44017.42969	 -2950.26563	  48520.58984	 -48514.6875
 2075	 -43725.04688	 -2883.5415	  48067.69141	 -48061.78906
 2072	 -44106.83594	 -2911.26343	  48127.85547	 -48121.95313
 2075	 -43725.04688	 -2883.5415	  48067.69141	 -48061.78906
 2074	 -44017.42969	 -2950.26563	  48520.58984	 -48514.6875
 2076	 -43637.07422	 -2922.56665	  48460.65625	 -48454.75391
 2077	 -49518.57813	 -3493.47778	  49025.69531	 -49019.79297
 2078	 -49126.35547	 -3373.86279	  48536.57422	 -48530.67188
 2079	 -49639.26172	 -3455.07813	  48638.90234	 -48633.00
 2078	 -49126.35547	 -3373.86279	  48536.57422	 -48530.67188
 2077	 -49518.57813	 -3493.47778	  49025.69531	 -49019.79297
 2080	 -49022.49219	 -3412.60425	  48926.80469	 -48920.90234
 2081	 -49397.91406	 -3531.87549	  49412.51953	 -49406.61719
 2080	 -49022.49219	 -3412.60425	  48926.80469	 -48920.90234
 2077	 -49518.57813	 -3493.47778	  49025.69531	 -49019.79297
 2080	 -49022.49219	 -3412.60425	  48926.80469	 -48920.90234
 2082	 -48589.13672	 -3292.76343	  48443.38281	 -48437.48047
 2078	 -49126.35547	 -3373.86279	  48536.57422	 -48530.67188
 2080	 -49022.49219	 -3412.60425	  48926.80469	 -48920.90234
 2081	 -49397.91406	 -3531.87549	  49412.51953	 -49406.61719
 2083	 -48918.65234	 -3451.3457	  49317.03516	 -49311.13281
 2082	 -48589.13672	 -3292.76343	  48443.38281	 -48437.48047
 2080	 -49022.49219	 -3412.60425	  48926.80469	 -48920.90234
 2084	 -48496.07813	 -3331.69751	  48835.51172	 -48829.60938
 2083	 -48918.65234	 -3451.3457	  49317.03516	 -49311.13281
 2084	 -48496.07813	 -3331.69751	  48835.51172	 -48829.60938
 2080	 -49022.49219	 -3412.60425	  48926.80469	 -48920.90234
 2084	 -48496.07813	 -3331.69751	  48835.51172	 -48829.60938
 2085	 -48014.04688	 -3213.14673	  48351.98828	 -48346.08594
 2082	 -48589.13672	 -3292.76343	  48443.38281	 -48437.48047
 2084	 -48496.07813	 -3331.69751	  48835.51172	 -48829.60938
 2083	 -48918.65234	 -3451.3457	  49317.03516	 -49311.13281
 2086	 -48402.99609	 -3370.62939	  49227.64453	 -49221.74219
 2085	 -48014.04688	 -3213.14673	  48351.98828	 -48346.08594
 2084	 -48496.07813	 -3331.69751	  48835.51172	 -48829.60938
 2087	 -47926.21484	 -3252.1626	  48744.98438	 -48739.08203
 2086	 -48402.99609	 -3370.62939	  49227.64453	 -49221.74219
 2087	 -47926.21484	 -3252.1626	  48744.98438	 -48739.08203
 2084	 -48496.07813	 -3331.69751	  48835.51172	 -48829.60938
 2087	 -47926.21484	 -3252.1626	  48744.98438	 -48739.08203
 2088	 -47390.19141	 -3136.89478	  48255.93359	 -48250.03125
 2085	 -48014.04688	 -3213.14673	  48351.98828	 -48346.08594
 2087	 -47926.21484	 -3252.1626	  48744.98438	 -48739.08203
 2086	 -48402.99609	 -3370.62939	  49227.64453	 -49221.74219
 2089	 -47838.33594	 -3291.18042	  49137.94531	 -49132.04297
 2088	 -47390.19141	 -3136.89478	  48255.93359	 -48250.03125
 2087	 -47926.21484	 -3252.1626	  48744.98438	 -48739.08203
 2090	 -47302.90625	 -3175.92065	  48649.00	 -48643.09766
 2089	 -47838.33594	 -3291.18042	  49137.94531	 -49132.04297
 2090	 -47302.90625	 -3175.92065	  48649.00	 -48643.09766
 2087	 -47926.21484	 -3252.1626	  48744.98438	 -48739.08203
 2090	 -47302.90625	 -3175.92065	  48649.00	 -48643.09766
 2091	 -46706.44922	 -3065.91382	  48148.8125	 -48142.91016
 2088	 -47390.19141	 -3136.89478	  48255.93359	 -48250.03125
 2090	 -47302.90625	 -3175.92065	  48649.00	 -48643.09766
 2089	 -47838.33594	 -3291.18042	  49137.94531	 -49132.04297
 2092	 -47215.61328	 -3214.9502	  49042.07813	 -49036.17578
 2091	 -46706.44922	 -3065.91382	  48148.8125	 -48142.91016
 2090	 -47302.90625	 -3175.92065	  48649.00	 -48643.09766
 2093	 -46616.19141	 -3104.89746	  48541.41016	 -48535.50781
 2092	 -47215.61328	 -3214.9502	  49042.07813	 -49036.17578
 2093	 -46616.19141	 -3104.89746	  48541.41016	 -48535.50781
 2090	 -47302.90625	 -3175.92065	  48649.00	 -48643.09766
 2093	 -46616.19141	 -3104.89746	  48541.41016	 -48535.50781
 2094	 -45941.55078	 -3001.34302	  48022.51953	 -48016.61719
 2091	 -46706.44922	 -3065.91382	  48148.8125	 -48142.91016
 2093	 -46616.19141	 -3104.89746	  48541.41016	 -48535.50781
 2092	 -47215.61328	 -3214.9502	  49042.07813	 -49036.17578
 2095	 -46525.92188	 -3143.87598	  48933.98047	 -48928.07813
 2094	 -45941.55078	 -3001.34302	  48022.51953	 -48016.61719
 2093	 -46616.19141	 -3104.89746	  48541.41016	 -48535.50781
 2096	 -45845.81641	 -3040.2395	  48414.20313	 -48408.30078
 2095	 -46525.92188	 -3143.87598	  48933.98047	 -48928.07813
 2096	 -45845.81641	 -3040.2395	  48414.20313	 -48408.30078
 2093	 -46616.19141	 -3104.89746	  48541.41016	 -48535.50781
 2096	 -45845.81641	 -3040.2395	  48414.20313	 -48408.30078
 2095	 -46525.92188	 -3143.87598	  48933.98047	 -48928.07813
 2097	 -45750.08203	 -3079.1333	  48805.88281	 -48799.98047
 2098	 -52342.52344	 -3857.24951	  50115.59375	 -50109.69531
 2099	 -52084.83984	 -3786.25171	  49500.93359	 -49495.03125
 2100	 -52612.08984	 -3824.10571	  49783.11328	 -49777.21094
 2099	 -52084.83984	 -3786.25171	  49500.93359	 -49495.03125
 2098	 -52342.52344	 -3857.24951	  50115.59375	 -50109.69531
 2101	 -51837.05078	 -3820.13379	  49842.54297	 -49836.64453
 2102	 -52074.74219	 -3890.17236	  50445.87891	 -50439.98047
 2101	 -51837.05078	 -3820.13379	  49842.54297	 -49836.64453
 2098	 -52342.52344	 -3857.24951	  50115.59375	 -50109.69531
 2101	 -51837.05078	 -3820.13379	  49842.54297	 -49836.64453
 2103	 -51585.21484	 -3736.54272	  49262.58594	 -49256.68359
 2099	 -52084.83984	 -3786.25171	  49500.93359	 -49495.03125
 2101	 -51837.05078	 -3820.13379	  49842.54297	 -49836.64453
 2102	 -52074.74219	 -3890.17236	  50445.87891	 -50439.98047
 2104	 -51589.23438	 -3854.01196	  50184.13672	 -50178.23828
 2103	 -51585.21484	 -3736.54272	  49262.58594	 -49256.68359
 2101	 -51837.05078	 -3820.13379	  49842.54297	 -49836.64453
 2105	 -51361.42188	 -3771.56445	  49615.64063	 -49609.73828
 2104	 -51589.23438	 -3854.01196	  50184.13672	 -50178.23828
 2105	 -51361.42188	 -3771.56445	  49615.64063	 -49609.73828
 2101	 -51837.05078	 -3820.13379	  49842.54297	 -49836.64453
 2105	 -51361.42188	 -3771.56445	  49615.64063	 -49609.73828
 2106	 -51099.31641	 -3676.66797	  49062.75	 -49056.84766
 2103	 -51585.21484	 -3736.54272	  49262.58594	 -49256.68359
 2105	 -51361.42188	 -3771.56445	  49615.64063	 -49609.73828
 2104	 -51589.23438	 -3854.01196	  50184.13672	 -50178.23828
 2107	 -51137.64063	 -3806.59424	  49968.70703	 -49962.80859
 2106	 -51099.31641	 -3676.66797	  49062.75	 -49056.84766
 2105	 -51361.42188	 -3771.56445	  49615.64063	 -49609.73828
 2108	 -50902.31641	 -3712.79663	  49426.88281	 -49420.98047
 2107	 -51137.64063	 -3806.59424	  49968.70703	 -49962.80859
 2108	 -50902.31641	 -3712.79663	  49426.88281	 -49420.98047
 2105	 -51361.42188	 -3771.56445	  49615.64063	 -49609.73828
 2108	 -50902.31641	 -3712.79663	  49426.88281	 -49420.98047
 2109	 -50619.15234	 -3608.64893	  48896.19922	 -48890.29688
 2106	 -51099.31641	 -3676.66797	  49062.75	 -49056.84766
 2108	 -50902.31641	 -3712.79663	  49426.88281	 -49420.98047
 2107	 -51137.64063	 -3806.59424	  49968.70703	 -49962.80859
 2110	 -50705.33203	 -3748.92529	  49790.96094	 -49785.05859
 2109	 -50619.15234	 -3608.64893	  48896.19922	 -48890.29688
 2108	 -50902.31641	 -3712.79663	  49426.88281	 -49420.98047
 2111	 -50449.82031	 -3645.74536	  49269.96875	 -49264.06641
 2110	 -50705.33203	 -3748.92529	  49790.96094	 -49785.05859
 2111	 -50449.82031	 -3645.74536	  49269.96875	 -49264.06641
 2108	 -50902.31641	 -3712.79663	  49426.88281	 -49420.98047
 2111	 -50449.82031	 -3645.74536	  49269.96875	 -49264.06641
 2112	 -50137.15625	 -3534.48535	  48757.37109	 -48751.46875
 2109	 -50619.15234	 -3608.64893	  48896.19922	 -48890.29688
 2111	 -50449.82031	 -3645.74536	  49269.96875	 -49264.06641
 2110	 -50705.33203	 -3748.92529	  49790.96094	 -49785.05859
 2113	 -50280.52734	 -3682.84082	  49643.74609	 -49637.84375
 2112	 -50137.15625	 -3534.48535	  48757.37109	 -48751.46875
 2111	 -50449.82031	 -3645.74536	  49269.96875	 -49264.06641
 2114	 -49993.98047	 -3572.34204	  49138.77344	 -49132.87109
 2113	 -50280.52734	 -3682.84082	  49643.74609	 -49637.84375
 2114	 -49993.98047	 -3572.34204	  49138.77344	 -49132.87109
 2111	 -50449.82031	 -3645.74536	  49269.96875	 -49264.06641
 2114	 -49993.98047	 -3572.34204	  49138.77344	 -49132.87109
 2115	 -49639.26172	 -3455.07813	  48638.90234	 -48633.00
 2112	 -50137.15625	 -3534.48535	  48757.37109	 -48751.46875
 2114	 -49993.98047	 -3572.34204	  49138.77344	 -49132.87109
 2113	 -50280.52734	 -3682.84082	  49643.74609	 -49637.84375
 2116	 -49850.79688	 -3610.19702	  49520.12891	 -49514.22656
 2115	 -49639.26172	 -3455.07813	  48638.90234	 -48633.00
 2114	 -49993.98047	 -3572.34204	  49138.77344	 -49132.87109
 2117	 -49518.57813	 -3493.47778	  49025.69531	 -49019.79297
 2116	 -49850.79688	 -3610.19702	  49520.12891	 -49514.22656
 2117	 -49518.57813	 -3493.47778	  49025.69531	 -49019.79297
 2114	 -49993.98047	 -3572.34204	  49138.77344	 -49132.87109
 2117	 -49518.57813	 -3493.47778	  49025.69531	 -49019.79297
 2116	 -49850.79688	 -3610.19702	  49520.12891	 -49514.22656
 2118	 -49397.91406	 -3531.87549	  49412.51953	 -49406.61719
 2119	 -57931.375	 -4136.95215	  53641.85156	 -53635.95703
 2120	 -57963.03906	 -4101.63379	  53086.20703	 -53080.3125
 2121	 -58284.29297	 -4110.34961	  53372.96484	 -53367.07031
 2120	 -57963.03906	 -4101.63379	  53086.20703	 -53080.3125
 2119	 -57931.375	 -4136.95215	  53641.85156	 -53635.95703
 2122	 -57621.25	 -4129.23047	  53365.01953	 -53359.125
 2123	 -57578.47266	 -4163.56055	  53910.76953	 -53904.87891
 2122	 -57621.25	 -4129.23047	  53365.01953	 -53359.125
 2119	 -57931.375	 -4136.95215	  53641.85156	 -53635.95703
 2122	 -57621.25	 -4129.23047	  53365.01953	 -53359.125
 2124	 -57631.14453	 -4091.5144	  52810.02344	 -52804.12891
 2120	 -57963.03906	 -4101.63379	  53086.20703	 -53080.3125
 2122	 -57621.25	 -4129.23047	  53365.01953	 -53359.125
 2123	 -57578.47266	 -4163.56055	  53910.76953	 -53904.87891
 2125	 -57279.45703	 -4156.8291	  53643.82422	 -53637.92969
 2124	 -57631.14453	 -4091.5144	  52810.02344	 -52804.12891
 2122	 -57621.25	 -4129.23047	  53365.01953	 -53359.125
 2126	 -57301.58203	 -4120.12939	  53098.99609	 -53093.10156
 2125	 -57279.45703	 -4156.8291	  53643.82422	 -53637.92969
 2126	 -57301.58203	 -4120.12939	  53098.99609	 -53093.10156
 2122	 -57621.25	 -4129.23047	  53365.01953	 -53359.125
 2126	 -57301.58203	 -4120.12939	  53098.99609	 -53093.10156
 2127	 -57285.94922	 -4079.45703	  52543.44922	 -52537.55469
 2124	 -57631.14453	 -4091.5144	  52810.02344	 -52804.12891
 2126	 -57301.58203	 -4120.12939	  53098.99609	 -53093.10156
 2125	 -57279.45703	 -4156.8291	  53643.82422	 -53637.92969
 2128	 -56971.98047	 -4148.74121	  53387.96094	 -53382.06641
 2127	 -57285.94922	 -4079.45703	  52543.44922	 -52537.55469
 2126	 -57301.58203	 -4120.12939	  53098.99609	 -53093.10156
 2129	 -56969.76953	 -4109.10986	  52842.78516	 -52836.89063
 2128	 -56971.98047	 -4148.74121	  53387.96094	 -53382.06641
 2129	 -56969.76953	 -4109.10986	  52842.78516	 -52836.89063
 2126	 -57301.58203	 -4120.12939	  53098.99609	 -53093.10156
 2129	 -56969.76953	 -4109.10986	  52842.78516	 -52836.89063
 2130	 -56926.79688	 -4064.98267	  52287.32813	 -52281.43359
 2127	 -57285.94922	 -4079.45703	  52543.44922	 -52537.55469
 2129	 -56969.76953	 -4109.10986	  52842.78516	 -52836.89063
 2128	 -56971.98047	 -4148.74121	  53387.96094	 -53382.06641
 2131	 -56653.62891	 -4138.76367	  53142.12109	 -53136.22656
 2130	 -56926.79688	 -4064.98267	  52287.32813	 -52281.43359
 2129	 -56969.76953	 -4109.10986	  52842.78516	 -52836.89063
 2132	 -56625.31641	 -4095.68091	  52597.08984	 -52591.19531
 2131	 -56653.62891	 -4138.76367	  53142.12109	 -53136.22656
 2132	 -56625.31641	 -4095.68091	  52597.08984	 -52591.19531
 2129	 -56969.76953	 -4109.10986	  52842.78516	 -52836.89063
 2132	 -56625.31641	 -4095.68091	  52597.08984	 -52591.19531
 2133	 -56553.11328	 -4047.60645	  52042.46094	 -52036.56641
 2130	 -56926.79688	 -4064.98267	  52287.32813	 -52281.43359
 2132	 -56625.31641	 -4095.68091	  52597.08984	 -52591.19531
 2131	 -56653.62891	 -4138.76367	  53142.12109	 -53136.22656
 2134	 -56323.86719	 -4126.38086	  52906.89844	 -52901.00391
 2133	 -56553.11328	 -4047.60645	  52042.46094	 -52036.56641
 2132	 -56625.31641	 -4095.68091	  52597.08984	 -52591.19531
 2135	 -56267.52734	 -4079.34839	  52362.68359	 -52356.78906
 2134	 -56323.86719	 -4126.38086	  52906.89844	 -52901.00391
 2135	 -56267.52734	 -4079.34839	  52362.68359	 -52356.78906
 2132	 -56625.31641	 -4095.68091	  52597.08984	 -52591.19531
 2135	 -56267.52734	 -4079.34839	  52362.68359	 -52356.78906
 2136	 -56160.00	 -4026.77368	  51805.78906	 -51799.89453
 2133	 -56553.11328	 -4047.60645	  52042.46094	 -52036.56641
 2135	 -56267.52734	 -4079.34839	  52362.68359	 -52356.78906
 2134	 -56323.86719	 -4126.38086	  52906.89844	 -52901.00391
 2137	 -55981.99609	 -4111.08936	  52682.90234	 -52677.00781
 2136	 -56160.00	 -4026.77368	  51805.78906	 -51799.89453
 2135	 -56267.52734	 -4079.34839	  52362.68359	 -52356.78906
 2138	 -55891.01563	 -4059.84229	  52137.52344	 -52131.62891
 2137	 -55981.99609	 -4111.08936	  52682.90234	 -52677.00781
 2138	 -55891.01563	 -4059.84229	  52137.52344	 -52131.62891
 2135	 -56267.52734	 -4079.34839	  52362.68359	 -52356.78906
 2138	 -55891.01563	 -4059.84229	  52137.52344	 -52131.62891
 2137	 -55981.99609	 -4111.08936	  52682.90234	 -52677.00781
 2139	 -55622.03125	 -4092.91309	  52469.28125	 -52463.38672
 2140	 -59576.94141	 -4180.9209	  55446.59375	 -55440.70313
 2141	 -59716.64453	 -4148.97412	  54904.22656	 -54898.33594
 2142	 -59975.24609	 -4159.22803	  55226.70313	 -55220.8125
 2141	 -59716.64453	 -4148.97412	  54904.22656	 -54898.33594
 2140	 -59576.94141	 -4180.9209	  55446.59375	 -55440.70313
 2143	 -59323.75	 -4171.34424	  55130.85156	 -55124.96094
 2144	 -59178.67188	 -4202.61279	  55666.44531	 -55660.55469
 2143	 -59323.75	 -4171.34424	  55130.85156	 -55124.96094
 2140	 -59576.94141	 -4180.9209	  55446.59375	 -55440.70313
 2143	 -59323.75	 -4171.34424	  55130.85156	 -55124.96094
 2145	 -59451.01172	 -4140.26953	  54587.75	 -54581.85938
 2141	 -59716.64453	 -4148.97412	  54904.22656	 -54898.33594
 2143	 -59323.75	 -4171.34424	  55130.85156	 -55124.96094
 2144	 -59178.67188	 -4202.61279	  55666.44531	 -55660.55469
 2146	 -58930.88281	 -4193.70898	  55357.46875	 -55351.57813
 2145	 -59451.01172	 -4140.26953	  54587.75	 -54581.85938
 2143	 -59323.75	 -4171.34424	  55130.85156	 -55124.96094
 2147	 -59064.26563	 -4163.37451	  54821.70703	 -54815.81641
 2146	 -58930.88281	 -4193.70898	  55357.46875	 -55351.57813
 2147	 -59064.26563	 -4163.37451	  54821.70703	 -54815.81641
 2143	 -59323.75	 -4171.34424	  55130.85156	 -55124.96094
 2147	 -59064.26563	 -4163.37451	  54821.70703	 -54815.81641
 2148	 -59176.00391	 -4132.55371	  54275.99609	 -54270.10547
 2145	 -59451.01172	 -4140.26953	  54587.75	 -54581.85938
 2147	 -59064.26563	 -4163.37451	  54821.70703	 -54815.81641
 2146	 -58930.88281	 -4193.70898	  55357.46875	 -55351.57813
 2149	 -58677.53125	 -4186.47314	  55055.625	 -55049.73438
 2148	 -59176.00391	 -4132.55371	  54275.99609	 -54270.10547
 2147	 -59064.26563	 -4163.37451	  54821.70703	 -54815.81641
 2150	 -58796.27734	 -4156.44971	  54517.84766	 -54511.95703
 2149	 -58677.53125	 -4186.47314	  55055.625	 -55049.73438
 2150	 -58796.27734	 -4156.44971	  54517.84766	 -54511.95703
 2147	 -59064.26563	 -4163.37451	  54821.70703	 -54815.81641
 2150	 -58796.27734	 -4156.44971	  54517.84766	 -54511.95703
 2151	 -58891.05078	 -4125.33936	  53969.71094	 -53963.82031
 2148	 -59176.00391	 -4132.55371	  54275.99609	 -54270.10547
 2150	 -58796.27734	 -4156.44971	  54517.84766	 -54511.95703
 2149	 -58677.53125	 -4186.47314	  55055.625	 -55049.73438
 2152	 -58416.54688	 -4180.3457	  54759.70313	 -54753.8125
 2151	 -58891.05078	 -4125.33936	  53969.71094	 -53963.82031
 2150	 -58796.27734	 -4156.44971	  54517.84766	 -54511.95703
 2153	 -58519.17969	 -4150.08643	  54220.05078	 -54214.16016
 2152	 -58416.54688	 -4180.3457	  54759.70313	 -54753.8125
 2153	 -58519.17969	 -4150.08643	  54220.05078	 -54214.16016
 2150	 -58796.27734	 -4156.44971	  54517.84766	 -54511.95703
 2153	 -58519.17969	 -4150.08643	  54220.05078	 -54214.16016
 2154	 -58595.36719	 -4118.13574	  53669.67578	 -53663.78125
 2151	 -58891.05078	 -4125.33936	  53969.71094	 -53963.82031
 2153	 -58519.17969	 -4150.08643	  54220.05078	 -54214.16016
 2152	 -58416.54688	 -4180.3457	  54759.70313	 -54753.8125
 2155	 -58147.33594	 -4174.83057	  54470.37109	 -54464.48047
 2154	 -58595.36719	 -4118.13574	  53669.67578	 -53663.78125
 2153	 -58519.17969	 -4150.08643	  54220.05078	 -54214.16016
 2156	 -58232.41406	 -4143.78027	  53929.00391	 -53923.11328
 2155	 -58147.33594	 -4174.83057	  54470.37109	 -54464.48047
 2156	 -58232.41406	 -4143.78027	  53929.00391	 -53923.11328
 2153	 -58519.17969	 -4150.08643	  54220.05078	 -54214.16016
 2156	 -58232.41406	 -4143.78027	  53929.00391	 -53923.11328
 2157	 -58284.29297	 -4110.34961	  53372.96484	 -53367.07031
 2154	 -58595.36719	 -4118.13574	  53669.67578	 -53663.78125
 2156	 -58232.41406	 -4143.78027	  53929.00391	 -53923.11328
 2155	 -58147.33594	 -4174.83057	  54470.37109	 -54464.48047
 2158	 -57869.44531	 -4169.42383	  54188.31641	 -54182.42578
 2157	 -58284.29297	 -4110.34961	  53372.96484	 -53367.07031
 2156	 -58232.41406	 -4143.78027	  53929.00391	 -53923.11328
 2159	 -57931.375	 -4136.95215	  53641.85156	 -53635.95703
 2158	 -57869.44531	 -4169.42383	  54188.31641	 -54182.42578
 2159	 -57931.375	 -4136.95215	  53641.85156	 -53635.95703
 2156	 -58232.41406	 -4143.78027	  53929.00391	 -53923.11328
 2159	 -57931.375	 -4136.95215	  53641.85156	 -53635.95703
 2158	 -57869.44531	 -4169.42383	  54188.31641	 -54182.42578
 2160	 -57578.47266	 -4163.56055	  53910.76953	 -53904.87891
 2161	 -60958.01953	 -4298.66064	  57388.86719	 -57382.98047
 2162	 -61155.4375	 -4249.94678	  56865.18359	 -56859.29688
 2163	 -61375.25391	 -4279.60498	  57195.25391	 -57189.36719
 2162	 -61155.4375	 -4249.94678	  56865.18359	 -56859.29688
 2161	 -60958.01953	 -4298.66064	  57388.86719	 -57382.98047
 2164	 -60739.97656	 -4269.27148	  57061.46484	 -57055.57813
 2165	 -60540.78906	 -4317.71826	  57582.48438	 -57576.59766
 2164	 -60739.97656	 -4269.27148	  57061.46484	 -57055.57813
 2161	 -60958.01953	 -4298.66064	  57388.86719	 -57382.98047
 2164	 -60739.97656	 -4269.27148	  57061.46484	 -57055.57813
 2166	 -60932.20703	 -4224.92676	  56536.58594	 -56530.69922
 2162	 -61155.4375	 -4249.94678	  56865.18359	 -56859.29688
 2164	 -60739.97656	 -4269.27148	  57061.46484	 -57055.57813
 2165	 -60540.78906	 -4317.71826	  57582.48438	 -57576.59766
 2167	 -60324.51172	 -4288.5957	  57257.73828	 -57251.85156
 2166	 -60932.20703	 -4224.92676	  56536.58594	 -56530.69922
 2164	 -60739.97656	 -4269.27148	  57061.46484	 -57055.57813
 2168	 -60519.01172	 -4244.58838	  56736.22266	 -56730.33594
 2167	 -60324.51172	 -4288.5957	  57257.73828	 -57251.85156
 2168	 -60519.01172	 -4244.58838	  56736.22266	 -56730.33594
 2164	 -60739.97656	 -4269.27148	  57061.46484	 -57055.57813
 2168	 -60519.01172	 -4244.58838	  56736.22266	 -56730.33594
 2169	 -60703.53125	 -4203.85498	  56208.12891	 -56202.24219
 2166	 -60932.20703	 -4224.92676	  56536.58594	 -56530.69922
 2168	 -60519.01172	 -4244.58838	  56736.22266	 -56730.33594
 2167	 -60324.51172	 -4288.5957	  57257.73828	 -57251.85156
 2170	 -60105.80859	 -4264.24756	  56935.81641	 -56929.92969
 2169	 -60703.53125	 -4203.85498	  56208.12891	 -56202.24219
 2168	 -60519.01172	 -4244.58838	  56736.22266	 -56730.33594
 2171	 -60293.13672	 -4223.91992	  56411.76953	 -56405.88281
 2170	 -60105.80859	 -4264.24756	  56935.81641	 -56929.92969
 2171	 -60293.13672	 -4223.91992	  56411.76953	 -56405.88281
 2168	 -60519.01172	 -4244.58838	  56736.22266	 -56730.33594
 2171	 -60293.13672	 -4223.91992	  56411.76953	 -56405.88281
 2172	 -60468.82422	 -4186.22998	  55880.50781	 -55874.62109
 2169	 -60703.53125	 -4203.85498	  56208.12891	 -56202.24219
 2171	 -60293.13672	 -4223.91992	  56411.76953	 -56405.88281
 2170	 -60105.80859	 -4264.24756	  56935.81641	 -56929.92969
 2173	 -59882.75	 -4243.98096	  56615.39453	 -56609.50781
 2172	 -60468.82422	 -4186.22998	  55880.50781	 -55874.62109
 2171	 -60293.13672	 -4223.91992	  56411.76953	 -56405.88281
 2174	 -60061.78516	 -4206.77002	  56088.86719	 -56082.98047
 2173	 -59882.75	 -4243.98096	  56615.39453	 -56609.50781
 2174	 -60061.78516	 -4206.77002	  56088.86719	 -56082.98047
 2171	 -60293.13672	 -4223.91992	  56411.76953	 -56405.88281
 2174	 -60061.78516	 -4206.77002	  56088.86719	 -56082.98047
 2175	 -60227.36719	 -4171.56982	  55554.51953	 -55548.62891
 2172	 -60468.82422	 -4186.22998	  55880.50781	 -55874.62109
 2174	 -60061.78516	 -4206.77002	  56088.86719	 -56082.98047
 2173	 -59882.75	 -4243.98096	  56615.39453	 -56609.50781
 2176	 -59654.80469	 -4227.30566	  56297.21094	 -56291.32422
 2175	 -60227.36719	 -4171.56982	  55554.51953	 -55548.62891
 2174	 -60061.78516	 -4206.77002	  56088.86719	 -56082.98047
 2177	 -59824.34766	 -4192.64746	  55768.26172	 -55762.375
 2176	 -59654.80469	 -4227.30566	  56297.21094	 -56291.32422
 2177	 -59824.34766	 -4192.64746	  55768.26172	 -55762.375
 2174	 -60061.78516	 -4206.77002	  56088.86719	 -56082.98047
 2177	 -59824.34766	 -4192.64746	  55768.26172	 -55762.375
 2178	 -59975.24609	 -4159.22803	  55226.70313	 -55220.8125
 2175	 -60227.36719	 -4171.56982	  55554.51953	 -55548.62891
 2177	 -59824.34766	 -4192.64746	  55768.26172	 -55762.375
 2176	 -59654.80469	 -4227.30566	  56297.21094	 -56291.32422
 2179	 -59421.3125	 -4213.71973	  55981.98047	 -55976.09375
 2178	 -59975.24609	 -4159.22803	  55226.70313	 -55220.8125
 2177	 -59824.34766	 -4192.64746	  55768.26172	 -55762.375
 2180	 -59576.94141	 -4180.9209	  55446.59375	 -55440.70313
 2179	 -59421.3125	 -4213.71973	  55981.98047	 -55976.09375
 2180	 -59576.94141	 -4180.9209	  55446.59375	 -55440.70313
 2177	 -59824.34766	 -4192.64746	  55768.26172	 -55762.375
 2180	 -59576.94141	 -4180.9209	  55446.59375	 -55440.70313
 2179	 -59421.3125	 -4213.71973	  55981.98047	 -55976.09375
 2181	 -59178.67188	 -4202.61279	  55666.44531	 -55660.55469
 2182	 -62204.89453	 -4597.55322	  59306.03516	 -59300.15234
 2183	 -62418.84766	 -4511.56689	  58802.66797	 -58796.78516
 2184	 -62622.24219	 -4578.5249	  59112.59766	 -59106.71484
 2183	 -62418.84766	 -4511.56689	  58802.66797	 -58796.78516
 2182	 -62204.89453	 -4597.55322	  59306.03516	 -59300.15234
 2185	 -62000.22266	 -4530.40381	  58994.17188	 -58988.28906
 2186	 -61787.55078	 -4616.58594	  59499.49609	 -59493.61328
 2185	 -62000.22266	 -4530.40381	  58994.17188	 -58988.28906
 2182	 -62204.89453	 -4597.55322	  59306.03516	 -59300.15234
 2185	 -62000.22266	 -4530.40381	  58994.17188	 -58988.28906
 2187	 -62215.50781	 -4452.44824	  58489.46094	 -58483.57813
 2183	 -62418.84766	 -4511.56689	  58802.66797	 -58796.78516
 2185	 -62000.22266	 -4530.40381	  58994.17188	 -58988.28906
 2186	 -61787.55078	 -4616.58594	  59499.49609	 -59493.61328
 2188	 -61581.625	 -4549.24316	  59185.67578	 -59179.79297
 2187	 -62215.50781	 -4452.44824	  58489.46094	 -58483.57813
 2185	 -62000.22266	 -4530.40381	  58994.17188	 -58988.28906
 2189	 -61796.17188	 -4471.17529	  58679.84375	 -58673.96094
 2188	 -61581.625	 -4549.24316	  59185.67578	 -59179.79297
 2189	 -61796.17188	 -4471.17529	  58679.84375	 -58673.96094
 2185	 -62000.22266	 -4530.40381	  58994.17188	 -58988.28906
 2189	 -61796.17188	 -4471.17529	  58679.84375	 -58673.96094
 2190	 -62010.33984	 -4400.22217	  58171.76563	 -58165.88281
 2187	 -62215.50781	 -4452.44824	  58489.46094	 -58483.57813
 2189	 -61796.17188	 -4471.17529	  58679.84375	 -58673.96094
 2188	 -61581.625	 -4549.24316	  59185.67578	 -59179.79297
 2191	 -61376.83203	 -4489.90479	  58870.23047	 -58864.34766
 2190	 -62010.33984	 -4400.22217	  58171.76563	 -58165.88281
 2189	 -61796.17188	 -4471.17529	  58679.84375	 -58673.96094
 2192	 -61590.78906	 -4418.92139	  58361.82422	 -58355.94141
 2191	 -61376.83203	 -4489.90479	  58870.23047	 -58864.34766
 2192	 -61590.78906	 -4418.92139	  58361.82422	 -58355.94141
 2189	 -61796.17188	 -4471.17529	  58679.84375	 -58673.96094
 2192	 -61590.78906	 -4418.92139	  58361.82422	 -58355.94141
 2193	 -61802.75781	 -4354.40479	  57850.37891	 -57844.49609
 2190	 -62010.33984	 -4400.22217	  58171.76563	 -58165.88281
 2192	 -61590.78906	 -4418.92139	  58361.82422	 -58355.94141
 2191	 -61376.83203	 -4489.90479	  58870.23047	 -58864.34766
 2194	 -61171.22266	 -4437.61475	  58551.875	 -58545.99219
 2193	 -61802.75781	 -4354.40479	  57850.37891	 -57844.49609
 2192	 -61590.78906	 -4418.92139	  58361.82422	 -58355.94141
 2195	 -61383.48828	 -4373.14502	  58040.87109	 -58034.98828
 2194	 -61171.22266	 -4437.61475	  58551.875	 -58545.99219
 2195	 -61383.48828	 -4373.14502	  58040.87109	 -58034.98828
 2192	 -61590.78906	 -4418.92139	  58361.82422	 -58355.94141
 2195	 -61383.48828	 -4373.14502	  58040.87109	 -58034.98828
 2196	 -61592.21484	 -4314.50098	  57526.02734	 -57520.14063
 2193	 -61802.75781	 -4354.40479	  57850.37891	 -57844.49609
 2195	 -61383.48828	 -4373.14502	  58040.87109	 -58034.98828
 2194	 -61171.22266	 -4437.61475	  58551.875	 -58545.99219
 2197	 -60964.21484	 -4391.88965	  58231.35938	 -58225.47656
 2196	 -61592.21484	 -4314.50098	  57526.02734	 -57520.14063
 2195	 -61383.48828	 -4373.14502	  58040.87109	 -58034.98828
 2198	 -61173.69141	 -4333.35938	  57717.70313	 -57711.82031
 2197	 -60964.21484	 -4391.88965	  58231.35938	 -58225.47656
 2198	 -61173.69141	 -4333.35938	  57717.70313	 -57711.82031
 2195	 -61383.48828	 -4373.14502	  58040.87109	 -58034.98828
 2198	 -61173.69141	 -4333.35938	  57717.70313	 -57711.82031
 2199	 -61375.25391	 -4279.60498	  57195.25391	 -57189.36719
 2196	 -61592.21484	 -4314.50098	  57526.02734	 -57520.14063
 2198	 -61173.69141	 -4333.35938	  57717.70313	 -57711.82031
 2197	 -60964.21484	 -4391.88965	  58231.35938	 -58225.47656
 2200	 -60755.20313	 -4352.22168	  57909.36328	 -57903.48047
 2199	 -61375.25391	 -4279.60498	  57195.25391	 -57189.36719
 2198	 -61173.69141	 -4333.35938	  57717.70313	 -57711.82031
 2201	 -60958.01953	 -4298.66064	  57388.86719	 -57382.98047
 2200	 -60755.20313	 -4352.22168	  57909.36328	 -57903.48047
 2201	 -60958.01953	 -4298.66064	  57388.86719	 -57382.98047
 2198	 -61173.69141	 -4333.35938	  57717.70313	 -57711.82031
 2201	 -60958.01953	 -4298.66064	  57388.86719	 -57382.98047
 2200	 -60755.20313	 -4352.22168	  57909.36328	 -57903.48047
 2202	 -60540.78906	 -4317.71826	  57582.48438	 -57576.59766
 2203	 -63410.84766	 -5168.67041	  61160.87891	 -61155.00
 2204	 -63635.4375	 -5037.24365	  60662.03125	 -60656.15234
 2205	 -63833.64453	 -5150.50195	  60975.94922	 -60970.07031
 2204	 -63635.4375	 -5037.24365	  60662.03125	 -60656.15234
 2203	 -63410.84766	 -5168.67041	  61160.87891	 -61155.00
 2206	 -63214.37891	 -5055.69141	  60849.72266	 -60843.84375
 2207	 -62988.07813	 -5186.84131	  61345.82813	 -61339.94922
 2206	 -63214.37891	 -5055.69141	  60849.72266	 -60843.84375
 2203	 -63410.84766	 -5168.67041	  61160.87891	 -61155.00
 2206	 -63214.37891	 -5055.69141	  60849.72266	 -60843.84375
 2208	 -63435.875	 -4930.8252	  60351.22656	 -60345.34766
 2204	 -63635.4375	 -5037.24365	  60662.03125	 -60656.15234
 2206	 -63214.37891	 -5055.69141	  60849.72266	 -60843.84375
 2207	 -62988.07813	 -5186.84131	  61345.82813	 -61339.94922
 2209	 -62793.30078	 -5074.1416	  61037.44531	 -61031.56641
 2208	 -63435.875	 -4930.8252	  60351.22656	 -60345.34766
 2206	 -63214.37891	 -5055.69141	  60849.72266	 -60843.84375
 2210	 -63016.22266	 -4949.49365	  60541.09375	 -60535.21484
 2209	 -62793.30078	 -5074.1416	  61037.44531	 -61031.56641
 2210	 -63016.22266	 -4949.49365	  60541.09375	 -60535.21484
 2206	 -63214.37891	 -5055.69141	  60849.72266	 -60843.84375
 2210	 -63016.22266	 -4949.49365	  60541.09375	 -60535.21484
 2211	 -63234.38281	 -4831.16357	  60041.34766	 -60035.46875
 2208	 -63435.875	 -4930.8252	  60351.22656	 -60345.34766
 2210	 -63016.22266	 -4949.49365	  60541.09375	 -60535.21484
 2209	 -62793.30078	 -5074.1416	  61037.44531	 -61031.56641
 2212	 -62596.5625	 -4968.16455	  60731.01953	 -60725.14063
 2211	 -63234.38281	 -4831.16357	  60041.34766	 -60035.46875
 2210	 -63016.22266	 -4949.49365	  60541.09375	 -60535.21484
 2213	 -62815.80469	 -4850.00537	  60232.92969	 -60227.05078
 2212	 -62596.5625	 -4968.16455	  60731.01953	 -60725.14063
 2213	 -62815.80469	 -4850.00537	  60232.92969	 -60227.05078
 2210	 -63016.22266	 -4949.49365	  60541.09375	 -60535.21484
 2213	 -62815.80469	 -4850.00537	  60232.92969	 -60227.05078
 2214	 -63031.60156	 -4738.93311	  59732.36719	 -59726.48828
 2211	 -63234.38281	 -4831.16357	  60041.34766	 -60035.46875
 2213	 -62815.80469	 -4850.00537	  60232.92969	 -60227.05078
 2212	 -62596.5625	 -4968.16455	  60731.01953	 -60725.14063
 2215	 -62397.22656	 -4868.83838	  60424.48828	 -60418.60938
 2214	 -63031.60156	 -4738.93311	  59732.36719	 -59726.48828
 2213	 -62815.80469	 -4850.00537	  60232.92969	 -60227.05078
 2216	 -62613.78906	 -4757.8877	  59925.0625	 -59919.18359
 2215	 -62397.22656	 -4868.83838	  60424.48828	 -60418.60938
 2216	 -62613.78906	 -4757.8877	  59925.0625	 -59919.18359
 2213	 -62815.80469	 -4850.00537	  60232.92969	 -60227.05078
 2216	 -62613.78906	 -4757.8877	  59925.0625	 -59919.18359
 2217	 -62828.23047	 -4654.80371	  59424.16016	 -59418.27734
 2214	 -63031.60156	 -4738.93311	  59732.36719	 -59726.48828
 2216	 -62613.78906	 -4757.8877	  59925.0625	 -59919.18359
 2215	 -62397.22656	 -4868.83838	  60424.48828	 -60418.60938
 2218	 -62195.94141	 -4776.84521	  60117.80469	 -60111.92578
 2217	 -62828.23047	 -4654.80371	  59424.16016	 -59418.27734
 2216	 -62613.78906	 -4757.8877	  59925.0625	 -59919.18359
 2219	 -62410.79297	 -4673.82373	  59617.49219	 -59611.61328
 2218	 -62195.94141	 -4776.84521	  60117.80469	 -60111.92578
 2219	 -62410.79297	 -4673.82373	  59617.49219	 -59611.61328
 2216	 -62613.78906	 -4757.8877	  59925.0625	 -59919.18359
 2219	 -62410.79297	 -4673.82373	  59617.49219	 -59611.61328
 2220	 -62622.24219	 -4578.5249	  59112.59766	 -59106.71484
 2217	 -62828.23047	 -4654.80371	  59424.16016	 -59418.27734
 2219	 -62410.79297	 -4673.82373	  59617.49219	 -59611.61328
 2218	 -62195.94141	 -4776.84521	  60117.80469	 -60111.92578
 2221	 -61993.37891	 -4692.84131	  59810.82422	 -59804.94531
 2220	 -62622.24219	 -4578.5249	  59112.59766	 -59106.71484
 2219	 -62410.79297	 -4673.82373	  59617.49219	 -59611.61328
 2222	 -62204.89453	 -4597.55322	  59306.03516	 -59300.15234
 2221	 -61993.37891	 -4692.84131	  59810.82422	 -59804.94531
 2222	 -62204.89453	 -4597.55322	  59306.03516	 -59300.15234
 2219	 -62410.79297	 -4673.82373	  59617.49219	 -59611.61328
 2222	 -62204.89453	 -4597.55322	  59306.03516	 -59300.15234
 2221	 -61993.37891	 -4692.84131	  59810.82422	 -59804.94531
 2223	 -61787.55078	 -4616.58594	  59499.49609	 -59493.61328
 2224	 -64487.28516	 -5934.07178	  63038.51563	 -63032.64063
 2225	 -64758.14844	 -5782.8833	  62559.67188	 -62553.79688
 2226	 -64926.35547	 -5918.80566	  62882.51953	 -62876.64453
 2225	 -64758.14844	 -5782.8833	  62559.67188	 -62553.79688
 2224	 -64487.28516	 -5934.07178	  63038.51563	 -63032.64063
 2227	 -64322.38672	 -5798.79395	  62722.10156	 -62716.22656
 2228	 -64048.20313	 -5949.34033	  63194.53125	 -63188.65625
 2227	 -64322.38672	 -5798.79395	  62722.10156	 -62716.22656
 2224	 -64487.28516	 -5934.07178	  63038.51563	 -63032.64063
 2227	 -64322.38672	 -5798.79395	  62722.10156	 -62716.22656
 2229	 -64584.32422	 -5649.90381	  62240.68359	 -62234.80859
