 11691	 -442792.34375	  31993.83008	  26416.47266	 -26410.47266
 11688	 -426544.59375	  32074.93359	  47811.78516	 -47805.78516
 11693	 -427780.25	  28589.49609	  36259.78906	 -36253.78906
 11689	 -432992.125	  33963.01563	  39445.28906	 -39439.28906
 11688	 -426544.59375	  32074.93359	  47811.78516	 -47805.78516
 11692	 -421332.71875	  27869.09961	  44701.50391	 -44695.50391
 11693	 -427780.25	  28589.49609	  36259.78906	 -36253.78906
 11689	 -432992.125	  33963.01563	  39445.28906	 -39439.28906
 11694	 -434227.75	  28525.96875	  27767.5625	 -27761.5625
 11690	 -439439.625	  32725.24414	  30877.41992	 -30871.41992
 11689	 -432992.125	  33963.01563	  39445.28906	 -39439.28906
 11693	 -427780.25	  28589.49609	  36259.78906	 -36253.78906
 11694	 -434227.75	  28525.96875	  27767.5625	 -27761.5625
 11690	 -439439.625	  32725.24414	  30877.41992	 -30871.41992
 11695	 -437580.46875	  26639.98828	  23232.24023	 -23226.24023
 11691	 -442792.34375	  31993.83008	  26416.47266	 -26410.47266
 11690	 -439439.625	  32725.24414	  30877.41992	 -30871.41992
 11694	 -434227.75	  28525.96875	  27767.5625	 -27761.5625
 11695	 -437580.46875	  26639.98828	  23232.24023	 -23226.24023
 11696	 -471847.8125	  5546.01074	  70783.19531	 -70777.19531
 11701	 -468272.46875	  23645.82617	  58000.79688	 -57994.79688
 11697	 -478295.3125	  12006.43652	  62711.25391	 -62705.25391
 11696	 -471847.8125	  5546.01074	  70783.19531	 -70777.19531
 11700	 -461824.96875	  15893.07422	  65989.49219	 -65983.49219
 11701	 -468272.46875	  23645.82617	  58000.79688	 -57994.79688
 11697	 -478295.3125	  12006.43652	  62711.25391	 -62705.25391
 11702	 -474720.00	  29847.13281	  49912.15234	 -49906.15234
 11698	 -484742.84375	  18260.22266	  54625.99219	 -54619.99219
 11697	 -478295.3125	  12006.43652	  62711.25391	 -62705.25391
 11701	 -468272.46875	  23645.82617	  58000.79688	 -57994.79688
 11702	 -474720.00	  29847.13281	  49912.15234	 -49906.15234
 11698	 -484742.84375	  18260.22266	  54625.99219	 -54619.99219
 11703	 -478072.71875	  31782.37109	  45622.99219	 -45616.99219
 11699	 -488095.53125	  20333.22266	  50345.70703	 -50339.70703
 11698	 -484742.84375	  18260.22266	  54625.99219	 -54619.99219
 11702	 -474720.00	  29847.13281	  49912.15234	 -49906.15234
 11703	 -478072.71875	  31782.37109	  45622.99219	 -45616.99219
 11700	 -461824.96875	  15893.07422	  65989.49219	 -65983.49219
 11705	 -458249.65625	  32523.44141	  53112.42578	 -53106.42578
 11701	 -468272.46875	  23645.82617	  58000.79688	 -57994.79688
 11700	 -461824.96875	  15893.07422	  65989.49219	 -65983.49219
 11704	 -451802.125	  27686.625	  61288.96094	 -61282.96094
 11705	 -458249.65625	  32523.44141	  53112.42578	 -53106.42578
 11701	 -468272.46875	  23645.82617	  58000.79688	 -57994.79688
 11706	 -464697.15625	  34942.88672	  44780.15234	 -44774.15234
 11702	 -474720.00	  29847.13281	  49912.15234	 -49906.15234
 11701	 -468272.46875	  23645.82617	  58000.79688	 -57994.79688
 11705	 -458249.65625	  32523.44141	  53112.42578	 -53106.42578
 11706	 -464697.15625	  34942.88672	  44780.15234	 -44774.15234
 11702	 -474720.00	  29847.13281	  49912.15234	 -49906.15234
 11707	 -468049.875	  36195.88281	  40447.04297	 -40441.04297
 11703	 -478072.71875	  31782.37109	  45622.99219	 -45616.99219
 11702	 -474720.00	  29847.13281	  49912.15234	 -49906.15234
 11706	 -464697.15625	  34942.88672	  44780.15234	 -44774.15234
 11707	 -468049.875	  36195.88281	  40447.04297	 -40441.04297
 11704	 -451802.125	  27686.625	  61288.96094	 -61282.96094
 11709	 -453037.78125	  33355.71094	  50326.70313	 -50320.70313
 11705	 -458249.65625	  32523.44141	  53112.42578	 -53106.42578
 11704	 -451802.125	  27686.625	  61288.96094	 -61282.96094
 11708	 -446590.25	  30801.78711	  58650.30469	 -58644.30469
 11709	 -453037.78125	  33355.71094	  50326.70313	 -50320.70313
 11705	 -458249.65625	  32523.44141	  53112.42578	 -53106.42578
 11710	 -459485.28125	  35771.87891	  41994.21875	 -41988.21875
 11706	 -464697.15625	  34942.88672	  44780.15234	 -44774.15234
 11705	 -458249.65625	  32523.44141	  53112.42578	 -53106.42578
 11709	 -453037.78125	  33355.71094	  50326.70313	 -50320.70313
 11710	 -459485.28125	  35771.87891	  41994.21875	 -41988.21875
 11706	 -464697.15625	  34942.88672	  44780.15234	 -44774.15234
 11711	 -462838.00	  37021.59375	  37660.89844	 -37654.89844
 11707	 -468049.875	  36195.88281	  40447.04297	 -40441.04297
 11706	 -464697.15625	  34942.88672	  44780.15234	 -44774.15234
 11710	 -459485.28125	  35771.87891	  41994.21875	 -41988.21875
 11711	 -462838.00	  37021.59375	  37660.89844	 -37654.89844
 11712	 -497105.34375	 -14602.7793	  83245.08594	 -83239.08594
 11717	 -493530.03125	 -1213.06665	  70159.25781	 -70153.25781
 11713	 -503552.84375	 -7081.26758	  75241.49219	 -75235.49219
 11712	 -497105.34375	 -14602.7793	  83245.08594	 -83239.08594
 11716	 -487082.50	 -4665.71729	  78424.96094	 -78418.96094
 11717	 -493530.03125	 -1213.06665	  70159.25781	 -70153.25781
 11713	 -503552.84375	 -7081.26758	  75241.49219	 -75235.49219
 11718	 -499977.53125	  4611.03613	  62046.3125	 -62040.3125
 11714	 -510000.375	 -7558.07666	  66722.64063	 -66716.64063
 11713	 -503552.84375	 -7081.26758	  75241.49219	 -75235.49219
 11717	 -493530.03125	 -1213.06665	  70159.25781	 -70153.25781
 11718	 -499977.53125	  4611.03613	  62046.3125	 -62040.3125
 11714	 -510000.375	 -7558.07666	  66722.64063	 -66716.64063
 11719	 -503330.25	  5536.02979	  57692.07031	 -57686.07031
 11715	 -513353.0625	 -6283.76025	  62390.90625	 -62384.90625
 11714	 -510000.375	 -7558.07666	  66722.64063	 -66716.64063
 11718	 -499977.53125	  4611.03613	  62046.3125	 -62040.3125
 11719	 -503330.25	  5536.02979	  57692.07031	 -57686.07031
 11716	 -487082.50	 -4665.71729	  78424.96094	 -78418.96094
 11721	 -483507.1875	  6569.02197	  65200.3125	 -65194.3125
 11717	 -493530.03125	 -1213.06665	  70159.25781	 -70153.25781
 11716	 -487082.50	 -4665.71729	  78424.96094	 -78418.96094
 11720	 -477059.65625	  413.63721	  73291.90625	 -73285.90625
 11721	 -483507.1875	  6569.02197	  65200.3125	 -65194.3125
 11717	 -493530.03125	 -1213.06665	  70159.25781	 -70153.25781
 11722	 -489954.6875	  10999.11816	  56997.56641	 -56991.56641
 11718	 -499977.53125	  4611.03613	  62046.3125	 -62040.3125
 11717	 -493530.03125	 -1213.06665	  70159.25781	 -70153.25781
 11721	 -483507.1875	  6569.02197	  65200.3125	 -65194.3125
 11722	 -489954.6875	  10999.11816	  56997.56641	 -56991.56641
 11718	 -499977.53125	  4611.03613	  62046.3125	 -62040.3125
 11723	 -493307.40625	  13081.95898	  52717.91797	 -52711.91797
 11719	 -503330.25	  5536.02979	  57692.07031	 -57686.07031
 11718	 -499977.53125	  4611.03613	  62046.3125	 -62040.3125
 11722	 -489954.6875	  10999.11816	  56997.56641	 -56991.56641
 11723	 -493307.40625	  13081.95898	  52717.91797	 -52711.91797
 11720	 -477059.65625	  413.63721	  73291.90625	 -73285.90625
 11725	 -478295.3125	  12006.43652	  62711.25391	 -62705.25391
 11721	 -483507.1875	  6569.02197	  65200.3125	 -65194.3125
 11720	 -477059.65625	  413.63721	  73291.90625	 -73285.90625
 11724	 -471847.8125	  5546.01074	  70783.19531	 -70777.19531
 11725	 -478295.3125	  12006.43652	  62711.25391	 -62705.25391
 11721	 -483507.1875	  6569.02197	  65200.3125	 -65194.3125
 11726	 -484742.84375	  18260.22266	  54625.99219	 -54619.99219
 11722	 -489954.6875	  10999.11816	  56997.56641	 -56991.56641
 11721	 -483507.1875	  6569.02197	  65200.3125	 -65194.3125
 11725	 -478295.3125	  12006.43652	  62711.25391	 -62705.25391
 11726	 -484742.84375	  18260.22266	  54625.99219	 -54619.99219
 11722	 -489954.6875	  10999.11816	  56997.56641	 -56991.56641
 11727	 -488095.53125	  20333.22266	  50345.70703	 -50339.70703
 11723	 -493307.40625	  13081.95898	  52717.91797	 -52711.91797
 11722	 -489954.6875	  10999.11816	  56997.56641	 -56991.56641
 11726	 -484742.84375	  18260.22266	  54625.99219	 -54619.99219
 11727	 -488095.53125	  20333.22266	  50345.70703	 -50339.70703
 11728	 -522362.875	 -32806.51953	  95832.27344	 -95826.27344
 11733	 -518787.5625	 -21709.53906	  82598.74219	 -82592.74219
 11729	 -528810.375	 -26903.69531	  87724.40625	 -87718.40625
 11728	 -522362.875	 -32806.51953	  95832.27344	 -95826.27344
 11732	 -512340.03125	 -26775.95898	  90760.49219	 -90754.49219
 11733	 -518787.5625	 -21709.53906	  82598.74219	 -82592.74219
 11729	 -528810.375	 -26903.69531	  87724.40625	 -87718.40625
 11734	 -525235.0625	 -20903.86133	  74162.51563	 -74156.51563
 11730	 -535257.875	 -24025.04688	  79421.71875	 -79415.71875
 11729	 -528810.375	 -26903.69531	  87724.40625	 -87718.40625
 11733	 -518787.5625	 -21709.53906	  82598.74219	 -82592.74219
 11734	 -525235.0625	 -20903.86133	  74162.51563	 -74156.51563
 11730	 -535257.875	 -24025.04688	  79421.71875	 -79415.71875
 11735	 -528587.8125	 -21005.51367	  69742.14063	 -69736.14063
 11731	 -538610.625	 -23824.93555	  75020.78125	 -75014.78125
 11730	 -535257.875	 -24025.04688	  79421.71875	 -79415.71875
 11734	 -525235.0625	 -20903.86133	  74162.51563	 -74156.51563
 11735	 -528587.8125	 -21005.51367	  69742.14063	 -69736.14063
 11732	 -512340.03125	 -26775.95898	  90760.49219	 -90754.49219
 11737	 -508764.71875	 -15308.33594	  77550.84375	 -77544.84375
 11733	 -518787.5625	 -21709.53906	  82598.74219	 -82592.74219
 11732	 -512340.03125	 -26775.95898	  90760.49219	 -90754.49219
 11736	 -502317.21875	 -19820.43164	  85748.29688	 -85742.29688
 11737	 -508764.71875	 -15308.33594	  77550.84375	 -77544.84375
 11733	 -518787.5625	 -21709.53906	  82598.74219	 -82592.74219
 11738	 -515212.25	 -14587.93945	  69109.11719	 -69103.11719
 11734	 -525235.0625	 -20903.86133	  74162.51563	 -74156.51563
 11733	 -518787.5625	 -21709.53906	  82598.74219	 -82592.74219
 11737	 -508764.71875	 -15308.33594	  77550.84375	 -77544.84375
 11738	 -515212.25	 -14587.93945	  69109.11719	 -69103.11719
 11734	 -525235.0625	 -20903.86133	  74162.51563	 -74156.51563
 11739	 -518564.9375	 -10099.20703	  64984.45703	 -64978.45703
 11735	 -528587.8125	 -21005.51367	  69742.14063	 -69736.14063
 11734	 -525235.0625	 -20903.86133	  74162.51563	 -74156.51563
 11738	 -515212.25	 -14587.93945	  69109.11719	 -69103.11719
 11739	 -518564.9375	 -10099.20703	  64984.45703	 -64978.45703
 11736	 -502317.21875	 -19820.43164	  85748.29688	 -85742.29688
 11741	 -503552.84375	 -7081.26758	  75241.49219	 -75235.49219
 11737	 -508764.71875	 -15308.33594	  77550.84375	 -77544.84375
 11736	 -502317.21875	 -19820.43164	  85748.29688	 -85742.29688
 11740	 -497105.34375	 -14602.7793	  83245.08594	 -83239.08594
 11741	 -503552.84375	 -7081.26758	  75241.49219	 -75235.49219
 11737	 -508764.71875	 -15308.33594	  77550.84375	 -77544.84375
 11742	 -510000.375	 -7558.07666	  66722.64063	 -66716.64063
 11738	 -515212.25	 -14587.93945	  69109.11719	 -69103.11719
 11737	 -508764.71875	 -15308.33594	  77550.84375	 -77544.84375
 11741	 -503552.84375	 -7081.26758	  75241.49219	 -75235.49219
 11742	 -510000.375	 -7558.07666	  66722.64063	 -66716.64063
 11738	 -515212.25	 -14587.93945	  69109.11719	 -69103.11719
 11743	 -513353.0625	 -6283.76025	  62390.90625	 -62384.90625
 11739	 -518564.9375	 -10099.20703	  64984.45703	 -64978.45703
 11738	 -515212.25	 -14587.93945	  69109.11719	 -69103.11719
 11742	 -510000.375	 -7558.07666	  66722.64063	 -66716.64063
 11743	 -513353.0625	 -6283.76025	  62390.90625	 -62384.90625
 11744	 -547620.4375	 -39646.64063	  109151.50	 -109145.50
 11749	 -544045.0625	 -33819.00781	  95578.53125	 -95572.53125
 11745	 -554067.9375	 -37112.39453	  100826.625	 -100820.625
 11744	 -547620.4375	 -39646.64063	  109151.50	 -109145.50
 11748	 -537597.5625	 -37151.9375	  103851.94531	 -103845.94531
 11749	 -544045.0625	 -33819.00781	  95578.53125	 -95572.53125
 11745	 -554067.9375	 -37112.39453	  100826.625	 -100820.625
 11750	 -550492.625	 -31042.04102	  87269.28906	 -87263.28906
 11746	 -560515.4375	 -34847.10938	  92484.42188	 -92478.42188
 11745	 -554067.9375	 -37112.39453	  100826.625	 -100820.625
 11749	 -544045.0625	 -33819.00781	  95578.53125	 -95572.53125
 11750	 -550492.625	 -31042.04102	  87269.28906	 -87263.28906
 11746	 -560515.4375	 -34847.10938	  92484.42188	 -92478.42188
 11751	 -553845.3125	 -30295.80664	  82903.53125	 -82897.53125
 11747	 -563868.125	 -33492.43359	  88157.86719	 -88151.86719
 11746	 -560515.4375	 -34847.10938	  92484.42188	 -92478.42188
 11750	 -550492.625	 -31042.04102	  87269.28906	 -87263.28906
 11751	 -553845.3125	 -30295.80664	  82903.53125	 -82897.53125
 11748	 -537597.5625	 -37151.9375	  103851.94531	 -103845.94531
 11753	 -534022.25	 -29972.9375	  90366.02344	 -90360.02344
 11749	 -544045.0625	 -33819.00781	  95578.53125	 -95572.53125
 11748	 -537597.5625	 -37151.9375	  103851.94531	 -103845.94531
 11752	 -527574.75	 -34685.11328	  98550.59375	 -98544.59375
 11753	 -534022.25	 -29972.9375	  90366.02344	 -90360.02344
 11749	 -544045.0625	 -33819.00781	  95578.53125	 -95572.53125
 11754	 -540469.75	 -27002.44922	  82069.25	 -82063.25
 11750	 -550492.625	 -31042.04102	  87269.28906	 -87263.28906
 11749	 -544045.0625	 -33819.00781	  95578.53125	 -95572.53125
 11753	 -534022.25	 -29972.9375	  90366.02344	 -90360.02344
 11754	 -540469.75	 -27002.44922	  82069.25	 -82063.25
 11750	 -550492.625	 -31042.04102	  87269.28906	 -87263.28906
 11755	 -543822.50	 -26113.53516	  77712.6875	 -77706.6875
 11751	 -553845.3125	 -30295.80664	  82903.53125	 -82897.53125
 11750	 -550492.625	 -31042.04102	  87269.28906	 -87263.28906
 11754	 -540469.75	 -27002.44922	  82069.25	 -82063.25
 11755	 -543822.50	 -26113.53516	  77712.6875	 -77706.6875
 11752	 -527574.75	 -34685.11328	  98550.59375	 -98544.59375
 11757	 -528810.375	 -26903.69531	  87724.40625	 -87718.40625
 11753	 -534022.25	 -29972.9375	  90366.02344	 -90360.02344
 11752	 -527574.75	 -34685.11328	  98550.59375	 -98544.59375
 11756	 -522362.875	 -32806.51953	  95832.27344	 -95826.27344
 11757	 -528810.375	 -26903.69531	  87724.40625	 -87718.40625
 11753	 -534022.25	 -29972.9375	  90366.02344	 -90360.02344
 11758	 -535257.875	 -24025.04688	  79421.71875	 -79415.71875
 11754	 -540469.75	 -27002.44922	  82069.25	 -82063.25
 11753	 -534022.25	 -29972.9375	  90366.02344	 -90360.02344
 11757	 -528810.375	 -26903.69531	  87724.40625	 -87718.40625
 11758	 -535257.875	 -24025.04688	  79421.71875	 -79415.71875
 11754	 -540469.75	 -27002.44922	  82069.25	 -82063.25
 11759	 -538610.625	 -23824.93555	  75020.78125	 -75014.78125
 11755	 -543822.50	 -26113.53516	  77712.6875	 -77706.6875
 11754	 -540469.75	 -27002.44922	  82069.25	 -82063.25
 11758	 -535257.875	 -24025.04688	  79421.71875	 -79415.71875
 11759	 -538610.625	 -23824.93555	  75020.78125	 -75014.78125
 11760	 -572877.9375	 -43595.42578	  122656.99219	 -122650.99219
 11765	 -569302.625	 -39639.04297	  108963.46875	 -108957.46875
 11761	 -579325.4375	 -41189.10156	  114323.88281	 -114317.88281
 11760	 -572877.9375	 -43595.42578	  122656.99219	 -122650.99219
 11764	 -562855.125	 -42045.36719	  117296.57813	 -117290.57813
 11765	 -569302.625	 -39639.04297	  108963.46875	 -108957.46875
 11761	 -579325.4375	 -41189.10156	  114323.88281	 -114317.88281
 11766	 -575750.125	 -37226.16016	  100630.77344	 -100624.77344
 11762	 -585773.00	 -38776.21875	  105991.1875	 -105985.1875
 11761	 -579325.4375	 -41189.10156	  114323.88281	 -114317.88281
 11765	 -569302.625	 -39639.04297	  108963.46875	 -108957.46875
 11766	 -575750.125	 -37226.16016	  100630.77344	 -100624.77344
 11762	 -585773.00	 -38776.21875	  105991.1875	 -105985.1875
 11767	 -579102.875	 -35973.16406	  96297.66406	 -96291.66406
 11763	 -589125.6875	 -37523.22266	  101658.07813	 -101652.07813
 11762	 -585773.00	 -38776.21875	  105991.1875	 -105985.1875
 11766	 -575750.125	 -37226.16016	  100630.77344	 -100624.77344
 11767	 -579102.875	 -35973.16406	  96297.66406	 -96291.66406
 11764	 -562855.125	 -42045.36719	  117296.57813	 -117290.57813
 11769	 -559279.8125	 -38088.98438	  103603.05469	 -103597.05469
 11765	 -569302.625	 -39639.04297	  108963.46875	 -108957.46875
 11764	 -562855.125	 -42045.36719	  117296.57813	 -117290.57813
 11768	 -552832.3125	 -40495.3125	  111936.16406	 -111930.16406
 11769	 -559279.8125	 -38088.98438	  103603.05469	 -103597.05469
 11765	 -569302.625	 -39639.04297	  108963.46875	 -108957.46875
 11770	 -565727.3125	 -35676.10156	  95270.35938	 -95264.35938
 11766	 -575750.125	 -37226.16016	  100630.77344	 -100624.77344
 11765	 -569302.625	 -39639.04297	  108963.46875	 -108957.46875
 11769	 -559279.8125	 -38088.98438	  103603.05469	 -103597.05469
 11770	 -565727.3125	 -35676.10156	  95270.35938	 -95264.35938
 11766	 -575750.125	 -37226.16016	  100630.77344	 -100624.77344
 11771	 -569080.00	 -34423.10547	  90937.25	 -90931.25
 11767	 -579102.875	 -35973.16406	  96297.66406	 -96291.66406
 11766	 -575750.125	 -37226.16016	  100630.77344	 -100624.77344
 11770	 -565727.3125	 -35676.10156	  95270.35938	 -95264.35938
 11771	 -569080.00	 -34423.10547	  90937.25	 -90931.25
 11768	 -552832.3125	 -40495.3125	  111936.16406	 -111930.16406
 11773	 -554067.9375	 -37112.39453	  100826.625	 -100820.625
 11769	 -559279.8125	 -38088.98438	  103603.05469	 -103597.05469
 11768	 -552832.3125	 -40495.3125	  111936.16406	 -111930.16406
 11772	 -547620.4375	 -39646.64063	  109151.50	 -109145.50
 11773	 -554067.9375	 -37112.39453	  100826.625	 -100820.625
 11769	 -559279.8125	 -38088.98438	  103603.05469	 -103597.05469
 11774	 -560515.4375	 -34847.10938	  92484.42188	 -92478.42188
 11770	 -565727.3125	 -35676.10156	  95270.35938	 -95264.35938
 11769	 -559279.8125	 -38088.98438	  103603.05469	 -103597.05469
 11773	 -554067.9375	 -37112.39453	  100826.625	 -100820.625
 11774	 -560515.4375	 -34847.10938	  92484.42188	 -92478.42188
 11770	 -565727.3125	 -35676.10156	  95270.35938	 -95264.35938
 11775	 -563868.125	 -33492.43359	  88157.86719	 -88151.86719
 11771	 -569080.00	 -34423.10547	  90937.25	 -90931.25
 11770	 -565727.3125	 -35676.10156	  95270.35938	 -95264.35938
 11774	 -560515.4375	 -34847.10938	  92484.42188	 -92478.42188
 11775	 -563868.125	 -33492.43359	  88157.86719	 -88151.86719
 11776	  193857.95313	  83570.61719	 -317097.15625	  317103.15625
 11781	  197433.28125	  87523.71094	 -330790.875	  330796.875
 11777	  187410.4375	  85980.21875	 -325430.03125	  325436.03125
 11776	  193857.95313	  83570.61719	 -317097.15625	  317103.15625
 11780	  203880.79688	  85114.10938	 -322457.96875	  322463.96875
 11781	  197433.28125	  87523.71094	 -330790.875	  330796.875
 11777	  187410.4375	  85980.21875	 -325430.03125	  325436.03125
 11782	  190985.75	  89933.32031	 -339123.78125	  339129.78125
 11778	  180962.92188	  88389.82813	 -333762.9375	  333768.9375
 11777	  187410.4375	  85980.21875	 -325430.03125	  325436.03125
 11781	  197433.28125	  87523.71094	 -330790.875	  330796.875
 11782	  190985.75	  89933.32031	 -339123.78125	  339129.78125
 11778	  180962.92188	  88389.82813	 -333762.9375	  333768.9375
 11783	  187633.04688	  91186.3125	 -343456.875	  343462.875
 11779	  177610.21875	  89642.82031	 -338096.0625	  338102.0625
 11778	  180962.92188	  88389.82813	 -333762.9375	  333768.9375
 11782	  190985.75	  89933.32031	 -339123.78125	  339129.78125
 11783	  187633.04688	  91186.3125	 -343456.875	  343462.875
 11780	  203880.79688	  85114.10938	 -322457.96875	  322463.96875
 11785	  207456.10938	  89077.05469	 -336151.0625	  336157.0625
 11781	  197433.28125	  87523.71094	 -330790.875	  330796.875
 11780	  203880.79688	  85114.10938	 -322457.96875	  322463.96875
 11784	  213903.625	  86667.44531	 -327818.15625	  327824.15625
 11785	  207456.10938	  89077.05469	 -336151.0625	  336157.0625
 11781	  197433.28125	  87523.71094	 -330790.875	  330796.875
 11786	  201008.57813	  91486.65625	 -344483.96875	  344489.96875
 11782	  190985.75	  89933.32031	 -339123.78125	  339129.78125
 11781	  197433.28125	  87523.71094	 -330790.875	  330796.875
 11785	  207456.10938	  89077.05469	 -336151.0625	  336157.0625
 11786	  201008.57813	  91486.65625	 -344483.96875	  344489.96875
 11782	  190985.75	  89933.32031	 -339123.78125	  339129.78125
 11787	  197655.875	  92739.65625	 -348817.0625	  348823.0625
 11783	  187633.04688	  91186.3125	 -343456.875	  343462.875
 11782	  190985.75	  89933.32031	 -339123.78125	  339129.78125
 11786	  201008.57813	  91486.65625	 -344483.96875	  344489.96875
 11787	  197655.875	  92739.65625	 -348817.0625	  348823.0625
 11784	  213903.625	  86667.44531	 -327818.15625	  327824.15625
 11789	  212667.98438	  89883.08594	 -338938.46875	  338944.46875
 11785	  207456.10938	  89077.05469	 -336151.0625	  336157.0625
 11784	  213903.625	  86667.44531	 -327818.15625	  327824.15625
 11788	  219115.50	  87473.47656	 -330605.5625	  330611.5625
 11789	  212667.98438	  89883.08594	 -338938.46875	  338944.46875
 11785	  207456.10938	  89077.05469	 -336151.0625	  336157.0625
 11790	  206220.45313	  92292.6875	 -347271.375	  347277.375
 11786	  201008.57813	  91486.65625	 -344483.96875	  344489.96875
 11785	  207456.10938	  89077.05469	 -336151.0625	  336157.0625
 11789	  212667.98438	  89883.08594	 -338938.46875	  338944.46875
 11790	  206220.45313	  92292.6875	 -347271.375	  347277.375
 11786	  201008.57813	  91486.65625	 -344483.96875	  344489.96875
 11791	  202867.75	  93545.6875	 -351604.46875	  351610.46875
 11787	  197655.875	  92739.65625	 -348817.0625	  348823.0625
 11786	  201008.57813	  91486.65625	 -344483.96875	  344489.96875
 11790	  206220.45313	  92292.6875	 -347271.375	  347277.375
 11791	  202867.75	  93545.6875	 -351604.46875	  351610.46875
 11792	  168600.42188	  79661.1875	 -303589.09375	  303595.09375
 11797	  172175.73438	  83624.13281	 -317282.21875	  317288.21875
 11793	  162152.90625	  82070.78906	 -311922.00	  311928.00
 11792	  168600.42188	  79661.1875	 -303589.09375	  303595.09375
 11796	  178623.25	  81214.52344	 -308949.3125	  308955.3125
 11797	  172175.73438	  83624.13281	 -317282.21875	  317288.21875
 11793	  162152.90625	  82070.78906	 -311922.00	  311928.00
 11798	  165728.21875	  86033.73438	 -325615.125	  325621.125
 11794	  155705.39063	  84480.39844	 -320254.90625	  320260.90625
 11793	  162152.90625	  82070.78906	 -311922.00	  311928.00
 11797	  172175.73438	  83624.13281	 -317282.21875	  317288.21875
 11798	  165728.21875	  86033.73438	 -325615.125	  325621.125
 11794	  155705.39063	  84480.39844	 -320254.90625	  320260.90625
 11799	  162375.51563	  87286.73438	 -329948.21875	  329954.21875
 11795	  152352.6875	  85733.39063	 -324588.00	  324594.00
 11794	  155705.39063	  84480.39844	 -320254.90625	  320260.90625
 11798	  165728.21875	  86033.73438	 -325615.125	  325621.125
 11799	  162375.51563	  87286.73438	 -329948.21875	  329954.21875
 11796	  178623.25	  81214.52344	 -308949.3125	  308955.3125
 11801	  182198.57813	  85164.34375	 -322643.25	  322649.25
 11797	  172175.73438	  83624.13281	 -317282.21875	  317288.21875
 11796	  178623.25	  81214.52344	 -308949.3125	  308955.3125
 11800	  188646.09375	  82754.74219	 -314310.375	  314316.375
 11801	  182198.57813	  85164.34375	 -322643.25	  322649.25
 11797	  172175.73438	  83624.13281	 -317282.21875	  317288.21875
 11802	  175751.04688	  87573.95313	 -330976.15625	  330982.15625
 11798	  165728.21875	  86033.73438	 -325615.125	  325621.125
 11797	  172175.73438	  83624.13281	 -317282.21875	  317288.21875
 11801	  182198.57813	  85164.34375	 -322643.25	  322649.25
 11802	  175751.04688	  87573.95313	 -330976.15625	  330982.15625
 11798	  165728.21875	  86033.73438	 -325615.125	  325621.125
 11803	  172398.34375	  88826.94531	 -335309.28125	  335315.28125
 11799	  162375.51563	  87286.73438	 -329948.21875	  329954.21875
 11798	  165728.21875	  86033.73438	 -325615.125	  325621.125
 11802	  175751.04688	  87573.95313	 -330976.15625	  330982.15625
 11803	  172398.34375	  88826.94531	 -335309.28125	  335315.28125
 11800	  188646.09375	  82754.74219	 -314310.375	  314316.375
 11805	  187410.4375	  85980.21875	 -325430.03125	  325436.03125
 11801	  182198.57813	  85164.34375	 -322643.25	  322649.25
 11800	  188646.09375	  82754.74219	 -314310.375	  314316.375
 11804	  193857.95313	  83570.61719	 -317097.15625	  317103.15625
 11805	  187410.4375	  85980.21875	 -325430.03125	  325436.03125
 11801	  182198.57813	  85164.34375	 -322643.25	  322649.25
 11806	  180962.92188	  88389.82813	 -333762.9375	  333768.9375
 11802	  175751.04688	  87573.95313	 -330976.15625	  330982.15625
 11801	  182198.57813	  85164.34375	 -322643.25	  322649.25
 11805	  187410.4375	  85980.21875	 -325430.03125	  325436.03125
 11806	  180962.92188	  88389.82813	 -333762.9375	  333768.9375
 11802	  175751.04688	  87573.95313	 -330976.15625	  330982.15625
 11807	  177610.21875	  89642.82031	 -338096.0625	  338102.0625
 11803	  172398.34375	  88826.94531	 -335309.28125	  335315.28125
 11802	  175751.04688	  87573.95313	 -330976.15625	  330982.15625
 11806	  180962.92188	  88389.82813	 -333762.9375	  333768.9375
 11807	  177610.21875	  89642.82031	 -338096.0625	  338102.0625
 11808	  143342.89063	  75755.03906	 -290080.84375	  290086.84375
 11813	  146918.20313	  79717.98438	 -303773.96875	  303779.96875
 11809	  136895.375	  78164.64063	 -298413.75	  298419.75
 11808	  143342.89063	  75755.03906	 -290080.84375	  290086.84375
 11812	  153365.71875	  77308.375	 -295441.09375	  295447.09375
 11813	  146918.20313	  79717.98438	 -303773.96875	  303779.96875
 11809	  136895.375	  78164.64063	 -298413.75	  298419.75
 11814	  140470.67188	  82127.58594	 -312106.875	  312112.875
 11810	  130447.84375	  80574.25	 -306746.65625	  306752.65625
 11809	  136895.375	  78164.64063	 -298413.75	  298419.75
 11813	  146918.20313	  79717.98438	 -303773.96875	  303779.96875
 11814	  140470.67188	  82127.58594	 -312106.875	  312112.875
 11810	  130447.84375	  80574.25	 -306746.65625	  306752.65625
 11815	  137117.96875	  83380.58594	 -316440.00	  316446.00
 11811	  127095.14063	  81827.24219	 -311079.75	  311085.75
 11810	  130447.84375	  80574.25	 -306746.65625	  306752.65625
 11814	  140470.67188	  82127.58594	 -312106.875	  312112.875
 11815	  137117.96875	  83380.58594	 -316440.00	  316446.00
 11812	  153365.71875	  77308.375	 -295441.09375	  295447.09375
 11817	  156941.03125	  81261.47656	 -309134.78125	  309140.78125
 11813	  146918.20313	  79717.98438	 -303773.96875	  303779.96875
 11812	  153365.71875	  77308.375	 -295441.09375	  295447.09375
 11816	  163388.54688	  78851.875	 -300801.90625	  300807.90625
 11817	  156941.03125	  81261.47656	 -309134.78125	  309140.78125
 11813	  146918.20313	  79717.98438	 -303773.96875	  303779.96875
 11818	  150493.51563	  83671.08594	 -317467.6875	  317473.6875
 11814	  140470.67188	  82127.58594	 -312106.875	  312112.875
 11813	  146918.20313	  79717.98438	 -303773.96875	  303779.96875
 11817	  156941.03125	  81261.47656	 -309134.78125	  309140.78125
 11818	  150493.51563	  83671.08594	 -317467.6875	  317473.6875
 11814	  140470.67188	  82127.58594	 -312106.875	  312112.875
 11819	  147140.8125	  84924.07813	 -321800.8125	  321806.8125
 11815	  137117.96875	  83380.58594	 -316440.00	  316446.00
 11814	  140470.67188	  82127.58594	 -312106.875	  312112.875
 11818	  150493.51563	  83671.08594	 -317467.6875	  317473.6875
 11819	  147140.8125	  84924.07813	 -321800.8125	  321806.8125
 11816	  163388.54688	  78851.875	 -300801.90625	  300807.90625
 11821	  162152.90625	  82070.78906	 -311922.00	  311928.00
 11817	  156941.03125	  81261.47656	 -309134.78125	  309140.78125
 11816	  163388.54688	  78851.875	 -300801.90625	  300807.90625
 11820	  168600.42188	  79661.1875	 -303589.09375	  303595.09375
 11821	  162152.90625	  82070.78906	 -311922.00	  311928.00
 11817	  156941.03125	  81261.47656	 -309134.78125	  309140.78125
 11822	  155705.39063	  84480.39844	 -320254.90625	  320260.90625
 11818	  150493.51563	  83671.08594	 -317467.6875	  317473.6875
 11817	  156941.03125	  81261.47656	 -309134.78125	  309140.78125
 11821	  162152.90625	  82070.78906	 -311922.00	  311928.00
 11822	  155705.39063	  84480.39844	 -320254.90625	  320260.90625
 11818	  150493.51563	  83671.08594	 -317467.6875	  317473.6875
 11823	  152352.6875	  85733.39063	 -324588.00	  324594.00
 11819	  147140.8125	  84924.07813	 -321800.8125	  321806.8125
 11818	  150493.51563	  83671.08594	 -317467.6875	  317473.6875
 11822	  155705.39063	  84480.39844	 -320254.90625	  320260.90625
 11823	  152352.6875	  85733.39063	 -324588.00	  324594.00
 11824	  118085.35156	  72918.17188	 -276503.75	  276509.75
 11829	  121660.66406	  75801.99219	 -290266.375	  290272.375
 11825	  111637.83594	  82552.02344	 -284371.25	  284377.25
 11824	  118085.35156	  72918.17188	 -276503.75	  276509.75
 11828	  128108.17969	  73395.67188	 -281933.25	  281939.25
 11829	  121660.66406	  75801.99219	 -290266.375	  290272.375
 11825	  111637.83594	  82552.02344	 -284371.25	  284377.25
 11830	  115213.14063	  78214.88281	 -298599.0625	  298605.0625
 11826	  105190.3125	  76668.10156	 -293238.40625	  293244.40625
 11825	  111637.83594	  82552.02344	 -284371.25	  284377.25
 11829	  121660.66406	  75801.99219	 -290266.375	  290272.375
 11830	  115213.14063	  78214.88281	 -298599.0625	  298605.0625
 11826	  105190.3125	  76668.10156	 -293238.40625	  293244.40625
 11831	  111860.4375	  79467.875	 -302932.15625	  302938.15625
 11827	  101837.60938	  77921.10156	 -297571.53125	  297577.53125
 11826	  105190.3125	  76668.10156	 -293238.40625	  293244.40625
 11830	  115213.14063	  78214.88281	 -298599.0625	  298605.0625
 11831	  111860.4375	  79467.875	 -302932.15625	  302938.15625
 11828	  128108.17969	  73395.67188	 -281933.25	  281939.25
 11833	  131683.50	  77352.05469	 -295626.78125	  295632.78125
 11829	  121660.66406	  75801.99219	 -290266.375	  290272.375
 11828	  128108.17969	  73395.67188	 -281933.25	  281939.25
 11832	  138131.01563	  74942.44531	 -287293.875	  287299.875
 11833	  131683.50	  77352.05469	 -295626.78125	  295632.78125
 11829	  121660.66406	  75801.99219	 -290266.375	  290272.375
 11834	  125235.97656	  79761.65625	 -303959.6875	  303965.6875
 11830	  115213.14063	  78214.88281	 -298599.0625	  298605.0625
 11829	  121660.66406	  75801.99219	 -290266.375	  290272.375
 11833	  131683.50	  77352.05469	 -295626.78125	  295632.78125
 11834	  125235.97656	  79761.65625	 -303959.6875	  303965.6875
 11830	  115213.14063	  78214.88281	 -298599.0625	  298605.0625
 11835	  121883.27344	  81014.65625	 -308292.78125	  308298.78125
 11831	  111860.4375	  79467.875	 -302932.15625	  302938.15625
 11830	  115213.14063	  78214.88281	 -298599.0625	  298605.0625
 11834	  125235.97656	  79761.65625	 -303959.6875	  303965.6875
 11835	  121883.27344	  81014.65625	 -308292.78125	  308298.78125
 11832	  138131.01563	  74942.44531	 -287293.875	  287299.875
 11837	  136895.375	  78164.64063	 -298413.75	  298419.75
 11833	  131683.50	  77352.05469	 -295626.78125	  295632.78125
 11832	  138131.01563	  74942.44531	 -287293.875	  287299.875
 11836	  143342.89063	  75755.03906	 -290080.84375	  290086.84375
 11837	  136895.375	  78164.64063	 -298413.75	  298419.75
 11833	  131683.50	  77352.05469	 -295626.78125	  295632.78125
 11838	  130447.84375	  80574.25	 -306746.65625	  306752.65625
 11834	  125235.97656	  79761.65625	 -303959.6875	  303965.6875
 11833	  131683.50	  77352.05469	 -295626.78125	  295632.78125
 11837	  136895.375	  78164.64063	 -298413.75	  298419.75
 11838	  130447.84375	  80574.25	 -306746.65625	  306752.65625
 11834	  125235.97656	  79761.65625	 -303959.6875	  303965.6875
 11839	  127095.14063	  81827.24219	 -311079.75	  311085.75
 11835	  121883.27344	  81014.65625	 -308292.78125	  308298.78125
 11834	  125235.97656	  79761.65625	 -303959.6875	  303965.6875
 11838	  130447.84375	  80574.25	 -306746.65625	  306752.65625
 11839	  127095.14063	  81827.24219	 -311079.75	  311085.75
 11840	  92827.8125	  80780.72656	 -262237.375	  262243.375
 11845	  96403.125	  80809.28906	 -276183.90625	  276189.90625
 11841	  86380.29688	  80745.08594	 -270727.78125	  270733.78125
 11840	  92827.8125	  80780.72656	 -262237.375	  262243.375
 11844	  102850.64063	  78396.40625	 -267851.21875	  267857.21875
 11845	  96403.125	  80809.28906	 -276183.90625	  276189.90625
 11841	  86380.29688	  80745.08594	 -270727.78125	  270733.78125
 11846	  89955.60156	  76006.14063	 -284981.46875	  284987.46875
 11842	  79932.77344	  81245.71875	 -279183.6875	  279189.6875
 11841	  86380.29688	  80745.08594	 -270727.78125	  270733.78125
 11845	  96403.125	  80809.28906	 -276183.90625	  276189.90625
 11846	  89955.60156	  76006.14063	 -284981.46875	  284987.46875
 11842	  79932.77344	  81245.71875	 -279183.6875	  279189.6875
 11847	  86602.89844	  76394.85156	 -289370.25	  289376.25
 11843	  76580.07031	  74736.55469	 -284016.8125	  284022.8125
 11842	  79932.77344	  81245.71875	 -279183.6875	  279189.6875
 11846	  89955.60156	  76006.14063	 -284981.46875	  284987.46875
 11847	  86602.89844	  76394.85156	 -289370.25	  289376.25
 11844	  102850.64063	  78396.40625	 -267851.21875	  267857.21875
 11849	  106425.96094	  81395.03125	 -281606.4375	  281612.4375
 11845	  96403.125	  80809.28906	 -276183.90625	  276189.90625
 11844	  102850.64063	  78396.40625	 -267851.21875	  267857.21875
 11848	  112873.47656	  78795.17969	 -273285.8125	  273291.8125
 11849	  106425.96094	  81395.03125	 -281606.4375	  281612.4375
 11845	  96403.125	  80809.28906	 -276183.90625	  276189.90625
 11850	  99978.4375	  75858.78906	 -290451.21875	  290457.21875
 11846	  89955.60156	  76006.14063	 -284981.46875	  284987.46875
 11845	  96403.125	  80809.28906	 -276183.90625	  276189.90625
 11849	  106425.96094	  81395.03125	 -281606.4375	  281612.4375
 11850	  99978.4375	  75858.78906	 -290451.21875	  290457.21875
 11846	  89955.60156	  76006.14063	 -284981.46875	  284987.46875
 11851	  96625.73438	  77111.78906	 -294784.34375	  294790.34375
 11847	  86602.89844	  76394.85156	 -289370.25	  289376.25
 11846	  89955.60156	  76006.14063	 -284981.46875	  284987.46875
 11850	  99978.4375	  75858.78906	 -290451.21875	  290457.21875
 11851	  96625.73438	  77111.78906	 -294784.34375	  294790.34375
 11848	  112873.47656	  78795.17969	 -273285.8125	  273291.8125
 11853	  111637.83594	  82552.02344	 -284371.25	  284377.25
 11849	  106425.96094	  81395.03125	 -281606.4375	  281612.4375
 11848	  112873.47656	  78795.17969	 -273285.8125	  273291.8125
 11852	  118085.35156	  72918.17188	 -276503.75	  276509.75
 11853	  111637.83594	  82552.02344	 -284371.25	  284377.25
 11849	  106425.96094	  81395.03125	 -281606.4375	  281612.4375
 11854	  105190.3125	  76668.10156	 -293238.40625	  293244.40625
 11850	  99978.4375	  75858.78906	 -290451.21875	  290457.21875
 11849	  106425.96094	  81395.03125	 -281606.4375	  281612.4375
 11853	  111637.83594	  82552.02344	 -284371.25	  284377.25
 11854	  105190.3125	  76668.10156	 -293238.40625	  293244.40625
 11850	  99978.4375	  75858.78906	 -290451.21875	  290457.21875
 11855	  101837.60938	  77921.10156	 -297571.53125	  297577.53125
 11851	  96625.73438	  77111.78906	 -294784.34375	  294790.34375
 11850	  99978.4375	  75858.78906	 -290451.21875	  290457.21875
 11854	  105190.3125	  76668.10156	 -293238.40625	  293244.40625
 11855	  101837.60938	  77921.10156	 -297571.53125	  297577.53125
 11856	  67570.27344	  85991.39063	 -248141.82813	  248147.82813
 11861	  71145.59375	  78287.3125	 -262586.50	  262592.50
 11857	  61122.75781	  81437.51563	 -256923.29688	  256929.29688
 11856	  67570.27344	  85991.39063	 -248141.82813	  248147.82813
 11860	  77593.10938	  85760.39844	 -253616.96875	  253622.96875
 11861	  71145.59375	  78287.3125	 -262586.50	  262592.50
 11857	  61122.75781	  81437.51563	 -256923.29688	  256929.29688
 11862	  64698.06641	  79886.75781	 -270971.59375	  270977.59375
 11858	  54675.23438	  77638.05469	 -265656.1875	  265662.1875
 11857	  61122.75781	  81437.51563	 -256923.29688	  256929.29688
 11861	  71145.59375	  78287.3125	 -262586.50	  262592.50
 11862	  64698.06641	  79886.75781	 -270971.59375	  270977.59375
 11858	  54675.23438	  77638.05469	 -265656.1875	  265662.1875
 11863	  61345.36328	  80555.90625	 -275342.34375	  275348.34375
 11859	  51322.53125	  78487.60938	 -270015.28125	  270021.28125
 11858	  54675.23438	  77638.05469	 -265656.1875	  265662.1875
 11862	  64698.06641	  79886.75781	 -270971.59375	  270977.59375
 11863	  61345.36328	  80555.90625	 -275342.34375	  275348.34375
 11860	  77593.10938	  85760.39844	 -253616.96875	  253622.96875
 11865	  81168.42188	  79975.13281	 -267938.03125	  267944.03125
 11861	  71145.59375	  78287.3125	 -262586.50	  262592.50
 11860	  77593.10938	  85760.39844	 -253616.96875	  253622.96875
 11864	  87615.9375	  79851.69531	 -259457.875	  259463.875
 11865	  81168.42188	  79975.13281	 -267938.03125	  267944.03125
 11861	  71145.59375	  78287.3125	 -262586.50	  262592.50
 11866	  74720.89844	  80862.80469	 -276368.96875	  276374.96875
 11862	  64698.06641	  79886.75781	 -270971.59375	  270977.59375
 11861	  71145.59375	  78287.3125	 -262586.50	  262592.50
 11865	  81168.42188	  79975.13281	 -267938.03125	  267944.03125
 11866	  74720.89844	  80862.80469	 -276368.96875	  276374.96875
 11862	  64698.06641	  79886.75781	 -270971.59375	  270977.59375
 11867	  71368.19531	  78169.94531	 -280956.3125	  280962.3125
 11863	  61345.36328	  80555.90625	 -275342.34375	  275348.34375
 11862	  64698.06641	  79886.75781	 -270971.59375	  270977.59375
 11866	  74720.89844	  80862.80469	 -276368.96875	  276374.96875
 11867	  71368.19531	  78169.94531	 -280956.3125	  280962.3125
 11864	  87615.9375	  79851.69531	 -259457.875	  259463.875
 11869	  86380.29688	  80745.08594	 -270727.78125	  270733.78125
 11865	  81168.42188	  79975.13281	 -267938.03125	  267944.03125
 11864	  87615.9375	  79851.69531	 -259457.875	  259463.875
 11868	  92827.8125	  80780.72656	 -262237.375	  262243.375
 11869	  86380.29688	  80745.08594	 -270727.78125	  270733.78125
 11865	  81168.42188	  79975.13281	 -267938.03125	  267944.03125
 11870	  79932.77344	  81245.71875	 -279183.6875	  279189.6875
 11866	  74720.89844	  80862.80469	 -276368.96875	  276374.96875
 11865	  81168.42188	  79975.13281	 -267938.03125	  267944.03125
 11869	  86380.29688	  80745.08594	 -270727.78125	  270733.78125
 11870	  79932.77344	  81245.71875	 -279183.6875	  279189.6875
 11866	  74720.89844	  80862.80469	 -276368.96875	  276374.96875
 11871	  76580.07031	  74736.55469	 -284016.8125	  284022.8125
 11867	  71368.19531	  78169.94531	 -280956.3125	  280962.3125
 11866	  74720.89844	  80862.80469	 -276368.96875	  276374.96875
 11870	  79932.77344	  81245.71875	 -279183.6875	  279189.6875
 11871	  76580.07031	  74736.55469	 -284016.8125	  284022.8125
 11872	  42312.73828	  81563.71875	 -234667.1875	  234673.1875
 11877	  45888.05469	  79570.15625	 -248743.98438	  248749.98438
 11873	  35865.22266	  76645.76563	 -243472.125	  243478.125
 11872	  42312.73828	  81563.71875	 -234667.1875	  234673.1875
 11876	  52335.57031	  84045.30469	 -239967.57813	  239973.57813
 11877	  45888.05469	  79570.15625	 -248743.98438	  248749.98438
 11873	  35865.22266	  76645.76563	 -243472.125	  243478.125
 11878	  39440.53125	  76531.64844	 -257427.85938	  257433.85938
 11874	  29417.69922	  70474.85156	 -252357.78125	  252363.78125
 11873	  35865.22266	  76645.76563	 -243472.125	  243478.125
 11877	  45888.05469	  79570.15625	 -248743.98438	  248749.98438
 11878	  39440.53125	  76531.64844	 -257427.85938	  257433.85938
 11874	  29417.69922	  70474.85156	 -252357.78125	  252363.78125
 11879	  36087.82813	  72825.26563	 -262080.45313	  262086.45313
 11875	  26064.99609	  69244.875	 -256850.84375	  256856.84375
 11874	  29417.69922	  70474.85156	 -252357.78125	  252363.78125
 11878	  39440.53125	  76531.64844	 -257427.85938	  257433.85938
 11879	  36087.82813	  72825.26563	 -262080.45313	  262086.45313
 11876	  52335.57031	  84045.30469	 -239967.57813	  239973.57813
 11881	  55910.88672	  81310.45313	 -254092.14063	  254098.14063
 11877	  45888.05469	  79570.15625	 -248743.98438	  248749.98438
 11876	  52335.57031	  84045.30469	 -239967.57813	  239973.57813
 11880	  62358.40234	  84053.75781	 -245427.29688	  245433.29688
 11881	  55910.88672	  81310.45313	 -254092.14063	  254098.14063
 11877	  45888.05469	  79570.15625	 -248743.98438	  248749.98438
 11882	  49463.36328	  77560.1875	 -262821.875	  262827.875
 11878	  39440.53125	  76531.64844	 -257427.85938	  257433.85938
 11877	  45888.05469	  79570.15625	 -248743.98438	  248749.98438
 11881	  55910.88672	  81310.45313	 -254092.14063	  254098.14063
 11882	  49463.36328	  77560.1875	 -262821.875	  262827.875
 11878	  39440.53125	  76531.64844	 -257427.85938	  257433.85938
 11883	  46110.66016	  76832.05469	 -267282.59375	  267288.59375
 11879	  36087.82813	  72825.26563	 -262080.45313	  262086.45313
 11878	  39440.53125	  76531.64844	 -257427.85938	  257433.85938
 11882	  49463.36328	  77560.1875	 -262821.875	  262827.875
 11883	  46110.66016	  76832.05469	 -267282.59375	  267288.59375
 11880	  62358.40234	  84053.75781	 -245427.29688	  245433.29688
 11885	  61122.75781	  81437.51563	 -256923.29688	  256929.29688
 11881	  55910.88672	  81310.45313	 -254092.14063	  254098.14063
 11880	  62358.40234	  84053.75781	 -245427.29688	  245433.29688
 11884	  67570.27344	  85991.39063	 -248141.82813	  248147.82813
 11885	  61122.75781	  81437.51563	 -256923.29688	  256929.29688
 11881	  55910.88672	  81310.45313	 -254092.14063	  254098.14063
 11886	  54675.23438	  77638.05469	 -265656.1875	  265662.1875
 11882	  49463.36328	  77560.1875	 -262821.875	  262827.875
 11881	  55910.88672	  81310.45313	 -254092.14063	  254098.14063
 11885	  61122.75781	  81437.51563	 -256923.29688	  256929.29688
 11886	  54675.23438	  77638.05469	 -265656.1875	  265662.1875
 11882	  49463.36328	  77560.1875	 -262821.875	  262827.875
 11887	  51322.53125	  78487.60938	 -270015.28125	  270021.28125
 11883	  46110.66016	  76832.05469	 -267282.59375	  267288.59375
 11882	  49463.36328	  77560.1875	 -262821.875	  262827.875
 11886	  54675.23438	  77638.05469	 -265656.1875	  265662.1875
 11887	  51322.53125	  78487.60938	 -270015.28125	  270021.28125
 11888	  17055.20117	  63425.58203	 -222075.76563	  222081.76563
 11893	  20630.51758	  69405.73438	 -235638.92188	  235644.92188
 11889	  10607.68457	  62647.00781	 -230614.03125	  230620.03125
 11888	  17055.20117	  63425.58203	 -222075.76563	  222081.76563
 11892	  27078.0332	  71161.75	 -227037.67188	  227043.67188
 11893	  20630.51758	  69405.73438	 -235638.92188	  235644.92188
 11889	  10607.68457	  62647.00781	 -230614.03125	  230620.03125
 11894	  14182.99316	  63943.29688	 -244478.9375	  244484.9375
 11890	  4160.16113	  62329.28125	 -239122.64063	  239128.64063
 11889	  10607.68457	  62647.00781	 -230614.03125	  230620.03125
 11893	  20630.51758	  69405.73438	 -235638.92188	  235644.92188
 11894	  14182.99316	  63943.29688	 -244478.9375	  244484.9375
 11890	  4160.16113	  62329.28125	 -239122.64063	  239128.64063
 11895	  10830.29004	  65142.17578	 -248815.53125	  248821.53125
 11891	  807.45819	  63598.67578	 -243454.6875	  243460.6875
 11890	  4160.16113	  62329.28125	 -239122.64063	  239128.64063
 11894	  14182.99316	  63943.29688	 -244478.9375	  244484.9375
 11895	  10830.29004	  65142.17578	 -248815.53125	  248821.53125
 11892	  27078.0332	  71161.75	 -227037.67188	  227043.67188
 11897	  30653.34961	  72904.11719	 -240873.8125	  240879.8125
 11893	  20630.51758	  69405.73438	 -235638.92188	  235644.92188
 11892	  27078.0332	  71161.75	 -227037.67188	  227043.67188
 11896	  37100.86328	  79016.00	 -231991.96875	  231997.96875
 11897	  30653.34961	  72904.11719	 -240873.8125	  240879.8125
 11893	  20630.51758	  69405.73438	 -235638.92188	  235644.92188
 11898	  24205.82617	  67297.36719	 -249723.125	  249729.125
 11894	  14182.99316	  63943.29688	 -244478.9375	  244484.9375
 11893	  20630.51758	  69405.73438	 -235638.92188	  235644.92188
 11897	  30653.34961	  72904.11719	 -240873.8125	  240879.8125
 11898	  24205.82617	  67297.36719	 -249723.125	  249729.125
 11894	  14182.99316	  63943.29688	 -244478.9375	  244484.9375
 11899	  20853.12305	  67303.95313	 -254136.53125	  254142.53125
 11895	  10830.29004	  65142.17578	 -248815.53125	  248821.53125
 11894	  14182.99316	  63943.29688	 -244478.9375	  244484.9375
 11898	  24205.82617	  67297.36719	 -249723.125	  249729.125
 11899	  20853.12305	  67303.95313	 -254136.53125	  254142.53125
 11896	  37100.86328	  79016.00	 -231991.96875	  231997.96875
 11901	  35865.22266	  76645.76563	 -243472.125	  243478.125
 11897	  30653.34961	  72904.11719	 -240873.8125	  240879.8125
 11896	  37100.86328	  79016.00	 -231991.96875	  231997.96875
 11900	  42312.73828	  81563.71875	 -234667.1875	  234673.1875
 11901	  35865.22266	  76645.76563	 -243472.125	  243478.125
 11897	  30653.34961	  72904.11719	 -240873.8125	  240879.8125
 11902	  29417.69922	  70474.85156	 -252357.78125	  252363.78125
 11898	  24205.82617	  67297.36719	 -249723.125	  249729.125
 11897	  30653.34961	  72904.11719	 -240873.8125	  240879.8125
 11901	  35865.22266	  76645.76563	 -243472.125	  243478.125
 11902	  29417.69922	  70474.85156	 -252357.78125	  252363.78125
 11898	  24205.82617	  67297.36719	 -249723.125	  249729.125
 11903	  26064.99609	  69244.875	 -256850.84375	  256856.84375
 11899	  20853.12305	  67303.95313	 -254136.53125	  254142.53125
 11898	  24205.82617	  67297.36719	 -249723.125	  249729.125
 11902	  29417.69922	  70474.85156	 -252357.78125	  252363.78125
 11903	  26064.99609	  69244.875	 -256850.84375	  256856.84375
 11904	 -8202.33691	  56006.53516	 -208793.82813	  208799.82813
 11909	 -4627.02002	  59864.51953	 -222493.67188	  222499.67188
 11905	 -14649.85254	  54760.5625	 -217362.21875	  217368.21875
 11904	 -8202.33691	  56006.53516	 -208793.82813	  208799.82813
 11908	  1820.49548	  57891.15625	 -214132.6875	  214138.6875
 11909	 -4627.02002	  59864.51953	 -222493.67188	  222499.67188
 11905	 -14649.85254	  54760.5625	 -217362.21875	  217368.21875
 11910	 -11074.54395	  60010.91406	 -230972.375	  230978.375
 11906	 -21097.375	  57137.36719	 -225697.23438	  225703.23438
 11905	 -14649.85254	  54760.5625	 -217362.21875	  217368.21875
 11909	 -4627.02002	  59864.51953	 -222493.67188	  222499.67188
 11910	 -11074.54395	  60010.91406	 -230972.375	  230978.375
 11906	 -21097.375	  57137.36719	 -225697.23438	  225703.23438
 11911	 -14427.24707	  61242.58984	 -235306.85938	  235312.85938
 11907	 -24450.07813	  58390.36719	 -230030.34375	  230036.34375
 11906	 -21097.375	  57137.36719	 -225697.23438	  225703.23438
 11910	 -11074.54395	  60010.91406	 -230972.375	  230978.375
 11911	 -14427.24707	  61242.58984	 -235306.85938	  235312.85938
 11908	  1820.49548	  57891.15625	 -214132.6875	  214138.6875
 11913	  5395.81201	  62004.98438	 -227816.0625	  227822.0625
 11909	 -4627.02002	  59864.51953	 -222493.67188	  222499.67188
 11908	  1820.49548	  57891.15625	 -214132.6875	  214138.6875
 11912	  11843.32813	  59306.73438	 -219501.76563	  219507.76563
 11913	  5395.81201	  62004.98438	 -227816.0625	  227822.0625
 11909	 -4627.02002	  59864.51953	 -222493.67188	  222499.67188
 11914	 -1051.71143	  61613.44922	 -236329.42188	  236335.42188
 11910	 -11074.54395	  60010.91406	 -230972.375	  230978.375
 11909	 -4627.02002	  59864.51953	 -222493.67188	  222499.67188
 11913	  5395.81201	  62004.98438	 -227816.0625	  227822.0625
 11914	 -1051.71143	  61613.44922	 -236329.42188	  236335.42188
 11910	 -11074.54395	  60010.91406	 -230972.375	  230978.375
 11915	 -4404.41455	  62792.65234	 -240667.28125	  240673.28125
 11911	 -14427.24707	  61242.58984	 -235306.85938	  235312.85938
 11910	 -11074.54395	  60010.91406	 -230972.375	  230978.375
 11914	 -1051.71143	  61613.44922	 -236329.42188	  236335.42188
 11915	 -4404.41455	  62792.65234	 -240667.28125	  240673.28125
 11912	  11843.32813	  59306.73438	 -219501.76563	  219507.76563
 11917	  10607.68457	  62647.00781	 -230614.03125	  230620.03125
 11913	  5395.81201	  62004.98438	 -227816.0625	  227822.0625
 11912	  11843.32813	  59306.73438	 -219501.76563	  219507.76563
 11916	  17055.20117	  63425.58203	 -222075.76563	  222081.76563
 11917	  10607.68457	  62647.00781	 -230614.03125	  230620.03125
 11913	  5395.81201	  62004.98438	 -227816.0625	  227822.0625
 11918	  4160.16113	  62329.28125	 -239122.64063	  239128.64063
 11914	 -1051.71143	  61613.44922	 -236329.42188	  236335.42188
 11913	  5395.81201	  62004.98438	 -227816.0625	  227822.0625
 11917	  10607.68457	  62647.00781	 -230614.03125	  230620.03125
 11918	  4160.16113	  62329.28125	 -239122.64063	  239128.64063
 11914	 -1051.71143	  61613.44922	 -236329.42188	  236335.42188
 11919	  807.45819	  63598.67578	 -243454.6875	  243460.6875
 11915	 -4404.41455	  62792.65234	 -240667.28125	  240673.28125
 11914	 -1051.71143	  61613.44922	 -236329.42188	  236335.42188
 11918	  4160.16113	  62329.28125	 -239122.64063	  239128.64063
 11919	  807.45819	  63598.67578	 -243454.6875	  243460.6875
 11920	 -33459.875	  48412.01172	 -195523.20313	  195529.20313
 11925	 -29884.55664	  52368.39453	 -209216.70313	  209222.70313
 11921	 -39907.39063	  50821.61719	 -203856.09375	  203862.09375
 11920	 -33459.875	  48412.01172	 -195523.20313	  195529.20313
 11924	 -23437.04102	  49958.78906	 -200883.8125	  200889.8125
 11925	 -29884.55664	  52368.39453	 -209216.70313	  209222.70313
 11921	 -39907.39063	  50821.61719	 -203856.09375	  203862.09375
 11926	 -36332.08203	  54778.00	 -217549.60938	  217555.60938
 11922	 -46354.91406	  53231.22266	 -212189.00	  212195.00
 11921	 -39907.39063	  50821.61719	 -203856.09375	  203862.09375
 11925	 -29884.55664	  52368.39453	 -209216.70313	  209222.70313
 11926	 -36332.08203	  54778.00	 -217549.60938	  217555.60938
 11922	 -46354.91406	  53231.22266	 -212189.00	  212195.00
 11927	 -39684.78516	  56030.99609	 -221882.71875	  221888.71875
 11923	 -49707.61719	  54484.21875	 -216522.10938	  216528.10938
 11922	 -46354.91406	  53231.22266	 -212189.00	  212195.00
 11926	 -36332.08203	  54778.00	 -217549.60938	  217555.60938
 11927	 -39684.78516	  56030.99609	 -221882.71875	  221888.71875
 11924	 -23437.04102	  49958.78906	 -200883.8125	  200889.8125
 11929	 -19861.72461	  53921.73438	 -214576.90625	  214582.90625
 11925	 -29884.55664	  52368.39453	 -209216.70313	  209222.70313
 11924	 -23437.04102	  49958.78906	 -200883.8125	  200889.8125
 11928	 -13414.20898	  55180.82813	 -206007.67188	  206013.67188
 11929	 -19861.72461	  53921.73438	 -214576.90625	  214582.90625
 11925	 -29884.55664	  52368.39453	 -209216.70313	  209222.70313
 11930	 -26309.24805	  56331.33984	 -222909.8125	  222915.8125
 11926	 -36332.08203	  54778.00	 -217549.60938	  217555.60938
 11925	 -29884.55664	  52368.39453	 -209216.70313	  209222.70313
 11929	 -19861.72461	  53921.73438	 -214576.90625	  214582.90625
 11930	 -26309.24805	  56331.33984	 -222909.8125	  222915.8125
 11926	 -36332.08203	  54778.00	 -217549.60938	  217555.60938
 11931	 -29661.95117	  57584.33594	 -227242.92188	  227248.92188
 11927	 -39684.78516	  56030.99609	 -221882.71875	  221888.71875
 11926	 -36332.08203	  54778.00	 -217549.60938	  217555.60938
 11930	 -26309.24805	  56331.33984	 -222909.8125	  222915.8125
 11931	 -29661.95117	  57584.33594	 -227242.92188	  227248.92188
 11928	 -13414.20898	  55180.82813	 -206007.67188	  206013.67188
 11933	 -14649.85254	  54760.5625	 -217362.21875	  217368.21875
 11929	 -19861.72461	  53921.73438	 -214576.90625	  214582.90625
 11928	 -13414.20898	  55180.82813	 -206007.67188	  206013.67188
 11932	 -8202.33691	  56006.53516	 -208793.82813	  208799.82813
 11933	 -14649.85254	  54760.5625	 -217362.21875	  217368.21875
 11929	 -19861.72461	  53921.73438	 -214576.90625	  214582.90625
 11934	 -21097.375	  57137.36719	 -225697.23438	  225703.23438
 11930	 -26309.24805	  56331.33984	 -222909.8125	  222915.8125
 11929	 -19861.72461	  53921.73438	 -214576.90625	  214582.90625
 11933	 -14649.85254	  54760.5625	 -217362.21875	  217368.21875
 11934	 -21097.375	  57137.36719	 -225697.23438	  225703.23438
 11930	 -26309.24805	  56331.33984	 -222909.8125	  222915.8125
 11935	 -24450.07813	  58390.36719	 -230030.34375	  230036.34375
 11931	 -29661.95117	  57584.33594	 -227242.92188	  227248.92188
 11930	 -26309.24805	  56331.33984	 -222909.8125	  222915.8125
 11934	 -21097.375	  57137.36719	 -225697.23438	  225703.23438
 11935	 -24450.07813	  58390.36719	 -230030.34375	  230036.34375
 11936	 -58717.41016	  44532.10156	 -182013.26563	  182019.26563
 11941	 -55142.09375	  48465.52734	 -195708.26563	  195714.26563
 11937	 -65164.92578	  46912.1875	 -190348.04688	  190354.04688
 11936	 -58717.41016	  44532.10156	 -182013.26563	  182019.26563
 11940	 -48694.57813	  46055.92188	 -187375.375	  187381.375
 11941	 -55142.09375	  48465.52734	 -195708.26563	  195714.26563
 11937	 -65164.92578	  46912.1875	 -190348.04688	  190354.04688
 11942	 -61589.61719	  50875.13281	 -204041.17188	  204047.17188
 11938	 -71612.45313	  49321.79297	 -198680.95313	  198686.95313
 11937	 -65164.92578	  46912.1875	 -190348.04688	  190354.04688
 11941	 -55142.09375	  48465.52734	 -195708.26563	  195714.26563
 11942	 -61589.61719	  50875.13281	 -204041.17188	  204047.17188
 11938	 -71612.45313	  49321.79297	 -198680.95313	  198686.95313
 11943	 -64942.32031	  52128.12891	 -208374.28125	  208380.28125
 11939	 -74965.15625	  50574.78906	 -203014.0625	  203020.0625
 11938	 -71612.45313	  49321.79297	 -198680.95313	  198686.95313
 11942	 -61589.61719	  50875.13281	 -204041.17188	  204047.17188
 11943	 -64942.32031	  52128.12891	 -208374.28125	  208380.28125
 11940	 -48694.57813	  46055.92188	 -187375.375	  187381.375
 11945	 -45119.26172	  50018.86719	 -201068.45313	  201074.45313
 11941	 -55142.09375	  48465.52734	 -195708.26563	  195714.26563
 11940	 -48694.57813	  46055.92188	 -187375.375	  187381.375
 11944	 -38671.74609	  47609.26172	 -192735.5625	  192741.5625
 11945	 -45119.26172	  50018.86719	 -201068.45313	  201074.45313
 11941	 -55142.09375	  48465.52734	 -195708.26563	  195714.26563
 11946	 -51566.78516	  52428.47266	 -209401.35938	  209407.35938
 11942	 -61589.61719	  50875.13281	 -204041.17188	  204047.17188
 11941	 -55142.09375	  48465.52734	 -195708.26563	  195714.26563
 11945	 -45119.26172	  50018.86719	 -201068.45313	  201074.45313
 11946	 -51566.78516	  52428.47266	 -209401.35938	  209407.35938
 11942	 -61589.61719	  50875.13281	 -204041.17188	  204047.17188
 11947	 -54919.48828	  53681.46875	 -213734.46875	  213740.46875
 11943	 -64942.32031	  52128.12891	 -208374.28125	  208380.28125
 11942	 -61589.61719	  50875.13281	 -204041.17188	  204047.17188
 11946	 -51566.78516	  52428.47266	 -209401.35938	  209407.35938
 11947	 -54919.48828	  53681.46875	 -213734.46875	  213740.46875
 11944	 -38671.74609	  47609.26172	 -192735.5625	  192741.5625
 11949	 -39907.39063	  50821.61719	 -203856.09375	  203862.09375
 11945	 -45119.26172	  50018.86719	 -201068.45313	  201074.45313
 11944	 -38671.74609	  47609.26172	 -192735.5625	  192741.5625
 11948	 -33459.875	  48412.01172	 -195523.20313	  195529.20313
 11949	 -39907.39063	  50821.61719	 -203856.09375	  203862.09375
 11945	 -45119.26172	  50018.86719	 -201068.45313	  201074.45313
 11950	 -46354.91406	  53231.22266	 -212189.00	  212195.00
 11946	 -51566.78516	  52428.47266	 -209401.35938	  209407.35938
 11945	 -45119.26172	  50018.86719	 -201068.45313	  201074.45313
 11949	 -39907.39063	  50821.61719	 -203856.09375	  203862.09375
 11950	 -46354.91406	  53231.22266	 -212189.00	  212195.00
 11946	 -51566.78516	  52428.47266	 -209401.35938	  209407.35938
 11951	 -49707.61719	  54484.21875	 -216522.10938	  216528.10938
 11947	 -54919.48828	  53681.46875	 -213734.46875	  213740.46875
 11946	 -51566.78516	  52428.47266	 -209401.35938	  209407.35938
 11950	 -46354.91406	  53231.22266	 -212189.00	  212195.00
 11951	 -49707.61719	  54484.21875	 -216522.10938	  216528.10938
 11952	 -83974.94531	  41121.23828	 -168473.125	  168479.125
 11957	 -80399.63281	  44588.89844	 -182198.10938	  182204.10938
 11953	 -90422.46094	  43773.5625	 -176790.375	  176796.375
 11952	 -83974.94531	  41121.23828	 -168473.125	  168479.125
 11956	 -73952.11719	  42179.29297	 -173865.21875	  173871.21875
 11957	 -80399.63281	  44588.89844	 -182198.10938	  182204.10938
 11953	 -90422.46094	  43773.5625	 -176790.375	  176796.375
 11958	 -86847.15625	  46968.98438	 -190532.92188	  190538.92188
 11954	 -96869.98438	  46439.01172	 -185106.79688	  185112.79688
 11953	 -90422.46094	  43773.5625	 -176790.375	  176796.375
 11957	 -80399.63281	  44588.89844	 -182198.10938	  182204.10938
 11958	 -86847.15625	  46968.98438	 -190532.92188	  190538.92188
 11954	 -96869.98438	  46439.01172	 -185106.79688	  185112.79688
 11959	 -90199.85938	  48221.98047	 -194866.03125	  194872.03125
 11955	 -100222.6875	  47708.40625	 -189438.85938	  189444.85938
 11954	 -96869.98438	  46439.01172	 -185106.79688	  185112.79688
 11958	 -86847.15625	  46968.98438	 -190532.92188	  190538.92188
 11959	 -90199.85938	  48221.98047	 -194866.03125	  194872.03125
 11956	 -73952.11719	  42179.29297	 -173865.21875	  173871.21875
 11961	 -70376.79688	  46138.95703	 -187558.53125	  187564.53125
 11957	 -80399.63281	  44588.89844	 -182198.10938	  182204.10938
 11956	 -73952.11719	  42179.29297	 -173865.21875	  173871.21875
 11960	 -63929.28516	  43729.35156	 -179225.64063	  179231.64063
 11961	 -70376.79688	  46138.95703	 -187558.53125	  187564.53125
 11957	 -80399.63281	  44588.89844	 -182198.10938	  182204.10938
 11962	 -76824.32031	  48519.04297	 -195893.34375	  195899.34375
 11958	 -86847.15625	  46968.98438	 -190532.92188	  190538.92188
 11957	 -80399.63281	  44588.89844	 -182198.10938	  182204.10938
 11961	 -70376.79688	  46138.95703	 -187558.53125	  187564.53125
 11962	 -76824.32031	  48519.04297	 -195893.34375	  195899.34375
 11958	 -86847.15625	  46968.98438	 -190532.92188	  190538.92188
 11963	 -80177.02344	  49772.03906	 -200226.45313	  200232.45313
 11959	 -90199.85938	  48221.98047	 -194866.03125	  194872.03125
 11958	 -86847.15625	  46968.98438	 -190532.92188	  190538.92188
 11962	 -76824.32031	  48519.04297	 -195893.34375	  195899.34375
 11963	 -80177.02344	  49772.03906	 -200226.45313	  200232.45313
 11960	 -63929.28516	  43729.35156	 -179225.64063	  179231.64063
 11965	 -65164.92578	  46912.1875	 -190348.04688	  190354.04688
 11961	 -70376.79688	  46138.95703	 -187558.53125	  187564.53125
 11960	 -63929.28516	  43729.35156	 -179225.64063	  179231.64063
 11964	 -58717.41016	  44532.10156	 -182013.26563	  182019.26563
 11965	 -65164.92578	  46912.1875	 -190348.04688	  190354.04688
 11961	 -70376.79688	  46138.95703	 -187558.53125	  187564.53125
 11966	 -71612.45313	  49321.79297	 -198680.95313	  198686.95313
 11962	 -76824.32031	  48519.04297	 -195893.34375	  195899.34375
 11961	 -70376.79688	  46138.95703	 -187558.53125	  187564.53125
 11965	 -65164.92578	  46912.1875	 -190348.04688	  190354.04688
 11966	 -71612.45313	  49321.79297	 -198680.95313	  198686.95313
 11962	 -76824.32031	  48519.04297	 -195893.34375	  195899.34375
 11967	 -74965.15625	  50574.78906	 -203014.0625	  203020.0625
 11963	 -80177.02344	  49772.03906	 -200226.45313	  200232.45313
 11962	 -76824.32031	  48519.04297	 -195893.34375	  195899.34375
 11966	 -71612.45313	  49321.79297	 -198680.95313	  198686.95313
 11967	 -74965.15625	  50574.78906	 -203014.0625	  203020.0625
 11968	 -109232.48438	  39132.26172	 -154841.375	  154847.375
 11973	 -105657.17188	  43593.76953	 -168502.34375	  168508.34375
 11969	 -115680.00	  42056.83203	 -163141.09375	  163147.09375
 11968	 -109232.48438	  39132.26172	 -154841.375	  154847.375
 11972	 -99209.65625	  41264.52344	 -160164.28125	  160170.28125
 11973	 -105657.17188	  43593.76953	 -168502.34375	  168508.34375
 11969	 -115680.00	  42056.83203	 -163141.09375	  163147.09375
 11974	 -112104.69531	  45304.73047	 -176880.26563	  176886.26563
 11970	 -122127.52344	  43359.42969	 -171545.3125	  171551.3125
 11969	 -115680.00	  42056.83203	 -163141.09375	  163147.09375
 11973	 -105657.17188	  43593.76953	 -168502.34375	  168508.34375
 11974	 -112104.69531	  45304.73047	 -176880.26563	  176886.26563
 11970	 -122127.52344	  43359.42969	 -171545.3125	  171551.3125
 11975	 -115457.39844	  46203.48438	 -181236.1875	  181242.1875
 11971	 -125480.22656	  44669.82813	 -175874.73438	  175880.73438
 11970	 -122127.52344	  43359.42969	 -171545.3125	  171551.3125
 11974	 -112104.69531	  45304.73047	 -176880.26563	  176886.26563
 11975	 -115457.39844	  46203.48438	 -181236.1875	  181242.1875
 11972	 -99209.65625	  41264.52344	 -160164.28125	  160170.28125
 11977	 -95634.33594	  43416.89844	 -173974.00	  173980.00
 11973	 -105657.17188	  43593.76953	 -168502.34375	  168508.34375
 11972	 -99209.65625	  41264.52344	 -160164.28125	  160170.28125
 11976	 -89186.82031	  40820.33203	 -165653.15625	  165659.15625
 11977	 -95634.33594	  43416.89844	 -173974.00	  173980.00
 11973	 -105657.17188	  43593.76953	 -168502.34375	  168508.34375
 11978	 -102081.85938	  46165.98438	 -182285.04688	  182291.04688
 11974	 -112104.69531	  45304.73047	 -176880.26563	  176886.26563
 11973	 -105657.17188	  43593.76953	 -168502.34375	  168508.34375
 11977	 -95634.33594	  43416.89844	 -173974.00	  173980.00
 11978	 -102081.85938	  46165.98438	 -182285.04688	  182291.04688
 11974	 -112104.69531	  45304.73047	 -176880.26563	  176886.26563
 11979	 -105434.5625	  47189.37891	 -186632.9375	  186638.9375
 11975	 -115457.39844	  46203.48438	 -181236.1875	  181242.1875
 11974	 -112104.69531	  45304.73047	 -176880.26563	  176886.26563
 11978	 -102081.85938	  46165.98438	 -182285.04688	  182291.04688
 11979	 -105434.5625	  47189.37891	 -186632.9375	  186638.9375
 11976	 -89186.82031	  40820.33203	 -165653.15625	  165659.15625
 11981	 -90422.46094	  43773.5625	 -176790.375	  176796.375
 11977	 -95634.33594	  43416.89844	 -173974.00	  173980.00
 11976	 -89186.82031	  40820.33203	 -165653.15625	  165659.15625
 11980	 -83974.94531	  41121.23828	 -168473.125	  168479.125
 11981	 -90422.46094	  43773.5625	 -176790.375	  176796.375
 11977	 -95634.33594	  43416.89844	 -173974.00	  173980.00
 11982	 -96869.98438	  46439.01172	 -185106.79688	  185112.79688
 11978	 -102081.85938	  46165.98438	 -182285.04688	  182291.04688
 11977	 -95634.33594	  43416.89844	 -173974.00	  173980.00
 11981	 -90422.46094	  43773.5625	 -176790.375	  176796.375
 11982	 -96869.98438	  46439.01172	 -185106.79688	  185112.79688
 11978	 -102081.85938	  46165.98438	 -182285.04688	  182291.04688
 11983	 -100222.6875	  47708.40625	 -189438.85938	  189444.85938
 11979	 -105434.5625	  47189.37891	 -186632.9375	  186638.9375
 11978	 -102081.85938	  46165.98438	 -182285.04688	  182291.04688
 11982	 -96869.98438	  46439.01172	 -185106.79688	  185112.79688
 11983	 -100222.6875	  47708.40625	 -189438.85938	  189444.85938
 11984	 -134490.01563	  38916.13281	 -141095.42188	  141101.42188
 11989	 -130914.70313	  41396.50781	 -154884.03125	  154890.03125
 11985	 -140937.53125	  41588.14063	 -149411.40625	  149417.40625
 11984	 -134490.01563	  38916.13281	 -141095.42188	  141101.42188
 11988	 -124467.1875	  40272.67188	 -146468.3125	  146474.3125
 11989	 -130914.70313	  41396.50781	 -154884.03125	  154890.03125
 11985	 -140937.53125	  41588.14063	 -149411.40625	  149417.40625
 11990	 -137362.23438	  41224.74219	 -163383.23438	  163389.23438
 11986	 -147385.0625	  43108.85938	 -157801.57813	  157807.57813
 11985	 -140937.53125	  41588.14063	 -149411.40625	  149417.40625
 11989	 -130914.70313	  41396.50781	 -154884.03125	  154890.03125
 11990	 -137362.23438	  41224.74219	 -163383.23438	  163389.23438
 11986	 -147385.0625	  43108.85938	 -157801.57813	  157807.57813
 11991	 -140714.9375	  42566.29688	 -167710.625	  167716.625
 11987	 -150737.76563	  42971.12891	 -162224.28125	  162230.28125
 11986	 -147385.0625	  43108.85938	 -157801.57813	  157807.57813
 11990	 -137362.23438	  41224.74219	 -163383.23438	  163389.23438
 11991	 -140714.9375	  42566.29688	 -167710.625	  167716.625
 11988	 -124467.1875	  40272.67188	 -146468.3125	  146474.3125
 11993	 -120891.875	  40561.99609	 -160398.04688	  160404.04688
 11989	 -130914.70313	  41396.50781	 -154884.03125	  154890.03125
 11988	 -124467.1875	  40272.67188	 -146468.3125	  146474.3125
 11992	 -114444.35938	  40238.48047	 -151930.76563	  151936.76563
 11993	 -120891.875	  40561.99609	 -160398.04688	  160404.04688
 11989	 -130914.70313	  41396.50781	 -154884.03125	  154890.03125
 11994	 -127339.39844	  42830.55859	 -168740.04688	  168746.04688
 11990	 -137362.23438	  41224.74219	 -163383.23438	  163389.23438
 11989	 -130914.70313	  41396.50781	 -154884.03125	  154890.03125
 11993	 -120891.875	  40561.99609	 -160398.04688	  160404.04688
 11994	 -127339.39844	  42830.55859	 -168740.04688	  168746.04688
 11990	 -137362.23438	  41224.74219	 -163383.23438	  163389.23438
 11995	 -130692.10156	  44240.99609	 -173063.01563	  173069.01563
 11991	 -140714.9375	  42566.29688	 -167710.625	  167716.625
 11990	 -137362.23438	  41224.74219	 -163383.23438	  163389.23438
 11994	 -127339.39844	  42830.55859	 -168740.04688	  168746.04688
 11995	 -130692.10156	  44240.99609	 -173063.01563	  173069.01563
 11992	 -114444.35938	  40238.48047	 -151930.76563	  151936.76563
 11997	 -115680.00	  42056.83203	 -163141.09375	  163147.09375
 11993	 -120891.875	  40561.99609	 -160398.04688	  160404.04688
 11992	 -114444.35938	  40238.48047	 -151930.76563	  151936.76563
 11996	 -109232.48438	  39132.26172	 -154841.375	  154847.375
 11997	 -115680.00	  42056.83203	 -163141.09375	  163147.09375
 11993	 -120891.875	  40561.99609	 -160398.04688	  160404.04688
 11998	 -122127.52344	  43359.42969	 -171545.3125	  171551.3125
 11994	 -127339.39844	  42830.55859	 -168740.04688	  168746.04688
 11993	 -120891.875	  40561.99609	 -160398.04688	  160404.04688
 11997	 -115680.00	  42056.83203	 -163141.09375	  163147.09375
 11998	 -122127.52344	  43359.42969	 -171545.3125	  171551.3125
 11994	 -127339.39844	  42830.55859	 -168740.04688	  168746.04688
 11999	 -125480.22656	  44669.82813	 -175874.73438	  175880.73438
 11995	 -130692.10156	  44240.99609	 -173063.01563	  173069.01563
 11994	 -127339.39844	  42830.55859	 -168740.04688	  168746.04688
 11998	 -122127.52344	  43359.42969	 -171545.3125	  171551.3125
 11999	 -125480.22656	  44669.82813	 -175874.73438	  175880.73438
 12000	 -159747.5625	  36781.19531	 -127473.08594	  127479.08594
 12005	 -156172.25	  43305.83594	 -141001.14063	  141007.14063
 12001	 -166195.07813	  43845.14844	 -135506.14063	  135512.14063
 12000	 -159747.5625	  36781.19531	 -127473.08594	  127479.08594
 12004	 -149724.73438	  37917.97266	 -132860.10938	  132866.10938
 12005	 -156172.25	  43305.83594	 -141001.14063	  141007.14063
 12001	 -166195.07813	  43845.14844	 -135506.14063	  135512.14063
 12006	 -162619.76563	  48460.8125	 -149157.1875	  149163.1875
 12002	 -172642.59375	  52558.94531	 -143432.9375	  143438.9375
 12001	 -166195.07813	  43845.14844	 -135506.14063	  135512.14063
 12005	 -156172.25	  43305.83594	 -141001.14063	  141007.14063
 12006	 -162619.76563	  48460.8125	 -149157.1875	  149163.1875
 12002	 -172642.59375	  52558.94531	 -143432.9375	  143438.9375
 12007	 -165972.46875	  51157.01563	 -153397.32813	  153403.32813
 12003	 -175995.29688	  53602.01953	 -147779.5625	  147785.5625
 12002	 -172642.59375	  52558.94531	 -143432.9375	  143438.9375
 12006	 -162619.76563	  48460.8125	 -149157.1875	  149163.1875
 12007	 -165972.46875	  51157.01563	 -153397.32813	  153403.32813
 12004	 -149724.73438	  37917.97266	 -132860.10938	  132866.10938
 12009	 -146149.40625	  41306.91406	 -146590.1875	  146596.1875
 12005	 -156172.25	  43305.83594	 -141001.14063	  141007.14063
 12004	 -149724.73438	  37917.97266	 -132860.10938	  132866.10938
 12008	 -139701.89063	  38398.74609	 -138289.42188	  138295.42188
 12009	 -146149.40625	  41306.91406	 -146590.1875	  146596.1875
 12005	 -156172.25	  43305.83594	 -141001.14063	  141007.14063
 12010	 -152596.9375	  46940.77734	 -154715.39063	  154721.39063
 12006	 -162619.76563	  48460.8125	 -149157.1875	  149163.1875
 12005	 -156172.25	  43305.83594	 -141001.14063	  141007.14063
 12009	 -146149.40625	  41306.91406	 -146590.1875	  146596.1875
 12010	 -152596.9375	  46940.77734	 -154715.39063	  154721.39063
 12006	 -162619.76563	  48460.8125	 -149157.1875	  149163.1875
 12011	 -155949.64063	  47377.04688	 -159101.10938	  159107.10938
 12007	 -165972.46875	  51157.01563	 -153397.32813	  153403.32813
 12006	 -162619.76563	  48460.8125	 -149157.1875	  149163.1875
 12010	 -152596.9375	  46940.77734	 -154715.39063	  154721.39063
 12011	 -155949.64063	  47377.04688	 -159101.10938	  159107.10938
 12008	 -139701.89063	  38398.74609	 -138289.42188	  138295.42188
 12013	 -140937.53125	  41588.14063	 -149411.40625	  149417.40625
 12009	 -146149.40625	  41306.91406	 -146590.1875	  146596.1875
 12008	 -139701.89063	  38398.74609	 -138289.42188	  138295.42188
 12012	 -134490.01563	  38916.13281	 -141095.42188	  141101.42188
 12013	 -140937.53125	  41588.14063	 -149411.40625	  149417.40625
 12009	 -146149.40625	  41306.91406	 -146590.1875	  146596.1875
 12014	 -147385.0625	  43108.85938	 -157801.57813	  157807.57813
 12010	 -152596.9375	  46940.77734	 -154715.39063	  154721.39063
 12009	 -146149.40625	  41306.91406	 -146590.1875	  146596.1875
 12013	 -140937.53125	  41588.14063	 -149411.40625	  149417.40625
 12014	 -147385.0625	  43108.85938	 -157801.57813	  157807.57813
 12010	 -152596.9375	  46940.77734	 -154715.39063	  154721.39063
 12015	 -150737.76563	  42971.12891	 -162224.28125	  162230.28125
 12011	 -155949.64063	  47377.04688	 -159101.10938	  159107.10938
 12010	 -152596.9375	  46940.77734	 -154715.39063	  154721.39063
 12014	 -147385.0625	  43108.85938	 -157801.57813	  157807.57813
 12015	 -150737.76563	  42971.12891	 -162224.28125	  162230.28125
 12016	 -185005.09375	  35695.86328	 -113783.125	  113789.125
 12021	 -181429.78125	  45552.99609	 -127096.51563	  127102.51563
 12017	 -191452.60938	  44383.42188	 -121711.58594	  121717.58594
 12016	 -185005.09375	  35695.86328	 -113783.125	  113789.125
 12020	 -174982.26563	  38118.40625	 -119087.33594	  119093.33594
 12021	 -181429.78125	  45552.99609	 -127096.51563	  127102.51563
 12017	 -191452.60938	  44383.42188	 -121711.58594	  121717.58594
 12022	 -187877.29688	  52141.34375	 -135160.21875	  135166.21875
 12018	 -197900.14063	  49951.68359	 -129841.01563	  129847.01563
 12017	 -191452.60938	  44383.42188	 -121711.58594	  121717.58594
 12021	 -181429.78125	  45552.99609	 -127096.51563	  127102.51563
 12022	 -187877.29688	  52141.34375	 -135160.21875	  135166.21875
 12018	 -197900.14063	  49951.68359	 -129841.01563	  129847.01563
 12023	 -191230.00	  55368.91016	 -139366.125	  139372.125
 12019	 -201252.84375	  52516.68359	 -134089.59375	  134095.59375
 12018	 -197900.14063	  49951.68359	 -129841.01563	  129847.01563
 12022	 -187877.29688	  52141.34375	 -135160.21875	  135166.21875
 12023	 -191230.00	  55368.91016	 -139366.125	  139372.125
 12020	 -174982.26563	  38118.40625	 -119087.33594	  119093.33594
 12025	 -171406.95313	  45558.16797	 -132556.4375	  132562.4375
 12021	 -181429.78125	  45552.99609	 -127096.51563	  127102.51563
 12020	 -174982.26563	  38118.40625	 -119087.33594	  119093.33594
 12024	 -164959.4375	  36883.73047	 -124627.14063	  124633.14063
 12025	 -171406.95313	  45558.16797	 -132556.4375	  132562.4375
 12021	 -181429.78125	  45552.99609	 -127096.51563	  127102.51563
 12026	 -177854.46875	  53058.35938	 -140561.40625	  140567.40625
 12022	 -187877.29688	  52141.34375	 -135160.21875	  135166.21875
 12021	 -181429.78125	  45552.99609	 -127096.51563	  127102.51563
 12025	 -171406.95313	  45558.16797	 -132556.4375	  132562.4375
 12026	 -177854.46875	  53058.35938	 -140561.40625	  140567.40625
 12022	 -187877.29688	  52141.34375	 -135160.21875	  135166.21875
 12027	 -181207.17188	  53599.58984	 -144940.375	  144946.375
 12023	 -191230.00	  55368.91016	 -139366.125	  139372.125
 12022	 -187877.29688	  52141.34375	 -135160.21875	  135166.21875
 12026	 -177854.46875	  53058.35938	 -140561.40625	  140567.40625
 12027	 -181207.17188	  53599.58984	 -144940.375	  144946.375
 12024	 -164959.4375	  36883.73047	 -124627.14063	  124633.14063
 12029	 -166195.07813	  43845.14844	 -135506.14063	  135512.14063
 12025	 -171406.95313	  45558.16797	 -132556.4375	  132562.4375
 12024	 -164959.4375	  36883.73047	 -124627.14063	  124633.14063
 12028	 -159747.5625	  36781.19531	 -127473.08594	  127479.08594
 12029	 -166195.07813	  43845.14844	 -135506.14063	  135512.14063
 12025	 -171406.95313	  45558.16797	 -132556.4375	  132562.4375
 12030	 -172642.59375	  52558.94531	 -143432.9375	  143438.9375
 12026	 -177854.46875	  53058.35938	 -140561.40625	  140567.40625
 12025	 -171406.95313	  45558.16797	 -132556.4375	  132562.4375
 12029	 -166195.07813	  43845.14844	 -135506.14063	  135512.14063
 12030	 -172642.59375	  52558.94531	 -143432.9375	  143438.9375
 12026	 -177854.46875	  53058.35938	 -140561.40625	  140567.40625
 12031	 -175995.29688	  53602.01953	 -147779.5625	  147785.5625
 12027	 -181207.17188	  53599.58984	 -144940.375	  144946.375
 12026	 -177854.46875	  53058.35938	 -140561.40625	  140567.40625
 12030	 -172642.59375	  52558.94531	 -143432.9375	  143438.9375
 12031	 -175995.29688	  53602.01953	 -147779.5625	  147785.5625
 12032	 -210262.64063	  25761.04688	 -100663.25	  100669.25
 12037	 -206687.3125	  33443.52734	 -114116.73438	  114122.73438
 12033	 -216710.15625	  28921.77539	 -108947.75781	  108953.75781
 12032	 -210262.64063	  25761.04688	 -100663.25	  100669.25
 12036	 -200239.79688	  28190.14844	 -105967.03906	  105973.03906
 12037	 -206687.3125	  33443.52734	 -114116.73438	  114122.73438
 12033	 -216710.15625	  28921.77539	 -108947.75781	  108953.75781
 12038	 -213134.84375	  40776.4375	 -122132.47656	  122138.47656
 12034	 -223157.67188	  33906.19531	 -117114.78906	  117120.78906
 12033	 -216710.15625	  28921.77539	 -108947.75781	  108953.75781
 12037	 -206687.3125	  33443.52734	 -114116.73438	  114122.73438
 12038	 -213134.84375	  40776.4375	 -122132.47656	  122138.47656
 12034	 -223157.67188	  33906.19531	 -117114.78906	  117120.78906
 12039	 -216487.54688	  44581.28516	 -126301.19531	  126307.19531
 12035	 -226510.375	  36481.03906	 -121362.75	  121368.75
 12034	 -223157.67188	  33906.19531	 -117114.78906	  117120.78906
 12038	 -213134.84375	  40776.4375	 -122132.47656	  122138.47656
 12039	 -216487.54688	  44581.28516	 -126301.19531	  126307.19531
 12036	 -200239.79688	  28190.14844	 -105967.03906	  105973.03906
 12041	 -196664.48438	  40884.49609	 -119097.64844	  119103.64844
 12037	 -206687.3125	  33443.52734	 -114116.73438	  114122.73438
 12036	 -200239.79688	  28190.14844	 -105967.03906	  105973.03906
 12040	 -190216.96875	  33879.58984	 -111060.78906	  111066.78906
 12041	 -196664.48438	  40884.49609	 -119097.64844	  119103.64844
 12037	 -206687.3125	  33443.52734	 -114116.73438	  114122.73438
 12042	 -203112.00	  48365.00781	 -127103.89063	  127109.89063
 12038	 -213134.84375	  40776.4375	 -122132.47656	  122138.47656
 12037	 -206687.3125	  33443.52734	 -114116.73438	  114122.73438
 12041	 -196664.48438	  40884.49609	 -119097.64844	  119103.64844
 12042	 -203112.00	  48365.00781	 -127103.89063	  127109.89063
 12038	 -213134.84375	  40776.4375	 -122132.47656	  122138.47656
 12043	 -206464.70313	  50713.52734	 -131366.42188	  131372.42188
 12039	 -216487.54688	  44581.28516	 -126301.19531	  126307.19531
 12038	 -213134.84375	  40776.4375	 -122132.47656	  122138.47656
 12042	 -203112.00	  48365.00781	 -127103.89063	  127109.89063
 12043	 -206464.70313	  50713.52734	 -131366.42188	  131372.42188
 12040	 -190216.96875	  33879.58984	 -111060.78906	  111066.78906
 12045	 -191452.60938	  44383.42188	 -121711.58594	  121717.58594
 12041	 -196664.48438	  40884.49609	 -119097.64844	  119103.64844
 12040	 -190216.96875	  33879.58984	 -111060.78906	  111066.78906
 12044	 -185005.09375	  35695.86328	 -113783.125	  113789.125
 12045	 -191452.60938	  44383.42188	 -121711.58594	  121717.58594
 12041	 -196664.48438	  40884.49609	 -119097.64844	  119103.64844
 12046	 -197900.14063	  49951.68359	 -129841.01563	  129847.01563
 12042	 -203112.00	  48365.00781	 -127103.89063	  127109.89063
 12041	 -196664.48438	  40884.49609	 -119097.64844	  119103.64844
 12045	 -191452.60938	  44383.42188	 -121711.58594	  121717.58594
 12046	 -197900.14063	  49951.68359	 -129841.01563	  129847.01563
 12042	 -203112.00	  48365.00781	 -127103.89063	  127109.89063
 12047	 -201252.84375	  52516.68359	 -134089.59375	  134095.59375
 12043	 -206464.70313	  50713.52734	 -131366.42188	  131372.42188
 12042	 -203112.00	  48365.00781	 -127103.89063	  127109.89063
 12046	 -197900.14063	  49951.68359	 -129841.01563	  129847.01563
 12047	 -201252.84375	  52516.68359	 -134089.59375	  134095.59375
 12048	 -235520.17188	  18571.60352	 -87366.52344	  87372.52344
 12053	 -231944.85938	  22606.70703	 -101054.96094	  101060.96094
 12049	 -241967.6875	  21358.41016	 -95675.11719	  95681.11719
 12048	 -235520.17188	  18571.60352	 -87366.52344	  87372.52344
 12052	 -225497.34375	  20082.30078	 -92729.46875	  92735.46875
 12053	 -231944.85938	  22606.70703	 -101054.96094	  101060.96094
 12049	 -241967.6875	  21358.41016	 -95675.11719	  95681.11719
 12054	 -238392.375	  25787.11719	 -109338.21875	  109344.21875
 12050	 -248415.20313	  24443.69922	 -103964.50	  103970.50
 12049	 -241967.6875	  21358.41016	 -95675.11719	  95681.11719
 12053	 -231944.85938	  22606.70703	 -101054.96094	  101060.96094
 12054	 -238392.375	  25787.11719	 -109338.21875	  109344.21875
 12050	 -248415.20313	  24443.69922	 -103964.50	  103970.50
 12055	 -241745.07813	  26479.23047	 -113707.45313	  113713.45313
 12051	 -251767.90625	  25014.45117	 -108341.55469	  108347.55469
 12050	 -248415.20313	  24443.69922	 -103964.50	  103970.50
 12054	 -238392.375	  25787.11719	 -109338.21875	  109344.21875
 12055	 -241745.07813	  26479.23047	 -113707.45313	  113713.45313
 12052	 -225497.34375	  20082.30078	 -92729.46875	  92735.46875
 12057	 -221922.01563	  25081.73047	 -106355.78906	  106361.78906
 12053	 -231944.85938	  22606.70703	 -101054.96094	  101060.96094
 12052	 -225497.34375	  20082.30078	 -92729.46875	  92735.46875
 12056	 -215474.50	  23433.08789	 -97973.88281	  97979.88281
 12057	 -221922.01563	  25081.73047	 -106355.78906	  106361.78906
 12053	 -231944.85938	  22606.70703	 -101054.96094	  101060.96094
 12058	 -228369.54688	  28737.74219	 -114608.40625	  114614.40625
 12054	 -238392.375	  25787.11719	 -109338.21875	  109344.21875
 12053	 -231944.85938	  22606.70703	 -101054.96094	  101060.96094
 12057	 -221922.01563	  25081.73047	 -106355.78906	  106361.78906
 12058	 -228369.54688	  28737.74219	 -114608.40625	  114614.40625
 12054	 -238392.375	  25787.11719	 -109338.21875	  109344.21875
 12059	 -231722.25	  32070.26953	 -118807.54688	  118813.54688
 12055	 -241745.07813	  26479.23047	 -113707.45313	  113713.45313
 12054	 -238392.375	  25787.11719	 -109338.21875	  109344.21875
 12058	 -228369.54688	  28737.74219	 -114608.40625	  114614.40625
 12059	 -231722.25	  32070.26953	 -118807.54688	  118813.54688
 12056	 -215474.50	  23433.08789	 -97973.88281	  97979.88281
 12061	 -216710.15625	  28921.77539	 -108947.75781	  108953.75781
 12057	 -221922.01563	  25081.73047	 -106355.78906	  106361.78906
 12056	 -215474.50	  23433.08789	 -97973.88281	  97979.88281
 12060	 -210262.64063	  25761.04688	 -100663.25	  100669.25
 12061	 -216710.15625	  28921.77539	 -108947.75781	  108953.75781
 12057	 -221922.01563	  25081.73047	 -106355.78906	  106361.78906
 12062	 -223157.67188	  33906.19531	 -117114.78906	  117120.78906
 12058	 -228369.54688	  28737.74219	 -114608.40625	  114614.40625
 12057	 -221922.01563	  25081.73047	 -106355.78906	  106361.78906
 12061	 -216710.15625	  28921.77539	 -108947.75781	  108953.75781
 12062	 -223157.67188	  33906.19531	 -117114.78906	  117120.78906
 12058	 -228369.54688	  28737.74219	 -114608.40625	  114614.40625
 12063	 -226510.375	  36481.03906	 -121362.75	  121368.75
 12059	 -231722.25	  32070.26953	 -118807.54688	  118813.54688
 12058	 -228369.54688	  28737.74219	 -114608.40625	  114614.40625
 12062	 -223157.67188	  33906.19531	 -117114.78906	  117120.78906
 12063	 -226510.375	  36481.03906	 -121362.75	  121368.75
 12064	 -260777.70313	  14365.33496	 -73877.61719	  73883.61719
 12069	 -257202.39063	  18269.23633	 -87574.51563	  87580.51563
 12065	 -267225.21875	  16843.82031	 -82206.07031	  82212.07031
 12064	 -260777.70313	  14365.33496	 -73877.61719	  73883.61719
 12068	 -250754.875	  15859.63086	 -79241.625	  79247.625
 12069	 -257202.39063	  18269.23633	 -87574.51563	  87580.51563
 12065	 -267225.21875	  16843.82031	 -82206.07031	  82212.07031
 12070	 -263649.90625	  20895.32227	 -95893.47656	  95899.47656
 12066	 -273672.75	  19364.94727	 -90531.79688	  90537.79688
 12065	 -267225.21875	  16843.82031	 -82206.07031	  82212.07031
 12069	 -257202.39063	  18269.23633	 -87574.51563	  87580.51563
 12070	 -263649.90625	  20895.32227	 -95893.47656	  95899.47656
 12066	 -273672.75	  19364.94727	 -90531.79688	  90537.79688
 12071	 -267002.625	  22228.67969	 -100221.40625	  100227.40625
 12067	 -277025.4375	  21246.06641	 -94824.4375	  94830.4375
 12066	 -273672.75	  19364.94727	 -90531.79688	  90537.79688
 12070	 -263649.90625	  20895.32227	 -95893.47656	  95899.47656
 12071	 -267002.625	  22228.67969	 -100221.40625	  100227.40625
 12068	 -250754.875	  15859.63086	 -79241.625	  79247.625
 12073	 -247179.5625	  19812.73438	 -92935.35156	  92941.35156
 12069	 -257202.39063	  18269.23633	 -87574.51563	  87580.51563
 12068	 -250754.875	  15859.63086	 -79241.625	  79247.625
 12072	 -240732.04688	  17403.12891	 -84602.46094	  84608.46094
 12073	 -247179.5625	  19812.73438	 -92935.35156	  92941.35156
 12069	 -257202.39063	  18269.23633	 -87574.51563	  87580.51563
 12074	 -253627.07813	  22258.41992	 -101265.9375	  101271.9375
 12070	 -263649.90625	  20895.32227	 -95893.47656	  95899.47656
 12069	 -257202.39063	  18269.23633	 -87574.51563	  87580.51563
 12073	 -247179.5625	  19812.73438	 -92935.35156	  92941.35156
 12074	 -253627.07813	  22258.41992	 -101265.9375	  101271.9375
 12070	 -263649.90625	  20895.32227	 -95893.47656	  95899.47656
 12075	 -256979.78125	  23511.41602	 -105599.04688	  105605.04688
 12071	 -267002.625	  22228.67969	 -100221.40625	  100227.40625
 12070	 -263649.90625	  20895.32227	 -95893.47656	  95899.47656
 12074	 -253627.07813	  22258.41992	 -101265.9375	  101271.9375
 12075	 -256979.78125	  23511.41602	 -105599.04688	  105605.04688
 12072	 -240732.04688	  17403.12891	 -84602.46094	  84608.46094
 12077	 -241967.6875	  21358.41016	 -95675.11719	  95681.11719
 12073	 -247179.5625	  19812.73438	 -92935.35156	  92941.35156
 12072	 -240732.04688	  17403.12891	 -84602.46094	  84608.46094
 12076	 -235520.17188	  18571.60352	 -87366.52344	  87372.52344
 12077	 -241967.6875	  21358.41016	 -95675.11719	  95681.11719
 12073	 -247179.5625	  19812.73438	 -92935.35156	  92941.35156
 12078	 -248415.20313	  24443.69922	 -103964.50	  103970.50
 12074	 -253627.07813	  22258.41992	 -101265.9375	  101271.9375
 12073	 -247179.5625	  19812.73438	 -92935.35156	  92941.35156
 12077	 -241967.6875	  21358.41016	 -95675.11719	  95681.11719
 12078	 -248415.20313	  24443.69922	 -103964.50	  103970.50
 12074	 -253627.07813	  22258.41992	 -101265.9375	  101271.9375
 12079	 -251767.90625	  25014.45117	 -108341.55469	  108347.55469
 12075	 -256979.78125	  23511.41602	 -105599.04688	  105605.04688
 12074	 -253627.07813	  22258.41992	 -101265.9375	  101271.9375
 12078	 -248415.20313	  24443.69922	 -103964.50	  103970.50
 12079	 -251767.90625	  25014.45117	 -108341.55469	  108347.55469
 12080	 -286035.25	  13111.08008	 -60198.54297	  60204.54297
 12085	 -282459.9375	  14974.81348	 -74026.86719	  74032.86719
 12081	 -292482.75	  15537.08496	 -68530.375	  68536.375
 12080	 -286035.25	  13111.08008	 -60198.54297	  60204.54297
 12084	 -276012.40625	  14654.57813	 -65559.375	  65565.375
 12085	 -282459.9375	  14974.81348	 -74026.86719	  74032.86719
 12081	 -292482.75	  15537.08496	 -68530.375	  68536.375
 12086	 -288907.4375	  18224.10352	 -82305.67969	  82311.67969
 12082	 -298930.28125	  15555.55859	 -77017.32031	  77023.32031
 12081	 -292482.75	  15537.08496	 -68530.375	  68536.375
 12085	 -282459.9375	  14974.81348	 -74026.86719	  74032.86719
 12086	 -288907.4375	  18224.10352	 -82305.67969	  82311.67969
 12082	 -298930.28125	  15555.55859	 -77017.32031	  77023.32031
 12087	 -292260.15625	  19798.54102	 -86618.07813	  86624.07813
 12083	 -302283.00	  17484.23828	 -81306.89844	  81312.89844
 12082	 -298930.28125	  15555.55859	 -77017.32031	  77023.32031
 12086	 -288907.4375	  18224.10352	 -82305.67969	  82311.67969
 12087	 -292260.15625	  19798.54102	 -86618.07813	  86624.07813
 12084	 -276012.40625	  14654.57813	 -65559.375	  65565.375
 12089	 -272437.09375	  15909.86816	 -79426.89844	  79432.89844
 12085	 -282459.9375	  14974.81348	 -74026.86719	  74032.86719
 12084	 -276012.40625	  14654.57813	 -65559.375	  65565.375
 12088	 -265989.59375	  13562.58301	 -71089.99219	  71095.99219
 12089	 -272437.09375	  15909.86816	 -79426.89844	  79432.89844
 12085	 -282459.9375	  14974.81348	 -74026.86719	  74032.86719
 12090	 -278884.625	  19413.35938	 -87689.33594	  87695.33594
 12086	 -288907.4375	  18224.10352	 -82305.67969	  82311.67969
 12085	 -282459.9375	  14974.81348	 -74026.86719	  74032.86719
 12089	 -272437.09375	  15909.86816	 -79426.89844	  79432.89844
 12090	 -278884.625	  19413.35938	 -87689.33594	  87695.33594
 12086	 -288907.4375	  18224.10352	 -82305.67969	  82311.67969
 12091	 -282237.3125	  20676.19531	 -92021.8125	  92027.8125
 12087	 -292260.15625	  19798.54102	 -86618.07813	  86624.07813
 12086	 -288907.4375	  18224.10352	 -82305.67969	  82311.67969
 12090	 -278884.625	  19413.35938	 -87689.33594	  87695.33594
 12091	 -282237.3125	  20676.19531	 -92021.8125	  92027.8125
 12088	 -265989.59375	  13562.58301	 -71089.99219	  71095.99219
 12093	 -267225.21875	  16843.82031	 -82206.07031	  82212.07031
 12089	 -272437.09375	  15909.86816	 -79426.89844	  79432.89844
 12088	 -265989.59375	  13562.58301	 -71089.99219	  71095.99219
 12092	 -260777.70313	  14365.33496	 -73877.61719	  73883.61719
 12093	 -267225.21875	  16843.82031	 -82206.07031	  82212.07031
 12089	 -272437.09375	  15909.86816	 -79426.89844	  79432.89844
 12094	 -273672.75	  19364.94727	 -90531.79688	  90537.79688
 12090	 -278884.625	  19413.35938	 -87689.33594	  87695.33594
 12089	 -272437.09375	  15909.86816	 -79426.89844	  79432.89844
 12093	 -267225.21875	  16843.82031	 -82206.07031	  82212.07031
 12094	 -273672.75	  19364.94727	 -90531.79688	  90537.79688
 12090	 -278884.625	  19413.35938	 -87689.33594	  87695.33594
 12095	 -277025.4375	  21246.06641	 -94824.4375	  94830.4375
 12091	 -282237.3125	  20676.19531	 -92021.8125	  92027.8125
 12090	 -278884.625	  19413.35938	 -87689.33594	  87695.33594
 12094	 -273672.75	  19364.94727	 -90531.79688	  90537.79688
 12095	 -277025.4375	  21246.06641	 -94824.4375	  94830.4375
 12096	 -311292.78125	  6562.88086	 -46860.50391	  46866.50391
 12101	 -307717.46875	  13843.56055	 -60339.86719	  60345.86719
 12097	 -317740.28125	  9544.84863	 -55156.52344	  55162.52344
 12096	 -311292.78125	  6562.88086	 -46860.50391	  46866.50391
 12100	 -301269.9375	  8198.21875	 -52215.42578	  52221.42578
 12101	 -307717.46875	  13843.56055	 -60339.86719	  60345.86719
 12097	 -317740.28125	  9544.84863	 -55156.52344	  55162.52344
 12102	 -314165.00	  14153.95508	 -68808.00	  68814.00
 12098	 -324187.8125	  12220.13477	 -63472.31641	  63478.31641
 12097	 -317740.28125	  9544.84863	 -55156.52344	  55162.52344
 12101	 -307717.46875	  13843.56055	 -60339.86719	  60345.86719
 12102	 -314165.00	  14153.95508	 -68808.00	  68814.00
 12098	 -324187.8125	  12220.13477	 -63472.31641	  63478.31641
 12103	 -317517.6875	  14695.1875	 -73186.96094	  73192.96094
 12099	 -327540.53125	  13765.05273	 -67786.625	  67792.625
 12098	 -324187.8125	  12220.13477	 -63472.31641	  63478.31641
 12102	 -314165.00	  14153.95508	 -68808.00	  68814.00
 12103	 -317517.6875	  14695.1875	 -73186.96094	  73192.96094
 12100	 -301269.9375	  8198.21875	 -52215.42578	  52221.42578
 12105	 -297694.625	  16233.30371	 -65646.1875	  65652.1875
 12101	 -307717.46875	  13843.56055	 -60339.86719	  60345.86719
 12100	 -301269.9375	  8198.21875	 -52215.42578	  52221.42578
 12104	 -291247.125	  11199.68457	 -57482.33594	  57488.33594
 12105	 -297694.625	  16233.30371	 -65646.1875	  65652.1875
 12101	 -307717.46875	  13843.56055	 -60339.86719	  60345.86719
 12106	 -304142.15625	  16025.45605	 -74147.71094	  74153.71094
 12102	 -314165.00	  14153.95508	 -68808.00	  68814.00
 12101	 -307717.46875	  13843.56055	 -60339.86719	  60345.86719
 12105	 -297694.625	  16233.30371	 -65646.1875	  65652.1875
 12106	 -304142.15625	  16025.45605	 -74147.71094	  74153.71094
 12102	 -314165.00	  14153.95508	 -68808.00	  68814.00
 12107	 -307494.84375	  15863.125	 -78571.99219	  78577.99219
 12103	 -317517.6875	  14695.1875	 -73186.96094	  73192.96094
 12102	 -314165.00	  14153.95508	 -68808.00	  68814.00
 12106	 -304142.15625	  16025.45605	 -74147.71094	  74153.71094
 12107	 -307494.84375	  15863.125	 -78571.99219	  78577.99219
 12104	 -291247.125	  11199.68457	 -57482.33594	  57488.33594
 12109	 -292482.75	  15537.08496	 -68530.375	  68536.375
 12105	 -297694.625	  16233.30371	 -65646.1875	  65652.1875
 12104	 -291247.125	  11199.68457	 -57482.33594	  57488.33594
 12108	 -286035.25	  13111.08008	 -60198.54297	  60204.54297
 12109	 -292482.75	  15537.08496	 -68530.375	  68536.375
 12105	 -297694.625	  16233.30371	 -65646.1875	  65652.1875
 12110	 -298930.28125	  15555.55859	 -77017.32031	  77023.32031
 12106	 -304142.15625	  16025.45605	 -74147.71094	  74153.71094
 12105	 -297694.625	  16233.30371	 -65646.1875	  65652.1875
 12109	 -292482.75	  15537.08496	 -68530.375	  68536.375
 12110	 -298930.28125	  15555.55859	 -77017.32031	  77023.32031
 12106	 -304142.15625	  16025.45605	 -74147.71094	  74153.71094
 12111	 -302283.00	  17484.23828	 -81306.89844	  81312.89844
 12107	 -307494.84375	  15863.125	 -78571.99219	  78577.99219
 12106	 -304142.15625	  16025.45605	 -74147.71094	  74153.71094
 12110	 -298930.28125	  15555.55859	 -77017.32031	  77023.32031
 12111	 -302283.00	  17484.23828	 -81306.89844	  81312.89844
 12112	 -336550.3125	  2996.21509	 -33330.39844	  33336.39844
 12117	 -332975.00	  7257.64063	 -47004.25781	  47010.25781
 12113	 -342997.84375	  6363.58545	 -41601.58984	  41607.58984
 12112	 -336550.3125	  2996.21509	 -33330.39844	  33336.39844
 12116	 -326527.50	  5563.07861	 -38625.30469	  38631.30469
 12117	 -332975.00	  7257.64063	 -47004.25781	  47010.25781
 12113	 -342997.84375	  6363.58545	 -41601.58984	  41607.58984
 12118	 -339422.53125	  9752.52637	 -55331.67188	  55337.67188
 12114	 -349445.34375	  7723.58545	 -50002.10938	  50008.10938
 12113	 -342997.84375	  6363.58545	 -41601.58984	  41607.58984
 12117	 -332975.00	  7257.64063	 -47004.25781	  47010.25781
 12118	 -339422.53125	  9752.52637	 -55331.67188	  55337.67188
 12114	 -349445.34375	  7723.58545	 -50002.10938	  50008.10938
 12119	 -342775.21875	  10662.76074	 -59686.85938	  59692.85938
 12115	 -352798.0625	  8976.58203	 -54335.21875	  54341.21875
 12114	 -349445.34375	  7723.58545	 -50002.10938	  50008.10938
 12118	 -339422.53125	  9752.52637	 -55331.67188	  55337.67188
 12119	 -342775.21875	  10662.76074	 -59686.85938	  59692.85938
 12116	 -326527.50	  5563.07861	 -38625.30469	  38631.30469
 12121	 -322952.15625	  10372.2666	 -52263.88281	  52269.88281
 12117	 -332975.00	  7257.64063	 -47004.25781	  47010.25781
 12116	 -326527.50	  5563.07861	 -38625.30469	  38631.30469
 12120	 -316504.65625	  6640.81396	 -44016.14453	  44022.14453
 12121	 -322952.15625	  10372.2666	 -52263.88281	  52269.88281
 12117	 -332975.00	  7257.64063	 -47004.25781	  47010.25781
 12122	 -329399.6875	  10915.54297	 -60717.01953	  60723.01953
 12118	 -339422.53125	  9752.52637	 -55331.67188	  55337.67188
 12117	 -332975.00	  7257.64063	 -47004.25781	  47010.25781
 12121	 -322952.15625	  10372.2666	 -52263.88281	  52269.88281
 12122	 -329399.6875	  10915.54297	 -60717.01953	  60723.01953
 12118	 -339422.53125	  9752.52637	 -55331.67188	  55337.67188
 12123	 -332752.40625	  12781.90234	 -65010.61328	  65016.61328
 12119	 -342775.21875	  10662.76074	 -59686.85938	  59692.85938
 12118	 -339422.53125	  9752.52637	 -55331.67188	  55337.67188
 12122	 -329399.6875	  10915.54297	 -60717.01953	  60723.01953
 12123	 -332752.40625	  12781.90234	 -65010.61328	  65016.61328
 12120	 -316504.65625	  6640.81396	 -44016.14453	  44022.14453
 12125	 -317740.28125	  9544.84863	 -55156.52344	  55162.52344
 12121	 -322952.15625	  10372.2666	 -52263.88281	  52269.88281
 12120	 -316504.65625	  6640.81396	 -44016.14453	  44022.14453
 12124	 -311292.78125	  6562.88086	 -46860.50391	  46866.50391
 12125	 -317740.28125	  9544.84863	 -55156.52344	  55162.52344
 12121	 -322952.15625	  10372.2666	 -52263.88281	  52269.88281
 12126	 -324187.8125	  12220.13477	 -63472.31641	  63478.31641
 12122	 -329399.6875	  10915.54297	 -60717.01953	  60723.01953
 12121	 -322952.15625	  10372.2666	 -52263.88281	  52269.88281
 12125	 -317740.28125	  9544.84863	 -55156.52344	  55162.52344
 12126	 -324187.8125	  12220.13477	 -63472.31641	  63478.31641
 12122	 -329399.6875	  10915.54297	 -60717.01953	  60723.01953
 12127	 -327540.53125	  13765.05273	 -67786.625	  67792.625
 12123	 -332752.40625	  12781.90234	 -65010.61328	  65016.61328
 12122	 -329399.6875	  10915.54297	 -60717.01953	  60723.01953
 12126	 -324187.8125	  12220.13477	 -63472.31641	  63478.31641
 12127	 -327540.53125	  13765.05273	 -67786.625	  67792.625
 12128	 -361807.84375	  507.03577	 -19730.875	  19736.875
 12133	 -358232.53125	  4499.49902	 -33422.06641	  33428.06641
 12129	 -368255.375	  5865.37646	 -27873.80859	  27879.80859
 12128	 -361807.84375	  507.03577	 -19730.875	  19736.875
 12132	 -351785.03125	  689.32684	 -25179.39844	  25185.39844
 12133	 -358232.53125	  4499.49902	 -33422.06641	  33428.06641
 12129	 -368255.375	  5865.37646	 -27873.80859	  27879.80859
 12134	 -364680.0625	  6249.82129	 -41797.44141	  41803.44141
 12130	 -374702.90625	  7828.89941	 -36235.44922	  36241.44922
 12129	 -368255.375	  5865.37646	 -27873.80859	  27879.80859
 12133	 -358232.53125	  4499.49902	 -33422.06641	  33428.06641
 12134	 -364680.0625	  6249.82129	 -41797.44141	  41803.44141
 12130	 -374702.90625	  7828.89941	 -36235.44922	  36241.44922
 12135	 -368032.75	  7276.49609	 -46145.13281	  46151.13281
 12131	 -378055.59375	  9475.49805	 -40543.20313	  40549.20313
 12130	 -374702.90625	  7828.89941	 -36235.44922	  36241.44922
 12134	 -364680.0625	  6249.82129	 -41797.44141	  41803.44141
 12135	 -368032.75	  7276.49609	 -46145.13281	  46151.13281
 12132	 -351785.03125	  689.32684	 -25179.39844	  25185.39844
 12137	 -348209.71875	  6056.11768	 -38782.05469	  38788.05469
 12133	 -358232.53125	  4499.49902	 -33422.06641	  33428.06641
 12132	 -351785.03125	  689.32684	 -25179.39844	  25185.39844
 12136	 -341762.1875	  2216.4248	 -30541.29102	  30547.29102
