 1275	 -59255.36719	  13204.47852	 -69039.1875	  69045.20313
 1276	 -59037.26172	  13226.82129	 -69169.13281	  69175.14844
 1278	 -59231.24609	  13284.44141	 -69323.26563	  69329.28125
 1277	 -59245.26172	  13244.2832	 -69180.54688	  69186.5625
 1279	 -59006.32813	  13305.54199	 -69449.04688	  69455.0625
 1278	 -59231.24609	  13284.44141	 -69323.26563	  69329.28125
 1276	 -59037.26172	  13226.82129	 -69169.13281	  69175.14844
 1279	 -59006.32813	  13305.54199	 -69449.04688	  69455.0625
 1280	 -59213.625	  13324.97754	 -69467.28125	  69473.29688
 1278	 -59231.24609	  13284.44141	 -69323.26563	  69329.28125
 1279	 -59006.32813	  13305.54199	 -69449.04688	  69455.0625
 1281	 -59169.27734	  13407.33301	 -69759.26563	  69765.28125
 1280	 -59213.625	  13324.97754	 -69467.28125	  69473.29688
 1282	 -58962.72656	  13386.46973	 -69736.10156	  69742.11719
 1281	 -59169.27734	  13407.33301	 -69759.26563	  69765.28125
 1279	 -59006.32813	  13305.54199	 -69449.04688	  69455.0625
 1283	 -60513.42188	  13123.11133	 -68751.28906	  68757.30469
 1284	 -60716.82422	  13058.56055	 -68574.51563	  68580.53125
 1285	 -60508.43359	  13074.50195	 -68580.65625	  68586.67188
 1283	 -60513.42188	  13123.11133	 -68751.28906	  68757.30469
 1286	 -60720.68359	  13158.26074	 -68924.875	  68930.89063
 1284	 -60716.82422	  13058.56055	 -68574.51563	  68580.53125
 1286	 -60720.68359	  13158.26074	 -68924.875	  68930.89063
 1283	 -60513.42188	  13123.11133	 -68751.28906	  68757.30469
 1287	 -60512.16797	  13171.14258	 -68920.44531	  68926.46094
 1288	 -60505.30859	  13218.62109	 -69088.09375	  69094.10938
 1286	 -60720.68359	  13158.26074	 -68924.875	  68930.89063
 1287	 -60512.16797	  13171.14258	 -68920.44531	  68926.46094
 1288	 -60505.30859	  13218.62109	 -69088.09375	  69094.10938
 1289	 -60701.51563	  13255.23145	 -69267.375	  69273.39063
 1286	 -60720.68359	  13158.26074	 -68924.875	  68930.89063
 1289	 -60701.51563	  13255.23145	 -69267.375	  69273.39063
 1288	 -60505.30859	  13218.62109	 -69088.09375	  69094.10938
 1290	 -60493.47266	  13265.58984	 -69254.23438	  69260.25
 1290	 -60493.47266	  13265.58984	 -69254.23438	  69260.25
 1291	 -60684.96484	  13302.7666	 -69435.60938	  69441.625
 1289	 -60701.51563	  13255.23145	 -69267.375	  69273.39063
 1291	 -60684.96484	  13302.7666	 -69435.60938	  69441.625
 1290	 -60493.47266	  13265.58984	 -69254.23438	  69260.25
 1292	 -60477.30078	  13312.07813	 -69418.82813	  69424.84375
 1293	 -60457.32813	  13358.12012	 -69581.89063	  69587.90625
 1291	 -60684.96484	  13302.7666	 -69435.60938	  69441.625
 1292	 -60477.30078	  13312.07813	 -69418.82813	  69424.84375
 1291	 -60684.96484	  13302.7666	 -69435.60938	  69441.625
 1293	 -60457.32813	  13358.12012	 -69581.89063	  69587.90625
 1294	 -60615.07422	  13442.07129	 -69928.38281	  69934.39844
 1294	 -60615.07422	  13442.07129	 -69928.38281	  69934.39844
 1293	 -60457.32813	  13358.12012	 -69581.89063	  69587.90625
 1295	 -60434.22266	  13403.75391	 -69743.42188	  69749.4375
 1296	 -60408.51172	  13449.03027	 -69903.46875	  69909.48438
 1294	 -60615.07422	  13442.07129	 -69928.38281	  69934.39844
 1295	 -60434.22266	  13403.75391	 -69743.42188	  69749.4375
 1297	 -60116.44141	  13897.625	 -71450.20313	  71456.21875
 1298	 -60380.92578	  13795.7793	 -71154.75781	  71160.77344
 1299	 -60174.66016	  13802.28711	 -71128.28906	  71134.30469
 1297	 -60116.44141	  13897.625	 -71450.20313	  71456.21875
 1300	 -60230.76563	  14035.82813	 -71964.28125	  71970.29688
 1298	 -60380.92578	  13795.7793	 -71154.75781	  71160.77344
 1301	 -59925.03906	  14188.125	 -72423.0625	  72429.07813
 1300	 -60230.76563	  14035.82813	 -71964.28125	  71970.29688
 1297	 -60116.44141	  13897.625	 -71450.20313	  71456.21875
 1300	 -60230.76563	  14035.82813	 -71964.28125	  71970.29688
 1301	 -59925.03906	  14188.125	 -72423.0625	  72429.07813
 1302	 -60130.30078	  14183.08301	 -72454.60156	  72460.61719
 1303	 -59851.95703	  14287.71387	 -72748.86719	  72754.88281
 1304	 -60130.30078	  14183.08301	 -72454.60156	  72460.61719
 1305	 -59925.03906	  14188.125	 -72423.0625	  72429.07813
 1304	 -60130.30078	  14183.08301	 -72454.60156	  72460.61719
 1303	 -59851.95703	  14287.71387	 -72748.86719	  72754.88281
 1306	 -60056.70703	  14283.38867	 -72782.88281	  72788.89844
 1307	 -59684.81641	  14493.13086	 -73400.72656	  73406.74219
 1306	 -60056.70703	  14283.38867	 -72782.88281	  72788.89844
 1303	 -59851.95703	  14287.71387	 -72748.86719	  72754.88281
 1306	 -60056.70703	  14283.38867	 -72782.88281	  72788.89844
 1307	 -59684.81641	  14493.13086	 -73400.72656	  73406.74219
 1308	 -59933.13281	  14437.89551	 -73276.47656	  73282.49219
 1307	 -59684.81641	  14493.13086	 -73400.72656	  73406.74219
 1309	 -59790.31641	  14598.34766	 -73770.51563	  73776.53125
 1308	 -59933.13281	  14437.89551	 -73276.47656	  73282.49219
 1309	 -59790.31641	  14598.34766	 -73770.51563	  73776.53125
 1307	 -59684.81641	  14493.13086	 -73400.72656	  73406.74219
 1310	 -59637.82422	  14546.04688	 -73563.51563	  73569.53125
 1311	 -59588.45703	  14599.68066	 -73726.16406	  73732.17969
 1309	 -59790.31641	  14598.34766	 -73770.51563	  73776.53125
 1310	 -59637.82422	  14546.04688	 -73563.51563	  73569.53125
 1312	 -50471.39063	  21142.33398	 -93195.52344	  93201.53906
 1313	 -50508.6875	  21241.26953	 -93494.23438	  93500.25
 1314	 -50652.51953	  21181.08203	 -93280.53906	  93286.55469
 1313	 -50508.6875	  21241.26953	 -93494.23438	  93500.25
 1312	 -50471.39063	  21142.33398	 -93195.52344	  93201.53906
 1315	 -50325.80078	  21203.26758	 -93411.80469	  93417.82031
 1315	 -50325.80078	  21203.26758	 -93411.80469	  93417.82031
 1316	 -50366.74219	  21303.58984	 -93716.28125	  93722.29688
 1313	 -50508.6875	  21241.26953	 -93494.23438	  93500.25
 1317	 -50181.26953	  21266.75781	 -93637.88281	  93643.89844
 1316	 -50366.74219	  21303.58984	 -93716.28125	  93722.29688
 1315	 -50325.80078	  21203.26758	 -93411.80469	  93417.82031
 1317	 -50181.26953	  21266.75781	 -93637.88281	  93643.89844
 1318	 -50230.29297	  21368.19141	 -93946.85156	  93952.86719
 1316	 -50366.74219	  21303.58984	 -93716.28125	  93722.29688
 1319	 -50041.49219	  21332.98242	 -93874.07031	  93880.08594
 1318	 -50230.29297	  21368.19141	 -93946.85156	  93952.86719
 1317	 -50181.26953	  21266.75781	 -93637.88281	  93643.89844
 1319	 -50041.49219	  21332.98242	 -93874.07031	  93880.08594
 1320	 -50102.96094	  21435.2793	 -94186.32031	  94192.33594
 1318	 -50230.29297	  21368.19141	 -93946.85156	  93952.86719
 1321	 -49910.29297	  21402.17773	 -94120.82813	  94126.84375
 1320	 -50102.96094	  21435.2793	 -94186.32031	  94192.33594
 1319	 -50041.49219	  21332.98242	 -93874.07031	  93880.08594
 1321	 -49910.29297	  21402.17773	 -94120.82813	  94126.84375
 1322	 -49988.62891	  21505.05859	 -94435.0625	  94441.07813
 1320	 -50102.96094	  21435.2793	 -94186.32031	  94192.33594
 1323	 -49791.72656	  21474.61719	 -94378.76563	  94384.78125
 1322	 -49988.62891	  21505.05859	 -94435.0625	  94441.07813
 1321	 -49910.29297	  21402.17773	 -94120.82813	  94126.84375
 1323	 -49791.72656	  21474.61719	 -94378.76563	  94384.78125
 1324	 -49891.42578	  21577.75977	 -94693.53906	  94699.55469
 1322	 -49988.62891	  21505.05859	 -94435.0625	  94441.07813
 1325	 -49690.33594	  21550.54883	 -94648.42188	  94654.4375
 1324	 -49891.42578	  21577.75977	 -94693.53906	  94699.55469
 1323	 -49791.72656	  21474.61719	 -94378.76563	  94384.78125
 1325	 -49690.33594	  21550.54883	 -94648.42188	  94654.4375
 1326	 -49815.9375	  21653.52539	 -94961.92188	  94967.9375
 1324	 -49891.42578	  21577.75977	 -94693.53906	  94699.55469
 1327	 -49611.125	  21630.16992	 -94930.13281	  94936.14844
 1326	 -49815.9375	  21653.52539	 -94961.92188	  94967.9375
 1325	 -49690.33594	  21550.54883	 -94648.42188	  94654.4375
 1328	 -49559.54297	  21713.54688	 -95223.77344	  95229.78906
 1326	 -49815.9375	  21653.52539	 -94961.92188	  94967.9375
 1327	 -49611.125	  21630.16992	 -94930.13281	  94936.14844
 1326	 -49815.9375	  21653.52539	 -94961.92188	  94967.9375
 1328	 -49559.54297	  21713.54688	 -95223.77344	  95229.78906
 1329	 -49767.04297	  21732.42969	 -95240.10156	  95246.11719
 1330	 -51479.69531	  21441.09961	 -94191.8125	  94197.82813
 1331	 -51920.60938	  21341.08789	 -93882.85938	  93888.875
 1332	 -51739.44922	  21330.15234	 -93796.05469	  93802.07031
 1331	 -51920.60938	  21341.08789	 -93882.85938	  93888.875
 1330	 -51479.69531	  21441.09961	 -94191.8125	  94197.82813
 1333	 -51665.20703	  21450.10547	 -94271.9375	  94277.95313
 1334	 -51363.14453	  21495.97852	 -94388.76563	  94394.78125
 1333	 -51665.20703	  21450.10547	 -94271.9375	  94277.95313
 1330	 -51479.69531	  21441.09961	 -94191.8125	  94197.82813
 1333	 -51665.20703	  21450.10547	 -94271.9375	  94277.95313
 1334	 -51363.14453	  21495.97852	 -94388.76563	  94394.78125
 1335	 -51551.96484	  21503.35742	 -94463.25781	  94469.27344
 1334	 -51363.14453	  21495.97852	 -94388.76563	  94394.78125
 1336	 -51451.75	  21555.66602	 -94651.63281	  94657.64844
 1335	 -51551.96484	  21503.35742	 -94463.25781	  94469.27344
 1336	 -51451.75	  21555.66602	 -94651.63281	  94657.64844
 1334	 -51363.14453	  21495.97852	 -94388.76563	  94394.78125
 1337	 -51259.03906	  21550.39258	 -94584.40625	  94590.42188
 1337	 -51259.03906	  21550.39258	 -94584.40625	  94590.42188
 1338	 -51366.85156	  21606.91016	 -94836.26563	  94842.28125
 1336	 -51451.75	  21555.66602	 -94651.63281	  94657.64844
 1338	 -51366.85156	  21606.91016	 -94836.26563	  94842.28125
 1337	 -51259.03906	  21550.39258	 -94584.40625	  94590.42188
 1339	 -51169.93359	  21604.2832	 -94778.21094	  94784.22656
 1340	 -51097.92969	  21657.55469	 -94969.49219	  94975.50781
 1338	 -51366.85156	  21606.91016	 -94836.26563	  94842.28125
 1339	 -51169.93359	  21604.2832	 -94778.21094	  94784.22656
 1338	 -51366.85156	  21606.91016	 -94836.26563	  94842.28125
 1340	 -51097.92969	  21657.55469	 -94969.49219	  94975.50781
 1341	 -51299.03516	  21656.94531	 -95016.35938	  95022.375
 1340	 -51097.92969	  21657.55469	 -94969.49219	  94975.50781
 1342	 -51249.71875	  21705.7207	 -95191.39063	  95197.40625
 1341	 -51299.03516	  21656.94531	 -95016.35938	  95022.375
 1342	 -51249.71875	  21705.7207	 -95191.39063	  95197.40625
 1340	 -51097.92969	  21657.55469	 -94969.49219	  94975.50781
 1343	 -51044.89844	  21710.18555	 -95157.86719	  95163.88281
 1344	 -51012.25	  21762.26172	 -95343.26563	  95349.28125
 1342	 -51249.71875	  21705.7207	 -95191.39063	  95197.40625
 1343	 -51044.89844	  21710.18555	 -95157.86719	  95163.88281
 1342	 -51249.71875	  21705.7207	 -95191.39063	  95197.40625
 1344	 -51012.25	  21762.26172	 -95343.26563	  95349.28125
 1345	 -51219.76563	  21753.32422	 -95361.32813	  95367.34375
 1346	 -59402.39063	  14965.8584	 -74824.8125	  74830.82813
 1347	 -59407.65625	  14779.7207	 -74253.71094	  74259.72656
 1348	 -59205.16406	  14963.45703	 -74767.5625	  74773.57813
 1347	 -59407.65625	  14779.7207	 -74253.71094	  74259.72656
 1346	 -59402.39063	  14965.8584	 -74824.8125	  74830.82813
 1349	 -59557.38672	  14826.72754	 -74436.95313	  74442.96875
 1349	 -59557.38672	  14826.72754	 -74436.95313	  74442.96875
 1350	 -59455.25781	  14734.28125	 -74123.17969	  74129.19531
 1347	 -59407.65625	  14779.7207	 -74253.71094	  74259.72656
 1351	 -59701.88281	  14688.9834	 -74040.3125	  74046.32813
 1350	 -59455.25781	  14734.28125	 -74123.17969	  74129.19531
 1349	 -59557.38672	  14826.72754	 -74436.95313	  74442.96875
 1350	 -59455.25781	  14734.28125	 -74123.17969	  74129.19531
 1351	 -59701.88281	  14688.9834	 -74040.3125	  74046.32813
 1352	 -59501.375	  14689.11328	 -73991.8125	  73997.82813
 1351	 -59701.88281	  14688.9834	 -74040.3125	  74046.32813
 1353	 -59588.45703	  14599.68066	 -73726.16406	  73732.17969
 1352	 -59501.375	  14689.11328	 -73991.8125	  73997.82813
 1353	 -59588.45703	  14599.68066	 -73726.16406	  73732.17969
 1351	 -59701.88281	  14688.9834	 -74040.3125	  74046.32813
 1354	 -59790.31641	  14598.34766	 -73770.51563	  73776.53125
 1355	 -56912.96094	  15577.16016	 -76306.83594	  76312.85156
 1356	 -56905.40625	  15762.93555	 -76762.72656	  76768.74219
 1357	 -57104.17969	  15611.07617	 -76375.19531	  76381.21094
 1358	 -56778.28516	  15678.66406	 -76565.71094	  76571.72656
 1356	 -56905.40625	  15762.93555	 -76762.72656	  76768.74219
 1355	 -56912.96094	  15577.16016	 -76306.83594	  76312.85156
 1358	 -56778.28516	  15678.66406	 -76565.71094	  76571.72656
 1359	 -56841.58594	  15814.43945	 -76896.10156	  76902.11719
 1356	 -56905.40625	  15762.93555	 -76762.72656	  76768.74219
 1360	 -56646.89453	  15782.58301	 -76834.875	  76840.89063
 1359	 -56841.58594	  15814.43945	 -76896.10156	  76902.11719
 1358	 -56778.28516	  15678.66406	 -76565.71094	  76571.72656
 1360	 -56646.89453	  15782.58301	 -76834.875	  76840.89063
 1361	 -56779.92188	  15866.35156	 -77031.89063	  77037.90625
 1359	 -56841.58594	  15814.43945	 -76896.10156	  76902.11719
 1360	 -56646.89453	  15782.58301	 -76834.875	  76840.89063
 1362	 -56721.03516	  15918.65234	 -77170.25781	  77176.27344
 1361	 -56779.92188	  15866.35156	 -77031.89063	  77037.90625
 1363	 -56523.43359	  15888.7334	 -77115.72656	  77121.74219
 1362	 -56721.03516	  15918.65234	 -77170.25781	  77176.27344
 1360	 -56646.89453	  15782.58301	 -76834.875	  76840.89063
 1364	 -56413.14453	  15996.94824	 -77409.71094	  77415.72656
 1362	 -56721.03516	  15918.65234	 -77170.25781	  77176.27344
 1363	 -56523.43359	  15888.7334	 -77115.72656	  77121.74219
 1362	 -56721.03516	  15918.65234	 -77170.25781	  77176.27344
 1364	 -56413.14453	  15996.94824	 -77409.71094	  77415.72656
 1365	 -56614.04297	  16024.29395	 -77455.33594	  77461.35156
 1366	 -58250.46484	  15731.7168	 -76792.39844	  76798.41406
 1367	 -58317.11719	  15833.68945	 -77101.8125	  77107.82813
 1368	 -58441.40625	  15738.01563	 -76863.10938	  76869.125
 1369	 -58009.01563	  15922.74219	 -77270.63281	  77276.64844
 1367	 -58317.11719	  15833.68945	 -77101.8125	  77107.82813
 1366	 -58250.46484	  15731.7168	 -76792.39844	  76798.41406
 1367	 -58317.11719	  15833.68945	 -77101.8125	  77107.82813
 1369	 -58009.01563	  15922.74219	 -77270.63281	  77276.64844
 1370	 -58203.46094	  15926.97559	 -77334.21094	  77340.22656
 1370	 -58203.46094	  15926.97559	 -77334.21094	  77340.22656
 1369	 -58009.01563	  15922.74219	 -77270.63281	  77276.64844
 1371	 -57955.73047	  15969.28125	 -77387.83594	  77393.85156
 1372	 -57906.07813	  16015.26758	 -77504.375	  77510.39063
 1370	 -58203.46094	  15926.97559	 -77334.21094	  77340.22656
 1371	 -57955.73047	  15969.28125	 -77387.83594	  77393.85156
 1372	 -57906.07813	  16015.26758	 -77504.375	  77510.39063
 1373	 -58059.48438	  16061.72461	 -77672.96094	  77678.97656
 1370	 -58203.46094	  15926.97559	 -77334.21094	  77340.22656
 1373	 -58059.48438	  16061.72461	 -77672.96094	  77678.97656
 1372	 -57906.07813	  16015.26758	 -77504.375	  77510.39063
 1374	 -57860.42969	  16060.6543	 -77620.33594	  77626.35156
 1375	 -57819.0625	  16105.40332	 -77735.83594	  77741.85156
 1373	 -58059.48438	  16061.72461	 -77672.96094	  77678.97656
 1374	 -57860.42969	  16060.6543	 -77620.33594	  77626.35156
 1373	 -58059.48438	  16061.72461	 -77672.96094	  77678.97656
 1375	 -57819.0625	  16105.40332	 -77735.83594	  77741.85156
 1376	 -58019.8125	  16105.10254	 -77783.73438	  77789.75
 1377	 -56413.14453	  15996.94824	 -77409.71094	  77415.72656
 1378	 -56531.56641	  16118.89453	 -77713.19531	  77719.21094
 1379	 -56614.04297	  16024.29395	 -77455.33594	  77461.35156
 1378	 -56531.56641	  16118.89453	 -77713.19531	  77719.21094
 1377	 -56413.14453	  15996.94824	 -77409.71094	  77415.72656
 1380	 -56329.15625	  16092.91895	 -77672.30469	  77678.32031
 1380	 -56329.15625	  16092.91895	 -77672.30469	  77678.32031
 1381	 -56457.83984	  16212.97461	 -77972.67188	  77978.6875
 1378	 -56531.56641	  16118.89453	 -77713.19531	  77719.21094
 1382	 -56254.14063	  16188.33887	 -77936.42969	  77942.44531
 1381	 -56457.83984	  16212.97461	 -77972.67188	  77978.6875
 1380	 -56329.15625	  16092.91895	 -77672.30469	  77678.32031
 1382	 -56254.14063	  16188.33887	 -77936.42969	  77942.44531
 1383	 -56392.66406	  16306.62598	 -78233.54688	  78239.5625
 1381	 -56457.83984	  16212.97461	 -77972.67188	  77978.6875
 1384	 -56187.82031	  16283.28418	 -78201.77344	  78207.78906
 1383	 -56392.66406	  16306.62598	 -78233.54688	  78239.5625
 1382	 -56254.14063	  16188.33887	 -77936.42969	  77942.44531
 1384	 -56187.82031	  16283.28418	 -78201.77344	  78207.78906
 1385	 -56335.79297	  16399.91602	 -78495.45313	  78501.46875
 1383	 -56392.66406	  16306.62598	 -78233.54688	  78239.5625
 1386	 -56130.01563	  16377.8457	 -78468.07813	  78474.09375
 1385	 -56335.79297	  16399.91602	 -78495.45313	  78501.46875
 1384	 -56187.82031	  16283.28418	 -78201.77344	  78207.78906
 1386	 -56130.01563	  16377.8457	 -78468.07813	  78474.09375
 1387	 -56286.99219	  16492.93164	 -78758.15625	  78764.17188
 1385	 -56335.79297	  16399.91602	 -78495.45313	  78501.46875
 1388	 -56080.48438	  16472.0957	 -78735.03906	  78741.05469
 1387	 -56286.99219	  16492.93164	 -78758.15625	  78764.17188
 1386	 -56130.01563	  16377.8457	 -78468.07813	  78474.09375
 1388	 -56080.48438	  16472.0957	 -78735.03906	  78741.05469
 1389	 -56246.10156	  16585.75586	 -79021.36719	  79027.38281
 1387	 -56286.99219	  16492.93164	 -78758.15625	  78764.17188
 1390	 -56038.91016	  16566.11914	 -79002.41406	  79008.42969
 1389	 -56246.10156	  16585.75586	 -79021.36719	  79027.38281
 1388	 -56080.48438	  16472.0957	 -78735.03906	  78741.05469
 1390	 -56038.91016	  16566.11914	 -79002.41406	  79008.42969
 1391	 -56212.87891	  16678.47656	 -79284.83594	  79290.85156
 1389	 -56246.10156	  16585.75586	 -79021.36719	  79027.38281
 1392	 -56005.17188	  16660.00391	 -79269.89844	  79275.91406
 1391	 -56212.87891	  16678.47656	 -79284.83594	  79290.85156
 1390	 -56038.91016	  16566.11914	 -79002.41406	  79008.42969
 1393	 -55978.99219	  16753.83789	 -79537.27344	  79543.28906
 1391	 -56212.87891	  16678.47656	 -79284.83594	  79290.85156
 1392	 -56005.17188	  16660.00391	 -79269.89844	  79275.91406
 1391	 -56212.87891	  16678.47656	 -79284.83594	  79290.85156
 1393	 -55978.99219	  16753.83789	 -79537.27344	  79543.28906
 1394	 -56187.05078	  16771.16797	 -79548.24219	  79554.25781
 1395	 -57745.66016	  16191.77734	 -77965.24219	  77971.25781
 1396	 -58019.8125	  16105.10254	 -77783.73438	  77789.75
 1397	 -57819.0625	  16105.40332	 -77735.83594	  77741.85156
 1396	 -58019.8125	  16105.10254	 -77783.73438	  77789.75
 1395	 -57745.66016	  16191.77734	 -77965.24219	  77971.25781
 1398	 -57883.35156	  16274.81348	 -78235.47656	  78241.49219
 1398	 -57883.35156	  16274.81348	 -78235.47656	  78241.49219
 1395	 -57745.66016	  16191.77734	 -77965.24219	  77971.25781
 1399	 -57679.74219	  16277.83789	 -78196.98438	  78203.00
 1400	 -57621.30859	  16363.66699	 -78430.79688	  78436.8125
 1398	 -57883.35156	  16274.81348	 -78235.47656	  78241.49219
 1399	 -57679.74219	  16277.83789	 -78196.98438	  78203.00
 1400	 -57621.30859	  16363.66699	 -78430.79688	  78436.8125
 1401	 -57775.8125	  16443.74219	 -78695.96094	  78701.97656
 1398	 -57883.35156	  16274.81348	 -78235.47656	  78241.49219
 1401	 -57775.8125	  16443.74219	 -78695.96094	  78701.97656
 1400	 -57621.30859	  16363.66699	 -78430.79688	  78436.8125
 1402	 -57570.11719	  16449.34766	 -78666.39063	  78672.40625
 1402	 -57570.11719	  16449.34766	 -78666.39063	  78672.40625
 1403	 -57732.5625	  16528.10938	 -78928.75	  78934.76563
 1401	 -57775.8125	  16443.74219	 -78695.96094	  78701.97656
 1403	 -57732.5625	  16528.10938	 -78928.75	  78934.76563
 1402	 -57570.11719	  16449.34766	 -78666.39063	  78672.40625
 1404	 -57526.10156	  16534.94922	 -78903.46094	  78909.47656
 1405	 -57489.05469	  16620.55664	 -79141.71875	  79147.73438
 1403	 -57732.5625	  16528.10938	 -78928.75	  78934.76563
 1404	 -57526.10156	  16534.94922	 -78903.46094	  78909.47656
 1405	 -57489.05469	  16620.55664	 -79141.71875	  79147.73438
 1406	 -57666.51172	  16697.02344	 -79397.91406	  79403.92969
 1403	 -57732.5625	  16528.10938	 -78928.75	  78934.76563
 1406	 -57666.51172	  16697.02344	 -79397.91406	  79403.92969
 1405	 -57489.05469	  16620.55664	 -79141.71875	  79147.73438
 1407	 -57458.875	  16706.23828	 -79380.83594	  79386.85156
 1408	 -57435.38672	  16792.07227	 -79620.53906	  79626.55469
 1406	 -57666.51172	  16697.02344	 -79397.91406	  79403.92969
 1407	 -57458.875	  16706.23828	 -79380.83594	  79386.85156
 1406	 -57666.51172	  16697.02344	 -79397.91406	  79403.92969
 1408	 -57435.38672	  16792.07227	 -79620.53906	  79626.55469
 1409	 -57643.39844	  16781.72461	 -79633.71094	  79639.72656
 1410	 -55978.99219	  16753.83789	 -79537.27344	  79543.28906
 1411	 -56176.30078	  16823.7793	 -79698.64844	  79704.66406
 1412	 -56187.05078	  16771.16797	 -79548.24219	  79554.25781
 1411	 -56176.30078	  16823.7793	 -79698.64844	  79704.66406
 1410	 -55978.99219	  16753.83789	 -79537.27344	  79543.28906
 1413	 -55960.87891	  16860.73828	 -79844.3125	  79850.32813
 1413	 -55960.87891	  16860.73828	 -79844.3125	  79850.32813
 1414	 -56169.35547	  16876.02734	 -79848.21094	  79854.22656
 1411	 -56176.30078	  16823.7793	 -79698.64844	  79704.66406
 1413	 -55960.87891	  16860.73828	 -79844.3125	  79850.32813
 1415	 -56165.77734	  16927.90625	 -79996.86719	  80002.88281
 1414	 -56169.35547	  16876.02734	 -79848.21094	  79854.22656
 1416	 -55956.61328	  16965.79688	 -80146.44531	  80152.46094
 1415	 -56165.77734	  16927.90625	 -79996.86719	  80002.88281
 1413	 -55960.87891	  16860.73828	 -79844.3125	  79850.32813
 1416	 -55956.61328	  16965.79688	 -80146.44531	  80152.46094
 1417	 -56165.19531	  16979.41797	 -80144.58594	  80150.60156
 1415	 -56165.77734	  16927.90625	 -79996.86719	  80002.88281
 1416	 -55956.61328	  16965.79688	 -80146.44531	  80152.46094
 1418	 -56167.22656	  17030.57031	 -80291.40625	  80297.42188
 1417	 -56165.19531	  16979.41797	 -80144.58594	  80150.60156
 1419	 -55963.02734	  17069.02148	 -80443.51563	  80449.53125
 1418	 -56167.22656	  17030.57031	 -80291.40625	  80297.42188
 1416	 -55956.61328	  16965.79688	 -80146.44531	  80152.46094
 1419	 -55963.02734	  17069.02148	 -80443.51563	  80449.53125
 1420	 -56171.47266	  17081.36328	 -80437.25	  80443.26563
 1418	 -56167.22656	  17030.57031	 -80291.40625	  80297.42188
 1421	 -55976.98047	  17170.46094	 -80735.47656	  80741.49219
 1420	 -56171.47266	  17081.36328	 -80437.25	  80443.26563
 1419	 -55963.02734	  17069.02148	 -80443.51563	  80449.53125
 1420	 -56171.47266	  17081.36328	 -80437.25	  80443.26563
 1421	 -55976.98047	  17170.46094	 -80735.47656	  80741.49219
 1422	 -56185.26953	  17181.90234	 -80726.07813	  80732.09375
 1423	 -57643.49219	  17151.22266	 -80668.9375	  80674.95313
 1424	 -57422.24219	  17072.34961	 -80406.07031	  80412.08594
 1425	 -57435.1875	  17167.47266	 -80676.17969	  80682.19531
 1424	 -57422.24219	  17072.34961	 -80406.07031	  80412.08594
 1423	 -57643.49219	  17151.22266	 -80668.9375	  80674.95313
 1426	 -57626.85156	  17010.36328	 -80270.46875	  80276.48438
 1424	 -57422.24219	  17072.34961	 -80406.07031	  80412.08594
 1426	 -57626.85156	  17010.36328	 -80270.46875	  80276.48438
 1427	 -57418.34375	  17025.11328	 -80272.52344	  80278.53906
 1426	 -57626.85156	  17010.36328	 -80270.46875	  80276.48438
 1428	 -57416.50781	  16978.10156	 -80140.03906	  80146.05469
 1427	 -57418.34375	  17025.11328	 -80272.52344	  80278.53906
 1426	 -57626.85156	  17010.36328	 -80270.46875	  80276.48438
 1429	 -57417.05469	  16931.29102	 -80008.57813	  80014.59375
 1428	 -57416.50781	  16978.10156	 -80140.03906	  80146.05469
 1429	 -57417.05469	  16931.29102	 -80008.57813	  80014.59375
 1426	 -57626.85156	  17010.36328	 -80270.46875	  80276.48438
 1430	 -57628.62891	  16872.30078	 -79884.28906	  79890.30469
 1429	 -57417.05469	  16931.29102	 -80008.57813	  80014.59375
 1430	 -57628.62891	  16872.30078	 -79884.28906	  79890.30469
 1431	 -57420.19922	  16884.69727	 -79878.19531	  79884.21094
 1430	 -57628.62891	  16872.30078	 -79884.28906	  79890.30469
 1432	 -57435.38672	  16792.07227	 -79620.53906	  79626.55469
 1431	 -57420.19922	  16884.69727	 -79878.19531	  79884.21094
 1432	 -57435.38672	  16792.07227	 -79620.53906	  79626.55469
 1430	 -57628.62891	  16872.30078	 -79884.28906	  79890.30469
 1433	 -57643.39844	  16781.72461	 -79633.71094	  79639.72656
 1434	 -57642.97266	  18060.73047	 -83240.94531	  83246.96094
 1435	 -57822.65625	  17940.12695	 -82930.61719	  82936.63281
 1436	 -57614.78516	  17958.10938	 -82943.84375	  82949.85938
 1435	 -57822.65625	  17940.12695	 -82930.61719	  82936.63281
 1434	 -57642.97266	  18060.73047	 -83240.94531	  83246.96094
 1437	 -57850.97656	  18043.22852	 -83229.36719	  83235.38281
 1437	 -57850.97656	  18043.22852	 -83229.36719	  83235.38281
 1434	 -57642.97266	  18060.73047	 -83240.94531	  83246.96094
 1438	 -57683.03125	  18268.11914	 -83847.50	  83853.51563
 1438	 -57683.03125	  18268.11914	 -83847.50	  83853.51563
 1439	 -57884.32422	  18199.9375	 -83687.57813	  83693.59375
 1437	 -57850.97656	  18043.22852	 -83229.36719	  83235.38281
 1439	 -57884.32422	  18199.9375	 -83687.57813	  83693.59375
 1438	 -57683.03125	  18268.11914	 -83847.50	  83853.51563
 1440	 -57897.51172	  18358.87109	 -84158.29688	  84164.3125
 1440	 -57897.51172	  18358.87109	 -84158.29688	  84164.3125
 1438	 -57683.03125	  18268.11914	 -83847.50	  83853.51563
 1441	 -57687.49609	  18320.33789	 -84001.75781	  84007.77344
 1442	 -57688.98438	  18372.6875	 -84157.10938	  84163.125
 1440	 -57897.51172	  18358.87109	 -84158.29688	  84164.3125
 1441	 -57687.49609	  18320.33789	 -84001.75781	  84007.77344
 1443	 -49559.54297	  21713.54688	 -95223.77344	  95229.78906
 1444	 -49751.35156	  21780.97266	 -95410.79688	  95416.8125
 1445	 -49767.04297	  21732.42969	 -95240.10156	  95246.11719
 1444	 -49751.35156	  21780.97266	 -95410.79688	  95416.8125
 1443	 -49559.54297	  21713.54688	 -95223.77344	  95229.78906
 1446	 -49543.09766	  21764.35742	 -95402.30469	  95408.32031
 1446	 -49543.09766	  21764.35742	 -95402.30469	  95408.32031
 1447	 -49744.75391	  21829.29297	 -95580.47656	  95586.49219
 1444	 -49751.35156	  21780.97266	 -95410.79688	  95416.8125
 1448	 -49536.20313	  21814.83008	 -95579.45313	  95585.46875
 1447	 -49744.75391	  21829.29297	 -95580.47656	  95586.49219
 1446	 -49543.09766	  21764.35742	 -95402.30469	  95408.32031
 1448	 -49536.20313	  21814.83008	 -95579.45313	  95585.46875
 1449	 -49746.64844	  21877.35352	 -95749.04688	  95755.0625
 1447	 -49744.75391	  21829.29297	 -95580.47656	  95586.49219
 1450	 -49538.18359	  21864.91016	 -95755.00	  95761.01563
 1449	 -49746.64844	  21877.35352	 -95749.04688	  95755.0625
 1448	 -49536.20313	  21814.83008	 -95579.45313	  95585.46875
 1450	 -49538.18359	  21864.91016	 -95755.00	  95761.01563
 1451	 -49756.37109	  21925.08203	 -95916.29688	  95922.3125
 1449	 -49746.64844	  21877.35352	 -95749.04688	  95755.0625
 1452	 -49548.26953	  21914.53125	 -95928.78906	  95934.80469
 1451	 -49756.37109	  21925.08203	 -95916.29688	  95922.3125
 1450	 -49538.18359	  21864.91016	 -95755.00	  95761.01563
 1452	 -49548.26953	  21914.53125	 -95928.78906	  95934.80469
 1453	 -49773.33984	  21972.44922	 -96082.14063	  96088.15625
 1451	 -49756.37109	  21925.08203	 -95916.29688	  95922.3125
 1454	 -49565.84375	  21963.64844	 -96100.67969	  96106.69531
 1453	 -49773.33984	  21972.44922	 -96082.14063	  96088.15625
 1452	 -49548.26953	  21914.53125	 -95928.78906	  95934.80469
 1454	 -49565.84375	  21963.64844	 -96100.67969	  96106.69531
 1455	 -49796.85156	  22019.4082	 -96246.42969	  96252.44531
 1453	 -49773.33984	  21972.44922	 -96082.14063	  96088.15625
 1456	 -49590.15625	  22012.22852	 -96270.57813	  96276.59375
 1455	 -49796.85156	  22019.4082	 -96246.42969	  96252.44531
 1454	 -49565.84375	  21963.64844	 -96100.67969	  96106.69531
 1457	 -49656.55859	  22107.6543	 -96604.10156	  96610.11719
 1455	 -49796.85156	  22019.4082	 -96246.42969	  96252.44531
 1456	 -49590.15625	  22012.22852	 -96270.57813	  96276.59375
 1455	 -49796.85156	  22019.4082	 -96246.42969	  96252.44531
 1457	 -49656.55859	  22107.6543	 -96604.10156	  96610.11719
 1458	 -49861.26563	  22111.99023	 -96570.11719	  96576.13281
 1459	 -51000.88281	  21797.17969	 -95466.83594	  95472.85156
 1460	 -51219.76563	  21753.32422	 -95361.32813	  95367.34375
 1461	 -51012.25	  21762.26172	 -95343.26563	  95349.28125
 1459	 -51000.88281	  21797.17969	 -95466.83594	  95472.85156
 1462	 -51204.58203	  21819.24805	 -95594.72656	  95600.74219
 1460	 -51219.76563	  21753.32422	 -95361.32813	  95367.34375
 1462	 -51204.58203	  21819.24805	 -95594.72656	  95600.74219
 1459	 -51000.88281	  21797.17969	 -95466.83594	  95472.85156
 1463	 -50996.01563	  21832.60742	 -95591.9375	  95597.95313
 1464	 -50997.46094	  21868.5332	 -95718.55469	  95724.57031
 1462	 -51204.58203	  21819.24805	 -95594.72656	  95600.74219
 1463	 -50996.01563	  21832.60742	 -95591.9375	  95597.95313
 1464	 -50997.46094	  21868.5332	 -95718.55469	  95724.57031
 1465	 -51213.00781	  21887.67969	 -95835.9375	  95841.95313
 1462	 -51204.58203	  21819.24805	 -95594.72656	  95600.74219
 1465	 -51213.00781	  21887.67969	 -95835.9375	  95841.95313
 1464	 -50997.46094	  21868.5332	 -95718.55469	  95724.57031
 1466	 -51004.92969	  21904.94531	 -95846.66406	  95852.67969
 1466	 -51004.92969	  21904.94531	 -95846.66406	  95852.67969
 1467	 -51225.62891	  21922.78516	 -95959.35938	  95965.375
 1465	 -51213.00781	  21887.67969	 -95835.9375	  95841.95313
 1467	 -51225.62891	  21922.78516	 -95959.35938	  95965.375
 1466	 -51004.92969	  21904.94531	 -95846.66406	  95852.67969
 1468	 -51018.15625	  21941.79688	 -95976.13281	  95982.14844
 1469	 -51036.89063	  21979.05859	 -96106.90625	  96112.92188
 1467	 -51225.62891	  21922.78516	 -95959.35938	  95965.375
 1468	 -51018.15625	  21941.79688	 -95976.13281	  95982.14844
 1469	 -51036.89063	  21979.05859	 -96106.90625	  96112.92188
 1470	 -51266.5625	  21994.55859	 -96211.27344	  96217.28906
 1467	 -51225.62891	  21922.78516	 -95959.35938	  95965.375
 1470	 -51266.5625	  21994.55859	 -96211.27344	  96217.28906
 1469	 -51036.89063	  21979.05859	 -96106.90625	  96112.92188
 1471	 -51060.78906	  22016.67188	 -96238.77344	  96244.78906
 1472	 -51089.61719	  22054.59766	 -96371.64063	  96377.65625
 1470	 -51266.5625	  21994.55859	 -96211.27344	  96217.28906
 1471	 -51060.78906	  22016.67188	 -96238.77344	  96244.78906
 1470	 -51266.5625	  21994.55859	 -96211.27344	  96217.28906
 1472	 -51089.61719	  22054.59766	 -96371.64063	  96377.65625
 1473	 -51294.33203	  22031.125	 -96339.45313	  96345.46875
 1474	 -51451.92969	  22361.55664	 -97447.21875	  97453.23438
 1475	 -51649.23828	  22331.39453	 -97391.89063	  97397.90625
 1476	 -51397.26563	  22323.17188	 -97312.42969	  97318.44531
 1475	 -51649.23828	  22331.39453	 -97391.89063	  97397.90625
 1477	 -51344.48438	  22284.70117	 -97177.49219	  97183.50781
 1476	 -51397.26563	  22323.17188	 -97312.42969	  97318.44531
 1477	 -51344.48438	  22284.70117	 -97177.49219	  97183.50781
 1475	 -51649.23828	  22331.39453	 -97391.89063	  97397.90625
 1478	 -51493.57813	  22217.73828	 -96993.10156	  96999.11719
 1477	 -51344.48438	  22284.70117	 -97177.49219	  97183.50781
 1478	 -51493.57813	  22217.73828	 -96993.10156	  96999.11719
 1479	 -51294.00	  22246.1875	 -97042.50781	  97048.52344
 1478	 -51493.57813	  22217.73828	 -96993.10156	  96999.11719
 1480	 -51246.21484	  22207.66797	 -96907.57813	  96913.59375
 1479	 -51294.00	  22246.1875	 -97042.50781	  97048.52344
 1478	 -51493.57813	  22217.73828	 -96993.10156	  96999.11719
 1481	 -51201.51563	  22169.19141	 -96772.86719	  96778.88281
 1480	 -51246.21484	  22207.66797	 -96907.57813	  96913.59375
 1481	 -51201.51563	  22169.19141	 -96772.86719	  96778.88281
 1478	 -51493.57813	  22217.73828	 -96993.10156	  96999.11719
 1482	 -51362.86719	  22105.02344	 -96598.29688	  96604.3125
 1481	 -51201.51563	  22169.19141	 -96772.86719	  96778.88281
 1482	 -51362.86719	  22105.02344	 -96598.29688	  96604.3125
 1483	 -51160.28906	  22130.82813	 -96638.5625	  96644.57813
 1482	 -51362.86719	  22105.02344	 -96598.29688	  96604.3125
 1484	 -51089.61719	  22054.59766	 -96371.64063	  96377.65625
 1483	 -51160.28906	  22130.82813	 -96638.5625	  96644.57813
 1485	 -51294.33203	  22031.125	 -96339.45313	  96345.46875
 1484	 -51089.61719	  22054.59766	 -96371.64063	  96377.65625
 1482	 -51362.86719	  22105.02344	 -96598.29688	  96604.3125
 1486	 -57426.97656	  19270.77539	 -86877.74219	  86883.75781
 1487	 -57699.28125	  19181.78125	 -86648.72656	  86654.74219
 1488	 -57494.70703	  19185.97461	 -86614.24219	  86620.25781
 1487	 -57699.28125	  19181.78125	 -86648.72656	  86654.74219
 1486	 -57426.97656	  19270.77539	 -86877.74219	  86883.75781
 1489	 -57630.20703	  19268.13281	 -86917.57031	  86923.58594
 1486	 -57426.97656	  19270.77539	 -86877.74219	  86883.75781
 1490	 -57550.60938	  19353.61133	 -87185.17188	  87191.1875
 1489	 -57630.20703	  19268.13281	 -86917.57031	  86923.58594
 1490	 -57550.60938	  19353.61133	 -87185.17188	  87191.1875
 1486	 -57426.97656	  19270.77539	 -86877.74219	  86883.75781
 1491	 -57348.99219	  19354.70508	 -87139.98438	  87146.00
 1492	 -57260.76172	  19437.60938	 -87400.44531	  87406.46094
 1490	 -57550.60938	  19353.61133	 -87185.17188	  87191.1875
 1491	 -57348.99219	  19354.70508	 -87139.98438	  87146.00
 1490	 -57550.60938	  19353.61133	 -87185.17188	  87191.1875
 1492	 -57260.76172	  19437.60938	 -87400.44531	  87406.46094
 1493	 -57460.58594	  19438.08203	 -87451.04688	  87457.0625
 1492	 -57260.76172	  19437.60938	 -87400.44531	  87406.46094
 1494	 -57359.97266	  19521.40625	 -87714.77344	  87720.78906
 1493	 -57460.58594	  19438.08203	 -87451.04688	  87457.0625
 1494	 -57359.97266	  19521.40625	 -87714.77344	  87720.78906
 1492	 -57260.76172	  19437.60938	 -87400.44531	  87406.46094
 1495	 -57162.25391	  19519.37695	 -87658.77344	  87664.78906
 1495	 -57162.25391	  19519.37695	 -87658.77344	  87664.78906
 1496	 -57248.82031	  19603.47266	 -87975.96875	  87981.98438
 1494	 -57359.97266	  19521.40625	 -87714.77344	  87720.78906
 1496	 -57248.82031	  19603.47266	 -87975.96875	  87981.98438
 1495	 -57162.25391	  19519.37695	 -87658.77344	  87664.78906
 1497	 -57053.41406	  19599.87305	 -87914.53125	  87920.54688
 1498	 -56934.15625	  19678.96289	 -88167.28125	  88173.29688
 1496	 -57248.82031	  19603.47266	 -87975.96875	  87981.98438
 1497	 -57053.41406	  19599.87305	 -87914.53125	  87920.54688
 1496	 -57248.82031	  19603.47266	 -87975.96875	  87981.98438
 1498	 -56934.15625	  19678.96289	 -88167.28125	  88173.29688
 1499	 -57126.99609	  19684.15234	 -88234.21875	  88240.23438
 1498	 -56934.15625	  19678.96289	 -88167.28125	  88173.29688
 1500	 -56994.48438	  19763.30273	 -88489.03125	  88495.04688
 1499	 -57126.99609	  19684.15234	 -88234.21875	  88240.23438
 1500	 -56994.48438	  19763.30273	 -88489.03125	  88495.04688
 1498	 -56934.15625	  19678.96289	 -88167.28125	  88173.29688
 1501	 -56804.51172	  19756.51758	 -88416.60156	  88422.61719
 1502	 -56664.40234	  19832.40625	 -88662.03906	  88668.05469
 1500	 -56994.48438	  19763.30273	 -88489.03125	  88495.04688
 1501	 -56804.51172	  19756.51758	 -88416.60156	  88422.61719
 1500	 -56994.48438	  19763.30273	 -88489.03125	  88495.04688
 1502	 -56664.40234	  19832.40625	 -88662.03906	  88668.05469
 1503	 -56851.23438	  19840.79688	 -88740.03125	  88746.04688
 1504	 -5631.36084	  2771.94775	 -12073.63281	  12079.63477
 1505	 -5566.00146	  2833.46533	 -12237.39453	  12243.39746
 1506	 -6097.33008	  2802.36353	 -12198.91602	  12204.91797
 1506	 -6097.33008	  2802.36353	 -12198.91602	  12204.91797
 1505	 -5566.00146	  2833.46533	 -12237.39453	  12243.39746
 1507	 -6033.32666	  2863.99097	 -12363.05762	  12369.06055
 1506	 -6097.33008	  2802.36353	 -12198.91602	  12204.91797
 1507	 -6033.32666	  2863.99097	 -12363.05762	  12369.06055
 1508	 -6357.40576	  2886.37524	 -12452.52637	  12458.5293
 1508	 -6357.40576	  2886.37524	 -12452.52637	  12458.5293
 1509	 -6425.0249	  2825.04053	 -12289.39551	  12295.39844
 1506	 -6097.33008	  2802.36353	 -12198.91602	  12204.91797
 1510	 -6522.22119	  2898.78223	 -12500.80859	  12506.81152
 1509	 -6425.0249	  2825.04053	 -12289.39551	  12295.39844
 1508	 -6357.40576	  2886.37524	 -12452.52637	  12458.5293
 1509	 -6425.0249	  2825.04053	 -12289.39551	  12295.39844
 1510	 -6522.22119	  2898.78223	 -12500.80859	  12506.81152
 1511	 -6763.23682	  2851.57788	 -12391.37402	  12397.37695
 1511	 -6763.23682	  2851.57788	 -12391.37402	  12397.37695
 1510	 -6522.22119	  2898.78223	 -12500.80859	  12506.81152
 1512	 -6688.39746	  2912.28296	 -12552.32813	  12558.33105
 1513	 -6855.60107	  2927.12476	 -12607.85254	  12613.85547
 1511	 -6763.23682	  2851.57788	 -12391.37402	  12397.37695
 1512	 -6688.39746	  2912.28296	 -12552.32813	  12558.33105
 1511	 -6763.23682	  2851.57788	 -12391.37402	  12397.37695
 1513	 -6855.60107	  2927.12476	 -12607.85254	  12613.85547
 1514	 -6935.32568	  2866.88794	 -12448.51953	  12454.52246
 1515	 -6935.32568	  2866.88794	 -12448.51953	  12454.52246
 1516	 -6855.60107	  2927.12476	 -12607.85254	  12613.85547
 1517	 -7494.19385	  2989.14111	 -12833.19336	  12839.19629
 1517	 -7494.19385	  2989.14111	 -12833.19336	  12839.19629
 1518	 -7736.28467	  2945.45313	 -12732.58496	  12738.58789
 1515	 -6935.32568	  2866.88794	 -12448.51953	  12454.52246
 1517	 -7494.19385	  2989.14111	 -12833.19336	  12839.19629
 1519	 -8211.36719	  2995.0813	 -12907.28027	  12913.2832
 1518	 -7736.28467	  2945.45313	 -12732.58496	  12738.58789
 1519	 -8211.36719	  2995.0813	 -12907.28027	  12913.2832
 1517	 -7494.19385	  2989.14111	 -12833.19336	  12839.19629
 1520	 -8126.31934	  3054.76807	 -13064.71191	  13070.71484
 1521	 -8856.08398	  3460.57568	 -14482.76465	  14488.76758
 1522	 -8769.39551	  3492.27246	 -14641.35547	  14647.3584
 1523	 -9463.45898	  3562.88892	 -14899.52637	  14905.5293
 1523	 -9463.45898	  3562.88892	 -14899.52637	  14905.5293
 1524	 -9547.69629	  3530.92139	 -14740.00	  14746.00293
 1521	 -8856.08398	  3460.57568	 -14482.76465	  14488.76758
 1523	 -9463.45898	  3562.88892	 -14899.52637	  14905.5293
 1525	 -10227.32227	  3599.38672	 -14991.66211	  14997.66504
 1524	 -9547.69629	  3530.92139	 -14740.00	  14746.00293
 1526	 -10141.26953	  3631.15527	 -15150.50195	  15156.50488
 1525	 -10227.32227	  3599.38672	 -14991.66211	  14997.66504
 1523	 -9463.45898	  3562.88892	 -14899.52637	  14905.5293
 1527	 -16256.59473	  3880.8562	 -17241.875	  17247.87891
 1528	 -16100.07227	  3927.86621	 -17355.57813	  17361.58203
 1529	 -16559.43359	  3911.82715	 -17546.2207	  17552.22461
 1529	 -16559.43359	  3911.82715	 -17546.2207	  17552.22461
 1528	 -16100.07227	  3927.86621	 -17355.57813	  17361.58203
 1530	 -16397.125	  3957.17896	 -17654.22461	  17660.22852
 1531	 -16538.57617	  3970.12354	 -17805.50586	  17811.50977
 1529	 -16559.43359	  3911.82715	 -17546.2207	  17552.22461
 1530	 -16397.125	  3957.17896	 -17654.22461	  17660.22852
 1529	 -16559.43359	  3911.82715	 -17546.2207	  17552.22461
 1531	 -16538.57617	  3970.12354	 -17805.50586	  17811.50977
 1532	 -16977.95703	  3949.4231	 -18008.1543	  18014.1582
 1532	 -16977.95703	  3949.4231	 -18008.1543	  18014.1582
 1531	 -16538.57617	  3970.12354	 -17805.50586	  17811.50977
 1533	 -16676.03516	  3982.0437	 -17957.60156	  17963.60547
 1532	 -16977.95703	  3949.4231	 -18008.1543	  18014.1582
 1533	 -16676.03516	  3982.0437	 -17957.60156	  17963.60547
 1534	 -17196.79297	  4021.23804	 -18566.8457	  18572.84961
 1534	 -17196.79297	  4021.23804	 -18566.8457	  18572.84961
 1535	 -17366.98633	  3978.4187	 -18467.54883	  18473.55273
 1532	 -16977.95703	  3949.4231	 -18008.1543	  18014.1582
 1536	 -20216.57617	  4496.85889	 -22928.85742	  22934.86133
 1537	 -20089.63281	  4522.74561	 -23067.30273	  23073.30664
 1538	 -20917.49609	  4588.43652	 -23589.96484	  23595.96875
 1538	 -20917.49609	  4588.43652	 -23589.96484	  23595.96875
 1539	 -21043.42773	  4562.35645	 -23450.8457	  23456.84961
 1536	 -20216.57617	  4496.85889	 -22928.85742	  22934.86133
 1538	 -20917.49609	  4588.43652	 -23589.96484	  23595.96875
 1540	 -21310.54688	  4584.2168	 -23622.00977	  23628.01367
 1539	 -21043.42773	  4562.35645	 -23450.8457	  23456.84961
 1541	 -21182.69531	  4609.94385	 -23759.90625	  23765.91016
 1540	 -21310.54688	  4584.2168	 -23622.00977	  23628.01367
 1538	 -20917.49609	  4588.43652	 -23589.96484	  23595.96875
 1542	 -22075.83789	  4346.20117	 -22798.90234	  22804.90625
 1543	 -22685.22852	  4330.97412	 -22960.63477	  22966.63867
 1544	 -22203.10742	  4292.59326	 -22662.44336	  22668.44727
 1543	 -22685.22852	  4330.97412	 -22960.63477	  22966.63867
 1542	 -22075.83789	  4346.20117	 -22798.90234	  22804.90625
 1545	 -22439.18164	  4375.43115	 -23025.8457	  23031.84961
 1543	 -22685.22852	  4330.97412	 -22960.63477	  22966.63867
 1545	 -22439.18164	  4375.43115	 -23025.8457	  23031.84961
 1546	 -23081.28125	  4430.6626	 -23407.52344	  23413.52734
 1546	 -23081.28125	  4430.6626	 -23407.52344	  23413.52734
 1547	 -23201.97656	  4375.88428	 -23267.0332	  23273.03711
 1543	 -22685.22852	  4330.97412	 -22960.63477	  22966.63867
 1548	 -23289.79688	  4765.79297	 -24869.13281	  24875.13867
 1549	 -23149.07617	  4788.90918	 -24998.00781	  25004.01367
 1550	 -23405.82227	  4819.49658	 -25198.14648	  25204.15234
 1550	 -23405.82227	  4819.49658	 -25198.14648	  25204.15234
 1551	 -23549.54297	  4797.05566	 -25071.60352	  25077.60938
 1548	 -23289.79688	  4765.79297	 -24869.13281	  24875.13867
 1550	 -23405.82227	  4819.49658	 -25198.14648	  25204.15234
 1552	 -23677.43555	  4813.0791	 -25174.3457	  25180.35156
 1551	 -23549.54297	  4797.05566	 -25071.60352	  25077.60938
 1553	 -23656.94336	  4851.04883	 -25402.07617	  25408.08203
 1552	 -23677.43555	  4813.0791	 -25174.3457	  25180.35156
 1550	 -23405.82227	  4819.49658	 -25198.14648	  25204.15234
 1553	 -23656.94336	  4851.04883	 -25402.07617	  25408.08203
 1554	 -23803.86914	  4829.35742	 -25278.12891	  25284.13477
 1552	 -23677.43555	  4813.0791	 -25174.3457	  25180.35156
 1553	 -23656.94336	  4851.04883	 -25402.07617	  25408.08203
 1555	 -23928.77539	  4845.86816	 -25382.91211	  25388.91797
 1554	 -23803.86914	  4829.35742	 -25278.12891	  25284.13477
 1556	 -23901.75	  4883.48682	 -25609.87305	  25615.87891
 1555	 -23928.77539	  4845.86816	 -25382.91211	  25388.91797
 1553	 -23656.94336	  4851.04883	 -25402.07617	  25408.08203
 1556	 -23901.75	  4883.48682	 -25609.87305	  25615.87891
 1557	 -24052.0293	  4862.61816	 -25488.77148	  25494.77734
 1555	 -23928.77539	  4845.86816	 -25382.91211	  25388.91797
 1556	 -23901.75	  4883.48682	 -25609.87305	  25615.87891
 1558	 -24293.36914	  4896.77246	 -25703.67578	  25709.68164
 1557	 -24052.0293	  4862.61816	 -25488.77148	  25494.77734
 1559	 -24139.49609	  4916.72852	 -25821.61914	  25827.625
 1558	 -24293.36914	  4896.77246	 -25703.67578	  25709.68164
 1556	 -23901.75	  4883.48682	 -25609.87305	  25615.87891
 1560	 -55199.11719	  20373.82617	 -90460.89063	  90466.90625
 1561	 -55124.77344	  20461.05664	 -90806.9375	  90812.95313
 1562	 -55362.24609	  20391.14844	 -90569.78125	  90575.79688
 1561	 -55124.77344	  20461.05664	 -90806.9375	  90812.95313
 1560	 -55199.11719	  20373.82617	 -90460.89063	  90466.90625
 1563	 -54967.20313	  20442.10547	 -90692.42188	  90698.4375
 1564	 -54848.96484	  20474.80664	 -90803.74219	  90809.75781
 1561	 -55124.77344	  20461.05664	 -90806.9375	  90812.95313
 1563	 -54967.20313	  20442.10547	 -90692.42188	  90698.4375
 1561	 -55124.77344	  20461.05664	 -90806.9375	  90812.95313
 1564	 -54848.96484	  20474.80664	 -90803.74219	  90809.75781
 1565	 -54761.40625	  20558.36328	 -91139.10938	  91145.125
 1565	 -54761.40625	  20558.36328	 -91139.10938	  91145.125
 1564	 -54848.96484	  20474.80664	 -90803.74219	  90809.75781
 1566	 -54729.73047	  20506.68555	 -90912.54688	  90918.5625
 1565	 -54761.40625	  20558.36328	 -91139.10938	  91145.125
 1566	 -54729.73047	  20506.68555	 -90912.54688	  90918.5625
 1567	 -54250.58203	  20627.57227	 -91327.6875	  91333.70313
 1567	 -54250.58203	  20627.57227	 -91327.6875	  91333.70313
 1568	 -54399.33984	  20648.81055	 -91450.10938	  91456.125
 1565	 -54761.40625	  20558.36328	 -91139.10938	  91145.125
 1569	 -30651.40625	  6584.75488	 -35585.64844	  35591.65625
 1570	 -30473.76172	  6597.13037	 -35677.39063	  35683.39844
 1571	 -30833.4082	  6694.37646	 -36157.65625	  36163.66406
 1571	 -30833.4082	  6694.37646	 -36157.65625	  36163.66406
 1572	 -31009.84375	  6681.55127	 -36064.35547	  36070.36328
 1569	 -30651.40625	  6584.75488	 -35585.64844	  35591.65625
 1571	 -30833.4082	  6694.37646	 -36157.65625	  36163.66406
 1573	 -31365.13281	  6780.68848	 -36535.31641	  36541.32422
 1572	 -31009.84375	  6681.55127	 -36064.35547	  36070.36328
 1574	 -31188.20313	  6793.34424	 -36628.04297	  36634.05078
 1573	 -31365.13281	  6780.68848	 -36535.31641	  36541.32422
 1571	 -30833.4082	  6694.37646	 -36157.65625	  36163.66406
 1575	 -36498.21484	  8284.52637	 -42970.33594	  42976.34375
 1576	 -36808.69531	  8287.29883	 -43002.35938	  43008.36719
 1577	 -36653.97656	  8265.07715	 -42854.14063	  42860.14844
 1576	 -36808.69531	  8287.29883	 -43002.35938	  43008.36719
 1575	 -36498.21484	  8284.52637	 -42970.33594	  42976.34375
 1578	 -36650.54297	  8306.08984	 -43116.26172	  43122.26953
 1579	 -36811.35547	  8329.06055	 -43273.26172	  43279.26953
 1576	 -36808.69531	  8287.29883	 -43002.35938	  43008.36719
 1578	 -36650.54297	  8306.08984	 -43116.26172	  43122.26953
 1579	 -36811.35547	  8329.06055	 -43273.26172	  43279.26953
 1580	 -37139.02344	  8332.93848	 -43322.47656	  43328.48438
 1576	 -36808.69531	  8287.29883	 -43002.35938	  43008.36719
 1581	 -36982.75391	  8352.27344	 -43438.23828	  43444.24609
 1580	 -37139.02344	  8332.93848	 -43322.47656	  43328.48438
 1579	 -36811.35547	  8329.06055	 -43273.26172	  43279.26953
 1581	 -36982.75391	  8352.27344	 -43438.23828	  43444.24609
 1582	 -37319.42969	  8354.02734	 -43488.20313	  43494.21094
 1580	 -37139.02344	  8332.93848	 -43322.47656	  43328.48438
 1583	 -37167.60938	  8374.5332	 -43607.99219	  43614.00
 1582	 -37319.42969	  8354.02734	 -43488.20313	  43494.21094
 1581	 -36982.75391	  8352.27344	 -43438.23828	  43444.24609
 1583	 -37167.60938	  8374.5332	 -43607.99219	  43614.00
 1584	 -37514.15234	  8372.34668	 -43653.35547	  43659.36328
 1582	 -37319.42969	  8354.02734	 -43488.20313	  43494.21094
 1585	 -37369.44141	  8394.58984	 -43779.13281	  43785.14063
 1584	 -37514.15234	  8372.34668	 -43653.35547	  43659.36328
 1583	 -37167.60938	  8374.5332	 -43607.99219	  43614.00
 1585	 -37369.44141	  8394.58984	 -43779.13281	  43785.14063
 1586	 -37726.78906	  8386.56348	 -43814.26172	  43820.26953
 1584	 -37514.15234	  8372.34668	 -43653.35547	  43659.36328
 1587	 -37592.30859	  8411.0332	 -43947.71484	  43953.72266
 1586	 -37726.78906	  8386.56348	 -43814.26172	  43820.26953
 1585	 -37369.44141	  8394.58984	 -43779.13281	  43785.14063
 1587	 -37592.30859	  8411.0332	 -43947.71484	  43953.72266
 1588	 -37961.00781	  8395.15137	 -43966.58594	  43972.59375
 1586	 -37726.78906	  8386.56348	 -43814.26172	  43820.26953
 1589	 -37840.42578	  8422.20703	 -44108.94922	  44114.95703
 1588	 -37961.00781	  8395.15137	 -43966.58594	  43972.59375
 1587	 -37592.30859	  8411.0332	 -43947.71484	  43953.72266
 1590	 -38117.375	  8426.125	 -44256.89844	  44262.90625
 1588	 -37961.00781	  8395.15137	 -43966.58594	  43972.59375
 1589	 -37840.42578	  8422.20703	 -44108.94922	  44114.95703
 1588	 -37961.00781	  8395.15137	 -43966.58594	  43972.59375
 1590	 -38117.375	  8426.125	 -44256.89844	  44262.90625
 1591	 -38220.14844	  8396.34277	 -44105.13672	  44111.14453
 1592	 -38897.08203	  8108.5708	 -43223.30469	  43229.3125
 1593	 -38934.50391	  8076.41113	 -43047.51563	  43053.52344
 1594	 -38832.98047	  8134.05225	 -43198.07813	  43204.08594
 1593	 -38934.50391	  8076.41113	 -43047.51563	  43053.52344
 1592	 -38897.08203	  8108.5708	 -43223.30469	  43229.3125
 1595	 -38964.34766	  8047.2832	 -43060.05859	  43066.06641
 1592	 -38897.08203	  8108.5708	 -43223.30469	  43229.3125
 1596	 -39040.59766	  8016.27197	 -43079.13281	  43085.14063
 1595	 -38964.34766	  8047.2832	 -43060.05859	  43066.06641
 1596	 -39040.59766	  8016.27197	 -43079.13281	  43085.14063
 1592	 -38897.08203	  8108.5708	 -43223.30469	  43229.3125
 1597	 -38998.51953	  8079.19824	 -43248.08984	  43254.09766
 1598	 -39138.63672	  8046.23047	 -43270.10547	  43276.11328
 1596	 -39040.59766	  8016.27197	 -43079.13281	  43085.14063
 1597	 -38998.51953	  8079.19824	 -43248.08984	  43254.09766
 1596	 -39040.59766	  8016.27197	 -43079.13281	  43085.14063
 1598	 -39138.63672	  8046.23047	 -43270.10547	  43276.11328
 1599	 -39166.26953	  7982.72607	 -43099.125	  43105.13281
 1598	 -39138.63672	  8046.23047	 -43270.10547	  43276.11328
 1600	 -39336.97266	  7947.40479	 -43119.29297	  43125.30078
 1599	 -39166.26953	  7982.72607	 -43099.125	  43105.13281
 1600	 -39336.97266	  7947.40479	 -43119.29297	  43125.30078
 1598	 -39138.63672	  8046.23047	 -43270.10547	  43276.11328
 1601	 -39313.30469	  8011.02539	 -43290.69922	  43296.70703
 1601	 -39313.30469	  8011.02539	 -43290.69922	  43296.70703
 1602	 -39548.45313	  7912.82568	 -43144.99219	  43151.00
 1600	 -39336.97266	  7947.40479	 -43119.29297	  43125.30078
 1602	 -39548.45313	  7912.82568	 -43144.99219	  43151.00
 1601	 -39313.30469	  8011.02539	 -43290.69922	  43296.70703
 1603	 -39518.33984	  7976.23535	 -43315.6875	  43321.69531
 1604	 -39751.01172	  7945.75146	 -43355.15234	  43361.16016
 1602	 -39548.45313	  7912.82568	 -43144.99219	  43151.00
 1603	 -39518.33984	  7976.23535	 -43315.6875	  43321.69531
 1602	 -39548.45313	  7912.82568	 -43144.99219	  43151.00
 1604	 -39751.01172	  7945.75146	 -43355.15234	  43361.16016
 1605	 -39798.26563	  7883.11963	 -43187.15234	  43193.16016
 1604	 -39751.01172	  7945.75146	 -43355.15234	  43361.16016
 1606	 -40082.78125	  7864.24121	 -43262.98828	  43268.99609
 1605	 -39798.26563	  7883.11963	 -43187.15234	  43193.16016
 1606	 -40082.78125	  7864.24121	 -43262.98828	  43268.99609
 1604	 -39751.01172	  7945.75146	 -43355.15234	  43361.16016
 1607	 -40007.625	  7924.80615	 -43423.82422	  43429.83203
 1608	 -40276.73828	  7919.53467	 -43539.55078	  43545.55859
 1606	 -40082.78125	  7864.24121	 -43262.98828	  43268.99609
 1607	 -40007.625	  7924.80615	 -43423.82422	  43429.83203
 1606	 -40082.78125	  7864.24121	 -43262.98828	  43268.99609
 1608	 -40276.73828	  7919.53467	 -43539.55078	  43545.55859
 1609	 -40388.03516	  7863.30811	 -43393.76953	  43399.77734
 1610	 -40535.29688	  7914.51025	 -43698.31641	  43704.32422
 1611	 -40388.03516	  7863.30811	 -43393.76953	  43399.77734
 1612	 -40276.73828	  7919.53467	 -43539.55078	  43545.55859
 1611	 -40388.03516	  7863.30811	 -43393.76953	  43399.77734
 1610	 -40535.29688	  7914.51025	 -43698.31641	  43704.32422
 1613	 -40666.20703	  7861.66309	 -43564.21484	  43570.22266
 1610	 -40535.29688	  7914.51025	 -43698.31641	  43704.32422
 1614	 -40910.42188	  7864.41943	 -43750.35547	  43756.36328
 1613	 -40666.20703	  7861.66309	 -43564.21484	  43570.22266
 1614	 -40910.42188	  7864.41943	 -43750.35547	  43756.36328
 1610	 -40535.29688	  7914.51025	 -43698.31641	  43704.32422
 1615	 -40764.21094	  7913.98242	 -43873.09375	  43879.10156
 1616	 -40967.10938	  7916.75537	 -44058.12109	  44064.12891
 1614	 -40910.42188	  7864.41943	 -43750.35547	  43756.36328
 1615	 -40764.21094	  7913.98242	 -43873.09375	  43879.10156
 1614	 -40910.42188	  7864.41943	 -43750.35547	  43756.36328
 1616	 -40967.10938	  7916.75537	 -44058.12109	  44064.12891
 1617	 -41124.77734	  7870.1123	 -43945.49219	  43951.50
 1616	 -40967.10938	  7916.75537	 -44058.12109	  44064.12891
 1618	 -41314.18359	  7877.7168	 -44144.45703	  44150.46484
 1617	 -41124.77734	  7870.1123	 -43945.49219	  43951.50
 1618	 -41314.18359	  7877.7168	 -44144.45703	  44150.46484
 1616	 -40967.10938	  7916.75537	 -44058.12109	  44064.12891
 1619	 -41148.375	  7921.95117	 -44248.73828	  44254.74609
 1619	 -41148.375	  7921.95117	 -44248.73828	  44254.74609
 1620	 -41483.53906	  7886.49512	 -44343.05859	  44349.06641
 1618	 -41314.18359	  7877.7168	 -44144.45703	  44150.46484
 1620	 -41483.53906	  7886.49512	 -44343.05859	  44349.06641
 1619	 -41148.375	  7921.95117	 -44248.73828	  44254.74609
 1621	 -41312.19922	  7928.91699	 -44441.05078	  44447.05859
 1622	 -41462.4375	  7937.1377	 -44631.65625	  44637.66406
 1620	 -41483.53906	  7886.49512	 -44343.05859	  44349.06641
 1621	 -41312.19922	  7928.91699	 -44441.05078	  44447.05859
 1620	 -41483.53906	  7886.49512	 -44343.05859	  44349.06641
 1622	 -41462.4375	  7937.1377	 -44631.65625	  44637.66406
 1623	 -41637.10938	  7895.90674	 -44537.80469	  44543.8125
 1622	 -41462.4375	  7937.1377	 -44631.65625	  44637.66406
 1624	 -41778.44922	  7905.46338	 -44725.36328	  44731.37109
 1623	 -41637.10938	  7895.90674	 -44537.80469	  44543.8125
 1624	 -41778.44922	  7905.46338	 -44725.36328	  44731.37109
 1622	 -41462.4375	  7937.1377	 -44631.65625	  44637.66406
 1625	 -41602.35938	  7946.15283	 -44817.32813	  44823.33594
 1626	 -41734.59766	  7955.48633	 -44994.77734	  45000.78516
 1624	 -41778.44922	  7905.46338	 -44725.36328	  44731.37109
 1625	 -41602.35938	  7946.15283	 -44817.32813	  44823.33594
 1624	 -41778.44922	  7905.46338	 -44725.36328	  44731.37109
 1626	 -41734.59766	  7955.48633	 -44994.77734	  45000.78516
 1627	 -41910.46094	  7914.6875	 -44902.46875	  44908.47656
 1628	 -52405.47656	  20658.11719	 -91436.85938	  91442.875
 1629	 -52247.29297	  20611.52734	 -91324.71875	  91330.73438
 1630	 -51920.92578	  20699.96875	 -91634.22656	  91640.24219
 1630	 -51920.92578	  20699.96875	 -91634.22656	  91640.24219
 1631	 -52076.89453	  20747.15625	 -91748.42969	  91754.44531
 1628	 -52405.47656	  20658.11719	 -91436.85938	  91442.875
 1630	 -51920.92578	  20699.96875	 -91634.22656	  91640.24219
 1632	 -51736.03125	  20838.29883	 -92069.00	  92075.01563
 1631	 -52076.89453	  20747.15625	 -91748.42969	  91754.44531
 1633	 -51579.01953	  20791.40234	 -91955.79688	  91961.8125
 1632	 -51736.03125	  20838.29883	 -92069.00	  92075.01563
 1630	 -51920.92578	  20699.96875	 -91634.22656	  91640.24219
 1634	 -51347.71094	  20854.85547	 -92179.625	  92185.64063
 1632	 -51736.03125	  20838.29883	 -92069.00	  92075.01563
 1633	 -51579.01953	  20791.40234	 -91955.79688	  91961.8125
 1632	 -51736.03125	  20838.29883	 -92069.00	  92075.01563
 1634	 -51347.71094	  20854.85547	 -92179.625	  92185.64063
 1635	 -51507.20313	  20901.05859	 -92290.42969	  92296.44531
 1636	 -50963.01563	  11170.54297	 -61867.65625	  61873.66797
 1637	 -50802.28516	  11216.39453	 -61977.23828	  61983.25
 1638	 -51170.69141	  11222.31543	 -62071.55859	  62077.57031
 1638	 -51170.69141	  11222.31543	 -62071.55859	  62077.57031
 1637	 -50802.28516	  11216.39453	 -61977.23828	  61983.25
 1639	 -51013.65234	  11269.21387	 -62184.76563	  62190.77734
 1640	 -51121.74609	  11294.9375	 -62286.41797	  62292.42969
 1638	 -51170.69141	  11222.31543	 -62071.55859	  62077.57031
 1639	 -51013.65234	  11269.21387	 -62184.76563	  62190.77734
 1640	 -51121.74609	  11294.9375	 -62286.41797	  62292.42969
 1641	 -51384.14844	  11272.09375	 -62269.14844	  62275.16016
 1638	 -51170.69141	  11222.31543	 -62071.55859	  62077.57031
 1641	 -51384.14844	  11272.09375	 -62269.14844	  62275.16016
 1640	 -51121.74609	  11294.9375	 -62286.41797	  62292.42969
 1642	 -51231.44922	  11320.15137	 -62386.36328	  62392.375
 1641	 -51384.14844	  11272.09375	 -62269.14844	  62275.16016
 1642	 -51231.44922	  11320.15137	 -62386.36328	  62392.375
 1643	 -51342.78906	  11344.84082	 -62484.47656	  62490.48828
 1644	 -51455.78906	  11368.97363	 -62580.55859	  62586.57031
 1641	 -51384.14844	  11272.09375	 -62269.14844	  62275.16016
 1643	 -51342.78906	  11344.84082	 -62484.47656	  62490.48828
 1644	 -51455.78906	  11368.97363	 -62580.55859	  62586.57031
 1645	 -51715.02734	  11342.49121	 -62550.39063	  62556.40234
 1641	 -51384.14844	  11272.09375	 -62269.14844	  62275.16016
 1645	 -51715.02734	  11342.49121	 -62550.39063	  62556.40234
 1644	 -51455.78906	  11368.97363	 -62580.55859	  62586.57031
 1646	 -51570.39063	  11392.51758	 -62674.41406	  62680.42578
 1647	 -51686.64063	  11415.44824	 -62765.875	  62771.88672
 1645	 -51715.02734	  11342.49121	 -62550.39063	  62556.40234
 1646	 -51570.39063	  11392.51758	 -62674.41406	  62680.42578
 1645	 -51715.02734	  11342.49121	 -62550.39063	  62556.40234
 1647	 -51686.64063	  11415.44824	 -62765.875	  62771.88672
 1648	 -51828.16406	  11364.71973	 -62639.42969	  62645.44141
 1649	 -58642.77344	  12106.47559	 -65207.42578	  65213.4375
 1650	 -58531.47656	  12013.79004	 -64938.91016	  64944.92188
 1651	 -58419.96484	  12070.0752	 -65084.58203	  65090.59375
 1650	 -58531.47656	  12013.79004	 -64938.91016	  64944.92188
 1649	 -58642.77344	  12106.47559	 -65207.42578	  65213.4375
 1652	 -58762.05469	  12051.43652	 -65066.07422	  65072.08594
 1649	 -58642.77344	  12106.47559	 -65207.42578	  65213.4375
 1653	 -58989.6875	  12092.39063	 -65204.90625	  65210.91797
 1652	 -58762.05469	  12051.43652	 -65066.07422	  65072.08594
 1653	 -58989.6875	  12092.39063	 -65204.90625	  65210.91797
 1649	 -58642.77344	  12106.47559	 -65207.42578	  65213.4375
 1654	 -58862.16406	  12145.96875	 -65341.20313	  65347.21484
 1655	 -59076.0625	  12188.64551	 -65486.31641	  65492.32813
 1653	 -58989.6875	  12092.39063	 -65204.90625	  65210.91797
 1654	 -58862.16406	  12145.96875	 -65341.20313	  65347.21484
 1653	 -58989.6875	  12092.39063	 -65204.90625	  65210.91797
 1655	 -59076.0625	  12188.64551	 -65486.31641	  65492.32813
 1656	 -59212.35547	  12136.79199	 -65355.96484	  65361.97656
 1655	 -59076.0625	  12188.64551	 -65486.31641	  65492.32813
 1657	 -59427.78125	  12184.81836	 -65520.00	  65526.01172
 1656	 -59212.35547	  12136.79199	 -65355.96484	  65361.97656
 1657	 -59427.78125	  12184.81836	 -65520.00	  65526.01172
 1655	 -59076.0625	  12188.64551	 -65486.31641	  65492.32813
 1658	 -59282.30078	  12234.64648	 -65643.32813	  65649.34375
 1658	 -59282.30078	  12234.64648	 -65643.32813	  65649.34375
 1659	 -59633.62109	  12236.69238	 -65697.85938	  65703.875
 1657	 -59427.78125	  12184.81836	 -65520.00	  65526.01172
 1659	 -59633.62109	  12236.69238	 -65697.85938	  65703.875
 1658	 -59282.30078	  12234.64648	 -65643.32813	  65649.34375
 1660	 -59478.55859	  12284.11719	 -65812.88281	  65818.89844
 1661	 -59662.14063	  12337.20996	 -65995.59375	  66001.60938
 1659	 -59633.62109	  12236.69238	 -65697.85938	  65703.875
 1660	 -59478.55859	  12284.11719	 -65812.88281	  65818.89844
 1659	 -59633.62109	  12236.69238	 -65697.85938	  65703.875
 1661	 -59662.14063	  12337.20996	 -65995.59375	  66001.60938
 1662	 -59827.08984	  12292.62207	 -65890.375	  65896.39063
 1661	 -59662.14063	  12337.20996	 -65995.59375	  66001.60938
 1663	 -60005.05859	  12352.82813	 -66098.40625	  66104.42188
 1662	 -59827.08984	  12292.62207	 -65890.375	  65896.39063
 1663	 -60005.05859	  12352.82813	 -66098.40625	  66104.42188
 1661	 -59662.14063	  12337.20996	 -65995.59375	  66001.60938
 1664	 -59830.24609	  12394.07813	 -66192.07031	  66198.08594
 1665	 -59979.61719	  12454.83105	 -66402.82031	  66408.83594
 1663	 -60005.05859	  12352.82813	 -66098.40625	  66104.42188
 1664	 -59830.24609	  12394.07813	 -66192.07031	  66198.08594
 1663	 -60005.05859	  12352.82813	 -66098.40625	  66104.42188
 1665	 -59979.61719	  12454.83105	 -66402.82031	  66408.83594
 1666	 -60163.94141	  12417.46777	 -66322.58594	  66328.60156
 1667	 -60132.53906	  12533.49512	 -66677.01563	  66683.03125
 1668	 -60163.94141	  12417.46777	 -66322.58594	  66328.60156
 1669	 -59979.61719	  12454.83105	 -66402.82031	  66408.83594
 1668	 -60163.94141	  12417.46777	 -66322.58594	  66328.60156
 1667	 -60132.53906	  12533.49512	 -66677.01563	  66683.03125
 1670	 -60325.97266	  12500.84277	 -66613.07813	  66619.09375
 1667	 -60132.53906	  12533.49512	 -66677.01563	  66683.03125
 1671	 -60449.63672	  12584.61133	 -66906.26563	  66912.28125
 1670	 -60325.97266	  12500.84277	 -66613.07813	  66619.09375
 1671	 -60449.63672	  12584.61133	 -66906.26563	  66912.28125
 1667	 -60132.53906	  12533.49512	 -66677.01563	  66683.03125
 1672	 -60250.00	  12613.02734	 -66955.54688	  66961.5625
 1673	 -60337.625	  12692.61621	 -67235.24219	  67241.25781
 1671	 -60449.63672	  12584.61133	 -66906.26563	  66912.28125
 1672	 -60250.00	  12613.02734	 -66955.54688	  66961.5625
 1671	 -60449.63672	  12584.61133	 -66906.26563	  66912.28125
 1673	 -60337.625	  12692.61621	 -67235.24219	  67241.25781
 1674	 -60541.21484	  12667.84863	 -67198.57031	  67204.58594
 1673	 -60337.625	  12692.61621	 -67235.24219	  67241.25781
 1675	 -60606.89453	  12749.92871	 -67487.51563	  67493.53125
 1674	 -60541.21484	  12667.84863	 -67198.57031	  67204.58594
 1675	 -60606.89453	  12749.92871	 -67487.51563	  67493.53125
 1673	 -60337.625	  12692.61621	 -67235.24219	  67241.25781
 1676	 -60400.89453	  12771.69434	 -67513.80469	  67519.82031
 1676	 -60400.89453	  12771.69434	 -67513.80469	  67519.82031
 1677	 -60652.30078	  12830.41211	 -67771.23438	  67777.25
 1675	 -60606.89453	  12749.92871	 -67487.51563	  67493.53125
 1677	 -60652.30078	  12830.41211	 -67771.23438	  67777.25
 1676	 -60400.89453	  12771.69434	 -67513.80469	  67519.82031
 1678	 -60445.00	  12849.80273	 -67789.3125	  67795.32813
 1679	 -60474.75	  12926.5752	 -68060.10938	  68066.125
 1677	 -60652.30078	  12830.41211	 -67771.23438	  67777.25
 1678	 -60445.00	  12849.80273	 -67789.3125	  67795.32813
 1677	 -60652.30078	  12830.41211	 -67771.23438	  67777.25
 1679	 -60474.75	  12926.5752	 -68060.10938	  68066.125
 1680	 -60682.71094	  12908.93555	 -68048.07813	  68054.09375
 1679	 -60474.75	  12926.5752	 -68060.10938	  68066.125
 1681	 -60702.78125	  12985.12012	 -68316.42188	  68322.4375
 1680	 -60682.71094	  12908.93555	 -68048.07813	  68054.09375
 1681	 -60702.78125	  12985.12012	 -68316.42188	  68322.4375
 1679	 -60474.75	  12926.5752	 -68060.10938	  68066.125
 1682	 -60494.50781	  13001.61719	 -68324.50	  68330.51563
 1683	 -60508.43359	  13074.50195	 -68580.65625	  68586.67188
 1681	 -60702.78125	  12985.12012	 -68316.42188	  68322.4375
 1682	 -60494.50781	  13001.61719	 -68324.50	  68330.51563
 1681	 -60702.78125	  12985.12012	 -68316.42188	  68322.4375
 1683	 -60508.43359	  13074.50195	 -68580.65625	  68586.67188
 1684	 -60716.82422	  13058.56055	 -68574.51563	  68580.53125
 1685	 -58488.02734	  14112.3291	 -72209.92188	  72215.9375
 1686	 -58508.11719	  14375.51855	 -73011.78906	  73017.80469
 1687	 -58693.31641	  14135.06641	 -72239.57031	  72245.58594
 1688	 -58344.18359	  14302.47266	 -72823.71094	  72829.72656
 1686	 -58508.11719	  14375.51855	 -73011.78906	  73017.80469
 1685	 -58488.02734	  14112.3291	 -72209.92188	  72215.9375
 1689	 -58263.14844	  14399.41797	 -73125.625	  73131.64063
 1686	 -58508.11719	  14375.51855	 -73011.78906	  73017.80469
 1688	 -58344.18359	  14302.47266	 -72823.71094	  72829.72656
 1689	 -58263.14844	  14399.41797	 -73125.625	  73131.64063
 1690	 -58466.28125	  14424.69141	 -73164.05469	  73170.07031
 1686	 -58508.11719	  14375.51855	 -73011.78906	  73017.80469
 1689	 -58263.14844	  14399.41797	 -73125.625	  73131.64063
 1691	 -58376.82422	  14524.48926	 -73466.14063	  73472.15625
 1690	 -58466.28125	  14424.69141	 -73164.05469	  73170.07031
 1692	 -58174.86719	  14498.09766	 -73423.83594	  73429.85156
 1691	 -58376.82422	  14524.48926	 -73466.14063	  73472.15625
 1689	 -58263.14844	  14399.41797	 -73125.625	  73131.64063
 1693	 -57643.49219	  17151.22266	 -80668.9375	  80674.95313
 1694	 -57435.1875	  17167.47266	 -80676.17969	  80682.19531
 1695	 -57671.21875	  17294.81836	 -81078.85938	  81084.875
 1695	 -57671.21875	  17294.81836	 -81078.85938	  81084.875
 1694	 -57435.1875	  17167.47266	 -80676.17969	  80682.19531
 1696	 -57463.02734	  17311.7207	 -81088.35938	  81094.375
 1695	 -57671.21875	  17294.81836	 -81078.85938	  81084.875
 1696	 -57463.02734	  17311.7207	 -81088.35938	  81094.375
 1697	 -57511.67188	  17557.00195	 -81794.49219	  81800.50781
 1695	 -57671.21875	  17294.81836	 -81078.85938	  81084.875
 1697	 -57511.67188	  17557.00195	 -81794.49219	  81800.50781
 1698	 -57720.04297	  17540.87695	 -81787.6875	  81793.70313
