 IDX	 gl_Position.x	 gl_Position.y	 gl_Position.z	 gl_Position.w
 0	 -0.55866	 -37.82726	  46.89547	  47.38066
 1	 -1.94431	 -37.25413	  46.47371	  46.95903
 2	 -3.11552	 -44.51501	  46.12074	  46.60618
 3	 -1.03057	 -56.42828	  46.61436	  47.09965
 4	 -1.25188	 -55.88117	  46.81563	  47.30085
 5	 -1.66902	 -56.1832	  46.60993	  47.09522
 6	 -2.03674	 -36.67709	  47.21634	  47.70143
 7	 -1.57478	 -37.56985	  47.3362	  47.82126
 8	 -4.69891	 -46.21611	  46.51279	  46.99811
 9	 -2.70121	 -61.13663	  46.3587	  46.84406
 10	 -1.66902	 -56.1832	  46.60993	  47.09522
 11	 -2.0375	 -56.12629	  46.66084	  47.14611
 12	 -0.33018	 -56.95232	  46.78062	  47.26585
 13	 -0.72299	 -56.24052	  46.91817	  47.40336
 14	 -0.96505	 -56.03477	  46.84513	  47.33034
 15	 -2.44719	 -55.97857	  48.36574	  48.85048
 16	 -2.2289	 -55.05303	  48.44723	  48.93194
 17	 -2.11138	 -54.79995	  48.25596	  48.74073
 18	 -2.20973	 -55.95782	  47.98717	  48.47203
 19	 -2.25566	 -56.01654	  48.17992	  48.66471
 20	 -2.04545	 -54.53493	  48.07622	  48.56105
 21	 -2.13508	 -53.85852	  47.61317	  48.09815
 22	 -2.62196	 -57.95075	  47.36068	  47.84573
 23	 -2.60597	 -58.3379	  47.65771	  48.14267
 24	 -3.7892	 -46.71932	  46.18335	  46.66877
 25	 -2.11857	 -48.66437	  46.59883	  47.08412
 26	 -2.57257	 -42.63205	  46.62147	  47.10675
 27	 -5.80613	 -62.84124	  47.05521	  47.54036
 28	 -4.59917	 -56.33224	  47.39708	  47.88212
 29	 -4.93574	 -56.34536	  47.48887	  47.97388
 30	  1.59911	 -40.69323	  48.69203	  49.17666
 31	 -1.33655	 -37.71413	  48.38485	  48.86958
 32	 -0.1007	 -37.83572	  48.55839	  49.04306
 33	 -1.45948	 -36.94203	  46.94647	  47.43165
 34	 -0.98201	 -37.76033	  47.07034	  47.55548
 35	 -3.70802	 -44.49434	  46.34968	  46.83505
 36	 -2.92571	 -49.80546	  47.27354	  47.75862
 37	 -3.39324	 -52.4336	  47.04098	  47.52613
 38	 -2.59067	 -50.49882	  46.96304	  47.44822
 39	 -1.28469	 -51.5903	  47.7169	  48.20184
 40	 -1.65416	 -53.82012	  47.1774	  47.66251
 41	 -2.25591	 -53.84442	  47.35383	  47.83888
 42	 -2.25591	 -53.84442	  47.35383	  47.83888
 43	 -3.39324	 -52.4336	  47.04098	  47.52613
 44	 -2.92571	 -49.80546	  47.27354	  47.75862
 45	 -2.95405	 -52.91734	  46.80628	  47.29151
 46	 -3.35994	 -52.81581	  47.02776	  47.51292
 47	 -1.84905	 -54.27544	  47.11009	  47.59522
 48	 -3.35994	 -52.81581	  47.02776	  47.51292
 49	 -2.35383	 -54.04346	  47.29549	  47.78056
 50	 -1.84905	 -54.27544	  47.11009	  47.59522
 51	 -7.75802	 -60.25208	  45.85636	  46.34188
 52	 -8.13458	 -56.08098	  46.06341	  46.54887
 53	 -6.78702	 -58.05602	  46.40522	  46.89057
 54	 -8.13458	 -56.08098	  46.06341	  46.54887
 55	 -7.75802	 -60.25208	  45.85636	  46.34188
 56	 -6.77689	 -55.77784	  45.55768	  46.0433
 57	 -6.78702	 -58.05602	  46.40522	  46.89057
 58	 -5.4382	 -57.69749	  45.88167	  46.36718
 59	 -6.97392	 -61.34461	  46.05235	  46.53781
 60	 -2.11138	 -54.79995	  48.25596	  48.74073
 61	 -2.2289	 -55.05303	  48.44723	  48.93194
 62	 -2.42454	 -54.95764	  48.40804	  48.89276
 63	 -6.77689	 -55.77784	  45.55768	  46.0433
 64	 -6.95546	 -60.11299	  45.5731	  46.05871
 65	 -5.4382	 -57.69749	  45.88167	  46.36718
 66	 -3.95963	 -51.1415	  47.01565	  47.50081
 67	 -2.87602	 -52.65598	  47.2951	  47.78017
 68	 -4.46886	 -51.55355	  47.18008	  47.66518
 69	 -4.46886	 -51.55355	  47.18008	  47.66518
 70	 -2.87602	 -52.65598	  47.2951	  47.78017
 71	 -3.50017	 -52.91617	  47.43776	  47.92278
 72	 -2.20973	 -55.95782	  47.98717	  48.47203
 73	 -2.04545	 -54.53493	  48.07622	  48.56105
 74	 -2.25566	 -56.01654	  48.17992	  48.66471
 75	 -3.37514	 -58.15925	  47.64051	  48.12548
 76	 -2.89126	 -54.06133	  47.89017	  48.37506
 77	 -2.60597	 -58.3379	  47.65771	  48.14267
 78	 -4.84739	 -66.40569	  46.96156	  47.44673
 79	 -4.26214	 -62.33495	  47.20967	  47.69477
 80	 -4.02614	 -66.60804	  46.96578	  47.45095
 81	 -4.63186	 -62.02179	  47.08059	  47.56573
 82	 -5.18012	 -66.0772	  46.8191	  47.30433
 83	 -4.97901	 -61.64993	  46.92875	  47.41393
 84	 -0.9821	 -37.58968	  47.1073	  47.59243
 85	 -2.57533	 -37.24744	  46.72969	  47.21494
 86	 -4.10624	 -46.23597	  46.28389	  46.76928
 87	 -3.39479	 -62.53711	  47.20727	  47.69237
 88	 -3.48994	 -62.15781	  46.9358	  47.42098
 89	 -4.02614	 -66.60804	  46.96578	  47.45095
 90	 -3.48994	 -62.15781	  46.9358	  47.42098
 91	 -4.03821	 -66.21322	  46.67431	  47.15958
 92	 -4.02614	 -66.60804	  46.96578	  47.45095
 93	 -5.15659	 -60.10536	  46.854	  47.33921
 94	 -2.50432	 -56.2785	  46.80557	  47.2908
 95	 -3.7559	 -59.84104	  46.35888	  46.84425
 96	 -2.50432	 -56.2785	  46.80557	  47.2908
 97	 -4.01696	 -54.07177	  46.37752	  46.86288
 98	 -3.7559	 -59.84104	  46.35888	  46.84425
 99	 -6.55647	 -58.49527	  46.46215	  46.94748
 100	 -5.15659	 -60.10536	  46.854	  47.33921
 101	 -6.64162	 -62.21231	  46.14025	  46.62569
 102	 -6.55647	 -58.49527	  46.46215	  46.94748
 103	 -6.64162	 -62.21231	  46.14025	  46.62569
 104	 -5.11032	 -58.27741	  45.96543	  46.45092
 105	 -5.2989	 -62.91329	  46.97326	  47.45843
 106	 -4.59917	 -56.33224	  47.39708	  47.88212
 107	 -5.59533	 -62.82916	  46.99535	  47.48052
 108	 -4.80317	 -63.56743	  47.2516	  47.73669
 109	 -4.9219	 -63.60239	  47.30261	  47.78768
 110	 -3.86535	 -57.0517	  47.6563	  48.14125
 111	 -5.21462	 -63.56998	  47.35553	  47.84058
 112	 -4.47023	 -56.98777	  47.76753	  48.25245
 113	 -3.98408	 -57.08666	  47.7073	  48.19225
 114	 -6.06062	 -66.81319	  46.73746	  47.22271
 115	 -5.59533	 -62.82916	  46.99535	  47.48052
 116	 -6.37947	 -66.80309	  46.81059	  47.29581
 117	 -6.06062	 -66.81319	  46.73746	  47.22271
 118	 -5.2989	 -62.91329	  46.97326	  47.45843
 119	 -5.59533	 -62.82916	  46.99535	  47.48052
 120	 -5.30222	 -67.3973	  46.90745	  47.39265
 121	 -5.37327	 -67.52834	  47.00559	  47.49075
 122	 -4.7344	 -63.46609	  47.17227	  47.65738
 123	 -2.11287	 -61.07309	  46.17976	  46.66519
 124	 -1.05883	 -61.5899	  46.25804	  46.74344
 125	 -1.44916	 -56.06275	  46.48191	  46.96723
 126	 -1.05883	 -61.5899	  46.25804	  46.74344
 127	 -0.55819	 -56.46877	  46.52857	  47.01388
 128	 -1.44916	 -56.06275	  46.48191	  46.96723
 129	 -4.9219	 -63.60239	  47.30261	  47.78768
 130	 -4.80317	 -63.56743	  47.2516	  47.73669
 131	 -5.37327	 -67.52834	  47.00559	  47.49075
 132	 -5.37327	 -67.52834	  47.00559	  47.49075
 133	 -5.73262	 -67.54237	  47.10361	  47.58875
 134	 -4.9219	 -63.60239	  47.30261	  47.78768
 135	 -6.10379	 -67.40259	  47.11011	  47.59524
 136	 -5.56973	 -63.42148	  47.35269	  47.83775
 137	 -5.73262	 -67.54237	  47.10361	  47.58875
 138	 -5.84724	 -57.65856	  45.2872	  45.7729
 139	 -3.86847	 -55.24237	  45.46216	  45.94781
 140	 -5.18061	 -53.30193	  45.10569	  45.59145
 141	 -5.18061	 -53.30193	  45.10569	  45.59145
 142	 -6.54967	 -53.4376	  45.60991	  46.09551
 143	 -5.84724	 -57.65856	  45.2872	  45.7729
 144	 -2.61555	 -47.81688	  46.37211	  46.85747
 145	 -3.6801	 -46.28978	  46.08379	  46.56924
 146	 -2.21309	 -47.90221	  46.14882	  46.63425
 147	 -2.21309	 -47.90221	  46.14882	  46.63425
 148	 -3.6801	 -46.28978	  46.08379	  46.56924
 149	 -3.18563	 -46.52026	  45.895	  46.38052
 150	  0.09731	 -51.31038	  47.22384	  47.70893
 151	  0.80903	 -46.59862	  47.52103	  48.00603
 152	 -1.47117	 -49.33704	  46.77435	  47.25959
 153	 -5.59064	 -60.2604	  47.05412	  47.53926
 154	 -7.62835	 -61.88934	  46.4908	  46.97612
 155	 -6.26897	 -62.93593	  46.80194	  47.28716
 156	 -8.16141	 -58.98566	  46.88615	  47.37135
 157	 -6.23187	 -60.47121	  47.32779	  47.81285
 158	 -8.26959	 -62.10015	  46.76447	  47.24971
 159	 -6.23187	 -60.47121	  47.32779	  47.81285
 160	 -6.91021	 -63.14674	  47.07561	  47.56075
 161	 -8.26959	 -62.10015	  46.76447	  47.24971
 162	 -5.54252	 -57.56618	  47.14985	  47.63496
 163	 -6.90191	 -56.51958	  46.83871	  47.32392
 164	 -7.52017	 -58.77485	  46.61248	  47.09777
 165	 -0.84352	 -62.39885	  46.71887	  47.20412
 166	 -0.17981	 -57.38851	  47.02102	  47.50617
 167	 -0.19475	 -57.1849	  46.89577	  47.38096
 168	 -2.61613	 -62.29634	  47.07207	  47.55721
 169	 -1.95243	 -57.286	  47.37421	  47.85926
 170	 -1.57471	 -57.46875	  47.40071	  47.88575
 171	 -3.32039	 -61.60338	  46.7999	  47.28513
 172	 -2.65668	 -56.59304	  47.10204	  47.58717
 173	 -3.18496	 -61.83596	  46.91505	  47.40025
 174	 -4.38299	 -50.39075	  46.8928	  47.378
 175	 -5.00368	 -50.67783	  47.04054	  47.52569
 176	 -5.47383	 -48.86905	  46.61411	  47.09939
 177	 -5.00368	 -50.67783	  47.04054	  47.52569
 178	 -5.95934	 -49.30639	  46.78593	  47.27116
 179	 -5.47383	 -48.86905	  46.61411	  47.09939
 180	 -3.55951	 -49.10955	  47.10516	  47.59029
 181	 -3.10107	 -49.992	  46.82416	  47.30938
 182	 -4.10819	 -51.67916	  46.84739	  47.3326
 183	 -5.27867	 -50.29613	  46.54305	  47.02835
 184	 -3.55951	 -49.10955	  47.10516	  47.59029
 185	 -4.10819	 -51.67916	  46.84739	  47.3326
 186	 -3.72622	 -52.09363	  46.59739	  47.08268
 187	 -4.85812	 -50.74371	  46.30297	  46.78835
 188	 -4.22551	 -51.88124	  46.79489	  47.28012
 189	 -4.22551	 -51.88124	  46.79489	  47.28012
 190	 -4.85812	 -50.74371	  46.30297	  46.78835
 191	 -5.23848	 -50.66843	  46.52434	  47.00965
 192	 -5.13583	 -47.06127	  46.68676	  47.17202
 193	 -5.27867	 -50.29613	  46.54305	  47.02835
 194	 -4.81574	 -50.10377	  46.32949	  46.81487
 195	 -0.84184	 -29.31009	  47.55738	  48.04237
 196	 -0.83942	 -30.01595	  47.69675	  48.1817
 197	 -1.32372	 -36.52471	  46.51423	  46.99954
 198	 -5.91184	 -69.48839	  46.83762	  47.32283
 199	 -5.63162	 -67.54145	  46.95854	  47.44372
 200	 -5.59011	 -67.44763	  46.89061	  47.3758
 201	 -6.22071	 -69.46459	  46.89985	  47.38504
 202	 -6.14286	 -67.40533	  47.00214	  47.4873
 203	 -5.84218	 -67.53917	  47.00953	  47.49469
 204	 -6.53968	 -69.14911	  46.78548	  47.27071
 205	 -6.24993	 -67.16135	  46.87897	  47.36418
 206	 -6.27508	 -67.23805	  46.93232	  47.41751
 207	 -3.11314	 -40.76521	  47.35222	  47.83727
 208	 -4.51607	 -40.53732	  47.84323	  48.32813
 209	 -3.9944	 -44.94096	  47.5946	  48.07957
 210	 -3.9944	 -44.94096	  47.5946	  48.07957
 211	 -1.91738	 -42.73156	  47.75052	  48.23545
 212	 -3.11314	 -40.76521	  47.35222	  47.83727
 213	  3.65363	 -40.48822	  48.15276	  48.63756
 214	  3.96617	 -37.96248	  48.76054	  49.24515
 215	  1.89954	 -40.05042	  48.62321	  49.10787
 216	  1.89954	 -40.05042	  48.62321	  49.10787
 217	  0.42148	 -36.4127	  48.55064	  49.03532
 218	 -0.05075	 -38.07426	  48.42059	  48.90531
 219	  0.42148	 -36.4127	  48.55064	  49.03532
 220	 -1.15432	 -34.80884	  48.38344	  48.86817
 221	 -0.05075	 -38.07426	  48.42059	  48.90531
 222	 -0.35241	 -35.13331	  48.54344	  49.02812
 223	 -1.33695	 -33.59977	  48.23059	  48.71537
 224	  0.03488	 -35.36543	  48.33561	  48.82035
 225	  0.03488	 -35.36543	  48.33561	  48.82035
 226	 -1.33695	 -33.59977	  48.23059	  48.71537
 227	 -0.83944	 -33.97325	  48.04931	  48.53415
 228	 -5.37327	 -67.52834	  47.00559	  47.49075
 229	 -5.59011	 -67.44763	  46.89061	  47.3758
 230	 -5.63162	 -67.54145	  46.95854	  47.44372
 231	  0.2778	 -29.81059	  47.61141	  48.09639
 232	  0.21297	 -29.82861	  47.17283	  47.65794
 233	 -0.20533	 -36.66178	  46.49649	  46.98182
 234	  1.59911	 -40.69323	  48.69203	  49.17666
 235	  0.10856	 -36.65083	  47.31171	  47.79677
 236	 -1.33655	 -37.71413	  48.38485	  48.86958
 237	 -2.25302	 -57.51856	  45.87627	  46.36178
 238	 -3.98812	 -60.69492	  45.77801	  46.26356
 239	 -3.37463	 -56.94972	  46.46859	  46.95392
 240	 -3.65879	 -55.67414	  45.52214	  46.00777
 241	 -4.73705	 -59.61965	  45.57279	  46.0584
 242	 -2.25302	 -57.51856	  45.87627	  46.36178
 243	 -2.17382	 -48.55766	  46.48583	  46.97115
 244	 -1.68473	 -48.76815	  46.28642	  46.77181
 245	 -1.08228	 -50.07669	  46.76479	  47.25002
 246	 -1.68473	 -48.76815	  46.28642	  46.77181
 247	 -0.72332	 -50.1275	  46.5449	  47.0302
 248	 -1.08228	 -50.07669	  46.76479	  47.25002
 249	  3.50171	 -41.02274	  48.11092	  48.59573
 250	  2.84196	 -41.50376	  48.60248	  49.08714
 251	  6.87259	 -41.35058	  49.05288	  49.5374
 252	  2.4303	 -37.7687	  48.92094	  49.4055
 253	  1.72202	 -37.55819	  48.96824	  49.45279
 254	  0.27297	 -36.52097	  48.6613	  49.14594
 255	  2.24213	 -37.97023	  49.10418	  49.58868
 256	  2.4303	 -37.7687	  48.92094	  49.4055
 257	  3.77774	 -38.21123	  48.86019	  49.34477
 258	 -8.84594	 -65.1534	  45.94738	  46.43288
 259	 -6.03882	 -64.56736	  44.93711	  45.42292
 260	 -8.70852	 -64.30273	  46.00712	  46.4926
 261	 -5.37097	 -67.78539	  45.06034	  45.54612
 262	 -8.17039	 -68.40851	  46.07204	  46.55749
 263	 -7.77871	 -68.783	  46.17869	  46.66412
 264	 -4.18038	 -68.05305	  45.40432	  45.88999
 265	 -6.96609	 -68.67926	  46.41998	  46.90533
 266	 -6.62469	 -68.21118	  46.531	  47.01632
 267	 -8.02993	 -64.53206	  46.78401	  47.26925
 268	 -8.70887	 -67.62109	  46.44968	  46.93502
 269	 -8.17441	 -64.31261	  46.68201	  47.16727
 270	 -7.72983	 -64.92462	  46.79882	  47.28405
 271	 -8.54727	 -67.88599	  46.53967	  47.02498
 272	 -8.70887	 -67.62109	  46.44968	  46.93502
 273	 -8.21197	 -67.90926	  46.58923	  47.07452
 274	 -7.58439	 -65.41927	  46.83035	  47.31556
 275	 -7.96702	 -67.78788	  46.66401	  47.14928
 276	 -9.64599	 -67.22578	  46.25817	  46.74356
 277	 -9.16364	 -66.79065	  46.39937	  46.88472
 278	 -9.24661	 -68.33501	  46.35039	  46.83576
 279	 -9.10261	 -68.67024	  46.26225	  46.74764
 280	 -8.84376	 -68.37367	  46.13945	  46.62488
 281	 -9.45038	 -67.14181	  46.19852	  46.68394
 282	 -8.68816	 -69.02229	  46.49897	  46.98429
 283	 -9.02433	 -67.48029	  46.47919	  46.96452
 284	 -8.54727	 -67.88599	  46.53967	  47.02498
 285	 -8.20265	 -69.1774	  46.30968	  46.79507
 286	 -8.84376	 -68.37367	  46.13945	  46.62488
 287	 -9.10261	 -68.67024	  46.26225	  46.74764
 288	 -8.68816	 -69.02229	  46.49897	  46.98429
 289	 -8.54727	 -67.88599	  46.53967	  47.02498
 290	 -8.07757	 -69.0316	  46.55922	  47.04453
 291	 -8.07757	 -69.0316	  46.55922	  47.04453
 292	 -7.69763	 -68.90112	  46.53585	  47.02116
 293	 -8.49255	 -68.93832	  46.43933	  46.92467
 294	 -7.67992	 -68.83456	  46.68062	  47.16589
 295	 -8.21197	 -67.90926	  46.58923	  47.07452
 296	 -7.96702	 -67.78788	  46.66401	  47.14928
 297	 -7.67992	 -68.83456	  46.68062	  47.16589
 298	 -7.96702	 -67.78788	  46.66401	  47.14928
 299	 -7.33852	 -68.36649	  46.79164	  47.27687
 300	 -7.33852	 -68.36649	  46.79164	  47.27687
 301	 -7.13064	 -68.32125	  46.71574	  47.20099
 302	 -7.67992	 -68.83456	  46.68062	  47.16589
 303	 -7.13064	 -68.32125	  46.71574	  47.20099
 304	 -7.69763	 -68.90112	  46.53585	  47.02116
 305	 -7.67992	 -68.83456	  46.68062	  47.16589
 306	 -7.33852	 -68.36649	  46.79164	  47.27687
 307	 -7.75671	 -67.49954	  46.7324	  47.21765
 308	 -7.19311	 -67.45551	  46.97402	  47.45919
 309	 -6.64632	 -67.77674	  46.79912	  47.28435
 310	 -6.92501	 -68.54433	  46.69973	  47.18499
 311	 -7.14271	 -68.50009	  46.84238	  47.32759
 312	 -6.7662	 -66.99092	  46.98738	  47.47255
 313	 -6.64632	 -67.77674	  46.79912	  47.28435
 314	 -7.14271	 -68.50009	  46.84238	  47.32759
 315	 -7.19311	 -67.45551	  46.97402	  47.45919
 316	 -7.70558	 -66.84003	  46.88134	  47.36654
 317	 -6.93972	 -65.89774	  46.965	  47.45018
 318	 -6.93972	 -65.89774	  46.965	  47.45018
 319	 -7.70558	 -66.84003	  46.88134	  47.36654
 320	 -7.51105	 -65.97879	  46.8392	  47.32441
 321	 -6.93972	 -65.89774	  46.965	  47.45018
 322	 -6.63354	 -65.94289	  46.91391	  47.3991
 323	 -6.7662	 -66.99092	  46.98738	  47.47255
 324	 -6.63354	 -65.94289	  46.91391	  47.3991
 325	 -6.49418	 -66.83496	  46.86526	  47.35046
 326	 -6.7662	 -66.99092	  46.98738	  47.47255
 327	 -6.93972	 -65.89774	  46.965	  47.45018
 328	 -7.51105	 -65.97879	  46.8392	  47.32441
 329	 -7.05877	 -64.98942	  46.95064	  47.43582
 330	 -7.05877	 -64.98942	  46.95064	  47.43582
 331	 -6.63354	 -65.94289	  46.91391	  47.3991
 332	 -6.93972	 -65.89774	  46.965	  47.45018
 333	 -7.29488	 -64.18643	  46.89947	  47.38466
 334	 -7.58439	 -65.41927	  46.83035	  47.31556
 335	 -7.72983	 -64.92462	  46.79882	  47.28405
 336	 -7.29488	 -64.18643	  46.89947	  47.38466
 337	 -7.72983	 -64.92462	  46.79882	  47.28405
 338	 -7.8036	 -63.54663	  46.8835	  47.3687
 339	 -7.62492	 -63.5674	  46.81649	  47.30172
 340	 -7.41704	 -63.52217	  46.74059	  47.22583
 341	 -7.29488	 -64.18643	  46.89947	  47.38466
 342	 -7.41704	 -63.52217	  46.74059	  47.22583
 343	 -6.98425	 -64.49063	  46.84583	  47.33105
 344	 -7.29488	 -64.18643	  46.89947	  47.38466
 345	 -6.23554	 -66.6672	  46.68051	  47.16578
 346	 -3.45816	 -66.0639	  45.66188	  46.14747
 347	 -6.37296	 -67.51786	  46.62077	  47.10606
 348	 -6.34494	 -64.83411	  46.69	  47.17527
 349	 -3.5663	 -64.25169	  45.67127	  46.15685
 350	 -6.22588	 -65.74243	  46.70436	  47.18962
 351	 -8.40061	 -63.12599	  46.71752	  47.20278
 352	 -8.02993	 -64.53206	  46.78401	  47.26925
 353	 -8.45803	 -64.26826	  46.7187	  47.20395
 354	 -7.92561	 -62.7604	  46.53697	  47.02228
 355	 -7.24209	 -63.23119	  46.72725	  47.2125
 356	 -8.21398	 -62.72606	  46.65861	  47.14388
 357	 -8.40061	 -63.12599	  46.71752	  47.20278
 358	 -8.45803	 -64.26826	  46.7187	  47.20395
 359	 -9.00791	 -63.27589	  46.53555	  47.02086
 360	 -8.82923	 -63.29666	  46.46854	  46.95388
 361	 -8.5754	 -62.93144	  46.34203	  46.8274
 362	 -8.21398	 -62.72606	  46.65861	  47.14388
 363	 -9.00791	 -63.27589	  46.53555	  47.02086
 364	 -8.77048	 -64.36543	  46.56919	  47.05449
 365	 -9.17063	 -63.76474	  46.35753	  46.84289
 366	 -8.82923	 -63.29666	  46.46854	  46.95388
 367	 -9.17063	 -63.76474	  46.35753	  46.84289
 368	 -9.1293	 -63.93424	  46.15638	  46.64181
 369	 -9.17063	 -63.76474	  46.35753	  46.84289
 370	 -8.88529	 -64.66486	  46.46499	  46.95032
 371	 -9.42236	 -64.45805	  46.26776	  46.75315
 372	 -9.42236	 -64.45805	  46.26776	  46.75315
 373	 -9.1293	 -63.93424	  46.15638	  46.64181
 374	 -9.17063	 -63.76474	  46.35753	  46.84289
 375	 -9.56944	 -66.23348	  46.18416	  46.66958
 376	 -9.0791	 -65.33179	  46.39285	  46.8782
 377	 -9.13096	 -66.18561	  46.3582	  46.84356
 378	 -9.56944	 -66.23348	  46.18416	  46.66958
 379	 -9.13096	 -66.18561	  46.3582	  46.84356
 380	 -9.64599	 -67.22578	  46.25817	  46.74356
 381	 -9.56944	 -66.23348	  46.18416	  46.66958
 382	 -9.45038	 -67.14181	  46.19852	  46.68394
 383	 -9.26308	 -67.18846	  46.04309	  46.52855
 384	 -2.2163	 -64.224	  45.61678	  46.10238
 385	 -2.99955	 -68.29822	  45.21764	  45.70336
 386	 -1.7383	 -66.21834	  45.96281	  46.4483
 387	 -1.7383	 -66.21834	  45.96281	  46.4483
 388	 -2.99955	 -68.29822	  45.21764	  45.70336
 389	 -2.29011	 -69.08868	  45.68161	  46.16719
 390	 -3.1576	 -64.15844	  45.77674	  46.26229
 391	 -2.67961	 -66.15277	  46.12278	  46.60822
 392	 -3.94086	 -68.23265	  45.3776	  45.86327
 393	 -2.67961	 -66.15277	  46.12278	  46.60822
 394	 -3.23142	 -69.02312	  45.84158	  46.3271
 395	 -3.94086	 -68.23265	  45.3776	  45.86327
 396	 -9.1293	 -63.93424	  46.15638	  46.64181
 397	 -9.38954	 -65.67091	  46.04039	  46.52586
 398	 -8.84594	 -65.1534	  45.94738	  46.43288
 399	 -7.72983	 -64.92462	  46.79882	  47.28405
 400	 -7.58439	 -65.41927	  46.83035	  47.31556
 401	 -8.54727	 -67.88599	  46.53967	  47.02498
 402	 -6.34864	 -54.51816	  47.4799	  47.96491
 403	 -5.719	 -47.89764	  47.62105	  48.10602
 404	 -5.16122	 -48.87343	  47.83955	  48.32445
 405	 -1.91738	 -42.73156	  47.75052	  48.23545
 406	 -3.32265	 -46.01663	  47.82016	  48.30507
 407	 -3.40327	 -42.54353	  48.23736	  48.72214
 408	  3.44266	 -41.32629	  48.23219	  48.71697
 409	 -0.49603	 -53.43804	  47.06587	  47.55101
 410	 -0.28077	 -53.27262	  46.93693	  47.42211
 411	  0.33324	 -54.48473	  47.17404	  47.65915
 412	  0.14946	 -54.65094	  47.03415	  47.5193
 413	  0.01542	 -54.34999	  47.22828	  47.71338
 414	  4.26461	 -42.3703	  48.34176	  48.8265
 415	  0.40523	 -53.81778	  46.9112	  47.39639
 416	  0.56403	 -54.26497	  47.02055	  47.50571
 417	  3.84556	 -42.38971	  48.48407	  48.96877
 418	  0.33324	 -54.48473	  47.17404	  47.65915
 419	  0.01542	 -54.34999	  47.22828	  47.71338
 420	 -3.86847	 -55.24237	  45.46216	  45.94781
 421	 -5.10585	 -58.72784	  45.48928	  45.97492
 422	 -5.31272	 -55.46135	  45.96179	  46.44728
 423	 -7.74785	 -67.44879	  45.03617	  45.52196
 424	 -7.42241	 -60.84394	  45.2791	  45.7648
 425	 -6.79998	 -61.82676	  45.47665	  45.96229
 426	  3.64531	 -43.26703	  48.90371	  49.38828
 427	  0.29003	 -54.05162	  47.73331	  48.21825
 428	 -0.08161	 -54.04674	  47.85493	  48.33983
 429	  3.76681	 -42.81514	  48.69738	  49.18201
 430	  0.33085	 -53.6628	  47.57694	  48.06193
 431	  0.35517	 -53.93597	  47.6692	  48.15416
 432	 -7.30277	 -63.03759	  46.4492	  46.93454
 433	 -4.51323	 -62.47565	  45.43321	  45.91887
 434	 -6.91109	 -63.41209	  46.55585	  47.04116
 435	 -6.58104	 -64.03113	  46.63883	  47.12411
 436	 -3.79972	 -63.45787	  45.62068	  46.10628
 437	 -6.34494	 -64.83411	  46.69	  47.17527
 438	 -0.52342	 -33.3851	  48.95213	  49.43668
 439	  0.71198	 -33.91917	  49.3054	  49.78984
 440	 -0.26256	 -35.33719	  49.16812	  49.6526
 441	  2.86291	 -35.42464	  49.45236	  49.93676
 442	  1.71741	 -36.53728	  49.46063	  49.94502
 443	  1.59018	 -34.75775	  49.43616	  49.92056
 444	  2.81378	 -34.78801	  49.21213	  49.6966
 445	  5.01123	 -36.07008	  47.56691	  48.0519
 446	  2.80135	 -37.20168	  49.21836	  49.70283
 447	 -0.32192	 -34.02073	  48.75266	  49.23727
 448	  1.85143	 -35.13369	  47.10336	  47.58849
 449	  0.27556	 -33.07146	  48.83655	  49.32114
 450	 -3.56393	 -70.79337	  45.94339	  46.42889
 451	 -2.40851	 -62.88747	  46.39605	  46.8814
 452	 -2.70336	 -62.86079	  46.44871	  46.93405
 453	 -3.98883	 -70.90751	  46.11578	  46.60123
 454	 -2.93977	 -62.96085	  46.56775	  47.05305
 455	 -2.9222	 -63.18201	  46.70348	  47.18874
 456	  0.02512	 -38.01894	  48.36406	  48.84879
 457	 -1.05411	 -36.03488	  47.8173	  48.30221
 458	  0.95145	 -37.34356	  47.67389	  48.15884
 459	  3.65363	 -40.48822	  48.15276	  48.63756
 460	  1.89954	 -40.05042	  48.62321	  49.10787
 461	  0.02512	 -38.01894	  48.36406	  48.84879
 462	  0.09731	 -51.31038	  47.22384	  47.70893
 463	 -1.28469	 -51.5903	  47.7169	  48.20184
 464	  0.80903	 -46.59862	  47.52103	  48.00603
 465	 -0.51103	 -44.9517	  47.14892	  47.63404
 466	 -1.95608	 -45.18731	  47.65179	  48.13675
 467	 -1.80018	 -50.36063	  46.6838	  47.16907
 468	 -3.92567	 -42.95224	  47.13692	  47.62204
 469	 -3.7892	 -46.71932	  46.18335	  46.66877
 470	 -2.57257	 -42.63205	  46.62147	  47.10675
 471	 -1.16507	 -44.27098	  46.97162	  47.45679
 472	 -2.343	 -49.81458	  46.53625	  47.02156
 473	 -2.49018	 -44.62793	  47.4959	  47.98091
 474	  1.16381	 -42.48178	  49.05592	  49.54044
 475	  3.05963	 -44.24975	  49.09667	  49.58118
 476	  1.15407	 -40.47181	  48.2019	  48.68668
 477	  3.90694	 -43.40668	  49.10663	  49.59113
 478	  1.39779	 -41.61095	  49.16087	  49.64536
 479	  1.50174	 -39.41485	  48.29361	  48.77837
 480	 -1.44157	 -51.82531	  47.26735	  47.75243
 481	 -1.3536	 -54.12624	  47.23966	  47.72475
 482	 -1.33625	 -53.89287	  47.08798	  47.57312
 483	 -0.7586	 -51.9567	  47.18938	  47.67449
 484	 -0.95466	 -53.97507	  47.04998	  47.53513
 485	 -0.68724	 -54.23208	  47.14946	  47.63457
 486	 -3.65879	 -55.67414	  45.52214	  46.00777
 487	 -4.98484	 -56.04128	  46.04556	  46.53102
 488	 -4.73705	 -59.61965	  45.57279	  46.0584
 489	 -4.98484	 -56.04128	  46.04556	  46.53102
 490	 -3.37463	 -56.94972	  46.46859	  46.95392
 491	 -5.51194	 -59.87736	  45.89552	  46.38103
 492	 -2.62812	 -71.4119	  46.11388	  46.59933
 493	 -1.69674	 -63.6725	  46.72468	  47.20993
 494	 -1.58062	 -63.50355	  46.59045	  47.07574
 495	 -1.16905	 -62.64423	  46.95082	  47.436
 496	 -0.50534	 -57.63389	  47.25297	  47.73805
 497	 -0.95054	 -62.55356	  46.84196	  47.32717
 498	 -0.3979	 -37.56131	  48.75338	  49.23799
 499	  2.0677	 -37.80562	  47.14378	  47.6289
 500	 -0.62075	 -35.57815	  48.7143	  49.19893
 501	  1.59018	 -34.75775	  49.43616	  49.92056
 502	  1.09016	 -37.73812	  49.37323	  49.85765
 503	  0.1041	 -37.53208	  49.22886	  49.71333
 504	 -0.7966	 -52.16736	  47.33158	  47.81664
 505	 -0.68724	 -54.23208	  47.14946	  47.63457
 506	 -0.91647	 -54.34131	  47.2726	  47.75768
 507	 -0.19475	 -57.1849	  46.89577	  47.38096
 508	 -0.17981	 -57.38851	  47.02102	  47.50617
 509	 -0.64388	 -56.41736	  47.01135	  47.49651
 510	  0.10856	 -36.65083	  47.31171	  47.79677
 511	 -0.475	 -36.13416	  47.2487	  47.73379
 512	 -1.89586	 -37.0905	  48.29901	  48.78376
 513	  0.95145	 -37.34356	  47.67389	  48.15884
 514	 -1.05411	 -36.03488	  47.8173	  48.30221
 515	 -0.30826	 -35.57988	  47.25788	  47.74296
 516	 -6.34494	 -64.83411	  46.69	  47.17527
 517	 -3.79972	 -63.45787	  45.62068	  46.10628
 518	 -3.5663	 -64.25169	  45.67127	  46.15685
 519	 -4.57351	 -68.24785	  45.28431	  45.77001
 520	 -4.98375	 -68.15562	  45.16578	  45.65152
 521	 -7.36374	 -68.8763	  46.29859	  46.78397
 522	 -4.24781	 -52.9953	  47.07115	  47.55629
 523	 -4.93574	 -56.34536	  47.48887	  47.97388
 524	 -4.59917	 -56.33224	  47.39708	  47.88212
 525	 -4.47023	 -56.98777	  47.76753	  48.25245
 526	 -3.38146	 -53.74351	  47.31509	  47.80015
 527	 -3.98408	 -57.08666	  47.7073	  48.19225
 528	 -0.9673	 -39.44857	  47.97757	  48.46243
 529	 -2.52257	 -44.45293	  47.30365	  47.78872
 530	 -1.48037	 -38.96823	  47.93999	  48.42486
 531	 -0.52994	 -38.60964	  47.52949	  48.01449
 532	 -1.14637	 -38.15493	  47.53141	  48.01641
 533	 -2.21279	 -43.56674	  46.87399	  47.35919
 534	 -3.97027	 -44.19916	  46.2706	  46.75599
 535	 -5.04374	 -43.75652	  46.42354	  46.90889
 536	 -4.99299	 -42.46424	  46.47577	  46.9611
 537	 -3.97027	 -44.19916	  46.2706	  46.75599
 538	 -4.99299	 -42.46424	  46.47577	  46.9611
 539	 -4.38563	 -43.24037	  46.24287	  46.72827
 540	 -2.0195	 -54.22159	  47.88464	  48.36953
 541	 -2.13508	 -53.85852	  47.61317	  48.09815
 542	 -2.60597	 -58.3379	  47.65771	  48.14267
 543	 -3.75845	 -57.86732	  47.51146	  47.99646
 544	 -3.63288	 -53.42744	  47.61347	  48.09844
 545	 -3.27157	 -53.77509	  47.76395	  48.24888
 546	 -3.60007	 -64.28122	  47.30499	  47.79006
 547	 -3.65742	 -64.34584	  47.49978	  47.98479
 548	 -3.41158	 -62.86143	  47.39775	  47.88279
 549	 -3.84757	 -64.3148	  47.68945	  48.1744
 550	 -3.64769	 -63.37906	  47.76734	  48.25226
 551	 -3.49275	 -63.13349	  47.57907	  48.06405
 552	 -3.60007	 -64.28122	  47.30499	  47.79006
 553	 -3.41158	 -62.86143	  47.39775	  47.88279
 554	 -3.65742	 -64.34584	  47.49978	  47.98479
 555	 -3.49275	 -63.13349	  47.57907	  48.06405
 556	 -3.64769	 -63.37906	  47.76734	  48.25226
 557	 -3.83948	 -63.27214	  47.72725	  48.21219
 558	 -0.62075	 -35.57815	  48.7143	  49.19893
 559	  2.0677	 -37.80562	  47.14378	  47.6289
 560	  1.85143	 -35.13369	  47.10336	  47.58849
 561	  2.80135	 -37.20168	  49.21836	  49.70283
 562	  5.01123	 -36.07008	  47.56691	  48.0519
 563	  4.50796	 -38.26727	  47.5009	  47.98591
 564	 -8.20988	 -61.46673	  45.62495	  46.11055
 565	 -8.41706	 -61.04606	  46.01711	  46.50258
 566	 -7.98135	 -60.88826	  46.06202	  46.54748
 567	 -8.20988	 -61.46673	  45.62495	  46.11055
 568	 -7.98135	 -60.88826	  46.06202	  46.54748
 569	 -7.84861	 -60.19803	  46.02098	  46.50645
 570	 -4.6574	 -47.84587	  45.76096	  46.24652
 571	 -4.33734	 -48.76963	  45.45414	  45.93979
 572	 -3.8901	 -46.71015	  46.01279	  46.49827
 573	 -2.66918	 -48.47467	  46.3432	  46.82858
 574	 -4.6574	 -47.84587	  45.76096	  46.24652
 575	 -3.8901	 -46.71015	  46.01279	  46.49827
 576	 -2.36338	 -35.15169	  47.92377	  48.40864
 577	 -2.06742	 -36.24244	  47.63583	  48.12079
 578	 -1.5616	 -34.01936	  48.1644	  48.6492
 579	 -0.45538	 -35.79538	  48.53355	  49.01823
 580	 -2.36338	 -35.15169	  47.92377	  48.40864
 581	 -1.5616	 -34.01936	  48.1644	  48.6492
 582	  0.14946	 -54.65094	  47.03415	  47.5193
 583	 -0.93431	 -57.02081	  46.83389	  47.31911
 584	 -0.16648	 -54.56258	  47.10444	  47.58957
 585	 -1.16089	 -56.42276	  46.69224	  47.1775
 586	 -0.02715	 -54.15717	  46.91381	  47.399
 587	 -0.32668	 -54.00142	  46.9546	  47.43978
 588	 -5.16122	 -48.87343	  47.83955	  48.32445
 589	 -4.2431	 -49.05153	  47.56691	  48.0519
 590	 -5.74991	 -56.3853	  47.68681	  48.17176
 591	 -6.34864	 -54.51816	  47.4799	  47.96491
 592	 -4.92606	 -47.94682	  47.33925	  47.82431
 593	 -5.719	 -47.89764	  47.62105	  48.10602
 594	 -7.74785	 -67.44879	  45.03617	  45.52196
 595	 -6.65617	 -60.66716	  44.99138	  45.47718
 596	 -7.42241	 -60.84394	  45.2791	  45.7648
 597	 -6.79998	 -61.82676	  45.47665	  45.96229
 598	 -5.90202	 -61.76461	  45.195	  45.68073
 599	 -7.06808	 -69.27757	  45.20919	  45.69492
 600	  0.86809	 -32.22162	  49.15102	  49.6355
 601	  1.11378	 -32.23744	  48.97	  49.45455
 602	  1.74878	 -32.60944	  49.28064	  49.76508
 603	  1.82352	 -32.85178	  49.06138	  49.5459
 604	  4.59824	 -33.99249	  47.49981	  47.98482
 605	  2.81378	 -34.78801	  49.21213	  49.6966
 606	 -3.79972	 -63.45787	  45.62068	  46.10628
 607	 -4.98375	 -68.15562	  45.16578	  45.65152
 608	 -3.5663	 -64.25169	  45.67127	  46.15685
 609	 -8.70852	 -64.30273	  46.00712	  46.4926
 610	 -6.03882	 -64.56736	  44.93711	  45.42292
 611	 -5.90297	 -63.72639	  44.99616	  45.48196
 612	 -6.45937	 -50.42685	  46.29429	  46.77967
 613	 -5.68495	 -49.28967	  46.54352	  47.02882
 614	 -7.28718	 -51.58671	  46.40748	  46.89283
 615	 -4.43381	 -51.04796	  46.86287	  47.34808
 616	 -5.68495	 -49.28967	  46.54352	  47.02882
 617	 -6.45937	 -50.42685	  46.29429	  46.77967
 618	 -1.66902	 -56.1832	  46.60993	  47.09522
 619	 -1.47108	 -55.81077	  46.8228	  47.30802
 620	 -2.0375	 -56.12629	  46.66084	  47.14611
 621	 -2.03129	 -55.926	  47.02779	  47.51295
 622	 -1.74336	 -54.46908	  47.02409	  47.50925
 623	 -1.8426	 -54.67839	  47.17987	  47.66498
 624	  6.17895	 -40.55914	  49.47673	  49.96111
 625	  6.29436	 -40.82675	  49.26206	  49.74651
 626	  4.27253	 -39.63522	  49.23651	  49.72097
 627	  3.47433	 -39.27878	  48.77663	  49.26124
 628	  4.38794	 -39.90282	  49.02184	  49.50637
 629	  6.83238	 -41.07774	  49.19336	  49.67783
 630	  6.87259	 -41.35058	  49.05288	  49.5374
 631	  3.96617	 -37.96248	  48.76054	  49.24515
 632	  3.65363	 -40.48822	  48.15276	  48.63756
 633	  7.1543	 -39.94505	  49.28202	  49.76646
 634	  3.77774	 -38.21123	  48.86019	  49.34477
 635	  6.23896	 -39.32714	  49.17319	  49.65767
 636	 -7.31792	 -56.67815	  45.66647	  46.15205
 637	 -7.85247	 -56.85956	  45.73609	  46.22165
 638	 -7.87808	 -54.48072	  46.24034	  46.72575
 639	 -7.43	 -56.26209	  45.4301	  45.91575
 640	 -7.44567	 -56.01026	  45.66012	  46.14571
 641	 -7.95761	 -53.7594	  46.0355	  46.52097
 642	 -7.68635	 -62.87157	  45.04497	  45.53075
 643	 -7.75047	 -63.43938	  45.1203	  45.60606
 644	 -8.09484	 -61.02531	  45.51984	  46.00547
 645	 -8.06052	 -63.96198	  45.06969	  45.55546
 646	 -8.62435	 -61.76064	  45.56213	  46.04774
 647	 -7.75047	 -63.43938	  45.1203	  45.60606
 648	 -5.8771	 -65.89137	  44.85415	  45.33999
 649	 -7.18152	 -65.38872	  44.86208	  45.34792
 650	 -6.50799	 -64.91884	  44.92193	  45.40775
 651	 -5.22323	 -64.85355	  44.77408	  45.25994
 652	 -6.79877	 -64.26897	  44.85116	  45.337
 653	 -7.24708	 -63.89042	  44.76842	  45.25429
 654	 -2.06098	 -38.86132	  47.57894	  48.06392
 655	 -3.96417	 -37.48615	  47.09787	  47.58301
 656	 -3.06233	 -37.05163	  47.24714	  47.73222
 657	 -4.747	 -39.76394	  46.53588	  47.02119
 658	 -3.57737	 -37.94069	  46.86205	  47.34726
 659	 -3.70727	 -37.24285	  46.85586	  47.34107
 660	 -1.55514	 -38.60884	  47.39188	  47.87692
 661	 -3.70727	 -37.24285	  46.85586	  47.34107
 662	 -3.57737	 -37.94069	  46.86205	  47.34726
 663	 -5.48628	 -41.76082	  46.57031	  47.05561
 664	 -4.96252	 -39.11069	  46.80408	  47.28931
 665	 -4.82637	 -39.89396	  46.67236	  47.15763
 666	  0.13962	 -49.58987	  47.02346	  47.50862
 667	 -2.11746	 -46.16557	  46.47233	  46.95766
 668	  0.37458	 -49.19266	  47.00245	  47.48762
 669	 -0.0513	 -50.83263	  46.83448	  47.3197
 670	  0.12105	 -50.92809	  46.73243	  47.21768
 671	 -2.32653	 -47.71452	  46.22327	  46.70868
 672	  1.99393	 -38.80997	  49.10606	  49.59057
 673	  3.37346	 -39.03991	  47.33816	  47.82322
 674	  0.96019	 -39.18577	  48.95668	  49.44123
 675	  0.61363	 -39.50289	  49.1382	  49.62269
 676	  0.1041	 -37.53208	  49.22886	  49.71333
 677	  1.09016	 -37.73812	  49.37323	  49.85765
 678	 -4.6574	 -47.84587	  45.76096	  46.24652
 679	 -3.05737	 -50.15863	  46.19398	  46.6794
 680	 -3.84997	 -50.29257	  46.47352	  46.95885
 681	 -2.75105	 -50.84389	  45.87832	  46.36384
 682	 -3.84997	 -50.29257	  46.47352	  46.95885
 683	 -3.05737	 -50.15863	  46.19398	  46.6794
 684	 -2.36338	 -35.15169	  47.92377	  48.40864
 685	 -0.91368	 -37.47952	  48.40756	  48.89228
 686	 -1.7302	 -37.38774	  48.68027	  49.16491
 687	 -0.61911	 -38.33527	  48.10693	  48.59174
 688	 -1.7302	 -37.38774	  48.68027	  49.16491
 689	 -0.91368	 -37.47952	  48.40756	  48.89228
 690	 -0.50374	 -37.66217	  48.16686	  48.65166
 691	 -0.9673	 -39.44857	  47.97757	  48.46243
 692	 -1.48037	 -38.96823	  47.93999	  48.42486
 693	 -1.14637	 -38.15493	  47.53141	  48.01641
 694	 -0.52994	 -38.60964	  47.52949	  48.01449
 695	 -0.15983	 -36.76164	  47.72189	  48.20683
 696	  7.20079	 -43.14908	  48.06284	  48.54767
 697	  0.95145	 -37.34356	  47.67389	  48.15884
 698	 -0.30826	 -35.57988	  47.25788	  47.74296
 699	  7.02384	 -43.68781	  48.04479	  48.52962
 700	  1.17103	 -38.03195	  47.19989	  47.68499
 701	  0.10856	 -36.65083	  47.31171	  47.79677
 702	  3.76681	 -42.81514	  48.69738	  49.18201
 703	  0.11323	 -53.23665	  47.49267	  47.97768
 704	  0.33085	 -53.6628	  47.57694	  48.06193
 705	 -1.85873	 -57.14284	  47.31401	  47.79908
 706	 -0.71127	 -53.5079	  47.60211	  48.08709
 707	 -0.67405	 -53.84631	  47.71406	  48.199
 708	  2.61852	 -42.06877	  48.80452	  49.28912
 709	 -0.85535	 -53.14093	  47.77914	  48.26406
 710	 -0.84795	 -52.81281	  47.65616	  48.14112
 711	 -1.29531	 -57.28487	  47.1791	  47.6642
 712	 -0.09405	 -53.99016	  47.5743	  48.05928
 713	 -0.4045	 -53.57258	  47.524	  48.009
 714	  1.93668	 -37.99972	  49.36681	  49.85123
 715	  1.99308	 -38.91736	  49.00967	  49.4942
 716	  0.15308	 -36.85139	  49.15266	  49.63715
 717	  3.77774	 -38.21123	  48.86019	  49.34477
 718	  3.47433	 -39.27878	  48.77663	  49.26124
 719	  2.24213	 -37.97023	  49.10418	  49.58868
 720	  2.18473	 -44.45682	  47.35894	  47.84399
 721	  2.4235	 -43.98818	  47.6278	  48.11277
 722	  2.74397	 -44.2997	  47.49861	  47.98362
 723	  2.18473	 -44.45682	  47.35894	  47.84399
 724	  2.2234	 -43.42808	  47.55731	  48.0423
 725	  2.4235	 -43.98818	  47.6278	  48.11277
 726	 -1.28469	 -51.5903	  47.7169	  48.20184
 727	 -2.25591	 -53.84442	  47.35383	  47.83888
 728	 -2.92571	 -49.80546	  47.27354	  47.75862
 729	 -0.58595	 -46.87234	  48.02712	  48.51196
 730	 -1.95608	 -45.18731	  47.65179	  48.13675
 731	  0.80903	 -46.59862	  47.52103	  48.00603
 732	 -2.49018	 -44.62793	  47.4959	  47.98091
 733	 -3.92567	 -42.95224	  47.13692	  47.62204
 734	 -1.16507	 -44.27098	  46.97162	  47.45679
 735	 -5.13583	 -47.06127	  46.68676	  47.17202
 736	 -3.55951	 -49.10955	  47.10516	  47.59029
 737	 -5.27867	 -50.29613	  46.54305	  47.02835
 738	 -3.85434	 -66.14359	  47.38709	  47.87213
 739	 -4.01778	 -67.19237	  47.31633	  47.8014
 740	 -3.93856	 -66.9161	  47.1328	  47.61792
 741	 -3.85434	 -66.14359	  47.38709	  47.87213
 742	 -3.93856	 -66.9161	  47.1328	  47.61792
 743	 -4.01778	 -67.19237	  47.31633	  47.8014
 744	 -2.43072	 -57.83971	  48.06984	  48.55467
 745	 -2.57515	 -58.89447	  48.00209	  48.48693
 746	 -2.50675	 -58.62618	  47.82003	  48.30494
 747	 -2.43072	 -57.83971	  48.06984	  48.55467
 748	 -2.50675	 -58.62618	  47.82003	  48.30494
 749	 -2.57515	 -58.89447	  48.00209	  48.48693
 750	 -2.4022	 -48.96855	  46.41095	  46.8963
 751	 -1.14529	 -50.70477	  46.73247	  47.21771
 752	 -1.22058	 -52.81816	  46.6627	  47.14798
 753	 -1.22058	 -52.81816	  46.6627	  47.14798
 754	 -1.14529	 -50.70477	  46.73247	  47.21771
 755	 -0.92747	 -53.70384	  46.34878	  46.83415
 756	 -3.02254	 -55.39914	  47.19603	  47.68113
 757	 -4.63026	 -53.11576	  46.76013	  47.24537
 758	 -3.83965	 -52.97704	  46.48095	  46.96627
 759	 -5.38544	 -54.18012	  46.90968	  47.39487
 760	 -3.83965	 -52.97704	  46.48095	  46.96627
 761	 -4.63026	 -53.11576	  46.76013	  47.24537
 762	  1.13245	 -32.59447	  48.95982	  49.44437
 763	  2.69881	 -33.32489	  47.22081	  47.70591
 764	  3.70975	 -33.0914	  47.36734	  47.85239
 765	 -6.3034	 -62.91272	  45.59906	  46.08466
 766	 -5.49811	 -63.62383	  45.78127	  46.26682
 767	 -6.72653	 -69.47386	  45.29741	  45.7831
 768	 -3.37463	 -56.94972	  46.46859	  46.95392
 769	 -5.49811	 -63.62383	  45.78127	  46.26682
 770	 -5.51194	 -59.87736	  45.89552	  46.38103
 771	 -5.56388	 -62.63381	  45.27843	  45.76414
 772	 -6.00146	 -69.2991	  45.00969	  45.49547
 773	 -4.77693	 -63.68056	  45.46732	  45.95297
 774	 -2.25302	 -57.51856	  45.87627	  46.36178
 775	 -4.73705	 -59.61965	  45.57279	  46.0584
 776	 -3.98812	 -60.69492	  45.77801	  46.26356
 777	 -7.35111	 -53.18177	  46.79801	  47.28324
 778	 -6.53919	 -53.59675	  47.10455	  47.58968
 779	 -6.40101	 -52.90953	  47.11846	  47.60359
 780	 -8.29967	 -56.32965	  45.73465	  46.22021
 781	 -8.30981	 -52.98626	  46.26401	  46.7494
 782	 -8.54416	 -53.65982	  46.25995	  46.74534
 783	 -7.35111	 -53.18177	  46.79801	  47.28324
 784	 -7.60917	 -53.29705	  46.91365	  47.39884
 785	 -6.53919	 -53.59675	  47.10455	  47.58968
 786	 -7.44567	 -56.01026	  45.66012	  46.14571
 787	 -7.87808	 -54.48072	  46.24034	  46.72575
 788	 -7.67203	 -53.66174	  46.24943	  46.73483
 789	 -6.45937	 -50.42685	  46.29429	  46.77967
 790	 -4.06031	 -52.5486	  46.42539	  46.91073
 791	 -4.81968	 -52.73145	  46.7128	  47.19805
 792	 -5.69852	 -53.62112	  46.82981	  47.31503
 793	 -4.81968	 -52.73145	  46.7128	  47.19805
 794	 -4.06031	 -52.5486	  46.42539	  46.91073
 795	 -5.89776	 -63.26712	  46.34174	  46.82711
 796	 -5.1155	 -63.10316	  46.05471	  46.54017
 797	 -5.96079	 -69.50725	  46.16849	  46.65391
 798	 -5.15659	 -60.10536	  46.854	  47.33921
 799	 -3.7559	 -59.84104	  46.35888	  46.84425
 800	 -5.89776	 -63.26712	  46.34174	  46.82711
 801	 -6.64162	 -62.21231	  46.14025	  46.62569
 802	 -7.071	 -68.85655	  45.86113	  46.34665
 803	 -5.74262	 -62.13499	  45.85392	  46.33944
 804	 -5.11032	 -58.27741	  45.96543	  46.45092
 805	 -6.64162	 -62.21231	  46.14025	  46.62569
 806	 -5.74262	 -62.13499	  45.85392	  46.33944
 807	 -4.18918	 -58.92677	  45.50257	  45.9882
 808	 -6.07763	 -58.09523	  45.27796	  45.76366
 809	 -5.04261	 -57.98451	  45.33984	  45.82553
 810	 -3.97944	 -58.1157	  45.58369	  46.0693
 811	 -5.04261	 -57.98451	  45.33984	  45.82553
 812	 -5.77033	 -57.27304	  45.07792	  45.56368
 813	 -6.07763	 -58.09523	  45.27796	  45.76366
 814	 -7.85247	 -56.85956	  45.73609	  46.22165
 815	 -7.31792	 -56.67815	  45.66647	  46.15205
 816	 -5.77033	 -57.27304	  45.07792	  45.56368
 817	 -6.15446	 -56.85011	  45.25309	  45.7388
 818	 -7.43	 -56.26209	  45.4301	  45.91575
 819	 -5.73262	 -67.54237	  47.10361	  47.58875
 820	 -5.56973	 -63.42148	  47.35269	  47.83775
 821	 -5.21462	 -63.56998	  47.35553	  47.84058
 822	 -4.47023	 -56.98777	  47.76753	  48.25245
 823	 -5.21462	 -63.56998	  47.35553	  47.84058
 824	 -5.56973	 -63.42148	  47.35269	  47.83775
 825	 -0.99329	 -56.63128	  47.22904	  47.71413
 826	 -0.95153	 -55.24849	  47.33028	  47.81534
 827	 -0.64052	 -55.25998	  47.2642	  47.74928
 828	 -1.98858	 -56.09878	  47.12699	  47.61211
 829	 -1.70162	 -54.8726	  47.26945	  47.75453
 830	 -1.73989	 -56.35192	  47.22844	  47.71353
 831	  7.30282	 -39.83678	  49.17136	  49.65585
 832	  6.60929	 -39.36861	  49.08891	  49.57342
 833	  6.87259	 -41.35058	  49.05288	  49.5374
 834	  3.96617	 -37.96248	  48.76054	  49.24515
 835	  6.87259	 -41.35058	  49.05288	  49.5374
 836	  5.53365	 -38.64249	  48.96102	  49.44556
 837	 -3.31982	 -43.35828	  47.11132	  47.59644
 838	 -1.48037	 -38.96823	  47.93999	  48.42486
 839	 -3.08749	 -43.99858	  47.29093	  47.776
 840	 -1.14637	 -38.15493	  47.53141	  48.01641
 841	 -3.13842	 -43.05751	  46.94361	  47.42879
 842	 -2.21279	 -43.56674	  46.87399	  47.35919
 843	 -4.58264	 -65.28378	  44.96359	  45.44939
 844	 -6.50799	 -64.91884	  44.92193	  45.40775
 845	 -5.22323	 -64.85355	  44.77408	  45.25994
 846	 -4.58264	 -65.28378	  44.96359	  45.44939
 847	 -5.8771	 -65.89137	  44.85415	  45.33999
 848	 -6.50799	 -64.91884	  44.92193	  45.40775
 849	 -2.46079	 -51.40746	  45.9484	  46.43389
 850	 -2.86795	 -50.54294	  46.24132	  46.72672
 851	 -3.62632	 -50.72525	  46.52987	  47.01517
 852	 -1.22058	 -52.81816	  46.6627	  47.14798
 853	 -3.62632	 -50.72525	  46.52987	  47.01517
 854	 -2.86795	 -50.54294	  46.24132	  46.72672
 855	 -1.51589	 -45.85363	  46.26062	  46.74602
 856	  0.84002	 -49.02531	  46.82208	  47.3073
 857	 -1.767	 -45.78774	  46.39292	  46.87827
 858	  0.12105	 -50.92809	  46.73243	  47.21768
 859	 -2.03229	 -47.57286	  46.11727	  46.60271
 860	 -2.32653	 -47.71452	  46.22327	  46.70868
 861	 -1.60468	 -45.34221	  47.51834	  48.00335
 862	  0.3682	 -38.22631	  48.13204	  48.61685
 863	  0.19465	 -38.53834	  48.30182	  48.78657
 864	 -0.52732	 -46.88842	  47.804	  48.28891
 865	  1.31856	 -39.89344	  48.50063	  48.98532
 866	  1.75743	 -39.90132	  48.37779	  48.86252
 867	 -0.52732	 -46.88842	  47.804	  48.28891
 868	 -1.06388	 -46.56365	  47.83299	  48.31789
 869	  1.31856	 -39.89344	  48.50063	  48.98532
 870	 -0.30365	 -45.75018	  47.3021	  47.78717
 871	  0.04476	 -46.33559	  47.42732	  47.91235
 872	  1.69152	 -38.9345	  48.02486	  48.5097
 873	 -4.16683	 -51.54184	  46.93061	  47.41579
 874	 -3.02254	 -55.39914	  47.19603	  47.68113
 875	 -2.94014	 -53.28428	  47.26319	  47.74827
 876	 -3.02254	 -55.39914	  47.19603	  47.68113
 877	 -3.88507	 -56.49939	  47.30297	  47.78804
 878	 -2.94014	 -53.28428	  47.26319	  47.74827
 879	 -2.60597	 -58.3379	  47.65771	  48.14267
 880	 -2.62196	 -57.95075	  47.36068	  47.84573
 881	 -3.75845	 -57.86732	  47.51146	  47.99646
 882	 -3.62758	 -53.25399	  47.49897	  47.98398
 883	 -4.11866	 -57.48365	  47.3372	  47.82225
 884	 -3.30019	 -57.56437	  47.23572	  47.72081
 885	 -6.05967	 -61.65478	  44.85651	  45.34235
 886	 -7.17397	 -60.85914	  45.0409	  45.52668
 887	 -6.90767	 -60.62431	  44.87699	  45.36282
 888	 -7.25967	 -61.84365	  44.806	  45.29185
 889	 -7.23606	 -61.71553	  44.93843	  45.42424
 890	 -6.05967	 -61.65478	  44.85651	  45.34235
 891	 -7.49024	 -59.35678	  45.14589	  45.63163
 892	 -7.73335	 -59.18166	  45.34385	  45.82953
 893	 -7.72368	 -56.58876	  45.96601	  46.4515
 894	 -8.01773	 -56.85926	  45.6022	  46.0878
 895	 -8.32348	 -58.59449	  45.16721	  45.65294
 896	 -7.71859	 -59.43272	  45.00105	  45.48685
 897	 -4.33734	 -48.76963	  45.45414	  45.93979
 898	 -3.2909	 -46.6963	  45.8354	  46.32093
 899	 -3.8901	 -46.71015	  46.01279	  46.49827
 900	 -4.33734	 -48.76963	  45.45414	  45.93979
 901	 -2.75105	 -50.84389	  45.87832	  46.36384
 902	 -3.2909	 -46.6963	  45.8354	  46.32093
 903	 -2.06742	 -36.24244	  47.63583	  48.12079
 904	 -0.95104	 -34.16116	  47.99341	  48.47826
 905	 -1.5616	 -34.01936	  48.1644	  48.6492
 906	 -2.06742	 -36.24244	  47.63583	  48.12079
 907	 -0.61911	 -38.33527	  48.10693	  48.59174
 908	 -0.95104	 -34.16116	  47.99341	  48.47826
 909	  0.28824	 -50.60835	  46.83693	  47.32215
 910	  0.81081	 -51.31149	  46.94648	  47.43166
 911	  0.46919	 -50.57077	  46.76066	  47.2459
 912	  1.09656	 -50.28263	  47.04317	  47.52832
 913	  0.44912	 -49.74289	  46.95547	  47.44065
 914	  0.63702	 -49.55129	  46.91043	  47.39563
 915	 -4.97901	 -61.64993	  46.92875	  47.41393
 916	 -3.39479	 -62.53711	  47.20727	  47.69237
 917	 -4.63186	 -62.02179	  47.08059	  47.56573
 918	 -4.02614	 -66.60804	  46.96578	  47.45095
 919	 -4.26214	 -62.33495	  47.20967	  47.69477
 920	 -3.60053	 -62.5865	  47.26341	  47.7485
 921	 -2.33273	 -61.19354	  46.30779	  46.79317
 922	 -2.70336	 -62.86079	  46.44871	  46.93405
 923	 -2.40851	 -62.88747	  46.39605	  46.8814
 924	 -2.3461	 -56.14405	  46.74484	  47.23009
 925	 -3.22831	 -61.24505	  46.55157	  47.03688
 926	 -3.00981	 -61.15438	  46.4427	  46.92804
 927	 -3.51276	 -51.6452	  46.6687	  47.15397
 928	 -4.8088	 -47.97208	  46.37959	  46.86494
 929	 -4.81574	 -50.10377	  46.32949	  46.81487
 930	 -4.8088	 -47.97208	  46.37959	  46.86494
 931	 -5.13583	 -47.06127	  46.68676	  47.17202
 932	 -4.81574	 -50.10377	  46.32949	  46.81487
 933	 -0.92927	 -52.55759	  47.41951	  47.90454
 934	 -1.65416	 -53.82012	  47.1774	  47.66251
 935	 -1.28469	 -51.5903	  47.7169	  48.20184
 936	 -2.92189	 -52.24942	  46.8291	  47.31432
 937	 -1.65416	 -53.82012	  47.1774	  47.66251
 938	 -0.92927	 -52.55759	  47.41951	  47.90454
 939	 -5.51303	 -65.52782	  46.55308	  47.03839
 940	 -4.70266	 -65.78734	  46.54634	  47.03165
 941	 -4.96477	 -61.47242	  46.81457	  47.29979
 942	 -4.02614	 -66.60804	  46.96578	  47.45095
 943	 -4.03821	 -66.21322	  46.67431	  47.15958
 944	 -5.18012	 -66.0772	  46.8191	  47.30433
 945	 -3.63288	 -53.42744	  47.61347	  48.09844
 946	 -2.0195	 -54.22159	  47.88464	  48.36953
 947	 -3.27157	 -53.77509	  47.76395	  48.24888
 948	 -2.60597	 -58.3379	  47.65771	  48.14267
 949	 -2.89126	 -54.06133	  47.89017	  48.37506
 950	 -2.22141	 -54.27918	  47.94197	  48.42683
 951	  0.80903	 -46.59862	  47.52103	  48.00603
 952	 -0.51103	 -44.9517	  47.14892	  47.63404
 953	 -1.47117	 -49.33704	  46.77435	  47.25959
 954	 -1.95608	 -45.18731	  47.65179	  48.13675
 955	 -0.51103	 -44.9517	  47.14892	  47.63404
 956	  0.80903	 -46.59862	  47.52103	  48.00603
 957	 -7.31155	 -66.71503	  45.33726	  45.82294
 958	 -6.23611	 -61.06138	  45.73215	  46.21771
 959	 -6.95546	 -60.11299	  45.5731	  46.05871
 960	 -6.97392	 -61.34461	  46.05235	  46.53781
 961	 -7.75802	 -60.25208	  45.85636	  46.34188
 962	 -6.78702	 -58.05602	  46.40522	  46.89057
 963	 -5.4382	 -57.69749	  45.88167	  46.36718
 964	 -6.95546	 -60.11299	  45.5731	  46.05871
 965	 -6.23611	 -61.06138	  45.73215	  46.21771
 966	 -8.08345	 -66.95118	  45.63559	  46.12118
 967	 -7.75802	 -60.25208	  45.85636	  46.34188
 968	 -6.97392	 -61.34461	  46.05235	  46.53781
 969	 -5.71938	 -49.04647	  45.94725	  46.43274
 970	 -6.54967	 -53.4376	  45.60991	  46.09551
 971	 -4.33734	 -48.76963	  45.45414	  45.93979
 972	 -5.71938	 -49.04647	  45.94725	  46.43274
 973	 -4.20952	 -51.26405	  46.3743	  46.85966
 974	 -6.54967	 -53.4376	  45.60991	  46.09551
 975	 -3.49369	 -36.12299	  48.1177	  48.60252
 976	 -2.12875	 -38.34673	  48.59316	  49.07782
 977	 -4.51607	 -40.53732	  47.84323	  48.32813
 978	 -3.49369	 -36.12299	  48.1177	  48.60252
 979	 -4.51607	 -40.53732	  47.84323	  48.32813
 980	 -2.06742	 -36.24244	  47.63583	  48.12079
 981	 -4.747	 -39.76394	  46.53588	  47.02119
 982	 -4.82637	 -39.89396	  46.67236	  47.15763
 983	 -3.57737	 -37.94069	  46.86205	  47.34726
 984	 -3.76319	 -38.39018	  46.95053	  47.43571
 985	 -4.82637	 -39.89396	  46.67236	  47.15763
 986	 -4.96252	 -39.11069	  46.80408	  47.28931
 987	  4.28166	 -44.3969	  48.8068	  49.2914
 988	  4.50323	 -44.26018	  48.5413	  49.02598
 989	  1.15407	 -40.47181	  48.2019	  48.68668
 990	  4.62933	 -43.33993	  48.89851	  49.38308
 991	  3.90694	 -43.40668	  49.10663	  49.59113
 992	  1.50174	 -39.41485	  48.29361	  48.77837
 993	 -1.94043	 -61.31953	  46.29496	  46.78034
 994	 -2.08472	 -63.00847	  46.39622	  46.88157
 995	 -1.40241	 -61.61119	  46.35254	  46.8379
 996	 -0.95054	 -62.55356	  46.84196	  47.32717
 997	 -1.58062	 -63.50355	  46.59045	  47.07574
 998	 -1.69674	 -63.6725	  46.72468	  47.20993
 999	  1.16381	 -42.48178	  49.05592	  49.54044
 1000	  1.15407	 -40.47181	  48.2019	  48.68668
 1001	  0.16987	 -40.9949	  48.80152	  49.28612
 1002	  1.39779	 -41.61095	  49.16087	  49.64536
 1003	  0.41552	 -40.08064	  48.91171	  49.39627
 1004	  1.50174	 -39.41485	  48.29361	  48.77837
 1005	 -3.92567	 -42.95224	  47.13692	  47.62204
 1006	 -2.57257	 -42.63205	  46.62147	  47.10675
 1007	 -1.16507	 -44.27098	  46.97162	  47.45679
 1008	 -2.57257	 -42.63205	  46.62147	  47.10675
 1009	 -2.11857	 -48.66437	  46.59883	  47.08412
 1010	 -1.16507	 -44.27098	  46.97162	  47.45679
 1011	 -7.28718	 -51.58671	  46.40748	  46.89283
 1012	 -6.15096	 -49.49491	  46.75589	  47.24113
 1013	 -5.69852	 -53.62112	  46.82981	  47.31503
 1014	 -7.28718	 -51.58671	  46.40748	  46.89283
 1015	 -5.68495	 -49.28967	  46.54352	  47.02882
 1016	 -6.15096	 -49.49491	  46.75589	  47.24113
 1017	 -2.23842	 -62.47908	  47.09857	  47.5837
 1018	 -1.57471	 -57.46875	  47.40071	  47.88575
 1019	 -1.84612	 -62.60507	  47.08574	  47.57087
 1020	 -2.95883	 -71.59287	  46.30633	  46.79171
 1021	 -2.46045	 -63.55515	  46.83057	  47.31578
 1022	 -2.03276	 -63.69221	  46.81638	  47.30161
 1023	 -1.90422	 -55.81164	  46.9255	  47.41069
 1024	 -1.47108	 -55.81077	  46.8228	  47.30802
 1025	 -1.74336	 -54.46908	  47.02409	  47.50925
 1026	 -0.96505	 -56.03477	  46.84513	  47.33034
 1027	 -0.72299	 -56.24052	  46.91817	  47.40336
 1028	 -0.67825	 -54.74572	  46.94787	  47.43305
 1029	 -3.79426	 -56.92005	  47.55777	  48.04276
 1030	 -3.31562	 -53.62843	  47.22723	  47.71232
 1031	 -3.88555	 -56.72129	  47.45844	  47.94346
 1032	 -4.7344	 -63.46609	  47.17227	  47.65738
 1033	 -3.79426	 -56.92005	  47.55777	  48.04276
 1034	 -3.88555	 -56.72129	  47.45844	  47.94346
 1035	 -5.06018	 -53.43513	  47.42358	  47.90862
 1036	 -6.70251	 -52.65205	  47.27813	  47.7632
 1037	 -6.40101	 -52.90953	  47.11846	  47.60359
 1038	 -8.54416	 -53.65982	  46.25995	  46.74534
 1039	 -8.30981	 -52.98626	  46.26401	  46.7494
 1040	 -7.97355	 -52.65816	  46.86893	  47.35414
 1041	  0.29003	 -54.05162	  47.73331	  48.21825
 1042	 -0.09833	 -54.22435	  47.66174	  48.1467
 1043	 -0.08161	 -54.04674	  47.85493	  48.33983
 1044	 -1.58314	 -57.56	  47.37573	  47.86078
 1045	 -0.41583	 -54.15826	  47.7429	  48.22783
 1046	 -0.09833	 -54.22435	  47.66174	  48.1467
 1047	 -1.45933	 -46.08522	  46.18228	  46.6677
 1048	  0.90738	 -49.44199	  46.69723	  47.18249
 1049	  0.84002	 -49.02531	  46.82208	  47.3073
 1050	  1.29818	 -50.55414	  46.88799	  47.37319
 1051	  0.79817	 -49.79789	  46.77978	  47.26501
 1052	  0.6809	 -50.22902	  46.73811	  47.22335
 1053	  6.57343	 -39.84482	  49.33892	  49.82335
 1054	  4.61395	 -38.91601	  49.15418	  49.63867
 1055	  3.77774	 -38.21123	  48.86019	  49.34477
 1056	  3.47433	 -39.27878	  48.77663	  49.26124
 1057	  3.77774	 -38.21123	  48.86019	  49.34477
 1058	  4.38794	 -39.90282	  49.02184	  49.50637
 1059	 -3.09543	 -37.23001	  46.93056	  47.41575
 1060	 -2.03674	 -36.67709	  47.21634	  47.70143
 1061	 -4.69891	 -46.21611	  46.51279	  46.99811
 1062	 -0.9821	 -37.58968	  47.1073	  47.59243
 1063	 -1.44407	 -36.69694	  46.98744	  47.47261
 1064	 -2.57533	 -37.24744	  46.72969	  47.21494
 1065	 -4.8088	 -47.97208	  46.37959	  46.86494
 1066	 -3.10107	 -49.992	  46.82416	  47.30938
 1067	 -2.343	 -49.81458	  46.53625	  47.02156
 1068	 -3.55951	 -49.10955	  47.10516	  47.59029
 1069	 -2.343	 -49.81458	  46.53625	  47.02156
 1070	 -3.10107	 -49.992	  46.82416	  47.30938
 1071	 -3.40327	 -42.54353	  48.23736	  48.72214
 1072	 -4.24151	 -45.84496	  48.0963	  48.58112
 1073	 -4.80005	 -44.8625	  47.86913	  48.35402
 1074	 -3.40327	 -42.54353	  48.23736	  48.72214
 1075	 -3.32265	 -46.01663	  47.82016	  48.30507
 1076	 -4.24151	 -45.84496	  48.0963	  48.58112
 1077	 -2.95883	 -71.59287	  46.30633	  46.79171
 1078	 -1.69674	 -63.6725	  46.72468	  47.20993
 1079	 -2.62812	 -71.4119	  46.11388	  46.59933
 1080	 -3.98883	 -70.90751	  46.11578	  46.60123
 1081	 -2.9222	 -63.18201	  46.70348	  47.18874
 1082	 -3.73511	 -71.30885	  46.30977	  46.79515
 1083	 -0.92747	 -53.70384	  46.34878	  46.83415
 1084	 -0.67989	 -50.50185	  46.51986	  47.00518
 1085	 -2.46079	 -51.40746	  45.9484	  46.43389
 1086	 -0.92747	 -53.70384	  46.34878	  46.83415
 1087	 -1.14529	 -50.70477	  46.73247	  47.21771
 1088	 -0.67989	 -50.50185	  46.51986	  47.00518
 1089	 -0.92927	 -52.55759	  47.41951	  47.90454
 1090	 -1.80018	 -50.36063	  46.6838	  47.16907
 1091	 -2.59067	 -50.49882	  46.96304	  47.44822
 1092	 -2.92571	 -49.80546	  47.27354	  47.75862
 1093	 -2.59067	 -50.49882	  46.96304	  47.44822
 1094	 -1.80018	 -50.36063	  46.6838	  47.16907
 1095	  6.83238	 -41.07774	  49.19336	  49.67783
 1096	  2.84196	 -41.50376	  48.60248	  49.08714
 1097	  3.47433	 -39.27878	  48.77663	  49.26124
 1098	  2.1257	 -38.84044	  48.83705	  49.32164
 1099	  1.59911	 -40.69323	  48.69203	  49.17666
 1100	 -0.1007	 -37.83572	  48.55839	  49.04306
 1101	 -1.3078	 -37.03265	  46.78819	  47.27343
 1102	 -1.1718	 -36.75417	  46.79115	  47.27638
 1103	 -0.55866	 -37.82726	  46.89547	  47.38066
 1104	 -2.24621	 -37.24359	  46.59036	  47.07565
 1105	 -3.69531	 -44.20383	  46.21635	  46.70176
 1106	 -1.86356	 -37.56913	  46.64152	  47.1268
 1107	  0.74179	 -36.11953	  49.102	  49.5865
 1108	  1.93709	 -36.81528	  49.24826	  49.73272
 1109	  1.75943	 -36.9448	  49.38063	  49.86505
 1110	  2.24213	 -37.97023	  49.10418	  49.58868
 1111	  1.99308	 -38.91736	  49.00967	  49.4942
 1112	  1.93668	 -37.99972	  49.36681	  49.85123
 1113	  2.0891	 -46.52549	  46.94363	  47.42881
 1114	  2.18473	 -44.45682	  47.35894	  47.84399
 1115	  2.74397	 -44.2997	  47.49861	  47.98362
 1116	  1.41878	 -45.96796	  46.92738	  47.41256
 1117	  2.2234	 -43.42808	  47.55731	  48.0423
 1118	  2.18473	 -44.45682	  47.35894	  47.84399
 1119	  2.0891	 -46.52549	  46.94363	  47.42881
 1120	  0.44772	 -49.24041	  46.75614	  47.24138
 1121	  1.62556	 -46.60343	  46.97101	  47.45619
 1122	  1.62556	 -46.60343	  46.97101	  47.45619
 1123	  0.20131	 -48.78274	  46.83194	  47.31715
 1124	  1.41878	 -45.96796	  46.92738	  47.41256
 1125	 -5.21094	 -62.93661	  44.86254	  45.34837
 1126	 -7.25967	 -61.84365	  44.806	  45.29185
 1127	 -5.12234	 -62.23442	  44.89656	  45.38238
 1128	 -3.14047	 -64.62459	  45.15943	  45.64518
 1129	 -4.7884	 -62.12304	  44.69925	  45.18513
 1130	 -4.93867	 -62.7557	  44.65017	  45.13607
 1131	 -6.02507	 -61.73414	  44.59644	  45.08236
 1132	 -4.7884	 -62.12304	  44.69925	  45.18513
 1133	 -6.85849	 -60.78091	  44.7462	  45.23207
 1134	 -5.12234	 -62.23442	  44.89656	  45.38238
 1135	 -3.70277	 -64.16959	  45.31432	  45.80001
 1136	 -5.21094	 -62.93661	  44.86254	  45.34837
 1137	 -2.23262	 -46.83986	  46.10238	  46.58782
 1138	 -3.44306	 -44.70066	  46.00893	  46.49441
 1139	 -4.012	 -44.99751	  46.0193	  46.50478
 1140	 -5.06215	 -42.51665	  46.21945	  46.70486
 1141	 -4.012	 -44.99751	  46.0193	  46.50478
 1142	 -3.44306	 -44.70066	  46.00893	  46.49441
 1143	 -3.07579	 -45.94192	  46.26992	  46.75531
 1144	 -5.16378	 -44.017	  46.30344	  46.78882
 1145	 -3.01946	 -45.12184	  46.25647	  46.74187
 1146	 -3.01946	 -45.12184	  46.25647	  46.74187
 1147	 -1.36722	 -47.1838	  46.51503	  47.00035
 1148	 -3.07579	 -45.94192	  46.26992	  46.75531
 1149	  3.76681	 -42.81514	  48.69738	  49.18201
 1150	  0.35517	 -53.93597	  47.6692	  48.15416
 1151	  3.64531	 -43.26703	  48.90371	  49.38828
 1152	  2.85735	 -41.89915	  48.66292	  49.14756
 1153	  2.61852	 -42.06877	  48.80452	  49.28912
 1154	 -0.69509	 -52.70094	  47.56431	  48.0493
 1155	 -3.31982	 -43.35828	  47.11132	  47.59644
 1156	 -1.50308	 -38.0802	  47.60498	  48.08995
 1157	 -1.72105	 -38.38533	  47.78484	  48.26976
 1158	 -1.14637	 -38.15493	  47.53141	  48.01641
 1159	 -0.15983	 -36.76164	  47.72189	  48.20683
 1160	 -1.03972	 -36.31772	  47.80352	  48.28843
 1161	 -0.52451	 -39.58741	  47.90397	  48.38885
 1162	 -0.50374	 -37.66217	  48.16686	  48.65166
 1163	  0.06278	 -37.80221	  48.05824	  48.54307
 1164	 -6.79877	 -64.26897	  44.85116	  45.337
 1165	 -7.75047	 -63.43938	  45.1203	  45.60606
 1166	 -7.68635	 -62.87157	  45.04497	  45.53075
 1167	 -6.50799	 -64.91884	  44.92193	  45.40775
 1168	 -8.06052	 -63.96198	  45.06969	  45.55546
 1169	 -7.75047	 -63.43938	  45.1203	  45.60606
 1170	 -0.67989	 -50.50185	  46.51986	  47.00518
 1171	 -1.80903	 -48.94393	  46.23139	  46.7168
 1172	 -2.46079	 -51.40746	  45.9484	  46.43389
 1173	 -2.46079	 -51.40746	  45.9484	  46.43389
 1174	 -1.80903	 -48.94393	  46.23139	  46.7168
 1175	 -2.86795	 -50.54294	  46.24132	  46.72672
 1176	 -5.31272	 -55.46135	  45.96179	  46.44728
 1177	 -5.10585	 -58.72784	  45.48928	  45.97492
 1178	 -6.0039	 -58.79792	  45.77432	  46.25987
 1179	 -5.31272	 -55.46135	  45.96179	  46.44728
 1180	 -6.0039	 -58.79792	  45.77432	  46.25987
 1181	 -6.62821	 -57.80499	  45.56825	  46.05386
 1182	  1.99308	 -38.91736	  49.00967	  49.4942
 1183	  0.22056	 -37.94292	  48.73753	  49.22215
 1184	  0.15308	 -36.85139	  49.15266	  49.63715
 1185	  2.17178	 -37.46304	  49.25791	  49.74236
 1186	  0.74179	 -36.11953	  49.102	  49.5865
 1187	  0.39052	 -36.67741	  48.97591	  49.46046
 1188	 -2.52125	 -56.82561	  47.21719	  47.70229
 1189	 -1.98858	 -56.09878	  47.12699	  47.61211
 1190	 -1.73989	 -56.35192	  47.22844	  47.71353
 1191	 -3.33533	 -61.39977	  46.67466	  47.15992
 1192	 -2.67162	 -56.38943	  46.9768	  47.46197
 1193	 -2.65668	 -56.59304	  47.10204	  47.58717
 1194	 -5.11032	 -58.27741	  45.96543	  46.45092
 1195	 -5.74262	 -62.13499	  45.85392	  46.33944
 1196	 -3.7559	 -59.84104	  46.35888	  46.84425
 1197	 -5.74262	 -62.13499	  45.85392	  46.33944
 1198	 -6.28579	 -68.71649	  45.59282	  46.07842
 1199	 -5.1155	 -63.10316	  46.05471	  46.54017
 1200	 -0.86233	 -37.59502	  48.91677	  49.40133
 1201	  0.1041	 -37.53208	  49.22886	  49.71333
 1202	 -0.25952	 -38.92348	  49.00904	  49.49357
 1203	 -1.07266	 -35.52187	  48.87922	  49.36379
 1204	 -0.52342	 -33.3851	  48.95213	  49.43668
 1205	 -0.26256	 -35.33719	  49.16812	  49.6526
 1206	 -5.89776	 -63.26712	  46.34174	  46.82711
 1207	 -5.96079	 -69.50725	  46.16849	  46.65391
 1208	 -7.071	 -68.85655	  45.86113	  46.34665
 1209	 -5.1155	 -63.10316	  46.05471	  46.54017
 1210	 -6.28579	 -68.71649	  45.59282	  46.07842
 1211	 -5.24426	 -69.34709	  45.89746	  46.38298
 1212	 -5.49811	 -63.62383	  45.78127	  46.26682
 1213	 -5.64849	 -70.0928	  45.58531	  46.07092
 1214	 -6.72653	 -69.47386	  45.29741	  45.7831
 1215	 -4.77693	 -63.68056	  45.46732	  45.95297
 1216	 -6.00146	 -69.2991	  45.00969	  45.49547
 1217	 -4.90456	 -69.95255	  45.32193	  45.80762
 1218	  0.49572	 -32.44128	  48.88062	  49.3652
 1219	  1.11378	 -32.23744	  48.97	  49.45455
 1220	  0.25004	 -32.42547	  49.06163	  49.54615
 1221	  0.27556	 -33.07146	  48.83655	  49.32114
 1222	  2.69881	 -33.32489	  47.22081	  47.70591
 1223	  1.13245	 -32.59447	  48.95982	  49.44437
 1224	 -6.01799	 -69.5073	  46.87564	  47.36084
 1225	 -6.22071	 -69.46459	  46.89985	  47.38504
 1226	 -5.84218	 -67.53917	  47.00953	  47.49469
 1227	 -6.12688	 -69.15332	  46.68537	  47.17064
 1228	 -5.8895	 -67.18568	  46.80424	  47.28947
 1229	 -6.40567	 -69.07228	  46.70497	  47.19022
 1230	 -8.13991	 -55.92344	  46.12919	  46.61463
 1231	 -7.34627	 -57.65037	  47.05737	  47.54252
 1232	 -8.46592	 -56.70629	  46.16217	  46.6476
 1233	 -6.96896	 -57.5579	  46.84487	  47.33009
 1234	 -8.13991	 -55.92344	  46.12919	  46.61463
 1235	 -7.72368	 -56.58876	  45.96601	  46.4515
 1236	 -8.45461	 -58.65039	  45.35904	  45.84472
 1237	 -8.41442	 -56.76699	  45.69436	  46.17993
 1238	 -8.46592	 -56.70629	  46.16217	  46.6476
 1239	 -7.72368	 -56.58876	  45.96601	  46.4515
 1240	 -8.01773	 -56.85926	  45.6022	  46.0878
 1241	 -7.49024	 -59.35678	  45.14589	  45.63163
 1242	 -1.39751	 -45.18078	  47.39684	  47.88188
 1243	  0.3682	 -38.22631	  48.13204	  48.61685
 1244	 -1.60468	 -45.34221	  47.51834	  48.00335
 1245	 -0.72299	 -56.24052	  46.91817	  47.40336
 1246	 -0.49218	 -54.96582	  47.04319	  47.52834
 1247	 -0.67825	 -54.74572	  46.94787	  47.43305
 1248	 -0.73756	 -56.58679	  47.14059	  47.62571
 1249	 -0.99329	 -56.63128	  47.22904	  47.71413
 1250	 -0.64052	 -55.25998	  47.2642	  47.74928
 1251	  3.97135	 -41.05621	  47.86965	  48.35454
 1252	  4.62933	 -43.33993	  48.89851	  49.38308
 1253	  1.50174	 -39.41485	  48.29361	  48.77837
 1254	  1.15407	 -40.47181	  48.2019	  48.68668
 1255	  4.58609	 -43.92073	  48.33081	  48.81555
 1256	  3.62928	 -41.93884	  47.82204	  48.30695
 1257	 -8.45679	 -63.60943	  46.09689	  46.58234
 1258	 -5.65411	 -63.04097	  45.08491	  45.57067
 1259	 -8.11539	 -63.14135	  46.20791	  46.69332
 1260	 -8.5754	 -62.93144	  46.34203	  46.8274
 1261	 -7.92561	 -62.7604	  46.53697	  47.02228
 1262	 -8.21398	 -62.72606	  46.65861	  47.14388
 1263	 -5.93068	 -66.37958	  44.92772	  45.41354
 1264	 -4.51323	 -62.47565	  45.43321	  45.91887
 1265	 -4.92348	 -62.38342	  45.31468	  45.80037
 1266	 -7.30277	 -63.03759	  46.4492	  46.93454
 1267	 -4.92348	 -62.38342	  45.31468	  45.80037
 1268	 -4.51323	 -62.47565	  45.43321	  45.91887
 1269	  0.21297	 -29.82861	  47.17283	  47.65794
 1270	  0.2778	 -29.81059	  47.61141	  48.09639
 1271	  0.30348	 -28.29761	  47.60609	  48.09106
 1272	  0.2778	 -29.81059	  47.61141	  48.09639
 1273	 -0.1664	 -29.21464	  47.52953	  48.01453
 1274	  0.30348	 -28.29761	  47.60609	  48.09106
 1275	 -0.69665	 -57.05163	  46.76821	  47.25344
 1276	  0.14946	 -54.65094	  47.03415	  47.5193
 1277	  0.16992	 -54.45893	  46.95856	  47.44373
 1278	  0.56403	 -54.26497	  47.02055	  47.50571
 1279	  0.16992	 -54.45893	  46.95856	  47.44373
 1280	  0.14946	 -54.65094	  47.03415	  47.5193
 1281	 -0.50534	 -57.63389	  47.25297	  47.73805
 1282	 -0.99329	 -56.63128	  47.22904	  47.71413
 1283	 -0.73756	 -56.58679	  47.14059	  47.62571
 1284	 -1.47764	 -62.66198	  47.03483	  47.51998
 1285	 -0.81393	 -57.65164	  47.33697	  47.82203
 1286	 -0.50534	 -57.63389	  47.25297	  47.73805
 1287	  0.04476	 -46.33559	  47.42732	  47.91235
 1288	  1.89066	 -39.34064	  48.12395	  48.60876
 1289	  1.69152	 -38.9345	  48.02486	  48.5097
 1290	 -9.26308	 -67.18846	  46.04309	  46.52855
 1291	 -9.00267	 -66.61465	  45.916	  46.4015
 1292	 -9.38954	 -65.67091	  46.04039	  46.52586
 1293	 -8.20265	 -69.1774	  46.30968	  46.79507
 1294	 -8.49269	 -68.34911	  46.02653	  46.512
 1295	 -8.84376	 -68.37367	  46.13945	  46.62488
 1296	  3.84556	 -42.38971	  48.48407	  48.96877
 1297	  4.26461	 -42.3703	  48.34176	  48.8265
 1298	  0.33324	 -54.48473	  47.17404	  47.65915
 1299	  3.44266	 -41.32629	  48.23219	  48.71697
 1300	  0.03779	 -53.40992	  46.88336	  47.36856
 1301	  4.08038	 -41.71019	  48.16413	  48.64893
 1302	 -5.69726	 -67.17342	  44.97831	  45.46411
 1303	 -4.51323	 -62.47565	  45.43321	  45.91887
 1304	 -5.93068	 -66.37958	  44.92772	  45.41354
 1305	 -5.69726	 -67.17342	  44.97831	  45.46411
 1306	 -5.93068	 -66.37958	  44.92772	  45.41354
 1307	 -8.50044	 -67.78947	  45.98906	  46.47454
 1308	 -3.46038	 -58.73348	  45.4197	  45.90536
 1309	 -4.83956	 -58.37454	  45.10035	  45.58611
 1310	 -3.77872	 -59.18856	  45.50154	  45.98717
 1311	 -3.71851	 -57.75417	  45.50317	  45.9888
 1312	 -3.97944	 -58.1157	  45.58369	  46.0693
 1313	 -5.77033	 -57.27304	  45.07792	  45.56368
 1314	 -0.05075	 -38.07426	  48.42059	  48.90531
 1315	 -1.15432	 -34.80884	  48.38344	  48.86817
 1316	 -1.03612	 -37.07134	  48.31604	  48.80079
 1317	 -1.30284	 -34.91713	  48.49409	  48.97879
 1318	 -0.1007	 -37.83572	  48.55839	  49.04306
 1319	 -1.18464	 -37.17963	  48.42669	  48.9114
 1320	 -6.59397	 -68.57772	  45.50536	  45.99099
 1321	 -6.23611	 -61.06138	  45.73215	  46.21771
 1322	 -7.31155	 -66.71503	  45.33726	  45.82294
 1323	 -7.36494	 -68.7475	  45.78919	  46.27473
 1324	 -8.08345	 -66.95118	  45.63559	  46.12118
 1325	 -6.97392	 -61.34461	  46.05235	  46.53781
 1326	 -6.2609	 -69.1644	  44.92447	  45.41029
 1327	 -5.90202	 -61.76461	  45.195	  45.68073
 1328	 -6.92308	 -67.35654	  44.75027	  45.23614
 1329	 -7.06808	 -69.27757	  45.20919	  45.69492
 1330	 -7.74785	 -67.44879	  45.03617	  45.52196
 1331	 -6.79998	 -61.82676	  45.47665	  45.96229
 1332	 -5.74991	 -56.3853	  47.68681	  48.17176
 1333	 -6.34864	 -54.51816	  47.4799	  47.96491
 1334	 -5.16122	 -48.87343	  47.83955	  48.32445
 1335	 -4.94293	 -56.46893	  47.41046	  47.8955
 1336	 -4.2431	 -49.05153	  47.56691	  48.0519
 1337	 -5.50165	 -54.65836	  47.20182	  47.68692
 1338	 -3.88555	 -56.72129	  47.45844	  47.94346
 1339	 -3.31562	 -53.62843	  47.22723	  47.71232
 1340	 -3.76699	 -53.15381	  47.04766	  47.53281
 1341	 -4.24781	 -52.9953	  47.07115	  47.55629
 1342	 -4.11287	 -53.37923	  47.27461	  47.75969
 1343	 -4.98154	 -56.55607	  47.62965	  48.11462
 1344	 -3.2909	 -46.6963	  45.8354	  46.32093
 1345	 -2.75105	 -50.84389	  45.87832	  46.36384
 1346	 -2.19562	 -48.28107	  46.13218	  46.61762
 1347	 -2.75105	 -50.84389	  45.87832	  46.36384
 1348	 -3.05737	 -50.15863	  46.19398	  46.6794
 1349	 -2.19562	 -48.28107	  46.13218	  46.61762
 1350	 -0.61911	 -38.33527	  48.10693	  48.59174
 1351	 -0.91368	 -37.47952	  48.40756	  48.89228
 1352	  0.04122	 -35.75609	  48.32497	  48.80972
 1353	 -0.95104	 -34.16116	  47.99341	  48.47826
 1354	 -0.61911	 -38.33527	  48.10693	  48.59174
 1355	  0.04122	 -35.75609	  48.32497	  48.80972
 1356	 -4.82608	 -63.23391	  47.05251	  47.53765
 1357	 -4.7344	 -63.46609	  47.17227	  47.65738
 1358	 -3.88555	 -56.72129	  47.45844	  47.94346
 1359	 -5.30222	 -67.3973	  46.90745	  47.39265
 1360	 -4.7344	 -63.46609	  47.17227	  47.65738
 1361	 -4.82608	 -63.23391	  47.05251	  47.53765
 1362	 -5.9378	 -51.30669	  45.90306	  46.38857
 1363	 -6.77689	 -55.77784	  45.55768	  46.0433
 1364	 -4.33844	 -53.50089	  46.29544	  46.78082
 1365	 -5.9378	 -51.30669	  45.90306	  46.38857
 1366	 -7.28718	 -51.58671	  46.40748	  46.89283
 1367	 -6.77689	 -55.77784	  45.55768	  46.0433
 1368	  6.23896	 -39.32714	  49.17319	  49.65767
 1369	  3.77774	 -38.21123	  48.86019	  49.34477
 1370	  5.19484	 -38.6223	  49.04904	  49.53357
 1371	  5.10655	 -38.35417	  48.91024	  49.3948
 1372	  3.96617	 -37.96248	  48.76054	  49.24515
 1373	  5.53365	 -38.64249	  48.96102	  49.44556
 1374	 -0.52451	 -39.58741	  47.90397	  48.38885
 1375	 -1.92795	 -44.3763	  47.10364	  47.58877
 1376	 -2.52257	 -44.45293	  47.30365	  47.78872
 1377	 -2.57533	 -37.24744	  46.72969	  47.21494
 1378	 -1.44407	 -36.69694	  46.98744	  47.47261
 1379	 -1.33504	 -35.19795	  47.02721	  47.51237
 1380	 -2.49592	 -37.56882	  46.89717	  47.38237
 1381	 -1.52983	 -35.33382	  47.11645	  47.60158
 1382	 -1.7432	 -36.46106	  47.06253	  47.54768
 1383	 -5.72042	 -41.57669	  46.33267	  46.81804
 1384	 -5.16378	 -44.017	  46.30344	  46.78882
 1385	 -5.18828	 -43.59038	  46.18382	  46.66924
 1386	 -5.72042	 -41.57669	  46.33267	  46.81804
 1387	 -5.17281	 -38.52795	  46.58575	  47.07104
 1388	 -5.80844	 -41.74499	  46.46785	  46.95318
 1389	 -3.5663	 -64.25169	  45.67127	  46.15685
 1390	 -4.98375	 -68.15562	  45.16578	  45.65152
 1391	 -4.57351	 -68.24785	  45.28431	  45.77001
 1392	 -6.37296	 -67.51786	  46.62077	  47.10606
 1393	 -3.45816	 -66.0639	  45.66188	  46.14747
 1394	 -3.59401	 -66.90489	  45.60283	  46.08843
 1395	 -5.03892	 -63.04518	  46.98957	  47.47474
 1396	 -5.72282	 -66.94234	  46.73272	  47.21797
 1397	 -5.41905	 -67.16855	  46.79606	  47.28129
 1398	 -6.12688	 -69.15332	  46.68537	  47.17064
 1399	 -5.65819	 -67.33816	  46.84032	  47.32554
 1400	 -5.8895	 -67.18568	  46.80424	  47.28947
 1401	 -4.98484	 -56.04128	  46.04556	  46.53102
 1402	 -5.51194	 -59.87736	  45.89552	  46.38103
 1403	 -4.73705	 -59.61965	  45.57279	  46.0584
 1404	 -5.56388	 -62.63381	  45.27843	  45.76414
 1405	 -6.3034	 -62.91272	  45.59906	  46.08466
 1406	 -6.00146	 -69.2991	  45.00969	  45.49547
 1407	 -8.0438	 -59.83314	  45.2843	  45.77
 1408	 -8.20753	 -57.98541	  45.74607	  46.23162
 1409	 -7.73335	 -59.18166	  45.34385	  45.82953
 1410	 -6.05967	 -61.65478	  44.85651	  45.34235
 1411	 -7.23606	 -61.71553	  44.93843	  45.42424
 1412	 -7.17397	 -60.85914	  45.0409	  45.52668
 1413	 -3.39479	 -62.53711	  47.20727	  47.69237
 1414	 -3.93856	 -66.9161	  47.1328	  47.61792
 1415	 -3.80544	 -65.71246	  47.21154	  47.69664
 1416	 -3.60053	 -62.5865	  47.26341	  47.7485
 1417	 -3.80544	 -65.71246	  47.21154	  47.69664
 1418	 -3.93856	 -66.9161	  47.1328	  47.61792
 1419	 -3.80544	 -65.71246	  47.21154	  47.69664
 1420	 -3.85434	 -66.14359	  47.38709	  47.87213
 1421	 -3.93856	 -66.9161	  47.1328	  47.61792
 1422	 -3.80544	 -65.71246	  47.21154	  47.69664
 1423	 -3.93856	 -66.9161	  47.1328	  47.61792
 1424	 -3.85434	 -66.14359	  47.38709	  47.87213
 1425	 -8.27497	 -61.66513	  45.18003	  45.66576
 1426	 -8.30606	 -63.09529	  44.91362	  45.39944
 1427	 -7.24708	 -63.89042	  44.76842	  45.25429
 1428	 -8.06052	 -63.96198	  45.06969	  45.55546
 1429	 -8.43984	 -63.48772	  45.03031	  45.51609
 1430	 -8.62435	 -61.76064	  45.56213	  46.04774
 1431	 -2.39126	 -57.41865	  47.89591	  48.38079
 1432	 -2.43072	 -57.83971	  48.06984	  48.55467
 1433	 -2.50675	 -58.62618	  47.82003	  48.30494
 1434	 -2.0195	 -54.22159	  47.88464	  48.36953
 1435	 -2.50675	 -58.62618	  47.82003	  48.30494
 1436	 -2.39126	 -57.41865	  47.89591	  48.38079
 1437	 -2.39126	 -57.41865	  47.89591	  48.38079
 1438	 -2.50675	 -58.62618	  47.82003	  48.30494
 1439	 -2.43072	 -57.83971	  48.06984	  48.55467
 1440	 -2.22141	 -54.27918	  47.94197	  48.42683
 1441	 -2.39126	 -57.41865	  47.89591	  48.38079
 1442	 -2.50675	 -58.62618	  47.82003	  48.30494
 1443	 -7.58098	 -69.17281	  46.27588	  46.76127
 1444	 -8.49269	 -68.34911	  46.02653	  46.512
 1445	 -8.20265	 -69.1774	  46.30968	  46.79507
 1446	 -6.92501	 -68.54433	  46.69973	  47.18499
 1447	 -6.80483	 -68.75595	  46.51356	  46.99887
 1448	 -7.59691	 -69.20819	  46.48709	  46.97241
 1449	 -5.38544	 -54.18012	  46.90968	  47.39487
 1450	 -4.63026	 -53.11576	  46.76013	  47.24537
 1451	 -4.64073	 -51.73671	  47.14151	  47.62663
 1452	 -3.53996	 -53.30047	  47.44036	  47.92538
 1453	 -5.38544	 -54.18012	  46.90968	  47.39487
 1454	 -4.64073	 -51.73671	  47.14151	  47.62663
 1455	  2.52216	 -33.29353	  49.17874	  49.66322
 1456	  1.74878	 -32.60944	  49.28064	  49.76508
 1457	  1.11378	 -32.23744	  48.97	  49.45455
 1458	  2.86291	 -35.42464	  49.45236	  49.93676
 1459	  3.11645	 -36.22057	  49.27509	  49.75954
 1460	  2.62216	 -37.67271	  49.42477	  49.90918
 1461	 -0.49385	 -29.74198	  47.18404	  47.66914
 1462	 -0.90543	 -29.69153	  47.19056	  47.67567
 1463	 -0.91214	 -36.57515	  46.5077	  46.99302
 1464	 -0.32324	 -30.02765	  47.27827	  47.76335
 1465	 -0.10842	 -28.36776	  47.61791	  48.10288
 1466	 -0.1664	 -29.21464	  47.52953	  48.01453
 1467	 -4.63186	 -62.02179	  47.08059	  47.56573
 1468	 -4.74253	 -64.50217	  47.12554	  47.61066
 1469	 -5.18012	 -66.0772	  46.8191	  47.30433
 1470	 -4.84739	 -66.40569	  46.96156	  47.44673
 1471	 -4.51323	 -64.55512	  47.11115	  47.59628
 1472	 -4.26214	 -62.33495	  47.20967	  47.69477
 1473	 -3.88507	 -56.49939	  47.30297	  47.78804
 1474	 -5.38544	 -54.18012	  46.90968	  47.39487
 1475	 -3.53996	 -53.30047	  47.44036	  47.92538
 1476	 -3.88507	 -56.49939	  47.30297	  47.78804
 1477	 -3.53996	 -53.30047	  47.44036	  47.92538
 1478	 -2.94014	 -53.28428	  47.26319	  47.74827
 1479	 -0.10273	 -50.42409	  46.95005	  47.43523
 1480	 -2.47624	 -47.47387	  46.34724	  46.8326
 1481	 -2.37899	 -46.76949	  46.45948	  46.94481
 1482	 -2.32653	 -47.71452	  46.22327	  46.70868
 1483	 -2.03229	 -47.57286	  46.11727	  46.60271
 1484	 -1.767	 -45.78774	  46.39292	  46.87827
 1485	 -8.41706	 -61.04606	  46.01711	  46.50258
 1486	 -8.52252	 -60.54995	  46.19169	  46.67711
 1487	 -7.77135	 -61.70366	  46.71342	  47.19868
 1488	 -7.30554	 -60.5939	  46.75698	  47.24222
 1489	 -7.84861	 -60.19803	  46.02098	  46.50645
 1490	 -7.4986	 -61.39227	  46.62085	  47.10613
 1491	  0.02512	 -38.01894	  48.36406	  48.84879
 1492	  0.95145	 -37.34356	  47.67389	  48.15884
 1493	  3.65363	 -40.48822	  48.15276	  48.63756
 1494	  6.88056	 -43.37825	  48.30301	  48.78776
 1495	  3.65363	 -40.48822	  48.15276	  48.63756
 1496	  0.95145	 -37.34356	  47.67389	  48.15884
 1497	  3.11645	 -36.22057	  49.27509	  49.75954
 1498	  2.63413	 -38.29487	  49.21172	  49.69619
