 7214	 -2.63391	  75.38036	  107.17889	  108.05705
 7214	 -2.63391	  75.38036	  107.17889	  108.05705
 7213	 -1.62913	  74.1326	  106.82652	  107.70671
 7215	 -2.7609	  75.85142	  107.10098	  107.97958
 7214	 -2.63391	  75.38036	  107.17889	  108.05705
 7215	 -2.7609	  75.85142	  107.10098	  107.97958
 7228	 -3.69512	  76.95316	  107.33473	  108.21199
 7228	 -3.69512	  76.95316	  107.33473	  108.21199
 7215	 -2.7609	  75.85142	  107.10098	  107.97958
 7229	 -3.77859	  77.39523	  107.27711	  108.15469
 7228	 -3.69512	  76.95316	  107.33473	  108.21199
 7229	 -3.77859	  77.39523	  107.27711	  108.15469
 7236	 -4.19574	  78.28284	  107.59137	  108.46716
 7236	 -4.19574	  78.28284	  107.59137	  108.46716
 7229	 -3.77859	  77.39523	  107.27711	  108.15469
 7237	 -4.25131	  78.73006	  107.55783	  108.43381
 7236	 -4.19574	  78.28284	  107.59137	  108.46716
 7237	 -4.25131	  78.73006	  107.55783	  108.43381
 7246	 -4.65096	  79.21037	  107.87271	  108.74687
 7246	 -4.65096	  79.21037	  107.87271	  108.74687
 7237	 -4.25131	  78.73006	  107.55783	  108.43381
 7247	 -4.69767	  79.67043	  107.87056	  108.74474
 7246	 -4.65096	  79.21037	  107.87271	  108.74687
 7247	 -4.69767	  79.67043	  107.87056	  108.74474
 7253	 -4.89028	  79.65331	  108.38607	  109.25727
 7253	 -4.89028	  79.65331	  108.38607	  109.25727
 7247	 -4.69767	  79.67043	  107.87056	  108.74474
 7254	 -4.93121	  80.08737	  108.41231	  109.28336
 7253	 -4.89028	  79.65331	  108.38607	  109.25727
 7254	 -4.93121	  80.08737	  108.41231	  109.28336
 7265	 -5.22939	  80.34602	  108.69138	  109.56082
 7261	 -4.36243	  78.98581	  107.89052	  108.76457
 7262	 -4.65096	  79.21037	  107.87271	  108.74687
 7263	 -4.59882	  79.3696	  108.38613	  109.25733
 7263	 -4.59882	  79.3696	  108.38613	  109.25733
 7262	 -4.65096	  79.21037	  107.87271	  108.74687
 7264	 -4.89028	  79.65331	  108.38607	  109.25727
 7255	 -4.41033	  79.44484	  107.88818	  108.76225
 7256	 -4.64075	  79.80315	  108.41212	  109.28317
 7257	 -4.69767	  79.67043	  107.87056	  108.74474
 7257	 -4.69767	  79.67043	  107.87056	  108.74474
 7256	 -4.64075	  79.80315	  108.41212	  109.28317
 7258	 -4.93121	  80.08737	  108.41231	  109.28336
 7242	 -3.38268	  76.85225	  107.36545	  108.24254
 7243	 -3.69512	  76.95316	  107.33473	  108.21199
 7244	 -3.91176	  78.15005	  107.62553	  108.50112
 7244	 -3.91176	  78.15005	  107.62553	  108.50112
 7243	 -3.69512	  76.95316	  107.33473	  108.21199
 7245	 -4.19574	  78.28284	  107.59137	  108.46716
 7244	 -3.91176	  78.15005	  107.62553	  108.50112
 7245	 -4.19574	  78.28284	  107.59137	  108.46716
 7251	 -4.36243	  78.98581	  107.89052	  108.76457
 7251	 -4.36243	  78.98581	  107.89052	  108.76457
 7245	 -4.19574	  78.28284	  107.59137	  108.46716
 7252	 -4.65096	  79.21037	  107.87271	  108.74687
 7233	 -3.46861	  77.2945	  107.30785	  108.18526
 7238	 -3.96899	  78.59683	  107.59224	  108.46802
 7239	 -3.77859	  77.39523	  107.27711	  108.15469
 7239	 -3.77859	  77.39523	  107.27711	  108.15469
 7238	 -3.96899	  78.59683	  107.59224	  108.46802
 7240	 -4.25131	  78.73006	  107.55783	  108.43381
 7238	 -3.96899	  78.59683	  107.59224	  108.46802
 7248	 -4.41033	  79.44484	  107.88818	  108.76225
 7240	 -4.25131	  78.73006	  107.55783	  108.43381
 7240	 -4.25131	  78.73006	  107.55783	  108.43381
 7248	 -4.41033	  79.44484	  107.88818	  108.76225
 7249	 -4.69767	  79.67043	  107.87056	  108.74474
 7220	 -1.26633	  73.79344	  106.98744	  107.8667
 7221	 -2.28259	  75.27573	  107.20164	  108.07967
 7222	 -1.26827	  74.06456	  106.87331	  107.75322
 7222	 -1.26827	  74.06456	  106.87331	  107.75322
 7221	 -2.28259	  75.27573	  107.20164	  108.07967
 7223	 -2.41387	  75.75145	  107.12387	  108.00234
 7221	 -2.28259	  75.27573	  107.20164	  108.07967
 7232	 -3.38268	  76.85225	  107.36545	  108.24254
 7223	 -2.41387	  75.75145	  107.12387	  108.00234
 7223	 -2.41387	  75.75145	  107.12387	  108.00234
 7232	 -3.38268	  76.85225	  107.36545	  108.24254
 7233	 -3.46861	  77.2945	  107.30785	  108.18526
 7232	 -3.38268	  76.85225	  107.36545	  108.24254
 7241	 -3.91176	  78.15005	  107.62553	  108.50112
 7233	 -3.46861	  77.2945	  107.30785	  108.18526
 7233	 -3.46861	  77.2945	  107.30785	  108.18526
 7241	 -3.91176	  78.15005	  107.62553	  108.50112
 7238	 -3.96899	  78.59683	  107.59224	  108.46802
 7241	 -3.91176	  78.15005	  107.62553	  108.50112
 7250	 -4.36243	  78.98581	  107.89052	  108.76457
 7238	 -3.96899	  78.59683	  107.59224	  108.46802
 7238	 -3.96899	  78.59683	  107.59224	  108.46802
 7250	 -4.36243	  78.98581	  107.89052	  108.76457
 7248	 -4.41033	  79.44484	  107.88818	  108.76225
 7250	 -4.36243	  78.98581	  107.89052	  108.76457
 7259	 -4.59882	  79.3696	  108.38613	  109.25733
 7248	 -4.41033	  79.44484	  107.88818	  108.76225
 7248	 -4.41033	  79.44484	  107.88818	  108.76225
 7259	 -4.59882	  79.3696	  108.38613	  109.25733
 7260	 -4.64075	  79.80315	  108.41212	  109.28317
 7260	 -4.64075	  79.80315	  108.41212	  109.28317
 7259	 -4.59882	  79.3696	  108.38613	  109.25733
 7267	 -5.22939	  80.34602	  108.69138	  109.56082
 7266	 -4.93121	  80.08737	  108.41231	  109.28336
 7260	 -4.64075	  79.80315	  108.41212	  109.28317
 7267	 -5.22939	  80.34602	  108.69138	  109.56082
 7224	 -1.26633	  73.79344	  106.98744	  107.8667
 7225	 -1.63395	  73.86951	  106.9407	  107.82024
 7226	 -2.28259	  75.27573	  107.20164	  108.07967
 7226	 -2.28259	  75.27573	  107.20164	  108.07967
 7225	 -1.63395	  73.86951	  106.9407	  107.82024
 7227	 -2.63391	  75.38036	  107.17889	  108.05705
 7226	 -2.28259	  75.27573	  107.20164	  108.07967
 7227	 -2.63391	  75.38036	  107.17889	  108.05705
 7234	 -3.38268	  76.85225	  107.36545	  108.24254
 7234	 -3.38268	  76.85225	  107.36545	  108.24254
 7227	 -2.63391	  75.38036	  107.17889	  108.05705
 7235	 -3.69512	  76.95316	  107.33473	  108.21199
 7216	 -1.26827	  74.06456	  106.87331	  107.75322
 7217	 -2.41387	  75.75145	  107.12387	  108.00234
 7218	 -1.62913	  74.1326	  106.82652	  107.70671
 7218	 -1.62913	  74.1326	  106.82652	  107.70671
 7217	 -2.41387	  75.75145	  107.12387	  108.00234
 7219	 -2.7609	  75.85142	  107.10098	  107.97958
 7217	 -2.41387	  75.75145	  107.12387	  108.00234
 7230	 -3.46861	  77.2945	  107.30785	  108.18526
 7219	 -2.7609	  75.85142	  107.10098	  107.97958
 7219	 -2.7609	  75.85142	  107.10098	  107.97958
 7230	 -3.46861	  77.2945	  107.30785	  108.18526
 7231	 -3.77859	  77.39523	  107.27711	  108.15469
 1970	 -0.76829	  56.55054	  80.41045	  81.44284
 1971	 -0.97506	  56.80696	  80.33427	  81.3671
 1976	 -1.91532	  60.70416	  79.92	  80.95521
 1970	 -0.76829	  56.55054	  80.41045	  81.44284
 1961	 -0.68607	  52.26756	  80.78786	  81.81806
 1971	 -0.97506	  56.80696	  80.33427	  81.3671
 1960	 -0.40589	  51.86246	  80.87856	  81.90825
 1961	 -0.68607	  52.26756	  80.78786	  81.81806
 1970	 -0.76829	  56.55054	  80.41045	  81.44284
 1960	 -0.40589	  51.86246	  80.87856	  81.90825
 1953	 -0.58324	  50.216	  80.90547	  81.93501
 1961	 -0.68607	  52.26756	  80.78786	  81.81806
 1952	 -0.27789	  49.94966	  80.98392	  82.013
 1953	 -0.58324	  50.216	  80.90547	  81.93501
 1960	 -0.40589	  51.86246	  80.87856	  81.90825
 1952	 -0.27789	  49.94966	  80.98392	  82.013
 1945	 -0.24386	  48.02075	  81.14081	  82.16898
 1953	 -0.58324	  50.216	  80.90547	  81.93501
 1944	  0.08447	  47.83125	  81.19945	  82.22728
 1945	 -0.24386	  48.02075	  81.14081	  82.16898
 1952	 -0.27789	  49.94966	  80.98392	  82.013
 1944	  0.08447	  47.83125	  81.19945	  82.22728
 1936	  0.16221	  45.71059	  81.35706	  82.38399
 1945	 -0.24386	  48.02075	  81.14081	  82.16898
 1935	  0.51846	  45.59381	  81.38908	  82.41582
 1936	  0.16221	  45.71059	  81.35706	  82.38399
 1944	  0.08447	  47.83125	  81.19945	  82.22728
 1935	  0.51846	  45.59381	  81.38908	  82.41582
 1928	  0.73347	  43.16483	  81.75232	  82.77698
 1936	  0.16221	  45.71059	  81.35706	  82.38399
 1927	  1.14326	  43.10621	  81.73894	  82.76367
 1928	  0.73347	  43.16483	  81.75232	  82.77698
 1935	  0.51846	  45.59381	  81.38908	  82.41582
 1927	  1.14326	  43.10621	  81.73894	  82.76367
 1918	  1.45511	  40.4106	  82.09995	  83.1226
 1928	  0.73347	  43.16483	  81.75232	  82.77698
 1919	  1.81261	  40.54773	  82.0369	  83.05992
 1918	  1.45511	  40.4106	  82.09995	  83.1226
 1927	  1.14326	  43.10621	  81.73894	  82.76367
 1911	  2.60279	  37.98064	  82.31016	  83.3316
 1918	  1.45511	  40.4106	  82.09995	  83.1226
 1919	  1.81261	  40.54773	  82.0369	  83.05992
 1910	  2.24803	  37.73462	  82.41931	  83.44012
 1918	  1.45511	  40.4106	  82.09995	  83.1226
 1911	  2.60279	  37.98064	  82.31016	  83.3316
 1903	  3.26105	  35.41038	  82.40983	  83.43069
 1910	  2.24803	  37.73462	  82.41931	  83.44012
 1911	  2.60279	  37.98064	  82.31016	  83.3316
 1902	  2.91811	  35.04395	  82.56128	  83.58127
 1910	  2.24803	  37.73462	  82.41931	  83.44012
 1903	  3.26105	  35.41038	  82.40983	  83.43069
 1895	  4.0597	  32.69926	  82.52838	  83.54856
 1902	  2.91811	  35.04395	  82.56128	  83.58127
 1903	  3.26105	  35.41038	  82.40983	  83.43069
 1894	  3.66549	  32.2887	  82.72199	  83.74106
 1902	  2.91811	  35.04395	  82.56128	  83.58127
 1895	  4.0597	  32.69926	  82.52838	  83.54856
 1885	  4.68992	  28.2141	  82.92203	  83.93994
 1894	  3.66549	  32.2887	  82.72199	  83.74106
 1895	  4.0597	  32.69926	  82.52838	  83.54856
 1884	  3.93497	  28.54787	  82.97202	  83.98965
 1894	  3.66549	  32.2887	  82.72199	  83.74106
 1885	  4.68992	  28.2141	  82.92203	  83.93994
 1877	  5.66008	  23.68692	  83.2634	  84.27934
 1884	  3.93497	  28.54787	  82.97202	  83.98965
 1885	  4.68992	  28.2141	  82.92203	  83.93994
 1875	  5.23231	  22.69633	  83.48042	  84.49512
 1884	  3.93497	  28.54787	  82.97202	  83.98965
 1877	  5.66008	  23.68692	  83.2634	  84.27934
 1876	  6.68447	  18.04885	  83.1386	  84.15527
 1875	  5.23231	  22.69633	  83.48042	  84.49512
 1877	  5.66008	  23.68692	  83.2634	  84.27934
 1874	  5.89254	  17.47402	  83.48627	  84.50094
 1875	  5.23231	  22.69633	  83.48042	  84.49512
 1876	  6.68447	  18.04885	  83.1386	  84.15527
 1874	  5.89254	  17.47402	  83.48627	  84.50094
 1879	  4.69151	  19.49725	  83.37437	  84.38968
 1875	  5.23231	  22.69633	  83.48042	  84.49512
 1878	  5.39147	  16.81421	  83.1584	  84.17495
 1879	  4.69151	  19.49725	  83.37437	  84.38968
 1874	  5.89254	  17.47402	  83.48627	  84.50094
 7196	 -4.60014	  76.45464	  105.30561	  106.19456
 7197	 -4.84553	  76.1327	  105.168	  106.05775
 7189	 -6.30715	  78.34387	  105.41197	  106.30031
 7189	 -6.30715	  78.34387	  105.41197	  106.30031
 7197	 -4.84553	  76.1327	  105.168	  106.05775
 7188	 -6.46599	  78.05647	  105.27015	  106.1593
 7188	 -6.46599	  78.05647	  105.27015	  106.1593
 7181	 -7.8966	  78.95064	  105.44217	  106.33034
 7189	 -6.30715	  78.34387	  105.41197	  106.30031
 7189	 -6.30715	  78.34387	  105.41197	  106.30031
 7181	 -7.8966	  78.95064	  105.44217	  106.33034
 7180	 -7.74857	  79.11444	  105.57913	  106.4665
 7180	 -7.74857	  79.11444	  105.57913	  106.4665
 7181	 -7.8966	  78.95064	  105.44217	  106.33034
 7172	 -9.21129	  80.69674	  105.78812	  106.67429
 7172	 -9.21129	  80.69674	  105.78812	  106.67429
 7181	 -7.8966	  78.95064	  105.44217	  106.33034
 7173	 -9.45747	  80.73137	  105.67435	  106.56118
 7172	 -9.21129	  80.69674	  105.78812	  106.67429
 7173	 -9.45747	  80.73137	  105.67435	  106.56118
 7164	 -11.47916	  81.83572	  106.1554	  107.03944
 7164	 -11.47916	  81.83572	  106.1554	  107.03944
 7173	 -9.45747	  80.73137	  105.67435	  106.56118
 7165	 -11.77131	  82.02084	  106.06438	  106.94896
 7164	 -11.47916	  81.83572	  106.1554	  107.03944
 7165	 -11.77131	  82.02084	  106.06438	  106.94896
 7156	 -12.65664	  83.3409	  106.36994	  107.25276
 7156	 -12.65664	  83.3409	  106.36994	  107.25276
 7165	 -11.77131	  82.02084	  106.06438	  106.94896
 7157	 -12.9219	  83.58719	  106.28973	  107.17301
 7156	 -12.65664	  83.3409	  106.36994	  107.25276
 7157	 -12.9219	  83.58719	  106.28973	  107.17301
 7144	 -14.89645	  85.11369	  106.71196	  107.5928
 7144	 -14.89645	  85.11369	  106.71196	  107.5928
 7157	 -12.9219	  83.58719	  106.28973	  107.17301
 7145	 -15.1498	  85.42056	  106.64662	  107.52785
 7144	 -14.89645	  85.11369	  106.71196	  107.5928
 7145	 -15.1498	  85.42056	  106.64662	  107.52785
 7146	 -15.64506	  85.69583	  106.95506	  107.8345
 7146	 -15.64506	  85.69583	  106.95506	  107.8345
 7145	 -15.1498	  85.42056	  106.64662	  107.52785
 7147	 -15.95402	  86.11758	  106.93774	  107.81729
 7210	 -2.98496	  73.73103	  105.0378	  105.92829
 7211	 -2.69713	  74.04525	  104.92309	  105.81424
 7202	 -4.84553	  76.1327	  105.168	  106.05775
 7202	 -4.84553	  76.1327	  105.168	  106.05775
 7211	 -2.69713	  74.04525	  104.92309	  105.81424
 7203	 -4.88406	  76.866	  105.06733	  105.95766
 7202	 -4.84553	  76.1327	  105.168	  106.05775
 7203	 -4.88406	  76.866	  105.06733	  105.95766
 7194	 -6.46599	  78.05647	  105.27015	  106.1593
 7194	 -6.46599	  78.05647	  105.27015	  106.1593
 7203	 -4.88406	  76.866	  105.06733	  105.95766
 7195	 -6.61495	  78.92577	  105.21059	  106.10008
 7194	 -6.46599	  78.05647	  105.27015	  106.1593
 7195	 -6.61495	  78.92577	  105.21059	  106.10008
 7186	 -7.8966	  78.95064	  105.44217	  106.33034
 7186	 -7.8966	  78.95064	  105.44217	  106.33034
 7195	 -6.61495	  78.92577	  105.21059	  106.10008
 7187	 -8.20936	  79.93765	  105.42576	  106.31401
 7186	 -7.8966	  78.95064	  105.44217	  106.33034
 7187	 -8.20936	  79.93765	  105.42576	  106.31401
 7178	 -9.45747	  80.73137	  105.67435	  106.56118
 7178	 -9.45747	  80.73137	  105.67435	  106.56118
 7187	 -8.20936	  79.93765	  105.42576	  106.31401
 7179	 -9.59156	  81.51099	  105.6605	  106.5474
 7178	 -9.45747	  80.73137	  105.67435	  106.56118
 7179	 -9.59156	  81.51099	  105.6605	  106.5474
 7170	 -11.77131	  82.02084	  106.06438	  106.94896
 7170	 -11.77131	  82.02084	  106.06438	  106.94896
 7179	 -9.59156	  81.51099	  105.6605	  106.5474
 7171	 -11.88652	  82.74333	  106.0716	  106.95613
 7170	 -11.77131	  82.02084	  106.06438	  106.94896
 7171	 -11.88652	  82.74333	  106.0716	  106.95613
 7162	 -12.9219	  83.58719	  106.28973	  107.17301
 7162	 -12.9219	  83.58719	  106.28973	  107.17301
 7171	 -11.88652	  82.74333	  106.0716	  106.95613
 7163	 -12.92912	  84.1445	  106.29451	  107.17776
 7162	 -12.9219	  83.58719	  106.28973	  107.17301
 7163	 -12.92912	  84.1445	  106.29451	  107.17776
 7154	 -15.1498	  85.42056	  106.64662	  107.52785
 7154	 -15.1498	  85.42056	  106.64662	  107.52785
 7163	 -12.92912	  84.1445	  106.29451	  107.17776
 7155	 -15.15808	  85.92023	  106.66897	  107.55006
 7154	 -15.1498	  85.42056	  106.64662	  107.52785
 7155	 -15.15808	  85.92023	  106.66897	  107.55006
 7142	 -15.95402	  86.11758	  106.93774	  107.81729
 7142	 -15.95402	  86.11758	  106.93774	  107.81729
 7155	 -15.15808	  85.92023	  106.66897	  107.55006
 7143	 -15.97757	  86.51283	  106.97951	  107.85881
 7142	 -15.95402	  86.11758	  106.93774	  107.81729
 7143	 -15.97757	  86.51283	  106.97951	  107.85881
 7137	 -17.38498	  85.58334	  107.66711	  108.54245
 7135	 -15.64506	  85.69583	  106.95506	  107.8345
 7136	 -15.95402	  86.11758	  106.93774	  107.81729
 7137	 -17.38498	  85.58334	  107.66711	  108.54245
 7127	 -14.78397	  102.59987	  105.07523	  105.9655
 7128	 -18.49437	  105.82423	  104.92494	  105.81609
 7129	 -14.87189	  102.63589	  105.20114	  106.0907
 7129	 -14.87189	  102.63589	  105.20114	  106.0907
 7128	 -18.49437	  105.82423	  104.92494	  105.81609
 7130	 -18.56544	  105.90895	  105.01176	  105.9024
 7121	 -14.63163	  102.97758	  105.12868	  106.01865
 7122	 -14.71825	  103.01143	  105.25517	  106.14441
 7123	 -18.67807	  106.40482	  104.95258	  105.84357
 7123	 -18.67807	  106.40482	  104.95258	  105.84357
 7122	 -14.71825	  103.01143	  105.25517	  106.14441
 7124	 -18.75169	  106.49214	  105.03842	  105.92891
 7123	 -18.67807	  106.40482	  104.95258	  105.84357
 7124	 -18.75169	  106.49214	  105.03842	  105.92891
 7132	 -21.4468	  109.74393	  105.00273	  105.89343
 1909	  2.4397	  37.95718	  82.11859	  83.14114
 1916	  1.81261	  40.54773	  82.0369	  83.05992
 1917	  1.72006	  40.47374	  81.8503	  82.87439
 1908	  2.60279	  37.98064	  82.31016	  83.3316
 1916	  1.81261	  40.54773	  82.0369	  83.05992
 1909	  2.4397	  37.95718	  82.11859	  83.14114
 1901	  3.06886	  35.24577	  82.22687	  83.24879
 1908	  2.60279	  37.98064	  82.31016	  83.3316
 1909	  2.4397	  37.95718	  82.11859	  83.14114
 1900	  3.26105	  35.41038	  82.40983	  83.43069
 1908	  2.60279	  37.98064	  82.31016	  83.3316
 1901	  3.06886	  35.24577	  82.22687	  83.24879
 1893	  3.84911	  32.34077	  82.36472	  83.38583
 1900	  3.26105	  35.41038	  82.40983	  83.43069
 1901	  3.06886	  35.24577	  82.22687	  83.24879
 1892	  4.0597	  32.69926	  82.52838	  83.54856
 1900	  3.26105	  35.41038	  82.40983	  83.43069
 1893	  3.84911	  32.34077	  82.36472	  83.38583
 1883	  4.54768	  28.80253	  82.65728	  83.67672
 1892	  4.0597	  32.69926	  82.52838	  83.54856
 1893	  3.84911	  32.34077	  82.36472	  83.38583
 1882	  4.68992	  28.2141	  82.92203	  83.93994
 1892	  4.0597	  32.69926	  82.52838	  83.54856
 1883	  4.54768	  28.80253	  82.65728	  83.67672
 1872	  5.38524	  22.98489	  83.05061	  84.06779
 1882	  4.68992	  28.2141	  82.92203	  83.93994
 1883	  4.54768	  28.80253	  82.65728	  83.67672
 1873	  5.66008	  23.68692	  83.2634	  84.27934
 1882	  4.68992	  28.2141	  82.92203	  83.93994
 1872	  5.38524	  22.98489	  83.05061	  84.06779
 1872	  5.38524	  22.98489	  83.05061	  84.06779
 1871	  6.68447	  18.04885	  83.1386	  84.15527
 1873	  5.66008	  23.68692	  83.2634	  84.27934
 1870	  6.18898	  17.3355	  82.81902	  83.83752
 1871	  6.68447	  18.04885	  83.1386	  84.15527
 1872	  5.38524	  22.98489	  83.05061	  84.06779
 1917	  1.72006	  40.47374	  81.8503	  82.87439
 1924	  1.81261	  40.54773	  82.0369	  83.05992
 1925	  1.13646	  43.12075	  81.75586	  82.78049
 1924	  1.81261	  40.54773	  82.0369	  83.05992
 1926	  1.14326	  43.10621	  81.73894	  82.76367
 1925	  1.13646	  43.12075	  81.75586	  82.78049
 1925	  1.13646	  43.12075	  81.75586	  82.78049
 1926	  1.14326	  43.10621	  81.73894	  82.76367
 1934	  0.51727	  45.55964	  81.23239	  82.26004
 1933	  0.51846	  45.59381	  81.38908	  82.41582
 1934	  0.51727	  45.55964	  81.23239	  82.26004
 1926	  1.14326	  43.10621	  81.73894	  82.76367
 1933	  0.51846	  45.59381	  81.38908	  82.41582
 1941	  0.08447	  47.83125	  81.19945	  82.22728
 1942	  0.51727	  45.55964	  81.23239	  82.26004
 1942	  0.51727	  45.55964	  81.23239	  82.26004
 1941	  0.08447	  47.83125	  81.19945	  82.22728
 1943	  0.1087	  47.85678	  81.05444	  82.08311
 1941	  0.08447	  47.83125	  81.19945	  82.22728
 1950	 -0.27789	  49.94966	  80.98392	  82.013
 1943	  0.1087	  47.85678	  81.05444	  82.08311
 1943	  0.1087	  47.85678	  81.05444	  82.08311
 1950	 -0.27789	  49.94966	  80.98392	  82.013
 1951	 -0.22147	  49.98521	  80.86008	  81.88988
 1950	 -0.27789	  49.94966	  80.98392	  82.013
 1958	 -0.40589	  51.86246	  80.87856	  81.90825
 1951	 -0.22147	  49.98521	  80.86008	  81.88988
 1951	 -0.22147	  49.98521	  80.86008	  81.88988
 1958	 -0.40589	  51.86246	  80.87856	  81.90825
 1959	 -0.31303	  51.86904	  80.7831	  81.81334
 1958	 -0.40589	  51.86246	  80.87856	  81.90825
 1968	 -0.76829	  56.55054	  80.41045	  81.44284
 1959	 -0.31303	  51.86904	  80.7831	  81.81334
 1959	 -0.31303	  51.86904	  80.7831	  81.81334
 1968	 -0.76829	  56.55054	  80.41045	  81.44284
 1969	 -0.66631	  56.50686	  80.34451	  81.37727
 1969	 -0.66631	  56.50686	  80.34451	  81.37727
 1968	 -0.76829	  56.55054	  80.41045	  81.44284
 1975	 -1.91532	  60.70416	  79.92	  80.95521
 1974	 -0.87366	  56.76171	  80.2692	  81.30241
 1969	 -0.66631	  56.50686	  80.34451	  81.37727
 1975	 -1.91532	  60.70416	  79.92	  80.95521
 7119	 -18.49437	  105.82423	  104.92494	  105.81609
 7120	 -18.67807	  106.40482	  104.95258	  105.84357
 7131	 -21.4468	  109.74393	  105.00273	  105.89343
 7119	 -18.49437	  105.82423	  104.92494	  105.81609
 7117	 -14.63163	  102.97758	  105.12868	  106.01865
 7120	 -18.67807	  106.40482	  104.95258	  105.84357
 7118	 -14.78397	  102.59987	  105.07523	  105.9655
 7117	 -14.63163	  102.97758	  105.12868	  106.01865
 7119	 -18.49437	  105.82423	  104.92494	  105.81609
 7104	 -10.57681	  96.42369	  105.217	  106.10646
 7117	 -14.63163	  102.97758	  105.12868	  106.01865
 7118	 -14.78397	  102.59987	  105.07523	  105.9655
 7103	 -10.20838	  96.64317	  105.23814	  106.12747
 7117	 -14.63163	  102.97758	  105.12868	  106.01865
 7104	 -10.57681	  96.42369	  105.217	  106.10646
 7096	 -7.90285	  91.05896	  105.17015	  106.05988
 7103	 -10.20838	  96.64317	  105.23814	  106.12747
 7104	 -10.57681	  96.42369	  105.217	  106.10646
 7095	 -7.51734	  91.32597	  105.16943	  106.05917
 7103	 -10.20838	  96.64317	  105.23814	  106.12747
 7096	 -7.90285	  91.05896	  105.17015	  106.05988
 7088	 -5.97958	  83.81121	  104.99836	  105.88908
 7095	 -7.51734	  91.32597	  105.16943	  106.05917
 7096	 -7.90285	  91.05896	  105.17015	  106.05988
 7087	 -5.42493	  83.73357	  104.95663	  105.8476
 7095	 -7.51734	  91.32597	  105.16943	  106.05917
 7088	 -5.97958	  83.81121	  104.99836	  105.88908
 7080	 -5.03857	  80.55654	  105.02371	  105.91429
 7087	 -5.42493	  83.73357	  104.95663	  105.8476
 7088	 -5.97958	  83.81121	  104.99836	  105.88908
 7079	 -4.4612	  80.46083	  104.95047	  105.84146
 7087	 -5.42493	  83.73357	  104.95663	  105.8476
 7080	 -5.03857	  80.55654	  105.02371	  105.91429
 7072	 -4.09555	  76.79439	  105.00485	  105.89554
 7079	 -4.4612	  80.46083	  104.95047	  105.84146
 7080	 -5.03857	  80.55654	  105.02371	  105.91429
 7071	 -3.61626	  76.97397	  104.89611	  105.78741
 7079	 -4.4612	  80.46083	  104.95047	  105.84146
 7072	 -4.09555	  76.79439	  105.00485	  105.89554
 7061	 -2.82905	  73.00902	  105.03895	  105.92944
 7071	 -3.61626	  76.97397	  104.89611	  105.78741
 7072	 -4.09555	  76.79439	  105.00485	  105.89554
 7062	 -2.4093	  73.2928	  104.89087	  105.78221
 7071	 -3.61626	  76.97397	  104.89611	  105.78741
 7061	 -2.82905	  73.00902	  105.03895	  105.92944
 7061	 -2.82905	  73.00902	  105.03895	  105.92944
 7053	 -1.32255	  69.58647	  104.8745	  105.76593
 7062	 -2.4093	  73.2928	  104.89087	  105.78221
 7052	 -1.63512	  69.22925	  105.07372	  105.964
 7053	 -1.32255	  69.58647	  104.8745	  105.76593
 7061	 -2.82905	  73.00902	  105.03895	  105.92944
 7052	 -1.63512	  69.22925	  105.07372	  105.964
 7046	  0.01646	  65.70569	  105.27907	  106.16817
 7053	 -1.32255	  69.58647	  104.8745	  105.76593
 7051	 -0.21656	  65.3984	  105.55489	  106.4424
 7046	  0.01646	  65.70569	  105.27907	  106.16817
 7052	 -1.63512	  69.22925	  105.07372	  105.964
 7021	  3.89111	  46.75231	  105.79779	  106.68391
 7022	  4.90232	  47.59435	  105.74918	  106.63557
 7023	  2.673	  52.01976	  106.00702	  106.89194
 7023	  2.673	  52.01976	  106.00702	  106.89194
 7022	  4.90232	  47.59435	  105.74918	  106.63557
 7024	  3.6548	  52.64664	  106.03415	  106.91891
 7023	  2.673	  52.01976	  106.00702	  106.89194
 7024	  3.6548	  52.64664	  106.03415	  106.91891
 7035	  1.57665	  58.43491	  105.87125	  106.75694
 7035	  1.57665	  58.43491	  105.87125	  106.75694
 7024	  3.6548	  52.64664	  106.03415	  106.91891
 7036	  2.51627	  58.99471	  106.00495	  106.88988
 7036	  2.51627	  58.99471	  106.00495	  106.88988
 7045	  0.76018	  65.73623	  105.51958	  106.4073
 7035	  1.57665	  58.43491	  105.87125	  106.75694
 7035	  1.57665	  58.43491	  105.87125	  106.75694
 7045	  0.76018	  65.73623	  105.51958	  106.4073
 7046	  0.01646	  65.70569	  105.27907	  106.16817
 7045	  0.76018	  65.73623	  105.51958	  106.4073
 7054	 -0.77285	  69.81353	  105.0995	  105.98964
 7046	  0.01646	  65.70569	  105.27907	  106.16817
 7046	  0.01646	  65.70569	  105.27907	  106.16817
 7054	 -0.77285	  69.81353	  105.0995	  105.98964
 7053	 -1.32255	  69.58647	  104.8745	  105.76593
 7039	  2.96249	  51.37144	  106.44536	  107.32774
 7040	  1.65759	  57.4784	  106.24976	  107.13327
 7041	  3.95479	  52.01627	  106.47933	  107.36152
 7041	  3.95479	  52.01627	  106.47933	  107.36152
 7040	  1.65759	  57.4784	  106.24976	  107.13327
 7042	  2.60499	  58.0626	  106.38976	  107.27246
 7042	  2.60499	  58.0626	  106.38976	  107.27246
 7040	  1.65759	  57.4784	  106.24976	  107.13327
 7049	  0.53288	  65.46262	  105.80131	  106.6874
 7049	  0.53288	  65.46262	  105.80131	  106.6874
 7040	  1.65759	  57.4784	  106.24976	  107.13327
 7050	 -0.21656	  65.3984	  105.55489	  106.4424
 7049	  0.53288	  65.46262	  105.80131	  106.6874
 7050	 -0.21656	  65.3984	  105.55489	  106.4424
 7059	 -1.07729	  69.46005	  105.30504	  106.19398
 7059	 -1.07729	  69.46005	  105.30504	  106.19398
 7050	 -0.21656	  65.3984	  105.55489	  106.4424
 7060	 -1.63512	  69.22925	  105.07372	  105.964
 7059	 -1.07729	  69.46005	  105.30504	  106.19398
 7060	 -1.63512	  69.22925	  105.07372	  105.964
 7069	 -2.47726	  73.42512	  105.25989	  106.14909
 7069	 -2.47726	  73.42512	  105.25989	  106.14909
 7060	 -1.63512	  69.22925	  105.07372	  105.964
 7070	 -2.82905	  73.00902	  105.03895	  105.92944
 7069	 -2.47726	  73.42512	  105.25989	  106.14909
 7070	 -2.82905	  73.00902	  105.03895	  105.92944
 7077	 -3.81279	  77.06244	  105.21986	  106.1093
 7077	 -3.81279	  77.06244	  105.21986	  106.1093
 7070	 -2.82905	  73.00902	  105.03895	  105.92944
 7078	 -4.09555	  76.79439	  105.00485	  105.89554
 7078	 -4.09555	  76.79439	  105.00485	  105.89554
 7085	 -5.03857	  80.55654	  105.02371	  105.91429
 7077	 -3.81279	  77.06244	  105.21986	  106.1093
 7077	 -3.81279	  77.06244	  105.21986	  106.1093
 7085	 -5.03857	  80.55654	  105.02371	  105.91429
 7086	 -4.85972	  80.79372	  105.23238	  106.12175
 7085	 -5.03857	  80.55654	  105.02371	  105.91429
 7093	 -5.97958	  83.81121	  104.99836	  105.88908
 7086	 -4.85972	  80.79372	  105.23238	  106.12175
 7086	 -4.85972	  80.79372	  105.23238	  106.12175
 7093	 -5.97958	  83.81121	  104.99836	  105.88908
 7094	 -5.88445	  84.0085	  105.202	  106.09155
 7093	 -5.97958	  83.81121	  104.99836	  105.88908
 7101	 -7.90285	  91.05896	  105.17015	  106.05988
 7094	 -5.88445	  84.0085	  105.202	  106.09155
 7094	 -5.88445	  84.0085	  105.202	  106.09155
 7101	 -7.90285	  91.05896	  105.17015	  106.05988
 7102	 -7.89235	  91.25929	  105.36458	  106.25319
 7101	 -7.90285	  91.05896	  105.17015	  106.05988
 7109	 -10.57681	  96.42369	  105.217	  106.10646
 7102	 -7.89235	  91.25929	  105.36458	  106.25319
 7102	 -7.89235	  91.25929	  105.36458	  106.25319
 7109	 -10.57681	  96.42369	  105.217	  106.10646
 7110	 -10.67855	  96.68045	  105.39107	  106.27953
 7110	 -10.67855	  96.68045	  105.39107	  106.27953
 7113	 -14.71825	  103.01143	  105.25517	  106.14441
 7114	 -10.30905	  96.89868	  105.41217	  106.30051
 7109	 -10.57681	  96.42369	  105.217	  106.10646
 7111	 -14.78397	  102.59987	  105.07523	  105.9655
 7110	 -10.67855	  96.68045	  105.39107	  106.27953
 7110	 -10.67855	  96.68045	  105.39107	  106.27953
 7111	 -14.78397	  102.59987	  105.07523	  105.9655
 7112	 -14.87189	  102.63589	  105.20114	  106.0907
 7112	 -14.87189	  102.63589	  105.20114	  106.0907
 7113	 -14.71825	  103.01143	  105.25517	  106.14441
 7110	 -10.67855	  96.68045	  105.39107	  106.27953
 7112	 -14.87189	  102.63589	  105.20114	  106.0907
 7125	 -18.56544	  105.90895	  105.01176	  105.9024
 7113	 -14.71825	  103.01143	  105.25517	  106.14441
 7113	 -14.71825	  103.01143	  105.25517	  106.14441
 7125	 -18.56544	  105.90895	  105.01176	  105.9024
 7126	 -18.75169	  106.49214	  105.03842	  105.92891
 7126	 -18.75169	  106.49214	  105.03842	  105.92891
 7125	 -18.56544	  105.90895	  105.01176	  105.9024
 7133	 -21.4468	  109.74393	  105.00273	  105.89343
 7125	 -18.56544	  105.90895	  105.01176	  105.9024
 7134	 -18.49437	  105.82423	  104.92494	  105.81609
 7133	 -21.4468	  109.74393	  105.00273	  105.89343
 7055	  0.53288	  65.46262	  105.80131	  106.6874
 7056	 -1.07729	  69.46005	  105.30504	  106.19398
 7057	  0.76018	  65.73623	  105.51958	  106.4073
 7057	  0.76018	  65.73623	  105.51958	  106.4073
 7056	 -1.07729	  69.46005	  105.30504	  106.19398
 7058	 -0.77285	  69.81353	  105.0995	  105.98964
 7058	 -0.77285	  69.81353	  105.0995	  105.98964
 7056	 -1.07729	  69.46005	  105.30504	  106.19398
 7067	 -2.06087	  73.70483	  105.1118	  106.00186
 7067	 -2.06087	  73.70483	  105.1118	  106.00186
 7056	 -1.07729	  69.46005	  105.30504	  106.19398
 7068	 -2.47726	  73.42512	  105.25989	  106.14909
 7067	 -2.06087	  73.70483	  105.1118	  106.00186
 7068	 -2.47726	  73.42512	  105.25989	  106.14909
 7075	 -3.326	  77.23262	  105.10838	  105.99847
 7075	 -3.326	  77.23262	  105.10838	  105.99847
 7068	 -2.47726	  73.42512	  105.25989	  106.14909
 7076	 -3.81279	  77.06244	  105.21986	  106.1093
 7075	 -3.326	  77.23262	  105.10838	  105.99847
 7076	 -3.81279	  77.06244	  105.21986	  106.1093
 7083	 -4.27257	  80.68918	  105.15665	  106.04646
 7083	 -4.27257	  80.68918	  105.15665	  106.04646
 7076	 -3.81279	  77.06244	  105.21986	  106.1093
 7084	 -4.85972	  80.79372	  105.23238	  106.12175
 7083	 -4.27257	  80.68918	  105.15665	  106.04646
 7084	 -4.85972	  80.79372	  105.23238	  106.12175
 7091	 -5.32086	  83.92037	  105.15721	  106.04702
 7091	 -5.32086	  83.92037	  105.15721	  106.04702
 7084	 -4.85972	  80.79372	  105.23238	  106.12175
 7092	 -5.88445	  84.0085	  105.202	  106.09155
 7091	 -5.32086	  83.92037	  105.15721	  106.04702
 7092	 -5.88445	  84.0085	  105.202	  106.09155
 7099	 -7.50636	  91.52673	  105.36392	  106.25253
 7099	 -7.50636	  91.52673	  105.36392	  106.25253
 7092	 -5.88445	  84.0085	  105.202	  106.09155
 7100	 -7.89235	  91.25929	  105.36458	  106.25319
 7099	 -7.50636	  91.52673	  105.36392	  106.25253
 7100	 -7.89235	  91.25929	  105.36458	  106.25319
 7107	 -10.30905	  96.89868	  105.41217	  106.30051
 7107	 -10.30905	  96.89868	  105.41217	  106.30051
 7100	 -7.89235	  91.25929	  105.36458	  106.25319
 7108	 -10.67855	  96.68045	  105.39107	  106.27953
 7029	  4.22642	  46.25739	  106.26323	  107.14667
 7030	  2.96249	  51.37144	  106.44536	  107.32774
 7031	  5.24326	  47.11411	  106.2198	  107.10349
 7031	  5.24326	  47.11411	  106.2198	  107.10349
 7030	  2.96249	  51.37144	  106.44536	  107.32774
 7032	  3.95479	  52.01627	  106.47933	  107.36152
 7025	  5.24326	  47.11411	  106.2198	  107.10349
 7026	  3.95479	  52.01627	  106.47933	  107.36152
 7027	  4.90232	  47.59435	  105.74918	  106.63557
 7027	  4.90232	  47.59435	  105.74918	  106.63557
 7026	  3.95479	  52.01627	  106.47933	  107.36152
 7028	  3.6548	  52.64664	  106.03415	  106.91891
 7026	  3.95479	  52.01627	  106.47933	  107.36152
 7037	  2.60499	  58.0626	  106.38976	  107.27246
 7028	  3.6548	  52.64664	  106.03415	  106.91891
 7028	  3.6548	  52.64664	  106.03415	  106.91891
 7037	  2.60499	  58.0626	  106.38976	  107.27246
 7038	  2.51627	  58.99471	  106.00495	  106.88988
 7037	  2.60499	  58.0626	  106.38976	  107.27246
 7047	  0.53288	  65.46262	  105.80131	  106.6874
 7038	  2.51627	  58.99471	  106.00495	  106.88988
 7038	  2.51627	  58.99471	  106.00495	  106.88988
 7047	  0.53288	  65.46262	  105.80131	  106.6874
 7048	  0.76018	  65.73623	  105.51958	  106.4073
 7063	 -0.77285	  69.81353	  105.0995	  105.98964
 7064	 -2.06087	  73.70483	  105.1118	  106.00186
 7065	 -1.32255	  69.58647	  104.8745	  105.76593
 7065	 -1.32255	  69.58647	  104.8745	  105.76593
 7064	 -2.06087	  73.70483	  105.1118	  106.00186
 7066	 -2.4093	  73.2928	  104.89087	  105.78221
 7066	 -2.4093	  73.2928	  104.89087	  105.78221
 7064	 -2.06087	  73.70483	  105.1118	  106.00186
 7073	 -3.61626	  76.97397	  104.89611	  105.78741
 7073	 -3.61626	  76.97397	  104.89611	  105.78741
 7064	 -2.06087	  73.70483	  105.1118	  106.00186
 7074	 -3.326	  77.23262	  105.10838	  105.99847
 7073	 -3.61626	  76.97397	  104.89611	  105.78741
 7074	 -3.326	  77.23262	  105.10838	  105.99847
 7081	 -4.4612	  80.46083	  104.95047	  105.84146
 7081	 -4.4612	  80.46083	  104.95047	  105.84146
 7074	 -3.326	  77.23262	  105.10838	  105.99847
 7082	 -4.27257	  80.68918	  105.15665	  106.04646
 7081	 -4.4612	  80.46083	  104.95047	  105.84146
 7082	 -4.27257	  80.68918	  105.15665	  106.04646
 7089	 -5.42493	  83.73357	  104.95663	  105.8476
 7089	 -5.42493	  83.73357	  104.95663	  105.8476
 7082	 -4.27257	  80.68918	  105.15665	  106.04646
 7090	 -5.32086	  83.92037	  105.15721	  106.04702
 7089	 -5.42493	  83.73357	  104.95663	  105.8476
 7090	 -5.32086	  83.92037	  105.15721	  106.04702
 7097	 -7.51734	  91.32597	  105.16943	  106.05917
 7097	 -7.51734	  91.32597	  105.16943	  106.05917
 7090	 -5.32086	  83.92037	  105.15721	  106.04702
 7098	 -7.50636	  91.52673	  105.36392	  106.25253
 7097	 -7.51734	  91.32597	  105.16943	  106.05917
 7098	 -7.50636	  91.52673	  105.36392	  106.25253
 7105	 -10.20838	  96.64317	  105.23814	  106.12747
 7105	 -10.20838	  96.64317	  105.23814	  106.12747
 7098	 -7.50636	  91.52673	  105.36392	  106.25253
 7106	 -10.30905	  96.89868	  105.41217	  106.30051
 7106	 -10.30905	  96.89868	  105.41217	  106.30051
 7116	 -14.63163	  102.97758	  105.12868	  106.01865
 7105	 -10.20838	  96.64317	  105.23814	  106.12747
 7115	 -14.71825	  103.01143	  105.25517	  106.14441
 7116	 -14.63163	  102.97758	  105.12868	  106.01865
 7106	 -10.30905	  96.89868	  105.41217	  106.30051
 7017	  4.22642	  46.25739	  106.26323	  107.14667
 7018	  3.89111	  46.75231	  105.79779	  106.68391
 7019	  2.96249	  51.37144	  106.44536	  107.32774
 7019	  2.96249	  51.37144	  106.44536	  107.32774
 7018	  3.89111	  46.75231	  105.79779	  106.68391
 7020	  2.673	  52.01976	  106.00702	  106.89194
 7019	  2.96249	  51.37144	  106.44536	  107.32774
 7020	  2.673	  52.01976	  106.00702	  106.89194
 7033	  1.65759	  57.4784	  106.24976	  107.13327
 7033	  1.65759	  57.4784	  106.24976	  107.13327
 7020	  2.673	  52.01976	  106.00702	  106.89194
 7034	  1.57665	  58.43491	  105.87125	  106.75694
 7033	  1.65759	  57.4784	  106.24976	  107.13327
 7034	  1.57665	  58.43491	  105.87125	  106.75694
 7043	 -0.21656	  65.3984	  105.55489	  106.4424
 7043	 -0.21656	  65.3984	  105.55489	  106.4424
 7034	  1.57665	  58.43491	  105.87125	  106.75694
 7044	  0.01646	  65.70569	  105.27907	  106.16817
 6997	 -5.11623	  84.47177	  106.93198	  107.81155
 6998	 -5.42271	  86.382	  106.91036	  107.79007
 6999	 -5.34907	  84.50551	  106.84251	  107.72261
 6999	 -5.34907	  84.50551	  106.84251	  107.72261
 6998	 -5.42271	  86.382	  106.91036	  107.79007
 7000	 -5.57339	  86.38747	  106.82617	  107.70636
 6998	 -5.42271	  86.382	  106.91036	  107.79007
 7007	 -6.6523	  91.05995	  106.75024	  107.63087
 7000	 -5.57339	  86.38747	  106.82617	  107.70636
 7000	 -5.57339	  86.38747	  106.82617	  107.70636
 7007	 -6.6523	  91.05995	  106.75024	  107.63087
 7008	 -6.73425	  91.01572	  106.6804	  107.56143
 7008	 -6.73425	  91.01572	  106.6804	  107.56143
 7007	 -6.6523	  91.05995	  106.75024	  107.63087
 7014	 -8.38473	  95.19855	  106.81903	  107.69926
 6982	 -3.77013	  80.1275	  106.92168	  107.80132
 6983	 -4.04652	  80.24168	  107.01293	  107.89204
 6984	 -4.43647	  82.35916	  106.94542	  107.82492
 6984	 -4.43647	  82.35916	  106.94542	  107.82492
 6983	 -4.04652	  80.24168	  107.01293	  107.89204
 6985	 -4.75388	  82.54578	  107.01257	  107.89169
 6984	 -4.43647	  82.35916	  106.94542	  107.82492
 6985	 -4.75388	  82.54578	  107.01257	  107.89169
 6991	 -5.11623	  84.47177	  106.93198	  107.81155
 6991	 -5.11623	  84.47177	  106.93198	  107.81155
 6985	 -4.75388	  82.54578	  107.01257	  107.89169
 6992	 -5.46299	  84.73503	  106.98053	  107.85983
 6991	 -5.11623	  84.47177	  106.93198	  107.81155
 6992	 -5.46299	  84.73503	  106.98053	  107.85983
 7001	 -5.42271	  86.382	  106.91036	  107.79007
 7001	 -5.42271	  86.382	  106.91036	  107.79007
 6992	 -5.46299	  84.73503	  106.98053	  107.85983
 7002	 -5.78156	  86.78398	  106.94403	  107.82354
 7001	 -5.42271	  86.382	  106.91036	  107.79007
 7002	 -5.78156	  86.78398	  106.94403	  107.82354
 7009	 -6.6523	  91.05995	  106.75024	  107.63087
 7009	 -6.6523	  91.05995	  106.75024	  107.63087
 7002	 -5.78156	  86.78398	  106.94403	  107.82354
 7010	 -6.93681	  91.31386	  106.76969	  107.65021
 7009	 -6.6523	  91.05995	  106.75024	  107.63087
 7010	 -6.93681	  91.31386	  106.76969	  107.65021
 7015	 -8.38473	  95.19855	  106.81903	  107.69926
 1482	  2.42502	  59.20007	  92.8894	  93.84988
 1481	  2.66088	  59.64006	  92.65401	  93.61586
 1491	  1.69285	  62.21807	  92.80672	  93.76768
 1472	  2.75656	  56.34715	  92.98465	  93.94459
 1481	  2.66088	  59.64006	  92.65401	  93.61586
 1482	  2.42502	  59.20007	  92.8894	  93.84988
 1473	  3.44203	  56.01809	  92.8441	  93.80485
 1481	  2.66088	  59.64006	  92.65401	  93.61586
 1472	  2.75656	  56.34715	  92.98465	  93.94459
 1472	  2.75656	  56.34715	  92.98465	  93.94459
 1463	  4.36227	  50.09674	  93.10691	  94.06615
 1473	  3.44203	  56.01809	  92.8441	  93.80485
 1462	  3.83765	  46.62209	  93.48009	  94.43718
 1463	  4.36227	  50.09674	  93.10691	  94.06615
 1472	  2.75656	  56.34715	  92.98465	  93.94459
 1462	  3.83765	  46.62209	  93.48009	  94.43718
 1461	  4.77953	  44.42735	  92.77605	  93.73718
 1463	  4.36227	  50.09674	  93.10691	  94.06615
 1460	  4.25938	  43.92034	  93.18655	  94.14532
 1461	  4.77953	  44.42735	  92.77605	  93.73718
 1462	  3.83765	  46.62209	  93.48009	  94.43718
 1461	  4.77953	  44.42735	  92.77605	  93.73718
 1464	  5.51865	  45.06211	  93.03003	  93.98971
 1463	  4.36227	  50.09674	  93.10691	  94.06615
 1463	  4.36227	  50.09674	  93.10691	  94.06615
 1464	  5.51865	  45.06211	  93.03003	  93.98971
 1465	  4.80878	  50.7501	  93.28291	  94.24113
 1558	 -2.69415	  84.64174	  91.25824	  92.22813
 1557	 -2.44648	  84.36241	  91.30657	  92.27618
 1565	 -3.83395	  88.69958	  91.05318	  92.02425
 1550	 -2.24236	  80.08018	  91.61847	  92.58628
 1557	 -2.44648	  84.36241	  91.30657	  92.27618
 1558	 -2.69415	  84.64174	  91.25824	  92.22813
 1549	 -1.91828	  79.6484	  91.6703	  92.6378
 1557	 -2.44648	  84.36241	  91.30657	  92.27618
 1550	 -2.24236	  80.08018	  91.61847	  92.58628
 1542	 -2.16987	  78.04248	  91.68903	  92.65643
 1549	 -1.91828	  79.6484	  91.6703	  92.6378
 1550	 -2.24236	  80.08018	  91.61847	  92.58628
 1541	 -1.83043	  77.75058	  91.72691	  92.6941
 1549	 -1.91828	  79.6484	  91.6703	  92.6378
 1542	 -2.16987	  78.04248	  91.68903	  92.65643
 1533	 -1.78782	  75.80072	  91.8483	  92.81478
 1541	 -1.83043	  77.75058	  91.72691	  92.6941
 1542	 -2.16987	  78.04248	  91.68903	  92.65643
 1532	 -1.43264	  75.5759	  91.86874	  92.83511
 1541	 -1.83043	  77.75058	  91.72691	  92.6941
 1533	 -1.78782	  75.80072	  91.8483	  92.81478
 1525	 -1.33363	  73.35251	  91.99515	  92.96078
 1532	 -1.43264	  75.5759	  91.86874	  92.83511
 1533	 -1.78782	  75.80072	  91.8483	  92.81478
 1524	 -0.97762	  73.22922	  91.98563	  92.95132
 1532	 -1.43264	  75.5759	  91.86874	  92.83511
 1525	 -1.33363	  73.35251	  91.99515	  92.96078
 1516	 -0.61613	  70.64217	  92.30927	  93.2731
 1524	 -0.97762	  73.22922	  91.98563	  92.95132
 1525	 -1.33363	  73.35251	  91.99515	  92.96078
 1515	 -0.06255	  70.68066	  92.40946	  93.37271
 1524	 -0.97762	  73.22922	  91.98563	  92.95132
 1516	 -0.61613	  70.64217	  92.30927	  93.2731
 1507	  0.19407	  67.86286	  92.52846	  93.49103
 1515	 -0.06255	  70.68066	  92.40946	  93.37271
 1516	 -0.61613	  70.64217	  92.30927	  93.2731
 1508	  0.4854	  67.98282	  92.42589	  93.38905
 1515	 -0.06255	  70.68066	  92.40946	  93.37271
 1507	  0.19407	  67.86286	  92.52846	  93.49103
 1507	  0.19407	  67.86286	  92.52846	  93.49103
 1500	  1.29982	  65.38271	  92.5942	  93.55639
 1508	  0.4854	  67.98282	  92.42589	  93.38905
 1499	  1.0527	  65.1118	  92.74278	  93.70412
 1500	  1.29982	  65.38271	  92.5942	  93.55639
 1507	  0.19407	  67.86286	  92.52846	  93.49103
 1499	  1.0527	  65.1118	  92.74278	  93.70412
 1492	  1.89988	  62.61545	  92.61862	  93.58067
 1500	  1.29982	  65.38271	  92.5942	  93.55639
 1491	  1.69285	  62.21807	  92.80672	  93.76768
 1492	  1.89988	  62.61545	  92.61862	  93.58067
 1499	  1.0527	  65.1118	  92.74278	  93.70412
 1491	  1.69285	  62.21807	  92.80672	  93.76768
 1481	  2.66088	  59.64006	  92.65401	  93.61586
 1492	  1.89988	  62.61545	  92.61862	  93.58067
 1130	 -96.29761	  60.49855	  106.8715	  107.75142
 1131	 -94.92344	  66.37392	  107.27046	  108.14809
 1132	 -97.22775	  61.2633	  106.77483	  107.6553
 1132	 -97.22775	  61.2633	  106.77483	  107.6553
 1131	 -94.92344	  66.37392	  107.27046	  108.14809
 1133	 -95.75476	  67.103	  107.07251	  107.95128
 1133	 -95.75476	  67.103	  107.07251	  107.95128
 1131	 -94.92344	  66.37392	  107.27046	  108.14809
 1140	 -93.79871	  74.06753	  107.93636	  108.81015
 1140	 -93.79871	  74.06753	  107.93636	  108.81015
 1131	 -94.92344	  66.37392	  107.27046	  108.14809
 1141	 -93.20075	  73.84872	  108.2326	  109.10469
 1140	 -93.79871	  74.06753	  107.93636	  108.81015
 1141	 -93.20075	  73.84872	  108.2326	  109.10469
 1154	 -92.3582	  77.72346	  108.6144	  109.48428
 1154	 -92.3582	  77.72346	  108.6144	  109.48428
 1141	 -93.20075	  73.84872	  108.2326	  109.10469
 1155	 -91.94497	  77.36501	  108.8784	  109.74677
 1154	 -92.3582	  77.72346	  108.6144	  109.48428
 1155	 -91.94497	  77.36501	  108.8784	  109.74677
 1162	 -90.88173	  81.49809	  108.83527	  109.70387
 1162	 -90.88173	  81.49809	  108.83527	  109.70387
 1155	 -91.94497	  77.36501	  108.8784	  109.74677
 1163	 -90.67052	  80.98157	  109.07024	  109.9375
 1162	 -90.88173	  81.49809	  108.83527	  109.70387
 1163	 -90.67052	  80.98157	  109.07024	  109.9375
 1170	 -89.47645	  84.95529	  109.04039	  109.90782
 1170	 -89.47645	  84.95529	  109.04039	  109.90782
 1163	 -90.67052	  80.98157	  109.07024	  109.9375
 1171	 -89.32458	  84.59569	  109.267	  110.13313
 1171	 -89.32458	  84.59569	  109.267	  110.13313
 1178	 -88.26714	  88.23846	  109.38718	  110.25261
 1170	 -89.47645	  84.95529	  109.04039	  109.90782
 1170	 -89.47645	  84.95529	  109.04039	  109.90782
 1178	 -88.26714	  88.23846	  109.38718	  110.25261
 1179	 -88.32188	  88.5537	  109.17406	  110.04073
 1178	 -88.26714	  88.23846	  109.38718	  110.25261
 1186	 -87.25237	  91.36388	  109.5413	  110.40584
 1179	 -88.32188	  88.5537	  109.17406	  110.04073
 1179	 -88.32188	  88.5537	  109.17406	  110.04073
 1186	 -87.25237	  91.36388	  109.5413	  110.40584
 1187	 -87.22929	  91.62846	  109.33871	  110.20442
 1186	 -87.25237	  91.36388	  109.5413	  110.40584
 1194	 -85.03825	  98.40767	  109.64853	  110.51245
 1187	 -87.22929	  91.62846	  109.33871	  110.20442
 1187	 -87.22929	  91.62846	  109.33871	  110.20442
 1194	 -85.03825	  98.40767	  109.64853	  110.51245
 1195	 -84.9373	  98.66299	  109.4614	  110.3264
 1194	 -85.03825	  98.40767	  109.64853	  110.51245
 1203	 -82.22032	  103.45612	  109.90089	  110.76337
 1195	 -84.9373	  98.66299	  109.4614	  110.3264
 1195	 -84.9373	  98.66299	  109.4614	  110.3264
 1203	 -82.22032	  103.45612	  109.90089	  110.76337
 1202	 -82.01876	  103.74901	  109.74313	  110.60652
 1200	 -85.30604	  98.97308	  109.43764	  110.30278
 1195	 -84.9373	  98.66299	  109.4614	  110.3264
 1201	 -82.36131	  104.0144	  109.69849	  110.56213
 1201	 -82.36131	  104.0144	  109.69849	  110.56213
 1195	 -84.9373	  98.66299	  109.4614	  110.3264
 1202	 -82.01876	  103.74901	  109.74313	  110.60652
 1202	 -82.01876	  103.74901	  109.74313	  110.60652
 1206	 -77.93191	  109.55203	  110.29456	  111.15477
 1201	 -82.36131	  104.0144	  109.69849	  110.56213
 1203	 -82.22032	  103.45612	  109.90089	  110.76337
 1204	 -77.97811	  109.08421	  110.46794	  111.32715
 1202	 -82.01876	  103.74901	  109.74313	  110.60652
 1202	 -82.01876	  103.74901	  109.74313	  110.60652
 1204	 -77.97811	  109.08421	  110.46794	  111.32715
 1205	 -77.82329	  109.14545	  110.35223	  111.2121
 1205	 -77.82329	  109.14545	  110.35223	  111.2121
 1206	 -77.93191	  109.55203	  110.29456	  111.15477
 1202	 -82.01876	  103.74901	  109.74313	  110.60652
 1205	 -77.82329	  109.14545	  110.35223	  111.2121
 1216	 -74.20557	  111.92886	  110.87503	  111.73189
 1206	 -77.93191	  109.55203	  110.29456	  111.15477
 1206	 -77.93191	  109.55203	  110.29456	  111.15477
 1216	 -74.20557	  111.92886	  110.87503	  111.73189
 1217	 -73.98971	  112.49564	  110.8735	  111.73038
 1217	 -73.98971	  112.49564	  110.8735	  111.73038
 1216	 -74.20557	  111.92886	  110.87503	  111.73189
 1224	 -71.26602	  115.41502	  111.1703	  112.02547
 6971	 -3.77013	  80.1275	  106.92168	  107.80132
 6981	 -4.43647	  82.35916	  106.94542	  107.82492
 6977	 -4.1067	  80.09061	  106.83086	  107.71102
 7006	 -7.01716	  91.26808	  106.70055	  107.58147
 7005	 -6.73425	  91.01572	  106.6804	  107.56143
 7013	 -8.38473	  95.19855	  106.81903	  107.69926
 6996	 -5.92751	  86.78485	  106.86186	  107.74185
 7005	 -6.73425	  91.01572	  106.6804	  107.56143
 7006	 -7.01716	  91.26808	  106.70055	  107.58147
 6995	 -5.57339	  86.38747	  106.82617	  107.70636
 7005	 -6.73425	  91.01572	  106.6804	  107.56143
 6996	 -5.92751	  86.78485	  106.86186	  107.74185
 6989	 -5.68821	  84.76297	  106.8922	  107.772
 6995	 -5.57339	  86.38747	  106.82617	  107.70636
 6996	 -5.92751	  86.78485	  106.86186	  107.74185
 6988	 -5.34907	  84.50551	  106.84251	  107.72261
 6995	 -5.57339	  86.38747	  106.82617	  107.70636
 6989	 -5.68821	  84.76297	  106.8922	  107.772
 6980	 -5.05473	  82.57278	  106.92041	  107.80006
 6988	 -5.34907	  84.50551	  106.84251	  107.72261
 6989	 -5.68821	  84.76297	  106.8922	  107.772
 6978	 -4.73339	  82.38232	  106.85356	  107.7336
 6988	 -5.34907	  84.50551	  106.84251	  107.72261
 6980	 -5.05473	  82.57278	  106.92041	  107.80006
 6978	 -4.73339	  82.38232	  106.85356	  107.7336
 6990	 -5.11623	  84.47177	  106.93198	  107.81155
 6988	 -5.34907	  84.50551	  106.84251	  107.72261
 6981	 -4.43647	  82.35916	  106.94542	  107.82492
 6990	 -5.11623	  84.47177	  106.93198	  107.81155
 6978	 -4.73339	  82.38232	  106.85356	  107.7336
 6977	 -4.1067	  80.09061	  106.83086	  107.71102
 6981	 -4.43647	  82.35916	  106.94542	  107.82492
 6978	 -4.73339	  82.38232	  106.85356	  107.7336
 6977	 -4.1067	  80.09061	  106.83086	  107.71102
 6978	 -4.73339	  82.38232	  106.85356	  107.7336
 6979	 -4.37713	  80.18211	  106.92122	  107.80087
 6979	 -4.37713	  80.18211	  106.92122	  107.80087
 6978	 -4.73339	  82.38232	  106.85356	  107.7336
 6980	 -5.05473	  82.57278	  106.92041	  107.80006
 6951	 -2.06557	  75.02224	  106.81895	  107.69919
 6962	 -1.61179	  75.09998	  106.89902	  107.77879
 6963	 -2.61612	  77.66427	  106.94428	  107.82379
 6962	 -1.61179	  75.09998	  106.89902	  107.77879
 6964	 -2.64843	  77.64948	  106.93233	  107.8119
 6963	 -2.61612	  77.66427	  106.94428	  107.82379
 6963	 -2.61612	  77.66427	  106.94428	  107.82379
 6964	 -2.64843	  77.64948	  106.93233	  107.8119
 6972	 -4.1067	  80.09061	  106.83086	  107.71102
 6971	 -3.77013	  80.1275	  106.92168	  107.80132
 6972	 -4.1067	  80.09061	  106.83086	  107.71102
 6964	 -2.64843	  77.64948	  106.93233	  107.8119
 6900	  2.6861	  51.92638	  106.00186	  106.8868
 6901	  3.65748	  52.64804	  106.03512	  106.91986
 6902	  2.69698	  57.57512	  106.38516	  107.2679
 6902	  2.69698	  57.57512	  106.38516	  107.2679
 6901	  3.65748	  52.64804	  106.03512	  106.91986
 6903	  3.31096	  58.28236	  106.42432	  107.30682
 6903	  3.31096	  58.28236	  106.42432	  107.30682
 6914	  1.99994	  62.79809	  106.52538	  107.40729
 6902	  2.69698	  57.57512	  106.38516	  107.2679
 6902	  2.69698	  57.57512	  106.38516	  107.2679
 6914	  1.99994	  62.79809	  106.52538	  107.40729
 6915	  1.34758	  63.38115	  106.41524	  107.29779
 6914	  1.99994	  62.79809	  106.52538	  107.40729
 6922	  0.7748	  67.27284	  106.49115	  107.37327
 6915	  1.34758	  63.38115	  106.41524	  107.29779
 6915	  1.34758	  63.38115	  106.41524	  107.29779
 6922	  0.7748	  67.27284	  106.49115	  107.37327
 6923	  0.30243	  66.91032	  106.46081	  107.34309
 6922	  0.7748	  67.27284	  106.49115	  107.37327
 6932	  0.04715	  69.97736	  106.66877	  107.54987
 6923	  0.30243	  66.91032	  106.46081	  107.34309
 6923	  0.30243	  66.91032	  106.46081	  107.34309
 6932	  0.04715	  69.97736	  106.66877	  107.54987
 6933	 -0.45648	  69.80848	  106.62154	  107.50291
 6932	  0.04715	  69.97736	  106.66877	  107.54987
 6942	 -0.55785	  72.54211	  106.81407	  107.69433
 6933	 -0.45648	  69.80848	  106.62154	  107.50291
 6933	 -0.45648	  69.80848	  106.62154	  107.50291
 6942	 -0.55785	  72.54211	  106.81407	  107.69433
 6943	 -1.06345	  72.51444	  106.75288	  107.63348
 6942	 -0.55785	  72.54211	  106.81407	  107.69433
 6950	 -1.61179	  75.09998	  106.89902	  107.77879
 6943	 -1.06345	  72.51444	  106.75288	  107.63348
 6943	 -1.06345	  72.51444	  106.75288	  107.63348
 6950	 -1.61179	  75.09998	  106.89902	  107.77879
 6951	 -2.06557	  75.02224	  106.81895	  107.69919
 6134	  97.49602	  102.08067	  70.41106	  71.50106
 6135	  97.93166	  102.83339	  70.57984	  71.66887
 6136	  98.25816	  102.31232	  70.93155	  72.01855
 6149	  96.53812	  101.75198	  70.02441	  71.11665
 6135	  97.93166	  102.83339	  70.57984	  71.66887
 6134	  97.49602	  102.08067	  70.41106	  71.50106
 6152	  96.5825	  102.03981	  69.95783	  71.05045
 6135	  97.93166	  102.83339	  70.57984	  71.66887
 6149	  96.53812	  101.75198	  70.02441	  71.11665
 6152	  96.5825	  102.03981	  69.95783	  71.05045
 6149	  96.53812	  101.75198	  70.02441	  71.11665
 6151	  95.56459	  100.25433	  69.51768	  70.61282
 6148	  95.65349	  99.91469	  69.56284	  70.65771
 6151	  95.56459	  100.25433	  69.51768	  70.61282
 6149	  96.53812	  101.75198	  70.02441	  71.11665
 6148	  95.65349	  99.91469	  69.56284	  70.65771
 6149	  96.53812	  101.75198	  70.02441	  71.11665
 6150	  95.7123	  99.7011	  69.50581	  70.60103
 6150	  95.7123	  99.7011	  69.50581	  70.60103
 6149	  96.53812	  101.75198	  70.02441	  71.11665
 6138	  97.17427	  101.52301	  70.15851	  71.24996
 6149	  96.53812	  101.75198	  70.02441	  71.11665
 6134	  97.49602	  102.08067	  70.41106	  71.50106
 6138	  97.17427	  101.52301	  70.15851	  71.24996
 6138	  97.17427	  101.52301	  70.15851	  71.24996
 6134	  97.49602	  102.08067	  70.41106	  71.50106
 6139	  98.49333	  101.96646	  70.88253	  71.96982
 6139	  98.49333	  101.96646	  70.88253	  71.96982
 6134	  97.49602	  102.08067	  70.41106	  71.50106
 6136	  98.25816	  102.31232	  70.93155	  72.01855
 6139	  98.49333	  101.96646	  70.88253	  71.96982
 6136	  98.25816	  102.31232	  70.93155	  72.01855
 6169	  99.08632	  101.68132	  71.62477	  72.70778
 6169	  99.08632	  101.68132	  71.62477	  72.70778
 6136	  98.25816	  102.31232	  70.93155	  72.01855
 6167	  98.79694	  102.03308	  71.6912	  72.77383
 6136	  98.25816	  102.31232	  70.93155	  72.01855
 6137	  98.50723	  102.92526	  71.08703	  72.17313
 6167	  98.79694	  102.03308	  71.6912	  72.77383
 6167	  98.79694	  102.03308	  71.6912	  72.77383
 6137	  98.50723	  102.92526	  71.08703	  72.17313
 6168	  99.05971	  102.73164	  71.68079	  72.76347
 6136	  98.25816	  102.31232	  70.93155	  72.01855
 6135	  97.93166	  102.83339	  70.57984	  71.66887
 6137	  98.50723	  102.92526	  71.08703	  72.17313
 2708	  24.5552	  74.34046	  65.74683	  66.86371
 2705	  24.38924	  74.27072	  65.87691	  66.99303
 2712	  23.88123	  77.52046	  65.72107	  66.83809
 2708	  24.5552	  74.34046	  65.74683	  66.86371
 2707	  25.61592	  71.019	  65.67486	  66.79214
 2705	  24.38924	  74.27072	  65.87691	  66.99303
 2706	  26.67027	  68.0587	  65.56394	  66.68187
 2705	  24.38924	  74.27072	  65.87691	  66.99303
 2707	  25.61592	  71.019	  65.67486	  66.79214
 2686	  28.06057	  63.61314	  65.47182	  66.59027
 2705	  24.38924	  74.27072	  65.87691	  66.99303
 2706	  26.67027	  68.0587	  65.56394	  66.68187
 2679	  28.12012	  62.7564	  65.54768	  66.6657
 2705	  24.38924	  74.27072	  65.87691	  66.99303
 2686	  28.06057	  63.61314	  65.47182	  66.59027
 2686	  28.06057	  63.61314	  65.47182	  66.59027
 2657	  30.77576	  53.90241	  65.05159	  66.17247
 2679	  28.12012	  62.7564	  65.54768	  66.6657
 2679	  28.12012	  62.7564	  65.54768	  66.6657
 2657	  30.77576	  53.90241	  65.05159	  66.17247
 2671	  30.92045	  52.92282	  65.13485	  66.25525
 2679	  28.12012	  62.7564	  65.54768	  66.6657
 2671	  30.92045	  52.92282	  65.13485	  66.25525
 2670	  30.32109	  52.99285	  65.20506	  66.32504
 2671	  30.92045	  52.92282	  65.13485	  66.25525
 2658	  31.45258	  46.38895	  64.71564	  65.83845
 2670	  30.32109	  52.99285	  65.20506	  66.32504
 2670	  30.32109	  52.99285	  65.20506	  66.32504
 2658	  31.45258	  46.38895	  64.71564	  65.83845
 2661	  30.91614	  45.72318	  64.74485	  65.86749
 2661	  30.91614	  45.72318	  64.74485	  65.86749
 2658	  31.45258	  46.38895	  64.71564	  65.83845
 2633	  31.72023	  40.42271	  64.59354	  65.71706
 2633	  31.72023	  40.42271	  64.59354	  65.71706
 2652	  30.70608	  45.33947	  64.63786	  65.76112
 2661	  30.91614	  45.72318	  64.74485	  65.86749
 2633	  31.72023	  40.42271	  64.59354	  65.71706
 2638	  32.09811	  36.09108	  64.56301	  65.68671
 2652	  30.70608	  45.33947	  64.63786	  65.76112
 2633	  31.72023	  40.42271	  64.59354	  65.71706
 2632	  33.70538	  29.52949	  64.86192	  65.98389
 2638	  32.09811	  36.09108	  64.56301	  65.68671
 2633	  31.72023	  40.42271	  64.59354	  65.71706
 2631	  32.37359	  39.64241	  64.58612	  65.70968
 2632	  33.70538	  29.52949	  64.86192	  65.98389
 2632	  33.70538	  29.52949	  64.86192	  65.98389
 2631	  32.37359	  39.64241	  64.58612	  65.70968
 2630	  34.51708	  30.01861	  64.86399	  65.98595
 2629	  34.83989	  30.22324	  64.67347	  65.79652
 2630	  34.51708	  30.01861	  64.86399	  65.98595
 2631	  32.37359	  39.64241	  64.58612	  65.70968
 2629	  34.83989	  30.22324	  64.67347	  65.79652
 2631	  32.37359	  39.64241	  64.58612	  65.70968
 2650	  32.28971	  41.68738	  64.40023	  65.52486
 2657	  30.77576	  53.90241	  65.05159	  66.17247
 2650	  32.28971	  41.68738	  64.40023	  65.52486
 2658	  31.45258	  46.38895	  64.71564	  65.83845
 2650	  32.28971	  41.68738	  64.40023	  65.52486
 2631	  32.37359	  39.64241	  64.58612	  65.70968
 2658	  31.45258	  46.38895	  64.71564	  65.83845
 2633	  31.72023	  40.42271	  64.59354	  65.71706
 2658	  31.45258	  46.38895	  64.71564	  65.83845
 2631	  32.37359	  39.64241	  64.58612	  65.70968
 2754	  22.77935	  88.95033	  65.27415	  66.39375
 2753	  22.50768	  89.03391	  65.32626	  66.44556
 2785	  22.86301	  92.29893	  65.00925	  66.13037
 2754	  22.77935	  88.95033	  65.27415	  66.39375
 2755	  23.01113	  84.95232	  65.47605	  66.59448
 2753	  22.50768	  89.03391	  65.32626	  66.44556
 2753	  22.50768	  89.03391	  65.32626	  66.44556
 2755	  23.01113	  84.95232	  65.47605	  66.59448
 2718	  22.89744	  83.9501	  65.60349	  66.72119
 2718	  22.89744	  83.9501	  65.60349	  66.72119
 2719	  22.64654	  82.75523	  65.57592	  66.69377
 2753	  22.50768	  89.03391	  65.32626	  66.44556
 2718	  22.89744	  83.9501	  65.60349	  66.72119
 2717	  23.28477	  77.23653	  65.78609	  66.90273
 2719	  22.64654	  82.75523	  65.57592	  66.69377
 2705	  24.38924	  74.27072	  65.87691	  66.99303
 2717	  23.28477	  77.23653	  65.78609	  66.90273
 2718	  22.89744	  83.9501	  65.60349	  66.72119
 2705	  24.38924	  74.27072	  65.87691	  66.99303
 2697	  23.96915	  73.97478	  65.83208	  66.94846
 2717	  23.28477	  77.23653	  65.78609	  66.90273
 2679	  28.12012	  62.7564	  65.54768	  66.6657
 2697	  23.96915	  73.97478	  65.83208	  66.94846
 2705	  24.38924	  74.27072	  65.87691	  66.99303
 2688	  27.88321	  62.47028	  65.55318	  66.67117
 2697	  23.96915	  73.97478	  65.83208	  66.94846
 2679	  28.12012	  62.7564	  65.54768	  66.6657
 2679	  28.12012	  62.7564	  65.54768	  66.6657
 2670	  30.32109	  52.99285	  65.20506	  66.32504
 2688	  27.88321	  62.47028	  65.55318	  66.67117
 2688	  27.88321	  62.47028	  65.55318	  66.67117
 2670	  30.32109	  52.99285	  65.20506	  66.32504
 2689	  28.30251	  60.16319	  65.40945	  66.52827
 2697	  23.96915	  73.97478	  65.83208	  66.94846
 2688	  27.88321	  62.47028	  65.55318	  66.67117
 2689	  28.30251	  60.16319	  65.40945	  66.52827
 2756	  23.42339	  80.93305	  65.62251	  66.74009
 2718	  22.89744	  83.9501	  65.60349	  66.72119
 2755	  23.01113	  84.95232	  65.47605	  66.59448
 2783	  22.98837	  95.22307	  64.73506	  65.85776
 2784	  22.86301	  92.29893	  65.00925	  66.13037
 2741	  22.88177	  97.94754	  64.50529	  65.62932
 2741	  22.88177	  97.94754	  64.50529	  65.62932
 2784	  22.86301	  92.29893	  65.00925	  66.13037
 2753	  22.50768	  89.03391	  65.32626	  66.44556
 2741	  22.88177	  97.94754	  64.50529	  65.62932
 2753	  22.50768	  89.03391	  65.32626	  66.44556
 2739	  22.62318	  96.90472	  64.61115	  65.73457
 2738	  22.65923	  100.57228	  64.29772	  65.42294
 2741	  22.88177	  97.94754	  64.50529	  65.62932
 2739	  22.62318	  96.90472	  64.61115	  65.73457
 2738	  22.65923	  100.57228	  64.29772	  65.42294
 2739	  22.62318	  96.90472	  64.61115	  65.73457
 2740	  22.41138	  100.68948	  64.27509	  65.40044
 6958	 -2.06557	  75.02224	  106.81895	  107.69919
 6959	 -2.61612	  77.66427	  106.94428	  107.82379
 6960	 -2.12713	  74.8844	  106.96707	  107.84644
 6960	 -2.12713	  74.8844	  106.96707	  107.84644
 6959	 -2.61612	  77.66427	  106.94428	  107.82379
 6961	 -3.21368	  77.56732	  106.99264	  107.87187
 6959	 -2.61612	  77.66427	  106.94428	  107.82379
 6969	 -4.1067	  80.09061	  106.83086	  107.71102
 6961	 -3.21368	  77.56732	  106.99264	  107.87187
 6961	 -3.21368	  77.56732	  106.99264	  107.87187
 6969	 -4.1067	  80.09061	  106.83086	  107.71102
 6970	 -4.37713	  80.18211	  106.92122	  107.80087
 360	 -153.05264	  79.56276	  90.75617	  91.72895
 361	 -152.84698	  79.83152	  90.64661	  91.62001
 362	 -153.37067	  81.60681	  90.4832	  91.45755
 362	 -153.37067	  81.60681	  90.4832	  91.45755
 361	 -152.84698	  79.83152	  90.64661	  91.62001
 363	 -153.2305	  81.9008	  90.3763	  91.35126
 362	 -153.37067	  81.60681	  90.4832	  91.45755
 363	 -153.2305	  81.9008	  90.3763	  91.35126
 370	 -153.54031	  83.77054	  90.20047	  91.17645
 370	 -153.54031	  83.77054	  90.20047	  91.17645
 363	 -153.2305	  81.9008	  90.3763	  91.35126
 371	 -153.38882	  84.0358	  90.10837	  91.08488
 370	 -153.54031	  83.77054	  90.20047	  91.17645
 371	 -153.38882	  84.0358	  90.10837	  91.08488
 378	 -154.08932	  85.37506	  90.06927	  91.04601
 378	 -154.08932	  85.37506	  90.06927	  91.04601
 371	 -153.38882	  84.0358	  90.10837	  91.08488
 379	 -153.93582	  85.65237	  89.99038	  90.96757
 378	 -154.08932	  85.37506	  90.06927	  91.04601
 379	 -153.93582	  85.65237	  89.99038	  90.96757
 386	 -154.66699	  86.50491	  89.92542	  90.90298
 386	 -154.66699	  86.50491	  89.92542	  90.90298
 379	 -153.93582	  85.65237	  89.99038	  90.96757
 387	 -154.55476	  86.87589	  89.84898	  90.827
 386	 -154.66699	  86.50491	  89.92542	  90.90298
 387	 -154.55476	  86.87589	  89.84898	  90.827
 394	 -155.88379	  87.16625	  89.76639	  90.74487
 394	 -155.88379	  87.16625	  89.76639	  90.74487
 387	 -154.55476	  86.87589	  89.84898	  90.827
 395	 -155.81665	  87.60007	  89.68994	  90.66886
 394	 -155.88379	  87.16625	  89.76639	  90.74487
 395	 -155.81665	  87.60007	  89.68994	  90.66886
 399	 -156.5231	  88.54526	  89.56355	  90.5432
 6954	 -0.52946	  72.29593	  106.98697	  107.86623
 6955	 -1.01104	  72.23361	  106.92657	  107.80619
 6956	 -1.68426	  74.9619	  107.04594	  107.92487
 6956	 -1.68426	  74.9619	  107.04594	  107.92487
 6955	 -1.01104	  72.23361	  106.92657	  107.80619
 6957	 -2.12713	  74.8844	  106.96707	  107.84644
 6956	 -1.68426	  74.9619	  107.04594	  107.92487
 6957	 -2.12713	  74.8844	  106.96707	  107.84644
 6967	 -2.85841	  77.70601	  107.06651	  107.94531
 6967	 -2.85841	  77.70601	  107.06651	  107.94531
 6957	 -2.12713	  74.8844	  106.96707	  107.84644
 6968	 -3.21368	  77.56732	  106.99264	  107.87187
 6967	 -2.85841	  77.70601	  107.06651	  107.94531
 6968	 -3.21368	  77.56732	  106.99264	  107.87187
 6975	 -4.04652	  80.24168	  107.01293	  107.89204
 6975	 -4.04652	  80.24168	  107.01293	  107.89204
 6968	 -3.21368	  77.56732	  106.99264	  107.87187
 6976	 -4.37713	  80.18211	  106.92122	  107.80087
 6975	 -4.04652	  80.24168	  107.01293	  107.89204
 6976	 -4.37713	  80.18211	  106.92122	  107.80087
 6986	 -4.75388	  82.54578	  107.01257	  107.89169
 6986	 -4.75388	  82.54578	  107.01257	  107.89169
 6976	 -4.37713	  80.18211	  106.92122	  107.80087
 6987	 -5.05473	  82.57278	  106.92041	  107.80006
 6986	 -4.75388	  82.54578	  107.01257	  107.89169
 6987	 -5.05473	  82.57278	  106.92041	  107.80006
 6993	 -5.46299	  84.73503	  106.98053	  107.85983
 6993	 -5.46299	  84.73503	  106.98053	  107.85983
 6987	 -5.05473	  82.57278	  106.92041	  107.80006
 6994	 -5.68821	  84.76297	  106.8922	  107.772
 6993	 -5.46299	  84.73503	  106.98053	  107.85983
 6994	 -5.68821	  84.76297	  106.8922	  107.772
 7003	 -5.78156	  86.78398	  106.94403	  107.82354
 7003	 -5.78156	  86.78398	  106.94403	  107.82354
 6994	 -5.68821	  84.76297	  106.8922	  107.772
 7004	 -5.92751	  86.78485	  106.86186	  107.74185
 7003	 -5.78156	  86.78398	  106.94403	  107.82354
 7004	 -5.92751	  86.78485	  106.86186	  107.74185
 7011	 -6.93681	  91.31386	  106.76969	  107.65021
 7011	 -6.93681	  91.31386	  106.76969	  107.65021
 7004	 -5.92751	  86.78485	  106.86186	  107.74185
 7012	 -7.01716	  91.26808	  106.70055	  107.58147
 7011	 -6.93681	  91.31386	  106.76969	  107.65021
 7012	 -7.01716	  91.26808	  106.70055	  107.58147
 7016	 -8.38473	  95.19855	  106.81903	  107.69926
 348	 -152.84698	  79.83152	  90.64661	  91.62001
 349	 -152.55676	  80.03571	  90.6955	  91.66862
 350	 -153.2305	  81.9008	  90.3763	  91.35126
 350	 -153.2305	  81.9008	  90.3763	  91.35126
 349	 -152.55676	  80.03571	  90.6955	  91.66862
 351	 -153.00333	  82.38759	  90.38922	  91.36411
 350	 -153.2305	  81.9008	  90.3763	  91.35126
 351	 -153.00333	  82.38759	  90.38922	  91.36411
 364	 -153.38882	  84.0358	  90.10837	  91.08488
 364	 -153.38882	  84.0358	  90.10837	  91.08488
 351	 -153.00333	  82.38759	  90.38922	  91.36411
 365	 -153.22372	  84.47711	  90.12932	  91.10571
 364	 -153.38882	  84.0358	  90.10837	  91.08488
 365	 -153.22372	  84.47711	  90.12932	  91.10571
 372	 -153.93582	  85.65237	  89.99038	  90.96757
 372	 -153.93582	  85.65237	  89.99038	  90.96757
 365	 -153.22372	  84.47711	  90.12932	  91.10571
 373	 -153.83902	  86.09036	  90.01601	  90.99305
 372	 -153.93582	  85.65237	  89.99038	  90.96757
 373	 -153.83902	  86.09036	  90.01601	  90.99305
 380	 -154.55476	  86.87589	  89.84898	  90.827
 380	 -154.55476	  86.87589	  89.84898	  90.827
 373	 -153.83902	  86.09036	  90.01601	  90.99305
 381	 -154.54059	  87.33124	  89.87178	  90.84966
 380	 -154.55476	  86.87589	  89.84898	  90.827
 381	 -154.54059	  87.33124	  89.87178	  90.84966
 388	 -155.81665	  87.60007	  89.68994	  90.66886
 388	 -155.81665	  87.60007	  89.68994	  90.66886
 381	 -154.54059	  87.33124	  89.87178	  90.84966
 389	 -155.87646	  88.03731	  89.70626	  90.68509
 388	 -155.81665	  87.60007	  89.68994	  90.66886
 389	 -155.87646	  88.03731	  89.70626	  90.68509
 396	 -156.5231	  88.54526	  89.56355	  90.5432
 6936	  0.96184	  66.86336	  106.72536	  107.60612
 6937	  0.50888	  66.46883	  106.69998	  107.5809
 6938	  0.17348	  69.61156	  106.86263	  107.74261
 6938	  0.17348	  69.61156	  106.86263	  107.74261
 6937	  0.50888	  66.46883	  106.69998	  107.5809
 6939	 -0.30462	  69.40834	  106.81677	  107.69701
 6938	  0.17348	  69.61156	  106.86263	  107.74261
 6939	 -0.30462	  69.40834	  106.81677	  107.69701
 6946	 -0.52946	  72.29593	  106.98697	  107.86623
 6946	 -0.52946	  72.29593	  106.98697	  107.86623
 6939	 -0.30462	  69.40834	  106.81677	  107.69701
 6947	 -1.01104	  72.23361	  106.92657	  107.80619
 6926	  1.66669	  63.12841	  106.78734	  107.66774
 6927	  1.02015	  63.65877	  106.68647	  107.56746
 6928	  0.96184	  66.86336	  106.72536	  107.60612
 6928	  0.96184	  66.86336	  106.72536	  107.60612
 6927	  1.02015	  63.65877	  106.68647	  107.56746
 6929	  0.50888	  66.46883	  106.69998	  107.5809
 6908	  2.95136	  51.40641	  106.44526	  107.32764
 6909	  2.99855	  54.08914	  106.78713	  107.66754
 6910	  3.94389	  52.07469	  106.48163	  107.36381
 6910	  3.94389	  52.07469	  106.48163	  107.36381
 6909	  2.99855	  54.08914	  106.78713	  107.66754
 6911	  3.53048	  57.29306	  106.68245	  107.56346
 6909	  2.99855	  54.08914	  106.78713	  107.66754
 6918	  1.02015	  63.65877	  106.68647	  107.56746
 6911	  3.53048	  57.29306	  106.68245	  107.56346
 6911	  3.53048	  57.29306	  106.68245	  107.56346
 6918	  1.02015	  63.65877	  106.68647	  107.56746
 6919	  1.66669	  63.12841	  106.78734	  107.66774
 391	 -155.87646	  88.03731	  89.70626	  90.68509
 390	 -155.94273	  87.60358	  89.78236	  90.76076
 397	 -156.5231	  88.54526	  89.56355	  90.5432
 383	 -154.54059	  87.33124	  89.87178	  90.84966
 390	 -155.94273	  87.60358	  89.78236	  90.76076
 391	 -155.87646	  88.03731	  89.70626	  90.68509
 382	 -154.65202	  86.95992	  89.94776	  90.92519
 390	 -155.94273	  87.60358	  89.78236	  90.76076
 383	 -154.54059	  87.33124	  89.87178	  90.84966
 375	 -153.83902	  86.09036	  90.01601	  90.99305
 382	 -154.65202	  86.95992	  89.94776	  90.92519
 383	 -154.54059	  87.33124	  89.87178	  90.84966
 374	 -153.9928	  85.81366	  90.09424	  91.07083
 382	 -154.65202	  86.95992	  89.94776	  90.92519
 375	 -153.83902	  86.09036	  90.01601	  90.99305
 367	 -153.22372	  84.47711	  90.12932	  91.10571
 374	 -153.9928	  85.81366	  90.09424	  91.07083
 375	 -153.83902	  86.09036	  90.01601	  90.99305
 366	 -153.37474	  84.21346	  90.2206	  91.19646
 374	 -153.9928	  85.81366	  90.09424	  91.07083
 367	 -153.22372	  84.47711	  90.12932	  91.10571
 355	 -153.00333	  82.38759	  90.38922	  91.36411
 366	 -153.37474	  84.21346	  90.2206	  91.19646
 367	 -153.22372	  84.47711	  90.12932	  91.10571
 353	 -153.14291	  82.10052	  90.495	  91.46928
 366	 -153.37474	  84.21346	  90.2206	  91.19646
 355	 -153.00333	  82.38759	  90.38922	  91.36411
 354	 -152.55676	  80.03571	  90.6955	  91.66862
 353	 -153.14291	  82.10052	  90.495	  91.46928
 355	 -153.00333	  82.38759	  90.38922	  91.36411
 352	 -152.761	  79.77837	  90.8034	  91.7759
 353	 -153.14291	  82.10052	  90.495	  91.46928
 354	 -152.55676	  80.03571	  90.6955	  91.66862
 6904	  3.94389	  52.07469	  106.48163	  107.36381
 6905	  3.53048	  57.29306	  106.68245	  107.56346
 6906	  3.65748	  52.64804	  106.03512	  106.91986
 6906	  3.65748	  52.64804	  106.03512	  106.91986
 6905	  3.53048	  57.29306	  106.68245	  107.56346
 6907	  3.31096	  58.28236	  106.42432	  107.30682
 6905	  3.53048	  57.29306	  106.68245	  107.56346
 6916	  1.66669	  63.12841	  106.78734	  107.66774
 6907	  3.31096	  58.28236	  106.42432	  107.30682
 6907	  3.31096	  58.28236	  106.42432	  107.30682
 6916	  1.66669	  63.12841	  106.78734	  107.66774
 6917	  1.99994	  62.79809	  106.52538	  107.40729
 6916	  1.66669	  63.12841	  106.78734	  107.66774
 6924	  0.96184	  66.86336	  106.72536	  107.60612
 6917	  1.99994	  62.79809	  106.52538	  107.40729
 6917	  1.99994	  62.79809	  106.52538	  107.40729
 6924	  0.96184	  66.86336	  106.72536	  107.60612
 6925	  0.7748	  67.27284	  106.49115	  107.37327
 6924	  0.96184	  66.86336	  106.72536	  107.60612
 6934	  0.17348	  69.61156	  106.86263	  107.74261
 6925	  0.7748	  67.27284	  106.49115	  107.37327
 6925	  0.7748	  67.27284	  106.49115	  107.37327
 6934	  0.17348	  69.61156	  106.86263	  107.74261
 6935	  0.04715	  69.97736	  106.66877	  107.54987
 6934	  0.17348	  69.61156	  106.86263	  107.74261
 6944	 -0.52946	  72.29593	  106.98697	  107.86623
 6935	  0.04715	  69.97736	  106.66877	  107.54987
 6935	  0.04715	  69.97736	  106.66877	  107.54987
 6944	 -0.52946	  72.29593	  106.98697	  107.86623
 6945	 -0.55785	  72.54211	  106.81407	  107.69433
 6944	 -0.52946	  72.29593	  106.98697	  107.86623
 6952	 -1.68426	  74.9619	  107.04594	  107.92487
 6945	 -0.55785	  72.54211	  106.81407	  107.69433
 6945	 -0.55785	  72.54211	  106.81407	  107.69433
 6952	 -1.68426	  74.9619	  107.04594	  107.92487
 6953	 -1.61179	  75.09998	  106.89902	  107.77879
 6953	 -1.61179	  75.09998	  106.89902	  107.77879
 6952	 -1.68426	  74.9619	  107.04594	  107.92487
 6965	 -2.64843	  77.64948	  106.93233	  107.8119
 6965	 -2.64843	  77.64948	  106.93233	  107.8119
 6952	 -1.68426	  74.9619	  107.04594	  107.92487
 6966	 -2.85841	  77.70601	  107.06651	  107.94531
 6965	 -2.64843	  77.64948	  106.93233	  107.8119
 6966	 -2.85841	  77.70601	  107.06651	  107.94531
 6973	 -3.77013	  80.1275	  106.92168	  107.80132
 6973	 -3.77013	  80.1275	  106.92168	  107.80132
 6966	 -2.85841	  77.70601	  107.06651	  107.94531
 6974	 -4.04652	  80.24168	  107.01293	  107.89204
 6896	  2.95136	  51.40641	  106.44526	  107.32764
 6897	  2.6861	  51.92638	  106.00186	  106.8868
 6898	  2.99855	  54.08914	  106.78713	  107.66754
 6898	  2.99855	  54.08914	  106.78713	  107.66754
 6897	  2.6861	  51.92638	  106.00186	  106.8868
 6899	  2.69698	  57.57512	  106.38516	  107.2679
 6898	  2.99855	  54.08914	  106.78713	  107.66754
 6899	  2.69698	  57.57512	  106.38516	  107.2679
 6912	  1.02015	  63.65877	  106.68647	  107.56746
 6912	  1.02015	  63.65877	  106.68647	  107.56746
 6899	  2.69698	  57.57512	  106.38516	  107.2679
 6913	  1.34758	  63.38115	  106.41524	  107.29779
 6913	  1.34758	  63.38115	  106.41524	  107.29779
 6920	  0.30243	  66.91032	  106.46081	  107.34309
 6912	  1.02015	  63.65877	  106.68647	  107.56746
 6912	  1.02015	  63.65877	  106.68647	  107.56746
 6920	  0.30243	  66.91032	  106.46081	  107.34309
 6921	  0.50888	  66.46883	  106.69998	  107.5809
 6921	  0.50888	  66.46883	  106.69998	  107.5809
 6920	  0.30243	  66.91032	  106.46081	  107.34309
 6930	 -0.30462	  69.40834	  106.81677	  107.69701
 6930	 -0.30462	  69.40834	  106.81677	  107.69701
 6920	  0.30243	  66.91032	  106.46081	  107.34309
 6931	 -0.45648	  69.80848	  106.62154	  107.50291
 6930	 -0.30462	  69.40834	  106.81677	  107.69701
 6931	 -0.45648	  69.80848	  106.62154	  107.50291
 6940	 -1.01104	  72.23361	  106.92657	  107.80619
 6940	 -1.01104	  72.23361	  106.92657	  107.80619
 6931	 -0.45648	  69.80848	  106.62154	  107.50291
 6941	 -1.06345	  72.51444	  106.75288	  107.63348
 6940	 -1.01104	  72.23361	  106.92657	  107.80619
 6941	 -1.06345	  72.51444	  106.75288	  107.63348
 6948	 -2.12713	  74.8844	  106.96707	  107.84644
 6948	 -2.12713	  74.8844	  106.96707	  107.84644
 6941	 -1.06345	  72.51444	  106.75288	  107.63348
 6949	 -2.06557	  75.02224	  106.81895	  107.69919
 6886	 -14.06718	  92.31454	  104.66035	  105.55302
 6887	 -15.67496	  92.53496	  104.56647	  105.45967
 6876	 -14.30075	  92.71416	  104.78032	  105.6723
 6876	 -14.30075	  92.71416	  104.78032	  105.6723
 6887	 -15.67496	  92.53496	  104.56647	  105.45967
 6884	 -15.86929	  92.82114	  104.67122	  105.56383
 6832	 -4.23895	  80.61031	  105.15836	  106.04815
 6833	 -4.80568	  80.62749	  105.2289	  106.11829
 6834	 -8.56879	  87.12365	  105.09846	  105.9886
 6834	 -8.56879	  87.12365	  105.09846	  105.9886
 6833	 -4.80568	  80.62749	  105.2289	  106.11829
 6835	 -8.78628	  86.80101	  105.1608	  106.05058
 6835	 -8.78628	  86.80101	  105.1608	  106.05058
 6860	 -10.79982	  90.26474	  105.12257	  106.01258
 6834	 -8.56879	  87.12365	  105.09846	  105.9886
 6834	 -8.56879	  87.12365	  105.09846	  105.9886
 6860	 -10.79982	  90.26474	  105.12257	  106.01258
 6861	 -10.62067	  90.64012	  105.08452	  105.97475
 6860	 -10.79982	  90.26474	  105.12257	  106.01258
 6868	 -12.23659	  92.14371	  104.96534	  105.85625
 6861	 -10.62067	  90.64012	  105.08452	  105.97475
 6861	 -10.62067	  90.64012	  105.08452	  105.97475
 6868	 -12.23659	  92.14371	  104.96534	  105.85625
 6869	 -12.24171	  92.71267	  104.94327	  105.8343
 6868	 -12.23659	  92.14371	  104.96534	  105.85625
 6876	 -14.30075	  92.71416	  104.78032	  105.6723
 6869	 -12.24171	  92.71267	  104.94327	  105.8343
 6869	 -12.24171	  92.71267	  104.94327	  105.8343
 6876	 -14.30075	  92.71416	  104.78032	  105.6723
 6877	 -14.3859	  93.32079	  104.77528	  105.66728
 6876	 -14.30075	  92.71416	  104.78032	  105.6723
 6884	 -15.86929	  92.82114	  104.67122	  105.56383
 6877	 -14.3859	  93.32079	  104.77528	  105.66728
 6877	 -14.3859	  93.32079	  104.77528	  105.66728
 6884	 -15.86929	  92.82114	  104.67122	  105.56383
 6885	 -16.0734	  93.46469	  104.67773	  105.5703
 393	 -155.94273	  87.60358	  89.78236	  90.76076
 392	 -155.88379	  87.16625	  89.76639	  90.74487
 398	 -156.5231	  88.54526	  89.56355	  90.5432
 385	 -154.65202	  86.95992	  89.94776	  90.92519
 392	 -155.88379	  87.16625	  89.76639	  90.74487
 393	 -155.94273	  87.60358	  89.78236	  90.76076
 384	 -154.66699	  86.50491	  89.92542	  90.90298
 392	 -155.88379	  87.16625	  89.76639	  90.74487
 385	 -154.65202	  86.95992	  89.94776	  90.92519
 377	 -153.9928	  85.81366	  90.09424	  91.07083
 384	 -154.66699	  86.50491	  89.92542	  90.90298
 385	 -154.65202	  86.95992	  89.94776	  90.92519
 376	 -154.08932	  85.37506	  90.06927	  91.04601
 384	 -154.66699	  86.50491	  89.92542	  90.90298
 377	 -153.9928	  85.81366	  90.09424	  91.07083
 369	 -153.37474	  84.21346	  90.2206	  91.19646
 376	 -154.08932	  85.37506	  90.06927	  91.04601
 377	 -153.9928	  85.81366	  90.09424	  91.07083
 368	 -153.54031	  83.77054	  90.20047	  91.17645
 376	 -154.08932	  85.37506	  90.06927	  91.04601
 369	 -153.37474	  84.21346	  90.2206	  91.19646
 359	 -153.14291	  82.10052	  90.495	  91.46928
 368	 -153.54031	  83.77054	  90.20047	  91.17645
 369	 -153.37474	  84.21346	  90.2206	  91.19646
 357	 -153.37067	  81.60681	  90.4832	  91.45755
 368	 -153.54031	  83.77054	  90.20047	  91.17645
 359	 -153.14291	  82.10052	  90.495	  91.46928
 358	 -152.761	  79.77837	  90.8034	  91.7759
 357	 -153.37067	  81.60681	  90.4832	  91.45755
 359	 -153.14291	  82.10052	  90.495	  91.46928
 356	 -153.05264	  79.56276	  90.75617	  91.72895
 357	 -153.37067	  81.60681	  90.4832	  91.45755
 358	 -152.761	  79.77837	  90.8034	  91.7759
 6888	 -15.67496	  92.53496	  104.56647	  105.45967
 6889	 -15.87425	  93.17439	  104.56883	  105.46203
 6853	 -16.93007	  92.1208	  103.98736	  104.8839
 6853	 -16.93007	  92.1208	  103.98736	  104.8839
 6889	 -15.87425	  93.17439	  104.56883	  105.46203
 6854	 -17.11572	  92.68565	  104.00909	  104.90552
 6853	 -16.93007	  92.1208	  103.98736	  104.8839
 6854	 -17.11572	  92.68565	  104.00909	  104.90552
 6855	 -19.1422	  93.60538	  103.47845	  104.37794
 5342	  35.74576	  63.44606	  53.30672	  54.49527
 5341	  35.80277	  63.00425	  53.29798	  54.48658
 5347	  34.92187	  64.09421	  53.46007	  54.64773
 5334	  36.50594	  62.8827	  52.872	  54.06305
 5341	  35.80277	  63.00425	  53.29798	  54.48658
 5342	  35.74576	  63.44606	  53.30672	  54.49527
 5333	  36.53779	  62.4268	  52.89048	  54.08142
 5341	  35.80277	  63.00425	  53.29798	  54.48658
 5334	  36.50594	  62.8827	  52.872	  54.06305
 5326	  37.20657	  61.92327	  52.68684	  53.87896
 5333	  36.53779	  62.4268	  52.89048	  54.08142
 5334	  36.50594	  62.8827	  52.872	  54.06305
 5325	  37.21429	  61.4919	  52.73468	  53.92653
 5333	  36.53779	  62.4268	  52.89048	  54.08142
 5326	  37.20657	  61.92327	  52.68684	  53.87896
 5318	  37.93957	  60.51635	  52.53014	  53.72317
 5325	  37.21429	  61.4919	  52.73468	  53.92653
