 IDX	 gl_Position.x	 gl_Position.y	 gl_Position.z	 gl_Position.w
 0	 -115.38591	 -38.52579	  70.44983	  71.5396
 1	 -110.79612	 -38.75591	  71.03429	  72.1207
 2	 -116.91992	 -39.20237	  72.16824	  73.24812
 77	 -126.12399	 -43.26189	  82.47871	  83.49918
 67	 -120.00018	 -42.81543	  81.34476	  82.37177
 78	 -121.53421	 -43.49201	  83.06317	  84.08028
 66	 -124.59	 -42.5853	  80.7603	  81.79067
 67	 -120.00018	 -42.81543	  81.34476	  82.37177
 77	 -126.12399	 -43.26189	  82.47871	  83.49918
 66	 -124.59	 -42.5853	  80.7603	  81.79067
 55	 -118.46617	 -42.13883	  79.62634	  80.66325
 67	 -120.00018	 -42.81543	  81.34476	  82.37177
 56	 -123.05598	 -41.90871	  79.04188	  80.08215
 55	 -118.46617	 -42.13883	  79.62634	  80.66325
 66	 -124.59	 -42.5853	  80.7603	  81.79067
 45	 -121.52196	 -41.23212	  77.32347	  78.37364
 55	 -118.46617	 -42.13883	  79.62634	  80.66325
 56	 -123.05598	 -41.90871	  79.04188	  80.08215
 44	 -116.80006	 -41.44271	  77.85831	  78.9054
 55	 -118.46617	 -42.13883	  79.62634	  80.66325
 45	 -121.52196	 -41.23212	  77.32347	  78.37364
 34	 -119.98794	 -40.55555	  75.60506	  76.66513
 44	 -116.80006	 -41.44271	  77.85831	  78.9054
 45	 -121.52196	 -41.23212	  77.32347	  78.37364
 33	 -115.18404	 -40.75727	  76.11741	  77.17453
 44	 -116.80006	 -41.44271	  77.85831	  78.9054
 34	 -119.98794	 -40.55555	  75.60506	  76.66513
 23	 -118.45392	 -39.87896	  73.88665	  74.95663
 33	 -115.18404	 -40.75727	  76.11741	  77.17453
 34	 -119.98794	 -40.55555	  75.60506	  76.66513
 22	 -113.72586	 -40.09264	  74.42936	  75.49621
 33	 -115.18404	 -40.75727	  76.11741	  77.17453
 23	 -118.45392	 -39.87896	  73.88665	  74.95663
 2	 -116.91992	 -39.20237	  72.16824	  73.24812
 22	 -113.72586	 -40.09264	  74.42936	  75.49621
 23	 -118.45392	 -39.87896	  73.88665	  74.95663
 3	 -112.33014	 -39.4325	  72.75271	  73.82922
 22	 -113.72586	 -40.09264	  74.42936	  75.49621
 2	 -116.91992	 -39.20237	  72.16824	  73.24812
 2	 -116.91992	 -39.20237	  72.16824	  73.24812
 1	 -110.79612	 -38.75591	  71.03429	  72.1207
 3	 -112.33014	 -39.4325	  72.75271	  73.82922
 1	 -110.79612	 -38.75591	  71.03429	  72.1207
 5	 -106.93677	 -39.58602	  73.14264	  74.2169
 3	 -112.33014	 -39.4325	  72.75271	  73.82922
 4	 -106.01213	 -38.96998	  71.578	  72.66128
 5	 -106.93677	 -39.58602	  73.14264	  74.2169
 1	 -110.79612	 -38.75591	  71.03429	  72.1207
 4	 -106.01213	 -38.96998	  71.578	  72.66128
 6	 -100.66223	 -39.15504	  72.048	  73.12857
 5	 -106.93677	 -39.58602	  73.14264	  74.2169
 5	 -106.93677	 -39.58602	  73.14264	  74.2169
 6	 -100.66223	 -39.15504	  72.048	  73.12857
 7	 -101.1335	 -39.73698	  73.52603	  74.59808
 6	 -100.66223	 -39.15504	  72.048	  73.12857
 8	 -95.57702	 -39.39736	  72.66346	  73.74048
 7	 -101.1335	 -39.73698	  73.52603	  74.59808
 28	 -90.8155	 -41.35809	  77.64338	  78.69171
 15	 -86.24121	 -41.11659	  77.03001	  78.08188
 29	 -88.42002	 -41.76591	  78.67916	  79.72153
 13	 -89.18583	 -40.74371	  76.08295	  77.14027
 15	 -86.24121	 -41.11659	  77.03001	  78.08188
 28	 -90.8155	 -41.35809	  77.64338	  78.69171
 27	 -93.21037	 -40.93804	  76.57652	  77.631
 13	 -89.18583	 -40.74371	  76.08295	  77.14027
 28	 -90.8155	 -41.35809	  77.64338	  78.69171
 11	 -92.1405	 -40.34687	  75.07504	  76.13818
 13	 -89.18583	 -40.74371	  76.08295	  77.14027
 27	 -93.21037	 -40.93804	  76.57652	  77.631
 26	 -96.73129	 -40.5648	  75.62857	  76.68851
 11	 -92.1405	 -40.34687	  75.07504	  76.13818
 27	 -93.21037	 -40.93804	  76.57652	  77.631
 9	 -96.02037	 -39.991	  74.1712	  75.23954
 11	 -92.1405	 -40.34687	  75.07504	  76.13818
 26	 -96.73129	 -40.5648	  75.62857	  76.68851
 25	 -101.80966	 -40.30937	  74.97981	  76.04349
 9	 -96.02037	 -39.991	  74.1712	  75.23954
 26	 -96.73129	 -40.5648	  75.62857	  76.68851
 7	 -101.1335	 -39.73698	  73.52603	  74.59808
 9	 -96.02037	 -39.991	  74.1712	  75.23954
 25	 -101.80966	 -40.30937	  74.97981	  76.04349
 7	 -101.1335	 -39.73698	  73.52603	  74.59808
 25	 -101.80966	 -40.30937	  74.97981	  76.04349
 5	 -106.93677	 -39.58602	  73.14264	  74.2169
 5	 -106.93677	 -39.58602	  73.14264	  74.2169
 25	 -101.80966	 -40.30937	  74.97981	  76.04349
 24	 -107.88177	 -40.18898	  74.67406	  75.7395
 5	 -106.93677	 -39.58602	  73.14264	  74.2169
 24	 -107.88177	 -40.18898	  74.67406	  75.7395
 3	 -112.33014	 -39.4325	  72.75271	  73.82922
 3	 -112.33014	 -39.4325	  72.75271	  73.82922
 24	 -107.88177	 -40.18898	  74.67406	  75.7395
 22	 -113.72586	 -40.09264	  74.42936	  75.49621
 24	 -107.88177	 -40.18898	  74.67406	  75.7395
 35	 -109.20303	 -40.81903	  76.27427	  77.33049
 22	 -113.72586	 -40.09264	  74.42936	  75.49621
 22	 -113.72586	 -40.09264	  74.42936	  75.49621
 35	 -109.20303	 -40.81903	  76.27427	  77.33049
 33	 -115.18404	 -40.75727	  76.11741	  77.17453
 35	 -109.20303	 -40.81903	  76.27427	  77.33049
 46	 -111.01781	 -41.50508	  78.01673	  79.0629
 33	 -115.18404	 -40.75727	  76.11741	  77.17453
 33	 -115.18404	 -40.75727	  76.11741	  77.17453
 46	 -111.01781	 -41.50508	  78.01673	  79.0629
 44	 -116.80006	 -41.44271	  77.85831	  78.9054
 46	 -111.01781	 -41.50508	  78.01673	  79.0629
 57	 -113.15416	 -42.24975	  79.90806	  80.94334
 44	 -116.80006	 -41.44271	  77.85831	  78.9054
 44	 -116.80006	 -41.44271	  77.85831	  78.9054
 57	 -113.15416	 -42.24975	  79.90806	  80.94334
 55	 -118.46617	 -42.13883	  79.62634	  80.66325
 7	 -101.1335	 -39.73698	  73.52603	  74.59808
 8	 -95.57702	 -39.39736	  72.66346	  73.74048
 9	 -96.02037	 -39.991	  74.1712	  75.23954
 8	 -95.57702	 -39.39736	  72.66346	  73.74048
 10	 -91.27598	 -39.7156	  73.47172	  74.54408
 9	 -96.02037	 -39.991	  74.1712	  75.23954
 9	 -96.02037	 -39.991	  74.1712	  75.23954
 10	 -91.27598	 -39.7156	  73.47172	  74.54408
 11	 -92.1405	 -40.34687	  75.07504	  76.13818
 10	 -91.27598	 -39.7156	  73.47172	  74.54408
 12	 -87.65616	 -40.0764	  74.3881	  75.45518
 11	 -92.1405	 -40.34687	  75.07504	  76.13818
 11	 -92.1405	 -40.34687	  75.07504	  76.13818
 12	 -87.65616	 -40.0764	  74.3881	  75.45518
 13	 -89.18583	 -40.74371	  76.08295	  77.14027
 12	 -87.65616	 -40.0764	  74.3881	  75.45518
 14	 -84.05079	 -40.40567	  75.22437	  76.28664
 13	 -89.18583	 -40.74371	  76.08295	  77.14027
 13	 -89.18583	 -40.74371	  76.08295	  77.14027
 14	 -84.05079	 -40.40567	  75.22437	  76.28664
 15	 -86.24121	 -41.11659	  77.03001	  78.08188
 14	 -84.05079	 -40.40567	  75.22437	  76.28664
 17	 -82.4083	 -41.40415	  77.76037	  78.80802
 15	 -86.24121	 -41.11659	  77.03001	  78.08188
 15	 -86.24121	 -41.11659	  77.03001	  78.08188
 17	 -82.4083	 -41.40415	  77.76037	  78.80802
 29	 -88.42002	 -41.76591	  78.67916	  79.72153
 29	 -88.42002	 -41.76591	  78.67916	  79.72153
 17	 -82.4083	 -41.40415	  77.76037	  78.80802
 30	 -84.909	 -42.10279	  79.53477	  80.5722
 29	 -88.42002	 -41.76591	  78.67916	  79.72153
 30	 -84.909	 -42.10279	  79.53477	  80.5722
 40	 -90.26443	 -42.35869	  80.18471	  81.2184
 40	 -90.26443	 -42.35869	  80.18471	  81.2184
 30	 -84.909	 -42.10279	  79.53477	  80.5722
 41	 -86.8821	 -42.72554	  81.11644	  82.14476
 40	 -90.26443	 -42.35869	  80.18471	  81.2184
 41	 -86.8821	 -42.72554	  81.11644	  82.14476
 51	 -91.68804	 -42.93451	  81.64722	  82.67248
 51	 -91.68804	 -42.93451	  81.64722	  82.67248
 41	 -86.8821	 -42.72554	  81.11644	  82.14476
 52	 -88.16714	 -43.30775	  82.59517	  83.61497
 51	 -91.68804	 -42.93451	  81.64722	  82.67248
 52	 -88.16714	 -43.30775	  82.59517	  83.61497
 62	 -92.7579	 -43.52568	  83.14868	  84.1653
 62	 -92.7579	 -43.52568	  83.14868	  84.1653
 52	 -88.16714	 -43.30775	  82.59517	  83.61497
 63	 -88.87804	 -43.88155	  84.05254	  85.06393
 62	 -92.7579	 -43.52568	  83.14868	  84.1653
 63	 -88.87804	 -43.88155	  84.05254	  85.06393
 73	 -93.62782	 -44.15783	  84.75423	  85.76158
 73	 -93.62782	 -44.15783	  84.75423	  85.76158
 63	 -88.87804	 -43.88155	  84.05254	  85.06393
 74	 -89.32139	 -44.4752	  85.56028	  86.563
 16	 -79.81124	 -40.6335	  75.80302	  76.86195
 17	 -82.4083	 -41.40415	  77.76037	  78.80802
 14	 -84.05079	 -40.40567	  75.22437	  76.28664
 20	 -69.12341	 -40.83475	  76.31418	  77.37016
 21	 -71.74426	 -41.6228	  78.31568	  79.36014
 18	 -74.83161	 -40.75356	  76.10796	  77.16513
 18	 -74.83161	 -40.75356	  76.10796	  77.16513
 21	 -71.74426	 -41.6228	  78.31568	  79.36014
 19	 -77.40411	 -41.5618	  78.16076	  79.20611
 18	 -74.83161	 -40.75356	  76.10796	  77.16513
 19	 -77.40411	 -41.5618	  78.16076	  79.20611
 16	 -79.81124	 -40.6335	  75.80302	  76.86195
 16	 -79.81124	 -40.6335	  75.80302	  76.86195
 19	 -77.40411	 -41.5618	  78.16076	  79.20611
 17	 -82.4083	 -41.40415	  77.76037	  78.80802
 19	 -77.40411	 -41.5618	  78.16076	  79.20611
 31	 -79.87479	 -42.30338	  80.04424	  81.07874
 17	 -82.4083	 -41.40415	  77.76037	  78.80802
 17	 -82.4083	 -41.40415	  77.76037	  78.80802
 31	 -79.87479	 -42.30338	  80.04424	  81.07874
 30	 -84.909	 -42.10279	  79.53477	  80.5722
 31	 -79.87479	 -42.30338	  80.04424	  81.07874
 42	 -81.83451	 -42.96347	  81.72074	  82.74557
 30	 -84.909	 -42.10279	  79.53477	  80.5722
 30	 -84.909	 -42.10279	  79.53477	  80.5722
 42	 -81.83451	 -42.96347	  81.72074	  82.74557
 41	 -86.8821	 -42.72554	  81.11644	  82.14476
 41	 -86.8821	 -42.72554	  81.11644	  82.14476
 42	 -81.83451	 -42.96347	  81.72074	  82.74557
 52	 -88.16714	 -43.30775	  82.59517	  83.61497
 52	 -88.16714	 -43.30775	  82.59517	  83.61497
 42	 -81.83451	 -42.96347	  81.72074	  82.74557
 53	 -83.08875	 -43.56319	  83.24393	  84.25999
 52	 -88.16714	 -43.30775	  82.59517	  83.61497
 53	 -83.08875	 -43.56319	  83.24393	  84.25999
 63	 -88.87804	 -43.88155	  84.05254	  85.06393
 63	 -88.87804	 -43.88155	  84.05254	  85.06393
 53	 -83.08875	 -43.56319	  83.24393	  84.25999
 64	 -83.76492	 -44.13557	  84.6977	  85.70539
 63	 -88.87804	 -43.88155	  84.05254	  85.06393
 64	 -83.76492	 -44.13557	  84.6977	  85.70539
 74	 -89.32139	 -44.4752	  85.56028	  86.563
 74	 -89.32139	 -44.4752	  85.56028	  86.563
 64	 -83.76492	 -44.13557	  84.6977	  85.70539
 75	 -84.23618	 -44.71752	  86.17574	  87.17491
 74	 -89.32139	 -44.4752	  85.56028	  86.563
 75	 -84.23618	 -44.71752	  86.17574	  87.17491
 85	 -89.88276	 -45.10938	  87.171	  88.16443
 85	 -89.88276	 -45.10938	  87.171	  88.16443
 75	 -84.23618	 -44.71752	  86.17574	  87.17491
 86	 -84.97572	 -45.34081	  87.75877	  88.74883
 85	 -89.88276	 -45.10938	  87.171	  88.16443
 86	 -84.97572	 -45.34081	  87.75877	  88.74883
 96	 -90.94648	 -45.7794	  88.87273	  89.85637
 96	 -90.94648	 -45.7794	  88.87273	  89.85637
 86	 -84.97572	 -45.34081	  87.75877	  88.74883
 97	 -86.34988	 -46.00957	  89.45734	  90.4376
 21	 -71.74426	 -41.6228	  78.31568	  79.36014
 32	 -73.88059	 -42.36746	  80.207	  81.24056
 19	 -77.40411	 -41.5618	  78.16076	  79.20611
 19	 -77.40411	 -41.5618	  78.16076	  79.20611
 32	 -73.88059	 -42.36746	  80.207	  81.24056
 31	 -79.87479	 -42.30338	  80.04424	  81.07874
 32	 -73.88059	 -42.36746	  80.207	  81.24056
 43	 -75.69538	 -43.05352	  81.94946	  82.97298
 31	 -79.87479	 -42.30338	  80.04424	  81.07874
 31	 -79.87479	 -42.30338	  80.04424	  81.07874
 43	 -75.69538	 -43.05352	  81.94946	  82.97298
 42	 -81.83451	 -42.96347	  81.72074	  82.74557
 43	 -75.69538	 -43.05352	  81.94946	  82.97298
 54	 -77.01663	 -43.68356	  83.54967	  84.56396
 42	 -81.83451	 -42.96347	  81.72074	  82.74557
 42	 -81.83451	 -42.96347	  81.72074	  82.74557
 54	 -77.01663	 -43.68356	  83.54967	  84.56396
 53	 -83.08875	 -43.56319	  83.24393	  84.25999
 54	 -77.01663	 -43.68356	  83.54967	  84.56396
 65	 -77.96165	 -44.28653	  85.0811	  86.08658
 53	 -83.08875	 -43.56319	  83.24393	  84.25999
 53	 -83.08875	 -43.56319	  83.24393	  84.25999
 65	 -77.96165	 -44.28653	  85.0811	  86.08658
 64	 -83.76492	 -44.13557	  84.6977	  85.70539
 64	 -83.76492	 -44.13557	  84.6977	  85.70539
 65	 -77.96165	 -44.28653	  85.0811	  86.08658
 75	 -84.23618	 -44.71752	  86.17574	  87.17491
 75	 -84.23618	 -44.71752	  86.17574	  87.17491
 65	 -77.96165	 -44.28653	  85.0811	  86.08658
 76	 -78.88629	 -44.90257	  86.64574	  87.6422
 75	 -84.23618	 -44.71752	  86.17574	  87.17491
 76	 -78.88629	 -44.90257	  86.64574	  87.6422
 86	 -84.97572	 -45.34081	  87.75877	  88.74883
 86	 -84.97572	 -45.34081	  87.75877	  88.74883
 76	 -78.88629	 -44.90257	  86.64574	  87.6422
 87	 -80.2261	 -45.56311	  88.32338	  89.31018
 73	 -93.62782	 -44.15783	  84.75423	  85.76158
 74	 -89.32139	 -44.4752	  85.56028	  86.563
 84	 -94.48534	 -44.83982	  86.48637	  87.48375
 84	 -94.48534	 -44.83982	  86.48637	  87.48375
 74	 -89.32139	 -44.4752	  85.56028	  86.563
 85	 -89.88276	 -45.10938	  87.171	  88.16443
 84	 -94.48534	 -44.83982	  86.48637	  87.48375
 85	 -89.88276	 -45.10938	  87.171	  88.16443
 95	 -95.57844	 -45.54454	  88.27625	  89.26332
 95	 -95.57844	 -45.54454	  88.27625	  89.26332
 85	 -89.88276	 -45.10938	  87.171	  88.16443
 96	 -90.94648	 -45.7794	  88.87273	  89.85637
 95	 -95.57844	 -45.54454	  88.27625	  89.26332
 96	 -90.94648	 -45.7794	  88.87273	  89.85637
 105	 -97.06351	 -46.22591	  90.00681	  90.98391
 105	 -97.06351	 -46.22591	  90.00681	  90.98391
 96	 -90.94648	 -45.7794	  88.87273	  89.85637
 106	 -92.47372	 -46.45604	  90.59129	  91.56501
 105	 -97.06351	 -46.22591	  90.00681	  90.98391
 106	 -92.47372	 -46.45604	  90.59129	  91.56501
 115	 -98.5975	 -46.9025	  91.72522	  92.69242
 115	 -98.5975	 -46.9025	  91.72522	  92.69242
 106	 -92.47372	 -46.45604	  90.59129	  91.56501
 116	 -94.00771	 -47.13263	  92.30968	  93.27351
 115	 -98.5975	 -46.9025	  91.72522	  92.69242
 116	 -94.00771	 -47.13263	  92.30968	  93.27351
 127	 -100.13152	 -47.57909	  93.44363	  94.40092
 127	 -100.13152	 -47.57909	  93.44363	  94.40092
 116	 -94.00771	 -47.13263	  92.30968	  93.27351
 128	 -95.54173	 -47.80922	  94.02811	  94.98203
 127	 -100.13152	 -47.57909	  93.44363	  94.40092
 128	 -95.54173	 -47.80922	  94.02811	  94.98203
 138	 -101.66553	 -48.25567	  95.16205	  96.10944
 138	 -101.66553	 -48.25567	  95.16205	  96.10944
 128	 -95.54173	 -47.80922	  94.02811	  94.98203
 139	 -97.07574	 -48.48579	  95.74652	  96.69054
 138	 -101.66553	 -48.25567	  95.16205	  96.10944
 139	 -97.07574	 -48.48579	  95.74652	  96.69054
 149	 -103.19955	 -48.93226	  96.88046	  97.81795
 149	 -103.19955	 -48.93226	  96.88046	  97.81795
 139	 -97.07574	 -48.48579	  95.74652	  96.69054
 150	 -98.60976	 -49.16238	  97.46492	  98.39905
 149	 -103.19955	 -48.93226	  96.88046	  97.81795
 150	 -98.60976	 -49.16238	  97.46492	  98.39905
 160	 -104.73355	 -49.60884	  98.59886	  99.52645
 160	 -104.73355	 -49.60884	  98.59886	  99.52645
 150	 -98.60976	 -49.16238	  97.46492	  98.39905
 161	 -100.14378	 -49.83896	  99.18333	  100.10756
 160	 -104.73355	 -49.60884	  98.59886	  99.52645
 161	 -100.14378	 -49.83896	  99.18333	  100.10756
 171	 -106.26757	 -50.28542	  100.31728	  101.23497
 171	 -106.26757	 -50.28542	  100.31728	  101.23497
 161	 -100.14378	 -49.83896	  99.18333	  100.10756
 172	 -101.67778	 -50.51554	  100.90175	  101.81607
 96	 -90.94648	 -45.7794	  88.87273	  89.85637
 97	 -86.34988	 -46.00957	  89.45734	  90.4376
 106	 -92.47372	 -46.45604	  90.59129	  91.56501
 106	 -92.47372	 -46.45604	  90.59129	  91.56501
 97	 -86.34988	 -46.00957	  89.45734	  90.4376
 107	 -87.88391	 -46.68616	  91.17574	  92.1461
 106	 -92.47372	 -46.45604	  90.59129	  91.56501
 107	 -87.88391	 -46.68616	  91.17574	  92.1461
 116	 -94.00771	 -47.13263	  92.30968	  93.27351
 116	 -94.00771	 -47.13263	  92.30968	  93.27351
 107	 -87.88391	 -46.68616	  91.17574	  92.1461
 117	 -89.41792	 -47.36275	  92.89416	  93.85461
 116	 -94.00771	 -47.13263	  92.30968	  93.27351
 117	 -89.41792	 -47.36275	  92.89416	  93.85461
 128	 -95.54173	 -47.80922	  94.02811	  94.98203
 128	 -95.54173	 -47.80922	  94.02811	  94.98203
 117	 -89.41792	 -47.36275	  92.89416	  93.85461
 129	 -90.95195	 -48.03934	  94.61256	  95.56313
 128	 -95.54173	 -47.80922	  94.02811	  94.98203
 129	 -90.95195	 -48.03934	  94.61256	  95.56313
 139	 -97.07574	 -48.48579	  95.74652	  96.69054
 139	 -97.07574	 -48.48579	  95.74652	  96.69054
 129	 -90.95195	 -48.03934	  94.61256	  95.56313
 140	 -92.48596	 -48.71591	  96.33098	  97.27164
 139	 -97.07574	 -48.48579	  95.74652	  96.69054
 140	 -92.48596	 -48.71591	  96.33098	  97.27164
 150	 -98.60976	 -49.16238	  97.46492	  98.39905
 150	 -98.60976	 -49.16238	  97.46492	  98.39905
 140	 -92.48596	 -48.71591	  96.33098	  97.27164
 151	 -94.01998	 -49.3925	  98.04939	  98.98016
 150	 -98.60976	 -49.16238	  97.46492	  98.39905
 151	 -94.01998	 -49.3925	  98.04939	  98.98016
 161	 -100.14378	 -49.83896	  99.18333	  100.10756
 161	 -100.14378	 -49.83896	  99.18333	  100.10756
 151	 -94.01998	 -49.3925	  98.04939	  98.98016
 162	 -95.55398	 -50.06908	  99.76781	  100.68866
 161	 -100.14378	 -49.83896	  99.18333	  100.10756
 162	 -95.55398	 -50.06908	  99.76781	  100.68866
 172	 -101.67778	 -50.51554	  100.90175	  101.81607
 172	 -101.67778	 -50.51554	  100.90175	  101.81607
 162	 -95.55398	 -50.06908	  99.76781	  100.68866
 173	 -97.08801	 -50.74567	  101.48621	  102.39717
 172	 -101.67778	 -50.51554	  100.90175	  101.81607
 173	 -97.08801	 -50.74567	  101.48621	  102.39717
 183	 -103.21179	 -51.19214	  102.62016	  103.52458
 183	 -103.21179	 -51.19214	  102.62016	  103.52458
 173	 -97.08801	 -50.74567	  101.48621	  102.39717
 184	 -98.62202	 -51.42226	  103.20462	  104.10568
 183	 -103.21179	 -51.19214	  102.62016	  103.52458
 184	 -98.62202	 -51.42226	  103.20462	  104.10568
 194	 -104.74582	 -51.86873	  104.33857	  105.23309
 194	 -104.74582	 -51.86873	  104.33857	  105.23309
 184	 -98.62202	 -51.42226	  103.20462	  104.10568
 195	 -100.15603	 -52.09885	  104.92304	  105.81419
 107	 -87.88391	 -46.68616	  91.17574	  92.1461
 118	 -83.29415	 -46.91628	  91.76022	  92.72721
 117	 -89.41792	 -47.36275	  92.89416	  93.85461
 117	 -89.41792	 -47.36275	  92.89416	  93.85461
 118	 -83.29415	 -46.91628	  91.76022	  92.72721
 119	 -84.82814	 -47.59287	  93.47863	  94.43572
 117	 -89.41792	 -47.36275	  92.89416	  93.85461
 119	 -84.82814	 -47.59287	  93.47863	  94.43572
 129	 -90.95195	 -48.03934	  94.61256	  95.56313
 129	 -90.95195	 -48.03934	  94.61256	  95.56313
 119	 -84.82814	 -47.59287	  93.47863	  94.43572
 130	 -86.36216	 -48.26946	  95.19704	  96.14423
 129	 -90.95195	 -48.03934	  94.61256	  95.56313
 130	 -86.36216	 -48.26946	  95.19704	  96.14423
 140	 -92.48596	 -48.71591	  96.33098	  97.27164
 140	 -92.48596	 -48.71591	  96.33098	  97.27164
 130	 -86.36216	 -48.26946	  95.19704	  96.14423
 141	 -87.89618	 -48.94603	  96.91545	  97.85274
 140	 -92.48596	 -48.71591	  96.33098	  97.27164
 141	 -87.89618	 -48.94603	  96.91545	  97.85274
 151	 -94.01998	 -49.3925	  98.04939	  98.98016
 151	 -94.01998	 -49.3925	  98.04939	  98.98016
 141	 -87.89618	 -48.94603	  96.91545	  97.85274
 152	 -89.43019	 -49.62263	  98.63387	  99.56126
 151	 -94.01998	 -49.3925	  98.04939	  98.98016
 152	 -89.43019	 -49.62263	  98.63387	  99.56126
 162	 -95.55398	 -50.06908	  99.76781	  100.68866
 162	 -95.55398	 -50.06908	  99.76781	  100.68866
 152	 -89.43019	 -49.62263	  98.63387	  99.56126
 163	 -90.96419	 -50.29921	  100.35227	  101.26976
 162	 -95.55398	 -50.06908	  99.76781	  100.68866
 163	 -90.96419	 -50.29921	  100.35227	  101.26976
 173	 -97.08801	 -50.74567	  101.48621	  102.39717
 173	 -97.08801	 -50.74567	  101.48621	  102.39717
 163	 -90.96419	 -50.29921	  100.35227	  101.26976
 174	 -92.49821	 -50.97579	  102.07068	  102.97827
 173	 -97.08801	 -50.74567	  101.48621	  102.39717
 174	 -92.49821	 -50.97579	  102.07068	  102.97827
 184	 -98.62202	 -51.42226	  103.20462	  104.10568
 184	 -98.62202	 -51.42226	  103.20462	  104.10568
 174	 -92.49821	 -50.97579	  102.07068	  102.97827
 185	 -94.03223	 -51.65239	  103.78909	  104.68678
 184	 -98.62202	 -51.42226	  103.20462	  104.10568
 185	 -94.03223	 -51.65239	  103.78909	  104.68678
 195	 -100.15603	 -52.09885	  104.92304	  105.81419
 195	 -100.15603	 -52.09885	  104.92304	  105.81419
 185	 -94.03223	 -51.65239	  103.78909	  104.68678
 196	 -95.56625	 -52.32898	  105.50751	  106.3953
 195	 -100.15603	 -52.09885	  104.92304	  105.81419
 196	 -95.56625	 -52.32898	  105.50751	  106.3953
 206	 -101.69005	 -52.77544	  106.64146	  107.52271
 206	 -101.69005	 -52.77544	  106.64146	  107.52271
 196	 -95.56625	 -52.32898	  105.50751	  106.3953
 207	 -97.10027	 -53.00556	  107.22592	  108.10381
 206	 -101.69005	 -52.77544	  106.64146	  107.52271
 207	 -97.10027	 -53.00556	  107.22592	  108.10381
 217	 -103.22408	 -53.45202	  108.35986	  109.23122
 217	 -103.22408	 -53.45202	  108.35986	  109.23122
 207	 -97.10027	 -53.00556	  107.22592	  108.10381
 218	 -98.63428	 -53.68214	  108.94434	  109.81232
 194	 -104.74582	 -51.86873	  104.33857	  105.23309
 195	 -100.15603	 -52.09885	  104.92304	  105.81419
 205	 -106.27983	 -52.54532	  106.05699	  106.9416
 205	 -106.27983	 -52.54532	  106.05699	  106.9416
 195	 -100.15603	 -52.09885	  104.92304	  105.81419
 206	 -101.69005	 -52.77544	  106.64146	  107.52271
 205	 -106.27983	 -52.54532	  106.05699	  106.9416
 206	 -101.69005	 -52.77544	  106.64146	  107.52271
 216	 -107.81385	 -53.2219	  107.77541	  108.65013
 216	 -107.81385	 -53.2219	  107.77541	  108.65013
 206	 -101.69005	 -52.77544	  106.64146	  107.52271
 217	 -103.22408	 -53.45202	  108.35986	  109.23122
 171	 -106.26757	 -50.28542	  100.31728	  101.23497
 172	 -101.67778	 -50.51554	  100.90175	  101.81607
 182	 -107.80158	 -50.96202	  102.03569	  102.94348
 182	 -107.80158	 -50.96202	  102.03569	  102.94348
 172	 -101.67778	 -50.51554	  100.90175	  101.81607
 183	 -103.21179	 -51.19214	  102.62016	  103.52458
 182	 -107.80158	 -50.96202	  102.03569	  102.94348
 183	 -103.21179	 -51.19214	  102.62016	  103.52458
 193	 -109.3356	 -51.63861	  103.7541	  104.65199
 193	 -109.3356	 -51.63861	  103.7541	  104.65199
 183	 -103.21179	 -51.19214	  102.62016	  103.52458
 194	 -104.74582	 -51.86873	  104.33857	  105.23309
 193	 -109.3356	 -51.63861	  103.7541	  104.65199
 194	 -104.74582	 -51.86873	  104.33857	  105.23309
 204	 -110.86962	 -52.31519	  105.47252	  106.3605
 204	 -110.86962	 -52.31519	  105.47252	  106.3605
 194	 -104.74582	 -51.86873	  104.33857	  105.23309
 205	 -106.27983	 -52.54532	  106.05699	  106.9416
 204	 -110.86962	 -52.31519	  105.47252	  106.3605
 205	 -106.27983	 -52.54532	  106.05699	  106.9416
 215	 -112.40364	 -52.99178	  107.19093	  108.06902
 215	 -112.40364	 -52.99178	  107.19093	  108.06902
 205	 -106.27983	 -52.54532	  106.05699	  106.9416
 216	 -107.81385	 -53.2219	  107.77541	  108.65013
 215	 -112.40364	 -52.99178	  107.19093	  108.06902
 216	 -107.81385	 -53.2219	  107.77541	  108.65013
 226	 -113.93765	 -53.66836	  108.90935	  109.77754
 226	 -113.93765	 -53.66836	  108.90935	  109.77754
 216	 -107.81385	 -53.2219	  107.77541	  108.65013
 227	 -109.34787	 -53.89848	  109.49381	  110.35863
 216	 -107.81385	 -53.2219	  107.77541	  108.65013
 217	 -103.22408	 -53.45202	  108.35986	  109.23122
 227	 -109.34787	 -53.89848	  109.49381	  110.35863
 227	 -109.34787	 -53.89848	  109.49381	  110.35863
 217	 -103.22408	 -53.45202	  108.35986	  109.23122
 228	 -104.75806	 -54.1286	  110.07828	  110.93973
 217	 -103.22408	 -53.45202	  108.35986	  109.23122
 218	 -98.63428	 -53.68214	  108.94434	  109.81232
 228	 -104.75806	 -54.1286	  110.07828	  110.93973
 228	 -104.75806	 -54.1286	  110.07828	  110.93973
 218	 -98.63428	 -53.68214	  108.94434	  109.81232
 229	 -100.16827	 -54.35873	  110.66275	  111.52084
 225	 -118.52744	 -53.43824	  108.32487	  109.19643
 215	 -112.40364	 -52.99178	  107.19093	  108.06902
 226	 -113.93765	 -53.66836	  108.90935	  109.77754
 214	 -116.99342	 -52.76165	  106.60646	  107.48792
 204	 -110.86962	 -52.31519	  105.47252	  106.3605
 215	 -112.40364	 -52.99178	  107.19093	  108.06902
 214	 -116.99342	 -52.76165	  106.60646	  107.48792
 215	 -112.40364	 -52.99178	  107.19093	  108.06902
 225	 -118.52744	 -53.43824	  108.32487	  109.19643
 224	 -123.11723	 -53.20811	  107.7404	  108.61533
 214	 -116.99342	 -52.76165	  106.60646	  107.48792
 225	 -118.52744	 -53.43824	  108.32487	  109.19643
 203	 -115.45941	 -52.08507	  104.88805	  105.7794
 193	 -109.3356	 -51.63861	  103.7541	  104.65199
 204	 -110.86962	 -52.31519	  105.47252	  106.3605
 203	 -115.45941	 -52.08507	  104.88805	  105.7794
 204	 -110.86962	 -52.31519	  105.47252	  106.3605
 214	 -116.99342	 -52.76165	  106.60646	  107.48792
 213	 -121.58323	 -52.53153	  106.022	  106.90683
 203	 -115.45941	 -52.08507	  104.88805	  105.7794
 214	 -116.99342	 -52.76165	  106.60646	  107.48792
 213	 -121.58323	 -52.53153	  106.022	  106.90683
 214	 -116.99342	 -52.76165	  106.60646	  107.48792
 224	 -123.11723	 -53.20811	  107.7404	  108.61533
 223	 -127.70702	 -52.97799	  107.15594	  108.03423
 213	 -121.58323	 -52.53153	  106.022	  106.90683
 224	 -123.11723	 -53.20811	  107.7404	  108.61533
 222	 -132.29681	 -52.74787	  106.57147	  107.45314
 212	 -126.17302	 -52.30141	  105.43753	  106.32573
 223	 -127.70702	 -52.97799	  107.15594	  108.03423
 212	 -126.17302	 -52.30141	  105.43753	  106.32573
 213	 -121.58323	 -52.53153	  106.022	  106.90683
 223	 -127.70702	 -52.97799	  107.15594	  108.03423
 212	 -126.17302	 -52.30141	  105.43753	  106.32573
 202	 -120.04921	 -51.85495	  104.30359	  105.19831
 213	 -121.58323	 -52.53153	  106.022	  106.90683
 202	 -120.04921	 -51.85495	  104.30359	  105.19831
 203	 -115.45941	 -52.08507	  104.88805	  105.7794
 213	 -121.58323	 -52.53153	  106.022	  106.90683
 202	 -120.04921	 -51.85495	  104.30359	  105.19831
 192	 -113.92538	 -51.40849	  103.16964	  104.07089
 203	 -115.45941	 -52.08507	  104.88805	  105.7794
 192	 -113.92538	 -51.40849	  103.16964	  104.07089
 193	 -109.3356	 -51.63861	  103.7541	  104.65199
 203	 -115.45941	 -52.08507	  104.88805	  105.7794
 192	 -113.92538	 -51.40849	  103.16964	  104.07089
 182	 -107.80158	 -50.96202	  102.03569	  102.94348
 193	 -109.3356	 -51.63861	  103.7541	  104.65199
 181	 -112.39137	 -50.7319	  101.45122	  102.36238
 182	 -107.80158	 -50.96202	  102.03569	  102.94348
 192	 -113.92538	 -51.40849	  103.16964	  104.07089
 181	 -112.39137	 -50.7319	  101.45122	  102.36238
 171	 -106.26757	 -50.28542	  100.31728	  101.23497
 182	 -107.80158	 -50.96202	  102.03569	  102.94348
 170	 -110.85735	 -50.0553	  99.7328	  100.65387
 171	 -106.26757	 -50.28542	  100.31728	  101.23497
 181	 -112.39137	 -50.7319	  101.45122	  102.36238
 170	 -110.85735	 -50.0553	  99.7328	  100.65387
 160	 -104.73355	 -49.60884	  98.59886	  99.52645
 171	 -106.26757	 -50.28542	  100.31728	  101.23497
 159	 -109.32336	 -49.37872	  98.0144	  98.94536
 160	 -104.73355	 -49.60884	  98.59886	  99.52645
 170	 -110.85735	 -50.0553	  99.7328	  100.65387
 159	 -109.32336	 -49.37872	  98.0144	  98.94536
 149	 -103.19955	 -48.93226	  96.88046	  97.81795
 160	 -104.73355	 -49.60884	  98.59886	  99.52645
 148	 -107.78934	 -48.70214	  96.29599	  97.23685
 149	 -103.19955	 -48.93226	  96.88046	  97.81795
 159	 -109.32336	 -49.37872	  98.0144	  98.94536
 148	 -107.78934	 -48.70214	  96.29599	  97.23685
 138	 -101.66553	 -48.25567	  95.16205	  96.10944
 149	 -103.19955	 -48.93226	  96.88046	  97.81795
 137	 -106.25534	 -48.02555	  94.57758	  95.52834
 138	 -101.66553	 -48.25567	  95.16205	  96.10944
 148	 -107.78934	 -48.70214	  96.29599	  97.23685
 137	 -106.25534	 -48.02555	  94.57758	  95.52834
 127	 -100.13152	 -47.57909	  93.44363	  94.40092
 138	 -101.66553	 -48.25567	  95.16205	  96.10944
 126	 -104.72133	 -47.34897	  92.85916	  93.81982
 127	 -100.13152	 -47.57909	  93.44363	  94.40092
 137	 -106.25534	 -48.02555	  94.57758	  95.52834
 169	 -115.44716	 -49.82518	  99.14835	  100.07277
 170	 -110.85735	 -50.0553	  99.7328	  100.65387
 180	 -116.98119	 -50.50177	  100.86676	  101.78128
 169	 -115.44716	 -49.82518	  99.14835	  100.07277
 159	 -109.32336	 -49.37872	  98.0144	  98.94536
 170	 -110.85735	 -50.0553	  99.7328	  100.65387
 158	 -113.91315	 -49.1486	  97.42993	  98.36426
 159	 -109.32336	 -49.37872	  98.0144	  98.94536
 169	 -115.44716	 -49.82518	  99.14835	  100.07277
 158	 -113.91315	 -49.1486	  97.42993	  98.36426
 148	 -107.78934	 -48.70214	  96.29599	  97.23685
 159	 -109.32336	 -49.37872	  98.0144	  98.94536
 147	 -112.37915	 -48.47202	  95.71152	  96.65575
 148	 -107.78934	 -48.70214	  96.29599	  97.23685
 158	 -113.91315	 -49.1486	  97.42993	  98.36426
 147	 -112.37915	 -48.47202	  95.71152	  96.65575
 137	 -106.25534	 -48.02555	  94.57758	  95.52834
 148	 -107.78934	 -48.70214	  96.29599	  97.23685
 136	 -110.84512	 -47.79542	  93.99311	  94.94724
 137	 -106.25534	 -48.02555	  94.57758	  95.52834
 147	 -112.37915	 -48.47202	  95.71152	  96.65575
 136	 -110.84512	 -47.79542	  93.99311	  94.94724
 126	 -104.72133	 -47.34897	  92.85916	  93.81982
 137	 -106.25534	 -48.02555	  94.57758	  95.52834
 125	 -109.31111	 -47.11885	  92.27469	  93.23872
 126	 -104.72133	 -47.34897	  92.85916	  93.81982
 136	 -110.84512	 -47.79542	  93.99311	  94.94724
 125	 -109.31111	 -47.11885	  92.27469	  93.23872
 114	 -103.1873	 -46.67238	  91.14075	  92.11132
 126	 -104.72133	 -47.34897	  92.85916	  93.81982
 113	 -107.77709	 -46.44226	  90.55629	  91.53021
 114	 -103.1873	 -46.67238	  91.14075	  92.11132
 125	 -109.31111	 -47.11885	  92.27469	  93.23872
 113	 -107.77709	 -46.44226	  90.55629	  91.53021
 104	 -101.65329	 -45.99579	  89.42234	  90.4028
 114	 -103.1873	 -46.67238	  91.14075	  92.11132
 103	 -106.24307	 -45.76567	  88.83787	  89.8217
 104	 -101.65329	 -45.99579	  89.42234	  90.4028
 113	 -107.77709	 -46.44226	  90.55629	  91.53021
 103	 -106.24307	 -45.76567	  88.83787	  89.8217
 94	 -100.14662	 -45.3054	  87.66888	  88.65945
 104	 -101.65329	 -45.99579	  89.42234	  90.4028
 93	 -104.69568	 -45.07601	  87.08627	  88.08019
 94	 -100.14662	 -45.3054	  87.66888	  88.65945
 103	 -106.24307	 -45.76567	  88.83787	  89.8217
 93	 -104.69568	 -45.07601	  87.08627	  88.08019
 83	 -98.74594	 -44.5533	  85.75866	  86.76023
 94	 -100.14662	 -45.3054	  87.66888	  88.65945
 82	 -102.96449	 -44.29277	  85.09696	  86.10235
 83	 -98.74594	 -44.5533	  85.75866	  86.76023
 93	 -104.69568	 -45.07601	  87.08627	  88.08019
 82	 -102.96449	 -44.29277	  85.09696	  86.10235
 72	 -97.28755	 -43.80932	  83.86907	  84.88153
 83	 -98.74594	 -44.5533	  85.75866	  86.76023
 126	 -104.72133	 -47.34897	  92.85916	  93.81982
 115	 -98.5975	 -46.9025	  91.72522	  92.69242
 127	 -100.13152	 -47.57909	  93.44363	  94.40092
 114	 -103.1873	 -46.67238	  91.14075	  92.11132
 115	 -98.5975	 -46.9025	  91.72522	  92.69242
 126	 -104.72133	 -47.34897	  92.85916	  93.81982
 114	 -103.1873	 -46.67238	  91.14075	  92.11132
 105	 -97.06351	 -46.22591	  90.00681	  90.98391
 115	 -98.5975	 -46.9025	  91.72522	  92.69242
 104	 -101.65329	 -45.99579	  89.42234	  90.4028
 105	 -97.06351	 -46.22591	  90.00681	  90.98391
 114	 -103.1873	 -46.67238	  91.14075	  92.11132
 104	 -101.65329	 -45.99579	  89.42234	  90.4028
 95	 -95.57844	 -45.54454	  88.27625	  89.26332
 105	 -97.06351	 -46.22591	  90.00681	  90.98391
 94	 -100.14662	 -45.3054	  87.66888	  88.65945
 95	 -95.57844	 -45.54454	  88.27625	  89.26332
 104	 -101.65329	 -45.99579	  89.42234	  90.4028
 94	 -100.14662	 -45.3054	  87.66888	  88.65945
 84	 -94.48534	 -44.83982	  86.48637	  87.48375
 95	 -95.57844	 -45.54454	  88.27625	  89.26332
 83	 -98.74594	 -44.5533	  85.75866	  86.76023
 84	 -94.48534	 -44.83982	  86.48637	  87.48375
 94	 -100.14662	 -45.3054	  87.66888	  88.65945
 83	 -98.74594	 -44.5533	  85.75866	  86.76023
 73	 -93.62782	 -44.15783	  84.75423	  85.76158
 84	 -94.48534	 -44.83982	  86.48637	  87.48375
 72	 -97.28755	 -43.80932	  83.86907	  84.88153
 73	 -93.62782	 -44.15783	  84.75423	  85.76158
 83	 -98.74594	 -44.5533	  85.75866	  86.76023
 72	 -97.28755	 -43.80932	  83.86907	  84.88153
 62	 -92.7579	 -43.52568	  83.14868	  84.1653
 73	 -93.62782	 -44.15783	  84.75423	  85.76158
 61	 -95.71259	 -43.12885	  82.14079	  83.16321
 62	 -92.7579	 -43.52568	  83.14868	  84.1653
 72	 -97.28755	 -43.80932	  83.86907	  84.88153
 61	 -95.71259	 -43.12885	  82.14079	  83.16321
 51	 -91.68804	 -42.93451	  81.64722	  82.67248
 62	 -92.7579	 -43.52568	  83.14868	  84.1653
 50	 -94.08292	 -42.51446	  80.58036	  81.61177
 51	 -91.68804	 -42.93451	  81.64722	  82.67248
 61	 -95.71259	 -43.12885	  82.14079	  83.16321
 50	 -94.08292	 -42.51446	  80.58036	  81.61177
 40	 -90.26443	 -42.35869	  80.18471	  81.2184
 51	 -91.68804	 -42.93451	  81.64722	  82.67248
 39	 -92.4492	 -41.93628	  79.11186	  80.15173
 40	 -90.26443	 -42.35869	  80.18471	  81.2184
 50	 -94.08292	 -42.51446	  80.58036	  81.61177
 39	 -92.4492	 -41.93628	  79.11186	  80.15173
 29	 -88.42002	 -41.76591	  78.67916	  79.72153
 40	 -90.26443	 -42.35869	  80.18471	  81.2184
 28	 -90.8155	 -41.35809	  77.64338	  78.69171
 29	 -88.42002	 -41.76591	  78.67916	  79.72153
 39	 -92.4492	 -41.93628	  79.11186	  80.15173
 71	 -100.91585	 -43.49109	  83.06084	  84.07795
 72	 -97.28755	 -43.80932	  83.86907	  84.88153
 82	 -102.96449	 -44.29277	  85.09696	  86.10235
 71	 -100.91585	 -43.49109	  83.06084	  84.07795
 61	 -95.71259	 -43.12885	  82.14079	  83.16321
 72	 -97.28755	 -43.80932	  83.86907	  84.88153
 60	 -98.65723	 -42.75596	  81.19373	  82.2216
 61	 -95.71259	 -43.12885	  82.14079	  83.16321
 71	 -100.91585	 -43.49109	  83.06084	  84.07795
 60	 -98.65723	 -42.75596	  81.19373	  82.2216
 50	 -94.08292	 -42.51446	  80.58036	  81.61177
 61	 -95.71259	 -43.12885	  82.14079	  83.16321
 49	 -96.47839	 -42.10664	  79.54457	  80.58195
 50	 -94.08292	 -42.51446	  80.58036	  81.61177
 60	 -98.65723	 -42.75596	  81.19373	  82.2216
 49	 -96.47839	 -42.10664	  79.54457	  80.58195
 39	 -92.4492	 -41.93628	  79.11186	  80.15173
 50	 -94.08292	 -42.51446	  80.58036	  81.61177
 38	 -94.634	 -41.51387	  78.03903	  79.08508
 39	 -92.4492	 -41.93628	  79.11186	  80.15173
 49	 -96.47839	 -42.10664	  79.54457	  80.58195
 38	 -94.634	 -41.51387	  78.03903	  79.08508
 28	 -90.8155	 -41.35809	  77.64338	  78.69171
 39	 -92.4492	 -41.93628	  79.11186	  80.15173
 27	 -93.21037	 -40.93804	  76.57652	  77.631
 28	 -90.8155	 -41.35809	  77.64338	  78.69171
 38	 -94.634	 -41.51387	  78.03903	  79.08508
 37	 -98.01633	 -41.14703	  77.1073	  78.15872
 27	 -93.21037	 -40.93804	  76.57652	  77.631
 38	 -94.634	 -41.51387	  78.03903	  79.08508
 26	 -96.73129	 -40.5648	  75.62857	  76.68851
 27	 -93.21037	 -40.93804	  76.57652	  77.631
 37	 -98.01633	 -41.14703	  77.1073	  78.15872
 36	 -103.0639	 -40.9091	  76.50301	  77.55791
 26	 -96.73129	 -40.5648	  75.62857	  76.68851
 37	 -98.01633	 -41.14703	  77.1073	  78.15872
 25	 -101.80966	 -40.30937	  74.97981	  76.04349
 26	 -96.73129	 -40.5648	  75.62857	  76.68851
 36	 -103.0639	 -40.9091	  76.50301	  77.55791
 25	 -101.80966	 -40.30937	  74.97981	  76.04349
 36	 -103.0639	 -40.9091	  76.50301	  77.55791
 24	 -107.88177	 -40.18898	  74.67406	  75.7395
 24	 -107.88177	 -40.18898	  74.67406	  75.7395
 36	 -103.0639	 -40.9091	  76.50301	  77.55791
 35	 -109.20303	 -40.81903	  76.27427	  77.33049
 36	 -103.0639	 -40.9091	  76.50301	  77.55791
 47	 -105.02362	 -41.56918	  78.1795	  79.22475
 35	 -109.20303	 -40.81903	  76.27427	  77.33049
 35	 -109.20303	 -40.81903	  76.27427	  77.33049
 47	 -105.02362	 -41.56918	  78.1795	  79.22475
 46	 -111.01781	 -41.50508	  78.01673	  79.0629
 47	 -105.02362	 -41.56918	  78.1795	  79.22475
 58	 -107.4943	 -42.31075	  80.06297	  81.09737
 46	 -111.01781	 -41.50508	  78.01673	  79.0629
 36	 -103.0639	 -40.9091	  76.50301	  77.55791
 48	 -99.98943	 -41.76976	  78.68896	  79.73127
 47	 -105.02362	 -41.56918	  78.1795	  79.22475
 37	 -98.01633	 -41.14703	  77.1073	  78.15872
 48	 -99.98943	 -41.76976	  78.68896	  79.73127
 36	 -103.0639	 -40.9091	  76.50301	  77.55791
 37	 -98.01633	 -41.14703	  77.1073	  78.15872
 38	 -94.634	 -41.51387	  78.03903	  79.08508
 48	 -99.98943	 -41.76976	  78.68896	  79.73127
 48	 -99.98943	 -41.76976	  78.68896	  79.73127
 38	 -94.634	 -41.51387	  78.03903	  79.08508
 49	 -96.47839	 -42.10664	  79.54457	  80.58195
 48	 -99.98943	 -41.76976	  78.68896	  79.73127
 49	 -96.47839	 -42.10664	  79.54457	  80.58195
 59	 -102.49011	 -42.4684	  80.46337	  81.49545
 59	 -102.49011	 -42.4684	  80.46337	  81.49545
 49	 -96.47839	 -42.10664	  79.54457	  80.58195
 60	 -98.65723	 -42.75596	  81.19373	  82.2216
 60	 -98.65723	 -42.75596	  81.19373	  82.2216
 71	 -100.91585	 -43.49109	  83.06084	  84.07795
 59	 -102.49011	 -42.4684	  80.46337	  81.49545
 59	 -102.49011	 -42.4684	  80.46337	  81.49545
 71	 -100.91585	 -43.49109	  83.06084	  84.07795
 70	 -105.12025	 -43.25656	  82.46516	  83.48572
 71	 -100.91585	 -43.49109	  83.06084	  84.07795
 82	 -102.96449	 -44.29277	  85.09696	  86.10235
 70	 -105.12025	 -43.25656	  82.46516	  83.48572
 70	 -105.12025	 -43.25656	  82.46516	  83.48572
 82	 -102.96449	 -44.29277	  85.09696	  86.10235
 81	 -107.45512	 -44.08806	  84.57703	  85.5854
 82	 -102.96449	 -44.29277	  85.09696	  86.10235
 93	 -104.69568	 -45.07601	  87.08627	  88.08019
 81	 -107.45512	 -44.08806	  84.57703	  85.5854
 81	 -107.45512	 -44.08806	  84.57703	  85.5854
 93	 -104.69568	 -45.07601	  87.08627	  88.08019
 92	 -109.2951	 -44.8575	  86.53128	  87.5284
 93	 -104.69568	 -45.07601	  87.08627	  88.08019
 103	 -106.24307	 -45.76567	  88.83787	  89.8217
 92	 -109.2951	 -44.8575	  86.53128	  87.5284
 146	 -116.96891	 -48.24189	  95.12705	  96.07465
 136	 -110.84512	 -47.79542	  93.99311	  94.94724
 147	 -112.37915	 -48.47202	  95.71152	  96.65575
 135	 -115.43491	 -47.5653	  93.40865	  94.36614
 136	 -110.84512	 -47.79542	  93.99311	  94.94724
 146	 -116.96891	 -48.24189	  95.12705	  96.07465
 135	 -115.43491	 -47.5653	  93.40865	  94.36614
 125	 -109.31111	 -47.11885	  92.27469	  93.23872
 136	 -110.84512	 -47.79542	  93.99311	  94.94724
 124	 -113.90089	 -46.88873	  91.69023	  92.65763
 125	 -109.31111	 -47.11885	  92.27469	  93.23872
 135	 -115.43491	 -47.5653	  93.40865	  94.36614
 124	 -113.90089	 -46.88873	  91.69023	  92.65763
 113	 -107.77709	 -46.44226	  90.55629	  91.53021
 125	 -109.31111	 -47.11885	  92.27469	  93.23872
 112	 -112.36688	 -46.21214	  89.97182	  90.94911
 113	 -107.77709	 -46.44226	  90.55629	  91.53021
 124	 -113.90089	 -46.88873	  91.69023	  92.65763
 112	 -112.36688	 -46.21214	  89.97182	  90.94911
 103	 -106.24307	 -45.76567	  88.83787	  89.8217
 113	 -107.77709	 -46.44226	  90.55629	  91.53021
 102	 -110.83286	 -45.53555	  88.25341	  89.24061
 103	 -106.24307	 -45.76567	  88.83787	  89.8217
 112	 -112.36688	 -46.21214	  89.97182	  90.94911
 92	 -109.2951	 -44.8575	  86.53128	  87.5284
 103	 -106.24307	 -45.76567	  88.83787	  89.8217
 102	 -110.83286	 -45.53555	  88.25341	  89.24061
 92	 -109.2951	 -44.8575	  86.53128	  87.5284
 102	 -110.83286	 -45.53555	  88.25341	  89.24061
 91	 -113.88864	 -44.62884	  85.95053	  86.951
 80	 -112.23676	 -43.92327	  84.15851	  85.1693
 92	 -109.2951	 -44.8575	  86.53128	  87.5284
 91	 -113.88864	 -44.62884	  85.95053	  86.951
 81	 -107.45512	 -44.08806	  84.57703	  85.5854
 92	 -109.2951	 -44.8575	  86.53128	  87.5284
 80	 -112.23676	 -43.92327	  84.15851	  85.1693
 69	 -110.04348	 -43.11931	  82.11658	  83.13914
 81	 -107.45512	 -44.08806	  84.57703	  85.5854
 80	 -112.23676	 -43.92327	  84.15851	  85.1693
 70	 -105.12025	 -43.25656	  82.46516	  83.48572
 81	 -107.45512	 -44.08806	  84.57703	  85.5854
 69	 -110.04348	 -43.11931	  82.11658	  83.13914
 58	 -107.4943	 -42.31075	  80.06297	  81.09737
 70	 -105.12025	 -43.25656	  82.46516	  83.48572
 69	 -110.04348	 -43.11931	  82.11658	  83.13914
 59	 -102.49011	 -42.4684	  80.46337	  81.49545
 70	 -105.12025	 -43.25656	  82.46516	  83.48572
 58	 -107.4943	 -42.31075	  80.06297	  81.09737
 47	 -105.02362	 -41.56918	  78.1795	  79.22475
 59	 -102.49011	 -42.4684	  80.46337	  81.49545
 58	 -107.4943	 -42.31075	  80.06297	  81.09737
 48	 -99.98943	 -41.76976	  78.68896	  79.73127
 59	 -102.49011	 -42.4684	  80.46337	  81.49545
 47	 -105.02362	 -41.56918	  78.1795	  79.22475
 91	 -113.88864	 -44.62884	  85.95053	  86.951
 102	 -110.83286	 -45.53555	  88.25341	  89.24061
 101	 -115.42267	 -45.30543	  87.66894	  88.65951
 101	 -115.42267	 -45.30543	  87.66894	  88.65951
 102	 -110.83286	 -45.53555	  88.25341	  89.24061
 111	 -116.95667	 -45.98201	  89.38734	  90.36801
 111	 -116.95667	 -45.98201	  89.38734	  90.36801
 102	 -110.83286	 -45.53555	  88.25341	  89.24061
 112	 -112.36688	 -46.21214	  89.97182	  90.94911
 111	 -116.95667	 -45.98201	  89.38734	  90.36801
 112	 -112.36688	 -46.21214	  89.97182	  90.94911
 123	 -118.49068	 -46.6586	  91.10576	  92.07652
 123	 -118.49068	 -46.6586	  91.10576	  92.07652
 112	 -112.36688	 -46.21214	  89.97182	  90.94911
 124	 -113.90089	 -46.88873	  91.69023	  92.65763
 123	 -118.49068	 -46.6586	  91.10576	  92.07652
 124	 -113.90089	 -46.88873	  91.69023	  92.65763
 134	 -120.0247	 -47.33518	  92.82417	  93.78504
 134	 -120.0247	 -47.33518	  92.82417	  93.78504
 124	 -113.90089	 -46.88873	  91.69023	  92.65763
 135	 -115.43491	 -47.5653	  93.40865	  94.36614
 134	 -120.0247	 -47.33518	  92.82417	  93.78504
 135	 -115.43491	 -47.5653	  93.40865	  94.36614
 145	 -121.55872	 -48.01177	  94.54259	  95.49356
 145	 -121.55872	 -48.01177	  94.54259	  95.49356
 135	 -115.43491	 -47.5653	  93.40865	  94.36614
 146	 -116.96891	 -48.24189	  95.12705	  96.07465
 145	 -121.55872	 -48.01177	  94.54259	  95.49356
 146	 -116.96891	 -48.24189	  95.12705	  96.07465
 156	 -123.09271	 -48.68835	  96.261	  97.20206
 156	 -123.09271	 -48.68835	  96.261	  97.20206
 146	 -116.96891	 -48.24189	  95.12705	  96.07465
 157	 -118.50293	 -48.91847	  96.84546	  97.78316
 156	 -123.09271	 -48.68835	  96.261	  97.20206
 157	 -118.50293	 -48.91847	  96.84546	  97.78316
 167	 -124.62673	 -49.36493	  97.9794	  98.91057
 167	 -124.62673	 -49.36493	  97.9794	  98.91057
 157	 -118.50293	 -48.91847	  96.84546	  97.78316
 168	 -120.03696	 -49.59505	  98.56387	  99.49167
 167	 -124.62673	 -49.36493	  97.9794	  98.91057
 168	 -120.03696	 -49.59505	  98.56387	  99.49167
 178	 -126.16075	 -50.04153	  99.69782	  100.61908
 178	 -126.16075	 -50.04153	  99.69782	  100.61908
 168	 -120.03696	 -49.59505	  98.56387	  99.49167
 179	 -121.57096	 -50.27165	  100.28229	  101.20018
 178	 -126.16075	 -50.04153	  99.69782	  100.61908
 179	 -121.57096	 -50.27165	  100.28229	  101.20018
 189	 -127.69476	 -50.71812	  101.41624	  102.3276
 155	 -127.6825	 -48.45823	  95.67653	  96.62096
 145	 -121.55872	 -48.01177	  94.54259	  95.49356
 156	 -123.09271	 -48.68835	  96.261	  97.20206
 155	 -127.6825	 -48.45823	  95.67653	  96.62096
 156	 -123.09271	 -48.68835	  96.261	  97.20206
 166	 -129.21652	 -49.13482	  97.39494	  98.32947
 166	 -129.21652	 -49.13482	  97.39494	  98.32947
 156	 -123.09271	 -48.68835	  96.261	  97.20206
 167	 -124.62673	 -49.36493	  97.9794	  98.91057
 166	 -129.21652	 -49.13482	  97.39494	  98.32947
 167	 -124.62673	 -49.36493	  97.9794	  98.91057
 177	 -130.75053	 -49.81141	  99.11335	  100.03798
 177	 -130.75053	 -49.81141	  99.11335	  100.03798
 167	 -124.62673	 -49.36493	  97.9794	  98.91057
 178	 -126.16075	 -50.04153	  99.69782	  100.61908
 177	 -130.75053	 -49.81141	  99.11335	  100.03798
 178	 -126.16075	 -50.04153	  99.69782	  100.61908
 188	 -132.28455	 -50.488	  100.83177	  101.74649
 188	 -132.28455	 -50.488	  100.83177	  101.74649
 178	 -126.16075	 -50.04153	  99.69782	  100.61908
 189	 -127.69476	 -50.71812	  101.41624	  102.3276
 188	 -132.28455	 -50.488	  100.83177	  101.74649
 189	 -127.69476	 -50.71812	  101.41624	  102.3276
 199	 -133.81857	 -51.16459	  102.55019	  103.45501
 199	 -133.81857	 -51.16459	  102.55019	  103.45501
 189	 -127.69476	 -50.71812	  101.41624	  102.3276
 200	 -129.22879	 -51.39471	  103.13466	  104.03612
 189	 -127.69476	 -50.71812	  101.41624	  102.3276
 190	 -123.10498	 -50.94824	  102.0007	  102.90869
 200	 -129.22879	 -51.39471	  103.13466	  104.03612
 189	 -127.69476	 -50.71812	  101.41624	  102.3276
 179	 -121.57096	 -50.27165	  100.28229	  101.20018
 190	 -123.10498	 -50.94824	  102.0007	  102.90869
 179	 -121.57096	 -50.27165	  100.28229	  101.20018
 180	 -116.98119	 -50.50177	  100.86676	  101.78128
 190	 -123.10498	 -50.94824	  102.0007	  102.90869
 179	 -121.57096	 -50.27165	  100.28229	  101.20018
 169	 -115.44716	 -49.82518	  99.14835	  100.07277
 180	 -116.98119	 -50.50177	  100.86676	  101.78128
 168	 -120.03696	 -49.59505	  98.56387	  99.49167
 169	 -115.44716	 -49.82518	  99.14835	  100.07277
 179	 -121.57096	 -50.27165	  100.28229	  101.20018
 168	 -120.03696	 -49.59505	  98.56387	  99.49167
 158	 -113.91315	 -49.1486	  97.42993	  98.36426
 169	 -115.44716	 -49.82518	  99.14835	  100.07277
 157	 -118.50293	 -48.91847	  96.84546	  97.78316
 158	 -113.91315	 -49.1486	  97.42993	  98.36426
 168	 -120.03696	 -49.59505	  98.56387	  99.49167
 157	 -118.50293	 -48.91847	  96.84546	  97.78316
 147	 -112.37915	 -48.47202	  95.71152	  96.65575
 158	 -113.91315	 -49.1486	  97.42993	  98.36426
 146	 -116.96891	 -48.24189	  95.12705	  96.07465
 147	 -112.37915	 -48.47202	  95.71152	  96.65575
 157	 -118.50293	 -48.91847	  96.84546	  97.78316
 154	 -132.27231	 -48.22811	  95.09206	  96.03986
 155	 -127.6825	 -48.45823	  95.67653	  96.62096
 165	 -133.8063	 -48.90469	  96.81047	  97.74837
 165	 -133.8063	 -48.90469	  96.81047	  97.74837
 155	 -127.6825	 -48.45823	  95.67653	  96.62096
 166	 -129.21652	 -49.13482	  97.39494	  98.32947
 165	 -133.8063	 -48.90469	  96.81047	  97.74837
 166	 -129.21652	 -49.13482	  97.39494	  98.32947
 176	 -135.34032	 -49.58128	  98.52888	  99.45688
 176	 -135.34032	 -49.58128	  98.52888	  99.45688
 166	 -129.21652	 -49.13482	  97.39494	  98.32947
 177	 -130.75053	 -49.81141	  99.11335	  100.03798
 176	 -135.34032	 -49.58128	  98.52888	  99.45688
 177	 -130.75053	 -49.81141	  99.11335	  100.03798
 187	 -136.87434	 -50.25787	  100.2473	  101.16539
 187	 -136.87434	 -50.25787	  100.2473	  101.16539
 177	 -130.75053	 -49.81141	  99.11335	  100.03798
 188	 -132.28455	 -50.488	  100.83177	  101.74649
 187	 -136.87434	 -50.25787	  100.2473	  101.16539
 188	 -132.28455	 -50.488	  100.83177	  101.74649
 198	 -138.40836	 -50.93446	  101.96571	  102.8739
 198	 -138.40836	 -50.93446	  101.96571	  102.8739
 188	 -132.28455	 -50.488	  100.83177	  101.74649
 199	 -133.81857	 -51.16459	  102.55019	  103.45501
 198	 -138.40836	 -50.93446	  101.96571	  102.8739
 199	 -133.81857	 -51.16459	  102.55019	  103.45501
 209	 -139.94237	 -51.61104	  103.68413	  104.58242
 209	 -139.94237	 -51.61104	  103.68413	  104.58242
 199	 -133.81857	 -51.16459	  102.55019	  103.45501
 210	 -135.35258	 -51.84116	  104.26859	  105.16351
 199	 -133.81857	 -51.16459	  102.55019	  103.45501
 200	 -129.22879	 -51.39471	  103.13466	  104.03612
 210	 -135.35258	 -51.84116	  104.26859	  105.16351
 210	 -135.35258	 -51.84116	  104.26859	  105.16351
 200	 -129.22879	 -51.39471	  103.13466	  104.03612
 211	 -130.7628	 -52.07129	  104.85306	  105.74461
 200	 -129.22879	 -51.39471	  103.13466	  104.03612
 201	 -124.639	 -51.62483	  103.71912	  104.6172
 211	 -130.7628	 -52.07129	  104.85306	  105.74461
 200	 -129.22879	 -51.39471	  103.13466	  104.03612
 190	 -123.10498	 -50.94824	  102.0007	  102.90869
 201	 -124.639	 -51.62483	  103.71912	  104.6172
 190	 -123.10498	 -50.94824	  102.0007	  102.90869
 191	 -118.5152	 -51.17836	  102.58517	  103.48979
 201	 -124.639	 -51.62483	  103.71912	  104.6172
 190	 -123.10498	 -50.94824	  102.0007	  102.90869
 180	 -116.98119	 -50.50177	  100.86676	  101.78128
 191	 -118.5152	 -51.17836	  102.58517	  103.48979
 180	 -116.98119	 -50.50177	  100.86676	  101.78128
 181	 -112.39137	 -50.7319	  101.45122	  102.36238
 191	 -118.5152	 -51.17836	  102.58517	  103.48979
 180	 -116.98119	 -50.50177	  100.86676	  101.78128
 170	 -110.85735	 -50.0553	  99.7328	  100.65387
 181	 -112.39137	 -50.7319	  101.45122	  102.36238
 191	 -118.5152	 -51.17836	  102.58517	  103.48979
 181	 -112.39137	 -50.7319	  101.45122	  102.36238
 192	 -113.92538	 -51.40849	  103.16964	  104.07089
 191	 -118.5152	 -51.17836	  102.58517	  103.48979
 192	 -113.92538	 -51.40849	  103.16964	  104.07089
 202	 -120.04921	 -51.85495	  104.30359	  105.19831
 201	 -124.639	 -51.62483	  103.71912	  104.6172
 191	 -118.5152	 -51.17836	  102.58517	  103.48979
 202	 -120.04921	 -51.85495	  104.30359	  105.19831
 201	 -124.639	 -51.62483	  103.71912	  104.6172
 202	 -120.04921	 -51.85495	  104.30359	  105.19831
 212	 -126.17302	 -52.30141	  105.43753	  106.32573
 211	 -130.7628	 -52.07129	  104.85306	  105.74461
 201	 -124.639	 -51.62483	  103.71912	  104.6172
 212	 -126.17302	 -52.30141	  105.43753	  106.32573
 211	 -130.7628	 -52.07129	  104.85306	  105.74461
 212	 -126.17302	 -52.30141	  105.43753	  106.32573
 222	 -132.29681	 -52.74787	  106.57147	  107.45314
 221	 -136.8866	 -52.51775	  105.98701	  106.87203
 211	 -130.7628	 -52.07129	  104.85306	  105.74461
 222	 -132.29681	 -52.74787	  106.57147	  107.45314
 210	 -135.35258	 -51.84116	  104.26859	  105.16351
 211	 -130.7628	 -52.07129	  104.85306	  105.74461
 221	 -136.8866	 -52.51775	  105.98701	  106.87203
 220	 -141.47639	 -52.28763	  105.40253	  106.29092
 210	 -135.35258	 -51.84116	  104.26859	  105.16351
 221	 -136.8866	 -52.51775	  105.98701	  106.87203
 209	 -139.94237	 -51.61104	  103.68413	  104.58242
 210	 -135.35258	 -51.84116	  104.26859	  105.16351
 220	 -141.47639	 -52.28763	  105.40253	  106.29092
 219	 -146.06618	 -52.05751	  104.81807	  105.70984
 209	 -139.94237	 -51.61104	  103.68413	  104.58242
 220	 -141.47639	 -52.28763	  105.40253	  106.29092
 208	 -144.53217	 -51.38092	  103.09966	  104.00132
 209	 -139.94237	 -51.61104	  103.68413	  104.58242
 219	 -146.06618	 -52.05751	  104.81807	  105.70984
 208	 -144.53217	 -51.38092	  103.09966	  104.00132
 198	 -138.40836	 -50.93446	  101.96571	  102.8739
 209	 -139.94237	 -51.61104	  103.68413	  104.58242
 197	 -142.99814	 -50.70434	  101.38124	  102.2928
 198	 -138.40836	 -50.93446	  101.96571	  102.8739
 208	 -144.53217	 -51.38092	  103.09966	  104.00132
 197	 -142.99814	 -50.70434	  101.38124	  102.2928
 187	 -136.87434	 -50.25787	  100.2473	  101.16539
 198	 -138.40836	 -50.93446	  101.96571	  102.8739
 186	 -141.46411	 -50.02776	  99.66283	  100.5843
 187	 -136.87434	 -50.25787	  100.2473	  101.16539
 197	 -142.99814	 -50.70434	  101.38124	  102.2928
 186	 -141.46411	 -50.02776	  99.66283	  100.5843
 176	 -135.34032	 -49.58128	  98.52888	  99.45688
 187	 -136.87434	 -50.25787	  100.2473	  101.16539
 175	 -139.93013	 -49.35117	  97.94442	  98.87578
 176	 -135.34032	 -49.58128	  98.52888	  99.45688
 186	 -141.46411	 -50.02776	  99.66283	  100.5843
 175	 -139.93013	 -49.35117	  97.94442	  98.87578
 165	 -133.8063	 -48.90469	  96.81047	  97.74837
 176	 -135.34032	 -49.58128	  98.52888	  99.45688
 164	 -138.3961	 -48.67457	  96.22601	  97.16727
 165	 -133.8063	 -48.90469	  96.81047	  97.74837
 175	 -139.93013	 -49.35117	  97.94442	  98.87578
 164	 -138.3961	 -48.67457	  96.22601	  97.16727
 154	 -132.27231	 -48.22811	  95.09206	  96.03986
 165	 -133.8063	 -48.90469	  96.81047	  97.74837
 153	 -136.86209	 -47.99799	  94.5076	  95.45876
 154	 -132.27231	 -48.22811	  95.09206	  96.03986
 164	 -138.3961	 -48.67457	  96.22601	  97.16727
 153	 -136.86209	 -47.99799	  94.5076	  95.45876
 143	 -130.73828	 -47.55153	  93.37365	  94.33134
 154	 -132.27231	 -48.22811	  95.09206	  96.03986
 142	 -135.32808	 -47.3214	  92.78918	  93.75024
 143	 -130.73828	 -47.55153	  93.37365	  94.33134
 153	 -136.86209	 -47.99799	  94.5076	  95.45876
 142	 -135.32808	 -47.3214	  92.78918	  93.75024
 132	 -129.20425	 -46.87494	  91.65524	  92.62284
 143	 -130.73828	 -47.55153	  93.37365	  94.33134
 131	 -133.79407	 -46.64481	  91.07078	  92.04174
 132	 -129.20425	 -46.87494	  91.65524	  92.62284
 142	 -135.32808	 -47.3214	  92.78918	  93.75024
 131	 -133.79407	 -46.64481	  91.07078	  92.04174
 121	 -127.67024	 -46.19836	  89.93683	  90.91433
 132	 -129.20425	 -46.87494	  91.65524	  92.62284
 120	 -132.26006	 -45.96824	  89.35236	  90.33323
 121	 -127.67024	 -46.19836	  89.93683	  90.91433
 131	 -133.79407	 -46.64481	  91.07078	  92.04174
 120	 -132.26006	 -45.96824	  89.35236	  90.33323
 109	 -126.13623	 -45.52177	  88.21841	  89.20581
 121	 -127.67024	 -46.19836	  89.93683	  90.91433
 108	 -130.72604	 -45.29165	  87.63396	  88.62472
 109	 -126.13623	 -45.52177	  88.21841	  89.20581
 120	 -132.26006	 -45.96824	  89.35236	  90.33323
 108	 -130.72604	 -45.29165	  87.63396	  88.62472
 99	 -124.60224	 -44.84518	  86.50	  87.4973
 109	 -126.13623	 -45.52177	  88.21841	  89.20581
 98	 -129.19203	 -44.61506	  85.91553	  86.9162
 99	 -124.60224	 -44.84518	  86.50	  87.4973
 108	 -130.72604	 -45.29165	  87.63396	  88.62472
 98	 -129.19203	 -44.61506	  85.91553	  86.9162
 89	 -123.06822	 -44.16859	  84.78159	  85.7888
 99	 -124.60224	 -44.84518	  86.50	  87.4973
 88	 -127.658	 -43.93847	  84.19712	  85.20769
 89	 -123.06822	 -44.16859	  84.78159	  85.7888
 98	 -129.19203	 -44.61506	  85.91553	  86.9162
 88	 -127.658	 -43.93847	  84.19712	  85.20769
 78	 -121.53421	 -43.49201	  83.06317	  84.08028
 89	 -123.06822	 -44.16859	  84.78159	  85.7888
 77	 -126.12399	 -43.26189	  82.47871	  83.49918
 78	 -121.53421	 -43.49201	  83.06317	  84.08028
 88	 -127.658	 -43.93847	  84.19712	  85.20769
 57	 -113.15416	 -42.24975	  79.90806	  80.94334
 68	 -115.24667	 -43.01415	  81.84949	  82.87359
 55	 -118.46617	 -42.13883	  79.62634	  80.66325
 55	 -118.46617	 -42.13883	  79.62634	  80.66325
 68	 -115.24667	 -43.01415	  81.84949	  82.87359
 67	 -120.00018	 -42.81543	  81.34476	  82.37177
 68	 -115.24667	 -43.01415	  81.84949	  82.87359
 79	 -116.94441	 -43.72213	  83.64764	  84.66138
 67	 -120.00018	 -42.81543	  81.34476	  82.37177
 67	 -120.00018	 -42.81543	  81.34476	  82.37177
 79	 -116.94441	 -43.72213	  83.64764	  84.66138
 78	 -121.53421	 -43.49201	  83.06317	  84.08028
 78	 -121.53421	 -43.49201	  83.06317	  84.08028
 79	 -116.94441	 -43.72213	  83.64764	  84.66138
 89	 -123.06822	 -44.16859	  84.78159	  85.7888
 89	 -123.06822	 -44.16859	  84.78159	  85.7888
 79	 -116.94441	 -43.72213	  83.64764	  84.66138
 90	 -118.47843	 -44.39872	  85.36606	  86.3699
 89	 -123.06822	 -44.16859	  84.78159	  85.7888
 90	 -118.47843	 -44.39872	  85.36606	  86.3699
 99	 -124.60224	 -44.84518	  86.50	  87.4973
 99	 -124.60224	 -44.84518	  86.50	  87.4973
 90	 -118.47843	 -44.39872	  85.36606	  86.3699
 100	 -120.01245	 -45.0753	  87.08447	  88.0784
 99	 -124.60224	 -44.84518	  86.50	  87.4973
 100	 -120.01245	 -45.0753	  87.08447	  88.0784
 109	 -126.13623	 -45.52177	  88.21841	  89.20581
 109	 -126.13623	 -45.52177	  88.21841	  89.20581
 100	 -120.01245	 -45.0753	  87.08447	  88.0784
 110	 -121.54644	 -45.75189	  88.80289	  89.78692
 109	 -126.13623	 -45.52177	  88.21841	  89.20581
 110	 -121.54644	 -45.75189	  88.80289	  89.78692
 121	 -127.67024	 -46.19836	  89.93683	  90.91433
 121	 -127.67024	 -46.19836	  89.93683	  90.91433
 110	 -121.54644	 -45.75189	  88.80289	  89.78692
 122	 -123.08046	 -46.42848	  90.5213	  91.49543
 121	 -127.67024	 -46.19836	  89.93683	  90.91433
 122	 -123.08046	 -46.42848	  90.5213	  91.49543
 132	 -129.20425	 -46.87494	  91.65524	  92.62284
 132	 -129.20425	 -46.87494	  91.65524	  92.62284
 122	 -123.08046	 -46.42848	  90.5213	  91.49543
 133	 -124.61449	 -47.10506	  92.23971	  93.20394
 132	 -129.20425	 -46.87494	  91.65524	  92.62284
 133	 -124.61449	 -47.10506	  92.23971	  93.20394
 143	 -130.73828	 -47.55153	  93.37365	  94.33134
 143	 -130.73828	 -47.55153	  93.37365	  94.33134
 133	 -124.61449	 -47.10506	  92.23971	  93.20394
 144	 -126.1485	 -47.78165	  93.95812	  94.91245
 143	 -130.73828	 -47.55153	  93.37365	  94.33134
 144	 -126.1485	 -47.78165	  93.95812	  94.91245
 154	 -132.27231	 -48.22811	  95.09206	  96.03986
 154	 -132.27231	 -48.22811	  95.09206	  96.03986
 144	 -126.1485	 -47.78165	  93.95812	  94.91245
 155	 -127.6825	 -48.45823	  95.67653	  96.62096
 46	 -111.01781	 -41.50508	  78.01673	  79.0629
 58	 -107.4943	 -42.31075	  80.06297	  81.09737
 57	 -113.15416	 -42.24975	  79.90806	  80.94334
 58	 -107.4943	 -42.31075	  80.06297	  81.09737
 69	 -110.04348	 -43.11931	  82.11658	  83.13914
 57	 -113.15416	 -42.24975	  79.90806	  80.94334
 57	 -113.15416	 -42.24975	  79.90806	  80.94334
 69	 -110.04348	 -43.11931	  82.11658	  83.13914
 68	 -115.24667	 -43.01415	  81.84949	  82.87359
 69	 -110.04348	 -43.11931	  82.11658	  83.13914
 80	 -112.23676	 -43.92327	  84.15851	  85.1693
 68	 -115.24667	 -43.01415	  81.84949	  82.87359
 68	 -115.24667	 -43.01415	  81.84949	  82.87359
 80	 -112.23676	 -43.92327	  84.15851	  85.1693
 79	 -116.94441	 -43.72213	  83.64764	  84.66138
 80	 -112.23676	 -43.92327	  84.15851	  85.1693
 91	 -113.88864	 -44.62884	  85.95053	  86.951
 79	 -116.94441	 -43.72213	  83.64764	  84.66138
 79	 -116.94441	 -43.72213	  83.64764	  84.66138
 91	 -113.88864	 -44.62884	  85.95053	  86.951
 90	 -118.47843	 -44.39872	  85.36606	  86.3699
 90	 -118.47843	 -44.39872	  85.36606	  86.3699
 91	 -113.88864	 -44.62884	  85.95053	  86.951
 100	 -120.01245	 -45.0753	  87.08447	  88.0784
 100	 -120.01245	 -45.0753	  87.08447	  88.0784
 91	 -113.88864	 -44.62884	  85.95053	  86.951
 101	 -115.42267	 -45.30543	  87.66894	  88.65951
 100	 -120.01245	 -45.0753	  87.08447	  88.0784
 101	 -115.42267	 -45.30543	  87.66894	  88.65951
 110	 -121.54644	 -45.75189	  88.80289	  89.78692
 110	 -121.54644	 -45.75189	  88.80289	  89.78692
 101	 -115.42267	 -45.30543	  87.66894	  88.65951
 111	 -116.95667	 -45.98201	  89.38734	  90.36801
 110	 -121.54644	 -45.75189	  88.80289	  89.78692
 111	 -116.95667	 -45.98201	  89.38734	  90.36801
 122	 -123.08046	 -46.42848	  90.5213	  91.49543
 122	 -123.08046	 -46.42848	  90.5213	  91.49543
 111	 -116.95667	 -45.98201	  89.38734	  90.36801
 123	 -118.49068	 -46.6586	  91.10576	  92.07652
 122	 -123.08046	 -46.42848	  90.5213	  91.49543
 123	 -118.49068	 -46.6586	  91.10576	  92.07652
 133	 -124.61449	 -47.10506	  92.23971	  93.20394
 133	 -124.61449	 -47.10506	  92.23971	  93.20394
 123	 -118.49068	 -46.6586	  91.10576	  92.07652
 134	 -120.0247	 -47.33518	  92.82417	  93.78504
 133	 -124.61449	 -47.10506	  92.23971	  93.20394
 134	 -120.0247	 -47.33518	  92.82417	  93.78504
 144	 -126.1485	 -47.78165	  93.95812	  94.91245
 144	 -126.1485	 -47.78165	  93.95812	  94.91245
 134	 -120.0247	 -47.33518	  92.82417	  93.78504
 145	 -121.55872	 -48.01177	  94.54259	  95.49356
 144	 -126.1485	 -47.78165	  93.95812	  94.91245
 145	 -121.55872	 -48.01177	  94.54259	  95.49356
 155	 -127.6825	 -48.45823	  95.67653	  96.62096
 333	 -95.57702	 -39.39736	  72.66346	  73.74048
 323	 -90.72627	 -39.08875	  71.87962	  72.96116
 334	 -91.27598	 -39.7156	  73.47172	  74.54408
 322	 -95.12014	 -38.77443	  71.08131	  72.16745
 312	 -90.34866	 -38.45619	  70.27305	  71.36385
 323	 -90.72627	 -39.08875	  71.87962	  72.96116
 322	 -95.12014	 -38.77443	  71.08131	  72.16745
 323	 -90.72627	 -39.08875	  71.87962	  72.96116
 333	 -95.57702	 -39.39736	  72.66346	  73.74048
 332	 -100.66223	 -39.15504	  72.048	  73.12857
 322	 -95.12014	 -38.77443	  71.08131	  72.16745
 333	 -95.57702	 -39.39736	  72.66346	  73.74048
 300	 -92.52201	 -37.57446	  68.03359	  69.13728
 312	 -90.34866	 -38.45619	  70.27305	  71.36385
 311	 -94.61757	 -38.14229	  69.4758	  70.57119
 311	 -94.61757	 -38.14229	  69.4758	  70.57119
 312	 -90.34866	 -38.45619	  70.27305	  71.36385
 322	 -95.12014	 -38.77443	  71.08131	  72.16745
 321	 -99.92268	 -38.53175	  70.46497	  71.55466
 311	 -94.61757	 -38.14229	  69.4758	  70.57119
 322	 -95.12014	 -38.77443	  71.08131	  72.16745
 321	 -99.92268	 -38.53175	  70.46497	  71.55466
 322	 -95.12014	 -38.77443	  71.08131	  72.16745
 332	 -100.66223	 -39.15504	  72.048	  73.12857
 331	 -106.01213	 -38.96998	  71.578	  72.66128
 321	 -99.92268	 -38.53175	  70.46497	  71.55466
 332	 -100.66223	 -39.15504	  72.048	  73.12857
 285	 -102.36778	 -36.56477	  65.46916	  66.58764
 296	 -104.87459	 -36.99178	  66.55368	  67.66591
 286	 -107.13223	 -36.43505	  65.13971	  66.26008
 286	 -107.13223	 -36.43505	  65.13971	  66.26008
 296	 -104.87459	 -36.99178	  66.55368	  67.66591
 297	 -109.56581	 -36.80758	  66.08585	  67.20077
 296	 -104.87459	 -36.99178	  66.55368	  67.66591
 307	 -107.72808	 -37.40274	  67.59747	  68.70368
 297	 -109.56581	 -36.80758	  66.08585	  67.20077
 297	 -109.56581	 -36.80758	  66.08585	  67.20077
 307	 -107.72808	 -37.40274	  67.59747	  68.70368
 308	 -112.31787	 -37.17262	  67.01301	  68.12258
 308	 -112.31787	 -37.17262	  67.01301	  68.12258
 307	 -107.72808	 -37.40274	  67.59747	  68.70368
 318	 -113.85188	 -37.84921	  68.73142	  69.83109
 318	 -113.85188	 -37.84921	  68.73142	  69.83109
 307	 -107.72808	 -37.40274	  67.59747	  68.70368
 319	 -109.2621	 -38.07933	  69.31589	  70.41219
 318	 -113.85188	 -37.84921	  68.73142	  69.83109
 319	 -109.2621	 -38.07933	  69.31589	  70.41219
 329	 -115.38591	 -38.52579	  70.44983	  71.5396
 329	 -115.38591	 -38.52579	  70.44983	  71.5396
 319	 -109.2621	 -38.07933	  69.31589	  70.41219
 330	 -110.79612	 -38.75591	  71.03429	  72.1207
 319	 -109.2621	 -38.07933	  69.31589	  70.41219
 331	 -106.01213	 -38.96998	  71.578	  72.66128
 330	 -110.79612	 -38.75591	  71.03429	  72.1207
 320	 -104.67232	 -38.30945	  69.90035	  70.99329
 331	 -106.01213	 -38.96998	  71.578	  72.66128
 319	 -109.2621	 -38.07933	  69.31589	  70.41219
 320	 -104.67232	 -38.30945	  69.90035	  70.99329
 321	 -99.92268	 -38.53175	  70.46497	  71.55466
 331	 -106.01213	 -38.96998	  71.578	  72.66128
 320	 -104.67232	 -38.30945	  69.90035	  70.99329
 310	 -98.68184	 -37.86943	  68.78277	  69.88215
 321	 -99.92268	 -38.53175	  70.46497	  71.55466
 310	 -98.68184	 -37.86943	  68.78277	  69.88215
 311	 -94.61757	 -38.14229	  69.4758	  70.57119
 321	 -99.92268	 -38.53175	  70.46497	  71.55466
 299	 -96.11908	 -37.36279	  67.496	  68.6028
 311	 -94.61757	 -38.14229	  69.4758	  70.57119
 310	 -98.68184	 -37.86943	  68.78277	  69.88215
 300	 -92.52201	 -37.57446	  68.03359	  69.13728
 311	 -94.61757	 -38.14229	  69.4758	  70.57119
 299	 -96.11908	 -37.36279	  67.496	  68.6028
 288	 -93.76013	 -36.82537	  66.13103	  67.24568
 300	 -92.52201	 -37.57446	  68.03359	  69.13728
 299	 -96.11908	 -37.36279	  67.496	  68.6028
 289	 -90.06516	 -36.97033	  66.4992	  67.61174
 300	 -92.52201	 -37.57446	  68.03359	  69.13728
 288	 -93.76013	 -36.82537	  66.13103	  67.24568
 277	 -91.7208	 -36.24002	  64.64436	  65.76759
 289	 -90.06516	 -36.97033	  66.4992	  67.61174
 288	 -93.76013	 -36.82537	  66.13103	  67.24568
 231	 -97.80502	 -34.5922	  60.45916	  61.6065
 254	 -93.24538	 -35.07917	  61.69598	  62.8362
 252	 -98.08421	 -35.11127	  61.77753	  62.91727
 254	 -93.24538	 -35.07917	  61.69598	  62.8362
 265	 -94.18311	 -35.63627	  63.11093	  64.24299
 252	 -98.08421	 -35.11127	  61.77753	  62.91727
 252	 -98.08421	 -35.11127	  61.77753	  62.91727
 265	 -94.18311	 -35.63627	  63.11093	  64.24299
 263	 -98.94859	 -35.61634	  63.06033	  64.19267
 265	 -94.18311	 -35.63627	  63.11093	  64.24299
 276	 -95.69608	 -36.17767	  64.48599	  65.61013
 263	 -98.94859	 -35.61634	  63.06033	  64.19267
 263	 -98.94859	 -35.61634	  63.06033	  64.19267
 276	 -95.69608	 -36.17767	  64.48599	  65.61013
 274	 -100.37939	 -36.10421	  64.29942	  65.42463
 276	 -95.69608	 -36.17767	  64.48599	  65.61013
 287	 -97.68993	 -36.69468	  65.7991	  66.91566
 274	 -100.37939	 -36.10421	  64.29942	  65.42463
 274	 -100.37939	 -36.10421	  64.29942	  65.42463
 287	 -97.68993	 -36.69468	  65.7991	  66.91566
 285	 -102.36778	 -36.56477	  65.46916	  66.58764
 287	 -97.68993	 -36.69468	  65.7991	  66.91566
 298	 -100.18948	 -37.17455	  67.0179	  68.12744
 285	 -102.36778	 -36.56477	  65.46916	  66.58764
 285	 -102.36778	 -36.56477	  65.46916	  66.58764
 298	 -100.18948	 -37.17455	  67.0179	  68.12744
 296	 -104.87459	 -36.99178	  66.55368	  67.66591
 298	 -100.18948	 -37.17455	  67.0179	  68.12744
 309	 -103.1383	 -37.63286	  68.18194	  69.28478
 296	 -104.87459	 -36.99178	  66.55368	  67.66591
 296	 -104.87459	 -36.99178	  66.55368	  67.66591
 309	 -103.1383	 -37.63286	  68.18194	  69.28478
 307	 -107.72808	 -37.40274	  67.59747	  68.70368
 307	 -107.72808	 -37.40274	  67.59747	  68.70368
 309	 -103.1383	 -37.63286	  68.18194	  69.28478
 319	 -109.2621	 -38.07933	  69.31589	  70.41219
 319	 -109.2621	 -38.07933	  69.31589	  70.41219
 309	 -103.1383	 -37.63286	  68.18194	  69.28478
 320	 -104.67232	 -38.30945	  69.90035	  70.99329
 309	 -103.1383	 -37.63286	  68.18194	  69.28478
 310	 -98.68184	 -37.86943	  68.78277	  69.88215
 320	 -104.67232	 -38.30945	  69.90035	  70.99329
 298	 -100.18948	 -37.17455	  67.0179	  68.12744
 310	 -98.68184	 -37.86943	  68.78277	  69.88215
 309	 -103.1383	 -37.63286	  68.18194	  69.28478
 299	 -96.11908	 -37.36279	  67.496	  68.6028
 310	 -98.68184	 -37.86943	  68.78277	  69.88215
 298	 -100.18948	 -37.17455	  67.0179	  68.12744
 287	 -97.68993	 -36.69468	  65.7991	  66.91566
 299	 -96.11908	 -37.36279	  67.496	  68.6028
 298	 -100.18948	 -37.17455	  67.0179	  68.12744
 288	 -93.76013	 -36.82537	  66.13103	  67.24568
 299	 -96.11908	 -37.36279	  67.496	  68.6028
 287	 -97.68993	 -36.69468	  65.7991	  66.91566
 235	 -92.98972	 -34.5103	  60.25116	  61.3997
 254	 -93.24538	 -35.07917	  61.69598	  62.8362
 231	 -97.80502	 -34.5922	  60.45916	  61.6065
 276	 -95.69608	 -36.17767	  64.48599	  65.61013
 288	 -93.76013	 -36.82537	  66.13103	  67.24568
 287	 -97.68993	 -36.69468	  65.7991	  66.91566
 277	 -91.7208	 -36.24002	  64.64436	  65.76759
 288	 -93.76013	 -36.82537	  66.13103	  67.24568
 276	 -95.69608	 -36.17767	  64.48599	  65.61013
 265	 -94.18311	 -35.63627	  63.11093	  64.24299
 277	 -91.7208	 -36.24002	  64.64436	  65.76759
 276	 -95.69608	 -36.17767	  64.48599	  65.61013
 266	 -90.0481	 -35.63001	  63.09502	  64.22717
 277	 -91.7208	 -36.24002	  64.64436	  65.76759
 265	 -94.18311	 -35.63627	  63.11093	  64.24299
 254	 -93.24538	 -35.07917	  61.69598	  62.8362
 266	 -90.0481	 -35.63001	  63.09502	  64.22717
 265	 -94.18311	 -35.63627	  63.11093	  64.24299
 255	 -88.85918	 -35.01952	  61.54449	  62.68558
 266	 -90.0481	 -35.63001	  63.09502	  64.22717
 254	 -93.24538	 -35.07917	  61.69598	  62.8362
 235	 -92.98972	 -34.5103	  60.25116	  61.3997
 255	 -88.85918	 -35.01952	  61.54449	  62.68558
 254	 -93.24538	 -35.07917	  61.69598	  62.8362
 237	 -88.31055	 -34.41457	  60.00801	  61.15794
 255	 -88.85918	 -35.01952	  61.54449	  62.68558
 235	 -92.98972	 -34.5103	  60.25116	  61.3997
 240	 -79.45269	 -33.45988	  57.58327	  58.74718
 241	 -80.02011	 -34.08367	  59.16759	  60.32236
 238	 -84.48717	 -33.58465	  57.90017	  59.06225
 238	 -84.48717	 -33.58465	  57.90017	  59.06225
 241	 -80.02011	 -34.08367	  59.16759	  60.32236
 239	 -84.1065	 -34.26046	  59.61659	  60.76878
 238	 -84.48717	 -33.58465	  57.90017	  59.06225
 239	 -84.1065	 -34.26046	  59.61659	  60.76878
 236	 -88.64833	 -33.79708	  58.4397	  59.59868
 236	 -88.64833	 -33.79708	  58.4397	  59.59868
 239	 -84.1065	 -34.26046	  59.61659	  60.76878
 237	 -88.31055	 -34.41457	  60.00801	  61.15794
 236	 -88.64833	 -33.79708	  58.4397	  59.59868
 237	 -88.31055	 -34.41457	  60.00801	  61.15794
 234	 -93.27541	 -33.95691	  58.84564	  60.00227
 234	 -93.27541	 -33.95691	  58.84564	  60.00227
 237	 -88.31055	 -34.41457	  60.00801	  61.15794
 235	 -92.98972	 -34.5103	  60.25116	  61.3997
 234	 -93.27541	 -33.95691	  58.84564	  60.00227
 235	 -92.98972	 -34.5103	  60.25116	  61.3997
 230	 -98.05089	 -34.09136	  59.18713	  60.3418
 230	 -98.05089	 -34.09136	  59.18713	  60.3418
 235	 -92.98972	 -34.5103	  60.25116	  61.3997
 231	 -97.80502	 -34.5922	  60.45916	  61.6065
 230	 -98.05089	 -34.09136	  59.18713	  60.3418
 231	 -97.80502	 -34.5922	  60.45916	  61.6065
 232	 -102.82777	 -34.22562	  59.52812	  60.68082
 232	 -102.82777	 -34.22562	  59.52812	  60.68082
 231	 -97.80502	 -34.5922	  60.45916	  61.6065
 233	 -102.61983	 -34.67377	  60.66635	  61.8125
 231	 -97.80502	 -34.5922	  60.45916	  61.6065
 252	 -98.08421	 -35.11127	  61.77753	  62.91727
 233	 -102.61983	 -34.67377	  60.66635	  61.8125
 233	 -102.61983	 -34.67377	  60.66635	  61.8125
 252	 -98.08421	 -35.11127	  61.77753	  62.91727
 253	 -102.92783	 -35.14186	  61.85522	  62.99452
 252	 -98.08421	 -35.11127	  61.77753	  62.91727
 263	 -98.94859	 -35.61634	  63.06033	  64.19267
 253	 -102.92783	 -35.14186	  61.85522	  62.99452
 253	 -102.92783	 -35.14186	  61.85522	  62.99452
 263	 -98.94859	 -35.61634	  63.06033	  64.19267
 264	 -103.79541	 -35.59344	  63.00215	  64.13483
 263	 -98.94859	 -35.61634	  63.06033	  64.19267
 274	 -100.37939	 -36.10421	  64.29942	  65.42463
 264	 -103.79541	 -35.59344	  63.00215	  64.13483
 264	 -103.79541	 -35.59344	  63.00215	  64.13483
 274	 -100.37939	 -36.10421	  64.29942	  65.42463
 275	 -105.202	 -36.02725	  64.10396	  65.23029
 274	 -100.37939	 -36.10421	  64.29942	  65.42463
 285	 -102.36778	 -36.56477	  65.46916	  66.58764
 275	 -105.202	 -36.02725	  64.10396	  65.23029
 275	 -105.202	 -36.02725	  64.10396	  65.23029
 285	 -102.36778	 -36.56477	  65.46916	  66.58764
 286	 -107.13223	 -36.43505	  65.13971	  66.26008
 278	 -87.84078	 -36.29705	  64.78918	  65.91157
 289	 -90.06516	 -36.97033	  66.4992	  67.61174
 277	 -91.7208	 -36.24002	  64.64436	  65.76759
 266	 -90.0481	 -35.63001	  63.09502	  64.22717
 278	 -87.84078	 -36.29705	  64.78918	  65.91157
 277	 -91.7208	 -36.24002	  64.64436	  65.76759
 267	 -86.0207	 -35.59513	  63.00642	  64.13908
 278	 -87.84078	 -36.29705	  64.78918	  65.91157
 266	 -90.0481	 -35.63001	  63.09502	  64.22717
 255	 -88.85918	 -35.01952	  61.54449	  62.68558
 267	 -86.0207	 -35.59513	  63.00642	  64.13908
 266	 -90.0481	 -35.63001	  63.09502	  64.22717
 256	 -84.71355	 -34.91269	  61.27316	  62.4158
 267	 -86.0207	 -35.59513	  63.00642	  64.13908
 255	 -88.85918	 -35.01952	  61.54449	  62.68558
 237	 -88.31055	 -34.41457	  60.00801	  61.15794
 256	 -84.71355	 -34.91269	  61.27316	  62.4158
 255	 -88.85918	 -35.01952	  61.54449	  62.68558
 239	 -84.1065	 -34.26046	  59.61659	  60.76878
 256	 -84.71355	 -34.91269	  61.27316	  62.4158
 237	 -88.31055	 -34.41457	  60.00801	  61.15794
 239	 -84.1065	 -34.26046	  59.61659	  60.76878
 257	 -80.317	 -34.78201	  60.94123	  62.08579
 256	 -84.71355	 -34.91269	  61.27316	  62.4158
 241	 -80.02011	 -34.08367	  59.16759	  60.32236
 257	 -80.317	 -34.78201	  60.94123	  62.08579
 239	 -84.1065	 -34.26046	  59.61659	  60.76878
 241	 -80.02011	 -34.08367	  59.16759	  60.32236
 258	 -74.89978	 -34.68764	  60.70156	  61.84751
 257	 -80.317	 -34.78201	  60.94123	  62.08579
 243	 -74.71404	 -33.99021	  58.9302	  60.08635
 258	 -74.89978	 -34.68764	  60.70156	  61.84751
 241	 -80.02011	 -34.08367	  59.16759	  60.32236
 243	 -74.71404	 -33.99021	  58.9302	  60.08635
 259	 -68.25757	 -34.6493	  60.60418	  61.75068
 258	 -74.89978	 -34.68764	  60.70156	  61.84751
 245	 -68.58051	 -33.94072	  58.80452	  59.96139
 259	 -68.25757	 -34.6493	  60.60418	  61.75068
 243	 -74.71404	 -33.99021	  58.9302	  60.08635
 245	 -68.58051	 -33.94072	  58.80452	  59.96139
 247	 -62.61799	 -33.93286	  58.78453	  59.94152
 259	 -68.25757	 -34.6493	  60.60418	  61.75068
 259	 -68.25757	 -34.6493	  60.60418	  61.75068
 247	 -62.61799	 -33.93286	  58.78453	  59.94152
 260	 -61.81352	 -34.6506	  60.60748	  61.75397
 247	 -62.61799	 -33.93286	  58.78453	  59.94152
 249	 -56.70367	 -33.93798	  58.79753	  59.95444
 260	 -61.81352	 -34.6506	  60.60748	  61.75397
 260	 -61.81352	 -34.6506	  60.60748	  61.75397
 249	 -56.70367	 -33.93798	  58.79753	  59.95444
 261	 -55.99621	 -34.68727	  60.70062	  61.84657
 261	 -55.99621	 -34.68727	  60.70062	  61.84657
 272	 -57.37584	 -35.64529	  63.13381	  64.26573
 260	 -61.81352	 -34.6506	  60.60748	  61.75397
 283	 -59.77864	 -36.73676	  65.90595	  67.02191
 295	 -58.01658	 -37.9287	  68.93327	  70.03178
 294	 -62.56638	 -37.85192	  68.73827	  69.83791
 284	 -55.31573	 -36.83598	  66.15794	  67.27245
 295	 -58.01658	 -37.9287	  68.93327	  70.03178
 283	 -59.77864	 -36.73676	  65.90595	  67.02191
 272	 -57.37584	 -35.64529	  63.13381	  64.26573
 284	 -55.31573	 -36.83598	  66.15794	  67.27245
 283	 -59.77864	 -36.73676	  65.90595	  67.02191
 273	 -53.06996	 -35.7577	  63.41931	  64.54959
 284	 -55.31573	 -36.83598	  66.15794	  67.27245
 272	 -57.37584	 -35.64529	  63.13381	  64.26573
 261	 -55.99621	 -34.68727	  60.70062	  61.84657
 273	 -53.06996	 -35.7577	  63.41931	  64.54959
 272	 -57.37584	 -35.64529	  63.13381	  64.26573
 262	 -51.40437	 -34.77173	  60.91512	  62.05983
 273	 -53.06996	 -35.7577	  63.41931	  64.54959
 261	 -55.99621	 -34.68727	  60.70062	  61.84657
 261	 -55.99621	 -34.68727	  60.70062	  61.84657
 251	 -51.39299	 -33.90482	  58.71331	  59.8707
 262	 -51.40437	 -34.77173	  60.91512	  62.05983
 249	 -56.70367	 -33.93798	  58.79753	  59.95444
 251	 -51.39299	 -33.90482	  58.71331	  59.8707
 261	 -55.99621	 -34.68727	  60.70062	  61.84657
 249	 -56.70367	 -33.93798	  58.79753	  59.95444
 250	 -52.21221	 -33.07138	  56.59652	  57.76611
 251	 -51.39299	 -33.90482	  58.71331	  59.8707
 248	 -57.58207	 -33.21107	  56.95132	  58.11887
 250	 -52.21221	 -33.07138	  56.59652	  57.76611
 249	 -56.70367	 -33.93798	  58.79753	  59.95444
 247	 -62.61799	 -33.93286	  58.78453	  59.94152
 248	 -57.58207	 -33.21107	  56.95132	  58.11887
 249	 -56.70367	 -33.93798	  58.79753	  59.95444
 246	 -63.18896	 -33.26048	  57.0768	  58.24363
 248	 -57.58207	 -33.21107	  56.95132	  58.11887
 247	 -62.61799	 -33.93286	  58.78453	  59.94152
 245	 -68.58051	 -33.94072	  58.80452	  59.96139
 246	 -63.18896	 -33.26048	  57.0768	  58.24363
 247	 -62.61799	 -33.93286	  58.78453	  59.94152
 244	 -68.64412	 -33.29811	  57.17239	  58.33866
 246	 -63.18896	 -33.26048	  57.0768	  58.24363
