 996	 -3.8649	  5.51836	  32.44844	  32.64697
 994	 -3.92712	  5.71759	  32.44409	  32.64263
 996	 -3.8649	  5.51836	  32.44844	  32.64697
 997	 -3.91276	  5.53768	  32.43459	  32.63313
 998	 -3.7816	  5.96182	  32.49443	  32.69297
 999	 -3.8634	  5.9491	  32.48591	  32.68445
 1000	 -3.84962	  6.17383	  32.48619	  32.68472
 998	 -3.7816	  5.96182	  32.49443	  32.69297
 1000	 -3.84962	  6.17383	  32.48619	  32.68472
 444	 -3.77667	  6.17258	  32.49291	  32.69145
 1001	 -3.94295	  6.15386	  32.47807	  32.6766
 1002	 -3.93639	  5.9251	  32.46763	  32.66616
 1003	 -4.00877	  5.88866	  32.43658	  32.63511
 1001	 -3.94295	  6.15386	  32.47807	  32.6766
 1003	 -4.00877	  5.88866	  32.43658	  32.63511
 1004	 -4.01833	  6.10872	  32.45653	  32.65506
 1005	 -3.8634	  5.9491	  32.48591	  32.68445
 1006	 -3.7816	  5.96182	  32.49443	  32.69297
 1007	 -3.78046	  5.72098	  32.47678	  32.67531
 1005	 -3.8634	  5.9491	  32.48591	  32.68445
 1007	 -3.78046	  5.72098	  32.47678	  32.67531
 1008	 -3.86637	  5.71488	  32.46502	  32.66355
 1009	 -3.93639	  5.9251	  32.46763	  32.66616
 1010	 -3.8634	  5.9491	  32.48591	  32.68445
 1011	 -3.86637	  5.71488	  32.46502	  32.66355
 1009	 -3.93639	  5.9251	  32.46763	  32.66616
 1011	 -3.86637	  5.71488	  32.46502	  32.66355
 1012	 -3.92712	  5.71759	  32.44409	  32.64263
 1013	 -3.8634	  5.9491	  32.48591	  32.68445
 1014	 -3.93639	  5.9251	  32.46763	  32.66616
 1015	 -3.94295	  6.15386	  32.47807	  32.6766
 1013	 -3.8634	  5.9491	  32.48591	  32.68445
 1015	 -3.94295	  6.15386	  32.47807	  32.6766
 1016	 -3.84962	  6.17383	  32.48619	  32.68472
 1017	 -3.93639	  5.9251	  32.46763	  32.66616
 1018	 -3.92712	  5.71759	  32.44409	  32.64263
 1019	 -3.98885	  5.74136	  32.41348	  32.61202
 1017	 -3.93639	  5.9251	  32.46763	  32.66616
 1019	 -3.98885	  5.74136	  32.41348	  32.61202
 1020	 -4.00877	  5.88866	  32.43658	  32.63511
 1021	 -3.95097	  4.91736	  32.23224	  32.43079
 1022	 -3.93964	  5.00917	  32.2448	  32.44334
 1023	 -3.93649	  4.94346	  32.28553	  32.48407
 1021	 -3.95097	  4.91736	  32.23224	  32.43079
 1023	 -3.93649	  4.94346	  32.28553	  32.48407
 1024	 -3.94063	  4.83618	  32.26974	  32.46828
 1025	 -3.74973	  4.82359	  32.3421	  32.54064
 1026	 -3.82229	  4.8385	  32.33224	  32.53078
 1027	 -3.83017	  4.91837	  32.35955	  32.55809
 1025	 -3.74973	  4.82359	  32.3421	  32.54064
 1027	 -3.83017	  4.91837	  32.35955	  32.55809
 957	 -3.75281	  4.89403	  32.37139	  32.56993
 1028	 -3.82229	  4.8385	  32.33224	  32.53078
 1029	 -3.88268	  4.86308	  32.32126	  32.5198
 1030	 -3.88977	  4.95891	  32.34479	  32.54333
 1028	 -3.82229	  4.8385	  32.33224	  32.53078
 1030	 -3.88977	  4.95891	  32.34479	  32.54333
 1031	 -3.83017	  4.91837	  32.35955	  32.55809
 1032	 -3.82434	  4.72014	  32.3159	  32.51444
 1033	 -3.82229	  4.8385	  32.33224	  32.53078
 1034	 -3.74973	  4.82359	  32.3421	  32.54064
 1032	 -3.82434	  4.72014	  32.3159	  32.51444
 1034	 -3.74973	  4.82359	  32.3421	  32.54064
 1035	 -3.74445	  4.70352	  32.32812	  32.52666
 1036	 -3.89096	  4.74955	  32.30328	  32.50182
 1037	 -3.91726	  4.78491	  32.29036	  32.48891
 1038	 -3.91046	  4.89396	  32.30902	  32.50756
 1036	 -3.89096	  4.74955	  32.30328	  32.50182
 1038	 -3.91046	  4.89396	  32.30902	  32.50756
 1039	 -3.88268	  4.86308	  32.32126	  32.5198
 1040	 -3.88977	  4.95891	  32.34479	  32.54333
 1041	 -3.88268	  4.86308	  32.32126	  32.5198
 1042	 -3.91046	  4.89396	  32.30902	  32.50756
 1040	 -3.88977	  4.95891	  32.34479	  32.54333
 1042	 -3.91046	  4.89396	  32.30902	  32.50756
 1043	 -3.9216	  5.00305	  32.32939	  32.52793
 1044	 -3.91726	  4.78491	  32.29036	  32.48891
 1045	 -3.94063	  4.83618	  32.26974	  32.46828
 1046	 -3.93649	  4.94346	  32.28553	  32.48407
 1044	 -3.91726	  4.78491	  32.29036	  32.48891
 1046	 -3.93649	  4.94346	  32.28553	  32.48407
 1047	 -3.91046	  4.89396	  32.30902	  32.50756
 1048	 -3.91726	  4.78491	  32.29036	  32.48891
 1049	 -3.92949	  4.73035	  32.28075	  32.47929
 1050	 -3.94977	  4.78141	  32.25932	  32.45786
 1048	 -3.91726	  4.78491	  32.29036	  32.48891
 1050	 -3.94977	  4.78141	  32.25932	  32.45786
 1051	 -3.94063	  4.83618	  32.26974	  32.46828
 1052	 -3.89096	  4.74955	  32.30328	  32.50182
 1053	 -3.88268	  4.86308	  32.32126	  32.5198
 1054	 -3.82229	  4.8385	  32.33224	  32.53078
 1052	 -3.89096	  4.74955	  32.30328	  32.50182
 1054	 -3.82229	  4.8385	  32.33224	  32.53078
 1055	 -3.82434	  4.72014	  32.3159	  32.51444
 1056	 -3.86499	  5.01098	  32.18069	  32.37923
 1057	 -3.7603	  5.02122	  32.16545	  32.36399
 1058	 -3.76387	  5.06634	  32.17475	  32.37329
 1056	 -3.86499	  5.01098	  32.18069	  32.37923
 1058	 -3.76387	  5.06634	  32.17475	  32.37329
 1059	 -3.85817	  5.05703	  32.19164	  32.39019
 1060	 -3.86499	  5.01098	  32.18069	  32.37923
 1061	 -3.86588	  4.97297	  32.1785	  32.37705
 1062	 -3.75581	  4.98934	  32.1601	  32.35865
 1060	 -3.86499	  5.01098	  32.18069	  32.37923
 1062	 -3.75581	  4.98934	  32.1601	  32.35865
 1063	 -3.7603	  5.02122	  32.16545	  32.36399
 1064	 -3.96059	  4.84291	  32.22577	  32.42431
 1065	 -3.95097	  4.91736	  32.23224	  32.43079
 1066	 -3.94063	  4.83618	  32.26974	  32.46828
 1064	 -3.96059	  4.84291	  32.22577	  32.42431
 1066	 -3.94063	  4.83618	  32.26974	  32.46828
 1067	 -3.94977	  4.78141	  32.25932	  32.45786
 1068	 -3.97118	  4.76584	  32.21608	  32.41463
 1069	 -3.96059	  4.84291	  32.22577	  32.42431
 1070	 -3.94977	  4.78141	  32.25932	  32.45786
 1068	 -3.97118	  4.76584	  32.21608	  32.41463
 1070	 -3.94977	  4.78141	  32.25932	  32.45786
 1071	 -3.97053	  4.67459	  32.24675	  32.44529
 1072	 -3.74559	  4.57896	  32.32046	  32.519
 1073	 -3.83285	  4.61406	  32.3124	  32.51094
 1074	 -3.82434	  4.72014	  32.3159	  32.51444
 1072	 -3.74559	  4.57896	  32.32046	  32.519
 1074	 -3.82434	  4.72014	  32.3159	  32.51444
 1075	 -3.74445	  4.70352	  32.32812	  32.52666
 1076	 -3.83285	  4.61406	  32.3124	  32.51094
 1077	 -3.9046	  4.67592	  32.29614	  32.49468
 1078	 -3.89096	  4.74955	  32.30328	  32.50182
 1076	 -3.83285	  4.61406	  32.3124	  32.51094
 1078	 -3.89096	  4.74955	  32.30328	  32.50182
 1079	 -3.82434	  4.72014	  32.3159	  32.51444
 1080	 -3.83129	  4.47	  32.29091	  32.48946
 1081	 -3.83285	  4.61406	  32.3124	  32.51094
 1082	 -3.74559	  4.57896	  32.32046	  32.519
 1080	 -3.83129	  4.47	  32.29091	  32.48946
 1082	 -3.74559	  4.57896	  32.32046	  32.519
 1083	 -3.74549	  4.43364	  32.29981	  32.49836
 1084	 -3.91268	  4.53554	  32.27732	  32.47587
 1085	 -3.95605	  4.62012	  32.26075	  32.45929
 1086	 -3.92949	  4.73035	  32.28075	  32.47929
 1084	 -3.91268	  4.53554	  32.27732	  32.47587
 1086	 -3.92949	  4.73035	  32.28075	  32.47929
 1087	 -3.9046	  4.67592	  32.29614	  32.49468
 1088	 -3.89096	  4.74955	  32.30328	  32.50182
 1089	 -3.9046	  4.67592	  32.29614	  32.49468
 1090	 -3.92949	  4.73035	  32.28075	  32.47929
 1088	 -3.89096	  4.74955	  32.30328	  32.50182
 1090	 -3.92949	  4.73035	  32.28075	  32.47929
 1091	 -3.91726	  4.78491	  32.29036	  32.48891
 1092	 -3.95605	  4.62012	  32.26075	  32.45929
 1093	 -3.97053	  4.67459	  32.24675	  32.44529
 1094	 -3.94977	  4.78141	  32.25932	  32.45786
 1092	 -3.95605	  4.62012	  32.26075	  32.45929
 1094	 -3.94977	  4.78141	  32.25932	  32.45786
 1095	 -3.92949	  4.73035	  32.28075	  32.47929
 1096	 -3.95605	  4.62012	  32.26075	  32.45929
 1097	 -3.96591	  4.48722	  32.22831	  32.42685
 1098	 -3.98921	  4.58769	  32.21337	  32.41192
 1096	 -3.95605	  4.62012	  32.26075	  32.45929
 1098	 -3.98921	  4.58769	  32.21337	  32.41192
 1099	 -3.97053	  4.67459	  32.24675	  32.44529
 1100	 -3.91268	  4.53554	  32.27732	  32.47587
 1101	 -3.9046	  4.67592	  32.29614	  32.49468
 1102	 -3.83285	  4.61406	  32.3124	  32.51094
 1100	 -3.91268	  4.53554	  32.27732	  32.47587
 1102	 -3.83285	  4.61406	  32.3124	  32.51094
 1103	 -3.83129	  4.47	  32.29091	  32.48946
 1104	 -3.86994	  4.9209	  32.16504	  32.36358
 1105	 -3.75287	  4.9611	  32.15022	  32.34877
 1106	 -3.75581	  4.98934	  32.1601	  32.35865
 1104	 -3.86994	  4.9209	  32.16504	  32.36358
 1106	 -3.75581	  4.98934	  32.1601	  32.35865
 1107	 -3.86588	  4.97297	  32.1785	  32.37705
 1108	 -3.86994	  4.9209	  32.16504	  32.36358
 1109	 -3.88261	  4.91219	  32.14463	  32.34319
 1110	 -3.74384	  4.9251	  32.12538	  32.32393
 1108	 -3.86994	  4.9209	  32.16504	  32.36358
 1110	 -3.74384	  4.9251	  32.12538	  32.32393
 1111	 -3.75287	  4.9611	  32.15022	  32.34877
 1112	 -3.98921	  4.58769	  32.21337	  32.41192
 1113	 -3.99293	  4.70914	  32.1877	  32.38625
 1114	 -3.97118	  4.76584	  32.21608	  32.41463
 1112	 -3.98921	  4.58769	  32.21337	  32.41192
 1114	 -3.97118	  4.76584	  32.21608	  32.41463
 1115	 -3.97053	  4.67459	  32.24675	  32.44529
 1116	 -3.7291	  4.31057	  32.25508	  32.45362
 1117	 -3.81974	  4.32466	  32.24921	  32.44775
 1118	 -3.83129	  4.47	  32.29091	  32.48946
 1116	 -3.7291	  4.31057	  32.25508	  32.45362
 1118	 -3.83129	  4.47	  32.29091	  32.48946
 1119	 -3.74549	  4.43364	  32.29981	  32.49836
 1120	 -3.81974	  4.32466	  32.24921	  32.44775
 1121	 -3.91117	  4.386	  32.24206	  32.44061
 1122	 -3.91268	  4.53554	  32.27732	  32.47587
 1120	 -3.81974	  4.32466	  32.24921	  32.44775
 1122	 -3.91268	  4.53554	  32.27732	  32.47587
 1123	 -3.83129	  4.47	  32.29091	  32.48946
 1124	 -3.91268	  4.53554	  32.27732	  32.47587
 1125	 -3.91117	  4.386	  32.24206	  32.44061
 1126	 -3.96591	  4.48722	  32.22831	  32.42685
 1124	 -3.91268	  4.53554	  32.27732	  32.47587
 1126	 -3.96591	  4.48722	  32.22831	  32.42685
 1127	 -3.95605	  4.62012	  32.26075	  32.45929
 1128	 -4.00648	  4.50751	  32.15617	  32.35472
 1129	 -4.01245	  4.67711	  32.14447	  32.34302
 1130	 -3.99293	  4.70914	  32.1877	  32.38625
 1128	 -4.00648	  4.50751	  32.15617	  32.35472
 1130	 -3.99293	  4.70914	  32.1877	  32.38625
 1131	 -3.98921	  4.58769	  32.21337	  32.41192
 1132	 -4.02363	  4.71828	  32.08733	  32.28588
 1133	 -4.01245	  4.67711	  32.14447	  32.34302
 1134	 -4.00648	  4.50751	  32.15617	  32.35472
 1132	 -4.02363	  4.71828	  32.08733	  32.28588
 1134	 -4.00648	  4.50751	  32.15617	  32.35472
 1135	 -4.01844	  4.50453	  32.09441	  32.29296
 1136	 -3.72091	  4.26659	  32.18794	  32.38649
 1137	 -3.79956	  4.28353	  32.18243	  32.38099
 1138	 -3.81974	  4.32466	  32.24921	  32.44775
 1136	 -3.72091	  4.26659	  32.18794	  32.38649
 1138	 -3.81974	  4.32466	  32.24921	  32.44775
 1139	 -3.7291	  4.31057	  32.25508	  32.45362
 1140	 -3.79956	  4.28353	  32.18243	  32.38099
 1141	 -3.88824	  4.2903	  32.17297	  32.37152
 1142	 -3.91117	  4.386	  32.24206	  32.44061
 1140	 -3.79956	  4.28353	  32.18243	  32.38099
 1142	 -3.91117	  4.386	  32.24206	  32.44061
 1143	 -3.81974	  4.32466	  32.24921	  32.44775
 1144	 -3.77634	  4.32546	  32.10828	  32.30684
 1145	 -3.79956	  4.28353	  32.18243	  32.38099
 1146	 -3.72091	  4.26659	  32.18794	  32.38649
 1144	 -3.77634	  4.32546	  32.10828	  32.30684
 1146	 -3.72091	  4.26659	  32.18794	  32.38649
 1147	 -3.70707	  4.40454	  32.12667	  32.32523
 1148	 -3.88576	  4.3023	  32.1039	  32.30246
 1149	 -3.9704	  4.33933	  32.10254	  32.3011
 1150	 -3.95921	  4.38659	  32.16692	  32.36547
 1148	 -3.88576	  4.3023	  32.1039	  32.30246
 1150	 -3.95921	  4.38659	  32.16692	  32.36547
 1151	 -3.88824	  4.2903	  32.17297	  32.37152
 1152	 -3.91117	  4.386	  32.24206	  32.44061
 1153	 -3.88824	  4.2903	  32.17297	  32.37152
 1154	 -3.95921	  4.38659	  32.16692	  32.36547
 1152	 -3.91117	  4.386	  32.24206	  32.44061
 1154	 -3.95921	  4.38659	  32.16692	  32.36547
 1155	 -3.96591	  4.48722	  32.22831	  32.42685
 1156	 -3.9704	  4.33933	  32.10254	  32.3011
 1157	 -4.01844	  4.50453	  32.09441	  32.29296
 1158	 -4.00648	  4.50751	  32.15617	  32.35472
 1156	 -3.9704	  4.33933	  32.10254	  32.3011
 1158	 -4.00648	  4.50751	  32.15617	  32.35472
 1159	 -3.95921	  4.38659	  32.16692	  32.36547
 1160	 -3.88326	  5.01993	  32.07457	  32.27312
 1161	 -3.74031	  4.93016	  32.07516	  32.27372
 1162	 -3.72604	  4.88017	  32.10369	  32.30225
 1160	 -3.88326	  5.01993	  32.07457	  32.27312
 1162	 -3.72604	  4.88017	  32.10369	  32.30225
 1163	 -3.88161	  4.94809	  32.12197	  32.32053
 1164	 -3.88576	  4.3023	  32.1039	  32.30246
 1165	 -3.88824	  4.2903	  32.17297	  32.37152
 1166	 -3.79956	  4.28353	  32.18243	  32.38099
 1164	 -3.88576	  4.3023	  32.1039	  32.30246
 1166	 -3.79956	  4.28353	  32.18243	  32.38099
 1167	 -3.77634	  4.32546	  32.10828	  32.30684
 1168	 -3.98913	  4.57009	  31.90829	  32.10685
 1169	 -3.91096	  4.55087	  31.90925	  32.10781
 1170	 -3.92313	  4.66514	  31.81853	  32.0171
 1168	 -3.98913	  4.57009	  31.90829	  32.10685
 1170	 -3.92313	  4.66514	  31.81853	  32.0171
 1171	 -3.98772	  4.70495	  31.81484	  32.01341
 1172	 -3.91096	  4.55087	  31.90925	  32.10781
 1173	 -3.82641	  4.58967	  31.91071	  32.10927
 1174	 -3.84402	  4.70324	  31.81867	  32.01723
 1172	 -3.91096	  4.55087	  31.90925	  32.10781
 1174	 -3.84402	  4.70324	  31.81867	  32.01723
 1175	 -3.92313	  4.66514	  31.81853	  32.0171
 1176	 -3.983	  4.43627	  32.02689	  32.22545
 1177	 -3.89601	  4.41104	  32.02884	  32.22739
 1178	 -3.91096	  4.55087	  31.90925	  32.10781
 1176	 -3.983	  4.43627	  32.02689	  32.22545
 1178	 -3.91096	  4.55087	  31.90925	  32.10781
 1179	 -3.98913	  4.57009	  31.90829	  32.10685
 1180	 -3.983	  4.43627	  32.02689	  32.22545
 1181	 -3.98913	  4.57009	  31.90829	  32.10685
 1182	 -4.02148	  4.72098	  31.90993	  32.10849
 1180	 -3.983	  4.43627	  32.02689	  32.22545
 1182	 -4.02148	  4.72098	  31.90993	  32.10849
 1183	 -4.02874	  4.58097	  32.02308	  32.22164
 1184	 -4.02148	  4.72098	  31.90993	  32.10849
 1185	 -3.98913	  4.57009	  31.90829	  32.10685
 1186	 -3.98772	  4.70495	  31.81484	  32.01341
 1184	 -4.02148	  4.72098	  31.90993	  32.10849
 1186	 -3.98772	  4.70495	  31.81484	  32.01341
 1187	 -4.02058	  4.84901	  31.80765	  32.00621
 1188	 -3.79333	  4.45789	  32.03281	  32.23136
 1189	 -3.82641	  4.58967	  31.91071	  32.10927
 1190	 -3.91096	  4.55087	  31.90925	  32.10781
 1188	 -3.79333	  4.45789	  32.03281	  32.23136
 1190	 -3.91096	  4.55087	  31.90925	  32.10781
 1191	 -3.89601	  4.41104	  32.02884	  32.22739
 1192	 -3.983	  4.43627	  32.02689	  32.22545
 1193	 -4.02874	  4.58097	  32.02308	  32.22164
 1194	 -4.01844	  4.50453	  32.09441	  32.29296
 1192	 -3.983	  4.43627	  32.02689	  32.22545
 1194	 -4.01844	  4.50453	  32.09441	  32.29296
 1195	 -3.9704	  4.33933	  32.10254	  32.3011
 1196	 -3.89601	  4.41104	  32.02884	  32.22739
 1197	 -3.983	  4.43627	  32.02689	  32.22545
 1198	 -3.9704	  4.33933	  32.10254	  32.3011
 1196	 -3.89601	  4.41104	  32.02884	  32.22739
 1198	 -3.9704	  4.33933	  32.10254	  32.3011
 1199	 -3.88576	  4.3023	  32.1039	  32.30246
 1200	 -3.89601	  4.41104	  32.02884	  32.22739
 1201	 -3.88576	  4.3023	  32.1039	  32.30246
 1202	 -3.77634	  4.32546	  32.10828	  32.30684
 1200	 -3.89601	  4.41104	  32.02884	  32.22739
 1202	 -3.77634	  4.32546	  32.10828	  32.30684
 1203	 -3.79333	  4.45789	  32.03281	  32.23136
 1204	 -3.99631	  4.50921	  31.75896	  31.95753
 1205	 -3.92321	  4.46597	  31.76413	  31.96269
 1206	 -3.92058	  4.18967	  31.67851	  31.87708
 1204	 -3.99631	  4.50921	  31.75896	  31.95753
 1206	 -3.92058	  4.18967	  31.67851	  31.87708
 1207	 -3.9873	  4.22441	  31.67279	  31.87136
 1208	 -3.92321	  4.46597	  31.76413	  31.96269
 1209	 -3.84263	  4.47458	  31.764	  31.96256
 1210	 -3.84674	  4.20899	  31.67655	  31.87512
 1208	 -3.92321	  4.46597	  31.76413	  31.96269
 1210	 -3.84674	  4.20899	  31.67655	  31.87512
 1211	 -3.92058	  4.18967	  31.67851	  31.87708
 1212	 -3.98671	  4.68716	  31.79336	  31.99193
 1213	 -3.93035	  4.65616	  31.79712	  31.99569
 1214	 -3.92723	  4.62651	  31.79348	  31.99204
 1212	 -3.98671	  4.68716	  31.79336	  31.99193
 1214	 -3.92723	  4.62651	  31.79348	  31.99204
 1215	 -3.9847	  4.65225	  31.78755	  31.98612
 1216	 -3.99631	  4.50921	  31.75896	  31.95753
 1217	 -4.02562	  4.64561	  31.73289	  31.93146
 1218	 -4.01624	  4.78483	  31.76532	  31.96389
 1216	 -3.99631	  4.50921	  31.75896	  31.95753
 1218	 -4.01624	  4.78483	  31.76532	  31.96389
 1219	 -3.9847	  4.65225	  31.78755	  31.98612
 1220	 -3.92321	  4.46597	  31.76413	  31.96269
 1221	 -3.99631	  4.50921	  31.75896	  31.95753
 1219	 -3.9847	  4.65225	  31.78755	  31.98612
 1220	 -3.92321	  4.46597	  31.76413	  31.96269
 1219	 -3.9847	  4.65225	  31.78755	  31.98612
 1222	 -3.92723	  4.62651	  31.79348	  31.99204
 1223	 -4.01598	  4.33928	  31.65342	  31.852
 1224	 -4.02562	  4.64561	  31.73289	  31.93146
 1225	 -3.99631	  4.50921	  31.75896	  31.95753
 1223	 -4.01598	  4.33928	  31.65342	  31.852
 1225	 -3.99631	  4.50921	  31.75896	  31.95753
 1226	 -3.9873	  4.22441	  31.67279	  31.87136
 1227	 -3.92321	  4.46597	  31.76413	  31.96269
 1228	 -3.92723	  4.62651	  31.79348	  31.99204
 1229	 -3.8477	  4.65852	  31.79032	  31.98889
 1227	 -3.92321	  4.46597	  31.76413	  31.96269
 1229	 -3.8477	  4.65852	  31.79032	  31.98889
 1230	 -3.84263	  4.47458	  31.764	  31.96256
 1231	 -3.92723	  4.62651	  31.79348	  31.99204
 1232	 -3.93035	  4.65616	  31.79712	  31.99569
 1233	 -3.85474	  4.6802	  31.79749	  31.99606
 1231	 -3.92723	  4.62651	  31.79348	  31.99204
 1233	 -3.85474	  4.6802	  31.79749	  31.99606
 1234	 -3.8477	  4.65852	  31.79032	  31.98889
 1235	 -3.98734	  4.67804	  31.80269	  32.00126
 1236	 -4.02394	  4.85097	  31.78995	  31.98851
 1237	 -4.02058	  4.84901	  31.80765	  32.00621
 1235	 -3.98734	  4.67804	  31.80269	  32.00126
 1237	 -4.02058	  4.84901	  31.80765	  32.00621
 1238	 -3.98772	  4.70495	  31.81484	  32.01341
 1239	 -3.92949	  4.6506	  31.8074	  32.00596
 1240	 -3.98734	  4.67804	  31.80269	  32.00126
 1241	 -3.98772	  4.70495	  31.81484	  32.01341
 1239	 -3.92949	  4.6506	  31.8074	  32.00596
 1241	 -3.98772	  4.70495	  31.81484	  32.01341
 1242	 -3.92313	  4.66514	  31.81853	  32.0171
 1243	 -3.98671	  4.68716	  31.79336	  31.99193
 1244	 -3.9847	  4.65225	  31.78755	  31.98612
 1245	 -4.01624	  4.78483	  31.76532	  31.96389
 1243	 -3.98671	  4.68716	  31.79336	  31.99193
 1245	 -4.01624	  4.78483	  31.76532	  31.96389
 1246	 -4.01185	  4.83054	  31.77754	  31.9761
 1247	 -3.92949	  4.6506	  31.8074	  32.00596
 1248	 -3.92313	  4.66514	  31.81853	  32.0171
 1249	 -3.84402	  4.70324	  31.81867	  32.01723
 1247	 -3.92949	  4.6506	  31.8074	  32.00596
 1249	 -3.84402	  4.70324	  31.81867	  32.01723
 1250	 -3.84087	  4.68573	  31.80794	  32.0065
 1251	 -4.01653	  4.89318	  31.74956	  31.94813
 1252	 -4.0188	  4.95809	  31.76321	  31.96178
 1253	 -4.01185	  4.83054	  31.77754	  31.9761
 1251	 -4.01653	  4.89318	  31.74956	  31.94813
 1253	 -4.01185	  4.83054	  31.77754	  31.9761
 1254	 -4.01624	  4.78483	  31.76532	  31.96389
 1255	 -4.02562	  4.64561	  31.73289	  31.93146
 1256	 -4.01579	  4.75325	  31.71338	  31.91195
 1257	 -4.01653	  4.89318	  31.74956	  31.94813
 1255	 -4.02562	  4.64561	  31.73289	  31.93146
 1257	 -4.01653	  4.89318	  31.74956	  31.94813
 1258	 -4.01624	  4.78483	  31.76532	  31.96389
 1259	 -3.99965	  4.46843	  31.63558	  31.83415
 1260	 -4.01598	  4.33928	  31.65342	  31.852
 1261	 -4.00661	  4.11736	  31.58723	  31.7858
 1259	 -3.99965	  4.46843	  31.63558	  31.83415
 1261	 -4.00661	  4.11736	  31.58723	  31.7858
 1262	 -3.98899	  4.25455	  31.57302	  31.77159
 1263	 -4.01598	  4.33928	  31.65342	  31.852
 1264	 -3.9873	  4.22441	  31.67279	  31.87136
 1265	 -3.98118	  3.97294	  31.59961	  31.79819
 1263	 -4.01598	  4.33928	  31.65342	  31.852
 1265	 -3.98118	  3.97294	  31.59961	  31.79819
 1266	 -4.00661	  4.11736	  31.58723	  31.7858
 1267	 -3.9873	  4.22441	  31.67279	  31.87136
 1268	 -3.92058	  4.18967	  31.67851	  31.87708
 1269	 -3.91541	  3.91554	  31.60905	  31.80762
 1267	 -3.9873	  4.22441	  31.67279	  31.87136
 1269	 -3.91541	  3.91554	  31.60905	  31.80762
 1270	 -3.98118	  3.97294	  31.59961	  31.79819
 1271	 -3.92058	  4.18967	  31.67851	  31.87708
 1272	 -3.84674	  4.20899	  31.67655	  31.87512
 1273	 -3.84773	  3.9444	  31.60917	  31.80775
 1271	 -3.92058	  4.18967	  31.67851	  31.87708
 1273	 -3.84773	  3.9444	  31.60917	  31.80775
 1274	 -3.91541	  3.91554	  31.60905	  31.80762
 1275	 -3.82033	  4.51206	  31.63381	  31.83238
 1276	 -3.8995	  4.55871	  31.62363	  31.8222
 1277	 -3.89866	  4.37392	  31.563	  31.76158
 1275	 -3.82033	  4.51206	  31.63381	  31.83238
 1277	 -3.89866	  4.37392	  31.563	  31.76158
 1278	 -3.8372	  4.30302	  31.57316	  31.77173
 1279	 -3.8995	  4.55871	  31.62363	  31.8222
 1280	 -3.95524	  4.53686	  31.62439	  31.82296
 1281	 -3.94661	  4.3399	  31.56453	  31.76311
 1279	 -3.8995	  4.55871	  31.62363	  31.8222
 1281	 -3.94661	  4.3399	  31.56453	  31.76311
 1282	 -3.89866	  4.37392	  31.563	  31.76158
 1283	 -3.95524	  4.53686	  31.62439	  31.82296
 1284	 -3.99965	  4.46843	  31.63558	  31.83415
 1285	 -3.98899	  4.25455	  31.57302	  31.77159
 1283	 -3.95524	  4.53686	  31.62439	  31.82296
 1285	 -3.98899	  4.25455	  31.57302	  31.77159
 1286	 -3.94661	  4.3399	  31.56453	  31.76311
 1287	 -3.8995	  4.55871	  31.62363	  31.8222
 1288	 -3.82033	  4.51206	  31.63381	  31.83238
 1289	 -3.82852	  4.801	  31.70602	  31.90459
 1287	 -3.8995	  4.55871	  31.62363	  31.8222
 1289	 -3.82852	  4.801	  31.70602	  31.90459
 1290	 -3.91499	  4.85161	  31.69764	  31.89621
 1291	 -3.95524	  4.53686	  31.62439	  31.82296
 1292	 -3.8995	  4.55871	  31.62363	  31.8222
 1293	 -3.91499	  4.85161	  31.69764	  31.89621
 1291	 -3.95524	  4.53686	  31.62439	  31.82296
 1293	 -3.91499	  4.85161	  31.69764	  31.89621
 1294	 -3.97442	  4.81726	  31.70352	  31.90209
 1295	 -4.01579	  4.75325	  31.71338	  31.91195
 1296	 -3.99965	  4.46843	  31.63558	  31.83415
 1297	 -3.95524	  4.53686	  31.62439	  31.82296
 1295	 -4.01579	  4.75325	  31.71338	  31.91195
 1297	 -3.95524	  4.53686	  31.62439	  31.82296
 1298	 -3.97442	  4.81726	  31.70352	  31.90209
 1299	 -3.92148	  5.01549	  31.73168	  31.93025
 1300	 -3.91499	  4.85161	  31.69764	  31.89621
 1301	 -3.82852	  4.801	  31.70602	  31.90459
 1299	 -3.92148	  5.01549	  31.73168	  31.93025
 1301	 -3.82852	  4.801	  31.70602	  31.90459
 1302	 -3.84139	  4.98287	  31.73798	  31.93655
 1303	 -3.92148	  5.01549	  31.73168	  31.93025
 1304	 -3.98722	  4.96064	  31.73863	  31.9372
 1305	 -3.97442	  4.81726	  31.70352	  31.90209
 1303	 -3.92148	  5.01549	  31.73168	  31.93025
 1305	 -3.97442	  4.81726	  31.70352	  31.90209
 1306	 -3.91499	  4.85161	  31.69764	  31.89621
 1307	 -3.98722	  4.96064	  31.73863	  31.9372
 1308	 -4.01653	  4.89318	  31.74956	  31.94813
 1309	 -4.01579	  4.75325	  31.71338	  31.91195
 1307	 -3.98722	  4.96064	  31.73863	  31.9372
 1309	 -4.01579	  4.75325	  31.71338	  31.91195
 1310	 -3.97442	  4.81726	  31.70352	  31.90209
 1311	 -3.92364	  5.08317	  31.75001	  31.94858
 1312	 -3.92148	  5.01549	  31.73168	  31.93025
 1313	 -3.84139	  4.98287	  31.73798	  31.93655
 1311	 -3.92364	  5.08317	  31.75001	  31.94858
 1313	 -3.84139	  4.98287	  31.73798	  31.93655
 1314	 -3.84193	  5.05094	  31.75244	  31.95101
 1315	 -3.99487	  5.02964	  31.75436	  31.95292
 1316	 -3.98722	  4.96064	  31.73863	  31.9372
 1317	 -3.92148	  5.01549	  31.73168	  31.93025
 1315	 -3.99487	  5.02964	  31.75436	  31.95292
 1317	 -3.92148	  5.01549	  31.73168	  31.93025
 1318	 -3.92364	  5.08317	  31.75001	  31.94858
 1319	 -3.98722	  4.96064	  31.73863	  31.9372
 1320	 -3.99487	  5.02964	  31.75436	  31.95292
 1321	 -4.0188	  4.95809	  31.76321	  31.96178
 1319	 -3.98722	  4.96064	  31.73863	  31.9372
 1321	 -4.0188	  4.95809	  31.76321	  31.96178
 1322	 -4.01653	  4.89318	  31.74956	  31.94813
 1323	 -3.91376	  5.12894	  31.8069	  32.00546
 1324	 -3.91876	  5.11497	  31.77286	  31.97142
 1325	 -3.83295	  5.08257	  31.77694	  31.97551
 1323	 -3.91376	  5.12894	  31.8069	  32.00546
 1325	 -3.83295	  5.08257	  31.77694	  31.97551
 1326	 -3.83162	  5.0936	  31.80748	  32.00604
 1327	 -3.9875	  5.07562	  31.80452	  32.00309
 1328	 -3.99243	  5.06479	  31.77628	  31.97485
 1329	 -3.91876	  5.11497	  31.77286	  31.97142
 1327	 -3.9875	  5.07562	  31.80452	  32.00309
 1329	 -3.91876	  5.11497	  31.77286	  31.97142
 1330	 -3.91376	  5.12894	  31.8069	  32.00546
 1331	 -3.99243	  5.06479	  31.77628	  31.97485
 1332	 -3.9875	  5.07562	  31.80452	  32.00309
 1333	 -4.01109	  4.98763	  31.80431	  32.00288
 1331	 -3.99243	  5.06479	  31.77628	  31.97485
 1333	 -4.01109	  4.98763	  31.80431	  32.00288
 1334	 -4.01914	  4.98443	  31.78108	  31.97964
 1335	 -3.90125	  5.11343	  31.91083	  32.10939
 1336	 -3.79019	  5.05235	  31.9092	  32.10777
 1337	 -3.75259	  4.98398	  32.02836	  32.22691
 1335	 -3.90125	  5.11343	  31.91083	  32.10939
 1337	 -3.75259	  4.98398	  32.02836	  32.22691
 1338	 -3.89251	  5.06191	  32.02146	  32.22001
 1339	 -3.98711	  5.03341	  31.91127	  32.10983
 1340	 -3.90125	  5.11343	  31.91083	  32.10939
 1341	 -3.89251	  5.06191	  32.02146	  32.22001
 1339	 -3.98711	  5.03341	  31.91127	  32.10983
 1341	 -3.89251	  5.06191	  32.02146	  32.22001
 1342	 -4.00521	  4.96293	  32.01886	  32.21741
 1343	 -3.79019	  5.05235	  31.9092	  32.10777
 1344	 -3.90125	  5.11343	  31.91083	  32.10939
 1345	 -3.91376	  5.12894	  31.8069	  32.00546
 1343	 -3.79019	  5.05235	  31.9092	  32.10777
 1345	 -3.91376	  5.12894	  31.8069	  32.00546
 1346	 -3.83162	  5.0936	  31.80748	  32.00604
 1347	 -3.90125	  5.11343	  31.91083	  32.10939
 1348	 -3.98711	  5.03341	  31.91127	  32.10983
 1349	 -3.9875	  5.07562	  31.80452	  32.00309
 1347	 -3.90125	  5.11343	  31.91083	  32.10939
 1349	 -3.9875	  5.07562	  31.80452	  32.00309
 1350	 -3.91376	  5.12894	  31.8069	  32.00546
 1351	 -4.03306	  4.78267	  32.02242	  32.22098
 1352	 -4.02158	  4.89314	  31.91032	  32.10888
 1353	 -3.98711	  5.03341	  31.91127	  32.10983
 1351	 -4.03306	  4.78267	  32.02242	  32.22098
 1353	 -3.98711	  5.03341	  31.91127	  32.10983
 1354	 -4.00521	  4.96293	  32.01886	  32.21741
 1355	 -3.98711	  5.03341	  31.91127	  32.10983
 1356	 -4.02158	  4.89314	  31.91032	  32.10888
 1357	 -4.01109	  4.98763	  31.80431	  32.00288
 1355	 -3.98711	  5.03341	  31.91127	  32.10983
 1357	 -4.01109	  4.98763	  31.80431	  32.00288
 1358	 -3.9875	  5.07562	  31.80452	  32.00309
 1359	 -3.89251	  5.06191	  32.02146	  32.22001
 1360	 -3.75259	  4.98398	  32.02836	  32.22691
 1361	 -3.74031	  4.93016	  32.07516	  32.27372
 1359	 -3.89251	  5.06191	  32.02146	  32.22001
 1361	 -3.74031	  4.93016	  32.07516	  32.27372
 1362	 -3.88326	  5.01993	  32.07457	  32.27312
 1363	 -3.88326	  5.01993	  32.07457	  32.27312
 1364	 -3.99955	  4.90547	  32.08002	  32.27857
 1365	 -4.00521	  4.96293	  32.01886	  32.21741
 1363	 -3.88326	  5.01993	  32.07457	  32.27312
 1365	 -4.00521	  4.96293	  32.01886	  32.21741
 1366	 -3.89251	  5.06191	  32.02146	  32.22001
 1367	 -3.9893	  4.86042	  32.13339	  32.33194
 1368	 -3.99955	  4.90547	  32.08002	  32.27857
 1369	 -3.88326	  5.01993	  32.07457	  32.27312
 1367	 -3.9893	  4.86042	  32.13339	  32.33194
 1369	 -3.88326	  5.01993	  32.07457	  32.27312
 1370	 -3.88161	  4.94809	  32.12197	  32.32053
 1371	 -3.99955	  4.90547	  32.08002	  32.27857
 1372	 -3.9893	  4.86042	  32.13339	  32.33194
 1373	 -4.01245	  4.67711	  32.14447	  32.34302
 1371	 -3.99955	  4.90547	  32.08002	  32.27857
 1373	 -4.01245	  4.67711	  32.14447	  32.34302
 1374	 -4.02363	  4.71828	  32.08733	  32.28588
 1375	 -4.00521	  4.96293	  32.01886	  32.21741
 1376	 -3.99955	  4.90547	  32.08002	  32.27857
 1377	 -4.02363	  4.71828	  32.08733	  32.28588
 1375	 -4.00521	  4.96293	  32.01886	  32.21741
 1377	 -4.02363	  4.71828	  32.08733	  32.28588
 1378	 -4.03306	  4.78267	  32.02242	  32.22098
 1379	 -3.95404	  4.85066	  32.18653	  32.38508
 1380	 -3.86994	  4.9209	  32.16504	  32.36358
 1381	 -3.86588	  4.97297	  32.1785	  32.37705
 1379	 -3.95404	  4.85066	  32.18653	  32.38508
 1381	 -3.86588	  4.97297	  32.1785	  32.37705
 1382	 -3.93505	  4.90729	  32.20152	  32.40007
 1383	 -3.97378	  4.83347	  32.16214	  32.36069
 1384	 -3.99293	  4.70914	  32.1877	  32.38625
 1385	 -4.01245	  4.67711	  32.14447	  32.34302
 1383	 -3.97378	  4.83347	  32.16214	  32.36069
 1385	 -4.01245	  4.67711	  32.14447	  32.34302
 1386	 -3.9893	  4.86042	  32.13339	  32.33194
 1387	 -3.95404	  4.85066	  32.18653	  32.38508
 1388	 -3.93505	  4.90729	  32.20152	  32.40007
 1389	 -3.96059	  4.84291	  32.22577	  32.42431
 1387	 -3.95404	  4.85066	  32.18653	  32.38508
 1389	 -3.96059	  4.84291	  32.22577	  32.42431
 1390	 -3.97118	  4.76584	  32.21608	  32.41463
 1391	 -3.97378	  4.83347	  32.16214	  32.36069
 1392	 -3.95404	  4.85066	  32.18653	  32.38508
 1393	 -3.97118	  4.76584	  32.21608	  32.41463
 1391	 -3.97378	  4.83347	  32.16214	  32.36069
 1393	 -3.97118	  4.76584	  32.21608	  32.41463
 1394	 -3.99293	  4.70914	  32.1877	  32.38625
 1395	 -3.95404	  4.85066	  32.18653	  32.38508
 1396	 -3.97378	  4.83347	  32.16214	  32.36069
 1397	 -3.88261	  4.91219	  32.14463	  32.34319
 1395	 -3.95404	  4.85066	  32.18653	  32.38508
 1397	 -3.88261	  4.91219	  32.14463	  32.34319
 1398	 -3.86994	  4.9209	  32.16504	  32.36358
 1399	 -3.97378	  4.83347	  32.16214	  32.36069
 1400	 -3.9893	  4.86042	  32.13339	  32.33194
 1401	 -3.88161	  4.94809	  32.12197	  32.32053
 1399	 -3.97378	  4.83347	  32.16214	  32.36069
 1401	 -3.88161	  4.94809	  32.12197	  32.32053
 1402	 -3.88261	  4.91219	  32.14463	  32.34319
 1403	 -3.86499	  5.01098	  32.18069	  32.37923
 1404	 -3.93131	  4.96935	  32.20555	  32.40409
 1405	 -3.93505	  4.90729	  32.20152	  32.40007
 1403	 -3.86499	  5.01098	  32.18069	  32.37923
 1405	 -3.93505	  4.90729	  32.20152	  32.40007
 1406	 -3.86588	  4.97297	  32.1785	  32.37705
 1407	 -3.92002	  5.04058	  32.21661	  32.41516
 1408	 -3.93131	  4.96935	  32.20555	  32.40409
 1409	 -3.86499	  5.01098	  32.18069	  32.37923
 1407	 -3.92002	  5.04058	  32.21661	  32.41516
 1409	 -3.86499	  5.01098	  32.18069	  32.37923
 1410	 -3.85817	  5.05703	  32.19164	  32.39019
 1411	 -3.93131	  4.96935	  32.20555	  32.40409
 1412	 -3.92002	  5.04058	  32.21661	  32.41516
 1413	 -3.93964	  5.00917	  32.2448	  32.44334
 1411	 -3.93131	  4.96935	  32.20555	  32.40409
 1413	 -3.93964	  5.00917	  32.2448	  32.44334
 1414	 -3.95097	  4.91736	  32.23224	  32.43079
 1415	 -3.93505	  4.90729	  32.20152	  32.40007
 1416	 -3.93131	  4.96935	  32.20555	  32.40409
 1417	 -3.95097	  4.91736	  32.23224	  32.43079
 1415	 -3.93505	  4.90729	  32.20152	  32.40007
 1417	 -3.95097	  4.91736	  32.23224	  32.43079
 1418	 -3.96059	  4.84291	  32.22577	  32.42431
 1419	 -3.93401	  5.12662	  32.22258	  32.42113
 1420	 -3.95752	  5.10987	  32.25597	  32.45451
 1421	 -3.93964	  5.00917	  32.2448	  32.44334
 1419	 -3.93401	  5.12662	  32.22258	  32.42113
 1421	 -3.93964	  5.00917	  32.2448	  32.44334
 1422	 -3.92002	  5.04058	  32.21661	  32.41516
 1423	 -3.92674	  5.27657	  32.23914	  32.43769
 1424	 -3.93401	  5.12662	  32.22258	  32.42113
 1425	 -3.86664	  5.14122	  32.19589	  32.39444
 1423	 -3.92674	  5.27657	  32.23914	  32.43769
 1425	 -3.86664	  5.14122	  32.19589	  32.39444
 1426	 -3.8626	  5.28618	  32.21522	  32.41376
 1427	 -3.93401	  5.12662	  32.22258	  32.42113
 1428	 -3.92002	  5.04058	  32.21661	  32.41516
 1429	 -3.85817	  5.05703	  32.19164	  32.39019
 1427	 -3.93401	  5.12662	  32.22258	  32.42113
 1429	 -3.85817	  5.05703	  32.19164	  32.39019
 1430	 -3.86664	  5.14122	  32.19589	  32.39444
 1431	 -3.98166	  5.21681	  32.31777	  32.51631
 1432	 -3.96719	  5.26978	  32.272	  32.47055
 1433	 -3.95482	  5.47157	  32.2829	  32.48144
 1431	 -3.98166	  5.21681	  32.31777	  32.51631
 1433	 -3.95482	  5.47157	  32.2829	  32.48144
 1434	 -3.96976	  5.4133	  32.33869	  32.53723
 1435	 -3.96719	  5.26978	  32.272	  32.47055
 1436	 -3.92674	  5.27657	  32.23914	  32.43769
 1437	 -3.9109	  5.489	  32.25203	  32.45057
 1435	 -3.96719	  5.26978	  32.272	  32.47055
 1437	 -3.9109	  5.489	  32.25203	  32.45057
 1438	 -3.95482	  5.47157	  32.2829	  32.48144
 1439	 -3.95752	  5.10987	  32.25597	  32.45451
 1440	 -3.96719	  5.26978	  32.272	  32.47055
 1441	 -3.98166	  5.21681	  32.31777	  32.51631
 1439	 -3.95752	  5.10987	  32.25597	  32.45451
 1441	 -3.98166	  5.21681	  32.31777	  32.51631
 1442	 -3.9522	  5.06455	  32.2981	  32.49665
 1443	 -3.96719	  5.26978	  32.272	  32.47055
 1444	 -3.95752	  5.10987	  32.25597	  32.45451
 1445	 -3.93401	  5.12662	  32.22258	  32.42113
 1443	 -3.96719	  5.26978	  32.272	  32.47055
 1445	 -3.93401	  5.12662	  32.22258	  32.42113
 1446	 -3.92674	  5.27657	  32.23914	  32.43769
 1447	 -3.93964	  5.00917	  32.2448	  32.44334
 1448	 -3.95752	  5.10987	  32.25597	  32.45451
 1449	 -3.9522	  5.06455	  32.2981	  32.49665
 1447	 -3.93964	  5.00917	  32.2448	  32.44334
 1449	 -3.9522	  5.06455	  32.2981	  32.49665
 1450	 -3.93649	  4.94346	  32.28553	  32.48407
 1451	 -3.86353	  5.92577	  32.25237	  32.45091
 1452	 -3.85395	  5.74714	  32.23191	  32.43045
 1453	 -3.74806	  5.7534	  32.22009	  32.41864
 1451	 -3.86353	  5.92577	  32.25237	  32.45091
 1453	 -3.74806	  5.7534	  32.22009	  32.41864
 1454	 -3.76494	  5.93632	  32.23969	  32.43824
 1455	 -3.99285	  5.88331	  32.30025	  32.49879
 1456	 -3.94637	  5.92622	  32.26999	  32.46853
 1457	 -3.94087	  6.13029	  32.29016	  32.48871
 1455	 -3.99285	  5.88331	  32.30025	  32.49879
 1457	 -3.94087	  6.13029	  32.29016	  32.48871
 1458	 -3.9675	  6.11377	  32.2895	  32.48804
 1459	 -3.86658	  6.15316	  32.27963	  32.47818
 1460	 -3.86353	  5.92577	  32.25237	  32.45091
 1461	 -3.76494	  5.93632	  32.23969	  32.43824
 1459	 -3.86658	  6.15316	  32.27963	  32.47818
 1461	 -3.76494	  5.93632	  32.23969	  32.43824
 1462	 -3.76851	  6.1323	  32.26997	  32.46851
 1463	 -3.94637	  5.92622	  32.26999	  32.46853
 1464	 -3.86353	  5.92577	  32.25237	  32.45091
 1465	 -3.86658	  6.15316	  32.27963	  32.47818
 1463	 -3.94637	  5.92622	  32.26999	  32.46853
 1465	 -3.86658	  6.15316	  32.27963	  32.47818
 1466	 -3.94087	  6.13029	  32.29016	  32.48871
 1467	 -3.86353	  5.92577	  32.25237	  32.45091
 1468	 -3.94637	  5.92622	  32.26999	  32.46853
 1469	 -3.9315	  5.73424	  32.24852	  32.44707
 1467	 -3.86353	  5.92577	  32.25237	  32.45091
 1469	 -3.9315	  5.73424	  32.24852	  32.44707
 1470	 -3.85395	  5.74714	  32.23191	  32.43045
 1471	 -3.94637	  5.92622	  32.26999	  32.46853
 1472	 -3.99285	  5.88331	  32.30025	  32.49879
 1473	 -3.97472	  5.69416	  32.29005	  32.48859
 1471	 -3.94637	  5.92622	  32.26999	  32.46853
 1473	 -3.97472	  5.69416	  32.29005	  32.48859
 1474	 -3.9315	  5.73424	  32.24852	  32.44707
 1475	 -4.221	  5.70513	  32.0769	  32.27546
 1476	 -4.19942	  5.72645	  32.03038	  32.22894
 1477	 -4.12339	  5.70048	  32.03729	  32.23585
 1475	 -4.221	  5.70513	  32.0769	  32.27546
 1477	 -4.12339	  5.70048	  32.03729	  32.23585
 1478	 -4.14016	  5.68881	  32.08443	  32.28298
 1479	 -4.27769	  5.65247	  32.0685	  32.26705
 1480	 -4.24964	  5.66477	  32.02216	  32.22072
 1481	 -4.19942	  5.72645	  32.03038	  32.22894
 1479	 -4.27769	  5.65247	  32.0685	  32.26705
 1481	 -4.19942	  5.72645	  32.03038	  32.22894
 1482	 -4.221	  5.70513	  32.0769	  32.27546
 1483	 -4.2732	  5.52545	  32.06411	  32.26267
 1484	 -4.24069	  5.55416	  32.0146	  32.21315
 1485	 -4.24964	  5.66477	  32.02216	  32.22072
 1483	 -4.2732	  5.52545	  32.06411	  32.26267
 1485	 -4.24964	  5.66477	  32.02216	  32.22072
 1486	 -4.27769	  5.65247	  32.0685	  32.26705
 1487	 -4.24772	  5.42591	  32.06648	  32.26503
 1488	 -4.21129	  5.46699	  32.01238	  32.21094
 1489	 -4.24069	  5.55416	  32.0146	  32.21315
 1487	 -4.24772	  5.42591	  32.06648	  32.26503
 1489	 -4.24069	  5.55416	  32.0146	  32.21315
 1490	 -4.2732	  5.52545	  32.06411	  32.26267
 1491	 -4.18082	  5.38798	  32.07095	  32.2695
 1492	 -4.14999	  5.43296	  32.01745	  32.21601
 1493	 -4.21129	  5.46699	  32.01238	  32.21094
 1491	 -4.18082	  5.38798	  32.07095	  32.2695
 1493	 -4.21129	  5.46699	  32.01238	  32.21094
 1494	 -4.24772	  5.42591	  32.06648	  32.26503
 1495	 -4.11279	  5.44076	  32.07825	  32.2768
 1496	 -4.09534	  5.48397	  32.02772	  32.22628
 1497	 -4.14999	  5.43296	  32.01745	  32.21601
 1495	 -4.11279	  5.44076	  32.07825	  32.2768
 1497	 -4.14999	  5.43296	  32.01745	  32.21601
 1498	 -4.18082	  5.38798	  32.07095	  32.2695
 1499	 -4.08997	  5.57952	  32.08493	  32.28348
 1500	 -4.07801	  5.59372	  32.03633	  32.23489
 1501	 -4.09534	  5.48397	  32.02772	  32.22628
 1499	 -4.08997	  5.57952	  32.08493	  32.28348
 1501	 -4.09534	  5.48397	  32.02772	  32.22628
 1502	 -4.11279	  5.44076	  32.07825	  32.2768
 1503	 -4.07801	  5.59372	  32.03633	  32.23489
 1504	 -4.08997	  5.57952	  32.08493	  32.28348
 1505	 -4.14016	  5.68881	  32.08443	  32.28298
 1503	 -4.07801	  5.59372	  32.03633	  32.23489
 1505	 -4.14016	  5.68881	  32.08443	  32.28298
 1506	 -4.12339	  5.70048	  32.03729	  32.23585
 1507	 -4.19942	  5.72645	  32.03038	  32.22894
 1508	 -4.17277	  5.76315	  31.98221	  32.18076
 1509	 -4.09874	  5.74449	  31.98848	  32.18704
 1507	 -4.19942	  5.72645	  32.03038	  32.22894
 1509	 -4.09874	  5.74449	  31.98848	  32.18704
 1510	 -4.12339	  5.70048	  32.03729	  32.23585
 1511	 -4.24964	  5.66477	  32.02216	  32.22072
 1512	 -4.21239	  5.6926	  31.97307	  32.17162
 1513	 -4.17277	  5.76315	  31.98221	  32.18076
 1511	 -4.24964	  5.66477	  32.02216	  32.22072
 1513	 -4.17277	  5.76315	  31.98221	  32.18076
 1514	 -4.19942	  5.72645	  32.03038	  32.22894
 1515	 -4.21239	  5.6926	  31.97307	  32.17162
 1516	 -4.17161	  5.71537	  31.92802	  32.12658
 1517	 -4.13511	  5.80766	  31.93716	  32.13572
 1515	 -4.21239	  5.6926	  31.97307	  32.17162
 1517	 -4.13511	  5.80766	  31.93716	  32.13572
 1518	 -4.17277	  5.76315	  31.98221	  32.18076
 1519	 -4.24069	  5.55416	  32.0146	  32.21315
 1520	 -4.20328	  5.58829	  31.96769	  32.16624
 1521	 -4.21239	  5.6926	  31.97307	  32.17162
 1519	 -4.24069	  5.55416	  32.0146	  32.21315
 1521	 -4.21239	  5.6926	  31.97307	  32.17162
 1522	 -4.24964	  5.66477	  32.02216	  32.22072
 1523	 -4.20328	  5.58829	  31.96769	  32.16624
 1524	 -4.16496	  5.61588	  31.92475	  32.12331
 1525	 -4.17161	  5.71537	  31.92802	  32.12658
 1523	 -4.20328	  5.58829	  31.96769	  32.16624
 1525	 -4.17161	  5.71537	  31.92802	  32.12658
 1526	 -4.21239	  5.6926	  31.97307	  32.17162
 1527	 -4.21129	  5.46699	  32.01238	  32.21094
 1528	 -4.16933	  5.50904	  31.96529	  32.16385
 1529	 -4.20328	  5.58829	  31.96769	  32.16624
 1527	 -4.21129	  5.46699	  32.01238	  32.21094
 1529	 -4.20328	  5.58829	  31.96769	  32.16624
 1530	 -4.24069	  5.55416	  32.0146	  32.21315
 1531	 -4.16933	  5.50904	  31.96529	  32.16385
 1532	 -4.13971	  5.55121	  31.92577	  32.12432
 1533	 -4.16496	  5.61588	  31.92475	  32.12331
 1531	 -4.16933	  5.50904	  31.96529	  32.16385
 1533	 -4.16496	  5.61588	  31.92475	  32.12331
 1534	 -4.20328	  5.58829	  31.96769	  32.16624
 1535	 -4.14999	  5.43296	  32.01745	  32.21601
 1536	 -4.12406	  5.48131	  31.97038	  32.16894
 1537	 -4.16933	  5.50904	  31.96529	  32.16385
 1535	 -4.14999	  5.43296	  32.01745	  32.21601
 1537	 -4.16933	  5.50904	  31.96529	  32.16385
 1538	 -4.21129	  5.46699	  32.01238	  32.21094
 1539	 -4.12406	  5.48131	  31.97038	  32.16894
 1540	 -4.09153	  5.5186	  31.92911	  32.12767
 1541	 -4.13971	  5.55121	  31.92577	  32.12432
 1539	 -4.12406	  5.48131	  31.97038	  32.16894
 1541	 -4.13971	  5.55121	  31.92577	  32.12432
 1542	 -4.16933	  5.50904	  31.96529	  32.16385
 1543	 -4.09534	  5.48397	  32.02772	  32.22628
 1544	 -4.06876	  5.53375	  31.97982	  32.17838
 1545	 -4.12406	  5.48131	  31.97038	  32.16894
 1543	 -4.09534	  5.48397	  32.02772	  32.22628
 1545	 -4.12406	  5.48131	  31.97038	  32.16894
 1546	 -4.14999	  5.43296	  32.01745	  32.21601
 1547	 -4.06876	  5.53375	  31.97982	  32.17838
 1548	 -4.04741	  5.56461	  31.93686	  32.13541
 1549	 -4.09153	  5.5186	  31.92911	  32.12767
 1547	 -4.06876	  5.53375	  31.97982	  32.17838
 1549	 -4.09153	  5.5186	  31.92911	  32.12767
 1550	 -4.12406	  5.48131	  31.97038	  32.16894
 1551	 -4.07801	  5.59372	  32.03633	  32.23489
 1552	 -4.05955	  5.63133	  31.98718	  32.18574
 1553	 -4.06876	  5.53375	  31.97982	  32.17838
 1551	 -4.07801	  5.59372	  32.03633	  32.23489
 1553	 -4.06876	  5.53375	  31.97982	  32.17838
 1554	 -4.09534	  5.48397	  32.02772	  32.22628
 1555	 -4.09874	  5.74449	  31.98848	  32.18704
 1556	 -4.05955	  5.63133	  31.98718	  32.18574
 1557	 -4.07801	  5.59372	  32.03633	  32.23489
 1555	 -4.09874	  5.74449	  31.98848	  32.18704
 1557	 -4.07801	  5.59372	  32.03633	  32.23489
 1558	 -4.12339	  5.70048	  32.03729	  32.23585
 1559	 -4.05955	  5.63133	  31.98718	  32.18574
 1560	 -4.03793	  5.68076	  31.94246	  32.14102
 1561	 -4.04741	  5.56461	  31.93686	  32.13541
 1559	 -4.05955	  5.63133	  31.98718	  32.18574
 1561	 -4.04741	  5.56461	  31.93686	  32.13541
 1562	 -4.06876	  5.53375	  31.97982	  32.17838
 1563	 -4.13511	  5.80766	  31.93716	  32.13572
 1564	 -4.06365	  5.7974	  31.94394	  32.14249
 1565	 -4.09874	  5.74449	  31.98848	  32.18704
 1563	 -4.13511	  5.80766	  31.93716	  32.13572
 1565	 -4.09874	  5.74449	  31.98848	  32.18704
 1566	 -4.17277	  5.76315	  31.98221	  32.18076
 1567	 -4.06365	  5.7974	  31.94394	  32.14249
 1568	 -4.03793	  5.68076	  31.94246	  32.14102
 1569	 -4.05955	  5.63133	  31.98718	  32.18574
 1567	 -4.06365	  5.7974	  31.94394	  32.14249
 1569	 -4.05955	  5.63133	  31.98718	  32.18574
 1570	 -4.09874	  5.74449	  31.98848	  32.18704
 1571	 -3.64773	  5.95371	  32.23814	  32.43669
 1572	 -3.65334	  6.15743	  32.27036	  32.4689
 1573	 -3.76851	  6.1323	  32.26997	  32.46851
 1571	 -3.64773	  5.95371	  32.23814	  32.43669
 1573	 -3.76851	  6.1323	  32.26997	  32.46851
 1574	 -3.76494	  5.93632	  32.23969	  32.43824
 1575	 -3.75066	  5.29085	  32.20502	  32.40357
 1576	 -3.63869	  5.29774	  32.19277	  32.39132
 1577	 -3.64281	  5.49073	  32.2156	  32.41414
 1575	 -3.75066	  5.29085	  32.20502	  32.40357
 1577	 -3.64281	  5.49073	  32.2156	  32.41414
 1578	 -3.74996	  5.49387	  32.22022	  32.41877
 1579	 -3.76018	  5.14948	  32.17875	  32.3773
 1580	 -3.63465	  5.18359	  32.16889	  32.36744
 1581	 -3.63869	  5.29774	  32.19277	  32.39132
 1579	 -3.76018	  5.14948	  32.17875	  32.3773
 1581	 -3.63869	  5.29774	  32.19277	  32.39132
 1582	 -3.75066	  5.29085	  32.20502	  32.40357
 1583	 -3.64281	  5.49073	  32.2156	  32.41414
 1584	 -3.6447	  5.75812	  32.22242	  32.42097
 1585	 -3.74806	  5.7534	  32.22009	  32.41864
 1583	 -3.64281	  5.49073	  32.2156	  32.41414
 1585	 -3.74806	  5.7534	  32.22009	  32.41864
 1586	 -3.74996	  5.49387	  32.22022	  32.41877
 1587	 -3.74806	  5.7534	  32.22009	  32.41864
 1588	 -3.6447	  5.75812	  32.22242	  32.42097
 1589	 -3.64773	  5.95371	  32.23814	  32.43669
 1587	 -3.74806	  5.7534	  32.22009	  32.41864
 1589	 -3.64773	  5.95371	  32.23814	  32.43669
 1590	 -3.76494	  5.93632	  32.23969	  32.43824
 1591	 -3.76387	  5.06634	  32.17475	  32.37329
 1592	 -3.63382	  5.09805	  32.16523	  32.36378
 1593	 -3.63465	  5.18359	  32.16889	  32.36744
 1591	 -3.76387	  5.06634	  32.17475	  32.37329
 1593	 -3.63465	  5.18359	  32.16889	  32.36744
 1594	 -3.76018	  5.14948	  32.17875	  32.3773
 1595	 -3.63174	  5.05228	  32.15267	  32.35122
 1596	 -3.63382	  5.09805	  32.16523	  32.36378
 1597	 -3.76387	  5.06634	  32.17475	  32.37329
 1595	 -3.63174	  5.05228	  32.15267	  32.35122
 1597	 -3.76387	  5.06634	  32.17475	  32.37329
 1598	 -3.7603	  5.02122	  32.16545	  32.36399
 1599	 -3.63099	  5.0228	  32.1484	  32.34695
 1600	 -3.63174	  5.05228	  32.15267	  32.35122
 1601	 -3.7603	  5.02122	  32.16545	  32.36399
 1599	 -3.63099	  5.0228	  32.1484	  32.34695
 1601	 -3.7603	  5.02122	  32.16545	  32.36399
 1602	 -3.75581	  4.98934	  32.1601	  32.35865
 1603	 -3.62936	  4.98423	  32.1386	  32.33715
 1604	 -3.63099	  5.0228	  32.1484	  32.34695
 1605	 -3.75581	  4.98934	  32.1601	  32.35865
 1603	 -3.62936	  4.98423	  32.1386	  32.33715
 1605	 -3.75581	  4.98934	  32.1601	  32.35865
 1606	 -3.75287	  4.9611	  32.15022	  32.34877
 1607	 -3.74384	  4.9251	  32.12538	  32.32393
 1608	 -3.6249	  4.95066	  32.11039	  32.30894
 1603	 -3.62936	  4.98423	  32.1386	  32.33715
 1607	 -3.74384	  4.9251	  32.12538	  32.32393
 1603	 -3.62936	  4.98423	  32.1386	  32.33715
 1609	 -3.75287	  4.9611	  32.15022	  32.34877
 1610	 -3.72604	  4.88017	  32.10369	  32.30225
 1611	 -3.62205	  4.86895	  32.09357	  32.29212
 1612	 -3.6249	  4.95066	  32.11039	  32.30894
 1610	 -3.72604	  4.88017	  32.10369	  32.30225
 1612	 -3.6249	  4.95066	  32.11039	  32.30894
 1613	 -3.74384	  4.9251	  32.12538	  32.32393
 1614	 -3.6808	  6.69094	  32.43758	  32.63612
 1615	 -3.68118	  6.62525	  32.44137	  32.6399
 1616	 -3.73153	  6.62863	  32.43572	  32.63425
 1614	 -3.6808	  6.69094	  32.43758	  32.63612
 1616	 -3.73153	  6.62863	  32.43572	  32.63425
 1617	 -3.73018	  6.69208	  32.43209	  32.63063
 1618	 -3.68149	  6.60082	  32.44381	  32.64235
 1619	 -3.68258	  6.60703	  32.45079	  32.64933
 1620	 -3.74259	  6.61143	  32.44447	  32.64301
 1618	 -3.68149	  6.60082	  32.44381	  32.64235
 1620	 -3.74259	  6.61143	  32.44447	  32.64301
 1621	 -3.73724	  6.61624	  32.44058	  32.63912
 1622	 -3.74219	  6.58787	  32.446	  32.64453
 1623	 -3.68259	  6.58578	  32.45127	  32.64981
 1624	 -3.68269	  6.56747	  32.45231	  32.65085
 1622	 -3.74219	  6.58787	  32.446	  32.64453
 1624	 -3.68269	  6.56747	  32.45231	  32.65085
 1625	 -3.74194	  6.56812	  32.44788	  32.64642
 1626	 -3.68269	  6.56747	  32.45231	  32.65085
 1627	 -3.68315	  6.54326	  32.45576	  32.6543
 1628	 -3.7444	  6.54146	  32.45161	  32.65014
 1626	 -3.68269	  6.56747	  32.45231	  32.65085
 1628	 -3.7444	  6.54146	  32.45161	  32.65014
 1629	 -3.74194	  6.56812	  32.44788	  32.64642
 1630	 -3.68156	  6.7666	  32.44176	  32.6403
 1631	 -3.6808	  6.69094	  32.43758	  32.63612
 1632	 -3.73018	  6.69208	  32.43209	  32.63063
 1630	 -3.68156	  6.7666	  32.44176	  32.6403
 1632	 -3.73018	  6.69208	  32.43209	  32.63063
 1633	 -3.73614	  6.77787	  32.43312	  32.63165
 1634	 -3.68308	  6.85222	  32.44829	  32.64683
 1635	 -3.68156	  6.7666	  32.44176	  32.6403
 1636	 -3.73614	  6.77787	  32.43312	  32.63165
 1634	 -3.68308	  6.85222	  32.44829	  32.64683
 1636	 -3.73614	  6.77787	  32.43312	  32.63165
 249	 -3.74476	  6.86108	  32.43684	  32.63538
 1637	 -3.75954	  6.95786	  32.44834	  32.64687
 1638	 -3.68483	  6.95429	  32.45914	  32.65768
 1639	 -3.68308	  6.85222	  32.44829	  32.64683
 1637	 -3.75954	  6.95786	  32.44834	  32.64687
 1639	 -3.68308	  6.85222	  32.44829	  32.64683
 1640	 -3.74476	  6.86108	  32.43684	  32.63538
 1641	 -3.68289	  6.5245	  32.45449	  32.65302
 1642	 -3.68574	  6.40224	  32.47542	  32.67396
 1643	 -3.76349	  6.39305	  32.46999	  32.66852
 1641	 -3.68289	  6.5245	  32.45449	  32.65302
 1643	 -3.76349	  6.39305	  32.46999	  32.66852
 1644	 -3.74591	  6.52084	  32.45016	  32.6487
 1645	 -3.68778	  6.17269	  32.49322	  32.69176
 1646	 -3.77667	  6.17258	  32.49291	  32.69145
 1647	 -3.76349	  6.39305	  32.46999	  32.66852
 1645	 -3.68778	  6.17269	  32.49322	  32.69176
 1647	 -3.76349	  6.39305	  32.46999	  32.66852
 1648	 -3.68574	  6.40224	  32.47542	  32.67396
 1649	 -3.68778	  6.17269	  32.49322	  32.69176
 1650	 -3.68784	  5.96165	  32.49792	  32.69645
 1651	 -3.7816	  5.96182	  32.49443	  32.69297
 1649	 -3.68778	  6.17269	  32.49322	  32.69176
 1651	 -3.7816	  5.96182	  32.49443	  32.69297
 1652	 -3.77667	  6.17258	  32.49291	  32.69145
 1653	 -3.68558	  5.72755	  32.48796	  32.68649
 1654	 -3.78046	  5.72098	  32.47678	  32.67531
 1655	 -3.7816	  5.96182	  32.49443	  32.69297
 1653	 -3.68558	  5.72755	  32.48796	  32.68649
 1655	 -3.7816	  5.96182	  32.49443	  32.69297
 1656	 -3.68784	  5.96165	  32.49792	  32.69645
 1657	 -3.68558	  5.72755	  32.48796	  32.68649
 1658	 -3.68209	  5.52779	  32.46937	  32.6679
 1659	 -3.77611	  5.51482	  32.46038	  32.65891
 1657	 -3.68558	  5.72755	  32.48796	  32.68649
 1659	 -3.77611	  5.51482	  32.46038	  32.65891
 1660	 -3.78046	  5.72098	  32.47678	  32.67531
 1661	 -3.67501	  5.28978	  32.4283	  32.62684
 1662	 -3.75325	  5.2854	  32.42945	  32.62799
 1663	 -3.77611	  5.51482	  32.46038	  32.65891
 1661	 -3.67501	  5.28978	  32.4283	  32.62684
 1663	 -3.77611	  5.51482	  32.46038	  32.65891
 1664	 -3.68209	  5.52779	  32.46937	  32.6679
 1665	 -3.66947	  5.07014	  32.3968	  32.59534
 1666	 -3.7602	  5.06778	  32.39285	  32.59138
 1667	 -3.75325	  5.2854	  32.42945	  32.62799
 1665	 -3.66947	  5.07014	  32.3968	  32.59534
 1667	 -3.75325	  5.2854	  32.42945	  32.62799
 1668	 -3.67501	  5.28978	  32.4283	  32.62684
 1669	 -3.66603	  4.88881	  32.3782	  32.57674
 1670	 -3.75281	  4.89403	  32.37139	  32.56993
 1671	 -3.7602	  5.06778	  32.39285	  32.59138
 1669	 -3.66603	  4.88881	  32.3782	  32.57674
 1671	 -3.7602	  5.06778	  32.39285	  32.59138
 1672	 -3.66947	  5.07014	  32.3968	  32.59534
 1673	 -3.66603	  4.88881	  32.3782	  32.57674
 1674	 -3.66107	  4.81574	  32.34754	  32.54608
 1675	 -3.74973	  4.82359	  32.3421	  32.54064
 1673	 -3.66603	  4.88881	  32.3782	  32.57674
 1675	 -3.74973	  4.82359	  32.3421	  32.54064
 1676	 -3.75281	  4.89403	  32.37139	  32.56993
 1677	 -3.65864	  4.70058	  32.33407	  32.53262
 1678	 -3.74445	  4.70352	  32.32812	  32.52666
 1679	 -3.74973	  4.82359	  32.3421	  32.54064
 1677	 -3.65864	  4.70058	  32.33407	  32.53262
 1679	 -3.74973	  4.82359	  32.3421	  32.54064
 1680	 -3.66107	  4.81574	  32.34754	  32.54608
 1681	 -3.65864	  4.70058	  32.33407	  32.53262
 1682	 -3.6569	  4.56657	  32.32556	  32.52411
 1683	 -3.74559	  4.57896	  32.32046	  32.519
 1681	 -3.65864	  4.70058	  32.33407	  32.53262
 1683	 -3.74559	  4.57896	  32.32046	  32.519
 1684	 -3.74445	  4.70352	  32.32812	  32.52666
 1685	 -3.65322	  4.42112	  32.30459	  32.50313
 1686	 -3.74549	  4.43364	  32.29981	  32.49836
 1687	 -3.74559	  4.57896	  32.32046	  32.519
 1685	 -3.65322	  4.42112	  32.30459	  32.50313
 1687	 -3.74559	  4.57896	  32.32046	  32.519
 1688	 -3.6569	  4.56657	  32.32556	  32.52411
 1689	 -3.65322	  4.42112	  32.30459	  32.50313
 1690	 -3.646	  4.32281	  32.2598	  32.45835
 1691	 -3.7291	  4.31057	  32.25508	  32.45362
 1689	 -3.65322	  4.42112	  32.30459	  32.50313
 1691	 -3.7291	  4.31057	  32.25508	  32.45362
 1692	 -3.74549	  4.43364	  32.29981	  32.49836
 1693	 -3.63569	  4.26414	  32.19421	  32.39276
 1694	 -3.72091	  4.26659	  32.18794	  32.38649
 1695	 -3.7291	  4.31057	  32.25508	  32.45362
 1693	 -3.63569	  4.26414	  32.19421	  32.39276
 1695	 -3.7291	  4.31057	  32.25508	  32.45362
 1696	 -3.646	  4.32281	  32.2598	  32.45835
 1697	 -3.68703	  7.0732	  32.46939	  32.66792
 1698	 -3.68483	  6.95429	  32.45914	  32.65768
 1699	 -3.75954	  6.95786	  32.44834	  32.64687
 1697	 -3.68703	  7.0732	  32.46939	  32.66792
 1699	 -3.75954	  6.95786	  32.44834	  32.64687
 1700	 -3.76553	  7.06713	  32.45366	  32.65219
 1701	 -3.68668	  7.19833	  32.4646	  32.66313
 1702	 -3.68703	  7.0732	  32.46939	  32.66792
 1703	 -3.76553	  7.06713	  32.45366	  32.65219
 1701	 -3.68668	  7.19833	  32.4646	  32.66313
 1703	 -3.76553	  7.06713	  32.45366	  32.65219
 1704	 -3.76977	  7.18545	  32.44818	  32.64672
 1705	 -3.76303	  7.30093	  32.42616	  32.62469
 1706	 -3.68307	  7.31858	  32.43881	  32.63734
 1707	 -3.68668	  7.19833	  32.4646	  32.66313
 1705	 -3.76303	  7.30093	  32.42616	  32.62469
 1707	 -3.68668	  7.19833	  32.4646	  32.66313
 1708	 -3.76977	  7.18545	  32.44818	  32.64672
 1709	 -3.68323	  6.77576	  32.25806	  32.45661
 1710	 -3.65339	  6.77532	  32.25742	  32.45596
 1711	 -3.6526	  6.8198	  32.25141	  32.44996
 1709	 -3.68323	  6.77576	  32.25806	  32.45661
 1711	 -3.6526	  6.8198	  32.25141	  32.44996
 1712	 -3.68866	  6.82998	  32.25959	  32.45814
 1713	 -3.65107	  6.86616	  32.24054	  32.43909
 1714	 -3.68943	  6.86858	  32.25198	  32.45053
 1715	 -3.68866	  6.82998	  32.25959	  32.45814
 1713	 -3.65107	  6.86616	  32.24054	  32.43909
 1715	 -3.68866	  6.82998	  32.25959	  32.45814
 1716	 -3.6526	  6.8198	  32.25141	  32.44996
 1717	 -3.68943	  6.86858	  32.25198	  32.45053
 1718	 -3.65107	  6.86616	  32.24054	  32.43909
 1719	 -3.65286	  6.92555	  32.25094	  32.44948
 1717	 -3.68943	  6.86858	  32.25198	  32.45053
 1719	 -3.65286	  6.92555	  32.25094	  32.44948
 1720	 -3.6866	  6.92133	  32.26295	  32.46149
 1721	 -3.65383	  6.69297	  32.26192	  32.46047
 1722	 -3.65459	  6.74421	  32.26584	  32.46439
 1723	 -3.6799	  6.74437	  32.26598	  32.46453
 1721	 -3.65383	  6.69297	  32.26192	  32.46047
 1723	 -3.6799	  6.74437	  32.26598	  32.46453
 1724	 -3.68496	  6.69515	  32.2628	  32.46135
 1725	 -3.68925	  6.65408	  32.26402	  32.46257
 1726	 -3.65392	  6.65163	  32.26333	  32.46187
 1727	 -3.65383	  6.69297	  32.26192	  32.46047
 1725	 -3.68925	  6.65408	  32.26402	  32.46257
 1727	 -3.65383	  6.69297	  32.26192	  32.46047
 1728	 -3.68496	  6.69515	  32.2628	  32.46135
 1729	 -3.6563	  6.59754	  32.27987	  32.47842
 1730	 -3.65368	  6.629	  32.26225	  32.46079
 1731	 -3.69389	  6.63077	  32.26437	  32.46291
 1729	 -3.6563	  6.59754	  32.27987	  32.47842
 1731	 -3.69389	  6.63077	  32.26437	  32.46291
 1732	 -3.70479	  6.60658	  32.28755	  32.4861
 1733	 -3.65286	  6.92555	  32.25094	  32.44948
 1734	 -3.65476	  6.97937	  32.2622	  32.46075
 1735	 -3.67423	  6.98339	  32.26334	  32.46188
 1733	 -3.65286	  6.92555	  32.25094	  32.44948
 1735	 -3.67423	  6.98339	  32.26334	  32.46188
 1736	 -3.6866	  6.92133	  32.26295	  32.46149
 1737	 -3.67423	  6.98339	  32.26334	  32.46188
 1738	 -3.65476	  6.97937	  32.2622	  32.46075
 1739	 -3.65522	  7.05058	  32.26375	  32.4623
 1737	 -3.67423	  6.98339	  32.26334	  32.46188
 1739	 -3.65522	  7.05058	  32.26375	  32.4623
 1740	 -3.70297	  7.05867	  32.26436	  32.46291
 1741	 -3.69357	  6.59694	  32.3168	  32.51534
 1742	 -3.6614	  6.59198	  32.31303	  32.51157
 1743	 -3.6563	  6.59754	  32.27987	  32.47842
 1741	 -3.69357	  6.59694	  32.3168	  32.51534
 1743	 -3.6563	  6.59754	  32.27987	  32.47842
 1744	 -3.70479	  6.60658	  32.28755	  32.4861
 1745	 -3.6614	  6.59198	  32.31303	  32.51157
 1746	 -3.69357	  6.59694	  32.3168	  32.51534
 1747	 -3.69602	  6.53719	  32.32248	  32.52102
 1745	 -3.6614	  6.59198	  32.31303	  32.51157
 1747	 -3.69602	  6.53719	  32.32248	  32.52102
 1748	 -3.66222	  6.53573	  32.32029	  32.51883
 1749	 -3.69949	  6.48537	  32.32684	  32.52539
 1750	 -3.66736	  6.48099	  32.32471	  32.52325
 1751	 -3.66222	  6.53573	  32.32029	  32.51883
 1749	 -3.69949	  6.48537	  32.32684	  32.52539
 1751	 -3.66222	  6.53573	  32.32029	  32.51883
 1752	 -3.69602	  6.53719	  32.32248	  32.52102
 1753	 -3.70687	  6.44948	  32.31136	  32.50991
 1754	 -3.66062	  6.43906	  32.31254	  32.51108
 1755	 -3.66165	  6.45996	  32.31811	  32.51665
 1753	 -3.70687	  6.44948	  32.31136	  32.50991
 1755	 -3.66165	  6.45996	  32.31811	  32.51665
 1756	 -3.70304	  6.46837	  32.31964	  32.51818
 1757	 -3.65522	  7.05058	  32.26375	  32.4623
 1758	 -3.65669	  7.15915	  32.2711	  32.46964
 1759	 -3.70241	  7.16546	  32.27422	  32.47277
 1757	 -3.65522	  7.05058	  32.26375	  32.4623
 1759	 -3.70241	  7.16546	  32.27422	  32.47277
 1760	 -3.70297	  7.05867	  32.26436	  32.46291
 1761	 -3.70241	  7.16546	  32.27422	  32.47277
 1762	 -3.65669	  7.15915	  32.2711	  32.46964
 1763	 -3.65581	  7.28374	  32.26407	  32.46262
 1761	 -3.70241	  7.16546	  32.27422	  32.47277
 1763	 -3.65581	  7.28374	  32.26407	  32.46262
 1764	 -3.71442	  7.26527	  32.26739	  32.46593
 1765	 -3.71966	  6.38651	  32.30096	  32.4995
 1766	 -3.65962	  6.37927	  32.30658	  32.50512
 1767	 -3.66011	  6.40814	  32.30919	  32.50774
 1765	 -3.71966	  6.38651	  32.30096	  32.4995
 1767	 -3.66011	  6.40814	  32.30919	  32.50774
 1768	 -3.71326	  6.41724	  32.30544	  32.50399
 1769	 -3.65918	  6.33309	  32.30467	  32.50321
 1770	 -3.65962	  6.37927	  32.30658	  32.50512
 1771	 -3.71966	  6.38651	  32.30096	  32.4995
 1769	 -3.65918	  6.33309	  32.30467	  32.50321
 1771	 -3.71966	  6.38651	  32.30096	  32.4995
 1772	 -3.72196	  6.33081	  32.30863	  32.50717
 1773	 -3.65334	  6.15743	  32.27036	  32.4689
 1774	 -3.65841	  6.30239	  32.30028	  32.49882
 1775	 -3.73076	  6.29041	  32.29991	  32.49846
 1773	 -3.65334	  6.15743	  32.27036	  32.4689
 1775	 -3.73076	  6.29041	  32.29991	  32.49846
 1776	 -3.76851	  6.1323	  32.26997	  32.46851
 1777	 -3.66311	  7.39001	  32.30904	  32.50758
 1778	 -3.66976	  7.41011	  32.35071	  32.54926
 1779	 -3.74049	  7.37777	  32.34939	  32.54793
 1777	 -3.66311	  7.39001	  32.30904	  32.50758
 1779	 -3.74049	  7.37777	  32.34939	  32.54793
 1780	 -3.72904	  7.34568	  32.30973	  32.50827
 1781	 -3.74817	  7.35821	  32.3898	  32.58834
 1782	 -3.67712	  7.39793	  32.39866	  32.5972
 1783	 -3.68307	  7.31858	  32.43881	  32.63734
 1781	 -3.74817	  7.35821	  32.3898	  32.58834
 1783	 -3.68307	  7.31858	  32.43881	  32.63734
 362	 -3.76303	  7.30093	  32.42616	  32.62469
 1784	 -3.66976	  7.41011	  32.35071	  32.54926
 1785	 -3.67712	  7.39793	  32.39866	  32.5972
 1786	 -3.74817	  7.35821	  32.3898	  32.58834
 1784	 -3.66976	  7.41011	  32.35071	  32.54926
 1786	 -3.74817	  7.35821	  32.3898	  32.58834
 1787	 -3.74049	  7.37777	  32.34939	  32.54793
 1788	 -3.6582	  7.36001	  32.2776	  32.47615
 1789	 -3.66311	  7.39001	  32.30904	  32.50758
 1790	 -3.72904	  7.34568	  32.30973	  32.50827
 1788	 -3.6582	  7.36001	  32.2776	  32.47615
 1790	 -3.72904	  7.34568	  32.30973	  32.50827
 1791	 -3.70584	  7.35457	  32.27647	  32.47501
 1792	 -3.6582	  7.36001	  32.2776	  32.47615
 1793	 -3.70584	  7.35457	  32.27647	  32.47501
 1794	 -3.71442	  7.26527	  32.26739	  32.46593
 1792	 -3.6582	  7.36001	  32.2776	  32.47615
 1794	 -3.71442	  7.26527	  32.26739	  32.46593
 1795	 -3.65581	  7.28374	  32.26407	  32.46262
 1796	 -3.62627	  4.41504	  32.1301	  32.32865
 1797	 -3.70707	  4.40454	  32.12667	  32.32523
 1798	 -3.72091	  4.26659	  32.18794	  32.38649
 1796	 -3.62627	  4.41504	  32.1301	  32.32865
 1798	 -3.72091	  4.26659	  32.18794	  32.38649
 1799	 -3.63569	  4.26414	  32.19421	  32.39276
 1800	 -3.62244	  4.56432	  32.10228	  32.30083
 1801	 -3.67496	  4.6683	  32.08797	  32.28652
 1802	 -3.70707	  4.40454	  32.12667	  32.32523
 1800	 -3.62244	  4.56432	  32.10228	  32.30083
 1802	 -3.70707	  4.40454	  32.12667	  32.32523
 1803	 -3.62627	  4.41504	  32.1301	  32.32865
 1804	 -3.67025	  4.77111	  32.09315	  32.2917
 1805	 -3.62245	  4.70971	  32.0994	  32.29796
 1806	 -3.62205	  4.86895	  32.09357	  32.29212
 1804	 -3.67025	  4.77111	  32.09315	  32.2917
 1806	 -3.62205	  4.86895	  32.09357	  32.29212
 1807	 -3.72604	  4.88017	  32.10369	  32.30225
 1808	 -3.62245	  4.70971	  32.0994	  32.29796
 1809	 -3.67025	  4.77111	  32.09315	  32.2917
 1810	 -3.67496	  4.6683	  32.08797	  32.28652
 1808	 -3.62245	  4.70971	  32.0994	  32.29796
 1810	 -3.67496	  4.6683	  32.08797	  32.28652
 1811	 -3.62244	  4.56432	  32.10228	  32.30083
 1812	 -3.79536	  6.57929	  32.37203	  32.57057
 1813	 -3.79925	  6.60701	  32.39919	  32.59773
 1814	 -3.81347	  6.60858	  32.40012	  32.59866
 1812	 -3.79536	  6.57929	  32.37203	  32.57057
 1814	 -3.81347	  6.60858	  32.40012	  32.59866
 1815	 -3.81069	  6.58214	  32.36969	  32.56823
 1816	 -4.17161	  5.71537	  31.92802	  32.12658
 1817	 -4.13981	  5.70375	  31.93326	  32.13182
 1818	 -4.12492	  5.74683	  31.93569	  32.13425
 1816	 -4.17161	  5.71537	  31.92802	  32.12658
 1818	 -4.12492	  5.74683	  31.93569	  32.13425
 1819	 -4.13511	  5.80766	  31.93716	  32.13572
 1820	 -4.16496	  5.61588	  31.92475	  32.12331
 1821	 -4.13685	  5.65514	  31.9321	  32.13066
 1822	 -4.13981	  5.70375	  31.93326	  32.13182
 1820	 -4.16496	  5.61588	  31.92475	  32.12331
 1822	 -4.13981	  5.70375	  31.93326	  32.13182
 1823	 -4.17161	  5.71537	  31.92802	  32.12658
 1824	 -4.13971	  5.55121	  31.92577	  32.12432
 1825	 -4.12396	  5.61447	  31.93253	  32.13109
 1826	 -4.13685	  5.65514	  31.9321	  32.13066
 1824	 -4.13971	  5.55121	  31.92577	  32.12432
 1826	 -4.13685	  5.65514	  31.9321	  32.13066
 1827	 -4.16496	  5.61588	  31.92475	  32.12331
 1828	 -4.09153	  5.5186	  31.92911	  32.12767
 1829	 -4.09879	  5.59307	  31.93408	  32.13264
 1830	 -4.12396	  5.61447	  31.93253	  32.13109
 1828	 -4.09153	  5.5186	  31.92911	  32.12767
 1830	 -4.12396	  5.61447	  31.93253	  32.13109
 1831	 -4.13971	  5.55121	  31.92577	  32.12432
 1832	 -4.04741	  5.56461	  31.93686	  32.13541
 1833	 -4.07424	  5.604	  31.93775	  32.13631
 1834	 -4.09879	  5.59307	  31.93408	  32.13264
 1832	 -4.04741	  5.56461	  31.93686	  32.13541
 1834	 -4.09879	  5.59307	  31.93408	  32.13264
 1835	 -4.09153	  5.5186	  31.92911	  32.12767
 1836	 -4.03793	  5.68076	  31.94246	  32.14102
 1837	 -4.0668	  5.65654	  31.9403	  32.13886
 1838	 -4.07424	  5.604	  31.93775	  32.13631
 1836	 -4.03793	  5.68076	  31.94246	  32.14102
 1838	 -4.07424	  5.604	  31.93775	  32.13631
 1839	 -4.04741	  5.56461	  31.93686	  32.13541
 1840	 -4.13511	  5.80766	  31.93716	  32.13572
 1841	 -4.12492	  5.74683	  31.93569	  32.13425
 1842	 -4.0853	  5.73101	  31.93946	  32.13802
 1840	 -4.13511	  5.80766	  31.93716	  32.13572
 1842	 -4.0853	  5.73101	  31.93946	  32.13802
 1843	 -4.06365	  5.7974	  31.94394	  32.14249
 1844	 -4.06365	  5.7974	  31.94394	  32.14249
 1845	 -4.0853	  5.73101	  31.93946	  32.13802
 1846	 -4.0668	  5.65654	  31.9403	  32.13886
 1844	 -4.06365	  5.7974	  31.94394	  32.14249
 1846	 -4.0668	  5.65654	  31.9403	  32.13886
 1847	 -4.03793	  5.68076	  31.94246	  32.14102
 1848	 -3.72363	  6.91997	  32.27917	  32.47772
 1849	 -3.72457	  6.92997	  32.27955	  32.4781
 1850	 -3.76619	  6.93164	  32.29052	  32.48907
 1848	 -3.72363	  6.91997	  32.27917	  32.47772
 1850	 -3.76619	  6.93164	  32.29052	  32.48907
 1851	 -3.77472	  6.90466	  32.29354	  32.49209
 1852	 -3.77472	  6.90466	  32.29354	  32.49209
 1853	 -3.76619	  6.93164	  32.29052	  32.48907
 1854	 -3.77536	  6.97717	  32.28894	  32.48748
 1852	 -3.77472	  6.90466	  32.29354	  32.49209
 1854	 -3.77536	  6.97717	  32.28894	  32.48748
 1855	 -3.78228	  6.97679	  32.29187	  32.49041
 1856	 -3.6866	  6.92133	  32.26295	  32.46149
 1857	 -3.69088	  6.94572	  32.27113	  32.46967
 1858	 -3.72457	  6.92997	  32.27955	  32.4781
 1856	 -3.6866	  6.92133	  32.26295	  32.46149
 1858	 -3.72457	  6.92997	  32.27955	  32.4781
 1859	 -3.72363	  6.91997	  32.27917	  32.47772
 1860	 -3.67423	  6.98339	  32.26334	  32.46188
 1861	 -3.6875	  6.98097	  32.26997	  32.46852
 1862	 -3.69088	  6.94572	  32.27113	  32.46967
 1860	 -3.67423	  6.98339	  32.26334	  32.46188
 1862	 -3.69088	  6.94572	  32.27113	  32.46967
 1863	 -3.6866	  6.92133	  32.26295	  32.46149
 1864	 -3.78228	  6.97679	  32.29187	  32.49041
 1865	 -3.77536	  6.97717	  32.28894	  32.48748
 1866	 -3.77473	  7.02467	  32.28149	  32.48003
 1864	 -3.78228	  6.97679	  32.29187	  32.49041
 1866	 -3.77473	  7.02467	  32.28149	  32.48003
 1867	 -3.78127	  7.05558	  32.2915	  32.49004
 1868	 -3.78127	  7.05558	  32.2915	  32.49004
 1869	 -3.77473	  7.02467	  32.28149	  32.48003
 1870	 -3.7451	  7.03708	  32.26888	  32.46743
 1868	 -3.78127	  7.05558	  32.2915	  32.49004
 1870	 -3.7451	  7.03708	  32.26888	  32.46743
 1871	 -3.74645	  7.05941	  32.27154	  32.47009
 1872	 -3.74645	  7.05941	  32.27154	  32.47009
 1873	 -3.7451	  7.03708	  32.26888	  32.46743
 1874	 -3.71197	  7.03125	  32.26341	  32.46196
 1872	 -3.74645	  7.05941	  32.27154	  32.47009
 1874	 -3.71197	  7.03125	  32.26341	  32.46196
 1875	 -3.70297	  7.05867	  32.26436	  32.46291
 1876	 -3.70297	  7.05867	  32.26436	  32.46291
 1877	 -3.71197	  7.03125	  32.26341	  32.46196
 1878	 -3.6875	  6.98097	  32.26997	  32.46852
 1876	 -3.70297	  7.05867	  32.26436	  32.46291
 1878	 -3.6875	  6.98097	  32.26997	  32.46852
 1879	 -3.67423	  6.98339	  32.26334	  32.46188
 1880	 -3.72457	  6.92997	  32.27955	  32.4781
 1881	 -3.71846	  6.95503	  32.28496	  32.48351
 1882	 -3.74289	  6.95621	  32.2896	  32.48814
 1880	 -3.72457	  6.92997	  32.27955	  32.4781
 1882	 -3.74289	  6.95621	  32.2896	  32.48814
 1883	 -3.76619	  6.93164	  32.29052	  32.48907
 1884	 -3.76619	  6.93164	  32.29052	  32.48907
 1885	 -3.74289	  6.95621	  32.2896	  32.48814
 1886	 -3.75868	  6.97823	  32.28115	  32.47969
 1884	 -3.76619	  6.93164	  32.29052	  32.48907
 1886	 -3.75868	  6.97823	  32.28115	  32.47969
 1887	 -3.77536	  6.97717	  32.28894	  32.48748
 1888	 -3.69088	  6.94572	  32.27113	  32.46967
 1889	 -3.70162	  6.96353	  32.27925	  32.47779
 1890	 -3.71846	  6.95503	  32.28496	  32.48351
 1888	 -3.69088	  6.94572	  32.27113	  32.46967
 1890	 -3.71846	  6.95503	  32.28496	  32.48351
 1891	 -3.72457	  6.92997	  32.27955	  32.4781
 1892	 -3.6875	  6.98097	  32.26997	  32.46852
 1893	 -3.70336	  6.98222	  32.27619	  32.47474
 1894	 -3.70162	  6.96353	  32.27925	  32.47779
 1892	 -3.6875	  6.98097	  32.26997	  32.46852
 1894	 -3.70162	  6.96353	  32.27925	  32.47779
 1895	 -3.69088	  6.94572	  32.27113	  32.46967
 1896	 -3.77536	  6.97717	  32.28894	  32.48748
 1897	 -3.75868	  6.97823	  32.28115	  32.47969
 1898	 -3.75877	  7.00314	  32.2763	  32.47485
 1896	 -3.77536	  6.97717	  32.28894	  32.48748
 1898	 -3.75877	  7.00314	  32.2763	  32.47485
 1899	 -3.77473	  7.02467	  32.28149	  32.48003
 1900	 -3.77473	  7.02467	  32.28149	  32.48003
 1901	 -3.75877	  7.00314	  32.2763	  32.47485
 1902	 -3.74196	  7.01044	  32.26942	  32.46797
 1900	 -3.77473	  7.02467	  32.28149	  32.48003
 1902	 -3.74196	  7.01044	  32.26942	  32.46797
 1903	 -3.7451	  7.03708	  32.26888	  32.46743
 1904	 -3.7451	  7.03708	  32.26888	  32.46743
 1905	 -3.74196	  7.01044	  32.26942	  32.46797
 1906	 -3.72246	  7.00815	  32.26702	  32.46556
 1904	 -3.7451	  7.03708	  32.26888	  32.46743
 1906	 -3.72246	  7.00815	  32.26702	  32.46556
 1907	 -3.71197	  7.03125	  32.26341	  32.46196
 1908	 -3.71197	  7.03125	  32.26341	  32.46196
 1909	 -3.72246	  7.00815	  32.26702	  32.46556
 1910	 -3.70336	  6.98222	  32.27619	  32.47474
 1908	 -3.71197	  7.03125	  32.26341	  32.46196
 1910	 -3.70336	  6.98222	  32.27619	  32.47474
 1911	 -3.6875	  6.98097	  32.26997	  32.46852
 1912	 -3.73919	  6.7271	  32.28183	  32.48038
 1913	 -3.72906	  6.71291	  32.27632	  32.47487
 1914	 -3.72238	  6.7396	  32.27349	  32.47203
 1912	 -3.73919	  6.7271	  32.28183	  32.48038
 1914	 -3.72238	  6.7396	  32.27349	  32.47203
 1915	 -3.73101	  6.77051	  32.27507	  32.47362
 1916	 -3.73101	  6.77051	  32.27507	  32.47362
 223	 -3.72238	  6.7396	  32.27349	  32.47203
 1917	 -3.70163	  6.74565	  32.27127	  32.46982
 1916	 -3.73101	  6.77051	  32.27507	  32.47362
 1917	 -3.70163	  6.74565	  32.27127	  32.46982
 1918	 -3.7067	  6.77547	  32.26511	  32.46365
 1919	 -3.72536	  6.64739	  32.27647	  32.47501
 1920	 -3.71815	  6.66435	  32.27186	  32.4704
 1921	 -3.7374	  6.68495	  32.28197	  32.48052
 1919	 -3.72536	  6.64739	  32.27647	  32.47501
 1921	 -3.7374	  6.68495	  32.28197	  32.48052
 1922	 -3.75255	  6.68187	  32.2913	  32.48985
 1923	 -3.75255	  6.68187	  32.2913	  32.48985
 1924	 -3.7374	  6.68495	  32.28197	  32.48052
 1925	 -3.72906	  6.71291	  32.27632	  32.47487
 1923	 -3.75255	  6.68187	  32.2913	  32.48985
 1925	 -3.72906	  6.71291	  32.27632	  32.47487
 1926	 -3.73919	  6.7271	  32.28183	  32.48038
 1927	 -3.69389	  6.63077	  32.26437	  32.46291
 1928	 -3.68925	  6.65408	  32.26402	  32.46257
 1929	 -3.71815	  6.66435	  32.27186	  32.4704
 1927	 -3.69389	  6.63077	  32.26437	  32.46291
 1929	 -3.71815	  6.66435	  32.27186	  32.4704
 1930	 -3.72536	  6.64739	  32.27647	  32.47501
 1931	 -3.7067	  6.77547	  32.26511	  32.46365
 1932	 -3.70163	  6.74565	  32.27127	  32.46982
 1933	 -3.6799	  6.74437	  32.26598	  32.46453
 1931	 -3.7067	  6.77547	  32.26511	  32.46365
 1933	 -3.6799	  6.74437	  32.26598	  32.46453
 1934	 -3.68323	  6.77576	  32.25806	  32.45661
 1935	 -3.68323	  6.77576	  32.25806	  32.45661
 1936	 -3.6799	  6.74437	  32.26598	  32.46453
 1937	 -3.65459	  6.74421	  32.26584	  32.46439
 1935	 -3.68323	  6.77576	  32.25806	  32.45661
 1937	 -3.65459	  6.74421	  32.26584	  32.46439
 1938	 -3.65339	  6.77532	  32.25742	  32.45596
 1939	 -3.65368	  6.629	  32.26225	  32.46079
 1940	 -3.65392	  6.65163	  32.26333	  32.46187
 1941	 -3.68925	  6.65408	  32.26402	  32.46257
 1939	 -3.65368	  6.629	  32.26225	  32.46079
 1941	 -3.68925	  6.65408	  32.26402	  32.46257
 1942	 -3.69389	  6.63077	  32.26437	  32.46291
 1943	 -3.57541	  6.72834	  32.28724	  32.48579
 1944	 -3.56489	  6.68335	  32.29757	  32.49611
 1945	 -3.55196	  6.71328	  32.30945	  32.508
 1943	 -3.57541	  6.72834	  32.28724	  32.48579
 1945	 -3.55196	  6.71328	  32.30945	  32.508
 1946	 -3.55691	  6.75414	  32.29935	  32.49789
 1947	 -3.54185	  6.79153	  32.31686	  32.5154
 1948	 -3.55691	  6.75414	  32.29935	  32.49789
 1949	 -3.55196	  6.71328	  32.30945	  32.508
 1947	 -3.54185	  6.79153	  32.31686	  32.5154
 1949	 -3.55196	  6.71328	  32.30945	  32.508
 1950	 -3.53984	  6.71983	  32.32843	  32.52698
 1951	 -3.57177	  6.80333	  32.28419	  32.48274
 1952	 -3.58123	  6.77141	  32.27975	  32.47829
 1953	 -3.57541	  6.72834	  32.28724	  32.48579
 1951	 -3.57177	  6.80333	  32.28419	  32.48274
 1953	 -3.57541	  6.72834	  32.28724	  32.48579
 1954	 -3.55691	  6.75414	  32.29935	  32.49789
 1955	 -3.5967	  6.86693	  32.27444	  32.47299
 1956	 -3.61621	  6.86912	  32.25404	  32.45259
 1957	 -3.62029	  6.83108	  32.26272	  32.46126
 1955	 -3.5967	  6.86693	  32.27444	  32.47299
 1957	 -3.62029	  6.83108	  32.26272	  32.46126
 1958	 -3.59929	  6.82771	  32.27077	  32.46932
 1959	 -3.59929	  6.82771	  32.27077	  32.46932
 1960	 -3.57177	  6.80333	  32.28419	  32.48274
 1961	 -3.55491	  6.84612	  32.29319	  32.49173
 1959	 -3.59929	  6.82771	  32.27077	  32.46932
 1961	 -3.55491	  6.84612	  32.29319	  32.49173
 1962	 -3.5967	  6.86693	  32.27444	  32.47299
 1963	 -3.55491	  6.84612	  32.29319	  32.49173
 1964	 -3.57177	  6.80333	  32.28419	  32.48274
 1965	 -3.55691	  6.75414	  32.29935	  32.49789
 1963	 -3.55491	  6.84612	  32.29319	  32.49173
 1965	 -3.55691	  6.75414	  32.29935	  32.49789
 1966	 -3.54185	  6.79153	  32.31686	  32.5154
 1967	 -3.54497	  6.9066	  32.3013	  32.49984
 1968	 -3.59106	  6.92107	  32.28344	  32.48198
 1969	 -3.5967	  6.86693	  32.27444	  32.47299
 1967	 -3.54497	  6.9066	  32.3013	  32.49984
 1969	 -3.5967	  6.86693	  32.27444	  32.47299
 1970	 -3.55491	  6.84612	  32.29319	  32.49173
 1971	 -3.55705	  6.97971	  32.28757	  32.48612
 1972	 -3.59138	  6.98397	  32.28832	  32.48687
 1973	 -3.59832	  6.95604	  32.28902	  32.48756
 1971	 -3.55705	  6.97971	  32.28757	  32.48612
 1973	 -3.59832	  6.95604	  32.28902	  32.48756
 1974	 -3.57498	  6.95747	  32.2948	  32.49335
 1975	 -3.61621	  6.86912	  32.25404	  32.45259
 1976	 -3.5967	  6.86693	  32.27444	  32.47299
 1977	 -3.59106	  6.92107	  32.28344	  32.48198
 1975	 -3.61621	  6.86912	  32.25404	  32.45259
 1977	 -3.59106	  6.92107	  32.28344	  32.48198
 1978	 -3.6223	  6.922	  32.26434	  32.46289
 1979	 -3.61328	  6.96428	  32.28223	  32.48077
 1980	 -3.59832	  6.95604	  32.28902	  32.48756
 1981	 -3.59138	  6.98397	  32.28832	  32.48687
 1979	 -3.61328	  6.96428	  32.28223	  32.48077
 1981	 -3.59138	  6.98397	  32.28832	  32.48687
 1982	 -3.61073	  6.983	  32.27932	  32.47786
 1983	 -3.48257	  6.94627	  32.39214	  32.59068
 1984	 -3.49535	  6.87207	  32.38675	  32.58529
 1985	 -3.52623	  6.88282	  32.39608	  32.59462
 1983	 -3.48257	  6.94627	  32.39214	  32.59068
 1985	 -3.52623	  6.88282	  32.39608	  32.59462
 1986	 -3.51876	  6.95512	  32.40202	  32.60055
 1987	 -3.53222	  6.81574	  32.38708	  32.58562
 1988	 -3.52623	  6.88282	  32.39608	  32.59462
