 1439	  2.50413	 -3.91555	 -1.76036	 -1.56027
 1440	  2.51267	 -3.84682	 -1.76169	 -1.5616
 1438	  2.51277	 -3.91545	 -1.76017	 -1.56008
 1439	  2.50413	 -3.91555	 -1.76036	 -1.56027
 1440	  2.51267	 -3.84682	 -1.76169	 -1.5616
 1439	  2.50413	 -3.91555	 -1.76036	 -1.56027
 1441	  2.50405	 -3.8469	 -1.76187	 -1.56177
 1442	  2.51263	 -3.78574	 -1.76568	 -1.56559
 1440	  2.51267	 -3.84682	 -1.76169	 -1.5616
 1441	  2.50405	 -3.8469	 -1.76187	 -1.56177
 1442	  2.51263	 -3.78574	 -1.76568	 -1.56559
 1441	  2.50405	 -3.8469	 -1.76187	 -1.56177
 1443	  2.50401	 -3.78587	 -1.76587	 -1.56578
 1444	  2.51361	 -3.75618	 -1.78033	 -1.58024
 1445	  2.5136	 -3.7569	 -1.77997	 -1.57987
 1446	  2.50498	 -3.757	 -1.78016	 -1.58007
 1444	  2.51361	 -3.75618	 -1.78033	 -1.58024
 1446	  2.50498	 -3.757	 -1.78016	 -1.58007
 1447	  2.505	 -3.75626	 -1.78052	 -1.58042
 1448	  2.51491	 -3.78318	 -1.79514	 -1.59505
 1444	  2.51361	 -3.75618	 -1.78033	 -1.58024
 1449	  2.505	 -3.75626	 -1.78052	 -1.58042
 1448	  2.51491	 -3.78318	 -1.79514	 -1.59505
 1449	  2.505	 -3.75626	 -1.78052	 -1.58042
 1450	  2.50629	 -3.78326	 -1.79534	 -1.59524
 1451	  2.51521	 -3.73599	 -1.80187	 -1.60178
 1452	  2.5149	 -3.78299	 -1.79531	 -1.59522
 1453	  2.50629	 -3.78307	 -1.7955	 -1.5954
 1451	  2.51521	 -3.73599	 -1.80187	 -1.60178
 1453	  2.50629	 -3.78307	 -1.7955	 -1.5954
 1454	  2.50658	 -3.73611	 -1.80208	 -1.60198
 1455	  2.51437	 -3.97082	 -1.78318	 -1.58308
 1456	  2.51507	 -3.98884	 -1.7912	 -1.59111
 1457	  2.51645	 -3.98882	 -1.79117	 -1.59107
 1455	  2.51437	 -3.97082	 -1.78318	 -1.58308
 1457	  2.51645	 -3.98882	 -1.79117	 -1.59107
 1458	  2.51571	 -3.97081	 -1.78315	 -1.58306
 1459	  2.51507	 -3.98884	 -1.7912	 -1.59111
 1460	  2.51576	 -3.9816	 -1.80049	 -1.60039
 1461	  2.51713	 -3.98159	 -1.80046	 -1.60036
 1459	  2.51507	 -3.98884	 -1.7912	 -1.59111
 1461	  2.51713	 -3.98159	 -1.80046	 -1.60036
 1462	  2.51645	 -3.98882	 -1.79117	 -1.59107
 1460	  2.51576	 -3.9816	 -1.80049	 -1.60039
 1463	  2.51602	 -3.95336	 -1.8056	 -1.60551
 1464	  2.51739	 -3.95334	 -1.80557	 -1.60548
 1460	  2.51576	 -3.9816	 -1.80049	 -1.60039
 1464	  2.51739	 -3.95334	 -1.80557	 -1.60548
 1461	  2.51713	 -3.98159	 -1.80046	 -1.60036
 1463	  2.51602	 -3.95336	 -1.8056	 -1.60551
 1465	  2.51574	 -3.92068	 -1.80355	 -1.60345
 1466	  2.51707	 -3.92067	 -1.80353	 -1.60343
 1463	  2.51602	 -3.95336	 -1.8056	 -1.60551
 1466	  2.51707	 -3.92067	 -1.80353	 -1.60343
 1464	  2.51739	 -3.95334	 -1.80557	 -1.60548
 1465	  2.51574	 -3.92068	 -1.80355	 -1.60345
 1467	  2.51504	 -3.90271	 -1.79553	 -1.59543
 1468	  2.51636	 -3.9027	 -1.7955	 -1.5954
 1465	  2.51574	 -3.92068	 -1.80355	 -1.60345
 1468	  2.51636	 -3.9027	 -1.7955	 -1.5954
 1469	  2.51707	 -3.92067	 -1.80353	 -1.60343
 1470	  2.51504	 -3.90271	 -1.79553	 -1.59543
 1471	  2.51433	 -3.90994	 -1.78625	 -1.58615
 1472	  2.51568	 -3.90994	 -1.7862	 -1.58611
 1470	  2.51504	 -3.90271	 -1.79553	 -1.59543
 1472	  2.51568	 -3.90994	 -1.7862	 -1.58611
 1473	  2.51636	 -3.9027	 -1.7955	 -1.5954
 1474	  2.51433	 -3.90994	 -1.78625	 -1.58615
 1475	  2.51407	 -3.93812	 -1.78113	 -1.58103
 1476	  2.51542	 -3.93814	 -1.7811	 -1.58101
 1474	  2.51433	 -3.90994	 -1.78625	 -1.58615
 1476	  2.51542	 -3.93814	 -1.7811	 -1.58101
 1477	  2.51568	 -3.90994	 -1.7862	 -1.58611
 1478	  2.51407	 -3.93812	 -1.78113	 -1.58103
 1479	  2.51437	 -3.97082	 -1.78318	 -1.58308
 1458	  2.51571	 -3.97081	 -1.78315	 -1.58306
 1478	  2.51407	 -3.93812	 -1.78113	 -1.58103
 1458	  2.51571	 -3.97081	 -1.78315	 -1.58306
 1476	  2.51542	 -3.93814	 -1.7811	 -1.58101
 1480	  2.50572	 -3.73527	 -1.8022	 -1.60211
 1481	  2.50572	 -3.73612	 -1.80209	 -1.60199
 1395	  2.50519	 -3.73583	 -1.802	 -1.6019
 1480	  2.50572	 -3.73527	 -1.8022	 -1.60211
 1395	  2.50519	 -3.73583	 -1.802	 -1.6019
 1333	  2.5052	 -3.73498	 -1.80212	 -1.60203
 1394	  2.50408	 -3.69941	 -1.7896	 -1.5895
 1482	  2.50352	 -3.69912	 -1.78951	 -1.58942
 1483	  2.50352	 -3.69827	 -1.78952	 -1.58943
 1394	  2.50408	 -3.69941	 -1.7896	 -1.5895
 1483	  2.50352	 -3.69827	 -1.78952	 -1.58943
 1334	  2.50404	 -3.69845	 -1.78967	 -1.58957
 1484	  2.5058	 -3.53453	 -1.82851	 -1.62841
 1485	  2.50683	 -3.53451	 -1.82848	 -1.62838
 1340	  2.50629	 -3.53528	 -1.82826	 -1.62817
 1484	  2.5058	 -3.53453	 -1.82851	 -1.62841
 1340	  2.50629	 -3.53528	 -1.82826	 -1.62817
 1486	  2.50579	 -3.53487	 -1.82832	 -1.62823
 1487	  2.51265	 -3.64781	 -1.86856	 -1.66846
 1488	  2.51368	 -3.64778	 -1.86854	 -1.66844
 1489	  2.51371	 -3.64693	 -1.86862	 -1.66852
 1487	  2.51265	 -3.64781	 -1.86856	 -1.66846
 1489	  2.51371	 -3.64693	 -1.86862	 -1.66852
 1490	  2.51266	 -3.64694	 -1.86865	 -1.66855
 1491	  2.50837	 -3.78879	 -1.83486	 -1.63476
 1492	  2.5094	 -3.78877	 -1.83484	 -1.63474
 1493	  2.50941	 -3.78796	 -1.83495	 -1.63486
 1491	  2.50837	 -3.78879	 -1.83486	 -1.63476
 1493	  2.50941	 -3.78796	 -1.83495	 -1.63486
 1494	  2.50838	 -3.788	 -1.83496	 -1.63487
 1495	  2.50311	 -3.7563	 -1.78056	 -1.58046
 1496	  2.50311	 -3.75593	 -1.78071	 -1.58062
 1497	  2.50363	 -3.75609	 -1.78074	 -1.58065
 1495	  2.50311	 -3.7563	 -1.78056	 -1.58046
 1497	  2.50363	 -3.75609	 -1.78074	 -1.58065
 1498	  2.50414	 -3.75628	 -1.78054	 -1.58044
 1499	  2.51608	 -3.73519	 -1.80198	 -1.60188
 1341	  2.51663	 -3.73537	 -1.80208	 -1.60198
 1354	  2.5166	 -3.73621	 -1.80198	 -1.60188
 1499	  2.51608	 -3.73519	 -1.80198	 -1.60188
 1354	  2.5166	 -3.73621	 -1.80198	 -1.60188
 1500	  2.51609	 -3.73598	 -1.80187	 -1.60177
 1345	  2.51916	 -3.53545	 -1.82822	 -1.62812
 1501	  2.51864	 -3.53521	 -1.82812	 -1.62803
 1502	  2.51863	 -3.53439	 -1.82823	 -1.62813
 1345	  2.51916	 -3.53545	 -1.82822	 -1.62812
 1502	  2.51863	 -3.53439	 -1.82823	 -1.62813
 1358	  2.51917	 -3.53461	 -1.82832	 -1.62823
 1350	  2.52458	 -3.64661	 -1.86827	 -1.66817
 1503	  2.52403	 -3.6468	 -1.8684	 -1.6683
 1504	  2.52406	 -3.64764	 -1.86829	 -1.6682
 1350	  2.52458	 -3.64661	 -1.86827	 -1.66817
 1504	  2.52406	 -3.64764	 -1.86829	 -1.6682
 1357	  2.52455	 -3.64747	 -1.86818	 -1.66808
 1356	  2.52027	 -3.78763	 -1.83459	 -1.6345
 1505	  2.51976	 -3.78785	 -1.83472	 -1.63462
 1506	  2.51977	 -3.78867	 -1.83461	 -1.63451
 1356	  2.52027	 -3.78763	 -1.83459	 -1.6345
 1506	  2.51977	 -3.78867	 -1.83461	 -1.63451
 1360	  2.52027	 -3.78848	 -1.83448	 -1.63438
 1333	  2.5052	 -3.73498	 -1.80212	 -1.60203
 1395	  2.50519	 -3.73583	 -1.802	 -1.6019
 1394	  2.50408	 -3.69941	 -1.7896	 -1.5895
 1333	  2.5052	 -3.73498	 -1.80212	 -1.60203
 1394	  2.50408	 -3.69941	 -1.7896	 -1.5895
 1334	  2.50404	 -3.69845	 -1.78967	 -1.58957
 1480	  2.50572	 -3.73527	 -1.8022	 -1.60211
 1333	  2.5052	 -3.73498	 -1.80212	 -1.60203
 1335	  2.50578	 -3.63594	 -1.81543	 -1.61534
 1480	  2.50572	 -3.73527	 -1.8022	 -1.60211
 1335	  2.50578	 -3.63594	 -1.81543	 -1.61534
 1507	  2.50631	 -3.63608	 -1.81551	 -1.61542
 1507	  2.50631	 -3.63608	 -1.81551	 -1.61542
 1335	  2.50578	 -3.63594	 -1.81543	 -1.61534
 1340	  2.50629	 -3.53528	 -1.82826	 -1.62817
 1507	  2.50631	 -3.63608	 -1.81551	 -1.61542
 1340	  2.50629	 -3.53528	 -1.82826	 -1.62817
 1508	  2.50681	 -3.53535	 -1.82838	 -1.62828
 1345	  2.51916	 -3.53545	 -1.82822	 -1.62812
 1358	  2.51917	 -3.53461	 -1.82832	 -1.62823
 1347	  2.51894	 -3.5953	 -1.83385	 -1.63375
 1345	  2.51916	 -3.53545	 -1.82822	 -1.62812
 1347	  2.51894	 -3.5953	 -1.83385	 -1.63375
 1346	  2.51892	 -3.59616	 -1.83374	 -1.63365
 1356	  2.52027	 -3.78763	 -1.83459	 -1.6345
 1360	  2.52027	 -3.78848	 -1.83448	 -1.63438
 1351	  2.51762	 -3.7583	 -1.81381	 -1.61371
 1356	  2.52027	 -3.78763	 -1.83459	 -1.6345
 1351	  2.51762	 -3.7583	 -1.81381	 -1.61371
 1344	  2.51765	 -3.75749	 -1.8139	 -1.61381
 1346	  2.51892	 -3.59616	 -1.83374	 -1.63365
 1347	  2.51894	 -3.5953	 -1.83385	 -1.63375
 1350	  2.52458	 -3.64661	 -1.86827	 -1.66817
 1346	  2.51892	 -3.59616	 -1.83374	 -1.63365
 1350	  2.52458	 -3.64661	 -1.86827	 -1.66817
 1357	  2.52455	 -3.64747	 -1.86818	 -1.66808
 1344	  2.51765	 -3.75749	 -1.8139	 -1.61381
 1351	  2.51762	 -3.7583	 -1.81381	 -1.61371
 1354	  2.5166	 -3.73621	 -1.80198	 -1.60188
 1344	  2.51765	 -3.75749	 -1.8139	 -1.61381
 1354	  2.5166	 -3.73621	 -1.80198	 -1.60188
 1341	  2.51663	 -3.73537	 -1.80208	 -1.60198
 1509	  2.50543	 -3.78309	 -1.79553	 -1.59544
 1393	  2.50491	 -3.78247	 -1.79547	 -1.59538
 1395	  2.50519	 -3.73583	 -1.802	 -1.6019
 1509	  2.50543	 -3.78309	 -1.79553	 -1.59544
 1395	  2.50519	 -3.73583	 -1.802	 -1.6019
 1481	  2.50572	 -3.73612	 -1.80209	 -1.60199
 1510	  2.50414	 -3.75628	 -1.78054	 -1.58044
 1497	  2.50363	 -3.75609	 -1.78074	 -1.58065
 1511	  2.50488	 -3.78268	 -1.79531	 -1.59521
 1510	  2.50414	 -3.75628	 -1.78054	 -1.58044
 1511	  2.50488	 -3.78268	 -1.79531	 -1.59521
 1512	  2.50543	 -3.78328	 -1.79533	 -1.59524
 1334	  2.50404	 -3.69845	 -1.78967	 -1.58957
 1483	  2.50352	 -3.69827	 -1.78952	 -1.58943
 1513	  2.50284	 -3.64435	 -1.78401	 -1.58391
 1334	  2.50404	 -3.69845	 -1.78967	 -1.58957
 1513	  2.50284	 -3.64435	 -1.78401	 -1.58391
 1336	  2.50338	 -3.64432	 -1.78411	 -1.58402
 1336	  2.50338	 -3.64432	 -1.78411	 -1.58402
 1513	  2.50284	 -3.64435	 -1.78401	 -1.58391
 1514	  2.50281	 -3.58912	 -1.78677	 -1.58668
 1336	  2.50338	 -3.64432	 -1.78411	 -1.58402
 1514	  2.50281	 -3.58912	 -1.78677	 -1.58668
 1337	  2.50334	 -3.58933	 -1.78688	 -1.58678
 1337	  2.50334	 -3.58933	 -1.78688	 -1.58678
 1514	  2.50281	 -3.58912	 -1.78677	 -1.58668
 1515	  2.5034	 -3.54479	 -1.7973	 -1.59721
 1337	  2.50334	 -3.58933	 -1.78688	 -1.58678
 1515	  2.5034	 -3.54479	 -1.7973	 -1.59721
 1338	  2.50393	 -3.54515	 -1.79737	 -1.59728
 1338	  2.50393	 -3.54515	 -1.79737	 -1.59728
 1515	  2.5034	 -3.54479	 -1.7973	 -1.59721
 1516	  2.50453	 -3.52522	 -1.81276	 -1.61267
 1338	  2.50393	 -3.54515	 -1.79737	 -1.59728
 1516	  2.50453	 -3.52522	 -1.81276	 -1.61267
 1339	  2.50503	 -3.52563	 -1.81276	 -1.61266
 1339	  2.50503	 -3.52563	 -1.81276	 -1.61266
 1516	  2.50453	 -3.52522	 -1.81276	 -1.61267
 1486	  2.50579	 -3.53487	 -1.82832	 -1.62823
 1339	  2.50503	 -3.52563	 -1.81276	 -1.61266
 1486	  2.50579	 -3.53487	 -1.82832	 -1.62823
 1340	  2.50629	 -3.53528	 -1.82826	 -1.62817
 1484	  2.5058	 -3.53453	 -1.82851	 -1.62841
 1517	  2.50164	 -3.51703	 -1.83136	 -1.63127
 1518	  2.50269	 -3.51702	 -1.83132	 -1.63123
 1484	  2.5058	 -3.53453	 -1.82851	 -1.62841
 1518	  2.50269	 -3.51702	 -1.83132	 -1.63123
 1485	  2.50683	 -3.53451	 -1.82848	 -1.62838
 1488	  2.51368	 -3.64778	 -1.86854	 -1.66844
 1487	  2.51265	 -3.64781	 -1.86856	 -1.66846
 1519	  2.51189	 -3.65351	 -1.86769	 -1.66759
 1488	  2.51368	 -3.64778	 -1.86854	 -1.66844
 1519	  2.51189	 -3.65351	 -1.86769	 -1.66759
 1520	  2.51291	 -3.65348	 -1.86767	 -1.66757
 1520	  2.51291	 -3.65348	 -1.86767	 -1.66757
 1519	  2.51189	 -3.65351	 -1.86769	 -1.66759
 1494	  2.50838	 -3.788	 -1.83496	 -1.63487
 1520	  2.51291	 -3.65348	 -1.86767	 -1.66757
 1494	  2.50838	 -3.788	 -1.83496	 -1.63487
 1493	  2.50941	 -3.78796	 -1.83495	 -1.63486
 1492	  2.5094	 -3.78877	 -1.83484	 -1.63474
 1491	  2.50837	 -3.78879	 -1.83486	 -1.63476
 1521	  2.50728	 -3.83278	 -1.82371	 -1.62361
 1492	  2.5094	 -3.78877	 -1.83484	 -1.63474
 1521	  2.50728	 -3.83278	 -1.82371	 -1.62361
 1522	  2.5083	 -3.83276	 -1.82369	 -1.6236
 1521	  2.50728	 -3.83278	 -1.82371	 -1.62361
 1523	  2.50724	 -3.83387	 -1.82345	 -1.62335
 1524	  2.50826	 -3.83382	 -1.82342	 -1.62332
 1521	  2.50728	 -3.83278	 -1.82371	 -1.62361
 1524	  2.50826	 -3.83382	 -1.82342	 -1.62332
 1522	  2.5083	 -3.83276	 -1.82369	 -1.6236
 1525	  2.50719	 -3.87638	 -1.81263	 -1.61253
 1526	  2.50618	 -3.87633	 -1.81265	 -1.61255
 1527	  2.50595	 -3.91046	 -1.80788	 -1.60778
 1525	  2.50719	 -3.87638	 -1.81263	 -1.61253
 1527	  2.50595	 -3.91046	 -1.80788	 -1.60778
 1528	  2.50697	 -3.91042	 -1.80785	 -1.60776
 1529	  2.50699	 -3.91125	 -1.80783	 -1.60773
 1530	  2.50595	 -3.91127	 -1.80784	 -1.60775
 1531	  2.50637	 -3.95643	 -1.81068	 -1.61059
 1529	  2.50699	 -3.91125	 -1.80783	 -1.60773
 1531	  2.50637	 -3.95643	 -1.81068	 -1.61059
 1532	  2.50739	 -3.95647	 -1.81066	 -1.61056
 1532	  2.50739	 -3.95647	 -1.81066	 -1.61056
 1531	  2.50637	 -3.95643	 -1.81068	 -1.61059
 1533	  2.50604	 -3.99587	 -1.80353	 -1.60344
 1532	  2.50739	 -3.95647	 -1.81066	 -1.61056
 1533	  2.50604	 -3.99587	 -1.80353	 -1.60344
 1534	  2.50707	 -3.99589	 -1.8035	 -1.60341
 1534	  2.50707	 -3.99589	 -1.8035	 -1.60341
 1535	  2.50604	 -3.99587	 -1.80353	 -1.60344
 1536	  2.50505	 -4.00601	 -1.79057	 -1.59047
 1534	  2.50707	 -3.99589	 -1.8035	 -1.60341
 1536	  2.50505	 -4.00601	 -1.79057	 -1.59047
 1537	  2.5061	 -4.00597	 -1.79053	 -1.59043
 1537	  2.5061	 -4.00597	 -1.79053	 -1.59043
 1536	  2.50505	 -4.00601	 -1.79057	 -1.59047
 1538	  2.50407	 -3.98087	 -1.77934	 -1.57925
 1537	  2.5061	 -4.00597	 -1.79053	 -1.59043
 1538	  2.50407	 -3.98087	 -1.77934	 -1.57925
 1539	  2.50509	 -3.98083	 -1.77933	 -1.57924
 1539	  2.50509	 -3.98083	 -1.77933	 -1.57924
 1538	  2.50407	 -3.98087	 -1.77934	 -1.57925
 1540	  2.50225	 -3.91955	 -1.76042	 -1.56032
 1539	  2.50509	 -3.98083	 -1.77933	 -1.57924
 1540	  2.50225	 -3.91955	 -1.76042	 -1.56032
 1541	  2.5033	 -3.91952	 -1.7604	 -1.56031
 1541	  2.5033	 -3.91952	 -1.7604	 -1.56031
 1540	  2.50225	 -3.91955	 -1.76042	 -1.56032
 1542	  2.50224	 -3.91553	 -1.7604	 -1.56031
 1541	  2.5033	 -3.91952	 -1.7604	 -1.56031
 1542	  2.50224	 -3.91553	 -1.7604	 -1.56031
 1543	  2.50326	 -3.91553	 -1.76039	 -1.56029
 1543	  2.50326	 -3.91553	 -1.76039	 -1.56029
 1544	  2.50224	 -3.91553	 -1.7604	 -1.56031
 1545	  2.50216	 -3.84691	 -1.7619	 -1.56181
 1543	  2.50326	 -3.91553	 -1.76039	 -1.56029
 1545	  2.50216	 -3.84691	 -1.7619	 -1.56181
 1546	  2.50319	 -3.84693	 -1.76187	 -1.56178
 1547	  2.50319	 -3.84693	 -1.76187	 -1.56178
 1545	  2.50216	 -3.84691	 -1.7619	 -1.56181
 1548	  2.50209	 -3.78586	 -1.76591	 -1.56582
 1547	  2.50319	 -3.84693	 -1.76187	 -1.56178
 1548	  2.50209	 -3.78586	 -1.76591	 -1.56582
 1549	  2.50314	 -3.78584	 -1.76588	 -1.56579
 1550	  2.50211	 -3.78517	 -1.76606	 -1.56597
 1551	  2.50309	 -3.75701	 -1.78019	 -1.5801
 1552	  2.50412	 -3.75699	 -1.78018	 -1.58008
 1550	  2.50211	 -3.78517	 -1.76606	 -1.56597
 1552	  2.50412	 -3.75699	 -1.78018	 -1.58008
 1553	  2.50316	 -3.78521	 -1.76605	 -1.56596
 1497	  2.50363	 -3.75609	 -1.78074	 -1.58065
 1496	  2.50311	 -3.75593	 -1.78071	 -1.58062
 1482	  2.50352	 -3.69912	 -1.78951	 -1.58942
 1497	  2.50363	 -3.75609	 -1.78074	 -1.58065
 1482	  2.50352	 -3.69912	 -1.78951	 -1.58942
 1394	  2.50408	 -3.69941	 -1.7896	 -1.5895
 1341	  2.51663	 -3.73537	 -1.80208	 -1.60198
 1499	  2.51608	 -3.73519	 -1.80198	 -1.60188
 1554	  2.51666	 -3.63594	 -1.81528	 -1.61518
 1341	  2.51663	 -3.73537	 -1.80208	 -1.60198
 1554	  2.51666	 -3.63594	 -1.81528	 -1.61518
 1342	  2.51717	 -3.63616	 -1.81538	 -1.61528
 1342	  2.51717	 -3.63616	 -1.81538	 -1.61528
 1554	  2.51666	 -3.63594	 -1.81528	 -1.61518
 1501	  2.51864	 -3.53521	 -1.82812	 -1.62803
 1342	  2.51717	 -3.63616	 -1.81538	 -1.61528
 1501	  2.51864	 -3.53521	 -1.82812	 -1.62803
 1345	  2.51916	 -3.53545	 -1.82822	 -1.62812
 1502	  2.51863	 -3.53439	 -1.82823	 -1.62813
 1555	  2.51935	 -3.51672	 -1.83092	 -1.63083
 1359	  2.51988	 -3.5169	 -1.83101	 -1.63092
 1502	  2.51863	 -3.53439	 -1.82823	 -1.62813
 1359	  2.51988	 -3.5169	 -1.83101	 -1.63092
 1358	  2.51917	 -3.53461	 -1.82832	 -1.62823
 1357	  2.52455	 -3.64747	 -1.86818	 -1.66808
 1504	  2.52406	 -3.64764	 -1.86829	 -1.6682
 1556	  2.52329	 -3.65332	 -1.86743	 -1.66734
 1357	  2.52455	 -3.64747	 -1.86818	 -1.66808
 1556	  2.52329	 -3.65332	 -1.86743	 -1.66734
 1355	  2.5238	 -3.65314	 -1.86731	 -1.66722
 1355	  2.5238	 -3.65314	 -1.86731	 -1.66722
 1556	  2.52329	 -3.65332	 -1.86743	 -1.66734
 1505	  2.51976	 -3.78785	 -1.83472	 -1.63462
 1355	  2.5238	 -3.65314	 -1.86731	 -1.66722
 1505	  2.51976	 -3.78785	 -1.83472	 -1.63462
 1356	  2.52027	 -3.78763	 -1.83459	 -1.6345
 1360	  2.52027	 -3.78848	 -1.83448	 -1.63438
 1506	  2.51977	 -3.78867	 -1.83461	 -1.63451
 1557	  2.51866	 -3.83268	 -1.82346	 -1.62336
 1360	  2.52027	 -3.78848	 -1.83448	 -1.63438
 1557	  2.51866	 -3.83268	 -1.82346	 -1.62336
 1361	  2.51919	 -3.83246	 -1.82333	 -1.62324
 1361	  2.51919	 -3.83246	 -1.82333	 -1.62324
 1557	  2.51866	 -3.83268	 -1.82346	 -1.62336
 1558	  2.51864	 -3.83374	 -1.82318	 -1.62309
 1361	  2.51919	 -3.83246	 -1.82333	 -1.62324
 1558	  2.51864	 -3.83374	 -1.82318	 -1.62309
 1364	  2.51916	 -3.83352	 -1.82305	 -1.62296
 1559	  2.51756	 -3.87623	 -1.8124	 -1.6123
 1560	  2.51735	 -3.91029	 -1.80762	 -1.60752
 1367	  2.51785	 -3.91046	 -1.80744	 -1.60735
 1559	  2.51756	 -3.87623	 -1.8124	 -1.6123
 1367	  2.51785	 -3.91046	 -1.80744	 -1.60735
 1366	  2.51807	 -3.87602	 -1.81227	 -1.61218
 1382	  2.51785	 -3.91096	 -1.80744	 -1.60734
 1561	  2.51735	 -3.91114	 -1.80758	 -1.60749
 1562	  2.51778	 -3.95635	 -1.81041	 -1.61032
 1382	  2.51785	 -3.91096	 -1.80744	 -1.60734
 1562	  2.51778	 -3.95635	 -1.81041	 -1.61032
 1379	  2.51828	 -3.95628	 -1.81028	 -1.61019
 1379	  2.51828	 -3.95628	 -1.81028	 -1.61019
 1562	  2.51778	 -3.95635	 -1.81041	 -1.61032
 1563	  2.51741	 -3.99581	 -1.80329	 -1.60319
 1379	  2.51828	 -3.95628	 -1.81028	 -1.61019
 1563	  2.51741	 -3.99581	 -1.80329	 -1.60319
 1383	  2.5179	 -3.99539	 -1.80319	 -1.6031
 1383	  2.5179	 -3.99539	 -1.80319	 -1.6031
 1563	  2.51741	 -3.99581	 -1.80329	 -1.60319
 1564	  2.51645	 -4.0059	 -1.79032	 -1.59022
 1383	  2.5179	 -3.99539	 -1.80319	 -1.6031
 1564	  2.51645	 -4.0059	 -1.79032	 -1.59022
 1374	  2.51697	 -4.0054	 -1.79032	 -1.59022
 1374	  2.51697	 -4.0054	 -1.79032	 -1.59022
 1564	  2.51645	 -4.0059	 -1.79032	 -1.59022
 1565	  2.51547	 -3.98075	 -1.77911	 -1.57901
 1374	  2.51697	 -4.0054	 -1.79032	 -1.59022
 1565	  2.51547	 -3.98075	 -1.77911	 -1.57901
 1371	  2.51599	 -3.98051	 -1.77921	 -1.57911
 1387	  2.51417	 -3.9197	 -1.76026	 -1.56016
 1566	  2.51364	 -3.91939	 -1.76017	 -1.56008
 1567	  2.51364	 -3.91543	 -1.76014	 -1.56005
 1387	  2.51417	 -3.9197	 -1.76026	 -1.56016
 1567	  2.51364	 -3.91543	 -1.76014	 -1.56005
 1388	  2.51416	 -3.91569	 -1.76025	 -1.56016
 1388	  2.51416	 -3.91569	 -1.76025	 -1.56016
 1567	  2.51364	 -3.91543	 -1.76014	 -1.56005
 1568	  2.51352	 -3.84679	 -1.76166	 -1.56156
 1388	  2.51416	 -3.91569	 -1.76025	 -1.56016
 1568	  2.51352	 -3.84679	 -1.76166	 -1.56156
 1385	  2.51407	 -3.84703	 -1.76177	 -1.56167
 1385	  2.51407	 -3.84703	 -1.76177	 -1.56167
 1568	  2.51352	 -3.84679	 -1.76166	 -1.56156
 1569	  2.5135	 -3.78574	 -1.76565	 -1.56556
 1385	  2.51407	 -3.84703	 -1.76177	 -1.56167
 1569	  2.5135	 -3.78574	 -1.76565	 -1.56556
 1386	  2.514	 -3.78596	 -1.76577	 -1.56567
 1570	  2.51349	 -3.78508	 -1.76581	 -1.56572
 1571	  2.51447	 -3.7569	 -1.77994	 -1.57985
 1391	  2.515	 -3.7574	 -1.77994	 -1.57985
 1570	  2.51349	 -3.78508	 -1.76581	 -1.56572
 1391	  2.515	 -3.7574	 -1.77994	 -1.57985
 1390	  2.51402	 -3.78529	 -1.76592	 -1.56582
 1572	  2.5145	 -3.75619	 -1.78031	 -1.58021
 1573	  2.51576	 -3.78316	 -1.79513	 -1.59503
 1363	  2.51631	 -3.78377	 -1.79516	 -1.59506
 1572	  2.5145	 -3.75619	 -1.78031	 -1.58021
 1363	  2.51631	 -3.78377	 -1.79516	 -1.59506
 1574	  2.51502	 -3.75666	 -1.7803	 -1.58021
 1353	  2.51631	 -3.78358	 -1.79535	 -1.59525
 1575	  2.51576	 -3.78297	 -1.79529	 -1.59519
 1500	  2.51609	 -3.73598	 -1.80187	 -1.60177
 1353	  2.51631	 -3.78358	 -1.79535	 -1.59525
 1500	  2.51609	 -3.73598	 -1.80187	 -1.60177
 1354	  2.5166	 -3.73621	 -1.80198	 -1.60188
 1397	  2.51522	 -3.73519	 -1.80199	 -1.60189
 1451	  2.51521	 -3.73599	 -1.80187	 -1.60178
 1576	  2.50658	 -3.73611	 -1.80208	 -1.60198
 1397	  2.51522	 -3.73519	 -1.80199	 -1.60189
 1576	  2.50658	 -3.73611	 -1.80208	 -1.60198
 1398	  2.50661	 -3.73528	 -1.80218	 -1.60209
 1577	  2.51777	 -3.53444	 -1.82823	 -1.62813
 1400	  2.51776	 -3.53524	 -1.82812	 -1.62803
 1401	  2.5077	 -3.53534	 -1.82837	 -1.62827
 1577	  2.51777	 -3.53444	 -1.82823	 -1.62813
 1401	  2.5077	 -3.53534	 -1.82837	 -1.62827
 1578	  2.50769	 -3.53451	 -1.82847	 -1.62837
 1407	  2.52319	 -3.64768	 -1.86832	 -1.66823
 1579	  2.52317	 -3.64681	 -1.86841	 -1.66831
 1580	  2.51457	 -3.6469	 -1.86861	 -1.66851
 1407	  2.52319	 -3.64768	 -1.86832	 -1.66823
 1580	  2.51457	 -3.6469	 -1.86861	 -1.66851
 1408	  2.51457	 -3.64777	 -1.86851	 -1.66841
 1413	  2.51888	 -3.78868	 -1.83463	 -1.63453
 1410	  2.51891	 -3.78786	 -1.83475	 -1.63466
 1411	  2.51029	 -3.78796	 -1.83494	 -1.63484
 1413	  2.51888	 -3.78868	 -1.83463	 -1.63453
 1411	  2.51029	 -3.78796	 -1.83494	 -1.63484
 1414	  2.51027	 -3.78874	 -1.83483	 -1.63473
 1575	  2.51576	 -3.78297	 -1.79529	 -1.59519
 1353	  2.51631	 -3.78358	 -1.79535	 -1.59525
 1363	  2.51631	 -3.78377	 -1.79516	 -1.59506
 1575	  2.51576	 -3.78297	 -1.79529	 -1.59519
 1363	  2.51631	 -3.78377	 -1.79516	 -1.59506
 1573	  2.51576	 -3.78316	 -1.79513	 -1.59503
 1452	  2.5149	 -3.78299	 -1.79531	 -1.59522
 1448	  2.51491	 -3.78318	 -1.79514	 -1.59505
 1581	  2.50629	 -3.78326	 -1.79534	 -1.59524
 1452	  2.5149	 -3.78299	 -1.79531	 -1.59522
 1581	  2.50629	 -3.78326	 -1.79534	 -1.59524
 1453	  2.50629	 -3.78307	 -1.7955	 -1.5954
 1511	  2.50488	 -3.78268	 -1.79531	 -1.59521
 1393	  2.50491	 -3.78247	 -1.79547	 -1.59538
 1509	  2.50543	 -3.78309	 -1.79553	 -1.59544
 1511	  2.50488	 -3.78268	 -1.79531	 -1.59521
 1509	  2.50543	 -3.78309	 -1.79553	 -1.59544
 1512	  2.50543	 -3.78328	 -1.79533	 -1.59524
 1387	  2.51417	 -3.9197	 -1.76026	 -1.56016
 1371	  2.51599	 -3.98051	 -1.77921	 -1.57911
 1565	  2.51547	 -3.98075	 -1.77911	 -1.57901
 1387	  2.51417	 -3.9197	 -1.76026	 -1.56016
 1565	  2.51547	 -3.98075	 -1.77911	 -1.57901
 1566	  2.51364	 -3.91939	 -1.76017	 -1.56008
 1554	  2.51666	 -3.63594	 -1.81528	 -1.61518
 1499	  2.51608	 -3.73519	 -1.80198	 -1.60188
 1397	  2.51522	 -3.73519	 -1.80199	 -1.60189
 1554	  2.51666	 -3.63594	 -1.81528	 -1.61518
 1397	  2.51522	 -3.73519	 -1.80199	 -1.60189
 1396	  2.51577	 -3.63595	 -1.81529	 -1.6152
 1582	  2.50572	 -3.73527	 -1.8022	 -1.60211
 1583	  2.50631	 -3.63608	 -1.81551	 -1.61542
 1584	  2.50714	 -3.63607	 -1.81549	 -1.61539
 1582	  2.50572	 -3.73527	 -1.8022	 -1.60211
 1584	  2.50714	 -3.63607	 -1.81549	 -1.61539
 1585	  2.50661	 -3.73528	 -1.80218	 -1.60209
 1501	  2.51864	 -3.53521	 -1.82812	 -1.62803
 1554	  2.51666	 -3.63594	 -1.81528	 -1.61518
 1396	  2.51577	 -3.63595	 -1.81529	 -1.6152
 1501	  2.51864	 -3.53521	 -1.82812	 -1.62803
 1396	  2.51577	 -3.63595	 -1.81529	 -1.6152
 1400	  2.51776	 -3.53524	 -1.82812	 -1.62803
 1583	  2.50631	 -3.63608	 -1.81551	 -1.61542
 1586	  2.50681	 -3.53535	 -1.82838	 -1.62828
 1587	  2.5077	 -3.53534	 -1.82837	 -1.62827
 1583	  2.50631	 -3.63608	 -1.81551	 -1.61542
 1587	  2.5077	 -3.53534	 -1.82837	 -1.62827
 1584	  2.50714	 -3.63607	 -1.81549	 -1.61539
 1588	  2.50683	 -3.53451	 -1.82848	 -1.62838
 1589	  2.50269	 -3.51702	 -1.83132	 -1.63123
 1590	  2.50353	 -3.51699	 -1.83132	 -1.63123
 1588	  2.50683	 -3.53451	 -1.82848	 -1.62838
 1590	  2.50353	 -3.51699	 -1.83132	 -1.63123
 1578	  2.50769	 -3.53451	 -1.82847	 -1.62837
 1591	  2.52403	 -3.6468	 -1.8684	 -1.6683
 1592	  2.52451	 -3.59169	 -1.87767	 -1.67757
 1593	  2.52364	 -3.59169	 -1.87769	 -1.67759
 1591	  2.52403	 -3.6468	 -1.8684	 -1.6683
 1593	  2.52364	 -3.59169	 -1.87769	 -1.67759
 1579	  2.52317	 -3.64681	 -1.86841	 -1.66831
 1556	  2.52329	 -3.65332	 -1.86743	 -1.66734
 1504	  2.52406	 -3.64764	 -1.86829	 -1.6682
 1594	  2.52319	 -3.64768	 -1.86832	 -1.66823
 1556	  2.52329	 -3.65332	 -1.86743	 -1.66734
 1594	  2.52319	 -3.64768	 -1.86832	 -1.66823
 1595	  2.5224	 -3.65337	 -1.86746	 -1.66737
 1596	  2.51368	 -3.64778	 -1.86854	 -1.66844
 1597	  2.51291	 -3.65348	 -1.86767	 -1.66757
 1598	  2.5138	 -3.65345	 -1.86764	 -1.66754
 1596	  2.51368	 -3.64778	 -1.86854	 -1.66844
 1598	  2.5138	 -3.65345	 -1.86764	 -1.66754
 1599	  2.51457	 -3.64777	 -1.86851	 -1.66841
 1505	  2.51976	 -3.78785	 -1.83472	 -1.63462
 1556	  2.52329	 -3.65332	 -1.86743	 -1.66734
 1595	  2.5224	 -3.65337	 -1.86746	 -1.66737
 1505	  2.51976	 -3.78785	 -1.83472	 -1.63462
 1595	  2.5224	 -3.65337	 -1.86746	 -1.66737
 1600	  2.51891	 -3.78786	 -1.83475	 -1.63466
 1597	  2.51291	 -3.65348	 -1.86767	 -1.66757
 1493	  2.50941	 -3.78796	 -1.83495	 -1.63486
 1411	  2.51029	 -3.78796	 -1.83494	 -1.63484
 1597	  2.51291	 -3.65348	 -1.86767	 -1.66757
 1411	  2.51029	 -3.78796	 -1.83494	 -1.63484
 1409	  2.5138	 -3.65345	 -1.86764	 -1.66754
 1601	  2.51866	 -3.83268	 -1.82346	 -1.62336
 1602	  2.51977	 -3.78867	 -1.83461	 -1.63451
 1413	  2.51888	 -3.78868	 -1.83463	 -1.63453
 1601	  2.51866	 -3.83268	 -1.82346	 -1.62336
 1413	  2.51888	 -3.78868	 -1.83463	 -1.63453
 1412	  2.5178	 -3.8327	 -1.82348	 -1.62339
 1492	  2.5094	 -3.78877	 -1.83484	 -1.63474
 1522	  2.5083	 -3.83276	 -1.82369	 -1.6236
 1415	  2.50919	 -3.83276	 -1.82367	 -1.62358
 1492	  2.5094	 -3.78877	 -1.83484	 -1.63474
 1415	  2.50919	 -3.83276	 -1.82367	 -1.62358
 1414	  2.51027	 -3.78874	 -1.83483	 -1.63473
 1603	  2.51757	 -3.8755	 -1.81254	 -1.61245
 1558	  2.51864	 -3.83374	 -1.82318	 -1.62309
 1604	  2.51778	 -3.83379	 -1.82321	 -1.62311
 1603	  2.51757	 -3.8755	 -1.81254	 -1.61245
 1604	  2.51778	 -3.83379	 -1.82321	 -1.62311
 1605	  2.51671	 -3.87552	 -1.81258	 -1.61248
 1522	  2.5083	 -3.83276	 -1.82369	 -1.6236
 1524	  2.50826	 -3.83382	 -1.82342	 -1.62332
 1606	  2.50916	 -3.83382	 -1.82338	 -1.62329
 1522	  2.5083	 -3.83276	 -1.82369	 -1.6236
 1606	  2.50916	 -3.83382	 -1.82338	 -1.62329
 1607	  2.50919	 -3.83276	 -1.82367	 -1.62358
 1560	  2.51735	 -3.91029	 -1.80762	 -1.60752
 1559	  2.51756	 -3.87623	 -1.8124	 -1.6123
 1608	  2.51667	 -3.87626	 -1.81243	 -1.61233
 1560	  2.51735	 -3.91029	 -1.80762	 -1.60752
 1608	  2.51667	 -3.87626	 -1.81243	 -1.61233
 1609	  2.51646	 -3.9103	 -1.80765	 -1.60755
 1610	  2.50719	 -3.87638	 -1.81263	 -1.61253
 1611	  2.50697	 -3.91042	 -1.80785	 -1.60776
 1423	  2.50785	 -3.91043	 -1.80783	 -1.60774
 1610	  2.50719	 -3.87638	 -1.81263	 -1.61253
 1423	  2.50785	 -3.91043	 -1.80783	 -1.60774
 1422	  2.50805	 -3.87636	 -1.81261	 -1.61251
 1612	  2.51778	 -3.95635	 -1.81041	 -1.61032
 1613	  2.51735	 -3.91114	 -1.80758	 -1.60749
 1425	  2.51649	 -3.9112	 -1.80761	 -1.60752
 1612	  2.51778	 -3.95635	 -1.81041	 -1.61032
 1425	  2.51649	 -3.9112	 -1.80761	 -1.60752
 1424	  2.51692	 -3.95636	 -1.81044	 -1.61034
 1529	  2.50699	 -3.91125	 -1.80783	 -1.60773
 1532	  2.50739	 -3.95647	 -1.81066	 -1.61056
 1427	  2.50828	 -3.95645	 -1.81064	 -1.61055
 1529	  2.50699	 -3.91125	 -1.80783	 -1.60773
 1427	  2.50828	 -3.95645	 -1.81064	 -1.61055
 1426	  2.50784	 -3.91126	 -1.8078	 -1.6077
 1614	  2.51741	 -3.99581	 -1.80329	 -1.60319
 1612	  2.51778	 -3.95635	 -1.81041	 -1.61032
 1424	  2.51692	 -3.95636	 -1.81044	 -1.61034
 1614	  2.51741	 -3.99581	 -1.80329	 -1.60319
 1424	  2.51692	 -3.95636	 -1.81044	 -1.61034
 1428	  2.51654	 -3.99577	 -1.8033	 -1.60321
 1532	  2.50739	 -3.95647	 -1.81066	 -1.61056
 1615	  2.50707	 -3.99589	 -1.8035	 -1.60341
 1429	  2.50791	 -3.99588	 -1.80349	 -1.6034
 1532	  2.50739	 -3.95647	 -1.81066	 -1.61056
 1429	  2.50791	 -3.99588	 -1.80349	 -1.6034
 1427	  2.50828	 -3.95645	 -1.81064	 -1.61055
 1616	  2.51645	 -4.0059	 -1.79032	 -1.59022
 1614	  2.51741	 -3.99581	 -1.80329	 -1.60319
 1428	  2.51654	 -3.99577	 -1.8033	 -1.60321
 1616	  2.51645	 -4.0059	 -1.79032	 -1.59022
 1428	  2.51654	 -3.99577	 -1.8033	 -1.60321
 1617	  2.51558	 -4.00586	 -1.79034	 -1.59024
 1615	  2.50707	 -3.99589	 -1.8035	 -1.60341
 1618	  2.5061	 -4.00597	 -1.79053	 -1.59043
 1619	  2.50698	 -4.00597	 -1.79051	 -1.59041
 1615	  2.50707	 -3.99589	 -1.8035	 -1.60341
 1619	  2.50698	 -4.00597	 -1.79051	 -1.59041
 1429	  2.50791	 -3.99588	 -1.80349	 -1.6034
 1620	  2.51547	 -3.98075	 -1.77911	 -1.57901
 1616	  2.51645	 -4.0059	 -1.79032	 -1.59022
 1617	  2.51558	 -4.00586	 -1.79034	 -1.59024
 1620	  2.51547	 -3.98075	 -1.77911	 -1.57901
 1617	  2.51558	 -4.00586	 -1.79034	 -1.59024
 1621	  2.51457	 -3.98076	 -1.77913	 -1.57903
 1618	  2.5061	 -4.00597	 -1.79053	 -1.59043
 1539	  2.50509	 -3.98083	 -1.77933	 -1.57924
 1622	  2.50598	 -3.98088	 -1.77932	 -1.57923
 1618	  2.5061	 -4.00597	 -1.79053	 -1.59043
 1622	  2.50598	 -3.98088	 -1.77932	 -1.57923
 1619	  2.50698	 -4.00597	 -1.79051	 -1.59041
 1623	  2.51364	 -3.91939	 -1.76017	 -1.56008
 1620	  2.51547	 -3.98075	 -1.77911	 -1.57901
 1621	  2.51457	 -3.98076	 -1.77913	 -1.57903
 1623	  2.51364	 -3.91939	 -1.76017	 -1.56008
 1621	  2.51457	 -3.98076	 -1.77913	 -1.57903
 1624	  2.51275	 -3.9194	 -1.7602	 -1.5601
 1539	  2.50509	 -3.98083	 -1.77933	 -1.57924
 1541	  2.5033	 -3.91952	 -1.7604	 -1.56031
 1437	  2.50416	 -3.91952	 -1.76038	 -1.56029
 1539	  2.50509	 -3.98083	 -1.77933	 -1.57924
 1437	  2.50416	 -3.91952	 -1.76038	 -1.56029
 1435	  2.50598	 -3.98088	 -1.77932	 -1.57923
 1625	  2.51364	 -3.91543	 -1.76014	 -1.56005
 1623	  2.51364	 -3.91939	 -1.76017	 -1.56008
 1624	  2.51275	 -3.9194	 -1.7602	 -1.5601
 1625	  2.51364	 -3.91543	 -1.76014	 -1.56005
 1624	  2.51275	 -3.9194	 -1.7602	 -1.5601
 1626	  2.51277	 -3.91545	 -1.76017	 -1.56008
 1541	  2.5033	 -3.91952	 -1.7604	 -1.56031
 1627	  2.50326	 -3.91553	 -1.76039	 -1.56029
 1439	  2.50413	 -3.91555	 -1.76036	 -1.56027
 1541	  2.5033	 -3.91952	 -1.7604	 -1.56031
 1439	  2.50413	 -3.91555	 -1.76036	 -1.56027
 1437	  2.50416	 -3.91952	 -1.76038	 -1.56029
 1628	  2.51352	 -3.84679	 -1.76166	 -1.56156
 1625	  2.51364	 -3.91543	 -1.76014	 -1.56005
 1626	  2.51277	 -3.91545	 -1.76017	 -1.56008
 1628	  2.51352	 -3.84679	 -1.76166	 -1.56156
 1626	  2.51277	 -3.91545	 -1.76017	 -1.56008
 1629	  2.51267	 -3.84682	 -1.76169	 -1.5616
 1627	  2.50326	 -3.91553	 -1.76039	 -1.56029
 1546	  2.50319	 -3.84693	 -1.76187	 -1.56178
 1441	  2.50405	 -3.8469	 -1.76187	 -1.56177
 1627	  2.50326	 -3.91553	 -1.76039	 -1.56029
 1441	  2.50405	 -3.8469	 -1.76187	 -1.56177
 1439	  2.50413	 -3.91555	 -1.76036	 -1.56027
 1630	  2.5135	 -3.78574	 -1.76565	 -1.56556
 1628	  2.51352	 -3.84679	 -1.76166	 -1.56156
 1629	  2.51267	 -3.84682	 -1.76169	 -1.5616
 1630	  2.5135	 -3.78574	 -1.76565	 -1.56556
 1629	  2.51267	 -3.84682	 -1.76169	 -1.5616
 1631	  2.51263	 -3.78574	 -1.76568	 -1.56559
 1546	  2.50319	 -3.84693	 -1.76187	 -1.56178
 1632	  2.50314	 -3.78584	 -1.76588	 -1.56579
 1443	  2.50401	 -3.78587	 -1.76587	 -1.56578
 1546	  2.50319	 -3.84693	 -1.76187	 -1.56178
 1443	  2.50401	 -3.78587	 -1.76587	 -1.56578
 1441	  2.50405	 -3.8469	 -1.76187	 -1.56177
 1572	  2.5145	 -3.75619	 -1.78031	 -1.58021
 1633	  2.51447	 -3.7569	 -1.77994	 -1.57985
 1634	  2.5136	 -3.7569	 -1.77997	 -1.57987
 1572	  2.5145	 -3.75619	 -1.78031	 -1.58021
 1634	  2.5136	 -3.7569	 -1.77997	 -1.57987
 1635	  2.51361	 -3.75618	 -1.78033	 -1.58024
 1636	  2.50316	 -3.78521	 -1.76605	 -1.56596
 1637	  2.50412	 -3.75699	 -1.78018	 -1.58008
 1446	  2.50498	 -3.757	 -1.78016	 -1.58007
 1636	  2.50316	 -3.78521	 -1.76605	 -1.56596
 1446	  2.50498	 -3.757	 -1.78016	 -1.58007
 1638	  2.50402	 -3.78519	 -1.76602	 -1.56593
 1639	  2.51576	 -3.78316	 -1.79513	 -1.59503
 1572	  2.5145	 -3.75619	 -1.78031	 -1.58021
 1444	  2.51361	 -3.75618	 -1.78033	 -1.58024
 1639	  2.51576	 -3.78316	 -1.79513	 -1.59503
 1444	  2.51361	 -3.75618	 -1.78033	 -1.58024
 1448	  2.51491	 -3.78318	 -1.79514	 -1.59505
 1498	  2.50414	 -3.75628	 -1.78054	 -1.58044
 1640	  2.50543	 -3.78328	 -1.79533	 -1.59524
 1450	  2.50629	 -3.78326	 -1.79534	 -1.59524
 1498	  2.50414	 -3.75628	 -1.78054	 -1.58044
 1450	  2.50629	 -3.78326	 -1.79534	 -1.59524
 1449	  2.505	 -3.75626	 -1.78052	 -1.58042
 1500	  2.51609	 -3.73598	 -1.80187	 -1.60177
 1641	  2.51576	 -3.78297	 -1.79529	 -1.59519
 1452	  2.5149	 -3.78299	 -1.79531	 -1.59522
 1500	  2.51609	 -3.73598	 -1.80187	 -1.60177
 1452	  2.5149	 -3.78299	 -1.79531	 -1.59522
 1642	  2.51521	 -3.73599	 -1.80187	 -1.60178
 1643	  2.50543	 -3.78309	 -1.79553	 -1.59544
 1481	  2.50572	 -3.73612	 -1.80209	 -1.60199
 1576	  2.50658	 -3.73611	 -1.80208	 -1.60198
 1643	  2.50543	 -3.78309	 -1.79553	 -1.59544
 1576	  2.50658	 -3.73611	 -1.80208	 -1.60198
 1453	  2.50629	 -3.78307	 -1.7955	 -1.5954
 1499	  2.51608	 -3.73519	 -1.80198	 -1.60188
 1500	  2.51609	 -3.73598	 -1.80187	 -1.60177
 1451	  2.51521	 -3.73599	 -1.80187	 -1.60178
 1499	  2.51608	 -3.73519	 -1.80198	 -1.60188
 1451	  2.51521	 -3.73599	 -1.80187	 -1.60178
 1397	  2.51522	 -3.73519	 -1.80199	 -1.60189
 1481	  2.50572	 -3.73612	 -1.80209	 -1.60199
 1582	  2.50572	 -3.73527	 -1.8022	 -1.60211
 1585	  2.50661	 -3.73528	 -1.80218	 -1.60209
 1481	  2.50572	 -3.73612	 -1.80209	 -1.60199
 1585	  2.50661	 -3.73528	 -1.80218	 -1.60209
 1454	  2.50658	 -3.73611	 -1.80208	 -1.60198
 1502	  2.51863	 -3.53439	 -1.82823	 -1.62813
 1501	  2.51864	 -3.53521	 -1.82812	 -1.62803
 1400	  2.51776	 -3.53524	 -1.82812	 -1.62803
 1502	  2.51863	 -3.53439	 -1.82823	 -1.62813
 1400	  2.51776	 -3.53524	 -1.82812	 -1.62803
 1577	  2.51777	 -3.53444	 -1.82823	 -1.62813
 1586	  2.50681	 -3.53535	 -1.82838	 -1.62828
 1588	  2.50683	 -3.53451	 -1.82848	 -1.62838
 1578	  2.50769	 -3.53451	 -1.82847	 -1.62837
 1586	  2.50681	 -3.53535	 -1.82838	 -1.62828
 1578	  2.50769	 -3.53451	 -1.82847	 -1.62837
 1401	  2.5077	 -3.53534	 -1.82837	 -1.62827
 1504	  2.52406	 -3.64764	 -1.86829	 -1.6682
 1591	  2.52403	 -3.6468	 -1.8684	 -1.6683
 1579	  2.52317	 -3.64681	 -1.86841	 -1.66831
 1504	  2.52406	 -3.64764	 -1.86829	 -1.6682
 1579	  2.52317	 -3.64681	 -1.86841	 -1.66831
 1407	  2.52319	 -3.64768	 -1.86832	 -1.66823
 1489	  2.51371	 -3.64693	 -1.86862	 -1.66852
 1596	  2.51368	 -3.64778	 -1.86854	 -1.66844
 1408	  2.51457	 -3.64777	 -1.86851	 -1.66841
 1489	  2.51371	 -3.64693	 -1.86862	 -1.66852
 1408	  2.51457	 -3.64777	 -1.86851	 -1.66841
 1580	  2.51457	 -3.6469	 -1.86861	 -1.66851
 1602	  2.51977	 -3.78867	 -1.83461	 -1.63451
 1505	  2.51976	 -3.78785	 -1.83472	 -1.63462
 1600	  2.51891	 -3.78786	 -1.83475	 -1.63466
 1602	  2.51977	 -3.78867	 -1.83461	 -1.63451
 1600	  2.51891	 -3.78786	 -1.83475	 -1.63466
 1644	  2.51888	 -3.78868	 -1.83463	 -1.63453
 1493	  2.50941	 -3.78796	 -1.83495	 -1.63486
 1492	  2.5094	 -3.78877	 -1.83484	 -1.63474
 1414	  2.51027	 -3.78874	 -1.83483	 -1.63473
 1493	  2.50941	 -3.78796	 -1.83495	 -1.63486
 1414	  2.51027	 -3.78874	 -1.83483	 -1.63473
 1411	  2.51029	 -3.78796	 -1.83494	 -1.63484
 1641	  2.51576	 -3.78297	 -1.79529	 -1.59519
 1639	  2.51576	 -3.78316	 -1.79513	 -1.59503
 1448	  2.51491	 -3.78318	 -1.79514	 -1.59505
 1641	  2.51576	 -3.78297	 -1.79529	 -1.59519
 1448	  2.51491	 -3.78318	 -1.79514	 -1.59505
 1452	  2.5149	 -3.78299	 -1.79531	 -1.59522
 1512	  2.50543	 -3.78328	 -1.79533	 -1.59524
 1643	  2.50543	 -3.78309	 -1.79553	 -1.59544
 1453	  2.50629	 -3.78307	 -1.7955	 -1.5954
 1512	  2.50543	 -3.78328	 -1.79533	 -1.59524
 1453	  2.50629	 -3.78307	 -1.7955	 -1.5954
 1581	  2.50629	 -3.78326	 -1.79534	 -1.59524
 1513	  2.50284	 -3.64435	 -1.78401	 -1.58391
 1645	  2.50352	 -3.69827	 -1.78952	 -1.58943
 1646	  2.50192	 -3.69829	 -1.78956	 -1.58947
 1513	  2.50284	 -3.64435	 -1.78401	 -1.58391
 1646	  2.50192	 -3.69829	 -1.78956	 -1.58947
 1647	  2.50125	 -3.6444	 -1.78404	 -1.58394
 1648	  2.50281	 -3.58912	 -1.78677	 -1.58668
 1513	  2.50284	 -3.64435	 -1.78401	 -1.58391
 1647	  2.50125	 -3.6444	 -1.78404	 -1.58394
 1648	  2.50281	 -3.58912	 -1.78677	 -1.58668
 1647	  2.50125	 -3.6444	 -1.78404	 -1.58394
 1649	  2.50121	 -3.58914	 -1.78683	 -1.58673
 1515	  2.5034	 -3.54479	 -1.7973	 -1.59721
 1648	  2.50281	 -3.58912	 -1.78677	 -1.58668
 1650	  2.50121	 -3.58914	 -1.78683	 -1.58673
 1515	  2.5034	 -3.54479	 -1.7973	 -1.59721
 1650	  2.50121	 -3.58914	 -1.78683	 -1.58673
 1651	  2.50181	 -3.54482	 -1.79734	 -1.59724
 1516	  2.50453	 -3.52522	 -1.81276	 -1.61267
 1515	  2.5034	 -3.54479	 -1.7973	 -1.59721
 1652	  2.50181	 -3.54482	 -1.79734	 -1.59724
 1516	  2.50453	 -3.52522	 -1.81276	 -1.61267
 1652	  2.50181	 -3.54482	 -1.79734	 -1.59724
 1653	  2.50291	 -3.52521	 -1.81279	 -1.61269
 1654	  2.50579	 -3.53487	 -1.82832	 -1.62823
 1516	  2.50453	 -3.52522	 -1.81276	 -1.61267
 1653	  2.50291	 -3.52521	 -1.81279	 -1.61269
 1654	  2.50579	 -3.53487	 -1.82832	 -1.62823
 1653	  2.50291	 -3.52521	 -1.81279	 -1.61269
 1655	  2.50415	 -3.53489	 -1.82836	 -1.62826
 1490	  2.51266	 -3.64694	 -1.86865	 -1.66855
 1656	  2.51311	 -3.59195	 -1.87796	 -1.67786
 1657	  2.51152	 -3.59199	 -1.87799	 -1.67789
 1490	  2.51266	 -3.64694	 -1.86865	 -1.66855
 1657	  2.51152	 -3.59199	 -1.87799	 -1.67789
 1658	  2.51104	 -3.64695	 -1.86868	 -1.66858
 1519	  2.51189	 -3.65351	 -1.86769	 -1.66759
 1487	  2.51265	 -3.64781	 -1.86856	 -1.66846
 1659	  2.51104	 -3.64781	 -1.8686	 -1.6685
 1519	  2.51189	 -3.65351	 -1.86769	 -1.66759
 1659	  2.51104	 -3.64781	 -1.8686	 -1.6685
 1660	  2.51029	 -3.6535	 -1.86773	 -1.66763
 1661	  2.50838	 -3.788	 -1.83496	 -1.63487
 1519	  2.51189	 -3.65351	 -1.86769	 -1.66759
 1660	  2.51029	 -3.6535	 -1.86773	 -1.66763
 1661	  2.50838	 -3.788	 -1.83496	 -1.63487
 1660	  2.51029	 -3.6535	 -1.86773	 -1.66763
 1662	  2.50676	 -3.78798	 -1.83502	 -1.63492
 1521	  2.50728	 -3.83278	 -1.82371	 -1.62361
 1663	  2.50837	 -3.78879	 -1.83486	 -1.63476
 1664	  2.50677	 -3.78882	 -1.8349	 -1.6348
 1521	  2.50728	 -3.83278	 -1.82371	 -1.62361
 1664	  2.50677	 -3.78882	 -1.8349	 -1.6348
 1665	  2.50566	 -3.83281	 -1.82375	 -1.62365
 1666	  2.50618	 -3.87565	 -1.81279	 -1.61269
 1667	  2.50724	 -3.83387	 -1.82345	 -1.62335
 1668	  2.50563	 -3.83388	 -1.82348	 -1.62338
 1666	  2.50618	 -3.87565	 -1.81279	 -1.61269
 1668	  2.50563	 -3.83388	 -1.82348	 -1.62338
 1669	  2.50458	 -3.87568	 -1.81282	 -1.61273
 1527	  2.50595	 -3.91046	 -1.80788	 -1.60778
 1670	  2.50618	 -3.87633	 -1.81265	 -1.61255
 1671	  2.50456	 -3.87635	 -1.81269	 -1.61259
 1527	  2.50595	 -3.91046	 -1.80788	 -1.60778
 1671	  2.50456	 -3.87635	 -1.81269	 -1.61259
 1672	  2.50433	 -3.91044	 -1.8079	 -1.6078
 1531	  2.50637	 -3.95643	 -1.81068	 -1.61059
 1530	  2.50595	 -3.91127	 -1.80784	 -1.60775
 1673	  2.50436	 -3.91129	 -1.80786	 -1.60777
 1531	  2.50637	 -3.95643	 -1.81068	 -1.61059
 1673	  2.50436	 -3.91129	 -1.80786	 -1.60777
 1674	  2.50478	 -3.95648	 -1.81071	 -1.61062
 1533	  2.50604	 -3.99587	 -1.80353	 -1.60344
 1531	  2.50637	 -3.95643	 -1.81068	 -1.61059
 1674	  2.50478	 -3.95648	 -1.81071	 -1.61062
 1533	  2.50604	 -3.99587	 -1.80353	 -1.60344
 1674	  2.50478	 -3.95648	 -1.81071	 -1.61062
 1675	  2.50443	 -3.9959	 -1.80357	 -1.60347
 1676	  2.50505	 -4.00601	 -1.79057	 -1.59047
 1533	  2.50604	 -3.99587	 -1.80353	 -1.60344
 1675	  2.50443	 -3.9959	 -1.80357	 -1.60347
 1676	  2.50505	 -4.00601	 -1.79057	 -1.59047
 1675	  2.50443	 -3.9959	 -1.80357	 -1.60347
 1677	  2.50346	 -4.00598	 -1.79059	 -1.5905
 1678	  2.50407	 -3.98087	 -1.77934	 -1.57925
 1676	  2.50505	 -4.00601	 -1.79057	 -1.59047
 1677	  2.50346	 -4.00598	 -1.79059	 -1.5905
 1678	  2.50407	 -3.98087	 -1.77934	 -1.57925
 1677	  2.50346	 -4.00598	 -1.79059	 -1.5905
 1679	  2.50245	 -3.98091	 -1.77939	 -1.5793
 1540	  2.50225	 -3.91955	 -1.76042	 -1.56032
 1678	  2.50407	 -3.98087	 -1.77934	 -1.57925
 1679	  2.50245	 -3.98091	 -1.77939	 -1.5793
 1540	  2.50225	 -3.91955	 -1.76042	 -1.56032
 1679	  2.50245	 -3.98091	 -1.77939	 -1.5793
 1680	  2.50066	 -3.91957	 -1.76046	 -1.56036
 1542	  2.50224	 -3.91553	 -1.7604	 -1.56031
 1540	  2.50225	 -3.91955	 -1.76042	 -1.56032
 1680	  2.50066	 -3.91957	 -1.76046	 -1.56036
 1542	  2.50224	 -3.91553	 -1.7604	 -1.56031
 1680	  2.50066	 -3.91957	 -1.76046	 -1.56036
 1681	  2.50065	 -3.91558	 -1.76043	 -1.56033
 1545	  2.50216	 -3.84691	 -1.7619	 -1.56181
 1542	  2.50224	 -3.91553	 -1.7604	 -1.56031
 1681	  2.50065	 -3.91558	 -1.76043	 -1.56033
 1545	  2.50216	 -3.84691	 -1.7619	 -1.56181
 1681	  2.50065	 -3.91558	 -1.76043	 -1.56033
 1682	  2.50055	 -3.84696	 -1.76194	 -1.56185
 1548	  2.50209	 -3.78586	 -1.76591	 -1.56582
 1545	  2.50216	 -3.84691	 -1.7619	 -1.56181
 1682	  2.50055	 -3.84696	 -1.76194	 -1.56185
 1548	  2.50209	 -3.78586	 -1.76591	 -1.56582
 1682	  2.50055	 -3.84696	 -1.76194	 -1.56185
 1683	  2.50049	 -3.78586	 -1.76596	 -1.56586
 1684	  2.50311	 -3.7563	 -1.78056	 -1.58046
 1685	  2.50309	 -3.75701	 -1.78019	 -1.5801
 1686	  2.50148	 -3.75705	 -1.78022	 -1.58013
 1684	  2.50311	 -3.7563	 -1.78056	 -1.58046
 1686	  2.50148	 -3.75705	 -1.78022	 -1.58013
 1687	  2.5015	 -3.75634	 -1.7806	 -1.5805
 1496	  2.50311	 -3.75593	 -1.78071	 -1.58062
 1684	  2.50311	 -3.7563	 -1.78056	 -1.58046
 1688	  2.5015	 -3.75634	 -1.7806	 -1.5805
 1496	  2.50311	 -3.75593	 -1.78071	 -1.58062
 1688	  2.5015	 -3.75634	 -1.7806	 -1.5805
 1689	  2.50151	 -3.75593	 -1.78074	 -1.58064
 1645	  2.50352	 -3.69827	 -1.78952	 -1.58943
 1482	  2.50352	 -3.69912	 -1.78951	 -1.58942
 1690	  2.50192	 -3.69911	 -1.78954	 -1.58944
 1645	  2.50352	 -3.69827	 -1.78952	 -1.58943
 1690	  2.50192	 -3.69911	 -1.78954	 -1.58944
 1646	  2.50192	 -3.69829	 -1.78956	 -1.58947
 1484	  2.5058	 -3.53453	 -1.82851	 -1.62841
 1654	  2.50579	 -3.53487	 -1.82832	 -1.62823
 1655	  2.50415	 -3.53489	 -1.82836	 -1.62826
 1484	  2.5058	 -3.53453	 -1.82851	 -1.62841
 1655	  2.50415	 -3.53489	 -1.82836	 -1.62826
 1691	  2.50421	 -3.53454	 -1.82855	 -1.62845
 1487	  2.51265	 -3.64781	 -1.86856	 -1.66846
 1490	  2.51266	 -3.64694	 -1.86865	 -1.66855
 1658	  2.51104	 -3.64695	 -1.86868	 -1.66858
 1487	  2.51265	 -3.64781	 -1.86856	 -1.66846
 1658	  2.51104	 -3.64695	 -1.86868	 -1.66858
 1659	  2.51104	 -3.64781	 -1.8686	 -1.6685
 1663	  2.50837	 -3.78879	 -1.83486	 -1.63476
 1661	  2.50838	 -3.788	 -1.83496	 -1.63487
 1662	  2.50676	 -3.78798	 -1.83502	 -1.63492
 1663	  2.50837	 -3.78879	 -1.83486	 -1.63476
 1662	  2.50676	 -3.78798	 -1.83502	 -1.63492
 1664	  2.50677	 -3.78882	 -1.8349	 -1.6348
 1482	  2.50352	 -3.69912	 -1.78951	 -1.58942
 1496	  2.50311	 -3.75593	 -1.78071	 -1.58062
 1689	  2.50151	 -3.75593	 -1.78074	 -1.58064
 1482	  2.50352	 -3.69912	 -1.78951	 -1.58942
 1689	  2.50151	 -3.75593	 -1.78074	 -1.58064
 1690	  2.50192	 -3.69911	 -1.78954	 -1.58944
 1367	  2.51785	 -3.91046	 -1.80744	 -1.60735
 1560	  2.51735	 -3.91029	 -1.80762	 -1.60752
 1561	  2.51735	 -3.91114	 -1.80758	 -1.60749
 1367	  2.51785	 -3.91046	 -1.80744	 -1.60735
 1561	  2.51735	 -3.91114	 -1.80758	 -1.60749
 1382	  2.51785	 -3.91096	 -1.80744	 -1.60734
 1611	  2.50697	 -3.91042	 -1.80785	 -1.60776
 1529	  2.50699	 -3.91125	 -1.80783	 -1.60773
 1426	  2.50784	 -3.91126	 -1.8078	 -1.6077
 1611	  2.50697	 -3.91042	 -1.80785	 -1.60776
 1426	  2.50784	 -3.91126	 -1.8078	 -1.6077
 1423	  2.50785	 -3.91043	 -1.80783	 -1.60774
 1529	  2.50699	 -3.91125	 -1.80783	 -1.60773
 1611	  2.50697	 -3.91042	 -1.80785	 -1.60776
 1527	  2.50595	 -3.91046	 -1.80788	 -1.60778
 1529	  2.50699	 -3.91125	 -1.80783	 -1.60773
 1527	  2.50595	 -3.91046	 -1.80788	 -1.60778
 1530	  2.50595	 -3.91127	 -1.80784	 -1.60775
 1423	  2.50785	 -3.91043	 -1.80783	 -1.60774
 1426	  2.50784	 -3.91126	 -1.8078	 -1.6077
 1425	  2.51649	 -3.9112	 -1.80761	 -1.60752
 1423	  2.50785	 -3.91043	 -1.80783	 -1.60774
 1425	  2.51649	 -3.9112	 -1.80761	 -1.60752
 1420	  2.51646	 -3.9103	 -1.80765	 -1.60755
 1609	  2.51646	 -3.9103	 -1.80765	 -1.60755
 1425	  2.51649	 -3.9112	 -1.80761	 -1.60752
 1613	  2.51735	 -3.91114	 -1.80758	 -1.60749
 1609	  2.51646	 -3.9103	 -1.80765	 -1.60755
 1613	  2.51735	 -3.91114	 -1.80758	 -1.60749
 1692	  2.51735	 -3.91029	 -1.80762	 -1.60752
 1672	  2.50433	 -3.91044	 -1.8079	 -1.6078
 1673	  2.50436	 -3.91129	 -1.80786	 -1.60777
 1530	  2.50595	 -3.91127	 -1.80784	 -1.60775
 1672	  2.50433	 -3.91044	 -1.8079	 -1.6078
 1530	  2.50595	 -3.91127	 -1.80784	 -1.60775
 1527	  2.50595	 -3.91046	 -1.80788	 -1.60778
 1372	  2.51622	 -3.97103	 -1.78304	 -1.58294
 1693	  2.51571	 -3.97081	 -1.78315	 -1.58306
 1457	  2.51645	 -3.98882	 -1.79117	 -1.59107
 1372	  2.51622	 -3.97103	 -1.78304	 -1.58294
 1457	  2.51645	 -3.98882	 -1.79117	 -1.59107
 1373	  2.51697	 -3.98924	 -1.79113	 -1.59104
 1373	  2.51697	 -3.98924	 -1.79113	 -1.59104
 1457	  2.51645	 -3.98882	 -1.79117	 -1.59107
 1694	  2.51713	 -3.98159	 -1.80046	 -1.60036
 1373	  2.51697	 -3.98924	 -1.79113	 -1.59104
 1694	  2.51713	 -3.98159	 -1.80046	 -1.60036
 1384	  2.51765	 -3.98194	 -1.80051	 -1.60042
 1384	  2.51765	 -3.98194	 -1.80051	 -1.60042
 1694	  2.51713	 -3.98159	 -1.80046	 -1.60036
 1464	  2.51739	 -3.95334	 -1.80557	 -1.60548
 1384	  2.51765	 -3.98194	 -1.80051	 -1.60042
 1464	  2.51739	 -3.95334	 -1.80557	 -1.60548
 1380	  2.51791	 -3.95343	 -1.80569	 -1.6056
 1380	  2.51791	 -3.95343	 -1.80569	 -1.6056
 1464	  2.51739	 -3.95334	 -1.80557	 -1.60548
 1466	  2.51707	 -3.92067	 -1.80353	 -1.60343
 1380	  2.51791	 -3.95343	 -1.80569	 -1.6056
 1466	  2.51707	 -3.92067	 -1.80353	 -1.60343
 1381	  2.51761	 -3.92039	 -1.80362	 -1.60353
 1381	  2.51761	 -3.92039	 -1.80362	 -1.60353
 1466	  2.51707	 -3.92067	 -1.80353	 -1.60343
 1473	  2.51636	 -3.9027	 -1.7955	 -1.5954
 1381	  2.51761	 -3.92039	 -1.80362	 -1.60353
 1473	  2.51636	 -3.9027	 -1.7955	 -1.5954
 1378	  2.51688	 -3.9022	 -1.79551	 -1.59542
 1378	  2.51688	 -3.9022	 -1.79551	 -1.59542
 1473	  2.51636	 -3.9027	 -1.7955	 -1.5954
 1472	  2.51568	 -3.90994	 -1.7862	 -1.58611
 1378	  2.51688	 -3.9022	 -1.79551	 -1.59542
 1472	  2.51568	 -3.90994	 -1.7862	 -1.58611
 1377	  2.51619	 -3.90954	 -1.78612	 -1.58603
 1377	  2.51619	 -3.90954	 -1.78612	 -1.58603
 1472	  2.51568	 -3.90994	 -1.7862	 -1.58611
 1695	  2.51542	 -3.93814	 -1.7811	 -1.58101
 1377	  2.51619	 -3.90954	 -1.78612	 -1.58603
 1695	  2.51542	 -3.93814	 -1.7811	 -1.58101
 1376	  2.51591	 -3.93805	 -1.78097	 -1.58087
 1376	  2.51591	 -3.93805	 -1.78097	 -1.58087
 1695	  2.51542	 -3.93814	 -1.7811	 -1.58101
 1693	  2.51571	 -3.97081	 -1.78315	 -1.58306
 1376	  2.51591	 -3.93805	 -1.78097	 -1.58087
 1693	  2.51571	 -3.97081	 -1.78315	 -1.58306
 1372	  2.51622	 -3.97103	 -1.78304	 -1.58294
 1577	  2.51777	 -3.53444	 -1.82823	 -1.62813
 1696	  2.50769	 -3.53451	 -1.82847	 -1.62837
 1697	  2.50353	 -3.51699	 -1.83132	 -1.63123
 1577	  2.51777	 -3.53444	 -1.82823	 -1.62813
 1697	  2.50353	 -3.51699	 -1.83132	 -1.63123
 1698	  2.51846	 -3.51675	 -1.83095	 -1.63085
 1699	  2.51266	 -3.64694	 -1.86865	 -1.66855
 1489	  2.51371	 -3.64693	 -1.86862	 -1.66852
 1700	  2.51414	 -3.59196	 -1.87793	 -1.67783
 1699	  2.51266	 -3.64694	 -1.86865	 -1.66855
 1700	  2.51414	 -3.59196	 -1.87793	 -1.67783
 1701	  2.51311	 -3.59195	 -1.87796	 -1.67786
 1503	  2.52403	 -3.6468	 -1.8684	 -1.6683
 1350	  2.52458	 -3.64661	 -1.86827	 -1.66817
 1349	  2.52499	 -3.59144	 -1.87754	 -1.67744
 1503	  2.52403	 -3.6468	 -1.8684	 -1.6683
 1349	  2.52499	 -3.59144	 -1.87754	 -1.67744
 1702	  2.52451	 -3.59169	 -1.87767	 -1.67757
 1703	  2.51863	 -3.53439	 -1.82823	 -1.62813
 1577	  2.51777	 -3.53444	 -1.82823	 -1.62813
 1704	  2.51846	 -3.51675	 -1.83095	 -1.63085
 1703	  2.51863	 -3.53439	 -1.82823	 -1.62813
 1704	  2.51846	 -3.51675	 -1.83095	 -1.63085
 1705	  2.51935	 -3.51672	 -1.83092	 -1.63083
 1489	  2.51371	 -3.64693	 -1.86862	 -1.66852
 1405	  2.51457	 -3.6469	 -1.86861	 -1.66851
 1404	  2.515	 -3.59191	 -1.8779	 -1.6778
 1489	  2.51371	 -3.64693	 -1.86862	 -1.66852
 1404	  2.515	 -3.59191	 -1.8779	 -1.6778
 1706	  2.51414	 -3.59196	 -1.87793	 -1.67783
 1484	  2.5058	 -3.53453	 -1.82851	 -1.62841
 1691	  2.50421	 -3.53454	 -1.82855	 -1.62845
 1707	  2.50005	 -3.51707	 -1.83139	 -1.63129
 1484	  2.5058	 -3.53453	 -1.82851	 -1.62841
 1707	  2.50005	 -3.51707	 -1.83139	 -1.63129
 1517	  2.50164	 -3.51703	 -1.83136	 -1.63127
 1708	  2.51175	 -3.31282	 -1.86825	 -1.66815
 1709	  2.51021	 -3.4059	 -1.85183	 -1.65173
 1710	  2.50992	 -3.29591	 -1.85278	 -1.65268
 1710	  2.50992	 -3.29591	 -1.85278	 -1.65268
 1709	  2.51021	 -3.4059	 -1.85183	 -1.65173
 1711	  2.50816	 -3.30889	 -1.83684	 -1.63675
 1711	  2.50816	 -3.30889	 -1.83684	 -1.63675
 1709	  2.51021	 -3.4059	 -1.85183	 -1.65173
 1712	  2.50694	 -3.34688	 -1.82522	 -1.62513
 1712	  2.50694	 -3.34688	 -1.82522	 -1.62513
 1709	  2.51021	 -3.4059	 -1.85183	 -1.65173
 1713	  2.5066	 -3.40178	 -1.82037	 -1.62027
 1713	  2.5066	 -3.40178	 -1.82037	 -1.62027
 1709	  2.51021	 -3.4059	 -1.85183	 -1.65173
 1714	  2.50723	 -3.45788	 -1.82405	 -1.62395
 1714	  2.50723	 -3.45788	 -1.82405	 -1.62395
 1709	  2.51021	 -3.4059	 -1.85183	 -1.65173
 1715	  2.50858	 -3.49842	 -1.83476	 -1.63466
 1716	  2.52314	 -3.31309	 -1.8682	 -1.6681
 1717	  2.52458	 -3.33603	 -1.87989	 -1.67979
 1718	  2.52296	 -3.4288	 -1.86294	 -1.66284
 1716	  2.52314	 -3.31309	 -1.8682	 -1.6681
 1718	  2.52296	 -3.4288	 -1.86294	 -1.66284
 1719	  2.52162	 -3.40619	 -1.85173	 -1.65164
 1719	  2.52162	 -3.40619	 -1.85173	 -1.65164
 1718	  2.52296	 -3.4288	 -1.86294	 -1.66284
 1720	  2.5221	 -3.48326	 -1.85361	 -1.65351
 1719	  2.52162	 -3.40619	 -1.85173	 -1.65164
 1720	  2.5221	 -3.48326	 -1.85361	 -1.65351
 1721	  2.52001	 -3.49888	 -1.83467	 -1.63458
 1722	  2.52211	 -3.48402	 -1.85346	 -1.65336
 1723	  2.52602	 -3.53596	 -1.88625	 -1.68615
 1349	  2.52499	 -3.59144	 -1.87754	 -1.67744
 1722	  2.52211	 -3.48402	 -1.85346	 -1.65336
 1349	  2.52499	 -3.59144	 -1.87754	 -1.67744
 1348	  2.52145	 -3.54016	 -1.8431	 -1.643
 1724	  2.52459	 -3.33526	 -1.88004	 -1.67994
 1725	  2.52318	 -3.31229	 -1.86833	 -1.66823
 1726	  2.5239	 -3.26703	 -1.87605	 -1.67595
 1724	  2.52459	 -3.33526	 -1.88004	 -1.67994
 1726	  2.5239	 -3.26703	 -1.87605	 -1.67595
 1727	  2.5253	 -3.28999	 -1.88774	 -1.68764
 1728	  2.52609	 -3.5303	 -1.88694	 -1.68684
 1718	  2.52296	 -3.4288	 -1.86294	 -1.66284
 1717	  2.52458	 -3.33603	 -1.87989	 -1.67979
 1728	  2.52609	 -3.5303	 -1.88694	 -1.68684
 1717	  2.52458	 -3.33603	 -1.87989	 -1.67979
 1729	  2.52691	 -3.36648	 -1.89943	 -1.69933
 1730	  2.52603	 -3.53522	 -1.8864	 -1.6863
 1720	  2.5221	 -3.48326	 -1.85361	 -1.65351
 1718	  2.52296	 -3.4288	 -1.86294	 -1.66284
 1730	  2.52603	 -3.53522	 -1.8864	 -1.6863
 1718	  2.52296	 -3.4288	 -1.86294	 -1.66284
 1728	  2.52609	 -3.5303	 -1.88694	 -1.68684
 1731	  2.51999	 -3.49963	 -1.83453	 -1.63444
 1722	  2.52211	 -3.48402	 -1.85346	 -1.65336
 1348	  2.52145	 -3.54016	 -1.8431	 -1.643
 1731	  2.51999	 -3.49963	 -1.83453	 -1.63444
 1348	  2.52145	 -3.54016	 -1.8431	 -1.643
 1359	  2.51988	 -3.5169	 -1.83101	 -1.63092
 1732	  2.52693	 -3.36574	 -1.89956	 -1.69946
 1724	  2.52459	 -3.33526	 -1.88004	 -1.67994
 1727	  2.5253	 -3.28999	 -1.88774	 -1.68764
 1732	  2.52693	 -3.36574	 -1.89956	 -1.69946
 1727	  2.5253	 -3.28999	 -1.88774	 -1.68764
 1733	  2.52716	 -3.31728	 -1.90316	 -1.70306
 1727	  2.5253	 -3.28999	 -1.88774	 -1.68764
 1726	  2.5239	 -3.26703	 -1.87605	 -1.67595
 1734	  2.52534	 -3.28838	 -1.88801	 -1.68792
 1727	  2.5253	 -3.28999	 -1.88774	 -1.68764
 1734	  2.52534	 -3.28838	 -1.88801	 -1.68792
 1735	  2.52717	 -3.31552	 -1.9033	 -1.7032
 1727	  2.5253	 -3.28999	 -1.88774	 -1.68764
 1735	  2.52717	 -3.31552	 -1.9033	 -1.7032
 1733	  2.52716	 -3.31728	 -1.90316	 -1.70306
 1736	  2.52606	 -3.24394	 -1.89558	 -1.69549
 1737	  2.52655	 -3.21462	 -1.90094	 -1.70084
 1738	  2.52796	 -3.23392	 -1.91288	 -1.71278
 1736	  2.52606	 -3.24394	 -1.89558	 -1.69549
 1738	  2.52796	 -3.23392	 -1.91288	 -1.71278
 1739	  2.52745	 -3.26691	 -1.90728	 -1.70718
 1740	  2.52461	 -3.22077	 -1.88379	 -1.6837
 1741	  2.52586	 -3.17081	 -1.8963	 -1.6962
 1737	  2.52655	 -3.21462	 -1.90094	 -1.70084
 1740	  2.52461	 -3.22077	 -1.88379	 -1.6837
 1737	  2.52655	 -3.21462	 -1.90094	 -1.70084
 1736	  2.52606	 -3.24394	 -1.89558	 -1.69549
 1742	  2.52769	 -3.11251	 -1.91429	 -1.71419
 1743	  2.52913	 -3.13183	 -1.92626	 -1.72616
 1744	  2.52879	 -3.14297	 -1.92284	 -1.72274
 1742	  2.52769	 -3.11251	 -1.91429	 -1.71419
 1744	  2.52879	 -3.14297	 -1.92284	 -1.72274
 1745	  2.52776	 -3.12891	 -1.91411	 -1.71401
 1746	  2.52635	 -3.12831	 -1.90186	 -1.70176
 1742	  2.52769	 -3.11251	 -1.91429	 -1.71419
 1745	  2.52776	 -3.12891	 -1.91411	 -1.71401
 1746	  2.52635	 -3.12831	 -1.90186	 -1.70176
 1745	  2.52776	 -3.12891	 -1.91411	 -1.71401
 1747	  2.52676	 -3.14071	 -1.90511	 -1.70502
 1741	  2.52586	 -3.17081	 -1.8963	 -1.6962
 1746	  2.52635	 -3.12831	 -1.90186	 -1.70176
 1747	  2.52676	 -3.14071	 -1.90511	 -1.70502
 1741	  2.52586	 -3.17081	 -1.8963	 -1.6962
 1747	  2.52676	 -3.14071	 -1.90511	 -1.70502
 1748	  2.52641	 -3.17145	 -1.90112	 -1.70102
 1737	  2.52655	 -3.21462	 -1.90094	 -1.70084
 1741	  2.52586	 -3.17081	 -1.8963	 -1.6962
 1748	  2.52641	 -3.17145	 -1.90112	 -1.70102
 1737	  2.52655	 -3.21462	 -1.90094	 -1.70084
 1748	  2.52641	 -3.17145	 -1.90112	 -1.70102
 1749	  2.52689	 -3.20314	 -1.90445	 -1.70435
 1737	  2.52655	 -3.21462	 -1.90094	 -1.70084
 1750	  2.52799	 -3.23368	 -1.91301	 -1.71291
 1738	  2.52796	 -3.23392	 -1.91288	 -1.71278
 1751	  2.52933	 -3.21748	 -1.92535	 -1.72525
 1750	  2.52799	 -3.23368	 -1.91301	 -1.71291
 1752	  2.52796	 -3.21723	 -1.91317	 -1.71308
 1751	  2.52933	 -3.21748	 -1.92535	 -1.72525
 1752	  2.52796	 -3.21723	 -1.91317	 -1.71308
 1753	  2.52894	 -3.20544	 -1.92217	 -1.72207
 1754	  2.52981	 -3.17532	 -1.93086	 -1.73076
 1751	  2.52933	 -3.21748	 -1.92535	 -1.72525
 1753	  2.52894	 -3.20544	 -1.92217	 -1.72207
 1754	  2.52981	 -3.17532	 -1.93086	 -1.73076
 1753	  2.52894	 -3.20544	 -1.92217	 -1.72207
 1755	  2.52928	 -3.1747	 -1.92618	 -1.72608
 1743	  2.52913	 -3.13183	 -1.92626	 -1.72616
 1754	  2.52981	 -3.17532	 -1.93086	 -1.73076
 1755	  2.52928	 -3.1747	 -1.92618	 -1.72608
 1743	  2.52913	 -3.13183	 -1.92626	 -1.72616
 1755	  2.52928	 -3.1747	 -1.92618	 -1.72608
 1744	  2.52879	 -3.14297	 -1.92284	 -1.72274
 1740	  2.52461	 -3.22077	 -1.88379	 -1.6837
 1756	  2.5218	 -3.17834	 -1.86058	 -1.66048
 1757	  2.52333	 -3.13145	 -1.8753	 -1.6752
 1740	  2.52461	 -3.22077	 -1.88379	 -1.6837
 1757	  2.52333	 -3.13145	 -1.8753	 -1.6752
 1741	  2.52586	 -3.17081	 -1.8963	 -1.6962
 1746	  2.52635	 -3.12831	 -1.90186	 -1.70176
 1758	  2.525	 -3.09092	 -1.8912	 -1.6911
 1759	  2.52509	 -3.09048	 -1.89208	 -1.69198
 1746	  2.52635	 -3.12831	 -1.90186	 -1.70176
 1759	  2.52509	 -3.09048	 -1.89208	 -1.69198
 1742	  2.52769	 -3.11251	 -1.91429	 -1.71419
 1741	  2.52586	 -3.17081	 -1.8963	 -1.6962
 1757	  2.52333	 -3.13145	 -1.8753	 -1.6752
 1758	  2.525	 -3.09092	 -1.8912	 -1.6911
 1741	  2.52586	 -3.17081	 -1.8963	 -1.6962
 1758	  2.525	 -3.09092	 -1.8912	 -1.6911
 1746	  2.52635	 -3.12831	 -1.90186	 -1.70176
 1760	  2.52458	 -3.22153	 -1.88364	 -1.68354
 1761	  2.52391	 -3.26483	 -1.87627	 -1.67617
 1762	  2.5221	 -3.23513	 -1.86145	 -1.66135
 1760	  2.52458	 -3.22153	 -1.88364	 -1.68354
 1762	  2.5221	 -3.23513	 -1.86145	 -1.66135
 1763	  2.5218	 -3.17917	 -1.86051	 -1.66041
 1764	  2.51246	 -3.26744	 -1.87598	 -1.67588
 1765	  2.50995	 -3.29512	 -1.85296	 -1.65286
 1766	  2.51246	 -3.26684	 -1.87593	 -1.67583
 1767	  2.52019	 -3.40598	 -1.85166	 -1.65156
 1768	  2.51158	 -3.40605	 -1.85188	 -1.65179
 1769	  2.51314	 -3.31291	 -1.86834	 -1.66824
 1767	  2.52019	 -3.40598	 -1.85166	 -1.65156
 1769	  2.51314	 -3.31291	 -1.86834	 -1.66824
 1770	  2.52177	 -3.31284	 -1.86811	 -1.66801
 1771	  2.51859	 -3.49869	 -1.8346	 -1.6345
 1772	  2.50998	 -3.49875	 -1.8348	 -1.63471
 1768	  2.51158	 -3.40605	 -1.85188	 -1.65179
 1771	  2.51859	 -3.49869	 -1.8346	 -1.6345
 1768	  2.51158	 -3.40605	 -1.85188	 -1.65179
 1767	  2.52019	 -3.40598	 -1.85166	 -1.65156
 1773	  2.52462	 -3.53624	 -1.8864	 -1.6863
 1774	  2.51601	 -3.53628	 -1.88661	 -1.68651
 1404	  2.515	 -3.59191	 -1.8779	 -1.6778
 1773	  2.52462	 -3.53624	 -1.8864	 -1.6863
 1404	  2.515	 -3.59191	 -1.8779	 -1.6778
 1403	  2.52364	 -3.59169	 -1.87769	 -1.67759
 1775	  2.52469	 -3.53051	 -1.8871	 -1.687
 1776	  2.51608	 -3.5306	 -1.88731	 -1.68721
 1777	  2.51604	 -3.53558	 -1.88677	 -1.68667
 1775	  2.52469	 -3.53051	 -1.8871	 -1.687
 1777	  2.51604	 -3.53558	 -1.88677	 -1.68667
 1778	  2.52466	 -3.53548	 -1.88654	 -1.68644
 1779	  2.52554	 -3.36675	 -1.89958	 -1.69949
 1780	  2.51693	 -3.3668	 -1.89979	 -1.69969
 1776	  2.51608	 -3.5306	 -1.88731	 -1.68721
 1779	  2.52554	 -3.36675	 -1.89958	 -1.69949
 1776	  2.51608	 -3.5306	 -1.88731	 -1.68721
 1775	  2.52469	 -3.53051	 -1.8871	 -1.687
 1781	  2.52579	 -3.31751	 -1.90331	 -1.70321
 1782	  2.51718	 -3.31759	 -1.90351	 -1.70341
 1783	  2.51695	 -3.36605	 -1.89993	 -1.69983
 1781	  2.52579	 -3.31751	 -1.90331	 -1.70321
 1783	  2.51695	 -3.36605	 -1.89993	 -1.69983
 1784	  2.52557	 -3.36594	 -1.89971	 -1.69961
 1785	  2.51719	 -3.31587	 -1.90366	 -1.70356
 1786	  2.52578	 -3.31576	 -1.90345	 -1.70335
 1787	  2.52606	 -3.268	 -1.90735	 -1.70725
 1785	  2.51719	 -3.31587	 -1.90366	 -1.70356
 1787	  2.52606	 -3.268	 -1.90735	 -1.70725
 1788	  2.51748	 -3.26804	 -1.90757	 -1.70747
 1789	  2.52659	 -3.23453	 -1.91298	 -1.71288
 1790	  2.51798	 -3.2346	 -1.91319	 -1.71309
 1791	  2.51746	 -3.26722	 -1.90765	 -1.70755
 1789	  2.52659	 -3.23453	 -1.91298	 -1.71288
 1791	  2.51746	 -3.26722	 -1.90765	 -1.70755
 1792	  2.52609	 -3.26711	 -1.90742	 -1.70732
 1793	  2.52795	 -3.21783	 -1.92548	 -1.72538
 1794	  2.51936	 -3.2179	 -1.9257	 -1.7256
 1795	  2.51801	 -3.23403	 -1.91337	 -1.71327
 1793	  2.52795	 -3.21783	 -1.92548	 -1.72538
 1795	  2.51801	 -3.23403	 -1.91337	 -1.71327
 1796	  2.52662	 -3.23397	 -1.91315	 -1.71305
 1797	  2.52843	 -3.17535	 -1.93102	 -1.73092
 1798	  2.51982	 -3.17541	 -1.93123	 -1.73113
 1794	  2.51936	 -3.2179	 -1.9257	 -1.7256
 1797	  2.52843	 -3.17535	 -1.93102	 -1.73092
 1794	  2.51936	 -3.2179	 -1.9257	 -1.7256
 1793	  2.52795	 -3.21783	 -1.92548	 -1.72538
 1799	  2.52776	 -3.13157	 -1.92639	 -1.72629
 1800	  2.51917	 -3.13163	 -1.9266	 -1.7265
 1798	  2.51982	 -3.17541	 -1.93123	 -1.73113
 1799	  2.52776	 -3.13157	 -1.92639	 -1.72629
 1798	  2.51982	 -3.17541	 -1.93123	 -1.73113
 1797	  2.52843	 -3.17535	 -1.93102	 -1.73092
 1801	  2.52633	 -3.11205	 -1.91433	 -1.71423
 1802	  2.5177	 -3.11213	 -1.91453	 -1.71443
 1803	  2.51917	 -3.13163	 -1.9266	 -1.7265
 1801	  2.52633	 -3.11205	 -1.91433	 -1.71423
 1803	  2.51917	 -3.13163	 -1.9266	 -1.7265
 1804	  2.52776	 -3.13157	 -1.92639	 -1.72629
 1805	  2.5237	 -3.09038	 -1.89199	 -1.69189
 1806	  2.51507	 -3.09043	 -1.8922	 -1.6921
 1802	  2.5177	 -3.11213	 -1.91453	 -1.71443
 1805	  2.5237	 -3.09038	 -1.89199	 -1.69189
 1802	  2.5177	 -3.11213	 -1.91453	 -1.71443
 1801	  2.52633	 -3.11205	 -1.91433	 -1.71423
 1807	  2.52358	 -3.0908	 -1.89112	 -1.69102
 1808	  2.51497	 -3.09083	 -1.89133	 -1.69123
 1806	  2.51507	 -3.09043	 -1.8922	 -1.6921
 1807	  2.52358	 -3.0908	 -1.89112	 -1.69102
 1806	  2.51507	 -3.09043	 -1.8922	 -1.6921
 1805	  2.5237	 -3.09038	 -1.89199	 -1.69189
 1809	  2.52193	 -3.13126	 -1.87522	 -1.67512
 1810	  2.51331	 -3.13137	 -1.87544	 -1.67534
 1811	  2.51497	 -3.09083	 -1.89133	 -1.69123
 1809	  2.52193	 -3.13126	 -1.87522	 -1.67512
 1811	  2.51497	 -3.09083	 -1.89133	 -1.69123
 1812	  2.52358	 -3.0908	 -1.89112	 -1.69102
 1813	  2.52042	 -3.17813	 -1.86051	 -1.66041
 1814	  2.5118	 -3.17823	 -1.86071	 -1.66062
 1810	  2.51331	 -3.13137	 -1.87544	 -1.67534
 1813	  2.52042	 -3.17813	 -1.86051	 -1.66041
 1810	  2.51331	 -3.13137	 -1.87544	 -1.67534
 1809	  2.52193	 -3.13126	 -1.87522	 -1.67512
 1815	  2.51211	 -3.23548	 -1.86156	 -1.66146
 1816	  2.52072	 -3.23541	 -1.86134	 -1.66124
 1817	  2.52072	 -3.23746	 -1.8614	 -1.6613
 1815	  2.51211	 -3.23548	 -1.86156	 -1.66146
 1817	  2.52072	 -3.23746	 -1.8614	 -1.6613
 1818	  2.5121	 -3.23754	 -1.86161	 -1.66151
 1819	  2.52245	 -3.26657	 -1.87585	 -1.67576
 1820	  2.51385	 -3.26666	 -1.87608	 -1.67598
 1821	  2.5121	 -3.23754	 -1.86161	 -1.66151
 1819	  2.52245	 -3.26657	 -1.87585	 -1.67576
 1821	  2.5121	 -3.23754	 -1.86161	 -1.66151
 1822	  2.52072	 -3.23746	 -1.8614	 -1.6613
 1823	  2.52178	 -3.31208	 -1.86825	 -1.66815
 1824	  2.51314	 -3.31214	 -1.86847	 -1.66837
 1825	  2.51387	 -3.26724	 -1.87611	 -1.67601
 1823	  2.52178	 -3.31208	 -1.86825	 -1.66815
 1825	  2.51387	 -3.26724	 -1.87611	 -1.67601
 1826	  2.52248	 -3.2672	 -1.8759	 -1.6758
 1827	  2.52586	 -3.12939	 -1.91416	 -1.71406
 1828	  2.52722	 -3.12938	 -1.91413	 -1.71403
 1829	  2.52827	 -3.14331	 -1.92276	 -1.72266
 1827	  2.52586	 -3.12939	 -1.91416	 -1.71406
 1829	  2.52827	 -3.14331	 -1.92276	 -1.72266
 1830	  2.52691	 -3.14332	 -1.92279	 -1.72269
 1830	  2.52691	 -3.14332	 -1.92279	 -1.72269
 1829	  2.52827	 -3.14331	 -1.92276	 -1.72266
 1831	  2.52875	 -3.17473	 -1.92606	 -1.72596
 1830	  2.52691	 -3.14332	 -1.92279	 -1.72269
 1831	  2.52875	 -3.17473	 -1.92606	 -1.72596
 1832	  2.52737	 -3.1747	 -1.9261	 -1.726
 1833	  2.52737	 -3.1747	 -1.9261	 -1.726
 1831	  2.52875	 -3.17473	 -1.92606	 -1.72596
 1834	  2.52841	 -3.20511	 -1.92211	 -1.72201
 1833	  2.52737	 -3.1747	 -1.9261	 -1.726
 1834	  2.52841	 -3.20511	 -1.92211	 -1.72201
 1835	  2.52705	 -3.2051	 -1.92215	 -1.72205
 1836	  2.52705	 -3.2051	 -1.92215	 -1.72205
 1834	  2.52841	 -3.20511	 -1.92211	 -1.72201
 1837	  2.52744	 -3.21677	 -1.91319	 -1.71309
 1836	  2.52705	 -3.2051	 -1.92215	 -1.72205
 1837	  2.52744	 -3.21677	 -1.91319	 -1.71309
 1838	  2.52606	 -3.2168	 -1.91323	 -1.71313
 1839	  2.52606	 -3.2168	 -1.91323	 -1.71313
 1840	  2.52744	 -3.21677	 -1.91319	 -1.71309
 1841	  2.52641	 -3.20282	 -1.90455	 -1.70445
 1839	  2.52606	 -3.2168	 -1.91323	 -1.71313
 1841	  2.52641	 -3.20282	 -1.90455	 -1.70445
 1842	  2.52503	 -3.20285	 -1.9046	 -1.7045
 1843	  2.52503	 -3.20285	 -1.9046	 -1.7045
 1841	  2.52641	 -3.20282	 -1.90455	 -1.70445
 1844	  2.52589	 -3.17146	 -1.90125	 -1.70115
 1843	  2.52503	 -3.20285	 -1.9046	 -1.7045
 1844	  2.52589	 -3.17146	 -1.90125	 -1.70115
 1845	  2.52456	 -3.17146	 -1.90129	 -1.70119
 1845	  2.52456	 -3.17146	 -1.90129	 -1.70119
 1846	  2.52589	 -3.17146	 -1.90125	 -1.70115
 1847	  2.52624	 -3.14105	 -1.90522	 -1.70512
 1845	  2.52456	 -3.17146	 -1.90129	 -1.70119
 1847	  2.52624	 -3.14105	 -1.90522	 -1.70512
 1848	  2.52489	 -3.14107	 -1.90525	 -1.70515
 1848	  2.52489	 -3.14107	 -1.90525	 -1.70515
 1849	  2.52624	 -3.14105	 -1.90522	 -1.70512
 1828	  2.52722	 -3.12938	 -1.91413	 -1.71403
 1848	  2.52489	 -3.14107	 -1.90525	 -1.70515
 1828	  2.52722	 -3.12938	 -1.91413	 -1.71403
 1827	  2.52586	 -3.12939	 -1.91416	 -1.71406
 1850	  2.51229	 -3.31293	 -1.86836	 -1.66826
 1708	  2.51175	 -3.31282	 -1.86825	 -1.66815
 1851	  2.51176	 -3.31202	 -1.86839	 -1.66829
 1850	  2.51229	 -3.31293	 -1.86836	 -1.66826
 1851	  2.51176	 -3.31202	 -1.86839	 -1.66829
 1852	  2.51229	 -3.3122	 -1.86849	 -1.66839
 1765	  2.50995	 -3.29512	 -1.85296	 -1.65286
 1710	  2.50992	 -3.29591	 -1.85278	 -1.65268
 1853	  2.50939	 -3.29552	 -1.85266	 -1.65257
 1765	  2.50995	 -3.29512	 -1.85296	 -1.65286
 1853	  2.50939	 -3.29552	 -1.85266	 -1.65257
 1854	  2.5094	 -3.29502	 -1.85286	 -1.65276
 1855	  2.50807	 -3.49955	 -1.83473	 -1.63463
 1856	  2.50807	 -3.49883	 -1.8347	 -1.6346
 1857	  2.50858	 -3.49842	 -1.83476	 -1.63466
 1855	  2.50807	 -3.49955	 -1.83473	 -1.63463
 1857	  2.50858	 -3.49842	 -1.83476	 -1.63466
 1858	  2.50908	 -3.49956	 -1.83469	 -1.6346
 1859	  2.51413	 -3.53557	 -1.88682	 -1.68672
 1860	  2.51414	 -3.53628	 -1.88665	 -1.68655
 1861	  2.51515	 -3.53629	 -1.88663	 -1.68653
 1859	  2.51413	 -3.53557	 -1.88682	 -1.68672
 1861	  2.51515	 -3.53629	 -1.88663	 -1.68653
 1862	  2.51518	 -3.53558	 -1.88679	 -1.68669
 1863	  2.51505	 -3.36607	 -1.89998	 -1.69988
 1864	  2.51502	 -3.36685	 -1.89985	 -1.69975
 1865	  2.51607	 -3.36683	 -1.89981	 -1.69971
 1863	  2.51505	 -3.36607	 -1.89998	 -1.69988
 1865	  2.51607	 -3.36683	 -1.89981	 -1.69971
 1866	  2.51606	 -3.36606	 -1.89995	 -1.69985
 1867	  2.5102	 -3.23753	 -1.86165	 -1.66155
 1868	  2.51125	 -3.23757	 -1.86162	 -1.66152
 1869	  2.51075	 -3.2382	 -1.86169	 -1.66159
 1867	  2.5102	 -3.23753	 -1.86165	 -1.66155
 1869	  2.51075	 -3.2382	 -1.86169	 -1.66159
 1870	  2.5102	 -3.23819	 -1.86164	 -1.66154
 1871	  2.52264	 -3.31286	 -1.86809	 -1.66799
 1872	  2.52264	 -3.31208	 -1.86823	 -1.66814
 1725	  2.52318	 -3.31229	 -1.86833	 -1.66823
 1871	  2.52264	 -3.31286	 -1.86809	 -1.66799
 1725	  2.52318	 -3.31229	 -1.86833	 -1.66823
 1716	  2.52314	 -3.31309	 -1.8682	 -1.6681
 1721	  2.52001	 -3.49888	 -1.83467	 -1.63458
 1731	  2.51999	 -3.49963	 -1.83453	 -1.63444
 1873	  2.51946	 -3.49943	 -1.83444	 -1.63435
 1721	  2.52001	 -3.49888	 -1.83467	 -1.63458
 1873	  2.51946	 -3.49943	 -1.83444	 -1.63435
 1874	  2.51947	 -3.49866	 -1.83457	 -1.63448
 1723	  2.52602	 -3.53596	 -1.88625	 -1.68615
 1730	  2.52603	 -3.53522	 -1.8864	 -1.6863
 1875	  2.52554	 -3.53548	 -1.88652	 -1.68643
 1723	  2.52602	 -3.53596	 -1.88625	 -1.68615
 1875	  2.52554	 -3.53548	 -1.88652	 -1.68643
 1876	  2.5255	 -3.53619	 -1.88638	 -1.68628
 1729	  2.52691	 -3.36648	 -1.89943	 -1.69933
 1732	  2.52693	 -3.36574	 -1.89956	 -1.69946
 1877	  2.52643	 -3.36592	 -1.89969	 -1.69959
 1729	  2.52691	 -3.36648	 -1.89943	 -1.69933
 1877	  2.52643	 -3.36592	 -1.89969	 -1.69959
 1878	  2.52643	 -3.36674	 -1.89956	 -1.69946
 1708	  2.51175	 -3.31282	 -1.86825	 -1.66815
 1710	  2.50992	 -3.29591	 -1.85278	 -1.65268
 1765	  2.50995	 -3.29512	 -1.85296	 -1.65286
 1708	  2.51175	 -3.31282	 -1.86825	 -1.66815
 1765	  2.50995	 -3.29512	 -1.85296	 -1.65286
 1851	  2.51176	 -3.31202	 -1.86839	 -1.66829
 1850	  2.51229	 -3.31293	 -1.86836	 -1.66826
 1879	  2.51072	 -3.40607	 -1.85189	 -1.65179
 1709	  2.51021	 -3.4059	 -1.85183	 -1.65173
 1850	  2.51229	 -3.31293	 -1.86836	 -1.66826
 1709	  2.51021	 -3.4059	 -1.85183	 -1.65173
 1708	  2.51175	 -3.31282	 -1.86825	 -1.66815
 1879	  2.51072	 -3.40607	 -1.85189	 -1.65179
 1880	  2.50911	 -3.49875	 -1.83484	 -1.63475
 1715	  2.50858	 -3.49842	 -1.83476	 -1.63466
 1879	  2.51072	 -3.40607	 -1.85189	 -1.65179
 1715	  2.50858	 -3.49842	 -1.83476	 -1.63466
 1709	  2.51021	 -3.4059	 -1.85183	 -1.65173
 1721	  2.52001	 -3.49888	 -1.83467	 -1.63458
 1720	  2.5221	 -3.48326	 -1.85361	 -1.65351
 1722	  2.52211	 -3.48402	 -1.85346	 -1.65336
 1721	  2.52001	 -3.49888	 -1.83467	 -1.63458
 1722	  2.52211	 -3.48402	 -1.85346	 -1.65336
 1731	  2.51999	 -3.49963	 -1.83453	 -1.63444
 1729	  2.52691	 -3.36648	 -1.89943	 -1.69933
 1717	  2.52458	 -3.33603	 -1.87989	 -1.67979
 1724	  2.52459	 -3.33526	 -1.88004	 -1.67994
 1729	  2.52691	 -3.36648	 -1.89943	 -1.69933
 1724	  2.52459	 -3.33526	 -1.88004	 -1.67994
 1732	  2.52693	 -3.36574	 -1.89956	 -1.69946
 1720	  2.5221	 -3.48326	 -1.85361	 -1.65351
 1730	  2.52603	 -3.53522	 -1.8864	 -1.6863
 1723	  2.52602	 -3.53596	 -1.88625	 -1.68615
 1720	  2.5221	 -3.48326	 -1.85361	 -1.65351
 1723	  2.52602	 -3.53596	 -1.88625	 -1.68615
 1722	  2.52211	 -3.48402	 -1.85346	 -1.65336
 1717	  2.52458	 -3.33603	 -1.87989	 -1.67979
 1716	  2.52314	 -3.31309	 -1.8682	 -1.6681
 1725	  2.52318	 -3.31229	 -1.86833	 -1.66823
 1717	  2.52458	 -3.33603	 -1.87989	 -1.67979
 1725	  2.52318	 -3.31229	 -1.86833	 -1.66823
 1724	  2.52459	 -3.33526	 -1.88004	 -1.67994
 1881	  2.51301	 -3.26729	 -1.87614	 -1.67605
 1852	  2.51229	 -3.3122	 -1.86849	 -1.66839
 1851	  2.51176	 -3.31202	 -1.86839	 -1.66829
 1881	  2.51301	 -3.26729	 -1.87614	 -1.67605
 1851	  2.51176	 -3.31202	 -1.86839	 -1.66829
 1764	  2.51246	 -3.26744	 -1.87598	 -1.67588
 1868	  2.51125	 -3.23757	 -1.86162	 -1.66152
 1882	  2.51299	 -3.26669	 -1.87609	 -1.67599
 1766	  2.51246	 -3.26684	 -1.87593	 -1.67583
 1868	  2.51125	 -3.23757	 -1.86162	 -1.66152
 1766	  2.51246	 -3.26684	 -1.87593	 -1.67583
 1869	  2.51075	 -3.2382	 -1.86169	 -1.66159
 1710	  2.50992	 -3.29591	 -1.85278	 -1.65268
 1711	  2.50816	 -3.30889	 -1.83684	 -1.63675
 1883	  2.50762	 -3.30847	 -1.83681	 -1.63671
 1710	  2.50992	 -3.29591	 -1.85278	 -1.65268
 1883	  2.50762	 -3.30847	 -1.83681	 -1.63671
 1853	  2.50939	 -3.29552	 -1.85266	 -1.65257
 1711	  2.50816	 -3.30889	 -1.83684	 -1.63675
 1712	  2.50694	 -3.34688	 -1.82522	 -1.62513
 1884	  2.50643	 -3.34663	 -1.82512	 -1.62502
 1711	  2.50816	 -3.30889	 -1.83684	 -1.63675
 1884	  2.50643	 -3.34663	 -1.82512	 -1.62502
 1883	  2.50762	 -3.30847	 -1.83681	 -1.63671
 1712	  2.50694	 -3.34688	 -1.82522	 -1.62513
 1713	  2.5066	 -3.40178	 -1.82037	 -1.62027
 1885	  2.50605	 -3.40177	 -1.82026	 -1.62017
 1712	  2.50694	 -3.34688	 -1.82522	 -1.62513
 1885	  2.50605	 -3.40177	 -1.82026	 -1.62017
 1884	  2.50643	 -3.34663	 -1.82512	 -1.62502
 1713	  2.5066	 -3.40178	 -1.82037	 -1.62027
 1714	  2.50723	 -3.45788	 -1.82405	 -1.62395
 1886	  2.50668	 -3.45803	 -1.82395	 -1.62386
 1713	  2.5066	 -3.40178	 -1.82037	 -1.62027
 1886	  2.50668	 -3.45803	 -1.82395	 -1.62386
 1885	  2.50605	 -3.40177	 -1.82026	 -1.62017
 1714	  2.50723	 -3.45788	 -1.82405	 -1.62395
 1715	  2.50858	 -3.49842	 -1.83476	 -1.63466
