 1086	 -35.23726	  21.54359	  78.10833	  79.05426
 1085	 -36.16347	  21.50291	  78.52511	  79.46811
 1067	 -35.9829	  21.52727	  77.56161	  78.51137
 1086	 -35.23726	  21.54359	  78.10833	  79.05426
 1066	 -36.8897	  21.47939	  77.97059	  78.91748
 1067	 -35.9829	  21.52727	  77.56161	  78.51137
 1085	 -36.16347	  21.50291	  78.52511	  79.46811
 1084	 -37.13284	  21.27738	  78.94849	  79.88852
 1066	 -36.8897	  21.47939	  77.97059	  78.91748
 1085	 -36.16347	  21.50291	  78.52511	  79.46811
 1065	 -37.84366	  21.26583	  78.3884	  79.33237
 1066	 -36.8897	  21.47939	  77.97059	  78.91748
 1084	 -37.13284	  21.27738	  78.94849	  79.88852
 1083	 -38.16792	  21.24338	  79.41261	  80.34937
 1065	 -37.84366	  21.26583	  78.3884	  79.33237
 1084	 -37.13284	  21.27738	  78.94849	  79.88852
 1064	 -38.87638	  21.24392	  78.84461	  79.78537
 1065	 -37.84366	  21.26583	  78.3884	  79.33237
 1083	 -38.16792	  21.24338	  79.41261	  80.34937
 1082	 -39.28977	  21.46705	  79.93119	  80.8643
 1064	 -38.87638	  21.24392	  78.84461	  79.78537
 1083	 -38.16792	  21.24338	  79.41261	  80.34937
 1063	 -40.00668	  21.47009	  79.34446	  80.28169
 1064	 -38.87638	  21.24392	  78.84461	  79.78537
 1082	 -39.28977	  21.46705	  79.93119	  80.8643
 1081	 -40.52795	  21.73484	  80.50616	  81.43524
 1063	 -40.00668	  21.47009	  79.34446	  80.28169
 1082	 -39.28977	  21.46705	  79.93119	  80.8643
 1062	 -41.25866	  21.74004	  79.89599	  80.82936
 1063	 -40.00668	  21.47009	  79.34446	  80.28169
 1081	 -40.52795	  21.73484	  80.50616	  81.43524
 1004	 -44.55279	  18.72358	  78.39091	  79.33485
 1007	 -43.23899	  18.46135	  77.91111	  78.85843
 1006	 -43.32219	  21.05013	  78.67823	  79.62015
 1006	 -43.32219	  21.05013	  78.67823	  79.62015
 1007	 -43.23899	  18.46135	  77.91111	  78.85843
 1008	 -42.0479	  21.0379	  78.14298	  79.08867
 1006	 -43.32219	  21.05013	  78.67823	  79.62015
 1008	 -42.0479	  21.0379	  78.14298	  79.08867
 1042	 -42.18095	  21.70892	  79.26841	  80.20618
 1042	 -42.18095	  21.70892	  79.26841	  80.20618
 1008	 -42.0479	  21.0379	  78.14298	  79.08867
 1043	 -40.92323	  21.42451	  78.73557	  79.67709
 1042	 -42.18095	  21.70892	  79.26841	  80.20618
 1043	 -40.92323	  21.42451	  78.73557	  79.67709
 1062	 -41.25866	  21.74004	  79.89599	  80.82936
 1062	 -41.25866	  21.74004	  79.89599	  80.82936
 1043	 -40.92323	  21.42451	  78.73557	  79.67709
 1063	 -40.00668	  21.47009	  79.34446	  80.28169
 1043	 -40.92323	  21.42451	  78.73557	  79.67709
 1044	 -39.79139	  21.20231	  78.25031	  79.19524
 1063	 -40.00668	  21.47009	  79.34446	  80.28169
 1063	 -40.00668	  21.47009	  79.34446	  80.28169
 1044	 -39.79139	  21.20231	  78.25031	  79.19524
 1064	 -38.87638	  21.24392	  78.84461	  79.78537
 1044	 -39.79139	  21.20231	  78.25031	  79.19524
 1045	 -38.7624	  21.27762	  77.80454	  78.75261
 1064	 -38.87638	  21.24392	  78.84461	  79.78537
 1064	 -38.87638	  21.24392	  78.84461	  79.78537
 1045	 -38.7624	  21.27762	  77.80454	  78.75261
 1065	 -37.84366	  21.26583	  78.3884	  79.33237
 1045	 -38.7624	  21.27762	  77.80454	  78.75261
 1046	 -37.82493	  21.52565	  77.39845	  78.34937
 1065	 -37.84366	  21.26583	  78.3884	  79.33237
 1065	 -37.84366	  21.26583	  78.3884	  79.33237
 1046	 -37.82493	  21.52565	  77.39845	  78.34937
 1066	 -36.8897	  21.47939	  77.97059	  78.91748
 1046	 -37.82493	  21.52565	  77.39845	  78.34937
 1047	 -36.93612	  21.5295	  76.99659	  77.95032
 1066	 -36.8897	  21.47939	  77.97059	  78.91748
 1066	 -36.8897	  21.47939	  77.97059	  78.91748
 1047	 -36.93612	  21.5295	  76.99659	  77.95032
 1067	 -35.9829	  21.52727	  77.56161	  78.51137
 1047	 -36.93612	  21.5295	  76.99659	  77.95032
 1048	 -36.08072	  21.39085	  76.60279	  77.5593
 1067	 -35.9829	  21.52727	  77.56161	  78.51137
 1067	 -35.9829	  21.52727	  77.56161	  78.51137
 1048	 -36.08072	  21.39085	  76.60279	  77.5593
 1068	 -35.10649	  21.42019	  77.15722	  78.10983
 1048	 -36.08072	  21.39085	  76.60279	  77.5593
 1049	 -35.24744	  21.06749	  76.2248	  77.18396
 1068	 -35.10649	  21.42019	  77.15722	  78.10983
 1068	 -35.10649	  21.42019	  77.15722	  78.10983
 1049	 -35.24744	  21.06749	  76.2248	  77.18396
 1069	 -34.25022	  21.13334	  76.76344	  77.71881
 1080	 -41.87666	  21.95527	  81.11979	  82.04456
 1062	 -41.25866	  21.74004	  79.89599	  80.82936
 1081	 -40.52795	  21.73484	  80.50616	  81.43524
 1061	 -42.61649	  21.95322	  80.48844	  81.41765
 1062	 -41.25866	  21.74004	  79.89599	  80.82936
 1080	 -41.87666	  21.95527	  81.11979	  82.04456
 1061	 -42.61649	  21.95322	  80.48844	  81.41765
 1042	 -42.18095	  21.70892	  79.26841	  80.20618
 1062	 -41.25866	  21.74004	  79.89599	  80.82936
 1041	 -43.54907	  21.95795	  79.84219	  80.77594
 1042	 -42.18095	  21.70892	  79.26841	  80.20618
 1061	 -42.61649	  21.95322	  80.48844	  81.41765
 1041	 -43.54907	  21.95795	  79.84219	  80.77594
 1006	 -43.32219	  21.05013	  78.67823	  79.62015
 1042	 -42.18095	  21.70892	  79.26841	  80.20618
 1005	 -44.68551	  21.12599	  79.216	  80.15414
 1006	 -43.32219	  21.05013	  78.67823	  79.62015
 1041	 -43.54907	  21.95795	  79.84219	  80.77594
 1005	 -44.68551	  21.12599	  79.216	  80.15414
 1004	 -44.55279	  18.72358	  78.39091	  79.33485
 1006	 -43.32219	  21.05013	  78.67823	  79.62015
 1003	 -45.89495	  18.88491	  78.80465	  79.74568
 1004	 -44.55279	  18.72358	  78.39091	  79.33485
 1005	 -44.68551	  21.12599	  79.216	  80.15414
 1007	 -43.23899	  18.46135	  77.91111	  78.85843
 1009	 -41.9907	  18.39224	  77.28448	  78.23619
 1008	 -42.0479	  21.0379	  78.14298	  79.08867
 1008	 -42.0479	  21.0379	  78.14298	  79.08867
 1009	 -41.9907	  18.39224	  77.28448	  78.23619
 1010	 -40.90142	  21.02997	  77.64895	  78.5981
 1008	 -42.0479	  21.0379	  78.14298	  79.08867
 1010	 -40.90142	  21.02997	  77.64895	  78.5981
 1043	 -40.92323	  21.42451	  78.73557	  79.67709
 1043	 -40.92323	  21.42451	  78.73557	  79.67709
 1010	 -40.90142	  21.02997	  77.64895	  78.5981
 1044	 -39.79139	  21.20231	  78.25031	  79.19524
 1010	 -40.90142	  21.02997	  77.64895	  78.5981
 1012	 -39.88286	  21.22911	  77.20942	  78.16167
 1044	 -39.79139	  21.20231	  78.25031	  79.19524
 1044	 -39.79139	  21.20231	  78.25031	  79.19524
 1012	 -39.88286	  21.22911	  77.20942	  78.16167
 1045	 -38.7624	  21.27762	  77.80454	  78.75261
 1012	 -39.88286	  21.22911	  77.20942	  78.16167
 1014	 -38.96429	  21.55709	  76.81908	  77.77406
 1045	 -38.7624	  21.27762	  77.80454	  78.75261
 1045	 -38.7624	  21.27762	  77.80454	  78.75261
 1014	 -38.96429	  21.55709	  76.81908	  77.77406
 1046	 -37.82493	  21.52565	  77.39845	  78.34937
 1014	 -38.96429	  21.55709	  76.81908	  77.77406
 1016	 -38.09373	  21.52345	  76.4269	  77.38464
 1046	 -37.82493	  21.52565	  77.39845	  78.34937
 1046	 -37.82493	  21.52565	  77.39845	  78.34937
 1016	 -38.09373	  21.52345	  76.4269	  77.38464
 1047	 -36.93612	  21.5295	  76.99659	  77.95032
 1016	 -38.09373	  21.52345	  76.4269	  77.38464
 1018	 -37.25916	  21.36796	  76.04389	  77.00433
 1047	 -36.93612	  21.5295	  76.99659	  77.95032
 1047	 -36.93612	  21.5295	  76.99659	  77.95032
 1018	 -37.25916	  21.36796	  76.04389	  77.00433
 1048	 -36.08072	  21.39085	  76.60279	  77.5593
 1018	 -37.25916	  21.36796	  76.04389	  77.00433
 1020	 -36.44986	  21.02094	  75.68005	  76.64304
 1048	 -36.08072	  21.39085	  76.60279	  77.5593
 1048	 -36.08072	  21.39085	  76.60279	  77.5593
 1020	 -36.44986	  21.02094	  75.68005	  76.64304
 1049	 -35.24744	  21.06749	  76.2248	  77.18396
 1020	 -36.44986	  21.02094	  75.68005	  76.64304
 1022	 -35.62585	  20.99314	  75.29554	  76.26123
 1049	 -35.24744	  21.06749	  76.2248	  77.18396
 1049	 -35.24744	  21.06749	  76.2248	  77.18396
 1022	 -35.62585	  20.99314	  75.29554	  76.26123
 1050	 -34.39874	  21.08735	  75.83649	  76.79839
 1022	 -35.62585	  20.99314	  75.29554	  76.26123
 1024	 -34.78019	  21.74013	  74.93818	  75.90639
 1050	 -34.39874	  21.08735	  75.83649	  76.79839
 1050	 -34.39874	  21.08735	  75.83649	  76.79839
 1024	 -34.78019	  21.74013	  74.93818	  75.90639
 1051	 -33.52356	  21.69168	  75.46372	  76.42824
 1009	 -41.9907	  18.39224	  77.28448	  78.23619
 1011	 -40.87704	  18.8163	  76.65446	  77.6106
 1010	 -40.90142	  21.02997	  77.64895	  78.5981
 1010	 -40.90142	  21.02997	  77.64895	  78.5981
 1011	 -40.87704	  18.8163	  76.65446	  77.6106
 1012	 -39.88286	  21.22911	  77.20942	  78.16167
 1011	 -40.87704	  18.8163	  76.65446	  77.6106
 1013	 -40.07185	  19.55918	  76.34332	  77.30164
 1012	 -39.88286	  21.22911	  77.20942	  78.16167
 1012	 -39.88286	  21.22911	  77.20942	  78.16167
 1013	 -40.07185	  19.55918	  76.34332	  77.30164
 1014	 -38.96429	  21.55709	  76.81908	  77.77406
 1013	 -40.07185	  19.55918	  76.34332	  77.30164
 1015	 -39.34215	  19.93697	  76.07183	  77.03207
 1014	 -38.96429	  21.55709	  76.81908	  77.77406
 1014	 -38.96429	  21.55709	  76.81908	  77.77406
 1015	 -39.34215	  19.93697	  76.07183	  77.03207
 1016	 -38.09373	  21.52345	  76.4269	  77.38464
 1015	 -39.34215	  19.93697	  76.07183	  77.03207
 1017	 -38.60807	  20.37378	  75.65234	  76.61552
 1016	 -38.09373	  21.52345	  76.4269	  77.38464
 1016	 -38.09373	  21.52345	  76.4269	  77.38464
 1017	 -38.60807	  20.37378	  75.65234	  76.61552
 1018	 -37.25916	  21.36796	  76.04389	  77.00433
 1017	 -38.60807	  20.37378	  75.65234	  76.61552
 1019	 -37.83426	  20.25881	  75.2223	  76.18849
 1018	 -37.25916	  21.36796	  76.04389	  77.00433
 1018	 -37.25916	  21.36796	  76.04389	  77.00433
 1019	 -37.83426	  20.25881	  75.2223	  76.18849
 1020	 -36.44986	  21.02094	  75.68005	  76.64304
 1019	 -37.83426	  20.25881	  75.2223	  76.18849
 1021	 -37.0176	  20.43736	  74.77958	  75.74889
 1020	 -36.44986	  21.02094	  75.68005	  76.64304
 1020	 -36.44986	  21.02094	  75.68005	  76.64304
 1021	 -37.0176	  20.43736	  74.77958	  75.74889
 1022	 -35.62585	  20.99314	  75.29554	  76.26123
 1021	 -37.0176	  20.43736	  74.77958	  75.74889
 1023	 -36.2003	  20.84437	  74.40128	  75.37326
 1022	 -35.62585	  20.99314	  75.29554	  76.26123
 1022	 -35.62585	  20.99314	  75.29554	  76.26123
 1023	 -36.2003	  20.84437	  74.40128	  75.37326
 1024	 -34.78019	  21.74013	  74.93818	  75.90639
 1023	 -36.2003	  20.84437	  74.40128	  75.37326
 1025	 -35.36647	  21.80759	  74.06699	  75.04132
 1024	 -34.78019	  21.74013	  74.93818	  75.90639
 1024	 -34.78019	  21.74013	  74.93818	  75.90639
 1025	 -35.36647	  21.80759	  74.06699	  75.04132
 1026	 -33.91962	  22.78022	  74.61863	  75.58908
 1025	 -35.36647	  21.80759	  74.06699	  75.04132
 1027	 -34.51677	  23.28476	  73.73083	  74.70752
 1026	 -33.91962	  22.78022	  74.61863	  75.58908
 1026	 -33.91962	  22.78022	  74.61863	  75.58908
 1027	 -34.51677	  23.28476	  73.73083	  74.70752
 1028	 -33.03392	  23.79897	  74.25762	  75.23061
 558	 -73.95217	  5.41839	  147.14615	  147.60699
 712	 -76.03973	  6.12332	  143.52911	  144.01537
 556	 -73.36868	  4.36374	  146.76874	  147.23222
 712	 -76.03973	  6.12332	  143.52911	  144.01537
 558	 -73.95217	  5.41839	  147.14615	  147.60699
 714	 -76.519	  6.43052	  144.02072	  144.50354
 714	 -76.519	  6.43052	  144.02072	  144.50354
 558	 -73.95217	  5.41839	  147.14615	  147.60699
 715	 -74.5697	  6.06051	  147.54849	  148.00653
 713	 -77.56468	  6.65856	  140.99521	  141.49928
 712	 -76.03973	  6.12332	  143.52911	  144.01537
 714	 -76.519	  6.43052	  144.02072	  144.50354
 713	 -77.56468	  6.65856	  140.99521	  141.49928
 714	 -76.519	  6.43052	  144.02072	  144.50354
 697	 -78.08139	  6.92373	  141.51468	  142.01511
 697	 -78.08139	  6.92373	  141.51468	  142.01511
 714	 -76.519	  6.43052	  144.02072	  144.50354
 695	 -77.02888	  6.52548	  144.58005	  145.05893
 714	 -76.519	  6.43052	  144.02072	  144.50354
 715	 -74.5697	  6.06051	  147.54849	  148.00653
 695	 -77.02888	  6.52548	  144.58005	  145.05893
 695	 -77.02888	  6.52548	  144.58005	  145.05893
 715	 -74.5697	  6.06051	  147.54849	  148.00653
 694	 -75.24935	  6.60198	  148.04663	  148.50116
 707	 -79.32179	  7.07442	  137.71942	  138.24649
 713	 -77.56468	  6.65856	  140.99521	  141.49928
 697	 -78.08139	  6.92373	  141.51468	  142.01511
 556	 -73.36868	  4.36374	  146.76874	  147.23222
 724	 -75.62146	  5.3786	  143.03839	  143.52809
 725	 -72.84665	  2.9583	  146.41275	  146.87875
 556	 -73.36868	  4.36374	  146.76874	  147.23222
 712	 -76.03973	  6.12332	  143.52911	  144.01537
 724	 -75.62146	  5.3786	  143.03839	  143.52809
 712	 -76.03973	  6.12332	  143.52911	  144.01537
 711	 -77.16294	  6.01352	  140.59778	  141.10464
 724	 -75.62146	  5.3786	  143.03839	  143.52809
 711	 -77.16294	  6.01352	  140.59778	  141.10464
 712	 -76.03973	  6.12332	  143.52911	  144.01537
 713	 -77.56468	  6.65856	  140.99521	  141.49928
 723	 -78.70224	  6.6954	  137.12814	  137.65938
 711	 -77.16294	  6.01352	  140.59778	  141.10464
 713	 -77.56468	  6.65856	  140.99521	  141.49928
 723	 -78.70224	  6.6954	  137.12814	  137.65938
 713	 -77.56468	  6.65856	  140.99521	  141.49928
 707	 -79.32179	  7.07442	  137.71942	  138.24649
 709	 -80.56221	  7.34028	  133.57196	  134.12819
 723	 -78.70224	  6.6954	  137.12814	  137.65938
 707	 -79.32179	  7.07442	  137.71942	  138.24649
 692	 -75.93408	  7.07207	  148.66055	  149.11075
 693	 -77.54156	  6.63425	  145.28482	  145.75874
 694	 -75.24935	  6.60198	  148.04663	  148.50116
 694	 -75.24935	  6.60198	  148.04663	  148.50116
 693	 -77.54156	  6.63425	  145.28482	  145.75874
 695	 -77.02888	  6.52548	  144.58005	  145.05893
 693	 -77.54156	  6.63425	  145.28482	  145.75874
 696	 -78.67128	  6.98506	  142.15878	  142.65466
 695	 -77.02888	  6.52548	  144.58005	  145.05893
 695	 -77.02888	  6.52548	  144.58005	  145.05893
 696	 -78.67128	  6.98506	  142.15878	  142.65466
 697	 -78.08139	  6.92373	  141.51468	  142.01511
 696	 -78.67128	  6.98506	  142.15878	  142.65466
 706	 -80.0069	  7.18224	  138.39917	  138.92149
 697	 -78.08139	  6.92373	  141.51468	  142.01511
 697	 -78.08139	  6.92373	  141.51468	  142.01511
 706	 -80.0069	  7.18224	  138.39917	  138.92149
 707	 -79.32179	  7.07442	  137.71942	  138.24649
 706	 -80.0069	  7.18224	  138.39917	  138.92149
 708	 -81.32071	  7.36149	  134.34732	  134.89809
 707	 -79.32179	  7.07442	  137.71942	  138.24649
 707	 -79.32179	  7.07442	  137.71942	  138.24649
 708	 -81.32071	  7.36149	  134.34732	  134.89809
 709	 -80.56221	  7.34028	  133.57196	  134.12819
 708	 -81.32071	  7.36149	  134.34732	  134.89809
 716	 -81.92575	  7.81865	  131.88654	  132.45461
 709	 -80.56221	  7.34028	  133.57196	  134.12819
 709	 -80.56221	  7.34028	  133.57196	  134.12819
 716	 -81.92575	  7.81865	  131.88654	  132.45461
 717	 -81.09516	  7.80089	  130.93085	  131.50563
 716	 -81.92575	  7.81865	  131.88654	  132.45461
 718	 -82.33324	  7.9916	  129.7825	  130.36534
 717	 -81.09516	  7.80089	  130.93085	  131.50563
 717	 -81.09516	  7.80089	  130.93085	  131.50563
 718	 -82.33324	  7.9916	  129.7825	  130.36534
 719	 -81.32629	  7.83462	  128.88196	  129.47115
 718	 -82.33324	  7.9916	  129.7825	  130.36534
 729	 -82.49313	  7.5399	  127.83469	  128.43123
 719	 -81.32629	  7.83462	  128.88196	  129.47115
 719	 -81.32629	  7.83462	  128.88196	  129.47115
 729	 -82.49313	  7.5399	  127.83469	  128.43123
 730	 -81.54453	  7.52434	  126.80657	  127.41034
 729	 -82.49313	  7.5399	  127.83469	  128.43123
 562	 -82.70466	  8.07974	  125.90908	  126.51915
 730	 -81.54453	  7.52434	  126.80657	  127.41034
 730	 -81.54453	  7.52434	  126.80657	  127.41034
 562	 -82.70466	  8.07974	  125.90908	  126.51915
 564	 -81.78172	  7.59144	  124.75225	  125.37045
 562	 -82.70466	  8.07974	  125.90908	  126.51915
 563	 -82.84678	  8.97707	  123.80772	  124.43254
 564	 -81.78172	  7.59144	  124.75225	  125.37045
 564	 -81.78172	  7.59144	  124.75225	  125.37045
 563	 -82.84678	  8.97707	  123.80772	  124.43254
 565	 -81.9528	  8.73294	  122.72738	  123.3598
 716	 -81.92575	  7.81865	  131.88654	  132.45461
 546	 -83.19498	  8.12426	  130.69116	  131.26761
 718	 -82.33324	  7.9916	  129.7825	  130.36534
 547	 -82.77088	  8.12209	  132.74118	  133.30325
 546	 -83.19498	  8.12426	  130.69116	  131.26761
 716	 -81.92575	  7.81865	  131.88654	  132.45461
 708	 -81.32071	  7.36149	  134.34732	  134.89809
 547	 -82.77088	  8.12209	  132.74118	  133.30325
 716	 -81.92575	  7.81865	  131.88654	  132.45461
 710	 -82.13268	  7.47254	  135.0889	  135.63446
 547	 -82.77088	  8.12209	  132.74118	  133.30325
 708	 -81.32071	  7.36149	  134.34732	  134.89809
 706	 -80.0069	  7.18224	  138.39917	  138.92149
 710	 -82.13268	  7.47254	  135.0889	  135.63446
 708	 -81.32071	  7.36149	  134.34732	  134.89809
 550	 -80.77086	  7.28779	  139.11359	  139.63089
 710	 -82.13268	  7.47254	  135.0889	  135.63446
 706	 -80.0069	  7.18224	  138.39917	  138.92149
 696	 -78.67128	  6.98506	  142.15878	  142.65466
 550	 -80.77086	  7.28779	  139.11359	  139.63089
 706	 -80.0069	  7.18224	  138.39917	  138.92149
 551	 -79.29017	  7.04122	  142.94843	  143.43877
 550	 -80.77086	  7.28779	  139.11359	  139.63089
 696	 -78.67128	  6.98506	  142.15878	  142.65466
 693	 -77.54156	  6.63425	  145.28482	  145.75874
 551	 -79.29017	  7.04122	  142.94843	  143.43877
 696	 -78.67128	  6.98506	  142.15878	  142.65466
 698	 -77.98446	  6.80899	  146.24158	  146.70879
 551	 -79.29017	  7.04122	  142.94843	  143.43877
 693	 -77.54156	  6.63425	  145.28482	  145.75874
 692	 -75.93408	  7.07207	  148.66055	  149.11075
 698	 -77.98446	  6.80899	  146.24158	  146.70879
 693	 -77.54156	  6.63425	  145.28482	  145.75874
 699	 -76.46526	  7.50589	  149.27176	  149.71768
 698	 -77.98446	  6.80899	  146.24158	  146.70879
 692	 -75.93408	  7.07207	  148.66055	  149.11075
 547	 -82.77088	  8.12209	  132.74118	  133.30325
 710	 -82.13268	  7.47254	  135.0889	  135.63446
 549	 -83.68302	  8.21644	  133.42233	  133.97963
 549	 -83.68302	  8.21644	  133.42233	  133.97963
 710	 -82.13268	  7.47254	  135.0889	  135.63446
 802	 -83.0396	  7.65119	  135.77798	  136.31871
 710	 -82.13268	  7.47254	  135.0889	  135.63446
 550	 -80.77086	  7.28779	  139.11359	  139.63089
 802	 -83.0396	  7.65119	  135.77798	  136.31871
 802	 -83.0396	  7.65119	  135.77798	  136.31871
 550	 -80.77086	  7.28779	  139.11359	  139.63089
 552	 -81.66637	  7.40474	  139.75684	  140.26959
 550	 -80.77086	  7.28779	  139.11359	  139.63089
 551	 -79.29017	  7.04122	  142.94843	  143.43877
 552	 -81.66637	  7.40474	  139.75684	  140.26959
 552	 -81.66637	  7.40474	  139.75684	  140.26959
 551	 -79.29017	  7.04122	  142.94843	  143.43877
 553	 -79.95633	  7.12304	  143.90979	  144.39337
 551	 -79.29017	  7.04122	  142.94843	  143.43877
 698	 -77.98446	  6.80899	  146.24158	  146.70879
 553	 -79.95633	  7.12304	  143.90979	  144.39337
 553	 -79.95633	  7.12304	  143.90979	  144.39337
 698	 -77.98446	  6.80899	  146.24158	  146.70879
 796	 -78.21052	  7.03925	  147.91873	  148.37416
 698	 -77.98446	  6.80899	  146.24158	  146.70879
 699	 -76.46526	  7.50589	  149.27176	  149.71768
 796	 -78.21052	  7.03925	  147.91873	  148.37416
 796	 -78.21052	  7.03925	  147.91873	  148.37416
 699	 -76.46526	  7.50589	  149.27176	  149.71768
 797	 -75.44184	  8.90582	  152.97159	  153.39149
 699	 -76.46526	  7.50589	  149.27176	  149.71768
 807	 -74.45005	  8.06849	  152.02261	  152.4492
 797	 -75.44184	  8.90582	  152.97159	  153.39149
 692	 -75.93408	  7.07207	  148.66055	  149.11075
 807	 -74.45005	  8.06849	  152.02261	  152.4492
 699	 -76.46526	  7.50589	  149.27176	  149.71768
 807	 -74.45005	  8.06849	  152.02261	  152.4492
 692	 -75.93408	  7.07207	  148.66055	  149.11075
 793	 -73.67022	  7.16197	  151.27722	  151.70905
 793	 -73.67022	  7.16197	  151.27722	  151.70905
 692	 -75.93408	  7.07207	  148.66055	  149.11075
 694	 -75.24935	  6.60198	  148.04663	  148.50116
 694	 -75.24935	  6.60198	  148.04663	  148.50116
 792	 -73.03485	  6.28754	  150.68414	  151.12013
 793	 -73.67022	  7.16197	  151.27722	  151.70905
 715	 -74.5697	  6.06051	  147.54849	  148.00653
 792	 -73.03485	  6.28754	  150.68414	  151.12013
 694	 -75.24935	  6.60198	  148.04663	  148.50116
 715	 -74.5697	  6.06051	  147.54849	  148.00653
 559	 -72.42754	  5.11684	  150.05627	  150.49667
 792	 -73.03485	  6.28754	  150.68414	  151.12013
 558	 -73.95217	  5.41839	  147.14615	  147.60699
 559	 -72.42754	  5.11684	  150.05627	  150.49667
 715	 -74.5697	  6.06051	  147.54849	  148.00653
 558	 -73.95217	  5.41839	  147.14615	  147.60699
 557	 -71.98238	  3.986	  149.48535	  149.92976
 559	 -72.42754	  5.11684	  150.05627	  150.49667
 556	 -73.36868	  4.36374	  146.76874	  147.23222
 557	 -71.98238	  3.986	  149.48535	  149.92976
 558	 -73.95217	  5.41839	  147.14615	  147.60699
 556	 -73.36868	  4.36374	  146.76874	  147.23222
 794	 -71.50557	  2.38177	  148.90298	  149.3515
 557	 -71.98238	  3.986	  149.48535	  149.92976
 725	 -72.84665	  2.9583	  146.41275	  146.87875
 794	 -71.50557	  2.38177	  148.90298	  149.3515
 556	 -73.36868	  4.36374	  146.76874	  147.23222
 725	 -72.84665	  2.9583	  146.41275	  146.87875
 795	 -71.15134	  0.84771	  148.35358	  148.80594
 794	 -71.50557	  2.38177	  148.90298	  149.3515
 740	 -72.43295	  1.47223	  146.09714	  146.56534
 795	 -71.15134	  0.84771	  148.35358	  148.80594
 725	 -72.84665	  2.9583	  146.41275	  146.87875
 740	 -72.43295	  1.47223	  146.09714	  146.56534
 798	 -70.8369	 -0.55527	  147.86859	  148.32436
 795	 -71.15134	  0.84771	  148.35358	  148.80594
 742	 -72.02425	 -0.10981	  145.74405	  146.21474
 798	 -70.8369	 -0.55527	  147.86859	  148.32436
 740	 -72.43295	  1.47223	  146.09714	  146.56534
 742	 -72.02425	 -0.10981	  145.74405	  146.21474
 759	 -71.22427	 -1.89942	  145.75165	  146.22231
 798	 -70.8369	 -0.55527	  147.86859	  148.32436
 759	 -71.22427	 -1.89942	  145.75165	  146.22231
 742	 -72.02425	 -0.10981	  145.74405	  146.21474
 758	 -73.79077	 -1.00713	  142.28476	  142.77977
 756	 -73.16514	 -2.98904	  141.99411	  142.49117
 759	 -71.22427	 -1.89942	  145.75165	  146.22231
 758	 -73.79077	 -1.00713	  142.28476	  142.77977
 757	 -75.60023	 -1.36864	  138.48315	  139.00487
 756	 -73.16514	 -2.98904	  141.99411	  142.49117
 758	 -73.79077	 -1.00713	  142.28476	  142.77977
 755	 -75.03931	 -3.426	  137.88541	  138.41133
 756	 -73.16514	 -2.98904	  141.99411	  142.49117
 757	 -75.60023	 -1.36864	  138.48315	  139.00487
 769	 -76.42465	 -2.47356	  134.10339	  134.6559
 755	 -75.03931	 -3.426	  137.88541	  138.41133
 757	 -75.60023	 -1.36864	  138.48315	  139.00487
 767	 -75.77932	 -4.62552	  133.30646	  133.86453
 755	 -75.03931	 -3.426	  137.88541	  138.41133
 769	 -76.42465	 -2.47356	  134.10339	  134.6559
 768	 -76.35488	 -3.47711	  129.50482	  130.08961
 767	 -75.77932	 -4.62552	  133.30646	  133.86453
 769	 -76.42465	 -2.47356	  134.10339	  134.6559
 766	 -75.04696	 -6.38311	  128.67242	  129.26308
 767	 -75.77932	 -4.62552	  133.30646	  133.86453
 768	 -76.35488	 -3.47711	  129.50482	  130.08961
 779	 -74.86309	 -5.25255	  125.74848	  126.35968
 766	 -75.04696	 -6.38311	  128.67242	  129.26308
 768	 -76.35488	 -3.47711	  129.50482	  130.08961
 721	 -78.15095	  5.79255	  136.78992	  137.32352
 711	 -77.16294	  6.01352	  140.59778	  141.10464
 723	 -78.70224	  6.6954	  137.12814	  137.65938
 711	 -77.16294	  6.01352	  140.59778	  141.10464
 721	 -78.15095	  5.79255	  136.78992	  137.32352
 727	 -76.87749	  5.03212	  140.23349	  140.74292
 724	 -75.62146	  5.3786	  143.03839	  143.52809
 711	 -77.16294	  6.01352	  140.59778	  141.10464
 727	 -76.87749	  5.03212	  140.23349	  140.74292
 724	 -75.62146	  5.3786	  143.03839	  143.52809
 727	 -76.87749	  5.03212	  140.23349	  140.74292
 726	 -75.31416	  4.17639	  142.56787	  143.06088
 725	 -72.84665	  2.9583	  146.41275	  146.87875
 724	 -75.62146	  5.3786	  143.03839	  143.52809
 726	 -75.31416	  4.17639	  142.56787	  143.06088
 726	 -75.31416	  4.17639	  142.56787	  143.06088
 739	 -74.59032	  2.49933	  142.8085	  143.29982
 725	 -72.84665	  2.9583	  146.41275	  146.87875
 725	 -72.84665	  2.9583	  146.41275	  146.87875
 739	 -74.59032	  2.49933	  142.8085	  143.29982
 740	 -72.43295	  1.47223	  146.09714	  146.56534
 739	 -74.59032	  2.49933	  142.8085	  143.29982
 741	 -74.17686	  0.82012	  142.66104	  143.15341
 740	 -72.43295	  1.47223	  146.09714	  146.56534
 740	 -72.43295	  1.47223	  146.09714	  146.56534
 741	 -74.17686	  0.82012	  142.66104	  143.15341
 742	 -72.02425	 -0.10981	  145.74405	  146.21474
 758	 -73.79077	 -1.00713	  142.28476	  142.77977
 742	 -72.02425	 -0.10981	  145.74405	  146.21474
 741	 -74.17686	  0.82012	  142.66104	  143.15341
 744	 -76.04079	  0.57878	  138.99652	  139.51463
 758	 -73.79077	 -1.00713	  142.28476	  142.77977
 741	 -74.17686	  0.82012	  142.66104	  143.15341
 757	 -75.60023	 -1.36864	  138.48315	  139.00487
 758	 -73.79077	 -1.00713	  142.28476	  142.77977
 744	 -76.04079	  0.57878	  138.99652	  139.51463
 752	 -76.79023	 -0.40081	  134.77188	  135.31969
 757	 -75.60023	 -1.36864	  138.48315	  139.00487
 744	 -76.04079	  0.57878	  138.99652	  139.51463
 769	 -76.42465	 -2.47356	  134.10339	  134.6559
 757	 -75.60023	 -1.36864	  138.48315	  139.00487
 752	 -76.79023	 -0.40081	  134.77188	  135.31969
 754	 -77.18162	 -1.12233	  130.26334	  130.8428
 769	 -76.42465	 -2.47356	  134.10339	  134.6559
 752	 -76.79023	 -0.40081	  134.77188	  135.31969
 768	 -76.35488	 -3.47711	  129.50482	  130.08961
 769	 -76.42465	 -2.47356	  134.10339	  134.6559
 754	 -77.18162	 -1.12233	  130.26334	  130.8428
 763	 -76.38895	 -2.18004	  126.6312	  127.23621
 768	 -76.35488	 -3.47711	  129.50482	  130.08961
 754	 -77.18162	 -1.12233	  130.26334	  130.8428
 779	 -74.86309	 -5.25255	  125.74848	  126.35968
 768	 -76.35488	 -3.47711	  129.50482	  130.08961
 763	 -76.38895	 -2.18004	  126.6312	  127.23621
 741	 -74.17686	  0.82012	  142.66104	  143.15341
 743	 -76.36071	  2.30892	  139.44394	  139.95889
 744	 -76.04079	  0.57878	  138.99652	  139.51463
 743	 -76.36071	  2.30892	  139.44394	  139.95889
 751	 -77.0602	  1.46118	  135.35376	  135.89746
 744	 -76.04079	  0.57878	  138.99652	  139.51463
 744	 -76.04079	  0.57878	  138.99652	  139.51463
 751	 -77.0602	  1.46118	  135.35376	  135.89746
 752	 -76.79023	 -0.40081	  134.77188	  135.31969
 751	 -77.0602	  1.46118	  135.35376	  135.89746
 753	 -77.51906	  0.81213	  130.93744	  131.51216
 752	 -76.79023	 -0.40081	  134.77188	  135.31969
 752	 -76.79023	 -0.40081	  134.77188	  135.31969
 753	 -77.51906	  0.81213	  130.93744	  131.51216
 754	 -77.18162	 -1.12233	  130.26334	  130.8428
 753	 -77.51906	  0.81213	  130.93744	  131.51216
 762	 -77.40125	  0.39878	  127.45889	  128.05806
 754	 -77.18162	 -1.12233	  130.26334	  130.8428
 754	 -77.18162	 -1.12233	  130.26334	  130.8428
 762	 -77.40125	  0.39878	  127.45889	  128.05806
 763	 -76.38895	 -2.18004	  126.6312	  127.23621
 762	 -77.40125	  0.39878	  127.45889	  128.05806
 764	 -77.06773	  0.2221	  124.46278	  125.08301
 763	 -76.38895	 -2.18004	  126.6312	  127.23621
 763	 -76.38895	 -2.18004	  126.6312	  127.23621
 764	 -77.06773	  0.2221	  124.46278	  125.08301
 765	 -75.81384	 -2.52035	  123.54984	  124.17648
 764	 -77.06773	  0.2221	  124.46278	  125.08301
 774	 -77.5443	  0.94341	  121.88769	  122.526
 765	 -75.81384	 -2.52035	  123.54984	  124.17648
 765	 -75.81384	 -2.52035	  123.54984	  124.17648
 774	 -77.5443	  0.94341	  121.88769	  122.526
 775	 -76.56747	 -1.44261	  120.94802	  121.59294
 774	 -77.5443	  0.94341	  121.88769	  122.526
 662	 -78.34639	  2.14451	  119.65327	  120.30728
 775	 -76.56747	 -1.44261	  120.94802	  121.59294
 775	 -76.56747	 -1.44261	  120.94802	  121.59294
 662	 -78.34639	  2.14451	  119.65327	  120.30728
 660	 -77.61059	  0.21034	  118.74334	  119.40375
 659	 -76.68736	 -1.60988	  117.84084	  118.5076
 775	 -76.56747	 -1.44261	  120.94802	  121.59294
 660	 -77.61059	  0.21034	  118.74334	  119.40375
 765	 -75.81384	 -2.52035	  123.54984	  124.17648
 779	 -74.86309	 -5.25255	  125.74848	  126.35968
 763	 -76.38895	 -2.18004	  126.6312	  127.23621
 778	 -74.38202	 -5.44907	  122.56402	  123.19759
 779	 -74.86309	 -5.25255	  125.74848	  126.35968
 765	 -75.81384	 -2.52035	  123.54984	  124.17648
 775	 -76.56747	 -1.44261	  120.94802	  121.59294
 778	 -74.38202	 -5.44907	  122.56402	  123.19759
 765	 -75.81384	 -2.52035	  123.54984	  124.17648
 785	 -75.37689	 -3.8434	  119.98545	  120.63715
 778	 -74.38202	 -5.44907	  122.56402	  123.19759
 775	 -76.56747	 -1.44261	  120.94802	  121.59294
 785	 -75.37689	 -3.8434	  119.98545	  120.63715
 775	 -76.56747	 -1.44261	  120.94802	  121.59294
 659	 -76.68736	 -1.60988	  117.84084	  118.5076
 661	 -75.61163	 -3.04758	  116.86361	  117.53723
 785	 -75.37689	 -3.8434	  119.98545	  120.63715
 659	 -76.68736	 -1.60988	  117.84084	  118.5076
 747	 -78.54953	  4.41372	  129.03851	  129.62659
 731	 -79.31111	  6.6362	  127.17204	  127.77324
 749	 -78.63542	  4.79432	  126.26931	  126.87683
 732	 -79.05662	  6.30093	  129.76086	  130.34386
 731	 -79.31111	  6.6362	  127.17204	  127.77324
 747	 -78.54953	  4.41372	  129.03851	  129.62659
 737	 -78.4065	  4.2669	  132.22971	  132.79535
 732	 -79.05662	  6.30093	  129.76086	  130.34386
 747	 -78.54953	  4.41372	  129.03851	  129.62659
 720	 -78.81373	  5.96854	  132.71149	  133.27376
 732	 -79.05662	  6.30093	  129.76086	  130.34386
 737	 -78.4065	  4.2669	  132.22971	  132.79535
 735	 -77.80468	  4.51091	  136.39194	  136.92834
 720	 -78.81373	  5.96854	  132.71149	  133.27376
 737	 -78.4065	  4.2669	  132.22971	  132.79535
 735	 -77.80468	  4.51091	  136.39194	  136.92834
 737	 -78.4065	  4.2669	  132.22971	  132.79535
 736	 -77.37794	  3.09513	  135.88992	  136.42986
 728	 -76.60593	  3.79773	  139.84613	  140.35826
 735	 -77.80468	  4.51091	  136.39194	  136.92834
 736	 -77.37794	  3.09513	  135.88992	  136.42986
 728	 -76.60593	  3.79773	  139.84613	  140.35826
 736	 -77.37794	  3.09513	  135.88992	  136.42986
 743	 -76.36071	  2.30892	  139.44394	  139.95889
 743	 -76.36071	  2.30892	  139.44394	  139.95889
 736	 -77.37794	  3.09513	  135.88992	  136.42986
 751	 -77.0602	  1.46118	  135.35376	  135.89746
 736	 -77.37794	  3.09513	  135.88992	  136.42986
 738	 -77.91325	  2.58659	  131.59662	  132.16673
 751	 -77.0602	  1.46118	  135.35376	  135.89746
 751	 -77.0602	  1.46118	  135.35376	  135.89746
 738	 -77.91325	  2.58659	  131.59662	  132.16673
 753	 -77.51906	  0.81213	  130.93744	  131.51216
 738	 -77.91325	  2.58659	  131.59662	  132.16673
 748	 -78.03902	  2.53106	  128.26224	  128.85579
 753	 -77.51906	  0.81213	  130.93744	  131.51216
 753	 -77.51906	  0.81213	  130.93744	  131.51216
 748	 -78.03902	  2.53106	  128.26224	  128.85579
 762	 -77.40125	  0.39878	  127.45889	  128.05806
 748	 -78.03902	  2.53106	  128.26224	  128.85579
 750	 -77.98215	  2.66576	  125.36662	  125.9805
 762	 -77.40125	  0.39878	  127.45889	  128.05806
 762	 -77.40125	  0.39878	  127.45889	  128.05806
 750	 -77.98215	  2.66576	  125.36662	  125.9805
 764	 -77.06773	  0.2221	  124.46278	  125.08301
 750	 -77.98215	  2.66576	  125.36662	  125.9805
 761	 -78.24709	  3.19133	  122.85149	  123.48305
 764	 -77.06773	  0.2221	  124.46278	  125.08301
 764	 -77.06773	  0.2221	  124.46278	  125.08301
 761	 -78.24709	  3.19133	  122.85149	  123.48305
 774	 -77.5443	  0.94341	  121.88769	  122.526
 736	 -77.37794	  3.09513	  135.88992	  136.42986
 737	 -78.4065	  4.2669	  132.22971	  132.79535
 738	 -77.91325	  2.58659	  131.59662	  132.16673
 737	 -78.4065	  4.2669	  132.22971	  132.79535
 747	 -78.54953	  4.41372	  129.03851	  129.62659
 738	 -77.91325	  2.58659	  131.59662	  132.16673
 738	 -77.91325	  2.58659	  131.59662	  132.16673
 747	 -78.54953	  4.41372	  129.03851	  129.62659
 748	 -78.03902	  2.53106	  128.26224	  128.85579
 747	 -78.54953	  4.41372	  129.03851	  129.62659
 749	 -78.63542	  4.79432	  126.26931	  126.87683
 748	 -78.03902	  2.53106	  128.26224	  128.85579
 748	 -78.03902	  2.53106	  128.26224	  128.85579
 749	 -78.63542	  4.79432	  126.26931	  126.87683
 750	 -77.98215	  2.66576	  125.36662	  125.9805
 750	 -77.98215	  2.66576	  125.36662	  125.9805
 760	 -78.95525	  5.22499	  123.83611	  124.46074
 761	 -78.24709	  3.19133	  122.85149	  123.48305
 749	 -78.63542	  4.79432	  126.26931	  126.87683
 760	 -78.95525	  5.22499	  123.83611	  124.46074
 750	 -77.98215	  2.66576	  125.36662	  125.9805
 749	 -78.63542	  4.79432	  126.26931	  126.87683
 745	 -79.69337	  6.80492	  124.83405	  125.45168
 760	 -78.95525	  5.22499	  123.83611	  124.46074
 731	 -79.31111	  6.6362	  127.17204	  127.77324
 745	 -79.69337	  6.80492	  124.83405	  125.45168
 749	 -78.63542	  4.79432	  126.26931	  126.87683
 745	 -79.69337	  6.80492	  124.83405	  125.45168
 731	 -79.31111	  6.6362	  127.17204	  127.77324
 746	 -80.62115	  7.51152	  125.82684	  126.43748
 746	 -80.62115	  7.51152	  125.82684	  126.43748
 731	 -79.31111	  6.6362	  127.17204	  127.77324
 733	 -80.3168	  7.6449	  128.04205	  128.63715
 731	 -79.31111	  6.6362	  127.17204	  127.77324
 732	 -79.05662	  6.30093	  129.76086	  130.34386
 733	 -80.3168	  7.6449	  128.04205	  128.63715
 733	 -80.3168	  7.6449	  128.04205	  128.63715
 732	 -79.05662	  6.30093	  129.76086	  130.34386
 734	 -80.02236	  7.56237	  130.36377	  130.94254
 732	 -79.05662	  6.30093	  129.76086	  130.34386
 720	 -78.81373	  5.96854	  132.71149	  133.27376
 734	 -80.02236	  7.56237	  130.36377	  130.94254
 734	 -80.02236	  7.56237	  130.36377	  130.94254
 720	 -78.81373	  5.96854	  132.71149	  133.27376
 722	 -79.77448	  7.25255	  132.73517	  133.29727
 720	 -78.81373	  5.96854	  132.71149	  133.27376
 721	 -78.15095	  5.79255	  136.78992	  137.32352
 722	 -79.77448	  7.25255	  132.73517	  133.29727
 721	 -78.15095	  5.79255	  136.78992	  137.32352
 720	 -78.81373	  5.96854	  132.71149	  133.27376
 735	 -77.80468	  4.51091	  136.39194	  136.92834
 727	 -76.87749	  5.03212	  140.23349	  140.74292
 721	 -78.15095	  5.79255	  136.78992	  137.32352
 735	 -77.80468	  4.51091	  136.39194	  136.92834
 727	 -76.87749	  5.03212	  140.23349	  140.74292
 735	 -77.80468	  4.51091	  136.39194	  136.92834
 728	 -76.60593	  3.79773	  139.84613	  140.35826
 726	 -75.31416	  4.17639	  142.56787	  143.06088
 727	 -76.87749	  5.03212	  140.23349	  140.74292
 728	 -76.60593	  3.79773	  139.84613	  140.35826
 728	 -76.60593	  3.79773	  139.84613	  140.35826
 743	 -76.36071	  2.30892	  139.44394	  139.95889
 726	 -75.31416	  4.17639	  142.56787	  143.06088
 726	 -75.31416	  4.17639	  142.56787	  143.06088
 743	 -76.36071	  2.30892	  139.44394	  139.95889
 739	 -74.59032	  2.49933	  142.8085	  143.29982
 739	 -74.59032	  2.49933	  142.8085	  143.29982
 743	 -76.36071	  2.30892	  139.44394	  139.95889
 741	 -74.17686	  0.82012	  142.66104	  143.15341
 774	 -77.5443	  0.94341	  121.88769	  122.526
 596	 -78.88905	  4.06152	  120.60915	  121.25645
 662	 -78.34639	  2.14451	  119.65327	  120.30728
 761	 -78.24709	  3.19133	  122.85149	  123.48305
 596	 -78.88905	  4.06152	  120.60915	  121.25645
 774	 -77.5443	  0.94341	  121.88769	  122.526
 761	 -78.24709	  3.19133	  122.85149	  123.48305
 594	 -79.3983	  5.80584	  121.62402	  122.26419
 596	 -78.88905	  4.06152	  120.60915	  121.25645
 760	 -78.95525	  5.22499	  123.83611	  124.46074
 594	 -79.3983	  5.80584	  121.62402	  122.26419
 761	 -78.24709	  3.19133	  122.85149	  123.48305
 760	 -78.95525	  5.22499	  123.83611	  124.46074
 592	 -80.09397	  7.05601	  122.66677	  123.29962
 594	 -79.3983	  5.80584	  121.62402	  122.26419
 745	 -79.69337	  6.80492	  124.83405	  125.45168
 592	 -80.09397	  7.05601	  122.66677	  123.29962
 760	 -78.95525	  5.22499	  123.83611	  124.46074
 592	 -80.09397	  7.05601	  122.66677	  123.29962
 745	 -79.69337	  6.80492	  124.83405	  125.45168
 624	 -80.90703	  7.58455	  123.70994	  124.33546
 624	 -80.90703	  7.58455	  123.70994	  124.33546
 745	 -79.69337	  6.80492	  124.83405	  125.45168
 746	 -80.62115	  7.51152	  125.82684	  126.43748
 624	 -80.90703	  7.58455	  123.70994	  124.33546
 746	 -80.62115	  7.51152	  125.82684	  126.43748
 564	 -81.78172	  7.59144	  124.75225	  125.37045
 564	 -81.78172	  7.59144	  124.75225	  125.37045
 746	 -80.62115	  7.51152	  125.82684	  126.43748
 730	 -81.54453	  7.52434	  126.80657	  127.41034
 746	 -80.62115	  7.51152	  125.82684	  126.43748
 733	 -80.3168	  7.6449	  128.04205	  128.63715
 730	 -81.54453	  7.52434	  126.80657	  127.41034
 730	 -81.54453	  7.52434	  126.80657	  127.41034
 733	 -80.3168	  7.6449	  128.04205	  128.63715
 719	 -81.32629	  7.83462	  128.88196	  129.47115
 733	 -80.3168	  7.6449	  128.04205	  128.63715
 734	 -80.02236	  7.56237	  130.36377	  130.94254
 719	 -81.32629	  7.83462	  128.88196	  129.47115
 719	 -81.32629	  7.83462	  128.88196	  129.47115
 734	 -80.02236	  7.56237	  130.36377	  130.94254
 717	 -81.09516	  7.80089	  130.93085	  131.50563
 734	 -80.02236	  7.56237	  130.36377	  130.94254
 722	 -79.77448	  7.25255	  132.73517	  133.29727
 717	 -81.09516	  7.80089	  130.93085	  131.50563
 717	 -81.09516	  7.80089	  130.93085	  131.50563
 722	 -79.77448	  7.25255	  132.73517	  133.29727
 709	 -80.56221	  7.34028	  133.57196	  134.12819
 722	 -79.77448	  7.25255	  132.73517	  133.29727
 723	 -78.70224	  6.6954	  137.12814	  137.65938
 709	 -80.56221	  7.34028	  133.57196	  134.12819
 722	 -79.77448	  7.25255	  132.73517	  133.29727
 721	 -78.15095	  5.79255	  136.78992	  137.32352
 723	 -78.70224	  6.6954	  137.12814	  137.65938
 565	 -81.9528	  8.73294	  122.72738	  123.3598
 624	 -80.90703	  7.58455	  123.70994	  124.33546
 564	 -81.78172	  7.59144	  124.75225	  125.37045
 623	 -81.13598	  8.47204	  121.66457	  122.30447
 624	 -80.90703	  7.58455	  123.70994	  124.33546
 565	 -81.9528	  8.73294	  122.72738	  123.3598
 623	 -81.13598	  8.47204	  121.66457	  122.30447
 592	 -80.09397	  7.05601	  122.66677	  123.29962
 624	 -80.90703	  7.58455	  123.70994	  124.33546
 593	 -80.47453	  7.6927	  120.59446	  121.24187
 592	 -80.09397	  7.05601	  122.66677	  123.29962
 623	 -81.13598	  8.47204	  121.66457	  122.30447
 592	 -80.09397	  7.05601	  122.66677	  123.29962
 593	 -80.47453	  7.6927	  120.59446	  121.24187
 594	 -79.3983	  5.80584	  121.62402	  122.26419
 594	 -79.3983	  5.80584	  121.62402	  122.26419
 593	 -80.47453	  7.6927	  120.59446	  121.24187
 595	 -79.89348	  6.5784	  119.53611	  120.19095
 594	 -79.3983	  5.80584	  121.62402	  122.26419
 595	 -79.89348	  6.5784	  119.53611	  120.19095
 596	 -78.88905	  4.06152	  120.60915	  121.25645
 596	 -78.88905	  4.06152	  120.60915	  121.25645
 595	 -79.89348	  6.5784	  119.53611	  120.19095
 597	 -79.41005	  5.06637	  118.52911	  119.19102
 596	 -78.88905	  4.06152	  120.60915	  121.25645
 597	 -79.41005	  5.06637	  118.52911	  119.19102
 662	 -78.34639	  2.14451	  119.65327	  120.30728
 662	 -78.34639	  2.14451	  119.65327	  120.30728
 597	 -79.41005	  5.06637	  118.52911	  119.19102
 663	 -78.95643	  3.45501	  117.57706	  118.24568
 662	 -78.34639	  2.14451	  119.65327	  120.30728
 663	 -78.95643	  3.45501	  117.57706	  118.24568
 660	 -77.61059	  0.21034	  118.74334	  119.40375
 660	 -77.61059	  0.21034	  118.74334	  119.40375
 663	 -78.95643	  3.45501	  117.57706	  118.24568
 658	 -78.17072	  2.04467	  116.72973	  117.4043
 658	 -78.17072	  2.04467	  116.72973	  117.4043
 659	 -76.68736	 -1.60988	  117.84084	  118.5076
 660	 -77.61059	  0.21034	  118.74334	  119.40375
 657	 -77.36169	  0.88948	  115.97637	  116.65623
 659	 -76.68736	 -1.60988	  117.84084	  118.5076
 658	 -78.17072	  2.04467	  116.72973	  117.4043
 657	 -77.36169	  0.88948	  115.97637	  116.65623
 661	 -75.61163	 -3.04758	  116.86361	  117.53723
 659	 -76.68736	 -1.60988	  117.84084	  118.5076
 656	 -75.77273	 -0.82049	  114.71935	  115.40804
 661	 -75.61163	 -3.04758	  116.86361	  117.53723
 657	 -77.36169	  0.88948	  115.97637	  116.65623
 777	 -73.15559	 -8.64657	  124.75547	  125.37364
 766	 -75.04696	 -6.38311	  128.67242	  129.26308
 779	 -74.86309	 -5.25255	  125.74848	  126.35968
 778	 -74.38202	 -5.44907	  122.56402	  123.19759
 777	 -73.15559	 -8.64657	  124.75547	  125.37364
 779	 -74.86309	 -5.25255	  125.74848	  126.35968
 776	 -72.94286	 -8.32837	  121.46162	  122.10294
 777	 -73.15559	 -8.64657	  124.75547	  125.37364
 778	 -74.38202	 -5.44907	  122.56402	  123.19759
 785	 -75.37689	 -3.8434	  119.98545	  120.63715
 776	 -72.94286	 -8.32837	  121.46162	  122.10294
 778	 -74.38202	 -5.44907	  122.56402	  123.19759
 784	 -74.3026	 -5.88046	  118.88392	  119.54335
 776	 -72.94286	 -8.32837	  121.46162	  122.10294
 785	 -75.37689	 -3.8434	  119.98545	  120.63715
 784	 -74.3026	 -5.88046	  118.88392	  119.54335
 785	 -75.37689	 -3.8434	  119.98545	  120.63715
 661	 -75.61163	 -3.04758	  116.86361	  117.53723
 676	 -73.66392	 -4.84477	  115.48377	  116.16708
 784	 -74.3026	 -5.88046	  118.88392	  119.54335
 661	 -75.61163	 -3.04758	  116.86361	  117.53723
 656	 -75.77273	 -0.82049	  114.71935	  115.40804
 676	 -73.66392	 -4.84477	  115.48377	  116.16708
 661	 -75.61163	 -3.04758	  116.86361	  117.53723
 675	 -73.14999	 -2.87544	  113.46302	  114.16054
 676	 -73.66392	 -4.84477	  115.48377	  116.16708
 656	 -75.77273	 -0.82049	  114.71935	  115.40804
 655	 -74.98242	  0.16291	  112.6433	  113.34659
 675	 -73.14999	 -2.87544	  113.46302	  114.16054
 656	 -75.77273	 -0.82049	  114.71935	  115.40804
 655	 -74.98242	  0.16291	  112.6433	  113.34659
 656	 -75.77273	 -0.82049	  114.71935	  115.40804
 651	 -76.92136	  2.18079	  113.75768	  114.45313
 651	 -76.92136	  2.18079	  113.75768	  114.45313
 656	 -75.77273	 -0.82049	  114.71935	  115.40804
 657	 -77.36169	  0.88948	  115.97637	  116.65623
 651	 -76.92136	  2.18079	  113.75768	  114.45313
 657	 -77.36169	  0.88948	  115.97637	  116.65623
 653	 -78.05628	  3.81313	  114.73927	  115.42781
 653	 -78.05628	  3.81313	  114.73927	  115.42781
 657	 -77.36169	  0.88948	  115.97637	  116.65623
 658	 -78.17072	  2.04467	  116.72973	  117.4043
 658	 -78.17072	  2.04467	  116.72973	  117.4043
 664	 -78.87614	  4.99092	  115.54881	  116.23166
 653	 -78.05628	  3.81313	  114.73927	  115.42781
 663	 -78.95643	  3.45501	  117.57706	  118.24568
 664	 -78.87614	  4.99092	  115.54881	  116.23166
 658	 -78.17072	  2.04467	  116.72973	  117.4043
 663	 -78.95643	  3.45501	  117.57706	  118.24568
 599	 -79.72091	  6.18829	  116.51174	  117.18784
 664	 -78.87614	  4.99092	  115.54881	  116.23166
 597	 -79.41005	  5.06637	  118.52911	  119.19102
 599	 -79.72091	  6.18829	  116.51174	  117.18784
 663	 -78.95643	  3.45501	  117.57706	  118.24568
 673	 -69.97263	 -4.01099	  112.03165	  112.73923
 677	 -70.5343	 -6.3309	  114.04926	  114.74266
 675	 -73.14999	 -2.87544	  113.46302	  114.16054
 674	 -72.06019	 -1.72424	  111.36059	  112.07288
 673	 -69.97263	 -4.01099	  112.03165	  112.73923
 675	 -73.14999	 -2.87544	  113.46302	  114.16054
 674	 -72.06019	 -1.72424	  111.36059	  112.07288
 675	 -73.14999	 -2.87544	  113.46302	  114.16054
 655	 -74.98242	  0.16291	  112.6433	  113.34659
 654	 -73.25986	  0.80964	  110.21571	  110.93604
 674	 -72.06019	 -1.72424	  111.36059	  112.07288
 655	 -74.98242	  0.16291	  112.6433	  113.34659
 654	 -73.25986	  0.80964	  110.21571	  110.93604
 655	 -74.98242	  0.16291	  112.6433	  113.34659
 650	 -75.61267	  2.97626	  111.29197	  112.00475
 650	 -75.61267	  2.97626	  111.29197	  112.00475
 655	 -74.98242	  0.16291	  112.6433	  113.34659
 651	 -76.92136	  2.18079	  113.75768	  114.45313
 650	 -75.61267	  2.97626	  111.29197	  112.00475
 651	 -76.92136	  2.18079	  113.75768	  114.45313
 652	 -77.16417	  4.84877	  112.33639	  113.04181
 652	 -77.16417	  4.84877	  112.33639	  113.04181
 651	 -76.92136	  2.18079	  113.75768	  114.45313
 653	 -78.05628	  3.81313	  114.73927	  115.42781
 653	 -78.05628	  3.81313	  114.73927	  115.42781
 665	 -78.38393	  6.50381	  113.43291	  114.13065
 652	 -77.16417	  4.84877	  112.33639	  113.04181
 664	 -78.87614	  4.99092	  115.54881	  116.23166
 665	 -78.38393	  6.50381	  113.43291	  114.13065
 653	 -78.05628	  3.81313	  114.73927	  115.42781
 664	 -78.87614	  4.99092	  115.54881	  116.23166
 603	 -79.70276	  7.64298	  114.55051	  115.24039
 665	 -78.38393	  6.50381	  113.43291	  114.13065
 599	 -79.72091	  6.18829	  116.51174	  117.18784
 603	 -79.70276	  7.64298	  114.55051	  115.24039
 664	 -78.87614	  4.99092	  115.54881	  116.23166
 599	 -79.72091	  6.18829	  116.51174	  117.18784
 602	 -80.46893	  8.90775	  115.59628	  116.27881
 603	 -79.70276	  7.64298	  114.55051	  115.24039
 598	 -80.27359	  7.5669	  117.52961	  118.19855
 602	 -80.46893	  8.90775	  115.59628	  116.27881
 599	 -79.72091	  6.18829	  116.51174	  117.18784
 598	 -80.27359	  7.5669	  117.52961	  118.19855
 601	 -80.97755	  10.16514	  116.53251	  117.20847
 602	 -80.46893	  8.90775	  115.59628	  116.27881
 600	 -80.75976	  8.76942	  118.55206	  119.21382
 601	 -80.97755	  10.16514	  116.53251	  117.20847
 598	 -80.27359	  7.5669	  117.52961	  118.19855
 601	 -80.97755	  10.16514	  116.53251	  117.20847
 600	 -80.75976	  8.76942	  118.55206	  119.21382
 627	 -81.47192	  10.82629	  117.46507	  118.13446
 627	 -81.47192	  10.82629	  117.46507	  118.13446
 600	 -80.75976	  8.76942	  118.55206	  119.21382
 622	 -81.31675	  9.59065	  119.59635	  120.25078
 672	 -68.49912	 -2.73376	  109.83935	  110.56233
 673	 -69.97263	 -4.01099	  112.03165	  112.73923
 674	 -72.06019	 -1.72424	  111.36059	  112.07288
 682	 -69.68047	 -1.44232	  109.05494	  109.78343
 672	 -68.49912	 -2.73376	  109.83935	  110.56233
 674	 -72.06019	 -1.72424	  111.36059	  112.07288
 682	 -69.68047	 -1.44232	  109.05494	  109.78343
 674	 -72.06019	 -1.72424	  111.36059	  112.07288
 654	 -73.25986	  0.80964	  110.21571	  110.93604
 683	 -65.57287	 -2.56496	  107.66984	  108.40805
 672	 -68.49912	 -2.73376	  109.83935	  110.56233
 682	 -69.68047	 -1.44232	  109.05494	  109.78343
 597	 -79.41005	  5.06637	  118.52911	  119.19102
 598	 -80.27359	  7.5669	  117.52961	  118.19855
 599	 -79.72091	  6.18829	  116.51174	  117.18784
 595	 -79.89348	  6.5784	  119.53611	  120.19095
 598	 -80.27359	  7.5669	  117.52961	  118.19855
 597	 -79.41005	  5.06637	  118.52911	  119.19102
 595	 -79.89348	  6.5784	  119.53611	  120.19095
 600	 -80.75976	  8.76942	  118.55206	  119.21382
 598	 -80.27359	  7.5669	  117.52961	  118.19855
 593	 -80.47453	  7.6927	  120.59446	  121.24187
 600	 -80.75976	  8.76942	  118.55206	  119.21382
 595	 -79.89348	  6.5784	  119.53611	  120.19095
 600	 -80.75976	  8.76942	  118.55206	  119.21382
 593	 -80.47453	  7.6927	  120.59446	  121.24187
 622	 -81.31675	  9.59065	  119.59635	  120.25078
 622	 -81.31675	  9.59065	  119.59635	  120.25078
 593	 -80.47453	  7.6927	  120.59446	  121.24187
 623	 -81.13598	  8.47204	  121.66457	  122.30447
 622	 -81.31675	  9.59065	  119.59635	  120.25078
 623	 -81.13598	  8.47204	  121.66457	  122.30447
 567	 -82.10875	  9.86241	  120.633	  121.28014
 567	 -82.10875	  9.86241	  120.633	  121.28014
 623	 -81.13598	  8.47204	  121.66457	  122.30447
 565	 -81.9528	  8.73294	  122.72738	  123.3598
 565	 -81.9528	  8.73294	  122.72738	  123.3598
 566	 -82.97384	  9.99402	  121.63578	  122.27588
 567	 -82.10875	  9.86241	  120.633	  121.28014
 563	 -82.84678	  8.97707	  123.80772	  124.43254
 566	 -82.97384	  9.99402	  121.63578	  122.27588
 565	 -81.9528	  8.73294	  122.72738	  123.3598
 563	 -82.84678	  8.97707	  123.80772	  124.43254
 568	 -83.88228	  10.21079	  122.55904	  123.19264
 566	 -82.97384	  9.99402	  121.63578	  122.27588
 561	 -83.78967	  9.36439	  124.93354	  125.55046
 568	 -83.88228	  10.21079	  122.55904	  123.19264
 563	 -82.84678	  8.97707	  123.80772	  124.43254
 562	 -82.70466	  8.07974	  125.90908	  126.51915
 561	 -83.78967	  9.36439	  124.93354	  125.55046
 563	 -82.84678	  8.97707	  123.80772	  124.43254
 560	 -83.70872	  8.60997	  127.26948	  127.86998
 561	 -83.78967	  9.36439	  124.93354	  125.55046
 562	 -82.70466	  8.07974	  125.90908	  126.51915
 729	 -82.49313	  7.5399	  127.83469	  128.43123
 560	 -83.70872	  8.60997	  127.26948	  127.86998
 562	 -82.70466	  8.07974	  125.90908	  126.51915
 554	 -83.48045	  8.04036	  128.95181	  129.5405
 560	 -83.70872	  8.60997	  127.26948	  127.86998
 729	 -82.49313	  7.5399	  127.83469	  128.43123
 718	 -82.33324	  7.9916	  129.7825	  130.36534
 554	 -83.48045	  8.04036	  128.95181	  129.5405
 729	 -82.49313	  7.5399	  127.83469	  128.43123
 546	 -83.19498	  8.12426	  130.69116	  131.26761
 554	 -83.48045	  8.04036	  128.95181	  129.5405
 718	 -82.33324	  7.9916	  129.7825	  130.36534
 627	 -81.47192	  10.82629	  117.46507	  118.13446
 622	 -81.31675	  9.59065	  119.59635	  120.25078
 571	 -82.23495	  11.1566	  118.51115	  119.1732
 571	 -82.23495	  11.1566	  118.51115	  119.1732
 622	 -81.31675	  9.59065	  119.59635	  120.25078
 567	 -82.10875	  9.86241	  120.633	  121.28014
 567	 -82.10875	  9.86241	  120.633	  121.28014
 570	 -83.09792	  11.00013	  119.47953	  120.13477
 571	 -82.23495	  11.1566	  118.51115	  119.1732
 566	 -82.97384	  9.99402	  121.63578	  122.27588
 570	 -83.09792	  11.00013	  119.47953	  120.13477
 567	 -82.10875	  9.86241	  120.633	  121.28014
 566	 -82.97384	  9.99402	  121.63578	  122.27588
 569	 -83.97131	  11.09863	  120.31773	  120.96707
 570	 -83.09792	  11.00013	  119.47953	  120.13477
 568	 -83.88228	  10.21079	  122.55904	  123.19264
 569	 -83.97131	  11.09863	  120.31773	  120.96707
 566	 -82.97384	  9.99402	  121.63578	  122.27588
 569	 -83.97131	  11.09863	  120.31773	  120.96707
 568	 -83.88228	  10.21079	  122.55904	  123.19264
 812	 -84.88339	  11.07492	  120.84817	  121.4938
 812	 -84.88339	  11.07492	  120.84817	  121.4938
 568	 -83.88228	  10.21079	  122.55904	  123.19264
 811	 -84.84171	  10.288	  123.28761	  123.91609
 568	 -83.88228	  10.21079	  122.55904	  123.19264
 561	 -83.78967	  9.36439	  124.93354	  125.55046
 811	 -84.84171	  10.288	  123.28761	  123.91609
 811	 -84.84171	  10.288	  123.28761	  123.91609
 561	 -83.78967	  9.36439	  124.93354	  125.55046
 810	 -84.80199	  9.63069	  126.07415	  126.68304
 561	 -83.78967	  9.36439	  124.93354	  125.55046
 560	 -83.70872	  8.60997	  127.26948	  127.86998
 810	 -84.80199	  9.63069	  126.07415	  126.68304
 810	 -84.80199	  9.63069	  126.07415	  126.68304
 560	 -83.70872	  8.60997	  127.26948	  127.86998
 805	 -84.62426	  9.02687	  127.9844	  128.57988
 560	 -83.70872	  8.60997	  127.26948	  127.86998
 554	 -83.48045	  8.04036	  128.95181	  129.5405
 805	 -84.62426	  9.02687	  127.9844	  128.57988
 805	 -84.62426	  9.02687	  127.9844	  128.57988
 554	 -83.48045	  8.04036	  128.95181	  129.5405
 555	 -84.39636	  8.40645	  129.65332	  130.23709
 554	 -83.48045	  8.04036	  128.95181	  129.5405
 546	 -83.19498	  8.12426	  130.69116	  131.26761
 555	 -84.39636	  8.40645	  129.65332	  130.23709
 555	 -84.39636	  8.40645	  129.65332	  130.23709
 546	 -83.19498	  8.12426	  130.69116	  131.26761
 548	 -84.0939	  8.04195	  131.3783	  131.94994
 546	 -83.19498	  8.12426	  130.69116	  131.26761
 547	 -82.77088	  8.12209	  132.74118	  133.30325
 548	 -84.0939	  8.04195	  131.3783	  131.94994
 548	 -84.0939	  8.04195	  131.3783	  131.94994
 547	 -82.77088	  8.12209	  132.74118	  133.30325
 549	 -83.68302	  8.21644	  133.42233	  133.97963
 98	 -87.58771	  21.3643	  104.33042	  105.0921
 64	 -90.38715	  23.31774	  106.50278	  107.24921
 65	 -88.38285	  22.7749	  103.39727	  104.1655
 65	 -88.38285	  22.7749	  103.39727	  104.1655
 4	 -90.96689	  25.11692	  105.46474	  106.21846
 6	 -88.99171	  23.57837	  102.23899	  103.01538
 64	 -90.38715	  23.31774	  106.50278	  107.24921
 4	 -90.96689	  25.11692	  105.46474	  106.21846
 65	 -88.38285	  22.7749	  103.39727	  104.1655
 64	 -90.38715	  23.31774	  106.50278	  107.24921
 3	 -93.15832	  21.673	  108.57267	  109.30455
 4	 -90.96689	  25.11692	  105.46474	  106.21846
 63	 -92.18046	  20.00405	  109.26049	  109.98753
 3	 -93.15832	  21.673	  108.57267	  109.30455
 64	 -90.38715	  23.31774	  106.50278	  107.24921
 97	 -89.61234	  21.27205	  107.40284	  108.14293
 63	 -92.18046	  20.00405	  109.26049	  109.98753
 64	 -90.38715	  23.31774	  106.50278	  107.24921
 97	 -89.61234	  21.27205	  107.40284	  108.14293
 64	 -90.38715	  23.31774	  106.50278	  107.24921
 98	 -87.58771	  21.3643	  104.33042	  105.0921
 129	 -86.5371	  19.66837	  104.93975	  105.69716
 97	 -89.61234	  21.27205	  107.40284	  108.14293
 98	 -87.58771	  21.3643	  104.33042	  105.0921
 62	 -93.536	  18.82993	  111.96798	  112.67599
 3	 -93.15832	  21.673	  108.57267	  109.30455
 63	 -92.18046	  20.00405	  109.26049	  109.98753
 96	 -91.01031	  18.37656	  109.87086	  110.59361
 62	 -93.536	  18.82993	  111.96798	  112.67599
 63	 -92.18046	  20.00405	  109.26049	  109.98753
 96	 -91.01031	  18.37656	  109.87086	  110.59361
 63	 -92.18046	  20.00405	  109.26049	  109.98753
 97	 -89.61234	  21.27205	  107.40284	  108.14293
 128	 -88.56522	  19.34285	  108.04716	  108.78273
 96	 -91.01031	  18.37656	  109.87086	  110.59361
 97	 -89.61234	  21.27205	  107.40284	  108.14293
 128	 -88.56522	  19.34285	  108.04716	  108.78273
 97	 -89.61234	  21.27205	  107.40284	  108.14293
 129	 -86.5371	  19.66837	  104.93975	  105.69716
 128	 -88.56522	  19.34285	  108.04716	  108.78273
 129	 -86.5371	  19.66837	  104.93975	  105.69716
 214	 -87.28139	  17.77321	  108.41369	  109.14668
 214	 -87.28139	  17.77321	  108.41369	  109.14668
 129	 -86.5371	  19.66837	  104.93975	  105.69716
 215	 -85.30502	  18.11954	  105.27618	  106.03122
 214	 -87.28139	  17.77321	  108.41369	  109.14668
 215	 -85.30502	  18.11954	  105.27618	  106.03122
 242	 -85.91232	  16.67847	  108.59444	  109.32617
 242	 -85.91232	  16.67847	  108.59444	  109.32617
 215	 -85.30502	  18.11954	  105.27618	  106.03122
 243	 -84.06395	  17.01547	  105.49941	  106.25288
 242	 -85.91232	  16.67847	  108.59444	  109.32617
 243	 -84.06395	  17.01547	  105.49941	  106.25288
 314	 -84.79801	  16.10963	  108.85604	  109.58592
 313	 -86.60094	  15.11017	  112.06062	  112.76797
 242	 -85.91232	  16.67847	  108.59444	  109.32617
 314	 -84.79801	  16.10963	  108.85604	  109.58592
 450	 -84.02326	  15.88578	  109.42307	  110.14897
 313	 -86.60094	  15.11017	  112.06062	  112.76797
 314	 -84.79801	  16.10963	  108.85604	  109.58592
 449	 -85.71397	  15.03893	  112.64262	  113.3459
 313	 -86.60094	  15.11017	  112.06062	  112.76797
 450	 -84.02326	  15.88578	  109.42307	  110.14897
 478	 -83.29308	  15.33307	  109.86982	  110.59259
 449	 -85.71397	  15.03893	  112.64262	  113.3459
 450	 -84.02326	  15.88578	  109.42307	  110.14897
 477	 -84.8989	  14.56543	  113.05048	  113.7509
 449	 -85.71397	  15.03893	  112.64262	  113.3459
 478	 -83.29308	  15.33307	  109.86982	  110.59259
 477	 -84.8989	  14.56543	  113.05048	  113.7509
 478	 -83.29308	  15.33307	  109.86982	  110.59259
 505	 -84.12038	  14.48276	  113.21413	  113.91341
 505	 -84.12038	  14.48276	  113.21413	  113.91341
 476	 -85.5088	  13.42428	  115.87106	  116.55167
 477	 -84.8989	  14.56543	  113.05048	  113.7509
 504	 -84.65875	  13.30752	  115.97222	  116.6521
 476	 -85.5088	  13.42428	  115.87106	  116.55167
 505	 -84.12038	  14.48276	  113.21413	  113.91341
 505	 -84.12038	  14.48276	  113.21413	  113.91341
 478	 -83.29308	  15.33307	  109.86982	  110.59259
 506	 -82.54976	  15.32022	  110.16668	  110.88736
 127	 -89.80398	  16.93439	  110.44549	  111.1642
 96	 -91.01031	  18.37656	  109.87086	  110.59361
 128	 -88.56522	  19.34285	  108.04716	  108.78273
 214	 -87.28139	  17.77321	  108.41369	  109.14668
 127	 -89.80398	  16.93439	  110.44549	  111.1642
 128	 -88.56522	  19.34285	  108.04716	  108.78273
 213	 -88.65727	  15.89377	  110.99072	  111.7056
 127	 -89.80398	  16.93439	  110.44549	  111.1642
 214	 -87.28139	  17.77321	  108.41369	  109.14668
 213	 -88.65727	  15.89377	  110.99072	  111.7056
 214	 -87.28139	  17.77321	  108.41369	  109.14668
 241	 -87.58588	  15.26665	  111.49726	  112.20859
 241	 -87.58588	  15.26665	  111.49726	  112.20859
 214	 -87.28139	  17.77321	  108.41369	  109.14668
 242	 -85.91232	  16.67847	  108.59444	  109.32617
 241	 -87.58588	  15.26665	  111.49726	  112.20859
 242	 -85.91232	  16.67847	  108.59444	  109.32617
 313	 -86.60094	  15.11017	  112.06062	  112.76797
 314	 -84.79801	  16.10963	  108.85604	  109.58592
 243	 -84.06395	  17.01547	  105.49941	  106.25288
 315	 -82.88522	  16.4955	  105.67165	  106.42392
 314	 -84.79801	  16.10963	  108.85604	  109.58592
 315	 -82.88522	  16.4955	  105.67165	  106.42392
 450	 -84.02326	  15.88578	  109.42307	  110.14897
 450	 -84.02326	  15.88578	  109.42307	  110.14897
 315	 -82.88522	  16.4955	  105.67165	  106.42392
 451	 -81.82846	  16.37428	  105.91721	  106.66776
 450	 -84.02326	  15.88578	  109.42307	  110.14897
 451	 -81.82846	  16.37428	  105.91721	  106.66776
 478	 -83.29308	  15.33307	  109.86982	  110.59259
 478	 -83.29308	  15.33307	  109.86982	  110.59259
 451	 -81.82846	  16.37428	  105.91721	  106.66776
 479	 -80.60835	  15.84223	  106.05856	  106.80811
 478	 -83.29308	  15.33307	  109.86982	  110.59259
 479	 -80.60835	  15.84223	  106.05856	  106.80811
 506	 -82.54976	  15.32022	  110.16668	  110.88736
 506	 -82.54976	  15.32022	  110.16668	  110.88736
 479	 -80.60835	  15.84223	  106.05856	  106.80811
 507	 -79.59534	  15.87511	  106.75599	  107.50064
 95	 -92.08694	  16.93692	  112.25253	  112.95854
 62	 -93.536	  18.82993	  111.96798	  112.67599
 96	 -91.01031	  18.37656	  109.87086	  110.59361
 127	 -89.80398	  16.93439	  110.44549	  111.1642
 95	 -92.08694	  16.93692	  112.25253	  112.95854
 96	 -91.01031	  18.37656	  109.87086	  110.59361
 126	 -90.84217	  15.45122	  112.7976	  113.49979
 95	 -92.08694	  16.93692	  112.25253	  112.95854
 127	 -89.80398	  16.93439	  110.44549	  111.1642
 213	 -88.65727	  15.89377	  110.99072	  111.7056
 126	 -90.84217	  15.45122	  112.7976	  113.49979
 127	 -89.80398	  16.93439	  110.44549	  111.1642
 212	 -89.67158	  14.54209	  113.45461	  114.15219
 126	 -90.84217	  15.45122	  112.7976	  113.49979
 213	 -88.65727	  15.89377	  110.99072	  111.7056
 241	 -87.58588	  15.26665	  111.49726	  112.20859
 212	 -89.67158	  14.54209	  113.45461	  114.15219
 213	 -88.65727	  15.89377	  110.99072	  111.7056
 240	 -88.52971	  14.23684	  114.1515	  114.84418
 212	 -89.67158	  14.54209	  113.45461	  114.15219
 241	 -87.58588	  15.26665	  111.49726	  112.20859
 313	 -86.60094	  15.11017	  112.06062	  112.76797
 240	 -88.52971	  14.23684	  114.1515	  114.84418
 241	 -87.58588	  15.26665	  111.49726	  112.20859
 312	 -87.44819	  14.05888	  114.82246	  115.51042
 240	 -88.52971	  14.23684	  114.1515	  114.84418
 313	 -86.60094	  15.11017	  112.06062	  112.76797
 449	 -85.71397	  15.03893	  112.64262	  113.3459
 312	 -87.44819	  14.05888	  114.82246	  115.51042
 313	 -86.60094	  15.11017	  112.06062	  112.76797
 448	 -86.45551	  13.90474	  115.42098	  116.10474
 312	 -87.44819	  14.05888	  114.82246	  115.51042
 449	 -85.71397	  15.03893	  112.64262	  113.3459
 477	 -84.8989	  14.56543	  113.05048	  113.7509
 448	 -86.45551	  13.90474	  115.42098	  116.10474
 449	 -85.71397	  15.03893	  112.64262	  113.3459
 476	 -85.5088	  13.42428	  115.87106	  116.55167
 448	 -86.45551	  13.90474	  115.42098	  116.10474
 477	 -84.8989	  14.56543	  113.05048	  113.7509
 475	 -85.84092	  12.209	  118.65798	  119.31898
 447	 -86.81873	  12.77587	  118.38563	  119.04855
 476	 -85.5088	  13.42428	  115.87106	  116.55167
 476	 -85.5088	  13.42428	  115.87106	  116.55167
 447	 -86.81873	  12.77587	  118.38563	  119.04855
 448	 -86.45551	  13.90474	  115.42098	  116.10474
 447	 -86.81873	  12.77587	  118.38563	  119.04855
 311	 -87.90445	  13.04744	  117.78356	  118.45073
 448	 -86.45551	  13.90474	  115.42098	  116.10474
 448	 -86.45551	  13.90474	  115.42098	  116.10474
 311	 -87.90445	  13.04744	  117.78356	  118.45073
 312	 -87.44819	  14.05888	  114.82246	  115.51042
 311	 -87.90445	  13.04744	  117.78356	  118.45073
 239	 -89.09378	  13.36001	  117.01382	  117.68639
 312	 -87.44819	  14.05888	  114.82246	  115.51042
 312	 -87.44819	  14.05888	  114.82246	  115.51042
 239	 -89.09378	  13.36001	  117.01382	  117.68639
 240	 -88.52971	  14.23684	  114.1515	  114.84418
 239	 -89.09378	  13.36001	  117.01382	  117.68639
 211	 -90.34241	  13.66275	  116.13842	  116.81714
 240	 -88.52971	  14.23684	  114.1515	  114.84418
 240	 -88.52971	  14.23684	  114.1515	  114.84418
 211	 -90.34241	  13.66275	  116.13842	  116.81714
 212	 -89.67158	  14.54209	  113.45461	  114.15219
 211	 -90.34241	  13.66275	  116.13842	  116.81714
 125	 -91.59026	  14.1462	  115.29296	  115.97762
 212	 -89.67158	  14.54209	  113.45461	  114.15219
 212	 -89.67158	  14.54209	  113.45461	  114.15219
 125	 -91.59026	  14.1462	  115.29296	  115.97762
 126	 -90.84217	  15.45122	  112.7976	  113.49979
 125	 -91.59026	  14.1462	  115.29296	  115.97762
 94	 -92.97063	  15.31389	  114.70379	  115.39258
 126	 -90.84217	  15.45122	  112.7976	  113.49979
 126	 -90.84217	  15.45122	  112.7976	  113.49979
 94	 -92.97063	  15.31389	  114.70379	  115.39258
 95	 -92.08694	  16.93692	  112.25253	  112.95854
 94	 -92.97063	  15.31389	  114.70379	  115.39258
 61	 -94.54826	  17.12135	  114.56596	  115.25572
 95	 -92.08694	  16.93692	  112.25253	  112.95854
 95	 -92.08694	  16.93692	  112.25253	  112.95854
 61	 -94.54826	  17.12135	  114.56596	  115.25572
 62	 -93.536	  18.82993	  111.96798	  112.67599
 61	 -94.54826	  17.12135	  114.56596	  115.25572
 2	 -95.15408	  20.78316	  111.91833	  112.62669
 62	 -93.536	  18.82993	  111.96798	  112.67599
 2	 -95.15408	  20.78316	  111.91833	  112.62669
 3	 -93.15832	  21.673	  108.57267	  109.30455
 62	 -93.536	  18.82993	  111.96798	  112.67599
 2	 -95.15408	  20.78316	  111.91833	  112.62669
 1	 -94.77645	  23.40731	  108.28117	  109.01509
 3	 -93.15832	  21.673	  108.57267	  109.30455
 3	 -93.15832	  21.673	  108.57267	  109.30455
 1	 -94.77645	  23.40731	  108.28117	  109.01509
 4	 -90.96689	  25.11692	  105.46474	  106.21846
 4	 -90.96689	  25.11692	  105.46474	  106.21846
 1	 -94.77645	  23.40731	  108.28117	  109.01509
 5	 -91.8738	  26.64996	  104.64208	  105.40158
 4	 -90.96689	  25.11692	  105.46474	  106.21846
 5	 -91.8738	  26.64996	  104.64208	  105.40158
 6	 -88.99171	  23.57837	  102.23899	  103.01538
 6	 -88.99171	  23.57837	  102.23899	  103.01538
 5	 -91.8738	  26.64996	  104.64208	  105.40158
 7	 -89.4974	  23.66026	  100.96674	  101.75206
 504	 -84.65875	  13.30752	  115.97222	  116.6521
 475	 -85.84092	  12.209	  118.65798	  119.31898
 476	 -85.5088	  13.42428	  115.87106	  116.55167
 503	 -84.89075	  12.02452	  118.75414	  119.41449
 475	 -85.84092	  12.209	  118.65798	  119.31898
 504	 -84.65875	  13.30752	  115.97222	  116.6521
 502	 -84.88339	  11.07492	  120.84817	  121.4938
 475	 -85.84092	  12.209	  118.65798	  119.31898
 503	 -84.89075	  12.02452	  118.75414	  119.41449
 474	 -85.86898	  11.19393	  121.03751	  121.68181
 475	 -85.84092	  12.209	  118.65798	  119.31898
 502	 -84.88339	  11.07492	  120.84817	  121.4938
 474	 -85.86898	  11.19393	  121.03751	  121.68181
 446	 -86.92365	  11.77862	  121.02804	  121.67241
 475	 -85.84092	  12.209	  118.65798	  119.31898
 475	 -85.84092	  12.209	  118.65798	  119.31898
 446	 -86.92365	  11.77862	  121.02804	  121.67241
 447	 -86.81873	  12.77587	  118.38563	  119.04855
 446	 -86.92365	  11.77862	  121.02804	  121.67241
 310	 -88.09792	  12.07122	  120.70676	  121.35338
 447	 -86.81873	  12.77587	  118.38563	  119.04855
 447	 -86.81873	  12.77587	  118.38563	  119.04855
 310	 -88.09792	  12.07122	  120.70676	  121.35338
 311	 -87.90445	  13.04744	  117.78356	  118.45073
 310	 -88.09792	  12.07122	  120.70676	  121.35338
 238	 -89.36591	  12.48538	  119.90408	  120.55634
 311	 -87.90445	  13.04744	  117.78356	  118.45073
 311	 -87.90445	  13.04744	  117.78356	  118.45073
 238	 -89.36591	  12.48538	  119.90408	  120.55634
 239	 -89.09378	  13.36001	  117.01382	  117.68639
 238	 -89.36591	  12.48538	  119.90408	  120.55634
 210	 -90.66029	  12.83717	  119.01571	  119.67421
 239	 -89.09378	  13.36001	  117.01382	  117.68639
 239	 -89.09378	  13.36001	  117.01382	  117.68639
 210	 -90.66029	  12.83717	  119.01571	  119.67421
 211	 -90.34241	  13.66275	  116.13842	  116.81714
 210	 -90.66029	  12.83717	  119.01571	  119.67421
 124	 -92.02594	  13.14296	  118.07772	  118.74281
 211	 -90.34241	  13.66275	  116.13842	  116.81714
 211	 -90.34241	  13.66275	  116.13842	  116.81714
 124	 -92.02594	  13.14296	  118.07772	  118.74281
 125	 -91.59026	  14.1462	  115.29296	  115.97762
 124	 -92.02594	  13.14296	  118.07772	  118.74281
 93	 -93.55071	  13.98424	  117.56596	  118.23465
 125	 -91.59026	  14.1462	  115.29296	  115.97762
 125	 -91.59026	  14.1462	  115.29296	  115.97762
 93	 -93.55071	  13.98424	  117.56596	  118.23465
 94	 -92.97063	  15.31389	  114.70379	  115.39258
 93	 -93.55071	  13.98424	  117.56596	  118.23465
 60	 -95.23241	  15.36373	  117.53359	  118.2025
 94	 -92.97063	  15.31389	  114.70379	  115.39258
 94	 -92.97063	  15.31389	  114.70379	  115.39258
 60	 -95.23241	  15.36373	  117.53359	  118.2025
 61	 -94.54826	  17.12135	  114.56596	  115.25572
 60	 -95.23241	  15.36373	  117.53359	  118.2025
 29	 -96.23135	  19.36353	  114.64414	  115.33336
 61	 -94.54826	  17.12135	  114.56596	  115.25572
 29	 -96.23135	  19.36353	  114.64414	  115.33336
 2	 -95.15408	  20.78316	  111.91833	  112.62669
 61	 -94.54826	  17.12135	  114.56596	  115.25572
 29	 -96.23135	  19.36353	  114.64414	  115.33336
 0	 -96.62464	  22.52935	  111.73679	  112.44644
 2	 -95.15408	  20.78316	  111.91833	  112.62669
 0	 -96.62464	  22.52935	  111.73679	  112.44644
 1	 -94.77645	  23.40731	  108.28117	  109.01509
 2	 -95.15408	  20.78316	  111.91833	  112.62669
 0	 -96.62464	  22.52935	  111.73679	  112.44644
 530	 -96.229	  25.15565	  108.0308	  108.76648
 1	 -94.77645	  23.40731	  108.28117	  109.01509
 1	 -94.77645	  23.40731	  108.28117	  109.01509
 530	 -96.229	  25.15565	  108.0308	  108.76648
 5	 -91.8738	  26.64996	  104.64208	  105.40158
 5	 -91.8738	  26.64996	  104.64208	  105.40158
 530	 -96.229	  25.15565	  108.0308	  108.76648
 528	 -92.56731	  27.56695	  103.65476	  104.42119
 5	 -91.8738	  26.64996	  104.64208	  105.40158
 528	 -92.56731	  27.56695	  103.65476	  104.42119
 7	 -89.4974	  23.66026	  100.96674	  101.75206
 7	 -89.4974	  23.66026	  100.96674	  101.75206
 528	 -92.56731	  27.56695	  103.65476	  104.42119
 529	 -89.84782	  26.3347	  99.6572	  100.45172
 528	 -92.56731	  27.56695	  103.65476	  104.42119
 172	 -94.46216	  28.16717	  103.60786	  104.37462
 529	 -89.84782	  26.3347	  99.6572	  100.45172
 529	 -89.84782	  26.3347	  99.6572	  100.45172
 172	 -94.46216	  28.16717	  103.60786	  104.37462
 174	 -90.03546	  29.28752	  98.13366	  98.93887
 174	 -90.03546	  29.28752	  98.13366	  98.93887
 172	 -94.46216	  28.16717	  103.60786	  104.37462
 175	 -90.1248	  29.36732	  96.05758	  96.8774
 175	 -90.1248	  29.36732	  96.05758	  96.8774
 172	 -94.46216	  28.16717	  103.60786	  104.37462
 173	 -97.11867	  27.97882	  104.65763	  105.41701
 172	 -94.46216	  28.16717	  103.60786	  104.37462
 170	 -97.59666	  26.33473	  107.99892	  108.73483
 173	 -97.11867	  27.97882	  104.65763	  105.41701
 173	 -97.11867	  27.97882	  104.65763	  105.41701
 170	 -97.59666	  26.33473	  107.99892	  108.73483
 171	 -99.71275	  27.01986	  108.67828	  109.40942
 170	 -97.59666	  26.33473	  107.99892	  108.73483
 168	 -100.30984	  24.9111	  112.35155	  113.05688
 171	 -99.71275	  27.01986	  108.67828	  109.40942
 171	 -99.71275	  27.01986	  108.67828	  109.40942
 168	 -100.30984	  24.9111	  112.35155	  113.05688
 169	 -102.56837	  25.78159	  113.47001	  114.16748
 168	 -100.30984	  24.9111	  112.35155	  113.05688
 164	 -101.94621	  23.47461	  116.07798	  116.75713
 169	 -102.56837	  25.78159	  113.47001	  114.16748
 169	 -102.56837	  25.78159	  113.47001	  114.16748
 164	 -101.94621	  23.47461	  116.07798	  116.75713
 166	 -103.68186	  22.66633	  116.49915	  117.17534
 164	 -101.94621	  23.47461	  116.07798	  116.75713
 165	 -102.8865	  23.38205	  119.33695	  119.99319
 166	 -103.68186	  22.66633	  116.49915	  117.17534
 166	 -103.68186	  22.66633	  116.49915	  117.17534
 165	 -102.8865	  23.38205	  119.33695	  119.99319
 167	 -105.02205	  24.16635	  120.27921	  120.92883
 164	 -101.94621	  23.47461	  116.07798	  116.75713
 168	 -100.30984	  24.9111	  112.35155	  113.05688
 532	 -99.77404	  23.41621	  115.08024	  115.76639
 168	 -100.30984	  24.9111	  112.35155	  113.05688
 170	 -97.59666	  26.33473	  107.99892	  108.73483
 531	 -97.84309	  23.96441	  111.35488	  112.06721
 532	 -99.77404	  23.41621	  115.08024	  115.76639
 168	 -100.30984	  24.9111	  112.35155	  113.05688
 531	 -97.84309	  23.96441	  111.35488	  112.06721
 532	 -99.77404	  23.41621	  115.08024	  115.76639
 531	 -97.84309	  23.96441	  111.35488	  112.06721
 28	 -97.95396	  21.62482	  114.79241	  115.48059
 31	 -98.7839	  18.7076	  117.69715	  118.36493
 532	 -99.77404	  23.41621	  115.08024	  115.76639
 28	 -97.95396	  21.62482	  114.79241	  115.48059
 533	 -100.68379	  20.78183	  118.08497	  118.75002
 532	 -99.77404	  23.41621	  115.08024	  115.76639
 31	 -98.7839	  18.7076	  117.69715	  118.36493
 533	 -100.68379	  20.78183	  118.08497	  118.75002
 164	 -101.94621	  23.47461	  116.07798	  116.75713
 532	 -99.77404	  23.41621	  115.08024	  115.76639
 165	 -102.8865	  23.38205	  119.33695	  119.99319
 164	 -101.94621	  23.47461	  116.07798	  116.75713
 533	 -100.68379	  20.78183	  118.08497	  118.75002
 530	 -96.229	  25.15565	  108.0308	  108.76648
 172	 -94.46216	  28.16717	  103.60786	  104.37462
 528	 -92.56731	  27.56695	  103.65476	  104.42119
 170	 -97.59666	  26.33473	  107.99892	  108.73483
 172	 -94.46216	  28.16717	  103.60786	  104.37462
 530	 -96.229	  25.15565	  108.0308	  108.76648
 531	 -97.84309	  23.96441	  111.35488	  112.06721
 170	 -97.59666	  26.33473	  107.99892	  108.73483
 530	 -96.229	  25.15565	  108.0308	  108.76648
 531	 -97.84309	  23.96441	  111.35488	  112.06721
 530	 -96.229	  25.15565	  108.0308	  108.76648
 0	 -96.62464	  22.52935	  111.73679	  112.44644
 28	 -97.95396	  21.62482	  114.79241	  115.48059
 531	 -97.84309	  23.96441	  111.35488	  112.06721
 0	 -96.62464	  22.52935	  111.73679	  112.44644
 28	 -97.95396	  21.62482	  114.79241	  115.48059
 0	 -96.62464	  22.52935	  111.73679	  112.44644
 29	 -96.23135	  19.36353	  114.64414	  115.33336
 29	 -96.23135	  19.36353	  114.64414	  115.33336
 31	 -98.7839	  18.7076	  117.69715	  118.36493
 28	 -97.95396	  21.62482	  114.79241	  115.48059
 30	 -96.98256	  17.04857	  117.61497	  118.28331
 31	 -98.7839	  18.7076	  117.69715	  118.36493
 29	 -96.23135	  19.36353	  114.64414	  115.33336
 30	 -96.98256	  17.04857	  117.61497	  118.28331
 29	 -96.23135	  19.36353	  114.64414	  115.33336
 60	 -95.23241	  15.36373	  117.53359	  118.2025
 702	 -69.16431	 -4.92063	  147.00159	  147.46344
 701	 -69.15191	 -6.6053	  145.06421	  145.53967
 703	 -68.13046	 -6.71632	  146.8757	  147.33844
 700	 -70.0351	 -4.7897	  145.39236	  145.86554
 701	 -69.15191	 -6.6053	  145.06421	  145.53967
 702	 -69.16431	 -4.92063	  147.00159	  147.46344
 705	 -69.75683	 -3.72548	  147.13992	  147.60081
 700	 -70.0351	 -4.7897	  145.39236	  145.86554
 702	 -69.16431	 -4.92063	  147.00159	  147.46344
 790	 -70.88555	 -8.70377	  116.33768	  117.015
 786	 -70.3074	 -11.65185	  119.00631	  119.66489
 791	 -72.95705	 -7.86174	  117.60731	  118.27571
 791	 -72.95705	 -7.86174	  117.60731	  118.27571
 786	 -70.3074	 -11.65185	  119.00631	  119.66489
 788	 -71.67303	 -10.58103	  120.14759	  120.79814
 786	 -70.3074	 -11.65185	  119.00631	  119.66489
 787	 -69.7451	 -13.79807	  122.6372	  123.27025
 788	 -71.67303	 -10.58103	  120.14759	  120.79814
 788	 -71.67303	 -10.58103	  120.14759	  120.79814
 787	 -69.7451	 -13.79807	  122.6372	  123.27025
 789	 -71.44003	 -11.9247	  123.6388	  124.26482
 787	 -69.7451	 -13.79807	  122.6372	  123.27025
 780	 -71.24232	 -12.81124	  126.92756	  127.53047
 789	 -71.44003	 -11.9247	  123.6388	  124.26482
 789	 -71.44003	 -11.9247	  123.6388	  124.26482
 780	 -71.24232	 -12.81124	  126.92756	  127.53047
 782	 -73.20308	 -9.70639	  127.78739	  128.38426
 780	 -71.24232	 -12.81124	  126.92756	  127.53047
 781	 -73.92319	 -9.30601	  131.51321	  132.08389
 782	 -73.20308	 -9.70639	  127.78739	  128.38426
 782	 -73.20308	 -9.70639	  127.78739	  128.38426
 781	 -73.92319	 -9.30601	  131.51321	  132.08389
 783	 -74.93855	 -6.91948	  132.43658	  133.00078
 781	 -73.92319	 -9.30601	  131.51321	  132.08389
 770	 -73.90437	 -7.63391	  136.37558	  136.91211
 783	 -74.93855	 -6.91948	  132.43658	  133.00078
 783	 -74.93855	 -6.91948	  132.43658	  133.00078
 770	 -73.90437	 -7.63391	  136.37558	  136.91211
 772	 -74.45081	 -5.52189	  137.18744	  137.71828
 770	 -73.90437	 -7.63391	  136.37558	  136.91211
 771	 -71.82843	 -6.9996	  141.04758	  141.55127
 772	 -74.45081	 -5.52189	  137.18744	  137.71828
 772	 -74.45081	 -5.52189	  137.18744	  137.71828
 771	 -71.82843	 -6.9996	  141.04758	  141.55127
 773	 -72.52927	 -4.82882	  141.61887	  142.11856
 771	 -71.82843	 -6.9996	  141.04758	  141.55127
 701	 -69.15191	 -6.6053	  145.06421	  145.53967
 773	 -72.52927	 -4.82882	  141.61887	  142.11856
 773	 -72.52927	 -4.82882	  141.61887	  142.11856
 701	 -69.15191	 -6.6053	  145.06421	  145.53967
 700	 -70.0351	 -4.7897	  145.39236	  145.86554
 700	 -70.0351	 -4.7897	  145.39236	  145.86554
 704	 -70.5785	 -3.43492	  145.5737	  146.04559
 773	 -72.52927	 -4.82882	  141.61887	  142.11856
 704	 -70.5785	 -3.43492	  145.5737	  146.04559
 700	 -70.0351	 -4.7897	  145.39236	  145.86554
 705	 -69.75683	 -3.72548	  147.13992	  147.60081
 799	 -70.39698	 -2.14775	  147.40842	  147.86743
 704	 -70.5785	 -3.43492	  145.5737	  146.04559
 705	 -69.75683	 -3.72548	  147.13992	  147.60081
 798	 -70.8369	 -0.55527	  147.86859	  148.32436
 759	 -71.22427	 -1.89942	  145.75165	  146.22231
 799	 -70.39698	 -2.14775	  147.40842	  147.86743
 759	 -71.22427	 -1.89942	  145.75165	  146.22231
 704	 -70.5785	 -3.43492	  145.5737	  146.04559
 799	 -70.39698	 -2.14775	  147.40842	  147.86743
 704	 -70.5785	 -3.43492	  145.5737	  146.04559
 759	 -71.22427	 -1.89942	  145.75165	  146.22231
 756	 -73.16514	 -2.98904	  141.99411	  142.49117
 773	 -72.52927	 -4.82882	  141.61887	  142.11856
 704	 -70.5785	 -3.43492	  145.5737	  146.04559
 756	 -73.16514	 -2.98904	  141.99411	  142.49117
 755	 -75.03931	 -3.426	  137.88541	  138.41133
 773	 -72.52927	 -4.82882	  141.61887	  142.11856
 756	 -73.16514	 -2.98904	  141.99411	  142.49117
 772	 -74.45081	 -5.52189	  137.18744	  137.71828
 773	 -72.52927	 -4.82882	  141.61887	  142.11856
 755	 -75.03931	 -3.426	  137.88541	  138.41133
 767	 -75.77932	 -4.62552	  133.30646	  133.86453
 772	 -74.45081	 -5.52189	  137.18744	  137.71828
 755	 -75.03931	 -3.426	  137.88541	  138.41133
 783	 -74.93855	 -6.91948	  132.43658	  133.00078
 772	 -74.45081	 -5.52189	  137.18744	  137.71828
