 16152	  8.65067	  1.27132	  70.50689	  71.50623
 16147	  8.32236	  1.0711	  70.71467	  71.71254
 16148	  8.36777	  1.16684	  70.47475	  71.47432
 16150	  8.60186	  1.19404	  70.75304	  71.75064
 16147	  8.32236	  1.0711	  70.71467	  71.71254
 16146	  8.09138	  1.00264	  70.46195	  71.46159
 16148	  8.36777	  1.16684	  70.47475	  71.47432
 16132	  8.38929	  1.43616	  71.22396	  72.21825
 16127	  8.13111	  1.29029	  71.14137	  72.13625
 16134	  8.47731	  1.41581	  70.95033	  71.94655
 16133	  8.75377	  1.42895	  71.01517	  72.01094
 16132	  8.38929	  1.43616	  71.22396	  72.21825
 16134	  8.47731	  1.41581	  70.95033	  71.94655
 16131	  8.66566	  1.44261	  71.30239	  72.29614
 16132	  8.38929	  1.43616	  71.22396	  72.21825
 16133	  8.75377	  1.42895	  71.01517	  72.01094
 16223	  9.01844	  1.35362	  71.10459	  72.09973
 16131	  8.66566	  1.44261	  71.30239	  72.29614
 16133	  8.75377	  1.42895	  71.01517	  72.01094
 16224	  8.93024	  1.36088	  71.40482	  72.39786
 16131	  8.66566	  1.44261	  71.30239	  72.29614
 16223	  9.01844	  1.35362	  71.10459	  72.09973
 16136	  9.41737	  0.98732	  71.22878	  72.22305
 16224	  8.93024	  1.36088	  71.40482	  72.39786
 16223	  9.01844	  1.35362	  71.10459	  72.09973
 16135	  9.33323	  1.02118	  71.49284	  72.48524
 16224	  8.93024	  1.36088	  71.40482	  72.39786
 16136	  9.41737	  0.98732	  71.22878	  72.22305
 16116	  9.77644	  0.401	  71.38577	  72.37894
 16135	  9.33323	  1.02118	  71.49284	  72.48524
 16136	  9.41737	  0.98732	  71.22878	  72.22305
 16115	  9.69733	  0.46793	  71.60484	  72.59647
 16135	  9.33323	  1.02118	  71.49284	  72.48524
 16116	  9.77644	  0.401	  71.38577	  72.37894
 16115	  9.69733	  0.46793	  71.60484	  72.59647
 16116	  9.77644	  0.401	  71.38577	  72.37894
 16117	  10.26104	 -0.80757	  71.52869	  72.52086
 16117	  10.26104	 -0.80757	  71.52869	  72.52086
 16116	  9.77644	  0.401	  71.38577	  72.37894
 16118	  10.26023	 -0.75195	  71.48466	  72.47711
 16118	  10.26023	 -0.75195	  71.48466	  72.47711
 16116	  9.77644	  0.401	  71.38577	  72.37894
 16153	  9.89304	  0.12282	  71.25288	  72.24696
 16157	  10.28383	 -0.83849	  71.47752	  72.47003
 16118	  10.26023	 -0.75195	  71.48466	  72.47711
 16153	  9.89304	  0.12282	  71.25288	  72.24696
 16157	  10.28383	 -0.83849	  71.47752	  72.47003
 16153	  9.89304	  0.12282	  71.25288	  72.24696
 16158	  10.28022	 -0.78043	  71.44093	  72.4337
 16158	  10.28022	 -0.78043	  71.44093	  72.4337
 16153	  9.89304	  0.12282	  71.25288	  72.24696
 16155	  9.92144	  0.19608	  71.05499	  72.05046
 16158	  10.28022	 -0.78043	  71.44093	  72.4337
 16155	  9.92144	  0.19608	  71.05499	  72.05046
 16169	  10.30817	 -0.87152	  71.42283	  72.41573
 16169	  10.30817	 -0.87152	  71.42283	  72.41573
 16155	  9.92144	  0.19608	  71.05499	  72.05046
 16168	  10.0437	 -0.01592	  70.80985	  71.80705
 16155	  9.92144	  0.19608	  71.05499	  72.05046
 16167	  9.72625	  0.51071	  70.62385	  71.62238
 16168	  10.0437	 -0.01592	  70.80985	  71.80705
 15986	  10.66434	  1.94267	  71.2264	  72.22069
 15982	  10.92262	  2.79739	  71.41421	  72.40717
 15987	  10.43635	  2.09484	  71.35801	  72.35136
 15987	  10.43635	  2.09484	  71.35801	  72.35136
 15982	  10.92262	  2.79739	  71.41421	  72.40717
 15984	  10.69827	  2.94902	  71.54301	  72.53506
 15982	  10.92262	  2.79739	  71.41421	  72.40717
 15983	  11.0722	  3.13492	  71.54169	  72.53375
 15984	  10.69827	  2.94902	  71.54301	  72.53506
 15984	  10.69827	  2.94902	  71.54301	  72.53506
 15983	  11.0722	  3.13492	  71.54169	  72.53375
 15985	  10.86022	  3.28469	  71.66088	  72.6521
 15983	  11.0722	  3.13492	  71.54169	  72.53375
 15980	  11.25747	  3.42859	  71.70437	  72.6953
 15985	  10.86022	  3.28469	  71.66088	  72.6521
 15985	  10.86022	  3.28469	  71.66088	  72.6521
 15980	  11.25747	  3.42859	  71.70437	  72.6953
 15981	  11.05877	  3.57637	  71.81327	  72.80342
 15980	  11.25747	  3.42859	  71.70437	  72.6953
 15979	  11.2321	  3.74471	  71.95333	  72.9425
 15981	  11.05877	  3.57637	  71.81327	  72.80342
 15978	  11.41496	  3.59931	  71.85676	  72.8466
 15979	  11.2321	  3.74471	  71.95333	  72.9425
 15980	  11.25747	  3.42859	  71.70437	  72.6953
 15979	  11.2321	  3.74471	  71.95333	  72.9425
 15978	  11.41496	  3.59931	  71.85676	  72.8466
 15977	  11.43211	  3.91256	  72.11665	  73.10468
 15977	  11.43211	  3.91256	  72.11665	  73.10468
 15978	  11.41496	  3.59931	  71.85676	  72.8466
 15976	  11.59732	  3.76981	  72.03378	  73.02238
 15976	  11.59732	  3.76981	  72.03378	  73.02238
 15975	  11.6398	  4.02251	  72.27828	  73.26517
 15977	  11.43211	  3.91256	  72.11665	  73.10468
 15974	  11.77726	  3.88391	  72.21691	  73.20422
 15975	  11.6398	  4.02251	  72.27828	  73.26517
 15976	  11.59732	  3.76981	  72.03378	  73.02238
 15976	  11.59732	  3.76981	  72.03378	  73.02238
 15956	  11.88999	  3.98852	  72.08352	  73.07178
 15974	  11.77726	  3.88391	  72.21691	  73.20422
 15959	  11.74251	  3.86955	  71.87519	  72.86491
 15956	  11.88999	  3.98852	  72.08352	  73.07178
 15976	  11.59732	  3.76981	  72.03378	  73.02238
 15978	  11.41496	  3.59931	  71.85676	  72.8466
 15959	  11.74251	  3.86955	  71.87519	  72.86491
 15976	  11.59732	  3.76981	  72.03378	  73.02238
 15963	  11.58078	  3.69596	  71.68217	  72.67325
 15959	  11.74251	  3.86955	  71.87519	  72.86491
 15978	  11.41496	  3.59931	  71.85676	  72.8466
 15980	  11.25747	  3.42859	  71.70437	  72.6953
 15963	  11.58078	  3.69596	  71.68217	  72.67325
 15978	  11.41496	  3.59931	  71.85676	  72.8466
 15962	  11.44184	  3.52246	  71.5154	  72.50766
 15963	  11.58078	  3.69596	  71.68217	  72.67325
 15980	  11.25747	  3.42859	  71.70437	  72.6953
 15980	  11.25747	  3.42859	  71.70437	  72.6953
 15967	  11.27208	  3.22647	  71.34068	  72.33415
 15962	  11.44184	  3.52246	  71.5154	  72.50766
 15983	  11.0722	  3.13492	  71.54169	  72.53375
 15967	  11.27208	  3.22647	  71.34068	  72.33415
 15980	  11.25747	  3.42859	  71.70437	  72.6953
 15967	  11.27208	  3.22647	  71.34068	  72.33415
 15983	  11.0722	  3.13492	  71.54169	  72.53375
 15966	  11.13698	  2.88678	  71.20197	  72.19643
 15966	  11.13698	  2.88678	  71.20197	  72.19643
 15983	  11.0722	  3.13492	  71.54169	  72.53375
 15982	  10.92262	  2.79739	  71.41421	  72.40717
 15966	  11.13698	  2.88678	  71.20197	  72.19643
 15982	  10.92262	  2.79739	  71.41421	  72.40717
 15969	  10.88295	  2.03141	  71.01087	  72.00667
 15969	  10.88295	  2.03141	  71.01087	  72.00667
 15982	  10.92262	  2.79739	  71.41421	  72.40717
 15986	  10.66434	  1.94267	  71.2264	  72.22069
 15986	  10.66434	  1.94267	  71.2264	  72.22069
 15971	  10.72393	  1.38032	  70.97861	  71.97464
 15969	  10.88295	  2.03141	  71.01087	  72.00667
 15989	  10.53832	  1.28664	  71.16856	  72.16324
 15971	  10.72393	  1.38032	  70.97861	  71.97464
 15986	  10.66434	  1.94267	  71.2264	  72.22069
 15962	  11.44184	  3.52246	  71.5154	  72.50766
 15961	  11.80788	  3.60555	  71.52789	  72.52005
 15963	  11.58078	  3.69596	  71.68217	  72.67325
 15960	  11.69027	  3.42886	  71.34457	  72.33801
 15961	  11.80788	  3.60555	  71.52789	  72.52005
 15962	  11.44184	  3.52246	  71.5154	  72.50766
 15967	  11.27208	  3.22647	  71.34068	  72.33415
 15960	  11.69027	  3.42886	  71.34457	  72.33801
 15962	  11.44184	  3.52246	  71.5154	  72.50766
 15965	  11.53838	  3.13018	  71.15598	  72.15076
 15960	  11.69027	  3.42886	  71.34457	  72.33801
 15967	  11.27208	  3.22647	  71.34068	  72.33415
 15966	  11.13698	  2.88678	  71.20197	  72.19643
 15965	  11.53838	  3.13018	  71.15598	  72.15076
 15967	  11.27208	  3.22647	  71.34068	  72.33415
 15964	  11.41993	  2.788	  71.00436	  72.00018
 15965	  11.53838	  3.13018	  71.15598	  72.15076
 15966	  11.13698	  2.88678	  71.20197	  72.19643
 15969	  10.88295	  2.03141	  71.01087	  72.00667
 15964	  11.41993	  2.788	  71.00436	  72.00018
 15966	  11.13698	  2.88678	  71.20197	  72.19643
 15968	  11.1708	  1.93191	  70.80946	  71.80667
 15964	  11.41993	  2.788	  71.00436	  72.00018
 15969	  10.88295	  2.03141	  71.01087	  72.00667
 15968	  11.1708	  1.93191	  70.80946	  71.80667
 15969	  10.88295	  2.03141	  71.01087	  72.00667
 15970	  10.97381	  1.2865	  70.80666	  71.80389
 15970	  10.97381	  1.2865	  70.80666	  71.80389
 15969	  10.88295	  2.03141	  71.01087	  72.00667
 15971	  10.72393	  1.38032	  70.97861	  71.97464
 15970	  10.97381	  1.2865	  70.80666	  71.80389
 15971	  10.72393	  1.38032	  70.97861	  71.97464
 15950	  10.8495	  0.43481	  70.8809	  71.87761
 15950	  10.8495	  0.43481	  70.8809	  71.87761
 15971	  10.72393	  1.38032	  70.97861	  71.97464
 15951	  10.6378	  0.52291	  71.02325	  72.01895
 15971	  10.72393	  1.38032	  70.97861	  71.97464
 15989	  10.53832	  1.28664	  71.16856	  72.16324
 15951	  10.6378	  0.52291	  71.02325	  72.01895
 15951	  10.6378	  0.52291	  71.02325	  72.01895
 15989	  10.53832	  1.28664	  71.16856	  72.16324
 15988	  10.48537	  0.42425	  71.18745	  72.18201
 15988	  10.48537	  0.42425	  71.18745	  72.18201
 15989	  10.53832	  1.28664	  71.16856	  72.16324
 15990	  10.31397	  0.56793	  71.27514	  72.26909
 15990	  10.31397	  0.56793	  71.27514	  72.26909
 15989	  10.53832	  1.28664	  71.16856	  72.16324
 15991	  10.33855	  1.43457	  71.27827	  72.27219
 15989	  10.53832	  1.28664	  71.16856	  72.16324
 15986	  10.66434	  1.94267	  71.2264	  72.22069
 15991	  10.33855	  1.43457	  71.27827	  72.27219
 15991	  10.33855	  1.43457	  71.27827	  72.27219
 15986	  10.66434	  1.94267	  71.2264	  72.22069
 15987	  10.43635	  2.09484	  71.35801	  72.35136
 15950	  10.8495	  0.43481	  70.8809	  71.87761
 15951	  10.6378	  0.52291	  71.02325	  72.01895
 15952	  10.55426	 -0.83549	  71.32072	  72.31433
 15952	  10.55426	 -0.83549	  71.32072	  72.31433
 15951	  10.6378	  0.52291	  71.02325	  72.01895
 15953	  10.51425	 -0.75954	  71.32468	  72.31827
 15953	  10.51425	 -0.75954	  71.32468	  72.31827
 15951	  10.6378	  0.52291	  71.02325	  72.01895
 15988	  10.48537	  0.42425	  71.18745	  72.18201
 15992	  10.50377	 -0.82842	  71.35929	  72.35263
 15953	  10.51425	 -0.75954	  71.32468	  72.31827
 15988	  10.48537	  0.42425	  71.18745	  72.18201
 15992	  10.50377	 -0.82842	  71.35929	  72.35263
 15988	  10.48537	  0.42425	  71.18745	  72.18201
 15993	  10.47103	 -0.75527	  71.35836	  72.35172
 15993	  10.47103	 -0.75527	  71.35836	  72.35172
 15988	  10.48537	  0.42425	  71.18745	  72.18201
 15990	  10.31397	  0.56793	  71.27514	  72.26909
 15993	  10.47103	 -0.75527	  71.35836	  72.35172
 15990	  10.31397	  0.56793	  71.27514	  72.26909
 16004	  10.44983	 -0.82087	  71.40049	  72.39355
 16004	  10.44983	 -0.82087	  71.40049	  72.39355
 15990	  10.31397	  0.56793	  71.27514	  72.26909
 16002	  10.07157	  0.55035	  71.48322	  72.47569
 15990	  10.31397	  0.56793	  71.27514	  72.26909
 15991	  10.33855	  1.43457	  71.27827	  72.27219
 16002	  10.07157	  0.55035	  71.48322	  72.47569
 16002	  10.07157	  0.55035	  71.48322	  72.47569
 15991	  10.33855	  1.43457	  71.27827	  72.27219
 16003	  10.04827	  1.42416	  71.52351	  72.5157
 15991	  10.33855	  1.43457	  71.27827	  72.27219
 15987	  10.43635	  2.09484	  71.35801	  72.35136
 16003	  10.04827	  1.42416	  71.52351	  72.5157
 16003	  10.04827	  1.42416	  71.52351	  72.5157
 15987	  10.43635	  2.09484	  71.35801	  72.35136
 16001	  10.09846	  2.09156	  71.64017	  72.63155
 15987	  10.43635	  2.09484	  71.35801	  72.35136
 16000	  10.37974	  2.87134	  71.83739	  72.82738
 16001	  10.09846	  2.09156	  71.64017	  72.63155
 15984	  10.69827	  2.94902	  71.54301	  72.53506
 16000	  10.37974	  2.87134	  71.83739	  72.82738
 15987	  10.43635	  2.09484	  71.35801	  72.35136
 15984	  10.69827	  2.94902	  71.54301	  72.53506
 15999	  10.56257	  3.20387	  71.93908	  72.92834
 16000	  10.37974	  2.87134	  71.83739	  72.82738
 15985	  10.86022	  3.28469	  71.66088	  72.6521
 15999	  10.56257	  3.20387	  71.93908	  72.92834
 15984	  10.69827	  2.94902	  71.54301	  72.53506
 15999	  10.56257	  3.20387	  71.93908	  72.92834
 15985	  10.86022	  3.28469	  71.66088	  72.6521
 15998	  10.78352	  3.49219	  72.07407	  73.06239
 15998	  10.78352	  3.49219	  72.07407	  73.06239
 15985	  10.86022	  3.28469	  71.66088	  72.6521
 15981	  11.05877	  3.57637	  71.81327	  72.80342
 15981	  11.05877	  3.57637	  71.81327	  72.80342
 15997	  10.98361	  3.65653	  72.19338	  73.18088
 15998	  10.78352	  3.49219	  72.07407	  73.06239
 15979	  11.2321	  3.74471	  71.95333	  72.9425
 15997	  10.98361	  3.65653	  72.19338	  73.18088
 15981	  11.05877	  3.57637	  71.81327	  72.80342
 15997	  10.98361	  3.65653	  72.19338	  73.18088
 15979	  11.2321	  3.74471	  71.95333	  72.9425
 15996	  11.2134	  3.81991	  72.33361	  73.32011
 15996	  11.2134	  3.81991	  72.33361	  73.32011
 15979	  11.2321	  3.74471	  71.95333	  72.9425
 15977	  11.43211	  3.91256	  72.11665	  73.10468
 15977	  11.43211	  3.91256	  72.11665	  73.10468
 15995	  11.47982	  3.95237	  72.43343	  73.41924
 15996	  11.2134	  3.81991	  72.33361	  73.32011
 15975	  11.6398	  4.02251	  72.27828	  73.26517
 15995	  11.47982	  3.95237	  72.43343	  73.41924
 15977	  11.43211	  3.91256	  72.11665	  73.10468
 15975	  11.6398	  4.02251	  72.27828	  73.26517
 15994	  11.80744	  3.96643	  72.51728	  73.5025
 15995	  11.47982	  3.95237	  72.43343	  73.41924
 15973	  11.90429	  4.02145	  72.46407	  73.44966
 15994	  11.80744	  3.96643	  72.51728	  73.5025
 15975	  11.6398	  4.02251	  72.27828	  73.26517
 15974	  11.77726	  3.88391	  72.21691	  73.20422
 15973	  11.90429	  4.02145	  72.46407	  73.44966
 15975	  11.6398	  4.02251	  72.27828	  73.26517
 15972	  11.95658	  4.01407	  72.42365	  73.40952
 15973	  11.90429	  4.02145	  72.46407	  73.44966
 15974	  11.77726	  3.88391	  72.21691	  73.20422
 15974	  11.77726	  3.88391	  72.21691	  73.20422
 15957	  12.01785	  4.00487	  72.3765	  73.3627
 15972	  11.95658	  4.01407	  72.42365	  73.40952
 15956	  11.88999	  3.98852	  72.08352	  73.07178
 15957	  12.01785	  4.00487	  72.3765	  73.3627
 15974	  11.77726	  3.88391	  72.21691	  73.20422
 15956	  11.88999	  3.98852	  72.08352	  73.07178
 15955	  12.07976	  3.92666	  72.30727	  73.29396
 15957	  12.01785	  4.00487	  72.3765	  73.3627
 15954	  12.05602	  3.90726	  71.97662	  72.96562
 15955	  12.07976	  3.92666	  72.30727	  73.29396
 15956	  11.88999	  3.98852	  72.08352	  73.07178
 15959	  11.74251	  3.86955	  71.87519	  72.86491
 15954	  12.05602	  3.90726	  71.97662	  72.96562
 15956	  11.88999	  3.98852	  72.08352	  73.07178
 15958	  11.94587	  3.78269	  71.73931	  72.73
 15954	  12.05602	  3.90726	  71.97662	  72.96562
 15959	  11.74251	  3.86955	  71.87519	  72.86491
 15963	  11.58078	  3.69596	  71.68217	  72.67325
 15958	  11.94587	  3.78269	  71.73931	  72.73
 15959	  11.74251	  3.86955	  71.87519	  72.86491
 15961	  11.80788	  3.60555	  71.52789	  72.52005
 15958	  11.94587	  3.78269	  71.73931	  72.73
 15963	  11.58078	  3.69596	  71.68217	  72.67325
 16445	 -16.41963	  1.07588	  58.00167	  59.08887
 16461	 -15.84084	  1.05065	  57.82548	  58.91393
 16446	 -16.51464	  1.36024	  58.10835	  59.19479
 16445	 -16.41963	  1.07588	  58.00167	  59.08887
 16446	 -16.51464	  1.36024	  58.10835	  59.19479
 16447	 -17.13312	  0.72857	  58.42826	  59.51247
 16447	 -17.13312	  0.72857	  58.42826	  59.51247
 16446	 -16.51464	  1.36024	  58.10835	  59.19479
 16448	 -17.1091	  0.807	  58.44193	  59.52605
 16448	 -17.1091	  0.807	  58.44193	  59.52605
 16446	 -16.51464	  1.36024	  58.10835	  59.19479
 16481	 -16.5996	  1.38205	  58.30903	  59.39407
 16483	 -17.13766	  0.77142	  58.4763	  59.56017
 16448	 -17.1091	  0.807	  58.44193	  59.52605
 16481	 -16.5996	  1.38205	  58.30903	  59.39407
 16483	 -17.13766	  0.77142	  58.4763	  59.56017
 16481	 -16.5996	  1.38205	  58.30903	  59.39407
 16484	 -17.11368	  0.84255	  58.48367	  59.56747
 16484	 -17.11368	  0.84255	  58.48367	  59.56747
 16481	 -16.5996	  1.38205	  58.30903	  59.39407
 16482	 -16.54272	  1.63231	  58.42016	  59.50441
 16484	 -17.11368	  0.84255	  58.48367	  59.56747
 16482	 -16.54272	  1.63231	  58.42016	  59.50441
 16494	 -17.1425	  0.81719	  58.5276	  59.61111
 16494	 -17.1425	  0.81719	  58.5276	  59.61111
 16482	 -16.54272	  1.63231	  58.42016	  59.50441
 16493	 -16.58385	  1.80346	  58.67144	  59.75394
 16482	 -16.54272	  1.63231	  58.42016	  59.50441
 16492	 -15.80542	  2.18888	  58.70045	  59.78275
 16493	 -16.58385	  1.80346	  58.67144	  59.75394
 16479	 -15.67089	  2.19149	  58.36871	  59.45332
 16492	 -15.80542	  2.18888	  58.70045	  59.78275
 16482	 -16.54272	  1.63231	  58.42016	  59.50441
 16479	 -15.67089	  2.19149	  58.36871	  59.45332
 16491	 -15.22633	  2.21282	  58.73751	  59.81953
 16492	 -15.80542	  2.18888	  58.70045	  59.78275
 16480	 -15.08093	  2.15591	  58.36369	  59.44835
 16491	 -15.22633	  2.21282	  58.73751	  59.81953
 16479	 -15.67089	  2.19149	  58.36871	  59.45332
 16480	 -15.08093	  2.15591	  58.36369	  59.44835
 16490	 -14.94325	  2.08752	  58.74207	  59.82407
 16491	 -15.22633	  2.21282	  58.73751	  59.81953
 16475	 -14.81353	  1.99922	  58.39686	  59.48128
 16490	 -14.94325	  2.08752	  58.74207	  59.82407
 16480	 -15.08093	  2.15591	  58.36369	  59.44835
 16475	 -14.81353	  1.99922	  58.39686	  59.48128
 16489	 -14.689	  1.91182	  58.76533	  59.84715
 16490	 -14.94325	  2.08752	  58.74207	  59.82407
 16476	 -14.57545	  1.79111	  58.44961	  59.53366
 16489	 -14.689	  1.91182	  58.76533	  59.84715
 16475	 -14.81353	  1.99922	  58.39686	  59.48128
 16476	 -14.57545	  1.79111	  58.44961	  59.53366
 16488	 -14.41065	  1.54228	  58.83746	  59.91878
 16489	 -14.689	  1.91182	  58.76533	  59.84715
 16472	 -14.27495	  1.46085	  58.56615	  59.64938
 16488	 -14.41065	  1.54228	  58.83746	  59.91878
 16476	 -14.57545	  1.79111	  58.44961	  59.53366
 16472	 -14.27495	  1.46085	  58.56615	  59.64938
 16469	 -14.06896	  0.87074	  58.58167	  59.66479
 16470	 -14.04499	  1.04887	  58.71545	  59.79764
 16470	 -14.04499	  1.04887	  58.71545	  59.79764
 16467	 -13.84959	  0.3545	  58.73331	  59.81537
 16468	 -13.86702	  0.42564	  58.86253	  59.94368
 16469	 -14.06896	  0.87074	  58.58167	  59.66479
 16467	 -13.84959	  0.3545	  58.73331	  59.81537
 16470	 -14.04499	  1.04887	  58.71545	  59.79764
 16469	 -14.06896	  0.87074	  58.58167	  59.66479
 16451	 -13.77818	  0.25738	  58.62241	  59.70526
 16467	 -13.84959	  0.3545	  58.73331	  59.81537
 16454	 -13.9167	  0.9297	  58.40185	  59.48624
 16451	 -13.77818	  0.25738	  58.62241	  59.70526
 16469	 -14.06896	  0.87074	  58.58167	  59.66479
 16471	 -14.30272	  1.25648	  58.43546	  59.51961
 16454	 -13.9167	  0.9297	  58.40185	  59.48624
 16469	 -14.06896	  0.87074	  58.58167	  59.66479
 16471	 -14.30272	  1.25648	  58.43546	  59.51961
 16469	 -14.06896	  0.87074	  58.58167	  59.66479
 16472	 -14.27495	  1.46085	  58.56615	  59.64938
 16476	 -14.57545	  1.79111	  58.44961	  59.53366
 16471	 -14.30272	  1.25648	  58.43546	  59.51961
 16472	 -14.27495	  1.46085	  58.56615	  59.64938
 16472	 -14.27495	  1.46085	  58.56615	  59.64938
 16487	 -14.20247	  1.08476	  58.93839	  60.01901
 16488	 -14.41065	  1.54228	  58.83746	  59.91878
 16470	 -14.04499	  1.04887	  58.71545	  59.79764
 16487	 -14.20247	  1.08476	  58.93839	  60.01901
 16472	 -14.27495	  1.46085	  58.56615	  59.64938
 16470	 -14.04499	  1.04887	  58.71545	  59.79764
 16486	 -14.003	  0.47064	  58.99934	  60.07953
 16487	 -14.20247	  1.08476	  58.93839	  60.01901
 16468	 -13.86702	  0.42564	  58.86253	  59.94368
 16486	 -14.003	  0.47064	  58.99934	  60.07953
 16470	 -14.04499	  1.04887	  58.71545	  59.79764
 16468	 -13.86702	  0.42564	  58.86253	  59.94368
 16485	 -13.90826	  0.00025	  58.93511	  60.01575
 16486	 -14.003	  0.47064	  58.99934	  60.07953
 16466	 -13.82773	 -0.05243	  58.87844	  59.95947
 16485	 -13.90826	  0.00025	  58.93511	  60.01575
 16468	 -13.86702	  0.42564	  58.86253	  59.94368
 16467	 -13.84959	  0.3545	  58.73331	  59.81537
 16466	 -13.82773	 -0.05243	  58.87844	  59.95947
 16468	 -13.86702	  0.42564	  58.86253	  59.94368
 16465	 -13.82202	 -0.10303	  58.84304	  59.92433
 16466	 -13.82773	 -0.05243	  58.87844	  59.95947
 16467	 -13.84959	  0.3545	  58.73331	  59.81537
 16467	 -13.84959	  0.3545	  58.73331	  59.81537
 16452	 -13.76189	 -0.09683	  58.77532	  59.85709
 16465	 -13.82202	 -0.10303	  58.84304	  59.92433
 16451	 -13.77818	  0.25738	  58.62241	  59.70526
 16452	 -13.76189	 -0.09683	  58.77532	  59.85709
 16467	 -13.84959	  0.3545	  58.73331	  59.81537
 16451	 -13.77818	  0.25738	  58.62241	  59.70526
 16450	 -13.75037	 -0.10619	  58.68783	  59.7702
 16452	 -13.76189	 -0.09683	  58.77532	  59.85709
 16449	 -13.75139	  0.10435	  58.52544	  59.60896
 16450	 -13.75037	 -0.10619	  58.68783	  59.7702
 16451	 -13.77818	  0.25738	  58.62241	  59.70526
 16449	 -13.75139	  0.10435	  58.52544	  59.60896
 16451	 -13.77818	  0.25738	  58.62241	  59.70526
 16453	 -13.94162	  0.7143	  58.24656	  59.33205
 16453	 -13.94162	  0.7143	  58.24656	  59.33205
 16451	 -13.77818	  0.25738	  58.62241	  59.70526
 16454	 -13.9167	  0.9297	  58.40185	  59.48624
 16456	 -14.15988	  1.29156	  58.21861	  59.30428
 16453	 -13.94162	  0.7143	  58.24656	  59.33205
 16454	 -13.9167	  0.9297	  58.40185	  59.48624
 16456	 -14.15988	  1.29156	  58.21861	  59.30428
 16454	 -13.9167	  0.9297	  58.40185	  59.48624
 16471	 -14.30272	  1.25648	  58.43546	  59.51961
 16474	 -14.60705	  1.56033	  58.32203	  59.40698
 16456	 -14.15988	  1.29156	  58.21861	  59.30428
 16471	 -14.30272	  1.25648	  58.43546	  59.51961
 16474	 -14.60705	  1.56033	  58.32203	  59.40698
 16471	 -14.30272	  1.25648	  58.43546	  59.51961
 16476	 -14.57545	  1.79111	  58.44961	  59.53366
 16460	 -14.49331	  1.53285	  58.0687	  59.15544
 16456	 -14.15988	  1.29156	  58.21861	  59.30428
 16474	 -14.60705	  1.56033	  58.32203	  59.40698
 16460	 -14.49331	  1.53285	  58.0687	  59.15544
 16474	 -14.60705	  1.56033	  58.32203	  59.40698
 16459	 -14.76906	  1.64454	  58.00437	  59.09155
 16459	 -14.76906	  1.64454	  58.00437	  59.09155
 16474	 -14.60705	  1.56033	  58.32203	  59.40698
 16473	 -14.85583	  1.73178	  58.25094	  59.3364
 16459	 -14.76906	  1.64454	  58.00437	  59.09155
 16473	 -14.85583	  1.73178	  58.25094	  59.3364
 16464	 -15.07298	  1.70781	  57.96	  59.0475
 16464	 -15.07298	  1.70781	  57.96	  59.0475
 16473	 -14.85583	  1.73178	  58.25094	  59.3364
 16478	 -15.13361	  1.85297	  58.20004	  59.28584
 16464	 -15.07298	  1.70781	  57.96	  59.0475
 16478	 -15.13361	  1.85297	  58.20004	  59.28584
 16463	 -15.69201	  1.69123	  57.9659	  59.05336
 16463	 -15.69201	  1.69123	  57.9659	  59.05336
 16478	 -15.13361	  1.85297	  58.20004	  59.28584
 16477	 -15.75091	  1.83506	  58.21587	  59.30156
 16475	 -14.81353	  1.99922	  58.39686	  59.48128
 16474	 -14.60705	  1.56033	  58.32203	  59.40698
 16476	 -14.57545	  1.79111	  58.44961	  59.53366
 16473	 -14.85583	  1.73178	  58.25094	  59.3364
 16474	 -14.60705	  1.56033	  58.32203	  59.40698
 16475	 -14.81353	  1.99922	  58.39686	  59.48128
 16480	 -15.08093	  2.15591	  58.36369	  59.44835
 16473	 -14.85583	  1.73178	  58.25094	  59.3364
 16475	 -14.81353	  1.99922	  58.39686	  59.48128
 16478	 -15.13361	  1.85297	  58.20004	  59.28584
 16473	 -14.85583	  1.73178	  58.25094	  59.3364
 16480	 -15.08093	  2.15591	  58.36369	  59.44835
 16479	 -15.67089	  2.19149	  58.36871	  59.45332
 16478	 -15.13361	  1.85297	  58.20004	  59.28584
 16480	 -15.08093	  2.15591	  58.36369	  59.44835
 16477	 -15.75091	  1.83506	  58.21587	  59.30156
 16478	 -15.13361	  1.85297	  58.20004	  59.28584
 16479	 -15.67089	  2.19149	  58.36871	  59.45332
 16482	 -16.54272	  1.63231	  58.42016	  59.50441
 16477	 -15.75091	  1.83506	  58.21587	  59.30156
 16479	 -15.67089	  2.19149	  58.36871	  59.45332
 16481	 -16.5996	  1.38205	  58.30903	  59.39407
 16477	 -15.75091	  1.83506	  58.21587	  59.30156
 16482	 -16.54272	  1.63231	  58.42016	  59.50441
 16446	 -16.51464	  1.36024	  58.10835	  59.19479
 16477	 -15.75091	  1.83506	  58.21587	  59.30156
 16481	 -16.5996	  1.38205	  58.30903	  59.39407
 16463	 -15.69201	  1.69123	  57.9659	  59.05336
 16477	 -15.75091	  1.83506	  58.21587	  59.30156
 16446	 -16.51464	  1.36024	  58.10835	  59.19479
 16446	 -16.51464	  1.36024	  58.10835	  59.19479
 16461	 -15.84084	  1.05065	  57.82548	  58.91393
 16463	 -15.69201	  1.69123	  57.9659	  59.05336
 16461	 -15.84084	  1.05065	  57.82548	  58.91393
 16462	 -15.21187	  1.09014	  57.81385	  58.90237
 16463	 -15.69201	  1.69123	  57.9659	  59.05336
 16463	 -15.69201	  1.69123	  57.9659	  59.05336
 16462	 -15.21187	  1.09014	  57.81385	  58.90237
 16464	 -15.07298	  1.70781	  57.96	  59.0475
 16462	 -15.21187	  1.09014	  57.81385	  58.90237
 16457	 -14.8846	  1.10496	  57.8431	  58.93143
 16464	 -15.07298	  1.70781	  57.96	  59.0475
 16464	 -15.07298	  1.70781	  57.96	  59.0475
 16457	 -14.8846	  1.10496	  57.8431	  58.93143
 16459	 -14.76906	  1.64454	  58.00437	  59.09155
 16457	 -14.8846	  1.10496	  57.8431	  58.93143
 16458	 -14.58474	  1.07387	  57.89184	  58.97981
 16459	 -14.76906	  1.64454	  58.00437	  59.09155
 16459	 -14.76906	  1.64454	  58.00437	  59.09155
 16458	 -14.58474	  1.07387	  57.89184	  58.97981
 16460	 -14.49331	  1.53285	  58.0687	  59.15544
 16458	 -14.58474	  1.07387	  57.89184	  58.97981
 16455	 -14.20234	  0.96664	  58.04057	  59.12749
 16460	 -14.49331	  1.53285	  58.0687	  59.15544
 16460	 -14.49331	  1.53285	  58.0687	  59.15544
 16455	 -14.20234	  0.96664	  58.04057	  59.12749
 16456	 -14.15988	  1.29156	  58.21861	  59.30428
 16455	 -14.20234	  0.96664	  58.04057	  59.12749
 16453	 -13.94162	  0.7143	  58.24656	  59.33205
 16456	 -14.15988	  1.29156	  58.21861	  59.30428
 16290	 -18.38112	  4.16599	  57.57653	  58.66672
 16288	 -18.77648	  4.36896	  57.17928	  58.27226
 16291	 -18.19545	  4.16412	  57.33181	  58.42372
 16293	 -17.6838	  3.70473	  57.72544	  58.81458
 16290	 -18.38112	  4.16599	  57.57653	  58.66672
 16291	 -18.19545	  4.16412	  57.33181	  58.42372
 16292	 -17.89155	  3.78812	  57.97123	  59.05865
 16290	 -18.38112	  4.16599	  57.57653	  58.66672
 16293	 -17.6838	  3.70473	  57.72544	  58.81458
 16292	 -17.89155	  3.78812	  57.97123	  59.05865
 16293	 -17.6838	  3.70473	  57.72544	  58.81458
 16295	 -17.6461	  3.53186	  58.15115	  59.23729
 16295	 -17.6461	  3.53186	  58.15115	  59.23729
 16293	 -17.6838	  3.70473	  57.72544	  58.81458
 16297	 -17.44484	  3.42703	  57.90859	  58.99644
 16296	 -17.25808	  3.13057	  58.09354	  59.1801
 16295	 -17.6461	  3.53186	  58.15115	  59.23729
 16297	 -17.44484	  3.42703	  57.90859	  58.99644
 16294	 -17.45336	  3.25514	  58.33312	  59.418
 16295	 -17.6461	  3.53186	  58.15115	  59.23729
 16296	 -17.25808	  3.13057	  58.09354	  59.1801
 16294	 -17.45336	  3.25514	  58.33312	  59.418
 16296	 -17.25808	  3.13057	  58.09354	  59.1801
 16298	 -17.29416	  2.88144	  58.44358	  59.52768
 16298	 -17.29416	  2.88144	  58.44358	  59.52768
 16296	 -17.25808	  3.13057	  58.09354	  59.1801
 16299	 -17.12809	  2.73605	  58.2376	  59.32315
 16281	 -17.07325	  2.06191	  58.48881	  59.57259
 16298	 -17.29416	  2.88144	  58.44358	  59.52768
 16299	 -17.12809	  2.73605	  58.2376	  59.32315
 16293	 -17.6838	  3.70473	  57.72544	  58.81458
 16306	 -18.07279	  3.92827	  57.13082	  58.22415
 16308	 -17.5151	  3.50462	  57.52818	  58.6187
 16308	 -17.5151	  3.50462	  57.52818	  58.6187
 16297	 -17.44484	  3.42703	  57.90859	  58.99644
 16293	 -17.6838	  3.70473	  57.72544	  58.81458
 16311	 -17.29052	  3.20598	  57.72683	  58.81596
 16297	 -17.44484	  3.42703	  57.90859	  58.99644
 16308	 -17.5151	  3.50462	  57.52818	  58.6187
 16297	 -17.44484	  3.42703	  57.90859	  58.99644
 16311	 -17.29052	  3.20598	  57.72683	  58.81596
 16296	 -17.25808	  3.13057	  58.09354	  59.1801
 16296	 -17.25808	  3.13057	  58.09354	  59.1801
 16311	 -17.29052	  3.20598	  57.72683	  58.81596
 16310	 -17.117	  2.89022	  57.92605	  59.01378
 16310	 -17.117	  2.89022	  57.92605	  59.01378
 16299	 -17.12809	  2.73605	  58.2376	  59.32315
 16296	 -17.25808	  3.13057	  58.09354	  59.1801
 16315	 -17.02612	  2.47685	  58.09582	  59.18236
 16299	 -17.12809	  2.73605	  58.2376	  59.32315
 16310	 -17.117	  2.89022	  57.92605	  59.01378
 16299	 -17.12809	  2.73605	  58.2376	  59.32315
 16315	 -17.02612	  2.47685	  58.09582	  59.18236
 16281	 -17.07325	  2.06191	  58.48881	  59.57259
 16281	 -17.07325	  2.06191	  58.48881	  59.57259
 16315	 -17.02612	  2.47685	  58.09582	  59.18236
 16314	 -17.02366	  1.77746	  58.38142	  59.46594
 16314	 -17.02366	  1.77746	  58.38142	  59.46594
 16315	 -17.02612	  2.47685	  58.09582	  59.18236
 16316	 -16.90497	  1.71301	  58.25062	  59.33607
 16316	 -16.90497	  1.71301	  58.25062	  59.33607
 16315	 -17.02612	  2.47685	  58.09582	  59.18236
 16317	 -16.88136	  2.41534	  57.93884	  59.02647
 16315	 -17.02612	  2.47685	  58.09582	  59.18236
 16310	 -17.117	  2.89022	  57.92605	  59.01378
 16317	 -16.88136	  2.41534	  57.93884	  59.02647
 16317	 -16.88136	  2.41534	  57.93884	  59.02647
 16310	 -17.117	  2.89022	  57.92605	  59.01378
 16312	 -16.95275	  2.83091	  57.7495	  58.83847
 16310	 -17.117	  2.89022	  57.92605	  59.01378
 16311	 -17.29052	  3.20598	  57.72683	  58.81596
 16312	 -16.95275	  2.83091	  57.7495	  58.83847
 16312	 -16.95275	  2.83091	  57.7495	  58.83847
 16311	 -17.29052	  3.20598	  57.72683	  58.81596
 16313	 -17.12418	  3.16769	  57.54511	  58.63553
 16311	 -17.29052	  3.20598	  57.72683	  58.81596
 16308	 -17.5151	  3.50462	  57.52818	  58.6187
 16313	 -17.12418	  3.16769	  57.54511	  58.63553
 16313	 -17.12418	  3.16769	  57.54511	  58.63553
 16308	 -17.5151	  3.50462	  57.52818	  58.6187
 16309	 -17.34648	  3.48916	  57.34084	  58.43268
 16308	 -17.5151	  3.50462	  57.52818	  58.6187
 16307	 -17.93345	  3.91974	  56.98608	  58.08041
 16309	 -17.34648	  3.48916	  57.34084	  58.43268
 16280	 -17.20019	  2.23518	  58.64977	  59.73242
 16298	 -17.29416	  2.88144	  58.44358	  59.52768
 16281	 -17.07325	  2.06191	  58.48881	  59.57259
 16280	 -17.20019	  2.23518	  58.64977	  59.73242
 16281	 -17.07325	  2.06191	  58.48881	  59.57259
 16282	 -17.2969	  0.89177	  58.70274	  59.78502
 16282	 -17.2969	  0.89177	  58.70274	  59.78502
 16281	 -17.07325	  2.06191	  58.48881	  59.57259
 16283	 -17.25502	  0.91218	  58.66917	  59.75168
 16283	 -17.25502	  0.91218	  58.66917	  59.75168
 16281	 -17.07325	  2.06191	  58.48881	  59.57259
 16314	 -17.02366	  1.77746	  58.38142	  59.46594
 16318	 -17.27219	  0.83411	  58.6664	  59.74893
 16283	 -17.25502	  0.91218	  58.66917	  59.75168
 16314	 -17.02366	  1.77746	  58.38142	  59.46594
 16318	 -17.27219	  0.83411	  58.6664	  59.74893
 16314	 -17.02366	  1.77746	  58.38142	  59.46594
 16319	 -17.23481	  0.86207	  58.63857	  59.7213
 16319	 -17.23481	  0.86207	  58.63857	  59.7213
 16314	 -17.02366	  1.77746	  58.38142	  59.46594
 16316	 -16.90497	  1.71301	  58.25062	  59.33607
 16319	 -17.23481	  0.86207	  58.63857	  59.7213
 16316	 -16.90497	  1.71301	  58.25062	  59.33607
 16329	 -17.24656	  0.77362	  58.62817	  59.71097
 16329	 -17.24656	  0.77362	  58.62817	  59.71097
 16316	 -16.90497	  1.71301	  58.25062	  59.33607
 16327	 -16.79852	  1.39771	  58.08012	  59.16678
 16316	 -16.90497	  1.71301	  58.25062	  59.33607
 16317	 -16.88136	  2.41534	  57.93884	  59.02647
 16327	 -16.79852	  1.39771	  58.08012	  59.16678
 16327	 -16.79852	  1.39771	  58.08012	  59.16678
 16317	 -16.88136	  2.41534	  57.93884	  59.02647
 16328	 -16.72437	  2.0385	  57.7232	  58.81236
 16328	 -16.72437	  2.0385	  57.7232	  58.81236
 16317	 -16.88136	  2.41534	  57.93884	  59.02647
 16326	 -16.75803	  2.40811	  57.50018	  58.59091
 16326	 -16.75803	  2.40811	  57.50018	  58.59091
 16317	 -16.88136	  2.41534	  57.93884	  59.02647
 16312	 -16.95275	  2.83091	  57.7495	  58.83847
 16312	 -16.95275	  2.83091	  57.7495	  58.83847
 16325	 -16.92282	  2.75586	  57.3012	  58.39333
 16326	 -16.75803	  2.40811	  57.50018	  58.59091
 16313	 -17.12418	  3.16769	  57.54511	  58.63553
 16325	 -16.92282	  2.75586	  57.3012	  58.39333
 16312	 -16.95275	  2.83091	  57.7495	  58.83847
 16325	 -16.92282	  2.75586	  57.3012	  58.39333
 16313	 -17.12418	  3.16769	  57.54511	  58.63553
 16324	 -17.13791	  3.08924	  57.10279	  58.1963
 16324	 -17.13791	  3.08924	  57.10279	  58.1963
 16313	 -17.12418	  3.16769	  57.54511	  58.63553
 16309	 -17.34648	  3.48916	  57.34084	  58.43268
 16309	 -17.34648	  3.48916	  57.34084	  58.43268
 16323	 -17.72258	  3.6128	  56.79154	  57.88724
 16324	 -17.13791	  3.08924	  57.10279	  58.1963
 16307	 -17.93345	  3.91974	  56.98608	  58.08041
 16323	 -17.72258	  3.6128	  56.79154	  57.88724
 16309	 -17.34648	  3.48916	  57.34084	  58.43268
 16307	 -17.93345	  3.91974	  56.98608	  58.08041
 16322	 -18.30232	  3.83172	  56.57224	  57.66948
 16323	 -17.72258	  3.6128	  56.79154	  57.88724
 16305	 -18.41226	  4.1311	  56.73754	  57.83362
 16322	 -18.30232	  3.83172	  56.57224	  57.66948
 16307	 -17.93345	  3.91974	  56.98608	  58.08041
 16305	 -18.41226	  4.1311	  56.73754	  57.83362
 16321	 -18.64536	  3.92644	  56.50773	  57.60542
 16322	 -18.30232	  3.83172	  56.57224	  57.66948
 16303	 -18.73454	  4.12836	  56.63525	  57.73204
 16321	 -18.64536	  3.92644	  56.50773	  57.60542
 16305	 -18.41226	  4.1311	  56.73754	  57.83362
 16303	 -18.73454	  4.12836	  56.63525	  57.73204
 16320	 -18.95522	  3.90904	  56.5155	  57.61313
 16321	 -18.64536	  3.92644	  56.50773	  57.60542
 16301	 -19.02713	  4.00551	  56.5628	  57.66011
 16320	 -18.95522	  3.90904	  56.5155	  57.61313
 16303	 -18.73454	  4.12836	  56.63525	  57.73204
 16302	 -18.82683	  4.08268	  56.73794	  57.83401
 16301	 -19.02713	  4.00551	  56.5628	  57.66011
 16303	 -18.73454	  4.12836	  56.63525	  57.73204
 16300	 -19.06146	  4.03748	  56.60511	  57.70212
 16301	 -19.02713	  4.00551	  56.5628	  57.66011
 16302	 -18.82683	  4.08268	  56.73794	  57.83401
 16302	 -18.82683	  4.08268	  56.73794	  57.83401
 16287	 -19.10326	  4.0727	  56.65569	  57.75235
 16300	 -19.06146	  4.03748	  56.60511	  57.70212
 16286	 -18.90337	  4.2784	  56.84284	  57.93819
 16287	 -19.10326	  4.0727	  56.65569	  57.75235
 16302	 -18.82683	  4.08268	  56.73794	  57.83401
 16286	 -18.90337	  4.2784	  56.84284	  57.93819
 16285	 -19.14134	  4.06861	  56.74158	  57.83763
 16287	 -19.10326	  4.0727	  56.65569	  57.75235
 16284	 -19.03618	  4.29265	  56.98719	  58.08153
 16285	 -19.14134	  4.06861	  56.74158	  57.83763
 16286	 -18.90337	  4.2784	  56.84284	  57.93819
 16284	 -19.03618	  4.29265	  56.98719	  58.08153
 16286	 -18.90337	  4.2784	  56.84284	  57.93819
 16288	 -18.77648	  4.36896	  57.17928	  58.27226
 16288	 -18.77648	  4.36896	  57.17928	  58.27226
 16286	 -18.90337	  4.2784	  56.84284	  57.93819
 16289	 -18.60158	  4.35797	  56.99085	  58.08516
 16291	 -18.19545	  4.16412	  57.33181	  58.42372
 16288	 -18.77648	  4.36896	  57.17928	  58.27226
 16289	 -18.60158	  4.35797	  56.99085	  58.08516
 16291	 -18.19545	  4.16412	  57.33181	  58.42372
 16289	 -18.60158	  4.35797	  56.99085	  58.08516
 16306	 -18.07279	  3.92827	  57.13082	  58.22415
 16291	 -18.19545	  4.16412	  57.33181	  58.42372
 16306	 -18.07279	  3.92827	  57.13082	  58.22415
 16293	 -17.6838	  3.70473	  57.72544	  58.81458
 16306	 -18.07279	  3.92827	  57.13082	  58.22415
 16289	 -18.60158	  4.35797	  56.99085	  58.08516
 16304	 -18.50237	  4.12475	  56.85308	  57.94835
 16306	 -18.07279	  3.92827	  57.13082	  58.22415
 16307	 -17.93345	  3.91974	  56.98608	  58.08041
 16308	 -17.5151	  3.50462	  57.52818	  58.6187
 16306	 -18.07279	  3.92827	  57.13082	  58.22415
 16305	 -18.41226	  4.1311	  56.73754	  57.83362
 16307	 -17.93345	  3.91974	  56.98608	  58.08041
 16304	 -18.50237	  4.12475	  56.85308	  57.94835
 16305	 -18.41226	  4.1311	  56.73754	  57.83362
 16306	 -18.07279	  3.92827	  57.13082	  58.22415
 16304	 -18.50237	  4.12475	  56.85308	  57.94835
 16303	 -18.73454	  4.12836	  56.63525	  57.73204
 16305	 -18.41226	  4.1311	  56.73754	  57.83362
 16302	 -18.82683	  4.08268	  56.73794	  57.83401
 16303	 -18.73454	  4.12836	  56.63525	  57.73204
 16304	 -18.50237	  4.12475	  56.85308	  57.94835
 16289	 -18.60158	  4.35797	  56.99085	  58.08516
 16302	 -18.82683	  4.08268	  56.73794	  57.83401
 16304	 -18.50237	  4.12475	  56.85308	  57.94835
 16286	 -18.90337	  4.2784	  56.84284	  57.93819
 16302	 -18.82683	  4.08268	  56.73794	  57.83401
 16289	 -18.60158	  4.35797	  56.99085	  58.08516
 16358	 -15.52421	  3.94767	  60.09711	  61.16959
 16357	 -15.65215	  4.24071	  60.31763	  61.38857
 16359	 -15.53891	  4.29956	  60.01702	  61.09006
 16356	 -15.66	  3.92663	  60.37624	  61.44676
 16357	 -15.65215	  4.24071	  60.31763	  61.38857
 16358	 -15.52421	  3.94767	  60.09711	  61.16959
 16358	 -15.52421	  3.94767	  60.09711	  61.16959
 16336	 -15.47761	  3.83075	  60.39719	  61.46756
 16356	 -15.66	  3.92663	  60.37624	  61.44676
 16339	 -15.3287	  3.77102	  60.11785	  61.19019
 16336	 -15.47761	  3.83075	  60.39719	  61.46756
 16358	 -15.52421	  3.94767	  60.09711	  61.16959
 16360	 -15.50243	  3.83025	  59.86137	  60.9355
 16339	 -15.3287	  3.77102	  60.11785	  61.19019
 16358	 -15.52421	  3.94767	  60.09711	  61.16959
 16341	 -15.3004	  3.60437	  59.89063	  60.96457
 16339	 -15.3287	  3.77102	  60.11785	  61.19019
 16360	 -15.50243	  3.83025	  59.86137	  60.9355
 16363	 -15.5108	  3.68134	  59.64883	  60.72446
 16341	 -15.3004	  3.60437	  59.89063	  60.96457
 16360	 -15.50243	  3.83025	  59.86137	  60.9355
 16345	 -15.30251	  3.40808	  59.6863	  60.76167
 16341	 -15.3004	  3.60437	  59.89063	  60.96457
 16363	 -15.5108	  3.68134	  59.64883	  60.72446
 16362	 -15.56296	  3.47567	  59.45365	  60.53065
 16345	 -15.30251	  3.40808	  59.6863	  60.76167
 16363	 -15.5108	  3.68134	  59.64883	  60.72446
 16344	 -15.33796	  3.19355	  59.49204	  60.56877
 16345	 -15.30251	  3.40808	  59.6863	  60.76167
 16362	 -15.56296	  3.47567	  59.45365	  60.53065
 16344	 -15.33796	  3.19355	  59.49204	  60.56877
 16362	 -15.56296	  3.47567	  59.45365	  60.53065
 16349	 -15.41098	  2.90848	  59.28576	  60.36394
 16349	 -15.41098	  2.90848	  59.28576	  60.36394
 16362	 -15.56296	  3.47567	  59.45365	  60.53065
 16367	 -15.65509	  3.20074	  59.24636	  60.32483
 16349	 -15.41098	  2.90848	  59.28576	  60.36394
 16367	 -15.65509	  3.20074	  59.24636	  60.32483
 16348	 -15.54523	  2.63541	  59.08515	  60.16473
 16348	 -15.54523	  2.63541	  59.08515	  60.16473
 16367	 -15.65509	  3.20074	  59.24636	  60.32483
 16366	 -15.80371	  2.90389	  59.05106	  60.13089
 16348	 -15.54523	  2.63541	  59.08515	  60.16473
 16366	 -15.80371	  2.90389	  59.05106	  60.13089
 16351	 -15.72444	  2.29748	  58.88235	  59.96336
 16351	 -15.72444	  2.29748	  58.88235	  59.96336
 16366	 -15.80371	  2.90389	  59.05106	  60.13089
 16371	 -15.99859	  2.54002	  58.85406	  59.93527
 16351	 -15.72444	  2.29748	  58.88235	  59.96336
 16371	 -15.99859	  2.54002	  58.85406	  59.93527
 16353	 -15.93464	  1.98589	  58.75219	  59.83412
 16353	 -15.93464	  1.98589	  58.75219	  59.83412
 16371	 -15.99859	  2.54002	  58.85406	  59.93527
 16370	 -16.18369	  2.17443	  58.73385	  59.8159
 16353	 -15.93464	  1.98589	  58.75219	  59.83412
 16370	 -16.18369	  2.17443	  58.73385	  59.8159
 16331	 -16.22222	  1.57925	  58.65826	  59.74084
 16331	 -16.22222	  1.57925	  58.65826	  59.74084
 16370	 -16.18369	  2.17443	  58.73385	  59.8159
 16375	 -16.44599	  1.71342	  58.64991	  59.73256
 16344	 -15.33796	  3.19355	  59.49204	  60.56877
 16343	 -15.16943	  2.95982	  59.76693	  60.84172
 16345	 -15.30251	  3.40808	  59.6863	  60.76167
 16342	 -15.18674	  2.73281	  59.57418	  60.65033
 16343	 -15.16943	  2.95982	  59.76693	  60.84172
 16344	 -15.33796	  3.19355	  59.49204	  60.56877
 16349	 -15.41098	  2.90848	  59.28576	  60.36394
 16342	 -15.18674	  2.73281	  59.57418	  60.65033
 16344	 -15.33796	  3.19355	  59.49204	  60.56877
 16347	 -15.23901	  2.43349	  59.36965	  60.44724
 16342	 -15.18674	  2.73281	  59.57418	  60.65033
 16349	 -15.41098	  2.90848	  59.28576	  60.36394
 16348	 -15.54523	  2.63541	  59.08515	  60.16473
 16347	 -15.23901	  2.43349	  59.36965	  60.44724
 16349	 -15.41098	  2.90848	  59.28576	  60.36394
 16346	 -15.35884	  2.18334	  59.16389	  60.24294
 16347	 -15.23901	  2.43349	  59.36965	  60.44724
 16348	 -15.54523	  2.63541	  59.08515	  60.16473
 16346	 -15.35884	  2.18334	  59.16389	  60.24294
 16348	 -15.54523	  2.63541	  59.08515	  60.16473
 16350	 -15.52231	  1.87041	  58.95548	  60.036
 16350	 -15.52231	  1.87041	  58.95548	  60.036
 16348	 -15.54523	  2.63541	  59.08515	  60.16473
 16351	 -15.72444	  2.29748	  58.88235	  59.96336
 16350	 -15.52231	  1.87041	  58.95548	  60.036
 16351	 -15.72444	  2.29748	  58.88235	  59.96336
 16352	 -15.76383	  1.61221	  58.81654	  59.89801
 16352	 -15.76383	  1.61221	  58.81654	  59.89801
 16351	 -15.72444	  2.29748	  58.88235	  59.96336
 16353	 -15.93464	  1.98589	  58.75219	  59.83412
 16352	 -15.76383	  1.61221	  58.81654	  59.89801
 16353	 -15.93464	  1.98589	  58.75219	  59.83412
 16330	 -16.08294	  1.25934	  58.71375	  59.79594
 16330	 -16.08294	  1.25934	  58.71375	  59.79594
 16353	 -15.93464	  1.98589	  58.75219	  59.83412
 16331	 -16.22222	  1.57925	  58.65826	  59.74084
 16330	 -16.08294	  1.25934	  58.71375	  59.79594
 16331	 -16.22222	  1.57925	  58.65826	  59.74084
 16332	 -16.99996	  0.79714	  58.67135	  59.75385
 16332	 -16.99996	  0.79714	  58.67135	  59.75385
 16331	 -16.22222	  1.57925	  58.65826	  59.74084
 16333	 -16.98908	  0.88083	  58.65415	  59.73677
 16331	 -16.22222	  1.57925	  58.65826	  59.74084
 16375	 -16.44599	  1.71342	  58.64991	  59.73256
 16333	 -16.98908	  0.88083	  58.65415	  59.73677
 16333	 -16.98908	  0.88083	  58.65415	  59.73677
 16375	 -16.44599	  1.71342	  58.64991	  59.73256
 16374	 -17.04137	  0.86739	  58.65931	  59.7419
 16374	 -17.04137	  0.86739	  58.65931	  59.7419
 16375	 -16.44599	  1.71342	  58.64991	  59.73256
 16376	 -17.02563	  0.94024	  58.64404	  59.72672
 16358	 -15.52421	  3.94767	  60.09711	  61.16959
 16359	 -15.53891	  4.29956	  60.01702	  61.09006
 16360	 -15.50243	  3.83025	  59.86137	  60.9355
 16360	 -15.50243	  3.83025	  59.86137	  60.9355
 16359	 -15.53891	  4.29956	  60.01702	  61.09006
 16361	 -15.53079	  4.21005	  59.7802	  60.8549
 16360	 -15.50243	  3.83025	  59.86137	  60.9355
 16361	 -15.53079	  4.21005	  59.7802	  60.8549
 16363	 -15.5108	  3.68134	  59.64883	  60.72446
 16363	 -15.5108	  3.68134	  59.64883	  60.72446
 16361	 -15.53079	  4.21005	  59.7802	  60.8549
 16365	 -15.55233	  4.08801	  59.5666	  60.64281
 16364	 -15.60984	  3.90866	  59.36662	  60.44423
 16363	 -15.5108	  3.68134	  59.64883	  60.72446
 16365	 -15.55233	  4.08801	  59.5666	  60.64281
 16362	 -15.56296	  3.47567	  59.45365	  60.53065
 16363	 -15.5108	  3.68134	  59.64883	  60.72446
 16364	 -15.60984	  3.90866	  59.36662	  60.44423
 16369	 -15.70809	  3.66383	  59.1538	  60.23289
 16362	 -15.56296	  3.47567	  59.45365	  60.53065
 16364	 -15.60984	  3.90866	  59.36662	  60.44423
 16367	 -15.65509	  3.20074	  59.24636	  60.32483
 16362	 -15.56296	  3.47567	  59.45365	  60.53065
 16369	 -15.70809	  3.66383	  59.1538	  60.23289
 16368	 -15.86008	  3.33805	  58.96598	  60.0464
 16367	 -15.65509	  3.20074	  59.24636	  60.32483
 16369	 -15.70809	  3.66383	  59.1538	  60.23289
 16366	 -15.80371	  2.90389	  59.05106	  60.13089
 16367	 -15.65509	  3.20074	  59.24636	  60.32483
 16368	 -15.86008	  3.33805	  58.96598	  60.0464
 16373	 -16.05864	  2.94261	  58.77715	  59.8589
 16366	 -15.80371	  2.90389	  59.05106	  60.13089
 16368	 -15.86008	  3.33805	  58.96598	  60.0464
 16371	 -15.99859	  2.54002	  58.85406	  59.93527
 16366	 -15.80371	  2.90389	  59.05106	  60.13089
 16373	 -16.05864	  2.94261	  58.77715	  59.8589
 16372	 -16.23113	  2.53193	  58.66586	  59.7484
 16371	 -15.99859	  2.54002	  58.85406	  59.93527
 16373	 -16.05864	  2.94261	  58.77715	  59.8589
 16370	 -16.18369	  2.17443	  58.73385	  59.8159
 16371	 -15.99859	  2.54002	  58.85406	  59.93527
 16372	 -16.23113	  2.53193	  58.66586	  59.7484
 16377	 -16.48075	  2.02552	  58.59092	  59.67398
 16370	 -16.18369	  2.17443	  58.73385	  59.8159
 16372	 -16.23113	  2.53193	  58.66586	  59.7484
 16375	 -16.44599	  1.71342	  58.64991	  59.73256
 16370	 -16.18369	  2.17443	  58.73385	  59.8159
 16377	 -16.48075	  2.02552	  58.59092	  59.67398
 16376	 -17.02563	  0.94024	  58.64404	  59.72672
 16375	 -16.44599	  1.71342	  58.64991	  59.73256
 16377	 -16.48075	  2.02552	  58.59092	  59.67398
 16376	 -17.02563	  0.94024	  58.64404	  59.72672
 16377	 -16.48075	  2.02552	  58.59092	  59.67398
 16388	 -17.0856	  0.94242	  58.64643	  59.7291
 16388	 -17.0856	  0.94242	  58.64643	  59.7291
 16377	 -16.48075	  2.02552	  58.59092	  59.67398
 16389	 -16.70122	  2.33563	  58.54984	  59.63319
 16377	 -16.48075	  2.02552	  58.59092	  59.67398
 16372	 -16.23113	  2.53193	  58.66586	  59.7484
 16389	 -16.70122	  2.33563	  58.54984	  59.63319
 16389	 -16.70122	  2.33563	  58.54984	  59.63319
 16372	 -16.23113	  2.53193	  58.66586	  59.7484
 16386	 -16.46293	  2.87678	  58.61158	  59.6945
 16372	 -16.23113	  2.53193	  58.66586	  59.7484
 16373	 -16.05864	  2.94261	  58.77715	  59.8589
 16386	 -16.46293	  2.87678	  58.61158	  59.6945
 16386	 -16.46293	  2.87678	  58.61158	  59.6945
 16373	 -16.05864	  2.94261	  58.77715	  59.8589
 16387	 -16.30169	  3.32197	  58.70977	  59.79199
 16373	 -16.05864	  2.94261	  58.77715	  59.8589
 16385	 -16.14312	  3.70943	  58.89754	  59.97845
 16387	 -16.30169	  3.32197	  58.70977	  59.79199
 16368	 -15.86008	  3.33805	  58.96598	  60.0464
 16385	 -16.14312	  3.70943	  58.89754	  59.97845
 16373	 -16.05864	  2.94261	  58.77715	  59.8589
 16368	 -15.86008	  3.33805	  58.96598	  60.0464
 16384	 -16.02778	  4.02791	  59.0844	  60.16399
 16385	 -16.14312	  3.70943	  58.89754	  59.97845
 16369	 -15.70809	  3.66383	  59.1538	  60.23289
 16384	 -16.02778	  4.02791	  59.0844	  60.16399
 16368	 -15.86008	  3.33805	  58.96598	  60.0464
 16369	 -15.70809	  3.66383	  59.1538	  60.23289
 16383	 -15.9224	  4.25689	  59.30778	  60.3858
 16384	 -16.02778	  4.02791	  59.0844	  60.16399
 16364	 -15.60984	  3.90866	  59.36662	  60.44423
 16383	 -15.9224	  4.25689	  59.30778	  60.3858
 16369	 -15.70809	  3.66383	  59.1538	  60.23289
 16364	 -15.60984	  3.90866	  59.36662	  60.44423
 16382	 -15.85866	  4.42238	  59.51701	  60.59357
 16383	 -15.9224	  4.25689	  59.30778	  60.3858
 16365	 -15.55233	  4.08801	  59.5666	  60.64281
 16382	 -15.85866	  4.42238	  59.51701	  60.59357
 16364	 -15.60984	  3.90866	  59.36662	  60.44423
 16365	 -15.55233	  4.08801	  59.5666	  60.64281
 16381	 -15.81882	  4.49188	  59.73261	  60.80766
 16382	 -15.85866	  4.42238	  59.51701	  60.59357
 16361	 -15.53079	  4.21005	  59.7802	  60.8549
 16381	 -15.81882	  4.49188	  59.73261	  60.80766
 16365	 -15.55233	  4.08801	  59.5666	  60.64281
 16361	 -15.53079	  4.21005	  59.7802	  60.8549
 16380	 -15.80793	  4.52678	  59.97155	  61.04491
 16381	 -15.81882	  4.49188	  59.73261	  60.80766
 16359	 -15.53891	  4.29956	  60.01702	  61.09006
 16380	 -15.80793	  4.52678	  59.97155	  61.04491
 16361	 -15.53079	  4.21005	  59.7802	  60.8549
 16359	 -15.53891	  4.29956	  60.01702	  61.09006
 16379	 -15.84359	  4.3987	  60.2709	  61.34215
 16380	 -15.80793	  4.52678	  59.97155	  61.04491
 16357	 -15.65215	  4.24071	  60.31763	  61.38857
 16379	 -15.84359	  4.3987	  60.2709	  61.34215
 16359	 -15.53891	  4.29956	  60.01702	  61.09006
 16357	 -15.65215	  4.24071	  60.31763	  61.38857
 16378	 -15.98313	  4.00339	  60.55138	  61.62067
 16379	 -15.84359	  4.3987	  60.2709	  61.34215
 16355	 -15.90976	  3.92644	  60.60749	  61.67638
 16378	 -15.98313	  4.00339	  60.55138	  61.62067
 16357	 -15.65215	  4.24071	  60.31763	  61.38857
 16356	 -15.66	  3.92663	  60.37624	  61.44676
 16355	 -15.90976	  3.92644	  60.60749	  61.67638
 16357	 -15.65215	  4.24071	  60.31763	  61.38857
 16354	 -15.89354	  3.82162	  60.63703	  61.70572
 16355	 -15.90976	  3.92644	  60.60749	  61.67638
 16356	 -15.66	  3.92663	  60.37624	  61.44676
 16356	 -15.66	  3.92663	  60.37624	  61.44676
 16337	 -15.82289	  3.75964	  60.6452	  61.71382
 16354	 -15.89354	  3.82162	  60.63703	  61.70572
 16336	 -15.47761	  3.83075	  60.39719	  61.46756
 16337	 -15.82289	  3.75964	  60.6452	  61.71382
 16356	 -15.66	  3.92663	  60.37624	  61.44676
 16336	 -15.47761	  3.83075	  60.39719	  61.46756
 16335	 -15.77392	  3.60566	  60.64184	  61.71048
 16337	 -15.82289	  3.75964	  60.6452	  61.71382
 16334	 -15.38954	  3.53217	  60.43928	  61.50934
 16335	 -15.77392	  3.60566	  60.64184	  61.71048
 16336	 -15.47761	  3.83075	  60.39719	  61.46756
 16339	 -15.3287	  3.77102	  60.11785	  61.19019
 16334	 -15.38954	  3.53217	  60.43928	  61.50934
 16336	 -15.47761	  3.83075	  60.39719	  61.46756
 16338	 -15.2226	  3.39892	  60.16952	  61.24149
 16334	 -15.38954	  3.53217	  60.43928	  61.50934
 16339	 -15.3287	  3.77102	  60.11785	  61.19019
 16341	 -15.3004	  3.60437	  59.89063	  60.96457
 16338	 -15.2226	  3.39892	  60.16952	  61.24149
 16339	 -15.3287	  3.77102	  60.11785	  61.19019
 16340	 -15.18055	  3.19346	  59.95705	  61.03052
 16338	 -15.2226	  3.39892	  60.16952	  61.24149
 16341	 -15.3004	  3.60437	  59.89063	  60.96457
 16345	 -15.30251	  3.40808	  59.6863	  60.76167
 16340	 -15.18055	  3.19346	  59.95705	  61.03052
 16341	 -15.3004	  3.60437	  59.89063	  60.96457
 16343	 -15.16943	  2.95982	  59.76693	  60.84172
 16340	 -15.18055	  3.19346	  59.95705	  61.03052
 16345	 -15.30251	  3.40808	  59.6863	  60.76167
 16403	 -16.16569	  1.78701	  56.65737	  57.75401
 16400	 -16.08715	  1.46746	  56.54977	  57.64717
 16405	 -15.92797	  1.78774	  56.75619	  57.85214
 16404	 -16.01677	  2.03935	  56.92861	  58.02335
 16403	 -16.16569	  1.78701	  56.65737	  57.75401
 16405	 -15.92797	  1.78774	  56.75619	  57.85214
 16402	 -16.26208	  2.06488	  56.81277	  57.90833
 16403	 -16.16569	  1.78701	  56.65737	  57.75401
 16404	 -16.01677	  2.03935	  56.92861	  58.02335
 16409	 -16.13047	  2.2442	  57.10737	  58.20085
 16402	 -16.26208	  2.06488	  56.81277	  57.90833
 16404	 -16.01677	  2.03935	  56.92861	  58.02335
 16413	 -15.651	  0.14263	  56.45473	  57.55281
 16434	 -15.54533	  0.18624	  56.5078	  57.6055
 16415	 -15.55414	  0.67296	  56.50814	  57.60585
 16414	 -15.73565	  0.56489	  56.5043	  57.60202
 16413	 -15.651	  0.14263	  56.45473	  57.55281
 16415	 -15.55414	  0.67296	  56.50814	  57.60585
 16412	 -15.75343	  0.09999	  56.45187	  57.54996
 16413	 -15.651	  0.14263	  56.45473	  57.55281
 16414	 -15.73565	  0.56489	  56.5043	  57.60202
 16414	 -15.73565	  0.56489	  56.5043	  57.60202
 16397	 -15.79007	  0.15104	  56.41138	  57.50975
 16412	 -15.75343	  0.09999	  56.45187	  57.54996
 16396	 -15.79659	  0.68047	  56.4155	  57.51384
 16397	 -15.79007	  0.15104	  56.41138	  57.50975
 16414	 -15.73565	  0.56489	  56.5043	  57.60202
 16396	 -15.79659	  0.68047	  56.4155	  57.51384
 16395	 -15.84314	  0.25254	  56.38673	  57.48528
 16397	 -15.79007	  0.15104	  56.41138	  57.50975
 16394	 -15.94791	  0.70051	  56.3724	  57.47104
 16395	 -15.84314	  0.25254	  56.38673	  57.48528
 16396	 -15.79659	  0.68047	  56.4155	  57.51384
 16399	 -15.82366	  1.10745	  56.51749	  57.61511
 16394	 -15.94791	  0.70051	  56.3724	  57.47104
 16396	 -15.79659	  0.68047	  56.4155	  57.51384
 16398	 -16.0219	  1.10082	  56.44352	  57.54166
 16394	 -15.94791	  0.70051	  56.3724	  57.47104
 16399	 -15.82366	  1.10745	  56.51749	  57.61511
 16398	 -16.0219	  1.10082	  56.44352	  57.54166
 16399	 -15.82366	  1.10745	  56.51749	  57.61511
 16400	 -16.08715	  1.46746	  56.54977	  57.64717
 16400	 -16.08715	  1.46746	  56.54977	  57.64717
 16399	 -15.82366	  1.10745	  56.51749	  57.61511
 16401	 -15.86847	  1.47103	  56.6366	  57.7334
 16405	 -15.92797	  1.78774	  56.75619	  57.85214
 16400	 -16.08715	  1.46746	  56.54977	  57.64717
 16401	 -15.86847	  1.47103	  56.6366	  57.7334
 16405	 -15.92797	  1.78774	  56.75619	  57.85214
 16401	 -15.86847	  1.47103	  56.6366	  57.7334
 16420	 -15.84075	  1.58501	  56.89028	  57.98529
 16405	 -15.92797	  1.78774	  56.75619	  57.85214
 16420	 -15.84075	  1.58501	  56.89028	  57.98529
 16404	 -16.01677	  2.03935	  56.92861	  58.02335
 16404	 -16.01677	  2.03935	  56.92861	  58.02335
 16420	 -15.84075	  1.58501	  56.89028	  57.98529
 16422	 -15.89795	  1.83863	  57.07539	  58.1691
 16404	 -16.01677	  2.03935	  56.92861	  58.02335
 16422	 -15.89795	  1.83863	  57.07539	  58.1691
 16409	 -16.13047	  2.2442	  57.10737	  58.20085
 16409	 -16.13047	  2.2442	  57.10737	  58.20085
 16422	 -15.89795	  1.83863	  57.07539	  58.1691
 16425	 -15.98148	  2.0454	  57.26626	  58.35863
 16409	 -16.13047	  2.2442	  57.10737	  58.20085
 16425	 -15.98148	  2.0454	  57.26626	  58.35863
 16408	 -16.25065	  2.3594	  57.29913	  58.39127
 16420	 -15.84075	  1.58501	  56.89028	  57.98529
 16421	 -15.60538	  1.64752	  56.96659	  58.06107
 16422	 -15.89795	  1.83863	  57.07539	  58.1691
 16420	 -15.84075	  1.58501	  56.89028	  57.98529
 16419	 -15.57275	  1.38177	  56.81391	  57.90945
 16421	 -15.60538	  1.64752	  56.96659	  58.06107
 16418	 -15.79458	  1.29798	  56.75271	  57.84868
 16419	 -15.57275	  1.38177	  56.81391	  57.90945
 16420	 -15.84075	  1.58501	  56.89028	  57.98529
 16418	 -15.79458	  1.29798	  56.75271	  57.84868
 16417	 -15.5568	  1.07292	  56.65923	  57.75587
 16419	 -15.57275	  1.38177	  56.81391	  57.90945
 16416	 -15.76409	  0.96627	  56.61427	  57.71121
 16417	 -15.5568	  1.07292	  56.65923	  57.75587
 16418	 -15.79458	  1.29798	  56.75271	  57.84868
 16416	 -15.76409	  0.96627	  56.61427	  57.71121
 16415	 -15.55414	  0.67296	  56.50814	  57.60585
 16417	 -15.5568	  1.07292	  56.65923	  57.75587
 16414	 -15.73565	  0.56489	  56.5043	  57.60202
 16415	 -15.55414	  0.67296	  56.50814	  57.60585
 16416	 -15.76409	  0.96627	  56.61427	  57.71121
 16416	 -15.76409	  0.96627	  56.61427	  57.71121
 16396	 -15.79659	  0.68047	  56.4155	  57.51384
 16414	 -15.73565	  0.56489	  56.5043	  57.60202
 16399	 -15.82366	  1.10745	  56.51749	  57.61511
 16396	 -15.79659	  0.68047	  56.4155	  57.51384
 16416	 -15.76409	  0.96627	  56.61427	  57.71121
 16418	 -15.79458	  1.29798	  56.75271	  57.84868
 16399	 -15.82366	  1.10745	  56.51749	  57.61511
 16416	 -15.76409	  0.96627	  56.61427	  57.71121
 16401	 -15.86847	  1.47103	  56.6366	  57.7334
 16399	 -15.82366	  1.10745	  56.51749	  57.61511
 16418	 -15.79458	  1.29798	  56.75271	  57.84868
 16420	 -15.84075	  1.58501	  56.89028	  57.98529
 16401	 -15.86847	  1.47103	  56.6366	  57.7334
 16418	 -15.79458	  1.29798	  56.75271	  57.84868
 16431	 -16.30919	  2.0185	  58.02242	  59.10948
 16442	 -16.15179	  1.77869	  58.2011	  59.2869
 16430	 -16.65279	  1.66144	  58.27387	  59.35916
 16442	 -16.15179	  1.77869	  58.2011	  59.2869
 16431	 -16.30919	  2.0185	  58.02242	  59.10948
 16496	 -15.89804	  1.90758	  57.93343	  59.0211
 16496	 -15.89804	  1.90758	  57.93343	  59.0211
 16431	 -16.30919	  2.0185	  58.02242	  59.10948
 16495	 -16.02267	  2.1781	  57.74581	  58.83481
 16495	 -16.02267	  2.1781	  57.74581	  58.83481
 16441	 -15.74714	  1.88029	  57.74438	  58.83339
 16496	 -15.89804	  1.90758	  57.93343	  59.0211
 16426	 -15.86533	  2.16358	  57.55363	  58.64398
 16441	 -15.74714	  1.88029	  57.74438	  58.83339
 16495	 -16.02267	  2.1781	  57.74581	  58.83481
 16426	 -15.86533	  2.16358	  57.55363	  58.64398
 16440	 -15.62707	  1.77748	  57.54804	  58.63843
 16441	 -15.74714	  1.88029	  57.74438	  58.83339
 16427	 -15.73855	  2.07409	  57.35404	  58.4458
 16440	 -15.62707	  1.77748	  57.54804	  58.63843
 16426	 -15.86533	  2.16358	  57.55363	  58.64398
 16427	 -15.73855	  2.07409	  57.35404	  58.4458
 16439	 -15.52302	  1.62654	  57.34971	  58.4415
 16440	 -15.62707	  1.77748	  57.54804	  58.63843
 16423	 -15.65871	  1.88384	  57.15757	  58.2507
 16439	 -15.52302	  1.62654	  57.34971	  58.4415
 16427	 -15.73855	  2.07409	  57.35404	  58.4458
 16423	 -15.65871	  1.88384	  57.15757	  58.2507
 16438	 -15.44432	  1.43141	  57.15678	  58.24991
 16439	 -15.52302	  1.62654	  57.34971	  58.4415
 16421	 -15.60538	  1.64752	  56.96659	  58.06107
 16438	 -15.44432	  1.43141	  57.15678	  58.24991
 16423	 -15.65871	  1.88384	  57.15757	  58.2507
 16421	 -15.60538	  1.64752	  56.96659	  58.06107
 16437	 -15.41602	  1.19746	  56.98452	  58.07887
 16438	 -15.44432	  1.43141	  57.15678	  58.24991
 16419	 -15.57275	  1.38177	  56.81391	  57.90945
 16437	 -15.41602	  1.19746	  56.98452	  58.07887
 16421	 -15.60538	  1.64752	  56.96659	  58.06107
 16419	 -15.57275	  1.38177	  56.81391	  57.90945
 16436	 -15.40471	  0.92279	  56.80883	  57.90442
 16437	 -15.41602	  1.19746	  56.98452	  58.07887
 16417	 -15.5568	  1.07292	  56.65923	  57.75587
 16436	 -15.40471	  0.92279	  56.80883	  57.90442
 16419	 -15.57275	  1.38177	  56.81391	  57.90945
 16417	 -15.5568	  1.07292	  56.65923	  57.75587
 16435	 -15.42331	  0.57939	  56.63535	  57.73216
 16436	 -15.40471	  0.92279	  56.80883	  57.90442
 16415	 -15.55414	  0.67296	  56.50814	  57.60585
 16435	 -15.42331	  0.57939	  56.63535	  57.73216
 16417	 -15.5568	  1.07292	  56.65923	  57.75587
 16415	 -15.55414	  0.67296	  56.50814	  57.60585
 16434	 -15.54533	  0.18624	  56.5078	  57.6055
 16435	 -15.42331	  0.57939	  56.63535	  57.73216
 16408	 -16.25065	  2.3594	  57.29913	  58.39127
 16425	 -15.98148	  2.0454	  57.26626	  58.35863
 16424	 -16.095	  2.14634	  57.46508	  58.55606
 16408	 -16.25065	  2.3594	  57.29913	  58.39127
 16424	 -16.095	  2.14634	  57.46508	  58.55606
 16498	 -16.40167	  2.39855	  57.48379	  58.57463
 16498	 -16.40167	  2.39855	  57.48379	  58.57463
 16424	 -16.095	  2.14634	  57.46508	  58.55606
 16497	 -16.23965	  2.17182	  57.65655	  58.74619
 16497	 -16.23965	  2.17182	  57.65655	  58.74619
 16411	 -16.64382	  2.23304	  57.78622	  58.87494
 16498	 -16.40167	  2.39855	  57.48379	  58.57463
 16429	 -16.51799	  2.00193	  57.94556	  59.03316
 16411	 -16.64382	  2.23304	  57.78622	  58.87494
 16497	 -16.23965	  2.17182	  57.65655	  58.74619
 16411	 -16.64382	  2.23304	  57.78622	  58.87494
 16429	 -16.51799	  2.00193	  57.94556	  59.03316
 16391	 -16.93228	  1.86865	  58.06976	  59.15648
 16391	 -16.93228	  1.86865	  58.06976	  59.15648
 16429	 -16.51799	  2.00193	  57.94556	  59.03316
 16428	 -16.85143	  1.63209	  58.21241	  59.29813
 16428	 -16.85143	  1.63209	  58.21241	  59.29813
 16429	 -16.51799	  2.00193	  57.94556	  59.03316
 16430	 -16.65279	  1.66144	  58.27387	  59.35916
 16430	 -16.65279	  1.66144	  58.27387	  59.35916
 16429	 -16.51799	  2.00193	  57.94556	  59.03316
 16431	 -16.30919	  2.0185	  58.02242	  59.10948
 16429	 -16.51799	  2.00193	  57.94556	  59.03316
 16497	 -16.23965	  2.17182	  57.65655	  58.74619
 16431	 -16.30919	  2.0185	  58.02242	  59.10948
 16431	 -16.30919	  2.0185	  58.02242	  59.10948
 16497	 -16.23965	  2.17182	  57.65655	  58.74619
 16495	 -16.02267	  2.1781	  57.74581	  58.83481
 16497	 -16.23965	  2.17182	  57.65655	  58.74619
 16424	 -16.095	  2.14634	  57.46508	  58.55606
 16495	 -16.02267	  2.1781	  57.74581	  58.83481
 16495	 -16.02267	  2.1781	  57.74581	  58.83481
 16424	 -16.095	  2.14634	  57.46508	  58.55606
 16426	 -15.86533	  2.16358	  57.55363	  58.64398
 16424	 -16.095	  2.14634	  57.46508	  58.55606
 16425	 -15.98148	  2.0454	  57.26626	  58.35863
 16426	 -15.86533	  2.16358	  57.55363	  58.64398
 16426	 -15.86533	  2.16358	  57.55363	  58.64398
 16425	 -15.98148	  2.0454	  57.26626	  58.35863
 16427	 -15.73855	  2.07409	  57.35404	  58.4458
 16425	 -15.98148	  2.0454	  57.26626	  58.35863
 16423	 -15.65871	  1.88384	  57.15757	  58.2507
 16427	 -15.73855	  2.07409	  57.35404	  58.4458
 16422	 -15.89795	  1.83863	  57.07539	  58.1691
 16423	 -15.65871	  1.88384	  57.15757	  58.2507
 16425	 -15.98148	  2.0454	  57.26626	  58.35863
 16422	 -15.89795	  1.83863	  57.07539	  58.1691
 16421	 -15.60538	  1.64752	  56.96659	  58.06107
 16423	 -15.65871	  1.88384	  57.15757	  58.2507
 16407	 -16.38303	  2.29481	  56.97529	  58.06969
 16402	 -16.26208	  2.06488	  56.81277	  57.90833
 16409	 -16.13047	  2.2442	  57.10737	  58.20085
 16408	 -16.25065	  2.3594	  57.29913	  58.39127
 16407	 -16.38303	  2.29481	  56.97529	  58.06969
 16409	 -16.13047	  2.2442	  57.10737	  58.20085
 16406	 -16.5174	  2.40714	  57.16436	  58.25745
 16407	 -16.38303	  2.29481	  56.97529	  58.06969
 16408	 -16.25065	  2.3594	  57.29913	  58.39127
 16498	 -16.40167	  2.39855	  57.48379	  58.57463
 16406	 -16.5174	  2.40714	  57.16436	  58.25745
 16408	 -16.25065	  2.3594	  57.29913	  58.39127
 16499	 -16.682	  2.44353	  57.34647	  58.43828
 16406	 -16.5174	  2.40714	  57.16436	  58.25745
 16498	 -16.40167	  2.39855	  57.48379	  58.57463
 16411	 -16.64382	  2.23304	  57.78622	  58.87494
 16499	 -16.682	  2.44353	  57.34647	  58.43828
 16498	 -16.40167	  2.39855	  57.48379	  58.57463
 16410	 -16.88629	  2.29464	  57.65816	  58.74777
 16499	 -16.682	  2.44353	  57.34647	  58.43828
 16411	 -16.64382	  2.23304	  57.78622	  58.87494
 16391	 -16.93228	  1.86865	  58.06976	  59.15648
 16410	 -16.88629	  2.29464	  57.65816	  58.74777
 16411	 -16.64382	  2.23304	  57.78622	  58.87494
 16390	 -17.12769	  1.95088	  57.95319	  59.04074
 16410	 -16.88629	  2.29464	  57.65816	  58.74777
 16391	 -16.93228	  1.86865	  58.06976	  59.15648
 16390	 -17.12769	  1.95088	  57.95319	  59.04074
 16391	 -16.93228	  1.86865	  58.06976	  59.15648
 16392	 -17.29429	  0.99474	  58.5042	  59.58788
 16392	 -17.29429	  0.99474	  58.5042	  59.58788
 16391	 -16.93228	  1.86865	  58.06976	  59.15648
 16393	 -17.2447	  1.03352	  58.50916	  59.5928
 16393	 -17.2447	  1.03352	  58.50916	  59.5928
 16391	 -16.93228	  1.86865	  58.06976	  59.15648
 16428	 -16.85143	  1.63209	  58.21241	  59.29813
 16432	 -17.25103	  0.96348	  58.53597	  59.61943
 16393	 -17.2447	  1.03352	  58.50916	  59.5928
 16428	 -16.85143	  1.63209	  58.21241	  59.29813
 16432	 -17.25103	  0.96348	  58.53597	  59.61943
 16428	 -16.85143	  1.63209	  58.21241	  59.29813
 16433	 -17.20806	  1.00517	  58.53687	  59.62032
 16433	 -17.20806	  1.00517	  58.53687	  59.62032
 16428	 -16.85143	  1.63209	  58.21241	  59.29813
 16430	 -16.65279	  1.66144	  58.27387	  59.35916
 16433	 -17.20806	  1.00517	  58.53687	  59.62032
 16430	 -16.65279	  1.66144	  58.27387	  59.35916
 16444	 -17.20482	  0.93009	  58.56994	  59.65314
 16444	 -17.20482	  0.93009	  58.56994	  59.65314
 16430	 -16.65279	  1.66144	  58.27387	  59.35916
 16443	 -16.45467	  1.45981	  58.44141	  59.52553
 16430	 -16.65279	  1.66144	  58.27387	  59.35916
 16442	 -16.15179	  1.77869	  58.2011	  59.2869
 16443	 -16.45467	  1.45981	  58.44141	  59.52553
 16261	 -16.80314	  3.47435	  58.6437	  59.72638
 16257	 -16.95862	  4.35077	  58.72111	  59.80325
 16262	 -16.8723	  3.56392	  58.42828	  59.51248
 16262	 -16.8723	  3.56392	  58.42828	  59.51248
 16257	 -16.95862	  4.35077	  58.72111	  59.80325
 16259	 -17.02579	  4.44043	  58.50913	  59.59277
 16257	 -16.95862	  4.35077	  58.72111	  59.80325
 16258	 -17.08294	  4.72412	  58.77499	  59.85675
 16259	 -17.02579	  4.44043	  58.50913	  59.59277
 16259	 -17.02579	  4.44043	  58.50913	  59.59277
 16258	 -17.08294	  4.72412	  58.77499	  59.85675
 16260	 -17.14326	  4.81399	  58.57475	  59.65791
 16258	 -17.08294	  4.72412	  58.77499	  59.85675
 16255	 -17.25404	  5.07831	  58.85125	  59.93248
 16260	 -17.14326	  4.81399	  58.57475	  59.65791
 16260	 -17.14326	  4.81399	  58.57475	  59.65791
 16255	 -17.25404	  5.07831	  58.85125	  59.93248
 16256	 -17.30702	  5.16841	  58.66358	  59.74612
 16255	 -17.25404	  5.07831	  58.85125	  59.93248
 16254	 -17.46556	  5.40355	  58.74683	  59.8288
 16256	 -17.30702	  5.16841	  58.66358	  59.74612
 16253	 -17.42135	  5.31318	  58.91949	  60.00024
 16254	 -17.46556	  5.40355	  58.74683	  59.8288
 16255	 -17.25404	  5.07831	  58.85125	  59.93248
 16254	 -17.46556	  5.40355	  58.74683	  59.8288
 16253	 -17.42135	  5.31318	  58.91949	  60.00024
 16252	 -17.65281	  5.65206	  58.84478	  59.92606
 16252	 -17.65281	  5.65206	  58.84478	  59.92606
 16253	 -17.42135	  5.31318	  58.91949	  60.00024
 16251	 -17.61834	  5.56138	  59.00071	  60.0809
 16251	 -17.61834	  5.56138	  59.00071	  60.0809
 16250	 -17.84568	  5.85178	  58.95383	  60.03435
 16252	 -17.65281	  5.65206	  58.84478	  59.92606
 16249	 -17.82654	  5.76061	  59.0835	  60.1631
 16250	 -17.84568	  5.85178	  58.95383	  60.03435
 16251	 -17.61834	  5.56138	  59.00071	  60.0809
 16251	 -17.61834	  5.56138	  59.00071	  60.0809
 16231	 -17.70641	  5.85911	  59.19067	  60.26952
 16249	 -17.82654	  5.76061	  59.0835	  60.1631
 16234	 -17.48028	  5.66045	  59.13862	  60.21783
 16231	 -17.70641	  5.85911	  59.19067	  60.26952
 16251	 -17.61834	  5.56138	  59.00071	  60.0809
 16253	 -17.42135	  5.31318	  58.91949	  60.00024
 16234	 -17.48028	  5.66045	  59.13862	  60.21783
 16251	 -17.61834	  5.56138	  59.00071	  60.0809
 16238	 -17.27188	  5.41261	  59.07694	  60.15659
 16234	 -17.48028	  5.66045	  59.13862	  60.21783
 16253	 -17.42135	  5.31318	  58.91949	  60.00024
 16255	 -17.25404	  5.07831	  58.85125	  59.93248
 16238	 -17.27188	  5.41261	  59.07694	  60.15659
 16253	 -17.42135	  5.31318	  58.91949	  60.00024
 16237	 -17.09432	  5.17807	  59.02625	  60.10626
 16238	 -17.27188	  5.41261	  59.07694	  60.15659
 16255	 -17.25404	  5.07831	  58.85125	  59.93248
 16255	 -17.25404	  5.07831	  58.85125	  59.93248
 16242	 -16.91465	  4.82416	  58.9647	  60.04514
 16237	 -17.09432	  5.17807	  59.02625	  60.10626
 16258	 -17.08294	  4.72412	  58.77499	  59.85675
 16242	 -16.91465	  4.82416	  58.9647	  60.04514
 16255	 -17.25404	  5.07831	  58.85125	  59.93248
 16242	 -16.91465	  4.82416	  58.9647	  60.04514
 16258	 -17.08294	  4.72412	  58.77499	  59.85675
 16241	 -16.78234	  4.45106	  58.92451	  60.00522
 16241	 -16.78234	  4.45106	  58.92451	  60.00522
 16258	 -17.08294	  4.72412	  58.77499	  59.85675
 16257	 -16.95862	  4.35077	  58.72111	  59.80325
 16241	 -16.78234	  4.45106	  58.92451	  60.00522
 16257	 -16.95862	  4.35077	  58.72111	  59.80325
 16244	 -16.6245	  3.57471	  58.85113	  59.93236
 16244	 -16.6245	  3.57471	  58.85113	  59.93236
 16257	 -16.95862	  4.35077	  58.72111	  59.80325
 16261	 -16.80314	  3.47435	  58.6437	  59.72638
 16261	 -16.80314	  3.47435	  58.6437	  59.72638
 16246	 -16.62425	  2.944	  58.79461	  59.87624
 16244	 -16.6245	  3.57471	  58.85113	  59.93236
 16264	 -16.78466	  2.84422	  58.61843	  59.70129
 16246	 -16.62425	  2.944	  58.79461	  59.87624
 16261	 -16.80314	  3.47435	  58.6437	  59.72638
 16237	 -17.09432	  5.17807	  59.02625	  60.10626
 16236	 -17.1738	  5.37195	  59.29171	  60.36986
 16238	 -17.27188	  5.41261	  59.07694	  60.15659
 16235	 -16.98446	  5.13778	  59.26124	  60.3396
 16236	 -17.1738	  5.37195	  59.29171	  60.36986
 16237	 -17.09432	  5.17807	  59.02625	  60.10626
 16242	 -16.91465	  4.82416	  58.9647	  60.04514
 16235	 -16.98446	  5.13778	  59.26124	  60.3396
 16237	 -17.09432	  5.17807	  59.02625	  60.10626
 16240	 -16.79491	  4.78418	  59.21659	  60.29526
 16235	 -16.98446	  5.13778	  59.26124	  60.3396
 16242	 -16.91465	  4.82416	  58.9647	  60.04514
 16241	 -16.78234	  4.45106	  58.92451	  60.00522
 16240	 -16.79491	  4.78418	  59.21659	  60.29526
 16242	 -16.91465	  4.82416	  58.9647	  60.04514
 16239	 -16.65339	  4.41138	  59.19219	  60.27103
 16240	 -16.79491	  4.78418	  59.21659	  60.29526
 16241	 -16.78234	  4.45106	  58.92451	  60.00522
 16244	 -16.6245	  3.57471	  58.85113	  59.93236
 16239	 -16.65339	  4.41138	  59.19219	  60.27103
 16241	 -16.78234	  4.45106	  58.92451	  60.00522
 16243	 -16.49286	  3.53512	  59.12345	  60.20277
 16239	 -16.65339	  4.41138	  59.19219	  60.27103
 16244	 -16.6245	  3.57471	  58.85113	  59.93236
 16243	 -16.49286	  3.53512	  59.12345	  60.20277
 16244	 -16.6245	  3.57471	  58.85113	  59.93236
 16245	 -16.51359	  2.90374	  59.03097	  60.11093
 16245	 -16.51359	  2.90374	  59.03097	  60.11093
 16244	 -16.6245	  3.57471	  58.85113	  59.93236
 16246	 -16.62425	  2.944	  58.79461	  59.87624
 16245	 -16.51359	  2.90374	  59.03097	  60.11093
 16246	 -16.62425	  2.944	  58.79461	  59.87624
 16225	 -16.64651	  2.13172	  58.99274	  60.07298
 16225	 -16.64651	  2.13172	  58.99274	  60.07298
 16246	 -16.62425	  2.944	  58.79461	  59.87624
 16226	 -16.73607	  2.17266	  58.79255	  59.87419
 16246	 -16.62425	  2.944	  58.79461	  59.87624
 16264	 -16.78466	  2.84422	  58.61843	  59.70129
 16226	 -16.73607	  2.17266	  58.79255	  59.87419
 16226	 -16.73607	  2.17266	  58.79255	  59.87419
 16264	 -16.78466	  2.84422	  58.61843	  59.70129
 16263	 -16.87814	  2.07345	  58.64779	  59.73044
 16263	 -16.87814	  2.07345	  58.64779	  59.73044
 16264	 -16.78466	  2.84422	  58.61843	  59.70129
 16265	 -16.91603	  2.16403	  58.48597	  59.56978
 16265	 -16.91603	  2.16403	  58.48597	  59.56978
 16264	 -16.78466	  2.84422	  58.61843	  59.70129
 16266	 -16.83823	  2.9343	  58.42974	  59.51393
 16264	 -16.78466	  2.84422	  58.61843	  59.70129
 16261	 -16.80314	  3.47435	  58.6437	  59.72638
 16266	 -16.83823	  2.9343	  58.42974	  59.51393
 16266	 -16.83823	  2.9343	  58.42974	  59.51393
 16261	 -16.80314	  3.47435	  58.6437	  59.72638
 16262	 -16.8723	  3.56392	  58.42828	  59.51248
 16225	 -16.64651	  2.13172	  58.99274	  60.07298
 16226	 -16.73607	  2.17266	  58.79255	  59.87419
 16227	 -17.1501	  1.01833	  58.77598	  59.85774
 16227	 -17.1501	  1.01833	  58.77598	  59.85774
 16226	 -16.73607	  2.17266	  58.79255	  59.87419
 16228	 -17.13829	  1.07306	  58.73846	  59.82048
 16228	 -17.13829	  1.07306	  58.73846	  59.82048
 16226	 -16.73607	  2.17266	  58.79255	  59.87419
 16263	 -16.87814	  2.07345	  58.64779	  59.73044
 16267	 -17.17745	  1.01687	  58.72834	  59.81044
 16228	 -17.13829	  1.07306	  58.73846	  59.82048
 16263	 -16.87814	  2.07345	  58.64779	  59.73044
 16267	 -17.17745	  1.01687	  58.72834	  59.81044
 16263	 -16.87814	  2.07345	  58.64779	  59.73044
 16268	 -17.16254	  1.07039	  58.69767	  59.77998
 16268	 -17.16254	  1.07039	  58.69767	  59.77998
 16263	 -16.87814	  2.07345	  58.64779	  59.73044
 16265	 -16.91603	  2.16403	  58.48597	  59.56978
 16268	 -17.16254	  1.07039	  58.69767	  59.77998
 16265	 -16.91603	  2.16403	  58.48597	  59.56978
 16279	 -17.20667	  1.01531	  58.67745	  59.7599
 16279	 -17.20667	  1.01531	  58.67745	  59.7599
 16265	 -16.91603	  2.16403	  58.48597	  59.56978
 16277	 -17.07528	  2.11686	  58.25629	  59.34171
 16265	 -16.91603	  2.16403	  58.48597	  59.56978
 16266	 -16.83823	  2.9343	  58.42974	  59.51393
 16277	 -17.07528	  2.11686	  58.25629	  59.34171
 16277	 -17.07528	  2.11686	  58.25629	  59.34171
 16266	 -16.83823	  2.9343	  58.42974	  59.51393
 16278	 -17.02394	  2.88628	  58.15472	  59.24084
 16266	 -16.83823	  2.9343	  58.42974	  59.51393
 16262	 -16.8723	  3.56392	  58.42828	  59.51248
 16278	 -17.02394	  2.88628	  58.15472	  59.24084
 16278	 -17.02394	  2.88628	  58.15472	  59.24084
 16262	 -16.8723	  3.56392	  58.42828	  59.51248
 16276	 -17.08432	  3.51507	  58.10816	  59.19463
 16262	 -16.8723	  3.56392	  58.42828	  59.51248
 16275	 -17.26136	  4.33516	  58.20707	  59.29283
 16276	 -17.08432	  3.51507	  58.10816	  59.19463
 16259	 -17.02579	  4.44043	  58.50913	  59.59277
 16275	 -17.26136	  4.33516	  58.20707	  59.29283
 16262	 -16.8723	  3.56392	  58.42828	  59.51248
 16259	 -17.02579	  4.44043	  58.50913	  59.59277
 16274	 -17.36729	  4.70909	  58.29246	  59.37762
 16275	 -17.26136	  4.33516	  58.20707	  59.29283
 16260	 -17.14326	  4.81399	  58.57475	  59.65791
 16274	 -17.36729	  4.70909	  58.29246	  59.37762
 16259	 -17.02579	  4.44043	  58.50913	  59.59277
 16274	 -17.36729	  4.70909	  58.29246	  59.37762
 16260	 -17.14326	  4.81399	  58.57475	  59.65791
 16273	 -17.51867	  5.0639	  58.4025	  59.48688
 16273	 -17.51867	  5.0639	  58.4025	  59.48688
 16260	 -17.14326	  4.81399	  58.57475	  59.65791
 16256	 -17.30702	  5.16841	  58.66358	  59.74612
 16256	 -17.30702	  5.16841	  58.66358	  59.74612
 16272	 -17.66243	  5.29952	  58.51112	  59.59473
 16273	 -17.51867	  5.0639	  58.4025	  59.48688
 16254	 -17.46556	  5.40355	  58.74683	  59.8288
 16272	 -17.66243	  5.29952	  58.51112	  59.59473
 16256	 -17.30702	  5.16841	  58.66358	  59.74612
 16272	 -17.66243	  5.29952	  58.51112	  59.59473
 16254	 -17.46556	  5.40355	  58.74683	  59.8288
 16271	 -17.83321	  5.54855	  58.63726	  59.72
 16271	 -17.83321	  5.54855	  58.63726	  59.72
 16254	 -17.46556	  5.40355	  58.74683	  59.8288
 16252	 -17.65281	  5.65206	  58.84478	  59.92606
 16252	 -17.65281	  5.65206	  58.84478	  59.92606
 16270	 -17.97436	  5.7732	  58.80306	  59.88464
 16271	 -17.83321	  5.54855	  58.63726	  59.72
 16250	 -17.84568	  5.85178	  58.95383	  60.03435
 16270	 -17.97436	  5.7732	  58.80306	  59.88464
 16252	 -17.65281	  5.65206	  58.84478	  59.92606
 16250	 -17.84568	  5.85178	  58.95383	  60.03435
 16269	 -18.12391	  5.90995	  59.0288	  60.1088
 16270	 -17.97436	  5.7732	  58.80306	  59.88464
 16248	 -18.08533	  5.97767	  59.10946	  60.18889
 16269	 -18.12391	  5.90995	  59.0288	  60.1088
 16250	 -17.84568	  5.85178	  58.95383	  60.03435
 16249	 -17.82654	  5.76061	  59.0835	  60.1631
 16248	 -18.08533	  5.97767	  59.10946	  60.18889
 16250	 -17.84568	  5.85178	  58.95383	  60.03435
 16247	 -18.05653	  5.97902	  59.15893	  60.23801
 16248	 -18.08533	  5.97767	  59.10946	  60.18889
 16249	 -17.82654	  5.76061	  59.0835	  60.1631
 16249	 -17.82654	  5.76061	  59.0835	  60.1631
 16232	 -18.02306	  5.98016	  59.21687	  60.29553
 16247	 -18.05653	  5.97902	  59.15893	  60.23801
 16231	 -17.70641	  5.85911	  59.19067	  60.26952
 16232	 -18.02306	  5.98016	  59.21687	  60.29553
 16249	 -17.82654	  5.76061	  59.0835	  60.1631
 16231	 -17.70641	  5.85911	  59.19067	  60.26952
 16230	 -17.97457	  5.91593	  59.28634	  60.36452
 16232	 -18.02306	  5.98016	  59.21687	  60.29553
 16229	 -17.64208	  5.81737	  59.3476	  60.42535
 16230	 -17.97457	  5.91593	  59.28634	  60.36452
 16231	 -17.70641	  5.85911	  59.19067	  60.26952
 16234	 -17.48028	  5.66045	  59.13862	  60.21783
 16229	 -17.64208	  5.81737	  59.3476	  60.42535
 16231	 -17.70641	  5.85911	  59.19067	  60.26952
 16233	 -17.39532	  5.61937	  59.33091	  60.40877
 16229	 -17.64208	  5.81737	  59.3476	  60.42535
 16234	 -17.48028	  5.66045	  59.13862	  60.21783
 16238	 -17.27188	  5.41261	  59.07694	  60.15659
 16233	 -17.39532	  5.61937	  59.33091	  60.40877
 16234	 -17.48028	  5.66045	  59.13862	  60.21783
 16236	 -17.1738	  5.37195	  59.29171	  60.36986
 16233	 -17.39532	  5.61937	  59.33091	  60.40877
