 10491	  35.47959	  51.22834	  110.51475	  111.23299
 10490	  38.77571	  50.39893	  109.79578	  110.51907
 10491	  35.47959	  51.22834	  110.51475	  111.23299
 10492	  38.672	  47.99165	  109.03864	  109.76724
 10534	  27.98426	  34.46959	  110.24053	  110.96068
 10533	  31.17522	  33.80205	  108.89443	  109.62405
 10535	  28.01182	  36.62142	  110.03484	  110.75645
 10540	  27.93618	  38.82912	  109.88804	  110.61067
 10535	  28.01182	  36.62142	  110.03484	  110.75645
 10533	  31.17522	  33.80205	  108.89443	  109.62405
 10540	  27.93618	  38.82912	  109.88804	  110.61067
 10533	  31.17522	  33.80205	  108.89443	  109.62405
 10542	  27.65397	  41.14852	  109.85865	  110.5815
 10519	  31.64289	  40.28642	  108.36274	  109.09608
 10542	  27.65397	  41.14852	  109.85865	  110.5815
 10533	  31.17522	  33.80205	  108.89443	  109.62405
 10533	  31.17522	  33.80205	  108.89443	  109.62405
 10530	  32.6937	  33.36396	  108.28376	  109.01767
 10519	  31.64289	  40.28642	  108.36274	  109.09608
 10471	  34.16508	  32.86064	  107.77566	  108.51314
 10519	  31.64289	  40.28642	  108.36274	  109.09608
 10530	  32.6937	  33.36396	  108.28376	  109.01767
 10470	  37.70057	  35.60736	  107.00922	  107.75208
 10519	  31.64289	  40.28642	  108.36274	  109.09608
 10471	  34.16508	  32.86064	  107.77566	  108.51314
 10485	  33.26423	  42.20464	  108.19807	  108.93257
 10519	  31.64289	  40.28642	  108.36274	  109.09608
 10470	  37.70057	  35.60736	  107.00922	  107.75208
 10485	  33.26423	  42.20464	  108.19807	  108.93257
 10470	  37.70057	  35.60736	  107.00922	  107.75208
 10483	  38.22535	  36.94827	  107.20002	  107.94154
 10483	  38.22535	  36.94827	  107.20002	  107.94154
 10464	  39.15916	  40.88941	  107.76922	  108.50673
 10485	  33.26423	  42.20464	  108.19807	  108.93257
 10464	  39.15916	  40.88941	  107.76922	  108.50673
 10483	  38.22535	  36.94827	  107.20002	  107.94154
 10460	  38.90721	  37.77985	  107.35508	  108.0955
 10460	  38.90721	  37.77985	  107.35508	  108.0955
 10455	  39.859	  39.04076	  107.38506	  108.12529
 10464	  39.15916	  40.88941	  107.76922	  108.50673
 10460	  38.90721	  37.77985	  107.35508	  108.0955
 10458	  39.75306	  38.06848	  107.23049	  107.9718
 10455	  39.859	  39.04076	  107.38506	  108.12529
 10447	  40.53042	  37.96457	  106.96976	  107.71291
 10455	  39.859	  39.04076	  107.38506	  108.12529
 10458	  39.75306	  38.06848	  107.23049	  107.9718
 10434	  41.36735	  39.29494	  107.08939	  107.83168
 10455	  39.859	  39.04076	  107.38506	  108.12529
 10447	  40.53042	  37.96457	  106.96976	  107.71291
 10446	  41.57553	  37.11233	  106.47324	  107.21988
 10434	  41.36735	  39.29494	  107.08939	  107.83168
 10447	  40.53042	  37.96457	  106.96976	  107.71291
 10435	  42.62878	  36.5276	  106.24462	  106.99286
 10434	  41.36735	  39.29494	  107.08939	  107.83168
 10446	  41.57553	  37.11233	  106.47324	  107.21988
 10433	  41.95299	  38.61054	  106.82761	  107.57175
 10434	  41.36735	  39.29494	  107.08939	  107.83168
 10435	  42.62878	  36.5276	  106.24462	  106.99286
 10433	  41.95299	  38.61054	  106.82761	  107.57175
 10435	  42.62878	  36.5276	  106.24462	  106.99286
 10449	  44.0078	  35.93716	  106.08718	  106.83653
 10448	  44.09128	  35.97067	  106.15113	  106.90002
 10433	  41.95299	  38.61054	  106.82761	  107.57175
 10449	  44.0078	  35.93716	  106.08718	  106.83653
 10451	  43.92434	  35.90363	  106.02323	  106.77303
 10449	  44.0078	  35.93716	  106.08718	  106.83653
 10435	  42.62878	  36.5276	  106.24462	  106.99286
 10470	  37.70057	  35.60736	  107.00922	  107.75208
 10471	  34.16508	  32.86064	  107.77566	  108.51314
 10472	  37.32595	  33.79084	  107.02653	  107.76926
 10471	  34.16508	  32.86064	  107.77566	  108.51314
 10479	  37.02644	  31.73644	  107.14803	  107.88992
 10472	  37.32595	  33.79084	  107.02653	  107.76926
 10464	  39.15916	  40.88941	  107.76922	  108.50673
 10455	  39.859	  39.04076	  107.38506	  108.12529
 10454	  39.96503	  40.01305	  107.53963	  108.27876
 10454	  39.96503	  40.01305	  107.53963	  108.27876
 10455	  39.859	  39.04076	  107.38506	  108.12529
 10456	  40.82066	  39.68958	  107.31748	  108.05818
 10456	  40.82066	  39.68958	  107.31748	  108.05818
 10455	  39.859	  39.04076	  107.38506	  108.12529
 10434	  41.36735	  39.29494	  107.08939	  107.83168
 10424	  33.87605	  34.72694	  111.56672	  112.27756
 11600	  39.79488	  33.20806	  109.70699	  110.43089
 11601	  40.07359	  31.10158	  110.75689	  111.47342
 11605	  40.04287	  26.79797	  111.9108	  112.61923
 10425	  33.14781	  30.74348	  112.98626	  113.68713
 11601	  40.07359	  31.10158	  110.75689	  111.47342
 10424	  33.87605	  34.72694	  111.56672	  112.27756
 11601	  40.07359	  31.10158	  110.75689	  111.47342
 10425	  33.14781	  30.74348	  112.98626	  113.68713
 10424	  33.87605	  34.72694	  111.56672	  112.27756
 10425	  33.14781	  30.74348	  112.98626	  113.68713
 10420	  31.35348	  38.41777	  110.89732	  111.61285
 10424	  33.87605	  34.72694	  111.56672	  112.27756
 10420	  31.35348	  38.41777	  110.89732	  111.61285
 11600	  39.79488	  33.20806	  109.70699	  110.43089
 10385	  31.9499	  40.2846	  109.64941	  110.37372
 11600	  39.79488	  33.20806	  109.70699	  110.43089
 10420	  31.35348	  38.41777	  110.89732	  111.61285
 10384	  39.91407	  34.7543	  108.64007	  109.37148
 11600	  39.79488	  33.20806	  109.70699	  110.43089
 10385	  31.9499	  40.2846	  109.64941	  110.37372
 10384	  39.91407	  34.7543	  108.64007	  109.37148
 10385	  31.9499	  40.2846	  109.64941	  110.37372
 10386	  32.93171	  40.51883	  107.97689	  108.71295
 10384	  39.91407	  34.7543	  108.64007	  109.37148
 10386	  32.93171	  40.51883	  107.97689	  108.71295
 11588	  38.83344	  36.25033	  107.55849	  108.2975
 10386	  32.93171	  40.51883	  107.97689	  108.71295
 11593	  36.78288	  37.94765	  105.53063	  106.28389
 11588	  38.83344	  36.25033	  107.55849	  108.2975
 11597	  37.72041	  37.1057	  106.41077	  107.15784
 11588	  38.83344	  36.25033	  107.55849	  108.2975
 11593	  36.78288	  37.94765	  105.53063	  106.28389
 11591	  38.82528	  36.33359	  106.83442	  107.57851
 11588	  38.83344	  36.25033	  107.55849	  108.2975
 11597	  37.72041	  37.1057	  106.41077	  107.15784
 11591	  38.82528	  36.33359	  106.83442	  107.57851
 11590	  40.31057	  36.11839	  106.68414	  107.42929
 11588	  38.83344	  36.25033	  107.55849	  108.2975
 11590	  40.31057	  36.11839	  106.68414	  107.42929
 11587	  43.11062	  35.52635	  106.37661	  107.12392
 11588	  38.83344	  36.25033	  107.55849	  108.2975
 11589	  41.84831	  36.00199	  106.38874	  107.13596
 11587	  43.11062	  35.52635	  106.37661	  107.12392
 11590	  40.31057	  36.11839	  106.68414	  107.42929
 11585	  44.24273	  34.40926	  106.60377	  107.34947
 11586	  41.06442	  35.21621	  107.91729	  108.65376
 11587	  43.11062	  35.52635	  106.37661	  107.12392
 11587	  43.11062	  35.52635	  106.37661	  107.12392
 11586	  41.06442	  35.21621	  107.91729	  108.65376
 11588	  38.83344	  36.25033	  107.55849	  108.2975
 10384	  39.91407	  34.7543	  108.64007	  109.37148
 11588	  38.83344	  36.25033	  107.55849	  108.2975
 11586	  41.06442	  35.21621	  107.91729	  108.65376
 10395	  31.25008	  40.65751	  103.60012	  104.36693
 11594	  34.79335	  38.58871	  102.92217	  103.69376
 11592	  35.79955	  38.37247	  104.31118	  105.073
 10395	  31.25008	  40.65751	  103.60012	  104.36693
 11592	  35.79955	  38.37247	  104.31118	  105.073
 10390	  32.84284	  40.62677	  106.38702	  107.13425
 10390	  32.84284	  40.62677	  106.38702	  107.13425
 11592	  35.79955	  38.37247	  104.31118	  105.073
 11593	  36.78288	  37.94765	  105.53063	  106.28389
 10390	  32.84284	  40.62677	  106.38702	  107.13425
 11593	  36.78288	  37.94765	  105.53063	  106.28389
 10386	  32.93171	  40.51883	  107.97689	  108.71295
 10389	  27.16593	  42.16373	  107.71218	  108.4501
 10390	  32.84284	  40.62677	  106.38702	  107.13425
 10386	  32.93171	  40.51883	  107.97689	  108.71295
 10386	  32.93171	  40.51883	  107.97689	  108.71295
 10413	  27.41453	  42.27951	  109.04729	  109.77583
 10389	  27.16593	  42.16373	  107.71218	  108.4501
 10385	  31.9499	  40.2846	  109.64941	  110.37372
 10413	  27.41453	  42.27951	  109.04729	  109.77583
 10386	  32.93171	  40.51883	  107.97689	  108.71295
 10412	  27.6855	  41.58184	  110.23931	  110.95949
 10413	  27.41453	  42.27951	  109.04729	  109.77583
 10385	  31.9499	  40.2846	  109.64941	  110.37372
 10385	  31.9499	  40.2846	  109.64941	  110.37372
 10420	  31.35348	  38.41777	  110.89732	  111.61285
 10412	  27.6855	  41.58184	  110.23931	  110.95949
 10421	  28.88696	  36.84178	  111.80445	  112.51361
 10412	  27.6855	  41.58184	  110.23931	  110.95949
 10420	  31.35348	  38.41777	  110.89732	  111.61285
 10421	  28.88696	  36.84178	  111.80445	  112.51361
 10420	  31.35348	  38.41777	  110.89732	  111.61285
 10426	  29.26832	  34.57207	  112.38564	  113.09073
 10426	  29.26832	  34.57207	  112.38564	  113.09073
 10420	  31.35348	  38.41777	  110.89732	  111.61285
 10425	  33.14781	  30.74348	  112.98626	  113.68713
 10430	  29.53078	  32.48354	  112.91706	  113.61841
 10426	  29.26832	  34.57207	  112.38564	  113.09073
 10425	  33.14781	  30.74348	  112.98626	  113.68713
 10399	  26.00212	  41.39066	  105.09579	  105.8521
 10395	  31.25008	  40.65751	  103.60012	  104.36693
 10400	  26.65069	  41.83134	  106.39863	  107.14577
 10389	  27.16593	  42.16373	  107.71218	  108.4501
 10400	  26.65069	  41.83134	  106.39863	  107.14577
 10395	  31.25008	  40.65751	  103.60012	  104.36693
 10389	  27.16593	  42.16373	  107.71218	  108.4501
 10395	  31.25008	  40.65751	  103.60012	  104.36693
 10390	  32.84284	  40.62677	  106.38702	  107.13425
 11579	  44.24273	  34.40926	  106.60377	  107.34947
 11580	  43.11062	  35.52635	  106.37661	  107.12392
 11581	  44.23517	  34.87105	  106.5062	  107.25261
 10445	  43.66494	  31.73736	  100.88621	  101.67209
 10450	  40.27966	  27.53958	  103.16508	  103.93495
 10463	  40.49679	  33.0104	  100.62012	  101.40788
 10463	  40.49679	  33.0104	  100.62012	  101.40788
 10466	  43.91853	  35.24196	  98.70855	  99.50972
 10445	  43.66494	  31.73736	  100.88621	  101.67209
 10465	  39.82285	  35.89829	  98.79221	  99.59282
 10466	  43.91853	  35.24196	  98.70855	  99.50972
 10463	  40.49679	  33.0104	  100.62012	  101.40788
 10468	  41.59454	  36.98571	  97.8464	  98.65364
 10466	  43.91853	  35.24196	  98.70855	  99.50972
 10465	  39.82285	  35.89829	  98.79221	  99.59282
 10437	  46.54798	  31.74945	  99.65733	  100.45184
 10445	  43.66494	  31.73736	  100.88621	  101.67209
 10466	  43.91853	  35.24196	  98.70855	  99.50972
 10476	  44.38305	  39.03799	  91.14706	  92.00136
 10475	  45.62446	  38.43304	  92.79313	  93.63588
 10477	  42.47051	  39.38727	  92.4168	  93.26219
 10477	  42.47051	  39.38727	  92.4168	  93.26219
 10475	  45.62446	  38.43304	  92.79313	  93.63588
 10474	  41.92716	  38.74357	  95.23858	  96.06413
 10478	  40.52906	  39.50742	  93.61303	  94.45003
 10477	  42.47051	  39.38727	  92.4168	  93.26219
 10474	  41.92716	  38.74357	  95.23858	  96.06413
 10478	  40.52906	  39.50742	  93.61303	  94.45003
 10474	  41.92716	  38.74357	  95.23858	  96.06413
 10481	  38.52968	  39.16922	  94.66228	  95.49191
 10481	  38.52968	  39.16922	  94.66228	  95.49191
 10474	  41.92716	  38.74357	  95.23858	  96.06413
 10468	  41.59454	  36.98571	  97.8464	  98.65364
 10480	  36.51487	  38.31126	  95.58404	  96.40718
 10481	  38.52968	  39.16922	  94.66228	  95.49191
 10468	  41.59454	  36.98571	  97.8464	  98.65364
 10465	  39.82285	  35.89829	  98.79221	  99.59282
 10480	  36.51487	  38.31126	  95.58404	  96.40718
 10468	  41.59454	  36.98571	  97.8464	  98.65364
 10465	  39.82285	  35.89829	  98.79221	  99.59282
 10482	  34.52708	  36.87218	  96.39765	  97.21507
 10480	  36.51487	  38.31126	  95.58404	  96.40718
 10462	  34.10901	  32.18856	  99.8913	  100.68417
 10482	  34.52708	  36.87218	  96.39765	  97.21507
 10465	  39.82285	  35.89829	  98.79221	  99.59282
 10465	  39.82285	  35.89829	  98.79221	  99.59282
 10463	  40.49679	  33.0104	  100.62012	  101.40788
 10462	  34.10901	  32.18856	  99.8913	  100.68417
 10462	  34.10901	  32.18856	  99.8913	  100.68417
 10463	  40.49679	  33.0104	  100.62012	  101.40788
 10459	  33.28139	  27.31883	  102.90466	  103.67636
 10459	  33.28139	  27.31883	  102.90466	  103.67636
 10463	  40.49679	  33.0104	  100.62012	  101.40788
 10450	  40.27966	  27.53958	  103.16508	  103.93495
 10450	  40.27966	  27.53958	  103.16508	  103.93495
 10457	  34.70786	  25.45876	  104.00631	  104.77028
 10459	  33.28139	  27.31883	  102.90466	  103.67636
 10457	  34.70786	  25.45876	  104.00631	  104.77028
 10450	  40.27966	  27.53958	  103.16508	  103.93495
 10452	  35.92797	  23.11609	  104.8978	  105.6555
 10452	  35.92797	  23.11609	  104.8978	  105.6555
 10450	  40.27966	  27.53958	  103.16508	  103.93495
 10453	  37.04483	  20.53207	  105.68443	  106.4366
 10443	  43.57705	  24.64034	  103.79418	  104.55963
 10453	  37.04483	  20.53207	  105.68443	  106.4366
 10450	  40.27966	  27.53958	  103.16508	  103.93495
 10445	  43.66494	  31.73736	  100.88621	  101.67209
 10443	  43.57705	  24.64034	  103.79418	  104.55963
 10450	  40.27966	  27.53958	  103.16508	  103.93495
 10445	  43.66494	  31.73736	  100.88621	  101.67209
 10444	  46.67431	  26.72359	  101.82122	  102.60052
 10443	  43.57705	  24.64034	  103.79418	  104.55963
 10437	  46.54798	  31.74945	  99.65733	  100.45184
 10444	  46.67431	  26.72359	  101.82122	  102.60052
 10445	  43.66494	  31.73736	  100.88621	  101.67209
 10436	  47.98604	  27.564	  100.581	  101.36903
 10444	  46.67431	  26.72359	  101.82122	  102.60052
 10437	  46.54798	  31.74945	  99.65733	  100.45184
 10436	  47.98604	  27.564	  100.581	  101.36903
 10437	  46.54798	  31.74945	  99.65733	  100.45184
 10438	  49.39626	  27.91336	  99.31989	  100.11679
 10442	  45.26873	  25.65983	  102.92925	  103.70078
 10443	  43.57705	  24.64034	  103.79418	  104.55963
 10444	  46.67431	  26.72359	  101.82122	  102.60052
 10484	  32.55793	  34.98664	  97.10749	  97.91994
 10482	  34.52708	  36.87218	  96.39765	  97.21507
 10462	  34.10901	  32.18856	  99.8913	  100.68417
 10484	  32.55793	  34.98664	  97.10749	  97.91994
 10462	  34.10901	  32.18856	  99.8913	  100.68417
 10488	  28.64557	  30.43637	  98.27811	  99.08232
 10488	  28.64557	  30.43637	  98.27811	  99.08232
 10462	  34.10901	  32.18856	  99.8913	  100.68417
 10461	  31.74588	  28.72024	  101.57221	  102.35327
 10461	  31.74588	  28.72024	  101.57221	  102.35327
 10462	  34.10901	  32.18856	  99.8913	  100.68417
 10459	  33.28139	  27.31883	  102.90466	  103.67636
 10439	  50.85571	  28.01719	  98.04842	  98.85425
 10438	  49.39626	  27.91336	  99.31989	  100.11679
 10440	  49.98895	  30.99757	  97.49317	  98.3029
 10440	  49.98895	  30.99757	  97.49317	  98.3029
 10438	  49.39626	  27.91336	  99.31989	  100.11679
 10437	  46.54798	  31.74945	  99.65733	  100.45184
 10441	  49.05685	  33.71414	  96.76437	  97.57921
 10440	  49.98895	  30.99757	  97.49317	  98.3029
 10437	  46.54798	  31.74945	  99.65733	  100.45184
 10437	  46.54798	  31.74945	  99.65733	  100.45184
 10469	  47.99402	  35.90301	  95.68862	  96.51102
 10441	  49.05685	  33.71414	  96.76437	  97.57921
 10466	  43.91853	  35.24196	  98.70855	  99.50972
 10469	  47.99402	  35.90301	  95.68862	  96.51102
 10437	  46.54798	  31.74945	  99.65733	  100.45184
 10467	  43.32891	  37.5756	  96.78417	  97.59888
 10469	  47.99402	  35.90301	  95.68862	  96.51102
 10466	  43.91853	  35.24196	  98.70855	  99.50972
 10467	  43.32891	  37.5756	  96.78417	  97.59888
 10466	  43.91853	  35.24196	  98.70855	  99.50972
 10468	  41.59454	  36.98571	  97.8464	  98.65364
 10467	  43.32891	  37.5756	  96.78417	  97.59888
 10468	  41.59454	  36.98571	  97.8464	  98.65364
 10474	  41.92716	  38.74357	  95.23858	  96.06413
 10467	  43.32891	  37.5756	  96.78417	  97.59888
 10474	  41.92716	  38.74357	  95.23858	  96.06413
 10473	  46.83756	  37.49805	  94.34002	  95.17191
 10473	  46.83756	  37.49805	  94.34002	  95.17191
 10474	  41.92716	  38.74357	  95.23858	  96.06413
 10475	  45.62446	  38.43304	  92.79313	  93.63588
 10473	  46.83756	  37.49805	  94.34002	  95.17191
 10469	  47.99402	  35.90301	  95.68862	  96.51102
 10467	  43.32891	  37.5756	  96.78417	  97.59888
 11559	  43.90457	  62.84394	  97.20808	  98.01981
 11560	  44.14849	  59.3242	  97.22381	  98.03543
 11561	  43.66656	  64.46031	  97.23199	  98.04355
 10415	  51.18666	  66.83972	  91.32355	  92.17662
 10414	  52.35901	  65.89735	  92.78489	  93.6277
 10410	  47.59869	  67.58206	  93.67121	  94.5078
 10415	  51.18666	  66.83972	  91.32355	  92.17662
 10410	  47.59869	  67.58206	  93.67121	  94.5078
 10416	  50.05793	  67.11226	  89.71067	  90.57509
 10417	  48.95096	  67.04982	  88.0223	  88.89856
 10416	  50.05793	  67.11226	  89.71067	  90.57509
 10418	  47.14016	  67.56964	  89.22999	  90.09776
 10418	  47.14016	  67.56964	  89.22999	  90.09776
 10416	  50.05793	  67.11226	  89.71067	  90.57509
 10410	  47.59869	  67.58206	  93.67121	  94.5078
 10419	  45.34251	  67.85081	  90.3834	  91.24309
 10418	  47.14016	  67.56964	  89.22999	  90.09776
 10410	  47.59869	  67.58206	  93.67121	  94.5078
 10419	  45.34251	  67.85081	  90.3834	  91.24309
 10410	  47.59869	  67.58206	  93.67121	  94.5078
 10422	  43.5714	  67.65474	  91.4285	  92.28084
 10378	  53.51288	  64.35773	  94.01681	  94.85095
 10409	  48.77095	  66.63109	  95.13073	  95.95705
 10414	  52.35901	  65.89735	  92.78489	  93.6277
 10410	  47.59869	  67.58206	  93.67121	  94.5078
 10414	  52.35901	  65.89735	  92.78489	  93.6277
 10409	  48.77095	  66.63109	  95.13073	  95.95705
 10410	  47.59869	  67.58206	  93.67121	  94.5078
 10409	  48.77095	  66.63109	  95.13073	  95.95705
 10411	  45.83086	  67.37764	  94.71438	  95.54362
 10422	  43.5714	  67.65474	  91.4285	  92.28084
 10410	  47.59869	  67.58206	  93.67121	  94.5078
 10411	  45.83086	  67.37764	  94.71438	  95.54362
 10422	  43.5714	  67.65474	  91.4285	  92.28084
 10411	  45.83086	  67.37764	  94.71438	  95.54362
 10423	  41.82436	  66.9804	  92.36486	  93.21062
 10432	  34.99143	  59.73295	  95.07697	  95.90367
 10431	  36.68803	  62.08314	  94.52114	  95.35175
 10429	  36.13689	  59.79792	  96.76589	  97.58072
 10429	  36.13689	  59.79792	  96.76589	  97.58072
 10431	  36.68803	  62.08314	  94.52114	  95.35175
 10404	  40.10136	  64.07581	  96.39571	  97.21315
 10428	  38.3891	  64.19411	  93.91109	  94.74599
 10404	  40.10136	  64.07581	  96.39571	  97.21315
 10431	  36.68803	  62.08314	  94.52114	  95.35175
 10428	  38.3891	  64.19411	  93.91109	  94.74599
 10427	  40.09908	  65.82669	  93.19231	  94.03226
 10404	  40.10136	  64.07581	  96.39571	  97.21315
 10404	  40.10136	  64.07581	  96.39571	  97.21315
 10427	  40.09908	  65.82669	  93.19231	  94.03226
 10408	  42.37322	  65.55054	  96.47843	  97.29529
 10423	  41.82436	  66.9804	  92.36486	  93.21062
 10408	  42.37322	  65.55054	  96.47843	  97.29529
 10427	  40.09908	  65.82669	  93.19231	  94.03226
 10407	  44.08783	  66.70355	  95.65081	  96.47346
 10408	  42.37322	  65.55054	  96.47843	  97.29529
 10423	  41.82436	  66.9804	  92.36486	  93.21062
 10423	  41.82436	  66.9804	  92.36486	  93.21062
 10411	  45.83086	  67.37764	  94.71438	  95.54362
 10407	  44.08783	  66.70355	  95.65081	  96.47346
 10407	  44.08783	  66.70355	  95.65081	  96.47346
 10411	  45.83086	  67.37764	  94.71438	  95.54362
 10406	  46.12467	  66.08797	  96.64175	  97.45746
 10411	  45.83086	  67.37764	  94.71438	  95.54362
 10409	  48.77095	  66.63109	  95.13073	  95.95705
 10406	  46.12467	  66.08797	  96.64175	  97.45746
 10377	  49.06165	  64.97049	  96.91538	  97.72917
 10406	  46.12467	  66.08797	  96.64175	  97.45746
 10409	  48.77095	  66.63109	  95.13073	  95.95705
 10377	  49.06165	  64.97049	  96.91538	  97.72917
 10409	  48.77095	  66.63109	  95.13073	  95.95705
 10378	  53.51288	  64.35773	  94.01681	  94.85095
 10377	  49.06165	  64.97049	  96.91538	  97.72917
 10378	  53.51288	  64.35773	  94.01681	  94.85095
 10379	  50.22328	  62.85348	  97.93368	  98.74031
 10379	  50.22328	  62.85348	  97.93368	  98.74031
 10378	  53.51288	  64.35773	  94.01681	  94.85095
 10380	  54.5864	  62.29354	  94.94065	  95.76831
 10382	  53.83856	  60.45839	  96.94923	  97.76277
 10379	  50.22328	  62.85348	  97.93368	  98.74031
 10380	  54.5864	  62.29354	  94.94065	  95.76831
 10383	  55.61975	  59.96709	  95.71041	  96.53265
 10382	  53.83856	  60.45839	  96.94923	  97.76277
 10380	  54.5864	  62.29354	  94.94065	  95.76831
 10407	  44.08783	  66.70355	  95.65081	  96.47346
 10406	  46.12467	  66.08797	  96.64175	  97.45746
 10408	  42.37322	  65.55054	  96.47843	  97.29529
 10377	  49.06165	  64.97049	  96.91538	  97.72917
 10379	  50.22328	  62.85348	  97.93368	  98.74031
 10391	  45.632	  63.57761	  98.83207	  99.63239
 10391	  45.632	  63.57761	  98.83207	  99.63239
 10406	  46.12467	  66.08797	  96.64175	  97.45746
 10377	  49.06165	  64.97049	  96.91538	  97.72917
 10391	  45.632	  63.57761	  98.83207	  99.63239
 10403	  41.87325	  62.97803	  98.65923	  99.46077
 10406	  46.12467	  66.08797	  96.64175	  97.45746
 10408	  42.37322	  65.55054	  96.47843	  97.29529
 10406	  46.12467	  66.08797	  96.64175	  97.45746
 10403	  41.87325	  62.97803	  98.65923	  99.46077
 10404	  40.10136	  64.07581	  96.39571	  97.21315
 10408	  42.37322	  65.55054	  96.47843	  97.29529
 10403	  41.87325	  62.97803	  98.65923	  99.46077
 10404	  40.10136	  64.07581	  96.39571	  97.21315
 10403	  41.87325	  62.97803	  98.65923	  99.46077
 10405	  37.31941	  59.5289	  98.37945	  99.18294
 10429	  36.13689	  59.79792	  96.76589	  97.58072
 10404	  40.10136	  64.07581	  96.39571	  97.21315
 10405	  37.31941	  59.5289	  98.37945	  99.18294
 10393	  43.14452	  61.37803	  99.97199	  100.7643
 10403	  41.87325	  62.97803	  98.65923	  99.46077
 10391	  45.632	  63.57761	  98.83207	  99.63239
 10405	  37.31941	  59.5289	  98.37945	  99.18294
 10403	  41.87325	  62.97803	  98.65923	  99.46077
 10402	  38.57589	  58.59203	  99.842	  100.63522
 10393	  43.14452	  61.37803	  99.97199	  100.7643
 10402	  38.57589	  58.59203	  99.842	  100.63522
 10403	  41.87325	  62.97803	  98.65923	  99.46077
 10401	  39.92747	  56.98869	  101.154	  101.938
 10402	  38.57589	  58.59203	  99.842	  100.63522
 10393	  43.14452	  61.37803	  99.97199	  100.7643
 10401	  39.92747	  56.98869	  101.154	  101.938
 10393	  43.14452	  61.37803	  99.97199	  100.7643
 10397	  41.39516	  54.72027	  102.31564	  103.09148
 10396	  42.92083	  52.11926	  103.40215	  104.17035
 10397	  41.39516	  54.72027	  102.31564	  103.09148
 10398	  44.43412	  54.45741	  102.84386	  103.616
 10398	  44.43412	  54.45741	  102.84386	  103.616
 10397	  41.39516	  54.72027	  102.31564	  103.09148
 10393	  43.14452	  61.37803	  99.97199	  100.7643
 10392	  45.97155	  56.55766	  102.23159	  103.00803
 10398	  44.43412	  54.45741	  102.84386	  103.616
 10393	  43.14452	  61.37803	  99.97199	  100.7643
 10392	  45.97155	  56.55766	  102.23159	  103.00803
 10393	  43.14452	  61.37803	  99.97199	  100.7643
 10394	  47.55731	  58.18213	  101.51116	  102.29266
 10393	  43.14452	  61.37803	  99.97199	  100.7643
 10391	  45.632	  63.57761	  98.83207	  99.63239
 10394	  47.55731	  58.18213	  101.51116	  102.29266
 10391	  45.632	  63.57761	  98.83207	  99.63239
 10387	  49.12605	  59.39466	  100.61167	  101.39948
 10394	  47.55731	  58.18213	  101.51116	  102.29266
 10391	  45.632	  63.57761	  98.83207	  99.63239
 10379	  50.22328	  62.85348	  97.93368	  98.74031
 10387	  49.12605	  59.39466	  100.61167	  101.39948
 10387	  49.12605	  59.39466	  100.61167	  101.39948
 10379	  50.22328	  62.85348	  97.93368	  98.74031
 10388	  50.6123	  60.25918	  99.46236	  100.25826
 10381	  52.14146	  60.65423	  98.19698	  99.00175
 10388	  50.6123	  60.25918	  99.46236	  100.25826
 10379	  50.22328	  62.85348	  97.93368	  98.74031
 10381	  52.14146	  60.65423	  98.19698	  99.00175
 10379	  50.22328	  62.85348	  97.93368	  98.74031
 10382	  53.83856	  60.45839	  96.94923	  97.76277
 9877	  69.06915	  33.2494	  87.37249	  88.25333
 10363	  68.42712	  31.19308	  84.06998	  84.97401
 10364	  70.06355	  30.30787	  84.0059	  84.91039
 9877	  69.06915	  33.2494	  87.37249	  88.25333
 10364	  70.06355	  30.30787	  84.0059	  84.91039
 9875	  70.6164	  32.70428	  88.16898	  89.04422
 9875	  70.6164	  32.70428	  88.16898	  89.04422
 10364	  70.06355	  30.30787	  84.0059	  84.91039
 10359	  72.90072	  27.81972	  83.5956	  84.50298
 9873	  74.34457	  25.92622	  83.3881	  84.29694
 9875	  70.6164	  32.70428	  88.16898	  89.04422
 10359	  72.90072	  27.81972	  83.5956	  84.50298
 9873	  74.34457	  25.92622	  83.3881	  84.29694
 9874	  71.66058	  32.17684	  89.80155	  90.66533
 9875	  70.6164	  32.70428	  88.16898	  89.04422
 9873	  74.34457	  25.92622	  83.3881	  84.29694
 10376	  75.13226	  24.16932	  84.05906	  84.96318
 9874	  71.66058	  32.17684	  89.80155	  90.66533
 9874	  71.66058	  32.17684	  89.80155	  90.66533
 10376	  75.13226	  24.16932	  84.05906	  84.96318
 9883	  72.33306	  30.13475	  90.92416	  91.78003
 9874	  71.66058	  32.17684	  89.80155	  90.66533
 9883	  72.33306	  30.13475	  90.92416	  91.78003
 9881	  70.09459	  33.90942	  93.26742	  94.10684
 9881	  70.09459	  33.90942	  93.26742	  94.10684
 9882	  68.89121	  34.94238	  92.81924	  93.6618
 9874	  71.66058	  32.17684	  89.80155	  90.66533
 9874	  71.66058	  32.17684	  89.80155	  90.66533
 9882	  68.89121	  34.94238	  92.81924	  93.6618
 9875	  70.6164	  32.70428	  88.16898	  89.04422
 9875	  70.6164	  32.70428	  88.16898	  89.04422
 9882	  68.89121	  34.94238	  92.81924	  93.6618
 9876	  67.47768	  35.22778	  92.27946	  93.12582
 9876	  67.47768	  35.22778	  92.27946	  93.12582
 9877	  69.06915	  33.2494	  87.37249	  88.25333
 9875	  70.6164	  32.70428	  88.16898	  89.04422
 9876	  67.47768	  35.22778	  92.27946	  93.12582
 9878	  65.57732	  34.26921	  87.03811	  87.9213
 9877	  69.06915	  33.2494	  87.37249	  88.25333
 9878	  65.57732	  34.26921	  87.03811	  87.9213
 10363	  68.42712	  31.19308	  84.06998	  84.97401
 9877	  69.06915	  33.2494	  87.37249	  88.25333
 9878	  65.57732	  34.26921	  87.03811	  87.9213
 10365	  66.59523	  31.92671	  84.05949	  84.96359
 10363	  68.42712	  31.19308	  84.06998	  84.97401
 9873	  74.34457	  25.92622	  83.3881	  84.29694
 10359	  72.90072	  27.81972	  83.5956	  84.50298
 10357	  74.31693	  26.39168	  82.14524	  83.06279
 9879	  64.2907	  35.36362	  91.72309	  92.57335
 9878	  65.57732	  34.26921	  87.03811	  87.9213
 9880	  65.9202	  35.33919	  91.94904	  92.79771
 9876	  67.47768	  35.22778	  92.27946	  93.12582
 9880	  65.9202	  35.33919	  91.94904	  92.79771
 9878	  65.57732	  34.26921	  87.03811	  87.9213
 10356	  74.67016	  25.48941	  79.08794	  80.02699
 10357	  74.31693	  26.39168	  82.14524	  83.06279
 10358	  73.97129	  26.79611	  79.79769	  80.73175
 10358	  73.97129	  26.79611	  79.79769	  80.73175
 10357	  74.31693	  26.39168	  82.14524	  83.06279
 10359	  72.90072	  27.81972	  83.5956	  84.50298
 10361	  72.83972	  27.70529	  82.03098	  82.94934
 10358	  73.97129	  26.79611	  79.79769	  80.73175
 10359	  72.90072	  27.81972	  83.5956	  84.50298
 10362	  72.21678	  28.09594	  83.20879	  84.11888
 10361	  72.83972	  27.70529	  82.03098	  82.94934
 10359	  72.90072	  27.81972	  83.5956	  84.50298
 10362	  72.21678	  28.09594	  83.20879	  84.11888
 10359	  72.90072	  27.81972	  83.5956	  84.50298
 10366	  71.30907	  29.11947	  83.79304	  84.69902
 10360	  73.36288	  27.44088	  80.73531	  81.66278
 10358	  73.97129	  26.79611	  79.79769	  80.73175
 10361	  72.83972	  27.70529	  82.03098	  82.94934
 11540	  44.73807	  58.61625	  97.59498	  98.40398
 11541	  44.14849	  59.3242	  97.22381	  98.03543
 11542	  45.10482	  58.24939	  97.92736	  98.73404
 10319	  68.05103	  23.20647	  81.11233	  82.03716
 10320	  67.9286	  23.90068	  81.49105	  82.41321
 10318	  67.72779	  24.44423	  81.84986	  82.7695
 10319	  68.05103	  23.20647	  81.11233	  82.03716
 10318	  67.72779	  24.44423	  81.84986	  82.7695
 10317	  66.89012	  22.90537	  80.79775	  81.72479
 10317	  66.89012	  22.90537	  80.79775	  81.72479
 10323	  67.51291	  21.97667	  80.37769	  81.30768
 10319	  68.05103	  23.20647	  81.11233	  82.03716
 10319	  68.05103	  23.20647	  81.11233	  82.03716
 10323	  67.51291	  21.97667	  80.37769	  81.30768
 10322	  68.34011	  20.89138	  79.92619	  80.85934
 10321	  68.54851	  20.67296	  80.09426	  81.02623
 10319	  68.05103	  23.20647	  81.11233	  82.03716
 10322	  68.34011	  20.89138	  79.92619	  80.85934
 10316	  66.49585	  23.9804	  81.5185	  82.44046
 10317	  66.89012	  22.90537	  80.79775	  81.72479
 10318	  67.72779	  24.44423	  81.84986	  82.7695
 10318	  67.72779	  24.44423	  81.84986	  82.7695
 10325	  66.62163	  24.79294	  82.11491	  83.03268
 10316	  66.49585	  23.9804	  81.5185	  82.44046
 10324	  67.26923	  25.14445	  82.27316	  83.18982
 10325	  66.62163	  24.79294	  82.11491	  83.03268
 10318	  67.72779	  24.44423	  81.84986	  82.7695
 10328	  67.13277	  26.05146	  82.72866	  83.64214
 10325	  66.62163	  24.79294	  82.11491	  83.03268
 10324	  67.26923	  25.14445	  82.27316	  83.18982
 10327	  65.1989	  24.76185	  82.24618	  83.16304
 10325	  66.62163	  24.79294	  82.11491	  83.03268
 10328	  67.13277	  26.05146	  82.72866	  83.64214
 10328	  67.13277	  26.05146	  82.72866	  83.64214
 10333	  62.83054	  29.98606	  83.37597	  84.28488
 10327	  65.1989	  24.76185	  82.24618	  83.16304
 10327	  65.1989	  24.76185	  82.24618	  83.16304
 10333	  62.83054	  29.98606	  83.37597	  84.28488
 10334	  64.25855	  24.79986	  82.16372	  83.08116
 10334	  64.25855	  24.79986	  82.16372	  83.08116
 10333	  62.83054	  29.98606	  83.37597	  84.28488
 10329	  63.10122	  24.4411	  82.00433	  82.92287
 10329	  63.10122	  24.4411	  82.00433	  82.92287
 10333	  62.83054	  29.98606	  83.37597	  84.28488
 10345	  59.75489	  32.42045	  84.39158	  85.29337
 10329	  63.10122	  24.4411	  82.00433	  82.92287
 10345	  59.75489	  32.42045	  84.39158	  85.29337
 10330	  58.49357	  26.25492	  83.21111	  84.12119
 10330	  58.49357	  26.25492	  83.21111	  84.12119
 10345	  59.75489	  32.42045	  84.39158	  85.29337
 10347	  55.17304	  33.85962	  86.09379	  86.98361
 10347	  55.17304	  33.85962	  86.09379	  86.98361
 10345	  59.75489	  32.42045	  84.39158	  85.29337
 10348	  56.45242	  35.49061	  86.04235	  86.93253
 10349	  57.6398	  37.15108	  86.06763	  86.95763
 10348	  56.45242	  35.49061	  86.04235	  86.93253
 10345	  59.75489	  32.42045	  84.39158	  85.29337
 10349	  57.6398	  37.15108	  86.06763	  86.95763
 10345	  59.75489	  32.42045	  84.39158	  85.29337
 10346	  58.64331	  38.8704	  86.24668	  87.13542
 10345	  59.75489	  32.42045	  84.39158	  85.29337
 10333	  62.83054	  29.98606	  83.37597	  84.28488
 10346	  58.64331	  38.8704	  86.24668	  87.13542
 10335	  63.488	  32.50882	  84.22395	  85.12691
 10346	  58.64331	  38.8704	  86.24668	  87.13542
 10333	  62.83054	  29.98606	  83.37597	  84.28488
 10335	  63.488	  32.50882	  84.22395	  85.12691
 10333	  62.83054	  29.98606	  83.37597	  84.28488
 10328	  67.13277	  26.05146	  82.72866	  83.64214
 10335	  63.488	  32.50882	  84.22395	  85.12691
 10328	  67.13277	  26.05146	  82.72866	  83.64214
 10337	  66.57646	  31.02291	  84.62759	  85.52771
 10316	  66.49585	  23.9804	  81.5185	  82.44046
 10325	  66.62163	  24.79294	  82.11491	  83.03268
 10326	  65.97404	  24.44139	  81.95666	  82.87555
 10327	  65.1989	  24.76185	  82.24618	  83.16304
 10326	  65.97404	  24.44139	  81.95666	  82.87555
 10325	  66.62163	  24.79294	  82.11491	  83.03268
 10329	  63.10122	  24.4411	  82.00433	  82.92287
 10330	  58.49357	  26.25492	  83.21111	  84.12119
 10331	  61.67499	  23.5712	  82.0631	  82.98125
 10330	  58.49357	  26.25492	  83.21111	  84.12119
 10332	  60.1143	  22.44574	  82.23107	  83.14804
 10331	  61.67499	  23.5712	  82.0631	  82.98125
 10338	  67.89831	  27.2152	  83.18475	  84.095
 10337	  66.57646	  31.02291	  84.62759	  85.52771
 10328	  67.13277	  26.05146	  82.72866	  83.64214
 10336	  69.03562	  28.40037	  83.80567	  84.71156
 10337	  66.57646	  31.02291	  84.62759	  85.52771
 10338	  67.89831	  27.2152	  83.18475	  84.095
 10336	  69.03562	  28.40037	  83.80567	  84.71156
 10340	  70.01458	  29.37161	  84.75602	  85.65523
 10337	  66.57646	  31.02291	  84.62759	  85.52771
 10339	  70.91439	  30.2359	  85.87095	  86.76233
 10337	  66.57646	  31.02291	  84.62759	  85.52771
 10340	  70.01458	  29.37161	  84.75602	  85.65523
 10341	  67.90797	  35.10508	  87.72991	  88.60823
 10337	  66.57646	  31.02291	  84.62759	  85.52771
 10339	  70.91439	  30.2359	  85.87095	  86.76233
 10341	  67.90797	  35.10508	  87.72991	  88.60823
 10342	  65.01683	  36.2811	  87.10741	  87.99011
 10337	  66.57646	  31.02291	  84.62759	  85.52771
 10343	  66.29673	  38.16194	  88.59182	  89.46408
 10342	  65.01683	  36.2811	  87.10741	  87.99011
 10341	  67.90797	  35.10508	  87.72991	  88.60823
 10343	  66.29673	  38.16194	  88.59182	  89.46408
 10351	  63.03168	  40.95922	  89.17785	  90.04601
 10342	  65.01683	  36.2811	  87.10741	  87.99011
 10352	  64.10927	  41.93158	  90.0052	  90.86752
 10351	  63.03168	  40.95922	  89.17785	  90.04601
 10343	  66.29673	  38.16194	  88.59182	  89.46408
 10344	  59.62688	  40.10291	  86.66959	  87.55537
 10346	  58.64331	  38.8704	  86.24668	  87.13542
 10335	  63.488	  32.50882	  84.22395	  85.12691
 10344	  59.62688	  40.10291	  86.66959	  87.55537
 10335	  63.488	  32.50882	  84.22395	  85.12691
 10337	  66.57646	  31.02291	  84.62759	  85.52771
 10344	  59.62688	  40.10291	  86.66959	  87.55537
 10337	  66.57646	  31.02291	  84.62759	  85.52771
 10342	  65.01683	  36.2811	  87.10741	  87.99011
 10342	  65.01683	  36.2811	  87.10741	  87.99011
 10350	  61.92359	  40.30898	  88.32635	  89.20049
 10344	  59.62688	  40.10291	  86.66959	  87.55537
 10350	  61.92359	  40.30898	  88.32635	  89.20049
 10342	  65.01683	  36.2811	  87.10741	  87.99011
 10351	  63.03168	  40.95922	  89.17785	  90.04601
 11525	  33.50315	  61.5605	  93.13143	  93.9718
 11480	  35.66217	  60.7407	  95.08614	  95.91278
 11526	  32.87723	  59.0864	  93.49119	  94.32903
 11473	  39.28875	  52.40786	  98.85676	  99.65691
 11474	  35.60873	  54.99737	  96.47988	  97.29672
 11475	  39.85194	  54.86985	  98.73093	  99.53197
 11475	  39.85194	  54.86985	  98.73093	  99.53197
 11474	  35.60873	  54.99737	  96.47988	  97.29672
 11479	  40.54125	  57.18383	  98.45042	  99.25342
 11480	  35.66217	  60.7407	  95.08614	  95.91278
 11479	  40.54125	  57.18383	  98.45042	  99.25342
 11474	  35.60873	  54.99737	  96.47988	  97.29672
 11480	  35.66217	  60.7407	  95.08614	  95.91278
 11474	  35.60873	  54.99737	  96.47988	  97.29672
 11481	  34.42129	  55.80196	  95.73898	  96.56102
 11481	  34.42129	  55.80196	  95.73898	  96.56102
 11520	  33.30825	  56.3044	  94.80985	  95.63843
 11480	  35.66217	  60.7407	  95.08614	  95.91278
 11526	  32.87723	  59.0864	  93.49119	  94.32903
 11480	  35.66217	  60.7407	  95.08614	  95.91278
 11520	  33.30825	  56.3044	  94.80985	  95.63843
 11527	  32.23244	  56.65579	  93.78651	  94.62228
 11526	  32.87723	  59.0864	  93.49119	  94.32903
 11520	  33.30825	  56.3044	  94.80985	  95.63843
 10308	  57.18513	  34.8027	  87.72018	  88.59857
 10309	  58.03759	  37.14027	  87.34306	  88.22411
 10310	  59.2136	  35.50906	  86.97959	  87.86319
 10310	  59.2136	  35.50906	  86.97959	  87.86319
 10312	  56.38626	  29.26271	  88.10613	  88.98181
 10308	  57.18513	  34.8027	  87.72018	  88.59857
 10313	  60.19265	  30.25724	  86.53318	  87.41992
 10312	  56.38626	  29.26271	  88.10613	  88.98181
 10310	  59.2136	  35.50906	  86.97959	  87.86319
 10311	  57.44776	  27.77059	  87.69721	  88.57576
 10312	  56.38626	  29.26271	  88.10613	  88.98181
 10313	  60.19265	  30.25724	  86.53318	  87.41992
 10308	  57.18513	  34.8027	  87.72018	  88.59857
 10312	  56.38626	  29.26271	  88.10613	  88.98181
 10314	  56.23247	  32.71666	  88.0788	  88.95468
 10315	  55.22968	  30.7564	  88.42828	  89.3017
 10314	  56.23247	  32.71666	  88.0788	  88.95468
 10312	  56.38626	  29.26271	  88.10613	  88.98181
 10294	  60.19265	  30.25724	  86.53318	  87.41992
 10293	  64.44144	  26.18383	  83.24976	  84.15958
 10295	  63.44274	  24.6489	  84.28864	  85.19113
 10295	  63.44274	  24.6489	  84.28864	  85.19113
 10296	  62.28818	  23.10977	  84.93966	  85.83759
 10294	  60.19265	  30.25724	  86.53318	  87.41992
 10294	  60.19265	  30.25724	  86.53318	  87.41992
 10296	  62.28818	  23.10977	  84.93966	  85.83759
 10297	  57.44776	  27.77059	  87.69721	  88.57576
 10297	  57.44776	  27.77059	  87.69721	  88.57576
 10296	  62.28818	  23.10977	  84.93966	  85.83759
 10298	  61.0558	  21.56853	  85.39663	  86.29135
 10283	  61.99771	  35.79221	  79.28959	  80.22722
 10286	  64.26083	  32.1017	  77.50422	  78.45439
 10285	  64.74679	  31.44276	  78.63683	  79.57904
 10284	  65.12283	  30.66369	  79.61196	  80.54732
 10283	  61.99771	  35.79221	  79.28959	  80.22722
 10285	  64.74679	  31.44276	  78.63683	  79.57904
 10282	  61.78848	  35.78481	  84.10183	  85.00565
 10283	  61.99771	  35.79221	  79.28959	  80.22722
 10284	  65.12283	  30.66369	  79.61196	  80.54732
 10282	  61.78848	  35.78481	  84.10183	  85.00565
 10284	  65.12283	  30.66369	  79.61196	  80.54732
 10288	  65.27908	  29.64429	  80.27229	  81.20302
 10292	  61.55368	  34.96527	  85.38462	  86.27943
 10282	  61.78848	  35.78481	  84.10183	  85.00565
 10288	  65.27908	  29.64429	  80.27229	  81.20302
 10292	  61.55368	  34.96527	  85.38462	  86.27943
 10288	  65.27908	  29.64429	  80.27229	  81.20302
 10287	  65.36283	  26.87752	  82.15742	  83.07489
 10292	  61.55368	  34.96527	  85.38462	  86.27943
 10287	  65.36283	  26.87752	  82.15742	  83.07489
 10293	  64.44144	  26.18383	  83.24976	  84.15958
 10292	  61.55368	  34.96527	  85.38462	  86.27943
 10293	  64.44144	  26.18383	  83.24976	  84.15958
 10299	  60.88181	  33.00936	  86.19682	  87.08591
 10294	  60.19265	  30.25724	  86.53318	  87.41992
 10299	  60.88181	  33.00936	  86.19682	  87.08591
 10293	  64.44144	  26.18383	  83.24976	  84.15958
 10294	  60.19265	  30.25724	  86.53318	  87.41992
 10306	  59.2136	  35.50906	  86.97959	  87.86319
 10299	  60.88181	  33.00936	  86.19682	  87.08591
 10299	  60.88181	  33.00936	  86.19682	  87.08591
 10306	  59.2136	  35.50906	  86.97959	  87.86319
 10292	  61.55368	  34.96527	  85.38462	  86.27943
 10292	  61.55368	  34.96527	  85.38462	  86.27943
 10306	  59.2136	  35.50906	  86.97959	  87.86319
 10304	  58.63287	  39.01859	  86.73637	  87.62167
 10304	  58.63287	  39.01859	  86.73637	  87.62167
 10305	  58.81414	  39.7269	  85.68865	  86.58131
 10292	  61.55368	  34.96527	  85.38462	  86.27943
 10292	  61.55368	  34.96527	  85.38462	  86.27943
 10305	  58.81414	  39.7269	  85.68865	  86.58131
 10282	  61.78848	  35.78481	  84.10183	  85.00565
 10282	  61.78848	  35.78481	  84.10183	  85.00565
 10305	  58.81414	  39.7269	  85.68865	  86.58131
 10300	  60.30495	  37.89887	  80.37847	  81.30844
 10300	  60.30495	  37.89887	  80.37847	  81.30844
 10283	  61.99771	  35.79221	  79.28959	  80.22722
 10282	  61.78848	  35.78481	  84.10183	  85.00565
 10287	  65.36283	  26.87752	  82.15742	  83.07489
 10288	  65.27908	  29.64429	  80.27229	  81.20302
 10277	  66.28557	  25.89293	  81.34638	  82.26956
 10304	  58.63287	  39.01859	  86.73637	  87.62167
 10306	  59.2136	  35.50906	  86.97959	  87.86319
 10307	  58.03759	  37.14027	  87.34306	  88.22411
 10301	  57.85275	  40.86455	  81.76368	  82.68391
 10300	  60.30495	  37.89887	  80.37847	  81.30844
 10302	  58.32055	  40.35735	  83.09212	  84.00304
 10303	  58.67785	  39.94612	  84.40545	  85.30713
 10302	  58.32055	  40.35735	  83.09212	  84.00304
 10300	  60.30495	  37.89887	  80.37847	  81.30844
 10303	  58.67785	  39.94612	  84.40545	  85.30713
 10300	  60.30495	  37.89887	  80.37847	  81.30844
 10305	  58.81414	  39.7269	  85.68865	  86.58131
 10276	  68.11087	  22.24376	  79.91582	  80.84906
 10277	  66.28557	  25.89293	  81.34638	  82.26956
 10278	  67.69273	  23.71292	  79.8001	  80.73415
 10277	  66.28557	  25.89293	  81.34638	  82.26956
 10279	  67.1019	  25.03719	  79.87075	  80.80431
 10278	  67.69273	  23.71292	  79.8001	  80.73415
 10279	  67.1019	  25.03719	  79.87075	  80.80431
 10277	  66.28557	  25.89293	  81.34638	  82.26956
 10280	  66.27319	  26.68907	  80.24664	  81.17754
 10281	  65.55083	  28.33575	  80.51723	  81.44623
 10280	  66.27319	  26.68907	  80.24664	  81.17754
 10277	  66.28557	  25.89293	  81.34638	  82.26956
 10271	  62.74963	  23.36254	  91.18574	  92.03978
 10272	  63.49959	  20.2345	  91.76147	  92.61147
 10262	  64.48174	  18.74905	  88.99998	  89.86938
 10271	  62.74963	  23.36254	  91.18574	  92.03978
 10262	  64.48174	  18.74905	  88.99998	  89.86938
 10274	  62.07515	  25.69744	  90.85336	  91.70973
 10256	  65.46958	  25.10516	  82.14684	  83.06439
 10257	  64.08776	  25.29256	  85.30198	  86.19737
 10258	  67.10668	  19.21502	  82.5413	  83.45609
 10258	  67.10668	  19.21502	  82.5413	  83.45609
 10257	  64.08776	  25.29256	  85.30198	  86.19737
 10259	  65.77782	  18.72321	  85.93174	  86.82269
 10257	  64.08776	  25.29256	  85.30198	  86.19737
 10260	  63.31247	  25.37785	  86.67695	  87.56267
 10259	  65.77782	  18.72321	  85.93174	  86.82269
 10260	  63.31247	  25.37785	  86.67695	  87.56267
 10262	  64.48174	  18.74905	  88.99998	  89.86938
 10259	  65.77782	  18.72321	  85.93174	  86.82269
 10261	  62.55384	  25.76889	  87.9699	  88.84654
 10262	  64.48174	  18.74905	  88.99998	  89.86938
 10260	  63.31247	  25.37785	  86.67695	  87.56267
 10261	  62.55384	  25.76889	  87.9699	  88.84654
 10273	  61.89614	  26.77816	  89.26073	  90.1283
 10262	  64.48174	  18.74905	  88.99998	  89.86938
 10273	  61.89614	  26.77816	  89.26073	  90.1283
 10274	  62.07515	  25.69744	  90.85336	  91.70973
 10262	  64.48174	  18.74905	  88.99998	  89.86938
 10275	  61.28892	  28.0966	  90.55033	  91.40883
 10274	  62.07515	  25.69744	  90.85336	  91.70973
 10273	  61.89614	  26.77816	  89.26073	  90.1283
 10223	  63.34924	  19.94805	  91.242	  92.09564
 10196	  64.75044	  20.10805	  88.2216	  89.09647
 10224	  63.56669	  21.60093	  91.57362	  92.42493
 10218	  64.11881	  22.92977	  92.0113	  92.85954
 10224	  63.56669	  21.60093	  91.57362	  92.42493
 10196	  64.75044	  20.10805	  88.2216	  89.09647
 10218	  64.11881	  22.92977	  92.0113	  92.85954
 10196	  64.75044	  20.10805	  88.2216	  89.09647
 10201	  66.23782	  21.27333	  87.182	  88.06418
 10201	  66.23782	  21.27333	  87.182	  88.06418
 10196	  64.75044	  20.10805	  88.2216	  89.09647
 10202	  67.3392	  16.10651	  83.29104	  84.20055
 10201	  66.23782	  21.27333	  87.182	  88.06418
 10202	  67.3392	  16.10651	  83.29104	  84.20055
 10203	  69.69067	  19.21877	  82.85122	  83.76382
 10203	  69.69067	  19.21877	  82.85122	  83.76382
 10202	  67.3392	  16.10651	  83.29104	  84.20055
 10192	  70.08729	  18.38404	  81.70673	  82.62738
 10196	  64.75044	  20.10805	  88.2216	  89.09647
 10198	  66.4935	  14.92552	  83.58018	  84.48766
 10202	  67.3392	  16.10651	  83.29104	  84.20055
 10221	  62.80287	  16.65334	  91.27303	  92.12646
 10220	  63.1724	  15.86045	  89.96674	  90.82936
 10222	  63.08719	  18.29958	  91.18815	  92.04218
 10223	  63.34924	  19.94805	  91.242	  92.09564
 10222	  63.08719	  18.29958	  91.18815	  92.04218
 10220	  63.1724	  15.86045	  89.96674	  90.82936
 10220	  63.1724	  15.86045	  89.96674	  90.82936
 10196	  64.75044	  20.10805	  88.2216	  89.09647
 10223	  63.34924	  19.94805	  91.242	  92.09564
 10219	  63.5236	  14.98524	  88.6935	  89.56505
 10196	  64.75044	  20.10805	  88.2216	  89.09647
 10220	  63.1724	  15.86045	  89.96674	  90.82936
 10197	  64.18672	  12.90977	  86.35085	  87.23888
 10196	  64.75044	  20.10805	  88.2216	  89.09647
 10219	  63.5236	  14.98524	  88.6935	  89.56505
 10196	  64.75044	  20.10805	  88.2216	  89.09647
 10197	  64.18672	  12.90977	  86.35085	  87.23888
 10198	  66.4935	  14.92552	  83.58018	  84.48766
 10198	  66.4935	  14.92552	  83.58018	  84.48766
 10197	  64.18672	  12.90977	  86.35085	  87.23888
 10199	  65.7858	  13.22792	  83.91445	  84.8196
 10197	  64.18672	  12.90977	  86.35085	  87.23888
 10200	  65.14713	  11.27209	  84.27102	  85.17365
 10199	  65.7858	  13.22792	  83.91445	  84.8196
 10195	  68.27106	  16.69882	  82.76279	  83.67601
 10194	  69.23742	  16.63031	  81.71162	  82.63223
 10192	  70.08729	  18.38404	  81.70673	  82.62738
 10193	  70.1603	  16.3636	  80.56849	  81.49713
 10192	  70.08729	  18.38404	  81.70673	  82.62738
 10194	  69.23742	  16.63031	  81.71162	  82.63223
 10190	  70.96191	  16.36121	  79.76473	  80.69902
 10192	  70.08729	  18.38404	  81.70673	  82.62738
 10193	  70.1603	  16.3636	  80.56849	  81.49713
 10189	  70.94028	  17.77122	  80.56969	  81.49832
 10192	  70.08729	  18.38404	  81.70673	  82.62738
 10190	  70.96191	  16.36121	  79.76473	  80.69902
 10189	  70.94028	  17.77122	  80.56969	  81.49832
 10190	  70.96191	  16.36121	  79.76473	  80.69902
 10191	  71.79703	  16.57125	  79.15609	  80.09465
 10158	  65.52131	  6.48324	  84.55611	  85.45674
 10151	  65.30955	  7.13127	  84.15849	  85.06189
 10159	  61.78888	  6.75159	  86.6619	  87.54773
 10159	  61.78888	  6.75159	  86.6619	  87.54773
 10153	  62.89363	  5.4205	  87.73249	  88.61081
 10158	  65.52131	  6.48324	  84.55611	  85.45674
 10159	  61.78888	  6.75159	  86.6619	  87.54773
 10165	  60.73241	  6.10672	  88.49412	  89.36708
 10153	  62.89363	  5.4205	  87.73249	  88.61081
 10165	  60.73241	  6.10672	  88.49412	  89.36708
 10177	  60.55884	  5.35945	  91.79221	  92.642
 10153	  62.89363	  5.4205	  87.73249	  88.61081
 10176	  59.48963	  5.84366	  91.69624	  92.54669
 10177	  60.55884	  5.35945	  91.79221	  92.642
 10165	  60.73241	  6.10672	  88.49412	  89.36708
 10165	  60.73241	  6.10672	  88.49412	  89.36708
 10171	  59.41529	  8.59269	  88.9306	  89.80049
 10176	  59.48963	  5.84366	  91.69624	  92.54669
 10176	  59.48963	  5.84366	  91.69624	  92.54669
 10171	  59.41529	  8.59269	  88.9306	  89.80049
 10178	  58.8912	  7.40444	  91.57499	  92.4263
 10153	  62.89363	  5.4205	  87.73249	  88.61081
 10155	  66.09227	  5.81343	  84.91238	  85.8105
 10158	  65.52131	  6.48324	  84.55611	  85.45674
 10173	  64.5679	  5.03576	  92.96169	  93.80325
 10172	  66.22749	  4.50228	  89.71703	  90.58139
 10174	  63.21567	  5.22463	  92.41868	  93.26405
 10175	  61.87534	  5.35277	  91.9905	  92.8389
 10174	  63.21567	  5.22463	  92.41868	  93.26405
 10172	  66.22749	  4.50228	  89.71703	  90.58139
 10175	  61.87534	  5.35277	  91.9905	  92.8389
 10172	  66.22749	  4.50228	  89.71703	  90.58139
 10177	  60.55884	  5.35945	  91.79221	  92.642
 10153	  62.89363	  5.4205	  87.73249	  88.61081
 10177	  60.55884	  5.35945	  91.79221	  92.642
 10172	  66.22749	  4.50228	  89.71703	  90.58139
 10157	  67.17738	  4.32996	  87.9788	  88.85538
 10153	  62.89363	  5.4205	  87.73249	  88.61081
 10172	  66.22749	  4.50228	  89.71703	  90.58139
 10157	  67.17738	  4.32996	  87.9788	  88.85538
 10154	  67.14928	  5.25576	  85.40537	  86.30002
 10153	  62.89363	  5.4205	  87.73249	  88.61081
 10153	  62.89363	  5.4205	  87.73249	  88.61081
 10154	  67.14928	  5.25576	  85.40537	  86.30002
 10155	  66.09227	  5.81343	  84.91238	  85.8105
 10156	  68.44932	  4.7542	  85.96668	  86.85739
 10154	  67.14928	  5.25576	  85.40537	  86.30002
 10157	  67.17738	  4.32996	  87.9788	  88.85538
 10185	  56.84992	  12.3627	  91.6244	  92.47536
 10184	  57.68905	  10.93311	  91.53262	  92.38422
 10182	  57.17352	  12.65748	  90.31007	  91.17027
 10183	  58.40915	  9.33615	  91.4974	  92.34926
 10182	  57.17352	  12.65748	  90.31007	  91.17027
 10184	  57.68905	  10.93311	  91.53262	  92.38422
 10171	  59.41529	  8.59269	  88.9306	  89.80049
 10182	  57.17352	  12.65748	  90.31007	  91.17027
 10183	  58.40915	  9.33615	  91.4974	  92.34926
 10170	  57.55516	  13.09411	  89.08495	  89.95377
 10182	  57.17352	  12.65748	  90.31007	  91.17027
 10171	  59.41529	  8.59269	  88.9306	  89.80049
 10171	  59.41529	  8.59269	  88.9306	  89.80049
 10165	  60.73241	  6.10672	  88.49412	  89.36708
 10170	  57.55516	  13.09411	  89.08495	  89.95377
 10164	  61.30641	  11.35164	  84.13764	  85.0412
 10170	  57.55516	  13.09411	  89.08495	  89.95377
 10165	  60.73241	  6.10672	  88.49412	  89.36708
 10164	  61.30641	  11.35164	  84.13764	  85.0412
 10165	  60.73241	  6.10672	  88.49412	  89.36708
 10160	  62.58302	  9.66072	  84.03477	  84.93906
 10147	  67.88416	  10.33414	  80.11028	  81.04214
 10144	  65.5625	  9.51731	  81.63198	  82.55316
 10148	  67.94891	  10.1619	  80.16805	  81.09952
 10144	  65.5625	  9.51731	  81.63198	  82.55316
 10146	  66.22365	  8.18615	  81.86306	  82.78261
 10148	  67.94891	  10.1619	  80.16805	  81.09952
 10144	  65.5625	  9.51731	  81.63198	  82.55316
 10145	  65.0236	  9.35028	  82.16712	  83.08452
 10146	  66.22365	  8.18615	  81.86306	  82.78261
 10146	  66.22365	  8.18615	  81.86306	  82.78261
 10145	  65.0236	  9.35028	  82.16712	  83.08452
 10140	  64.37277	  8.70976	  83.31998	  84.22929
 10146	  66.22365	  8.18615	  81.86306	  82.78261
 10140	  64.37277	  8.70976	  83.31998	  84.22929
 10139	  65.75916	  7.97402	  82.39588	  83.31168
 10138	  65.50588	  7.9182	  82.89153	  83.80385
 10139	  65.75916	  7.97402	  82.39588	  83.31168
 10140	  64.37277	  8.70976	  83.31998	  84.22929
 10138	  65.50588	  7.9182	  82.89153	  83.80385
 10140	  64.37277	  8.70976	  83.31998	  84.22929
 10150	  65.3302	  7.62346	  83.54127	  84.44902
 10151	  65.30955	  7.13127	  84.15849	  85.06189
 10150	  65.3302	  7.62346	  83.54127	  84.44902
 10140	  64.37277	  8.70976	  83.31998	  84.22929
 10152	  63.74498	  8.66248	  83.85264	  84.75821
 10151	  65.30955	  7.13127	  84.15849	  85.06189
 10140	  64.37277	  8.70976	  83.31998	  84.22929
 10152	  63.74498	  8.66248	  83.85264	  84.75821
 10159	  61.78888	  6.75159	  86.6619	  87.54773
 10151	  65.30955	  7.13127	  84.15849	  85.06189
 10152	  63.74498	  8.66248	  83.85264	  84.75821
 10160	  62.58302	  9.66072	  84.03477	  84.93906
 10159	  61.78888	  6.75159	  86.6619	  87.54773
 10149	  68.01371	  9.98967	  80.22585	  81.15689
 10148	  67.94891	  10.1619	  80.16805	  81.09952
 10146	  66.22365	  8.18615	  81.86306	  82.78261
 11484	  44.83335	  13.03149	  89.76804	  90.63203
 11485	  46.73013	  17.51219	  92.8628	  93.70505
 11486	  43.73315	  14.53926	  89.60206	  90.46724
 11488	  44.06866	  19.62229	  92.0566	  92.90453
 11486	  43.73315	  14.53926	  89.60206	  90.46724
 11485	  46.73013	  17.51219	  92.8628	  93.70505
 11487	  42.58143	  15.83257	  89.37309	  90.23985
 11486	  43.73315	  14.53926	  89.60206	  90.46724
 11488	  44.06866	  19.62229	  92.0566	  92.90453
 10109	  57.10946	  16.08931	  84.54615	  85.44684
 10121	  56.30668	  12.27688	  86.5207	  87.40752
 10063	  57.67355	  14.22126	  83.81731	  84.72313
 10120	  55.84411	  13.80104	  87.13201	  88.01453
 10121	  56.30668	  12.27688	  86.5207	  87.40752
 10109	  57.10946	  16.08931	  84.54615	  85.44684
 10109	  57.10946	  16.08931	  84.54615	  85.44684
 10108	  57.0593	  18.86102	  86.03989	  86.93008
 10120	  55.84411	  13.80104	  87.13201	  88.01453
 10122	  56.56866	  18.18729	  88.38743	  89.26112
 10120	  55.84411	  13.80104	  87.13201	  88.01453
 10108	  57.0593	  18.86102	  86.03989	  86.93008
 10122	  56.56866	  18.18729	  88.38743	  89.26112
 10108	  57.0593	  18.86102	  86.03989	  86.93008
 10125	  56.85189	  20.33267	  89.17954	  90.04767
 10063	  57.67355	  14.22126	  83.81731	  84.72313
 10064	  61.88245	  13.37223	  79.13454	  80.07326
 10065	  61.40224	  15.39262	  79.40607	  80.34288
 10063	  57.67355	  14.22126	  83.81731	  84.72313
 10065	  61.40224	  15.39262	  79.40607	  80.34288
 10073	  58.65366	  16.74494	  82.55517	  83.46985
 10109	  57.10946	  16.08931	  84.54615	  85.44684
 10063	  57.67355	  14.22126	  83.81731	  84.72313
 10073	  58.65366	  16.74494	  82.55517	  83.46985
 10073	  58.65366	  16.74494	  82.55517	  83.46985
 10085	  58.23725	  20.84932	  84.36248	  85.26447
 10109	  57.10946	  16.08931	  84.54615	  85.44684
 10109	  57.10946	  16.08931	  84.54615	  85.44684
 10085	  58.23725	  20.84932	  84.36248	  85.26447
 10108	  57.0593	  18.86102	  86.03989	  86.93008
 10102	  58.27655	  25.26602	  87.30524	  88.18654
 10108	  57.0593	  18.86102	  86.03989	  86.93008
 10085	  58.23725	  20.84932	  84.36248	  85.26447
 10107	  57.66555	  24.30348	  88.11497	  88.99059
 10108	  57.0593	  18.86102	  86.03989	  86.93008
 10102	  58.27655	  25.26602	  87.30524	  88.18654
 10107	  57.66555	  24.30348	  88.11497	  88.99059
 10123	  57.2905	  23.35056	  89.04644	  89.91551
 10108	  57.0593	  18.86102	  86.03989	  86.93008
 10123	  57.2905	  23.35056	  89.04644	  89.91551
 10125	  56.85189	  20.33267	  89.17954	  90.04767
 10108	  57.0593	  18.86102	  86.03989	  86.93008
 10129	  57.03342	  22.4024	  90.0389	  90.901
 10125	  56.85189	  20.33267	  89.17954	  90.04767
 10123	  57.2905	  23.35056	  89.04644	  89.91551
 10097	  58.99295	  26.41504	  86.50527	  87.3922
 10102	  58.27655	  25.26602	  87.30524	  88.18654
 10085	  58.23725	  20.84932	  84.36248	  85.26447
 10073	  58.65366	  16.74494	  82.55517	  83.46985
 10065	  61.40224	  15.39262	  79.40607	  80.34288
 10074	  61.37081	  17.16309	  79.63033	  80.56557
 10073	  58.65366	  16.74494	  82.55517	  83.46985
 10074	  61.37081	  17.16309	  79.63033	  80.56557
 10058	  61.59034	  18.6461	  79.6404	  80.57556
 10070	  62.58708	  11.22681	  78.8395	  79.78029
 10064	  61.88245	  13.37223	  79.13454	  80.07326
 10071	  61.08448	  9.58015	  80.8003	  81.72733
 10071	  61.08448	  9.58015	  80.8003	  81.72733
 10064	  61.88245	  13.37223	  79.13454	  80.07326
 10063	  57.67355	  14.22126	  83.81731	  84.72313
 10116	  59.86718	  8.23769	  83.09978	  84.01064
 10071	  61.08448	  9.58015	  80.8003	  81.72733
 10063	  57.67355	  14.22126	  83.81731	  84.72313
 10063	  57.67355	  14.22126	  83.81731	  84.72313
 10121	  56.30668	  12.27688	  86.5207	  87.40752
 10116	  59.86718	  8.23769	  83.09978	  84.01064
 10119	  57.1188	  10.89334	  86.00771	  86.89815
 10116	  59.86718	  8.23769	  83.09978	  84.01064
 10121	  56.30668	  12.27688	  86.5207	  87.40752
 10119	  57.1188	  10.89334	  86.00771	  86.89815
 10118	  57.92936	  9.2256	  85.70519	  86.59773
 10116	  59.86718	  8.23769	  83.09978	  84.01064
 10117	  58.73912	  7.41576	  85.50797	  86.4019
 10116	  59.86718	  8.23769	  83.09978	  84.01064
 10118	  57.92936	  9.2256	  85.70519	  86.59773
 10096	  60.36282	  29.6214	  84.64925	  85.54922
 10097	  58.99295	  26.41504	  86.50527	  87.3922
 10098	  60.19001	  27.45633	  83.49473	  84.40282
 10085	  58.23725	  20.84932	  84.36248	  85.26447
 10098	  60.19001	  27.45633	  83.49473	  84.40282
 10097	  58.99295	  26.41504	  86.50527	  87.3922
 10084	  60.20397	  25.32141	  82.39951	  83.31529
 10098	  60.19001	  27.45633	  83.49473	  84.40282
 10085	  58.23725	  20.84932	  84.36248	  85.26447
 10084	  60.20397	  25.32141	  82.39951	  83.31529
 10085	  58.23725	  20.84932	  84.36248	  85.26447
 10086	  60.59145	  23.24678	  81.42309	  82.34572
 10086	  60.59145	  23.24678	  81.42309	  82.34572
 10085	  58.23725	  20.84932	  84.36248	  85.26447
 10073	  58.65366	  16.74494	  82.55517	  83.46985
 10059	  61.13958	  21.90623	  80.57494	  81.50354
 10086	  60.59145	  23.24678	  81.42309	  82.34572
 10073	  58.65366	  16.74494	  82.55517	  83.46985
 10059	  61.13958	  21.90623	  80.57494	  81.50354
 10073	  58.65366	  16.74494	  82.55517	  83.46985
 10058	  61.59034	  18.6461	  79.6404	  80.57556
 10058	  61.59034	  18.6461	  79.6404	  80.57556
 10055	  61.74923	  20.88886	  79.56687	  80.50255
 10059	  61.13958	  21.90623	  80.57494	  81.50354
 10058	  61.59034	  18.6461	  79.6404	  80.57556
 10057	  61.86286	  19.80423	  79.26908	  80.20685
 10055	  61.74923	  20.88886	  79.56687	  80.50255
 10043	  62.1211	  20.54211	  78.7443	  79.68576
 10055	  61.74923	  20.88886	  79.56687	  80.50255
 10057	  61.86286	  19.80423	  79.26908	  80.20685
 10040	  62.28112	  22.82759	  78.80244	  79.74348
 10055	  61.74923	  20.88886	  79.56687	  80.50255
 10043	  62.1211	  20.54211	  78.7443	  79.68576
 10042	  62.5914	  20.99182	  77.77525	  78.72351
 10040	  62.28112	  22.82759	  78.80244	  79.74348
 10043	  62.1211	  20.54211	  78.7443	  79.68576
 10041	  63.20061	  21.74513	  77.04665	  78.00003
 10040	  62.28112	  22.82759	  78.80244	  79.74348
 10042	  62.5914	  20.99182	  77.77525	  78.72351
 10039	  62.61995	  22.93309	  78.22131	  79.16643
 10040	  62.28112	  22.82759	  78.80244	  79.74348
 10041	  63.20061	  21.74513	  77.04665	  78.00003
 10039	  62.61995	  22.93309	  78.22131	  79.16643
 10041	  63.20061	  21.74513	  77.04665	  78.00003
 10051	  64.04037	  23.00949	  76.23447	  77.19357
 10050	  64.1132	  23.25755	  76.2562	  77.21513
 10039	  62.61995	  22.93309	  78.22131	  79.16643
 10051	  64.04037	  23.00949	  76.23447	  77.19357
 10053	  63.96758	  22.76141	  76.21276	  77.17201
 10051	  64.04037	  23.00949	  76.23447	  77.19357
 10041	  63.20061	  21.74513	  77.04665	  78.00003
 10059	  61.13958	  21.90623	  80.57494	  81.50354
 10055	  61.74923	  20.88886	  79.56687	  80.50255
 10054	  61.63559	  21.9735	  79.86465	  80.79825
 10054	  61.63559	  21.9735	  79.86465	  80.79825
 10055	  61.74923	  20.88886	  79.56687	  80.50255
 10056	  62.03188	  22.57264	  79.27831	  80.21602
 10056	  62.03188	  22.57264	  79.27831	  80.21602
 10055	  61.74923	  20.88886	  79.56687	  80.50255
 10040	  62.28112	  22.82759	  78.80244	  79.74348
 10072	  67.88416	  10.33414	  80.11028	  81.04214
 10069	  66.76192	  10.06407	  81.12011	  82.04488
 10068	  67.85463	  10.11499	  80.03056	  80.96297
 10067	  67.55579	  9.7319	  80.11523	  81.04706
 10068	  67.85463	  10.11499	  80.03056	  80.96297
 10069	  66.76192	  10.06407	  81.12011	  82.04488
 10067	  67.55579	  9.7319	  80.11523	  81.04706
 10069	  66.76192	  10.06407	  81.12011	  82.04488
 10075	  66.71834	  9.02092	  80.52853	  81.45746
 10076	  65.69256	  8.17998	  81.27135	  82.19505
 10075	  66.71834	  9.02092	  80.52853	  81.45746
 10069	  66.76192	  10.06407	  81.12011	  82.04488
 10069	  66.76192	  10.06407	  81.12011	  82.04488
 10077	  65.56335	  9.45507	  82.66822	  83.58211
 10076	  65.69256	  8.17998	  81.27135	  82.19505
 10076	  65.69256	  8.17998	  81.27135	  82.19505
 10077	  65.56335	  9.45507	  82.66822	  83.58211
 10078	  64.8288	  7.40703	  82.34422	  83.26038
 10079	  64.01122	  6.46514	  83.25939	  84.16913
 10078	  64.8288	  7.40703	  82.34422	  83.26038
 10077	  65.56335	  9.45507	  82.66822	  83.58211
 11409	  28.09197	  44.83813	  98.63995	  99.44162
 11408	  28.05198	  43.31513	  97.79704	  98.60463
 11385	  32.95232	  38.28786	  100.71528	  101.50237
 11373	  35.3723	  30.04675	  99.87316	  100.66617
 11374	  31.65943	  30.55832	  97.04299	  97.85588
 11375	  34.61283	  28.76257	  98.93974	  99.73929
 11373	  35.3723	  30.04675	  99.87316	  100.66617
 11407	  30.81737	  37.13245	  98.1092	  98.9146
 11374	  31.65943	  30.55832	  97.04299	  97.85588
 11374	  31.65943	  30.55832	  97.04299	  97.85588
 11407	  30.81737	  37.13245	  98.1092	  98.9146
 11412	  26.66545	  37.27348	  95.59258	  96.41566
 11412	  26.66545	  37.27348	  95.59258	  96.41566
 11407	  30.81737	  37.13245	  98.1092	  98.9146
 11413	  27.29342	  39.28289	  96.36431	  97.18196
 11414	  27.79708	  41.29564	  97.10827	  97.9207
 11413	  27.29342	  39.28289	  96.36431	  97.18196
 11407	  30.81737	  37.13245	  98.1092	  98.9146
 11414	  27.79708	  41.29564	  97.10827	  97.9207
 11407	  30.81737	  37.13245	  98.1092	  98.9146
 11408	  28.05198	  43.31513	  97.79704	  98.60463
 11407	  30.81737	  37.13245	  98.1092	  98.9146
 11381	  33.57238	  35.55773	  99.98093	  100.77318
 11408	  28.05198	  43.31513	  97.79704	  98.60463
 11385	  32.95232	  38.28786	  100.71528	  101.50237
 11408	  28.05198	  43.31513	  97.79704	  98.60463
 11381	  33.57238	  35.55773	  99.98093	  100.77318
 11385	  32.95232	  38.28786	  100.71528	  101.50237
 11381	  33.57238	  35.55773	  99.98093	  100.77318
 11380	  36.71579	  32.82104	  103.05511	  103.82574
 11380	  36.71579	  32.82104	  103.05511	  103.82574
 11381	  33.57238	  35.55773	  99.98093	  100.77318
 11382	  36.23262	  30.96909	  101.49665	  102.27824
 11382	  36.23262	  30.96909	  101.49665	  102.27824
 11381	  33.57238	  35.55773	  99.98093	  100.77318
 11383	  35.81096	  30.73885	  100.76861	  101.55531
 11383	  35.81096	  30.73885	  100.76861	  101.55531
 11381	  33.57238	  35.55773	  99.98093	  100.77318
 11373	  35.3723	  30.04675	  99.87316	  100.66617
 11373	  35.3723	  30.04675	  99.87316	  100.66617
 11381	  33.57238	  35.55773	  99.98093	  100.77318
 11407	  30.81737	  37.13245	  98.1092	  98.9146
 11374	  31.65943	  30.55832	  97.04299	  97.85588
 11379	  33.6929	  27.18232	  97.98748	  98.79373
 11375	  34.61283	  28.76257	  98.93974	  99.73929
 11403	  29.90141	  44.78582	  104.65104	  105.41046
 11398	  30.76324	  42.52523	  103.07479	  103.84531
 11397	  31.77042	  42.16534	  105.59342	  106.34622
 11397	  31.77042	  42.16534	  105.59342	  106.34622
 11398	  30.76324	  42.52523	  103.07479	  103.84531
 11387	  34.29324	  37.67208	  103.28352	  104.05255
 11397	  31.77042	  42.16534	  105.59342	  106.34622
 11387	  34.29324	  37.67208	  103.28352	  104.05255
 11392	  35.44751	  38.11718	  107.1524	  107.89426
 11392	  35.44751	  38.11718	  107.1524	  107.89426
 11387	  34.29324	  37.67208	  103.28352	  104.05255
 11393	  36.09392	  36.98962	  105.97025	  106.72043
 11386	  36.54678	  35.73154	  104.82746	  105.58566
 11393	  36.09392	  36.98962	  105.97025	  106.72043
 11387	  34.29324	  37.67208	  103.28352	  104.05255
 11386	  36.54678	  35.73154	  104.82746	  105.58566
 11387	  34.29324	  37.67208	  103.28352	  104.05255
 11388	  36.61258	  34.21243	  103.76339	  104.52907
 11388	  36.61258	  34.21243	  103.76339	  104.52907
 11387	  34.29324	  37.67208	  103.28352	  104.05255
 11389	  36.71579	  32.82104	  103.05511	  103.82574
 11390	  32.95232	  38.28786	  100.71528	  101.50237
 11389	  36.71579	  32.82104	  103.05511	  103.82574
 11387	  34.29324	  37.67208	  103.28352	  104.05255
 11406	  28.09197	  44.83813	  98.63995	  99.44162
 11390	  32.95232	  38.28786	  100.71528	  101.50237
 11387	  34.29324	  37.67208	  103.28352	  104.05255
 11406	  28.09197	  44.83813	  98.63995	  99.44162
 11387	  34.29324	  37.67208	  103.28352	  104.05255
 11398	  30.76324	  42.52523	  103.07479	  103.84531
 11398	  30.76324	  42.52523	  103.07479	  103.84531
 11420	  27.70629	  45.70097	  101.17522	  101.95908
 11406	  28.09197	  44.83813	  98.63995	  99.44162
 11420	  27.70629	  45.70097	  101.17522	  101.95908
 11398	  30.76324	  42.52523	  103.07479	  103.84531
 11424	  27.43632	  46.67243	  102.38352	  103.15889
 11403	  29.90141	  44.78582	  104.65104	  105.41046
 11424	  27.43632	  46.67243	  102.38352	  103.15889
 11398	  30.76324	  42.52523	  103.07479	  103.84531
 11425	  27.15369	  47.95984	  103.53178	  104.29907
 11424	  27.43632	  46.67243	  102.38352	  103.15889
 11403	  29.90141	  44.78582	  104.65104	  105.41046
 10060	  78.13727	  4.11027	  90.91416	  91.77011
 10061	  75.93002	  1.08683	  91.13438	  91.98878
 10032	  76.18908	  6.53139	  89.82114	  90.68477
 10060	  78.13727	  4.11027	  90.91416	  91.77011
 10032	  76.18908	  6.53139	  89.82114	  90.68477
 10066	  79.30434	  5.68483	  90.9418	  91.79755
 10066	  79.30434	  5.68483	  90.9418	  91.79755
 10032	  76.18908	  6.53139	  89.82114	  90.68477
 10062	  80.47128	  7.27265	  91.08103	  91.93581
 10031	  78.89976	  11.22436	  89.81963	  90.68327
 10062	  80.47128	  7.27265	  91.08103	  91.93581
 10032	  76.18908	  6.53139	  89.82114	  90.68477
 10032	  76.18908	  6.53139	  89.82114	  90.68477
 10027	  75.06152	  9.93766	  88.07763	  88.95351
 10031	  78.89976	  11.22436	  89.81963	  90.68327
 10026	  77.84171	  14.35163	  88.17944	  89.0546
 10031	  78.89976	  11.22436	  89.81963	  90.68327
 10027	  75.06152	  9.93766	  88.07763	  88.95351
 10026	  77.84171	  14.35163	  88.17944	  89.0546
 10027	  75.06152	  9.93766	  88.07763	  88.95351
 10028	  76.58654	  17.32886	  86.59994	  87.48619
 9998	  70.88332	  11.361	  82.30109	  83.21756
 9993	  71.43562	  11.04757	  83.2938	  84.20329
 9992	  70.59825	  9.42982	  82.89881	  83.81108
 10003	  70.35181	  11.17632	  80.54734	  81.47614
 9998	  70.88332	  11.361	  82.30109	  83.21756
 9992	  70.59825	  9.42982	  82.89881	  83.81108
 10002	  70.28366	  11.33715	  80.59647	  81.52492
 9998	  70.88332	  11.361	  82.30109	  83.21756
 10003	  70.35181	  11.17632	  80.54734	  81.47614
 10001	  70.21552	  11.49797	  80.64568	  81.57379
 9998	  70.88332	  11.361	  82.30109	  83.21756
 10002	  70.28366	  11.33715	  80.59647	  81.52492
 9991	  71.02697	  8.81633	  83.43615	  84.34465
 9992	  70.59825	  9.42982	  82.89881	  83.81108
 9993	  71.43562	  11.04757	  83.2938	  84.20329
 9993	  71.43562	  11.04757	  83.2938	  84.20329
 10005	  71.6198	  8.93402	  83.96238	  84.86719
 9991	  71.02697	  8.81633	  83.43615	  84.34465
 10006	  71.72204	  10.60533	  83.65105	  84.55803
 10005	  71.6198	  8.93402	  83.96238	  84.86719
 9993	  71.43562	  11.04757	  83.2938	  84.20329
 10004	  71.97319	  9.89248	  84.13555	  85.03912
 10005	  71.6198	  8.93402	  83.96238	  84.86719
 10006	  71.72204	  10.60533	  83.65105	  84.55803
 10009	  72.38757	  9.86084	  84.72698	  85.6264
 10005	  71.6198	  8.93402	  83.96238	  84.86719
 10004	  71.97319	  9.89248	  84.13555	  85.03912
 10008	  71.33366	  6.93303	  84.09122	  84.9951
 10005	  71.6198	  8.93402	  83.96238	  84.86719
 10009	  72.38757	  9.86084	  84.72698	  85.6264
 10009	  72.38757	  9.86084	  84.72698	  85.6264
 10016	  73.51076	  6.22751	  88.12896	  89.00447
 10008	  71.33366	  6.93303	  84.09122	  84.9951
 10016	  73.51076	  6.22751	  88.12896	  89.00447
 10017	  71.11836	  5.90292	  84.23092	  85.13383
 10008	  71.33366	  6.93303	  84.09122	  84.9951
 10016	  73.51076	  6.22751	  88.12896	  89.00447
 10010	  70.73847	  4.63821	  84.12038	  85.02408
 10017	  71.11836	  5.90292	  84.23092	  85.13383
 10016	  73.51076	  6.22751	  88.12896	  89.00447
 10038	  73.14237	  1.99082	  88.25248	  89.12714
 10010	  70.73847	  4.63821	  84.12038	  85.02408
 10010	  70.73847	  4.63821	  84.12038	  85.02408
 10038	  73.14237	  1.99082	  88.25248	  89.12714
 10011	  70.7626	 -0.7684	  84.82214	  85.72089
 10011	  70.7626	 -0.7684	  84.82214	  85.72089
 10038	  73.14237	  1.99082	  88.25248	  89.12714
 10044	  71.40927	 -1.75796	  85.67989	  86.57262
 10045	  72.1468	 -2.93822	  86.52911	  87.41586
 10044	  71.40927	 -1.75796	  85.67989	  86.57262
 10038	  73.14237	  1.99082	  88.25248	  89.12714
 10045	  72.1468	 -2.93822	  86.52911	  87.41586
 10038	  73.14237	  1.99082	  88.25248	  89.12714
 10046	  72.90878	 -4.37742	  87.38194	  88.2627
 10048	  74.08604	 -3.75644	  89.00272	  89.8721
 10046	  72.90878	 -4.37742	  87.38194	  88.2627
 10038	  73.14237	  1.99082	  88.25248	  89.12714
 10047	  73.68298	 -5.94611	  88.23667	  89.11143
 10046	  72.90878	 -4.37742	  87.38194	  88.2627
 10048	  74.08604	 -3.75644	  89.00272	  89.8721
 9991	  71.02697	  8.81633	  83.43615	  84.34465
 10005	  71.6198	  8.93402	  83.96238	  84.86719
 10007	  71.26645	  7.97557	  83.78922	  84.69524
 10008	  71.33366	  6.93303	  84.09122	  84.9951
 10007	  71.26645	  7.97557	  83.78922	  84.69524
 10005	  71.6198	  8.93402	  83.96238	  84.86719
 10010	  70.73847	  4.63821	  84.12038	  85.02408
 10011	  70.7626	 -0.7684	  84.82214	  85.72089
 10012	  70.312	  2.89184	  83.67216	  84.57899
 10011	  70.7626	 -0.7684	  84.82214	  85.72089
 10015	  69.86228	  0.90465	  83.05494	  83.96611
 10012	  70.312	  2.89184	  83.67216	  84.57899
 10022	  74.18929	  13.70683	  86.00532	  86.89575
 10029	  76.58654	  17.32886	  86.59994	  87.48619
 10020	  75.06152	  9.93766	  88.07763	  88.95351
 10020	  75.06152	  9.93766	  88.07763	  88.95351
 10021	  73.96974	  9.59698	  87.23624	  88.11804
 10022	  74.18929	  13.70683	  86.00532	  86.89575
 10022	  74.18929	  13.70683	  86.00532	  86.89575
 10021	  73.96974	  9.59698	  87.23624	  88.11804
 10023	  73.16348	  11.46228	  85.40504	  86.2997
 10023	  73.16348	  11.46228	  85.40504	  86.2997
 10021	  73.96974	  9.59698	  87.23624	  88.11804
 10009	  72.38757	  9.86084	  84.72698	  85.6264
 10009	  72.38757	  9.86084	  84.72698	  85.6264
 10021	  73.96974	  9.59698	  87.23624	  88.11804
 10016	  73.51076	  6.22751	  88.12896	  89.00447
 10016	  73.51076	  6.22751	  88.12896	  89.00447
 10021	  73.96974	  9.59698	  87.23624	  88.11804
 10020	  75.06152	  9.93766	  88.07763	  88.95351
 10036	  76.18908	  6.53139	  89.82114	  90.68477
 10016	  73.51076	  6.22751	  88.12896	  89.00447
 10020	  75.06152	  9.93766	  88.07763	  88.95351
 10035	  75.93002	  1.08683	  91.13438	  91.98878
 10016	  73.51076	  6.22751	  88.12896	  89.00447
 10036	  76.18908	  6.53139	  89.82114	  90.68477
 10035	  75.93002	  1.08683	  91.13438	  91.98878
 10038	  73.14237	  1.99082	  88.25248	  89.12714
 10016	  73.51076	  6.22751	  88.12896	  89.00447
 10035	  75.93002	  1.08683	  91.13438	  91.98878
 10052	  75.14567	 -0.26969	  90.5931	  91.45129
 10038	  73.14237	  1.99082	  88.25248	  89.12714
 10049	  74.55247	 -1.78992	  89.78338	  90.64726
 10038	  73.14237	  1.99082	  88.25248	  89.12714
 10052	  75.14567	 -0.26969	  90.5931	  91.45129
 10049	  74.55247	 -1.78992	  89.78338	  90.64726
 10048	  74.08604	 -3.75644	  89.00272	  89.8721
 10038	  73.14237	  1.99082	  88.25248	  89.12714
 11394	  47.60013	  41.04913	  94.86253	  95.69073
 11395	  46.68702	  40.68856	  93.55631	  94.39371
 11396	  48.29919	  41.43967	  96.0252	  96.84525
 10024	  54.78766	  11.07136	  85.39387	  86.2886
 10013	  55.04411	  13.4111	  82.4351	  83.35062
 10014	  55.71889	  12.46221	  86.26743	  87.15604
 10024	  54.78766	  11.07136	  85.39387	  86.2886
 10019	  53.75348	  9.43358	  84.5771	  85.47757
 10013	  55.04411	  13.4111	  82.4351	  83.35062
 10018	  52.66784	  7.67236	  83.78864	  84.69466
 10013	  55.04411	  13.4111	  82.4351	  83.35062
 10019	  53.75348	  9.43358	  84.5771	  85.47757
 9971	  54.31095	  13.8408	  80.05503	  80.98729
 10013	  55.04411	  13.4111	  82.4351	  83.35062
 10018	  52.66784	  7.67236	  83.78864	  84.69466
 9970	  57.53125	  16.71255	  82.92648	  83.83855
 10013	  55.04411	  13.4111	  82.4351	  83.35062
 9971	  54.31095	  13.8408	  80.05503	  80.98729
 9970	  57.53125	  16.71255	  82.92648	  83.83855
 9971	  54.31095	  13.8408	  80.05503	  80.98729
 9972	  57.66144	  18.27858	  79.41621	  80.35295
 9970	  57.53125	  16.71255	  82.92648	  83.83855
 9972	  57.66144	  18.27858	  79.41621	  80.35295
 9981	  58.78742	  18.83753	  79.53257	  80.46849
 9970	  57.53125	  16.71255	  82.92648	  83.83855
 9981	  58.78742	  18.83753	  79.53257	  80.46849
 9990	  58.4701	  16.65076	  84.14744	  85.05092
 9990	  58.4701	  16.65076	  84.14744	  85.05092
 9981	  58.78742	  18.83753	  79.53257	  80.46849
 9980	  61.95002	  20.09673	  79.65374	  80.58881
 9990	  58.4701	  16.65076	  84.14744	  85.05092
 9980	  61.95002	  20.09673	  79.65374	  80.58881
 9994	  59.77079	  15.62394	  84.62147	  85.52164
 9994	  59.77079	  15.62394	  84.62147	  85.52164
 9980	  61.95002	  20.09673	  79.65374	  80.58881
 9995	  62.96026	  19.14973	  80.03497	  80.96736
 9994	  59.77079	  15.62394	  84.62147	  85.52164
 9995	  62.96026	  19.14973	  80.03497	  80.96736
 9996	  61.6811	  13.36712	  84.76546	  85.66461
 9996	  61.6811	  13.36712	  84.76546	  85.66461
 9995	  62.96026	  19.14973	  80.03497	  80.96736
 9997	  64.49727	  18.10609	  80.06121	  80.99342
 9996	  61.6811	  13.36712	  84.76546	  85.66461
 9997	  64.49727	  18.10609	  80.06121	  80.99342
 10000	  64.53708	  12.28304	  83.01836	  83.92979
 9999	  66.93414	  14.91895	  79.60844	  80.54382
 10000	  64.53708	  12.28304	  83.01836	  83.92979
 9997	  64.49727	  18.10609	  80.06121	  80.99342
 9980	  61.95002	  20.09673	  79.65374	  80.58881
 9981	  58.78742	  18.83753	  79.53257	  80.46849
 9966	  62.24821	  21.29036	  78.76469	  79.70601
 10013	  55.04411	  13.4111	  82.4351	  83.35062
 9970	  57.53125	  16.71255	  82.92648	  83.83855
 10014	  55.71889	  12.46221	  86.26743	  87.15604
 10014	  55.71889	  12.46221	  86.26743	  87.15604
 9970	  57.53125	  16.71255	  82.92648	  83.83855
 9990	  58.4701	  16.65076	  84.14744	  85.05092
 9990	  58.4701	  16.65076	  84.14744	  85.05092
 10025	  56.74195	  13.19001	  86.86959	  87.75395
 10014	  55.71889	  12.46221	  86.26743	  87.15604
 9990	  58.4701	  16.65076	  84.14744	  85.05092
 10030	  58.05152	  12.83874	  86.87197	  87.75632
 10025	  56.74195	  13.19001	  86.86959	  87.75395
 9994	  59.77079	  15.62394	  84.62147	  85.52164
 10030	  58.05152	  12.83874	  86.87197	  87.75632
 9990	  58.4701	  16.65076	  84.14744	  85.05092
 9996	  61.6811	  13.36712	  84.76546	  85.66461
 10030	  58.05152	  12.83874	  86.87197	  87.75632
 9994	  59.77079	  15.62394	  84.62147	  85.52164
 10033	  59.43474	  11.8646	  86.63694	  87.52293
 10030	  58.05152	  12.83874	  86.87197	  87.75632
 9996	  61.6811	  13.36712	  84.76546	  85.66461
 10033	  59.43474	  11.8646	  86.63694	  87.52293
 9996	  61.6811	  13.36712	  84.76546	  85.66461
 10037	  60.67882	  10.72382	  86.52642	  87.41319
 10037	  60.67882	  10.72382	  86.52642	  87.41319
 9996	  61.6811	  13.36712	  84.76546	  85.66461
 10034	  61.85328	  9.49971	  86.47822	  87.36534
 10000	  64.53708	  12.28304	  83.01836	  83.92979
 10034	  61.85328	  9.49971	  86.47822	  87.36534
 9996	  61.6811	  13.36712	  84.76546	  85.66461
 9972	  57.66144	  18.27858	  79.41621	  80.35295
 9971	  54.31095	  13.8408	  80.05503	  80.98729
 9973	  56.51103	  17.32376	  78.90723	  79.84755
 9971	  54.31095	  13.8408	  80.05503	  80.98729
 9979	  55.3485	  16.17101	  78.2019	  79.14716
 9973	  56.51103	  17.32376	  78.90723	  79.84755
 9961	  61.88777	  21.9329	  77.51644	  78.46652
 9965	  62.88008	  22.87499	  76.86973	  77.82436
 9962	  63.872	  23.64708	  76.35165	  77.30992
 9961	  61.88777	  21.9329	  77.51644	  78.46652
 9962	  63.872	  23.64708	  76.35165	  77.30992
 9963	  63.07864	  22.38381	  77.73775	  78.68629
 9963	  63.07864	  22.38381	  77.73775	  78.68629
 9966	  62.24821	  21.29036	  78.76469	  79.70601
 9961	  61.88777	  21.9329	  77.51644	  78.46652
 9961	  61.88777	  21.9329	  77.51644	  78.46652
 9966	  62.24821	  21.29036	  78.76469	  79.70601
 9968	  60.89471	  20.65076	  78.42014	  79.36388
 9969	  59.87115	  19.47139	  79.2143	  80.15245
 9968	  60.89471	  20.65076	  78.42014	  79.36388
 9966	  62.24821	  21.29036	  78.76469	  79.70601
 9964	  64.1292	  23.45346	  76.26377	  77.22266
 9963	  63.07864	  22.38381	  77.73775	  78.68629
 9962	  63.872	  23.64708	  76.35165	  77.30992
 11376	  46.97905	  54.94436	  94.87537	  95.70349
 11377	  46.80886	  52.89103	  96.23248	  97.05106
 11378	  46.88969	  55.92624	  94.24354	  95.0761
 9958	  75.45531	  0.79118	  88.02496	  88.9012
 9953	  74.21532	  3.05477	  83.85262	  84.75818
 9959	  75.27081	 -3.11395	  84.19495	  85.09811
 9959	  75.27081	 -3.11395	  84.19495	  85.09811
 9988	  75.58782	 -4.76165	  85.16901	  86.06532
 9958	  75.45531	  0.79118	  88.02496	  88.9012
 9959	  75.27081	 -3.11395	  84.19495	  85.09811
 9953	  74.21532	  3.05477	  83.85262	  84.75818
 9957	  74.74101	 -1.86854	  83.20304	  84.11317
 9956	  73.16647	  1.95082	  79.91138	  80.84465
 9957	  74.74101	 -1.86854	  83.20304	  84.11317
 9953	  74.21532	  3.05477	  83.85262	  84.75818
 9956	  73.16647	  1.95082	  79.91138	  80.84465
 9953	  74.21532	  3.05477	  83.85262	  84.75818
 9952	  73.33668	  5.51046	  81.8355	  82.75523
 9952	  73.33668	  5.51046	  81.8355	  82.75523
 9953	  74.21532	  3.05477	  83.85262	  84.75818
 9954	  72.91754	  7.04002	  82.897	  83.80927
 9958	  75.45531	  0.79118	  88.02496	  88.9012
 9954	  72.91754	  7.04002	  82.897	  83.80927
 9953	  74.21532	  3.05477	  83.85262	  84.75818
 9960	  73.92747	  5.65896	  88.21627	  89.09117
 9954	  72.91754	  7.04002	  82.897	  83.80927
