 76499	  3.5513	 -0.81715	  4.5031	  4.70295
 76500	  3.5513	 -0.81715	  4.5031	  4.70295
 76501	  3.55224	 -0.84933	  4.48882	  4.68866
 76502	  3.60643	 -0.86257	  4.50242	  4.70227
 76503	  3.5513	 -0.81715	  4.5031	  4.70295
 76504	  3.60643	 -0.86257	  4.50242	  4.70227
 76505	  3.60613	 -0.8306	  4.51715	  4.717
 76506	  3.60613	 -0.8306	  4.51715	  4.717
 76507	  3.60643	 -0.86257	  4.50242	  4.70227
 76508	  3.62482	 -0.86721	  4.5072	  4.70704
 76509	  3.60613	 -0.8306	  4.51715	  4.717
 76510	  3.62482	 -0.86721	  4.5072	  4.70704
 76511	  3.62472	 -0.83529	  4.52208	  4.72192
 76512	  2.94963	 -0.7352	  4.37441	  4.57426
 76513	  3.01015	 -0.74435	  4.38309	  4.58294
 76514	  3.01013	 -0.74434	  4.38309	  4.58294
 76515	  3.01013	 -0.74434	  4.38309	  4.58294
 76516	  3.01015	 -0.74435	  4.38309	  4.58294
 76517	  3.07003	 -0.75389	  4.39233	  4.59219
 76518	  3.07003	 -0.75389	  4.39233	  4.59219
 76519	  3.01015	 -0.74435	  4.38309	  4.58294
 76520	  3.07008	 -0.7539	  4.39234	  4.59219
 76521	  3.07003	 -0.75389	  4.39233	  4.59219
 76522	  3.07008	 -0.7539	  4.39234	  4.59219
 76523	  3.12909	 -0.76377	  4.40206	  4.60191
 76524	  3.12909	 -0.76377	  4.40206	  4.60191
 76525	  3.07008	 -0.7539	  4.39234	  4.59219
 76526	  3.12918	 -0.76378	  4.40208	  4.60193
 76527	  3.12909	 -0.76377	  4.40206	  4.60191
 76528	  3.12918	 -0.76378	  4.40208	  4.60193
 76529	  3.12971	 -0.76387	  4.40217	  4.60202
 76530	  3.12971	 -0.76387	  4.40217	  4.60202
 76531	  3.12918	 -0.76378	  4.40208	  4.60193
 76532	  3.1297	 -0.76387	  4.40217	  4.60202
 76533	  3.12971	 -0.76387	  4.40217	  4.60202
 76534	  3.1297	 -0.76387	  4.40217	  4.60202
 76535	  3.18768	 -0.77403	  4.41229	  4.61214
 76536	  3.18768	 -0.77403	  4.41229	  4.61214
 76537	  3.1297	 -0.76387	  4.40217	  4.60202
 76538	  3.18769	 -0.77403	  4.41229	  4.61214
 76539	  3.18768	 -0.77403	  4.41229	  4.61214
 76540	  3.18769	 -0.77403	  4.41229	  4.61214
 76541	  3.18819	 -0.77412	  4.41238	  4.61223
 76542	  3.18768	 -0.77403	  4.41229	  4.61214
 76543	  3.18819	 -0.77412	  4.41238	  4.61223
 76544	  3.18828	 -0.77413	  4.4124	  4.61225
 76545	  3.18828	 -0.77413	  4.4124	  4.61225
 76546	  3.18819	 -0.77412	  4.41238	  4.61223
 76547	  3.24483	 -0.78448	  4.4228	  4.62265
 76548	  3.18828	 -0.77413	  4.4124	  4.61225
 76549	  3.24483	 -0.78448	  4.4228	  4.62265
 76550	  3.24488	 -0.78449	  4.42281	  4.62266
 76551	  3.24488	 -0.78449	  4.42281	  4.62266
 76552	  3.24483	 -0.78448	  4.4228	  4.62265
 76553	  3.29985	 -0.79497	  4.43342	  4.63327
 76554	  3.24488	 -0.78449	  4.42281	  4.62266
 76555	  3.29985	 -0.79497	  4.43342	  4.63327
 76556	  3.29988	 -0.79498	  4.43342	  4.63327
 76557	  3.29988	 -0.79498	  4.43342	  4.63327
 76558	  3.29985	 -0.79497	  4.43342	  4.63327
 76559	  3.35304	 -0.80553	  4.44414	  4.64399
 76560	  3.29988	 -0.79498	  4.43342	  4.63327
 76561	  3.35304	 -0.80553	  4.44414	  4.64399
 76562	  3.29651	 -0.76183	  4.44597	  4.64582
 76563	  3.29651	 -0.76183	  4.44597	  4.64582
 76564	  3.35304	 -0.80553	  4.44414	  4.64399
 76565	  3.34998	 -0.77251	  4.45697	  4.65682
 76566	  3.34998	 -0.77251	  4.45697	  4.65682
 76567	  3.29651	 -0.76183	  4.44597	  4.64582
 76568	  3.29651	 -0.76183	  4.44597	  4.64582
 76569	  3.29651	 -0.76183	  4.44597	  4.64582
 76570	  3.29651	 -0.76183	  4.44597	  4.64582
 76571	  3.24129	 -0.75125	  4.43512	  4.63497
 76572	  3.24129	 -0.75125	  4.43512	  4.63497
 76573	  3.29651	 -0.76183	  4.44597	  4.64582
 76574	  3.24129	 -0.75125	  4.43512	  4.63497
 76575	  3.24129	 -0.75125	  4.43512	  4.63497
 76576	  3.24129	 -0.75125	  4.43512	  4.63497
 76577	  3.18456	 -0.74085	  4.42452	  4.62437
 76578	  3.18456	 -0.74085	  4.42452	  4.62437
 76579	  3.24129	 -0.75125	  4.43512	  4.63497
 76580	  3.18456	 -0.74085	  4.42452	  4.62437
 76581	  3.18456	 -0.74085	  4.42452	  4.62437
 76582	  3.18456	 -0.74085	  4.42452	  4.62437
 76583	  3.18395	 -0.74074	  4.42441	  4.62426
 76584	  3.18395	 -0.74074	  4.42441	  4.62426
 76585	  3.18456	 -0.74085	  4.42452	  4.62437
 76586	  3.18395	 -0.74074	  4.42441	  4.62426
 76587	  3.18395	 -0.74074	  4.42441	  4.62426
 76588	  3.18395	 -0.74074	  4.42441	  4.62426
 76589	  3.12591	 -0.73056	  4.41413	  4.61398
 76590	  3.12591	 -0.73056	  4.41413	  4.61398
 76591	  3.18395	 -0.74074	  4.42441	  4.62426
 76592	  3.12591	 -0.73056	  4.41413	  4.61398
 76593	  3.12591	 -0.73056	  4.41413	  4.61398
 76594	  3.12591	 -0.73056	  4.41413	  4.61398
 76595	  3.1253	 -0.73045	  4.41403	  4.61388
 76596	  3.12591	 -0.73056	  4.41413	  4.61398
 76597	  3.1253	 -0.73045	  4.41403	  4.61388
 76598	  3.1253	 -0.73045	  4.41403	  4.61388
 76599	  3.1253	 -0.73045	  4.41403	  4.61388
 76600	  3.1253	 -0.73045	  4.41403	  4.61388
 76601	  3.0662	 -0.72057	  4.40419	  4.60404
 76602	  3.1253	 -0.73045	  4.41403	  4.61388
 76603	  3.0662	 -0.72057	  4.40419	  4.60404
 76604	  3.0662	 -0.72057	  4.40419	  4.60404
 76605	  3.0662	 -0.72057	  4.40419	  4.60404
 76606	  3.0662	 -0.72057	  4.40419	  4.60404
 76607	  3.00628	 -0.71102	  4.39487	  4.59472
 76608	  3.0662	 -0.72057	  4.40419	  4.60404
 76609	  3.00628	 -0.71102	  4.39487	  4.59472
 76610	  3.00628	 -0.71102	  4.39487	  4.59472
 76611	  3.00628	 -0.71102	  4.39487	  4.59472
 76612	  3.00628	 -0.71102	  4.39487	  4.59472
 76613	  2.94576	 -0.70188	  4.38617	  4.58602
 76614	  3.00628	 -0.71102	  4.39487	  4.59472
 76615	  2.94576	 -0.70188	  4.38617	  4.58602
 76616	  3.01013	 -0.74434	  4.38309	  4.58294
 76617	  3.01013	 -0.74434	  4.38309	  4.58294
 76618	  2.94576	 -0.70188	  4.38617	  4.58602
 76619	  2.94963	 -0.7352	  4.37441	  4.57426
 76620	  3.01013	 -0.74434	  4.38309	  4.58294
 76621	  3.07003	 -0.75389	  4.39233	  4.59219
 76622	  3.00628	 -0.71102	  4.39487	  4.59472
 76623	  3.00628	 -0.71102	  4.39487	  4.59472
 76624	  3.07003	 -0.75389	  4.39233	  4.59219
 76625	  3.0662	 -0.72057	  4.40419	  4.60404
 76626	  3.0662	 -0.72057	  4.40419	  4.60404
 76627	  3.07003	 -0.75389	  4.39233	  4.59219
 76628	  3.12909	 -0.76377	  4.40206	  4.60191
 76629	  3.0662	 -0.72057	  4.40419	  4.60404
 76630	  3.12909	 -0.76377	  4.40206	  4.60191
 76631	  3.1253	 -0.73045	  4.41403	  4.61388
 76632	  3.1253	 -0.73045	  4.41403	  4.61388
 76633	  3.12909	 -0.76377	  4.40206	  4.60191
 76634	  3.12971	 -0.76387	  4.40217	  4.60202
 76635	  3.1253	 -0.73045	  4.41403	  4.61388
 76636	  3.12971	 -0.76387	  4.40217	  4.60202
 76637	  3.12591	 -0.73056	  4.41413	  4.61398
 76638	  3.12591	 -0.73056	  4.41413	  4.61398
 76639	  3.12971	 -0.76387	  4.40217	  4.60202
 76640	  3.18395	 -0.74074	  4.42441	  4.62426
 76641	  3.12971	 -0.76387	  4.40217	  4.60202
 76642	  3.18768	 -0.77403	  4.41229	  4.61214
 76643	  3.18395	 -0.74074	  4.42441	  4.62426
 76644	  3.18395	 -0.74074	  4.42441	  4.62426
 76645	  3.18768	 -0.77403	  4.41229	  4.61214
 76646	  3.18828	 -0.77413	  4.4124	  4.61225
 76647	  3.18395	 -0.74074	  4.42441	  4.62426
 76648	  3.18828	 -0.77413	  4.4124	  4.61225
 76649	  3.18456	 -0.74085	  4.42452	  4.62437
 76650	  3.18456	 -0.74085	  4.42452	  4.62437
 76651	  3.18828	 -0.77413	  4.4124	  4.61225
 76652	  3.24488	 -0.78449	  4.42281	  4.62266
 76653	  3.18456	 -0.74085	  4.42452	  4.62437
 76654	  3.24488	 -0.78449	  4.42281	  4.62266
 76655	  3.24129	 -0.75125	  4.43512	  4.63497
 76656	  3.24129	 -0.75125	  4.43512	  4.63497
 76657	  3.24488	 -0.78449	  4.42281	  4.62266
 76658	  3.29988	 -0.79498	  4.43342	  4.63327
 76659	  3.24129	 -0.75125	  4.43512	  4.63497
 76660	  3.29988	 -0.79498	  4.43342	  4.63327
 76661	  3.29651	 -0.76183	  4.44597	  4.64582
 76662	  2.53236	 -0.68501	  4.33112	  4.53097
 76663	  2.58833	 -0.6905	  4.33546	  4.53531
 76664	  2.5883	 -0.6905	  4.33546	  4.53531
 76665	  2.5883	 -0.6905	  4.33546	  4.53531
 76666	  2.58833	 -0.6905	  4.33546	  4.53531
 76667	  2.64568	 -0.69653	  4.34035	  4.5402
 76668	  2.64568	 -0.69653	  4.34035	  4.5402
 76669	  2.58833	 -0.6905	  4.33546	  4.53531
 76670	  2.64575	 -0.69654	  4.34035	  4.54021
 76671	  2.64568	 -0.69653	  4.34035	  4.5402
 76672	  2.64575	 -0.69654	  4.34035	  4.54021
 76673	  2.70425	 -0.7031	  4.34581	  4.54566
 76674	  2.70425	 -0.7031	  4.34581	  4.54566
 76675	  2.64575	 -0.69654	  4.34035	  4.54021
 76676	  2.70434	 -0.70311	  4.34582	  4.54567
 76677	  2.70425	 -0.7031	  4.34581	  4.54566
 76678	  2.70434	 -0.70311	  4.34582	  4.54567
 76679	  2.7069	 -0.70341	  4.34607	  4.54592
 76680	  2.7069	 -0.70341	  4.34607	  4.54592
 76681	  2.70434	 -0.70311	  4.34582	  4.54567
 76682	  2.70689	 -0.70341	  4.34607	  4.54592
 76683	  2.7069	 -0.70341	  4.34607	  4.54592
 76684	  2.70689	 -0.70341	  4.34607	  4.54592
 76685	  2.76637	 -0.71052	  4.35214	  4.55199
 76686	  2.76637	 -0.71052	  4.35214	  4.55199
 76687	  2.70689	 -0.70341	  4.34607	  4.54592
 76688	  2.76638	 -0.71052	  4.35214	  4.55199
 76689	  2.76637	 -0.71052	  4.35214	  4.55199
 76690	  2.76638	 -0.71052	  4.35214	  4.55199
 76691	  2.76897	 -0.71084	  4.35242	  4.55227
 76692	  2.76637	 -0.71052	  4.35214	  4.55199
 76693	  2.76897	 -0.71084	  4.35242	  4.55227
 76694	  2.76906	 -0.71085	  4.35243	  4.55228
 76695	  2.76906	 -0.71085	  4.35243	  4.55228
 76696	  2.76897	 -0.71084	  4.35242	  4.55227
 76697	  2.82904	 -0.71848	  4.35912	  4.55897
 76698	  2.76906	 -0.71085	  4.35243	  4.55228
 76699	  2.82904	 -0.71848	  4.35912	  4.55897
 76700	  2.8291	 -0.71848	  4.35913	  4.55898
 76701	  2.8291	 -0.71848	  4.35913	  4.55898
 76702	  2.82904	 -0.71848	  4.35912	  4.55897
 76703	  2.88935	 -0.7266	  4.36645	  4.5663
 76704	  2.8291	 -0.71848	  4.35913	  4.55898
 76705	  2.88935	 -0.7266	  4.36645	  4.5663
 76706	  2.88938	 -0.72661	  4.36645	  4.5663
 76707	  2.88938	 -0.72661	  4.36645	  4.5663
 76708	  2.88935	 -0.7266	  4.36645	  4.5663
 76709	  2.94963	 -0.7352	  4.37441	  4.57426
 76710	  2.88938	 -0.72661	  4.36645	  4.5663
 76711	  2.94963	 -0.7352	  4.37441	  4.57426
 76712	  2.88548	 -0.69328	  4.37823	  4.57808
 76713	  2.88548	 -0.69328	  4.37823	  4.57808
 76714	  2.94963	 -0.7352	  4.37441	  4.57426
 76715	  2.94576	 -0.70188	  4.38617	  4.58602
 76716	  2.94576	 -0.70188	  4.38617	  4.58602
 76717	  2.88548	 -0.69328	  4.37823	  4.57808
 76718	  2.88548	 -0.69328	  4.37823	  4.57808
 76719	  2.88548	 -0.69328	  4.37823	  4.57808
 76720	  2.88548	 -0.69328	  4.37823	  4.57808
 76721	  2.82512	 -0.68514	  4.37096	  4.57082
 76722	  2.82512	 -0.68514	  4.37096	  4.57082
 76723	  2.88548	 -0.69328	  4.37823	  4.57808
 76724	  2.82512	 -0.68514	  4.37096	  4.57082
 76725	  2.82512	 -0.68514	  4.37096	  4.57082
 76726	  2.82512	 -0.68514	  4.37096	  4.57082
 76727	  2.76495	 -0.67749	  4.36435	  4.5642
 76728	  2.76495	 -0.67749	  4.36435	  4.5642
 76729	  2.82512	 -0.68514	  4.37096	  4.57082
 76730	  2.76495	 -0.67749	  4.36435	  4.5642
 76731	  2.76495	 -0.67749	  4.36435	  4.5642
 76732	  2.76495	 -0.67749	  4.36435	  4.5642
 76733	  2.76226	 -0.67716	  4.36406	  4.56392
 76734	  2.76226	 -0.67716	  4.36406	  4.56392
 76735	  2.76495	 -0.67749	  4.36435	  4.5642
 76736	  2.76226	 -0.67716	  4.36406	  4.56392
 76737	  2.76226	 -0.67716	  4.36406	  4.56392
 76738	  2.76226	 -0.67716	  4.36406	  4.56392
 76739	  2.70259	 -0.67003	  4.3581	  4.55796
 76740	  2.70259	 -0.67003	  4.3581	  4.55796
 76741	  2.76226	 -0.67716	  4.36406	  4.56392
 76742	  2.70259	 -0.67003	  4.3581	  4.55796
 76743	  2.70259	 -0.67003	  4.3581	  4.55796
 76744	  2.70259	 -0.67003	  4.3581	  4.55796
 76745	  2.69992	 -0.66973	  4.35785	  4.5577
 76746	  2.70259	 -0.67003	  4.3581	  4.55796
 76747	  2.69992	 -0.66973	  4.35785	  4.5577
 76748	  2.69992	 -0.66973	  4.35785	  4.5577
 76749	  2.69992	 -0.66973	  4.35785	  4.5577
 76750	  2.69992	 -0.66973	  4.35785	  4.5577
 76751	  2.64106	 -0.66315	  4.35252	  4.55238
 76752	  2.69992	 -0.66973	  4.35785	  4.5577
 76753	  2.64106	 -0.66315	  4.35252	  4.55238
 76754	  2.64106	 -0.66315	  4.35252	  4.55238
 76755	  2.64106	 -0.66315	  4.35252	  4.55238
 76756	  2.64106	 -0.66315	  4.35252	  4.55238
 76757	  2.58327	 -0.65711	  4.34778	  4.54764
 76758	  2.64106	 -0.66315	  4.35252	  4.55238
 76759	  2.58327	 -0.65711	  4.34778	  4.54764
 76760	  2.58327	 -0.65711	  4.34778	  4.54764
 76761	  2.58327	 -0.65711	  4.34778	  4.54764
 76762	  2.58327	 -0.65711	  4.34778	  4.54764
 76763	  2.52681	 -0.65162	  4.34361	  4.54346
 76764	  2.58327	 -0.65711	  4.34778	  4.54764
 76765	  2.52681	 -0.65162	  4.34361	  4.54346
 76766	  2.5883	 -0.6905	  4.33546	  4.53531
 76767	  2.5883	 -0.6905	  4.33546	  4.53531
 76768	  2.52681	 -0.65162	  4.34361	  4.54346
 76769	  2.53236	 -0.68501	  4.33112	  4.53097
 76770	  2.5883	 -0.6905	  4.33546	  4.53531
 76771	  2.64568	 -0.69653	  4.34035	  4.5402
 76772	  2.58327	 -0.65711	  4.34778	  4.54764
 76773	  2.58327	 -0.65711	  4.34778	  4.54764
 76774	  2.64568	 -0.69653	  4.34035	  4.5402
 76775	  2.64106	 -0.66315	  4.35252	  4.55238
 76776	  2.64106	 -0.66315	  4.35252	  4.55238
 76777	  2.64568	 -0.69653	  4.34035	  4.5402
 76778	  2.70425	 -0.7031	  4.34581	  4.54566
 76779	  2.64106	 -0.66315	  4.35252	  4.55238
 76780	  2.70425	 -0.7031	  4.34581	  4.54566
 76781	  2.69992	 -0.66973	  4.35785	  4.5577
 76782	  2.69992	 -0.66973	  4.35785	  4.5577
 76783	  2.70425	 -0.7031	  4.34581	  4.54566
 76784	  2.7069	 -0.70341	  4.34607	  4.54592
 76785	  2.69992	 -0.66973	  4.35785	  4.5577
 76786	  2.7069	 -0.70341	  4.34607	  4.54592
 76787	  2.70259	 -0.67003	  4.3581	  4.55796
 76788	  2.70259	 -0.67003	  4.3581	  4.55796
 76789	  2.7069	 -0.70341	  4.34607	  4.54592
 76790	  2.76226	 -0.67716	  4.36406	  4.56392
 76791	  2.7069	 -0.70341	  4.34607	  4.54592
 76792	  2.76637	 -0.71052	  4.35214	  4.55199
 76793	  2.76226	 -0.67716	  4.36406	  4.56392
 76794	  2.76226	 -0.67716	  4.36406	  4.56392
 76795	  2.76637	 -0.71052	  4.35214	  4.55199
 76796	  2.76906	 -0.71085	  4.35243	  4.55228
 76797	  2.76226	 -0.67716	  4.36406	  4.56392
 76798	  2.76906	 -0.71085	  4.35243	  4.55228
 76799	  2.76495	 -0.67749	  4.36435	  4.5642
 76800	  2.76495	 -0.67749	  4.36435	  4.5642
 76801	  2.76906	 -0.71085	  4.35243	  4.55228
 76802	  2.8291	 -0.71848	  4.35913	  4.55898
 76803	  2.76495	 -0.67749	  4.36435	  4.5642
 76804	  2.8291	 -0.71848	  4.35913	  4.55898
 76805	  2.82512	 -0.68514	  4.37096	  4.57082
 76806	  2.82512	 -0.68514	  4.37096	  4.57082
 76807	  2.8291	 -0.71848	  4.35913	  4.55898
 76808	  2.88938	 -0.72661	  4.36645	  4.5663
 76809	  2.82512	 -0.68514	  4.37096	  4.57082
 76810	  2.88938	 -0.72661	  4.36645	  4.5663
 76811	  2.88548	 -0.69328	  4.37823	  4.57808
 76812	  2.17705	 -0.66043	  4.31457	  4.51443
 76813	  2.23401	 -0.66309	  4.31581	  4.51567
 76814	  2.23337	 -0.66305	  4.31579	  4.51565
 76815	  2.23337	 -0.66305	  4.31579	  4.51565
 76816	  2.23401	 -0.66309	  4.31581	  4.51567
 76817	  2.25896	 -0.66441	  4.31653	  4.51639
 76818	  2.25896	 -0.66441	  4.31653	  4.51639
 76819	  2.23401	 -0.66309	  4.31581	  4.51567
 76820	  2.25798	 -0.66435	  4.3165	  4.51636
 76821	  2.25896	 -0.66441	  4.31653	  4.51639
 76822	  2.25798	 -0.66435	  4.3165	  4.51636
 76823	  2.31723	 -0.66787	  4.31864	  4.51849
 76824	  2.31723	 -0.66787	  4.31864	  4.51849
 76825	  2.25798	 -0.66435	  4.3165	  4.51636
 76826	  2.31689	 -0.66785	  4.31862	  4.51848
 76827	  2.31723	 -0.66787	  4.31864	  4.51849
 76828	  2.31689	 -0.66785	  4.31862	  4.51848
 76829	  2.37713	 -0.67197	  4.32139	  4.52125
 76830	  2.37713	 -0.67197	  4.32139	  4.52125
 76831	  2.31689	 -0.66785	  4.31862	  4.51848
 76832	  2.37748	 -0.67199	  4.32141	  4.52127
 76833	  2.37713	 -0.67197	  4.32139	  4.52125
 76834	  2.37748	 -0.67199	  4.32141	  4.52127
 76835	  2.44004	 -0.67684	  4.3249	  4.52476
 76836	  2.37713	 -0.67197	  4.32139	  4.52125
 76837	  2.44004	 -0.67684	  4.3249	  4.52476
 76838	  2.43896	 -0.67676	  4.32484	  4.52469
 76839	  2.43896	 -0.67676	  4.32484	  4.52469
 76840	  2.44004	 -0.67684	  4.3249	  4.52476
 76841	  2.46659	 -0.67907	  4.32657	  4.52642
 76842	  2.43896	 -0.67676	  4.32484	  4.52469
 76843	  2.46659	 -0.67907	  4.32657	  4.52642
 76844	  2.46731	 -0.67914	  4.32661	  4.52647
 76845	  2.46731	 -0.67914	  4.32661	  4.52647
 76846	  2.46659	 -0.67907	  4.32657	  4.52642
 76847	  2.53236	 -0.68501	  4.33112	  4.53097
 76848	  2.46731	 -0.67914	  4.32661	  4.52647
 76849	  2.53236	 -0.68501	  4.33112	  4.53097
 76850	  2.46095	 -0.64577	  4.3393	  4.53916
 76851	  2.46095	 -0.64577	  4.3393	  4.53916
 76852	  2.53236	 -0.68501	  4.33112	  4.53097
 76853	  2.52681	 -0.65162	  4.34361	  4.54346
 76854	  2.52681	 -0.65162	  4.34361	  4.54346
 76855	  2.46095	 -0.64577	  4.3393	  4.53916
 76856	  2.46095	 -0.64577	  4.3393	  4.53916
 76857	  2.46095	 -0.64577	  4.3393	  4.53916
 76858	  2.46095	 -0.64577	  4.3393	  4.53916
 76859	  2.43219	 -0.6434	  4.33762	  4.53747
 76860	  2.43219	 -0.6434	  4.33762	  4.53747
 76861	  2.46095	 -0.64577	  4.3393	  4.53916
 76862	  2.43219	 -0.6434	  4.33762	  4.53747
 76863	  2.43219	 -0.6434	  4.33762	  4.53747
 76864	  2.43219	 -0.6434	  4.33762	  4.53747
 76865	  2.36938	 -0.63863	  4.33438	  4.53424
 76866	  2.36938	 -0.63863	  4.33438	  4.53424
 76867	  2.43219	 -0.6434	  4.33762	  4.53747
 76868	  2.36938	 -0.63863	  4.33438	  4.53424
 76869	  2.36938	 -0.63863	  4.33438	  4.53424
 76870	  2.36938	 -0.63863	  4.33438	  4.53424
 76871	  2.30848	 -0.63453	  4.33184	  4.53169
 76872	  2.30848	 -0.63453	  4.33184	  4.53169
 76873	  2.36938	 -0.63863	  4.33438	  4.53424
 76874	  2.30848	 -0.63453	  4.33184	  4.53169
 76875	  2.30848	 -0.63453	  4.33184	  4.53169
 76876	  2.30848	 -0.63453	  4.33184	  4.53169
 76877	  2.24926	 -0.63105	  4.32995	  4.52981
 76878	  2.30848	 -0.63453	  4.33184	  4.53169
 76879	  2.24926	 -0.63105	  4.32995	  4.52981
 76880	  2.24926	 -0.63105	  4.32995	  4.52981
 76881	  2.24926	 -0.63105	  4.32995	  4.52981
 76882	  2.24926	 -0.63105	  4.32995	  4.52981
 76883	  2.22328	 -0.62967	  4.32931	  4.52916
 76884	  2.24926	 -0.63105	  4.32995	  4.52981
 76885	  2.22328	 -0.62967	  4.32931	  4.52916
 76886	  2.22328	 -0.62967	  4.32931	  4.52916
 76887	  2.22328	 -0.62967	  4.32931	  4.52916
 76888	  2.22328	 -0.62967	  4.32931	  4.52916
 76889	  2.16621	 -0.62695	  4.32831	  4.52816
 76890	  2.22328	 -0.62967	  4.32931	  4.52916
 76891	  2.16621	 -0.62695	  4.32831	  4.52816
 76892	  2.23337	 -0.66305	  4.31579	  4.51565
 76893	  2.23337	 -0.66305	  4.31579	  4.51565
 76894	  2.16621	 -0.62695	  4.32831	  4.52816
 76895	  2.17705	 -0.66043	  4.31457	  4.51443
 76896	  2.23337	 -0.66305	  4.31579	  4.51565
 76897	  2.25896	 -0.66441	  4.31653	  4.51639
 76898	  2.22328	 -0.62967	  4.32931	  4.52916
 76899	  2.22328	 -0.62967	  4.32931	  4.52916
 76900	  2.25896	 -0.66441	  4.31653	  4.51639
 76901	  2.24926	 -0.63105	  4.32995	  4.52981
 76902	  2.24926	 -0.63105	  4.32995	  4.52981
 76903	  2.25896	 -0.66441	  4.31653	  4.51639
 76904	  2.31723	 -0.66787	  4.31864	  4.51849
 76905	  2.24926	 -0.63105	  4.32995	  4.52981
 76906	  2.31723	 -0.66787	  4.31864	  4.51849
 76907	  2.30848	 -0.63453	  4.33184	  4.53169
 76908	  2.30848	 -0.63453	  4.33184	  4.53169
 76909	  2.31723	 -0.66787	  4.31864	  4.51849
 76910	  2.36938	 -0.63863	  4.33438	  4.53424
 76911	  2.31723	 -0.66787	  4.31864	  4.51849
 76912	  2.37713	 -0.67197	  4.32139	  4.52125
 76913	  2.36938	 -0.63863	  4.33438	  4.53424
 76914	  2.36938	 -0.63863	  4.33438	  4.53424
 76915	  2.37713	 -0.67197	  4.32139	  4.52125
 76916	  2.43896	 -0.67676	  4.32484	  4.52469
 76917	  2.36938	 -0.63863	  4.33438	  4.53424
 76918	  2.43896	 -0.67676	  4.32484	  4.52469
 76919	  2.43219	 -0.6434	  4.33762	  4.53747
 76920	  2.43219	 -0.6434	  4.33762	  4.53747
 76921	  2.43896	 -0.67676	  4.32484	  4.52469
 76922	  2.46731	 -0.67914	  4.32661	  4.52647
 76923	  2.43219	 -0.6434	  4.33762	  4.53747
 76924	  2.46731	 -0.67914	  4.32661	  4.52647
 76925	  2.46095	 -0.64577	  4.3393	  4.53916
 76926	  4.39195	 -1.05154	  4.86251	  5.06235
 76927	  4.35254	 -1.04246	  4.83622	  5.03606
 76928	  4.35341	 -1.04267	  4.83678	  5.03662
 76929	  4.35341	 -1.04267	  4.83678	  5.03662
 76930	  4.35254	 -1.04246	  4.83622	  5.03606
 76931	  4.34453	 -1.04051	  4.83108	  5.03092
 76932	  4.34453	 -1.04051	  4.83108	  5.03092
 76933	  4.35254	 -1.04246	  4.83622	  5.03606
 76934	  4.34761	 -1.04127	  4.83305	  5.03289
 76935	  4.34453	 -1.04051	  4.83108	  5.03092
 76936	  4.34761	 -1.04127	  4.83305	  5.03289
 76937	  4.30231	 -1.0298	  4.80494	  5.00478
 76938	  4.30231	 -1.0298	  4.80494	  5.00478
 76939	  4.34761	 -1.04127	  4.83305	  5.03289
 76940	  4.30466	 -1.03041	  4.80636	  5.0062
 76941	  4.30231	 -1.0298	  4.80494	  5.00478
 76942	  4.30466	 -1.03041	  4.80636	  5.0062
 76943	  4.25777	 -1.01786	  4.77882	  4.97866
 76944	  4.25777	 -1.01786	  4.77882	  4.97866
 76945	  4.30466	 -1.03041	  4.80636	  5.0062
 76946	  4.25925	 -1.01826	  4.77966	  4.9795
 76947	  4.25777	 -1.01786	  4.77882	  4.97866
 76948	  4.25925	 -1.01826	  4.77966	  4.9795
 76949	  4.21154	 -1.00495	  4.75302	  4.95286
 76950	  4.21154	 -1.00495	  4.75302	  4.95286
 76951	  4.25925	 -1.01826	  4.77966	  4.9795
 76952	  4.21206	 -1.00509	  4.7533	  4.95314
 76953	  4.21154	 -1.00495	  4.75302	  4.95286
 76954	  4.21206	 -1.00509	  4.7533	  4.95314
 76955	  4.16426	 -0.99135	  4.72787	  4.92771
 76956	  4.16426	 -0.99135	  4.72787	  4.92771
 76957	  4.21206	 -1.00509	  4.7533	  4.95314
 76958	  4.16374	 -0.99119	  4.7276	  4.92744
 76959	  4.16426	 -0.99135	  4.72787	  4.92771
 76960	  4.16374	 -0.99119	  4.7276	  4.92744
 76961	  4.11494	 -0.97683	  4.70289	  4.90273
 76962	  4.16426	 -0.99135	  4.72787	  4.92771
 76963	  4.11494	 -0.97683	  4.70289	  4.90273
 76964	  4.1165	 -0.97729	  4.70366	  4.9035
 76965	  4.1165	 -0.97729	  4.70366	  4.9035
 76966	  4.11494	 -0.97683	  4.70289	  4.90273
 76967	  4.06635	 -0.96228	  4.67951	  4.87935
 76968	  4.1165	 -0.97729	  4.70366	  4.9035
 76969	  4.06635	 -0.96228	  4.67951	  4.87935
 76970	  4.06891	 -0.96305	  4.68071	  4.88055
 76971	  4.06891	 -0.96305	  4.68071	  4.88055
 76972	  4.06635	 -0.96228	  4.67951	  4.87935
 76973	  4.01861	 -0.94782	  4.65779	  4.85763
 76974	  4.06891	 -0.96305	  4.68071	  4.88055
 76975	  4.01861	 -0.94782	  4.65779	  4.85763
 76976	  4.0221	 -0.94889	  4.65933	  4.85917
 76977	  4.0221	 -0.94889	  4.65933	  4.85917
 76978	  4.01861	 -0.94782	  4.65779	  4.85763
 76979	  4.013	 -0.94612	  4.65532	  4.85517
 76980	  4.0221	 -0.94889	  4.65933	  4.85917
 76981	  4.013	 -0.94612	  4.65532	  4.85517
 76982	  4.01201	 -0.94582	  4.65489	  4.85473
 76983	  4.01201	 -0.94582	  4.65489	  4.85473
 76984	  4.013	 -0.94612	  4.65532	  4.85517
 76985	  3.96701	 -0.9321	  4.63586	  4.8357
 76986	  4.01201	 -0.94582	  4.65489	  4.85473
 76987	  3.96701	 -0.9321	  4.63586	  4.8357
 76988	  4.01441	 -0.97192	  4.64067	  4.84051
 76989	  4.01441	 -0.97192	  4.64067	  4.84051
 76990	  3.96701	 -0.9321	  4.63586	  4.8357
 76991	  3.96886	 -0.9577	  4.62141	  4.82125
 76992	  3.96886	 -0.9577	  4.62141	  4.82125
 76993	  4.01441	 -0.97192	  4.64067	  4.84051
 76994	  4.01441	 -0.97192	  4.64067	  4.84051
 76995	  4.01441	 -0.97192	  4.64067	  4.84051
 76996	  4.01441	 -0.97192	  4.64067	  4.84051
 76997	  4.02464	 -0.97508	  4.64519	  4.84503
 76998	  4.02464	 -0.97508	  4.64519	  4.84503
 76999	  4.01441	 -0.97192	  4.64067	  4.84051
 77000	  4.02464	 -0.97508	  4.64519	  4.84503
 77001	  4.02464	 -0.97508	  4.64519	  4.84503
 77002	  4.02464	 -0.97508	  4.64519	  4.84503
 77003	  4.07217	 -0.98961	  4.667	  4.86685
 77004	  4.07217	 -0.98961	  4.667	  4.86685
 77005	  4.02464	 -0.97508	  4.64519	  4.84503
 77006	  4.07217	 -0.98961	  4.667	  4.86685
 77007	  4.07217	 -0.98961	  4.667	  4.86685
 77008	  4.07217	 -0.98961	  4.667	  4.86685
 77009	  4.1206	 -1.00415	  4.69054	  4.89038
 77010	  4.1206	 -1.00415	  4.69054	  4.89038
 77011	  4.07217	 -0.98961	  4.667	  4.86685
 77012	  4.1206	 -1.00415	  4.69054	  4.89038
 77013	  4.1206	 -1.00415	  4.69054	  4.89038
 77014	  4.1206	 -1.00415	  4.69054	  4.89038
 77015	  4.16928	 -1.01846	  4.71543	  4.91527
 77016	  4.16928	 -1.01846	  4.71543	  4.91527
 77017	  4.1206	 -1.00415	  4.69054	  4.89038
 77018	  4.16928	 -1.01846	  4.71543	  4.91527
 77019	  4.16928	 -1.01846	  4.71543	  4.91527
 77020	  4.16928	 -1.01846	  4.71543	  4.91527
 77021	  4.21752	 -1.03231	  4.74133	  4.94117
 77022	  4.21752	 -1.03231	  4.74133	  4.94117
 77023	  4.16928	 -1.01846	  4.71543	  4.91527
 77024	  4.21752	 -1.03231	  4.74133	  4.94117
 77025	  4.21752	 -1.03231	  4.74133	  4.94117
 77026	  4.21752	 -1.03231	  4.74133	  4.94117
 77027	  4.26472	 -1.04548	  4.7679	  4.96774
 77028	  4.21752	 -1.03231	  4.74133	  4.94117
 77029	  4.26472	 -1.04548	  4.7679	  4.96774
 77030	  4.26472	 -1.04548	  4.7679	  4.96774
 77031	  4.26472	 -1.04548	  4.7679	  4.96774
 77032	  4.26472	 -1.04548	  4.7679	  4.96774
 77033	  4.31021	 -1.05774	  4.79479	  4.99462
 77034	  4.26472	 -1.04548	  4.7679	  4.96774
 77035	  4.31021	 -1.05774	  4.79479	  4.99462
 77036	  4.31021	 -1.05774	  4.79479	  4.99462
 77037	  4.31021	 -1.05774	  4.79479	  4.99462
 77038	  4.31021	 -1.05774	  4.79479	  4.99462
 77039	  4.35334	 -1.06885	  4.82163	  5.02147
 77040	  4.31021	 -1.05774	  4.79479	  4.99462
 77041	  4.35334	 -1.06885	  4.82163	  5.02147
 77042	  4.35334	 -1.06885	  4.82163	  5.02147
 77043	  4.35334	 -1.06885	  4.82163	  5.02147
 77044	  4.35334	 -1.06885	  4.82163	  5.02147
 77045	  4.36241	 -1.0711	  4.82748	  5.02731
 77046	  4.35334	 -1.06885	  4.82163	  5.02147
 77047	  4.36241	 -1.0711	  4.82748	  5.02731
 77048	  4.36241	 -1.0711	  4.82748	  5.02731
 77049	  4.36241	 -1.0711	  4.82748	  5.02731
 77050	  4.36241	 -1.0711	  4.82748	  5.02731
 77051	  4.40175	 -1.0805	  4.85381	  5.05364
 77052	  4.36241	 -1.0711	  4.82748	  5.02731
 77053	  4.40175	 -1.0805	  4.85381	  5.05364
 77054	  4.35341	 -1.04267	  4.83678	  5.03662
 77055	  4.35341	 -1.04267	  4.83678	  5.03662
 77056	  4.40175	 -1.0805	  4.85381	  5.05364
 77057	  4.39195	 -1.05154	  4.86251	  5.06235
 77058	  4.35341	 -1.04267	  4.83678	  5.03662
 77059	  4.34453	 -1.04051	  4.83108	  5.03092
 77060	  4.36241	 -1.0711	  4.82748	  5.02731
 77061	  4.36241	 -1.0711	  4.82748	  5.02731
 77062	  4.34453	 -1.04051	  4.83108	  5.03092
 77063	  4.35334	 -1.06885	  4.82163	  5.02147
 77064	  4.35334	 -1.06885	  4.82163	  5.02147
 77065	  4.34453	 -1.04051	  4.83108	  5.03092
 77066	  4.30231	 -1.0298	  4.80494	  5.00478
 77067	  4.35334	 -1.06885	  4.82163	  5.02147
 77068	  4.30231	 -1.0298	  4.80494	  5.00478
 77069	  4.31021	 -1.05774	  4.79479	  4.99462
 77070	  4.31021	 -1.05774	  4.79479	  4.99462
 77071	  4.30231	 -1.0298	  4.80494	  5.00478
 77072	  4.25777	 -1.01786	  4.77882	  4.97866
 77073	  4.31021	 -1.05774	  4.79479	  4.99462
 77074	  4.25777	 -1.01786	  4.77882	  4.97866
 77075	  4.26472	 -1.04548	  4.7679	  4.96774
 77076	  4.26472	 -1.04548	  4.7679	  4.96774
 77077	  4.25777	 -1.01786	  4.77882	  4.97866
 77078	  4.21154	 -1.00495	  4.75302	  4.95286
 77079	  4.26472	 -1.04548	  4.7679	  4.96774
 77080	  4.21154	 -1.00495	  4.75302	  4.95286
 77081	  4.21752	 -1.03231	  4.74133	  4.94117
 77082	  4.21752	 -1.03231	  4.74133	  4.94117
 77083	  4.21154	 -1.00495	  4.75302	  4.95286
 77084	  4.16928	 -1.01846	  4.71543	  4.91527
 77085	  4.21154	 -1.00495	  4.75302	  4.95286
 77086	  4.16426	 -0.99135	  4.72787	  4.92771
 77087	  4.16928	 -1.01846	  4.71543	  4.91527
 77088	  4.16928	 -1.01846	  4.71543	  4.91527
 77089	  4.16426	 -0.99135	  4.72787	  4.92771
 77090	  4.1165	 -0.97729	  4.70366	  4.9035
 77091	  4.16928	 -1.01846	  4.71543	  4.91527
 77092	  4.1165	 -0.97729	  4.70366	  4.9035
 77093	  4.1206	 -1.00415	  4.69054	  4.89038
 77094	  4.1206	 -1.00415	  4.69054	  4.89038
 77095	  4.1165	 -0.97729	  4.70366	  4.9035
 77096	  4.06891	 -0.96305	  4.68071	  4.88055
 77097	  4.1206	 -1.00415	  4.69054	  4.89038
 77098	  4.06891	 -0.96305	  4.68071	  4.88055
 77099	  4.07217	 -0.98961	  4.667	  4.86685
 77100	  4.07217	 -0.98961	  4.667	  4.86685
 77101	  4.06891	 -0.96305	  4.68071	  4.88055
 77102	  4.0221	 -0.94889	  4.65933	  4.85917
 77103	  4.07217	 -0.98961	  4.667	  4.86685
 77104	  4.0221	 -0.94889	  4.65933	  4.85917
 77105	  4.02464	 -0.97508	  4.64519	  4.84503
 77106	  4.02464	 -0.97508	  4.64519	  4.84503
 77107	  4.0221	 -0.94889	  4.65933	  4.85917
 77108	  4.01201	 -0.94582	  4.65489	  4.85473
 77109	  4.02464	 -0.97508	  4.64519	  4.84503
 77110	  4.01201	 -0.94582	  4.65489	  4.85473
 77111	  4.01441	 -0.97192	  4.64067	  4.84051
 77112	  4.59331	 -1.05234	  5.08086	  5.28069
 77113	  4.5795	 -1.06124	  5.04961	  5.24944
 77114	  4.58006	 -1.06098	  5.05069	  5.25052
 77115	  4.58006	 -1.06098	  5.05069	  5.25052
 77116	  4.5795	 -1.06124	  5.04961	  5.24944
 77117	  4.56358	 -1.0664	  5.02279	  5.22262
 77118	  4.56358	 -1.0664	  5.02279	  5.22262
 77119	  4.5795	 -1.06124	  5.04961	  5.24944
 77120	  4.56466	 -1.06615	  5.02442	  5.22425
 77121	  4.56358	 -1.0664	  5.02279	  5.22262
 77122	  4.56466	 -1.06615	  5.02442	  5.22425
 77123	  4.54045	 -1.06952	  4.99179	  5.19162
 77124	  4.54045	 -1.06952	  4.99179	  5.19162
 77125	  4.56466	 -1.06615	  5.02442	  5.22425
 77126	  4.54091	 -1.06949	  4.99235	  5.19218
 77127	  4.54045	 -1.06952	  4.99179	  5.19162
 77128	  4.54091	 -1.06949	  4.99235	  5.19218
 77129	  4.51163	 -1.0696	  4.96012	  5.15995
 77130	  4.51163	 -1.0696	  4.96012	  5.15995
 77131	  4.54091	 -1.06949	  4.99235	  5.19218
 77132	  4.51106	 -1.06957	  4.95955	  5.15938
 77133	  4.51163	 -1.0696	  4.96012	  5.15995
 77134	  4.51106	 -1.06957	  4.95955	  5.15938
 77135	  4.47475	 -1.06629	  4.92587	  5.1257
 77136	  4.51163	 -1.0696	  4.96012	  5.15995
 77137	  4.47475	 -1.06629	  4.92587	  5.1257
 77138	  4.47678	 -1.06654	  4.92762	  5.12746
 77139	  4.47678	 -1.06654	  4.92762	  5.12746
 77140	  4.47475	 -1.06629	  4.92587	  5.1257
 77141	  4.4409	 -1.06117	  4.89825	  5.09809
 77142	  4.47678	 -1.06654	  4.92762	  5.12746
 77143	  4.4409	 -1.06117	  4.89825	  5.09809
 77144	  4.43933	 -1.0609	  4.89704	  5.09688
 77145	  4.43933	 -1.0609	  4.89704	  5.09688
 77146	  4.4409	 -1.06117	  4.89825	  5.09809
 77147	  4.39195	 -1.05154	  4.86251	  5.06235
 77148	  4.43933	 -1.0609	  4.89704	  5.09688
 77149	  4.39195	 -1.05154	  4.86251	  5.06235
 77150	  4.45005	 -1.09081	  4.88898	  5.08881
 77151	  4.45005	 -1.09081	  4.88898	  5.08881
 77152	  4.39195	 -1.05154	  4.86251	  5.06235
 77153	  4.40175	 -1.0805	  4.85381	  5.05364
 77154	  4.40175	 -1.0805	  4.85381	  5.05364
 77155	  4.45005	 -1.09081	  4.88898	  5.08881
 77156	  4.45005	 -1.09081	  4.88898	  5.08881
 77157	  4.45005	 -1.09081	  4.88898	  5.08881
 77158	  4.45005	 -1.09081	  4.88898	  5.08881
 77159	  4.48817	 -1.09745	  4.92003	  5.11987
 77160	  4.48817	 -1.09745	  4.92003	  5.11987
 77161	  4.45005	 -1.09081	  4.88898	  5.08881
 77162	  4.48817	 -1.09745	  4.92003	  5.11987
 77163	  4.48817	 -1.09745	  4.92003	  5.11987
 77164	  4.48817	 -1.09745	  4.92003	  5.11987
 77165	  4.52358	 -1.10165	  4.95305	  5.15288
 77166	  4.52358	 -1.10165	  4.95305	  5.15288
 77167	  4.48817	 -1.09745	  4.92003	  5.11987
 77168	  4.52358	 -1.10165	  4.95305	  5.15288
 77169	  4.52358	 -1.10165	  4.95305	  5.15288
 77170	  4.52358	 -1.10165	  4.95305	  5.15288
 77171	  4.55284	 -1.10262	  4.98537	  5.18521
 77172	  4.55284	 -1.10262	  4.98537	  5.18521
 77173	  4.52358	 -1.10165	  4.95305	  5.15288
 77174	  4.55284	 -1.10262	  4.98537	  5.18521
 77175	  4.55284	 -1.10262	  4.98537	  5.18521
 77176	  4.55284	 -1.10262	  4.98537	  5.18521
 77177	  4.57632	 -1.10036	  5.01728	  5.21711
 77178	  4.55284	 -1.10262	  4.98537	  5.18521
 77179	  4.57632	 -1.10036	  5.01728	  5.21711
 77180	  4.57632	 -1.10036	  5.01728	  5.21711
 77181	  4.57632	 -1.10036	  5.01728	  5.21711
 77182	  4.57632	 -1.10036	  5.01728	  5.21711
 77183	  4.59306	 -1.09544	  5.04636	  5.24619
 77184	  4.57632	 -1.10036	  5.01728	  5.21711
 77185	  4.59306	 -1.09544	  5.04636	  5.24619
 77186	  4.59306	 -1.09544	  5.04636	  5.24619
 77187	  4.59306	 -1.09544	  5.04636	  5.24619
 77188	  4.59306	 -1.09544	  5.04636	  5.24619
 77189	  4.60656	 -1.08693	  5.07831	  5.27814
 77190	  4.59306	 -1.09544	  5.04636	  5.24619
 77191	  4.60656	 -1.08693	  5.07831	  5.27814
 77192	  4.58006	 -1.06098	  5.05069	  5.25052
 77193	  4.58006	 -1.06098	  5.05069	  5.25052
 77194	  4.60656	 -1.08693	  5.07831	  5.27814
 77195	  4.59331	 -1.05234	  5.08086	  5.28069
 77196	  4.58006	 -1.06098	  5.05069	  5.25052
 77197	  4.56358	 -1.0664	  5.02279	  5.22262
 77198	  4.59306	 -1.09544	  5.04636	  5.24619
 77199	  4.59306	 -1.09544	  5.04636	  5.24619
 77200	  4.56358	 -1.0664	  5.02279	  5.22262
 77201	  4.57632	 -1.10036	  5.01728	  5.21711
 77202	  4.57632	 -1.10036	  5.01728	  5.21711
 77203	  4.56358	 -1.0664	  5.02279	  5.22262
 77204	  4.54045	 -1.06952	  4.99179	  5.19162
 77205	  4.57632	 -1.10036	  5.01728	  5.21711
 77206	  4.54045	 -1.06952	  4.99179	  5.19162
 77207	  4.55284	 -1.10262	  4.98537	  5.18521
 77208	  4.55284	 -1.10262	  4.98537	  5.18521
 77209	  4.54045	 -1.06952	  4.99179	  5.19162
 77210	  4.52358	 -1.10165	  4.95305	  5.15288
 77211	  4.54045	 -1.06952	  4.99179	  5.19162
 77212	  4.51163	 -1.0696	  4.96012	  5.15995
 77213	  4.52358	 -1.10165	  4.95305	  5.15288
 77214	  4.52358	 -1.10165	  4.95305	  5.15288
 77215	  4.51163	 -1.0696	  4.96012	  5.15995
 77216	  4.47678	 -1.06654	  4.92762	  5.12746
 77217	  4.52358	 -1.10165	  4.95305	  5.15288
 77218	  4.47678	 -1.06654	  4.92762	  5.12746
 77219	  4.48817	 -1.09745	  4.92003	  5.11987
 77220	  4.48817	 -1.09745	  4.92003	  5.11987
 77221	  4.47678	 -1.06654	  4.92762	  5.12746
 77222	  4.43933	 -1.0609	  4.89704	  5.09688
 77223	  4.48817	 -1.09745	  4.92003	  5.11987
 77224	  4.43933	 -1.0609	  4.89704	  5.09688
 77225	  4.45005	 -1.09081	  4.88898	  5.08881
 77226	  4.53854	 -0.58478	  5.32512	  5.52494
 77227	  4.51379	 -0.4907	  5.3547	  5.55452
 77228	  4.51473	 -0.57966	  5.31223	  5.51205
 77229	  4.51473	 -0.57966	  5.31223	  5.51205
 77230	  4.51379	 -0.4907	  5.3547	  5.55452
 77231	  4.49358	 -0.52152	  5.3267	  5.52652
 77232	  4.49358	 -0.52152	  5.3267	  5.52652
 77233	  4.51403	 -0.57703	  5.31315	  5.51296
 77234	  4.51473	 -0.57966	  5.31223	  5.51205
 77235	  4.51473	 -0.57966	  5.31223	  5.51205
 77236	  4.51403	 -0.57703	  5.31315	  5.51296
 77237	  4.51704	 -0.58895	  5.30884	  5.50866
 77238	  4.51704	 -0.58895	  5.30884	  5.50866
 77239	  4.51403	 -0.57703	  5.31315	  5.51296
 77240	  4.52699	 -0.64872	  5.2818	  5.48162
 77241	  4.52699	 -0.64872	  5.2818	  5.48162
 77242	  4.51403	 -0.57703	  5.31315	  5.51296
 77243	  4.52812	 -0.66042	  5.2756	  5.47542
 77244	  4.52699	 -0.64872	  5.2818	  5.48162
 77245	  4.52812	 -0.66042	  5.2756	  5.47542
 77246	  4.52789	 -0.65785	  5.27698	  5.4768
 77247	  4.52789	 -0.65785	  5.27698	  5.4768
 77248	  4.52812	 -0.66042	  5.2756	  5.47542
 77249	  4.5308	 -0.71386	  5.24417	  5.444
 77250	  4.52789	 -0.65785	  5.27698	  5.4768
 77251	  4.5308	 -0.71386	  5.24417	  5.444
 77252	  4.55241	 -0.68054	  5.28436	  5.48418
 77253	  4.55241	 -0.68054	  5.28436	  5.48418
 77254	  4.5308	 -0.71386	  5.24417	  5.444
 77255	  4.55608	 -0.74156	  5.25042	  5.45024
 77256	  4.55608	 -0.74156	  5.25042	  5.45024
 77257	  4.55241	 -0.68054	  5.28436	  5.48418
 77258	  4.55241	 -0.68054	  5.28436	  5.48418
 77259	  4.55241	 -0.68054	  5.28436	  5.48418
 77260	  4.55241	 -0.68054	  5.28436	  5.48418
 77261	  4.5515	 -0.67036	  5.28938	  5.4892
 77262	  4.5515	 -0.67036	  5.28938	  5.4892
 77263	  4.55241	 -0.68054	  5.28436	  5.48418
 77264	  4.5515	 -0.67036	  5.28938	  5.4892
 77265	  4.5515	 -0.67036	  5.28938	  5.4892
 77266	  4.5515	 -0.67036	  5.28938	  5.4892
 77267	  4.54109	 -0.59753	  5.32044	  5.52026
 77268	  4.54109	 -0.59753	  5.32044	  5.52026
 77269	  4.5515	 -0.67036	  5.28938	  5.4892
 77270	  4.54109	 -0.59753	  5.32044	  5.52026
 77271	  4.54109	 -0.59753	  5.32044	  5.52026
 77272	  4.54109	 -0.59753	  5.32044	  5.52026
 77273	  4.53854	 -0.58478	  5.32512	  5.52494
 77274	  4.54109	 -0.59753	  5.32044	  5.52026
 77275	  4.53854	 -0.58478	  5.32512	  5.52494
 77276	  4.53854	 -0.58478	  5.32512	  5.52494
 77277	  4.53854	 -0.58478	  5.32512	  5.52494
 77278	  4.53854	 -0.58478	  5.32512	  5.52494
 77279	  4.51379	 -0.4907	  5.3547	  5.55452
 77280	  4.53854	 -0.58478	  5.32512	  5.52494
 77281	  4.51473	 -0.57966	  5.31223	  5.51205
 77282	  4.51704	 -0.58895	  5.30884	  5.50866
 77283	  4.53854	 -0.58478	  5.32512	  5.52494
 77284	  4.51704	 -0.58895	  5.30884	  5.50866
 77285	  4.54109	 -0.59753	  5.32044	  5.52026
 77286	  4.54109	 -0.59753	  5.32044	  5.52026
 77287	  4.51704	 -0.58895	  5.30884	  5.50866
 77288	  4.52699	 -0.64872	  5.2818	  5.48162
 77289	  4.54109	 -0.59753	  5.32044	  5.52026
 77290	  4.52699	 -0.64872	  5.2818	  5.48162
 77291	  4.5515	 -0.67036	  5.28938	  5.4892
 77292	  4.5515	 -0.67036	  5.28938	  5.4892
 77293	  4.52699	 -0.64872	  5.2818	  5.48162
 77294	  4.52789	 -0.65785	  5.27698	  5.4768
 77295	  4.5515	 -0.67036	  5.28938	  5.4892
 77296	  4.52789	 -0.65785	  5.27698	  5.4768
 77297	  4.55241	 -0.68054	  5.28436	  5.48418
 77298	  3.62102	 -0.7365	  4.5929	  4.79275
 77299	  3.67465	 -0.74693	  4.61071	  4.81055
 77300	  3.59242	 -0.71813	  4.59969	  4.79953
 77301	  3.59242	 -0.71813	  4.59969	  4.79953
 77302	  3.67465	 -0.74693	  4.61071	  4.81055
 77303	  3.62568	 -0.72545	  4.60879	  4.80863
 77304	  3.62568	 -0.72545	  4.60879	  4.80863
 77305	  3.58682	 -0.71688	  4.59818	  4.79802
 77306	  3.59242	 -0.71813	  4.59969	  4.79953
 77307	  3.59242	 -0.71813	  4.59969	  4.79953
 77308	  3.58682	 -0.71688	  4.59818	  4.79802
 77309	  3.57204	 -0.71359	  4.59421	  4.79405
 77310	  3.57204	 -0.71359	  4.59421	  4.79405
 77311	  3.58682	 -0.71688	  4.59818	  4.79802
 77312	  3.58103	 -0.7156	  4.59662	  4.79646
 77313	  3.57204	 -0.71359	  4.59421	  4.79405
 77314	  3.58103	 -0.7156	  4.59662	  4.79646
 77315	  3.52656	 -0.70347	  4.58219	  4.78203
 77316	  3.52656	 -0.70347	  4.58219	  4.78203
 77317	  3.58103	 -0.7156	  4.59662	  4.79646
 77318	  3.53011	 -0.70426	  4.58311	  4.78296
 77319	  3.52656	 -0.70347	  4.58219	  4.78203
 77320	  3.53011	 -0.70426	  4.58311	  4.78296
 77321	  3.47463	 -0.69201	  4.56884	  4.76869
 77322	  3.47463	 -0.69201	  4.56884	  4.76869
 77323	  3.53011	 -0.70426	  4.58311	  4.78296
 77324	  3.47062	 -0.69113	  4.56783	  4.76768
 77325	  3.47463	 -0.69201	  4.56884	  4.76869
 77326	  3.47062	 -0.69113	  4.56783	  4.76768
 77327	  3.40453	 -0.67685	  4.55149	  4.75134
 77328	  3.47463	 -0.69201	  4.56884	  4.76869
 77329	  3.40453	 -0.67685	  4.55149	  4.75134
 77330	  3.41759	 -0.67964	  4.55467	  4.75451
 77331	  3.41759	 -0.67964	  4.55467	  4.75451
 77332	  3.40453	 -0.67685	  4.55149	  4.75134
 77333	  3.39571	 -0.67497	  4.54937	  4.74921
 77334	  3.41759	 -0.67964	  4.55467	  4.75451
 77335	  3.39571	 -0.67497	  4.54937	  4.74921
 77336	  3.38684	 -0.67309	  4.54724	  4.74709
 77337	  3.38684	 -0.67309	  4.54724	  4.74709
 77338	  3.39571	 -0.67497	  4.54937	  4.74921
 77339	  3.32458	 -0.66013	  4.53272	  4.73257
 77340	  3.38684	 -0.67309	  4.54724	  4.74709
 77341	  3.32458	 -0.66013	  4.53272	  4.73257
 77342	  3.39273	 -0.68897	  4.53063	  4.73048
 77343	  3.39273	 -0.68897	  4.53063	  4.73048
 77344	  3.32458	 -0.66013	  4.53272	  4.73257
 77345	  3.33158	 -0.67642	  4.51642	  4.71627
 77346	  3.33158	 -0.67642	  4.51642	  4.71627
 77347	  3.39273	 -0.68897	  4.53063	  4.73048
 77348	  3.39273	 -0.68897	  4.53063	  4.73048
 77349	  3.39273	 -0.68897	  4.53063	  4.73048
 77350	  3.39273	 -0.68897	  4.53063	  4.73048
 77351	  3.42324	 -0.69534	  4.538	  4.73785
 77352	  3.42324	 -0.69534	  4.538	  4.73785
 77353	  3.39273	 -0.68897	  4.53063	  4.73048
 77354	  3.42324	 -0.69534	  4.538	  4.73785
 77355	  3.42324	 -0.69534	  4.538	  4.73785
 77356	  3.42324	 -0.69534	  4.538	  4.73785
 77357	  3.48143	 -0.70759	  4.55273	  4.75258
 77358	  3.48143	 -0.70759	  4.55273	  4.75258
 77359	  3.42324	 -0.69534	  4.538	  4.73785
 77360	  3.48143	 -0.70759	  4.55273	  4.75258
 77361	  3.48143	 -0.70759	  4.55273	  4.75258
 77362	  3.48143	 -0.70759	  4.55273	  4.75258
 77363	  3.538	 -0.71948	  4.56808	  4.76792
 77364	  3.538	 -0.71948	  4.56808	  4.76792
 77365	  3.48143	 -0.70759	  4.55273	  4.75258
 77366	  3.538	 -0.71948	  4.56808	  4.76792
 77367	  3.538	 -0.71948	  4.56808	  4.76792
 77368	  3.538	 -0.71948	  4.56808	  4.76792
 77369	  3.5932	 -0.73089	  4.58424	  4.78408
 77370	  3.538	 -0.71948	  4.56808	  4.76792
 77371	  3.5932	 -0.73089	  4.58424	  4.78408
 77372	  3.5932	 -0.73089	  4.58424	  4.78408
 77373	  3.5932	 -0.73089	  4.58424	  4.78408
 77374	  3.5932	 -0.73089	  4.58424	  4.78408
 77375	  3.62102	 -0.7365	  4.5929	  4.79275
 77376	  3.5932	 -0.73089	  4.58424	  4.78408
 77377	  3.62102	 -0.7365	  4.5929	  4.79275
 77378	  3.62102	 -0.7365	  4.5929	  4.79275
 77379	  3.62102	 -0.7365	  4.5929	  4.79275
 77380	  3.62102	 -0.7365	  4.5929	  4.79275
 77381	  3.67465	 -0.74693	  4.61071	  4.81055
 77382	  3.62102	 -0.7365	  4.5929	  4.79275
 77383	  3.59242	 -0.71813	  4.59969	  4.79953
 77384	  3.57204	 -0.71359	  4.59421	  4.79405
 77385	  3.62102	 -0.7365	  4.5929	  4.79275
 77386	  3.57204	 -0.71359	  4.59421	  4.79405
 77387	  3.5932	 -0.73089	  4.58424	  4.78408
 77388	  3.5932	 -0.73089	  4.58424	  4.78408
 77389	  3.57204	 -0.71359	  4.59421	  4.79405
 77390	  3.52656	 -0.70347	  4.58219	  4.78203
 77391	  3.5932	 -0.73089	  4.58424	  4.78408
 77392	  3.52656	 -0.70347	  4.58219	  4.78203
 77393	  3.538	 -0.71948	  4.56808	  4.76792
 77394	  3.538	 -0.71948	  4.56808	  4.76792
 77395	  3.52656	 -0.70347	  4.58219	  4.78203
 77396	  3.47463	 -0.69201	  4.56884	  4.76869
 77397	  3.538	 -0.71948	  4.56808	  4.76792
 77398	  3.47463	 -0.69201	  4.56884	  4.76869
 77399	  3.48143	 -0.70759	  4.55273	  4.75258
 77400	  3.48143	 -0.70759	  4.55273	  4.75258
 77401	  3.47463	 -0.69201	  4.56884	  4.76869
 77402	  3.41759	 -0.67964	  4.55467	  4.75451
 77403	  3.48143	 -0.70759	  4.55273	  4.75258
 77404	  3.41759	 -0.67964	  4.55467	  4.75451
 77405	  3.42324	 -0.69534	  4.538	  4.73785
 77406	  3.42324	 -0.69534	  4.538	  4.73785
 77407	  3.41759	 -0.67964	  4.55467	  4.75451
 77408	  3.38684	 -0.67309	  4.54724	  4.74709
 77409	  3.42324	 -0.69534	  4.538	  4.73785
 77410	  3.38684	 -0.67309	  4.54724	  4.74709
 77411	  3.39273	 -0.68897	  4.53063	  4.73048
 77412	  3.27739	 -0.66563	  4.50436	  4.70421
 77413	  3.33158	 -0.67642	  4.51642	  4.71627
 77414	  3.2696	 -0.64907	  4.52053	  4.72037
 77415	  3.2696	 -0.64907	  4.52053	  4.72037
 77416	  3.33158	 -0.67642	  4.51642	  4.71627
 77417	  3.32458	 -0.66013	  4.53272	  4.73257
 77418	  3.32458	 -0.66013	  4.53272	  4.73257
 77419	  3.26942	 -0.64904	  4.52049	  4.72033
 77420	  3.2696	 -0.64907	  4.52053	  4.72037
 77421	  3.2696	 -0.64907	  4.52053	  4.72037
 77422	  3.26942	 -0.64904	  4.52049	  4.72033
 77423	  3.21341	 -0.63818	  4.50869	  4.70854
 77424	  3.21341	 -0.63818	  4.50869	  4.70854
 77425	  3.26942	 -0.64904	  4.52049	  4.72033
 77426	  3.21306	 -0.63811	  4.50862	  4.70847
 77427	  3.21341	 -0.63818	  4.50869	  4.70854
 77428	  3.21306	 -0.63811	  4.50862	  4.70847
 77429	  3.15616	 -0.62751	  4.49731	  4.69716
 77430	  3.15616	 -0.62751	  4.49731	  4.69716
 77431	  3.21306	 -0.63811	  4.50862	  4.70847
 77432	  3.15562	 -0.62741	  4.4972	  4.69705
 77433	  3.15616	 -0.62751	  4.49731	  4.69716
 77434	  3.15562	 -0.62741	  4.4972	  4.69705
 77435	  3.15545	 -0.62738	  4.49717	  4.69702
 77436	  3.15545	 -0.62738	  4.49717	  4.69702
 77437	  3.15562	 -0.62741	  4.4972	  4.69705
 77438	  3.15553	 -0.62739	  4.49719	  4.69704
 77439	  3.15545	 -0.62738	  4.49717	  4.69702
 77440	  3.15553	 -0.62739	  4.49719	  4.69704
 77441	  3.09722	 -0.61699	  4.48632	  4.68617
 77442	  3.09722	 -0.61699	  4.48632	  4.68617
 77443	  3.15553	 -0.62739	  4.49719	  4.69704
 77444	  3.09713	 -0.61697	  4.4863	  4.68615
 77445	  3.09722	 -0.61699	  4.48632	  4.68617
 77446	  3.09713	 -0.61697	  4.4863	  4.68615
 77447	  3.09704	 -0.61696	  4.48629	  4.68614
 77448	  3.09722	 -0.61699	  4.48632	  4.68617
 77449	  3.09704	 -0.61696	  4.48629	  4.68614
 77450	  3.09649	 -0.61686	  4.48619	  4.68604
 77451	  3.09649	 -0.61686	  4.48619	  4.68604
 77452	  3.09704	 -0.61696	  4.48629	  4.68614
 77453	  3.03783	 -0.60689	  4.47603	  4.67587
 77454	  3.09649	 -0.61686	  4.48619	  4.68604
 77455	  3.03783	 -0.60689	  4.47603	  4.67587
 77456	  3.03746	 -0.60683	  4.47596	  4.67581
 77457	  3.03746	 -0.60683	  4.47596	  4.67581
 77458	  3.03783	 -0.60689	  4.47603	  4.67587
 77459	  2.97791	 -0.59724	  4.46646	  4.66631
 77460	  3.03746	 -0.60683	  4.47596	  4.67581
 77461	  2.97791	 -0.59724	  4.46646	  4.66631
 77462	  2.97772	 -0.59721	  4.46643	  4.66628
 77463	  2.97772	 -0.59721	  4.46643	  4.66628
 77464	  2.97791	 -0.59724	  4.46646	  4.66631
 77465	  2.91743	 -0.58806	  4.45768	  4.65753
 77466	  2.97772	 -0.59721	  4.46643	  4.66628
 77467	  2.91743	 -0.58806	  4.45768	  4.65753
 77468	  2.98555	 -0.6139	  4.44939	  4.64924
 77469	  2.98555	 -0.6139	  4.44939	  4.64924
 77470	  2.91743	 -0.58806	  4.45768	  4.65753
 77471	  2.92478	 -0.60467	  4.44051	  4.64036
 77472	  2.92478	 -0.60467	  4.44051	  4.64036
 77473	  2.98555	 -0.6139	  4.44939	  4.64924
 77474	  2.98555	 -0.6139	  4.44939	  4.64924
 77475	  2.98555	 -0.6139	  4.44939	  4.64924
 77476	  2.98555	 -0.6139	  4.44939	  4.64924
 77477	  3.04566	 -0.62359	  4.45913	  4.65898
 77478	  3.04566	 -0.62359	  4.45913	  4.65898
 77479	  2.98555	 -0.6139	  4.44939	  4.64924
 77480	  3.04566	 -0.62359	  4.45913	  4.65898
 77481	  3.04566	 -0.62359	  4.45913	  4.65898
 77482	  3.04566	 -0.62359	  4.45913	  4.65898
 77483	  3.10492	 -0.63366	  4.4696	  4.66945
 77484	  3.10492	 -0.63366	  4.4696	  4.66945
 77485	  3.04566	 -0.62359	  4.45913	  4.65898
 77486	  3.10492	 -0.63366	  4.4696	  4.66945
 77487	  3.10492	 -0.63366	  4.4696	  4.66945
 77488	  3.10492	 -0.63366	  4.4696	  4.66945
 77489	  3.10565	 -0.63378	  4.46974	  4.66959
 77490	  3.10565	 -0.63378	  4.46974	  4.66959
 77491	  3.10492	 -0.63366	  4.4696	  4.66945
 77492	  3.10565	 -0.63378	  4.46974	  4.66959
 77493	  3.10565	 -0.63378	  4.46974	  4.66959
 77494	  3.10565	 -0.63378	  4.46974	  4.66959
 77495	  3.16391	 -0.64416	  4.48081	  4.68066
 77496	  3.16391	 -0.64416	  4.48081	  4.68066
 77497	  3.10565	 -0.63378	  4.46974	  4.66959
 77498	  3.16391	 -0.64416	  4.48081	  4.68066
 77499	  3.16391	 -0.64416	  4.48081	  4.68066
 77500	  3.16391	 -0.64416	  4.48081	  4.68066
 77501	  3.16463	 -0.64429	  4.48096	  4.6808
 77502	  3.16391	 -0.64416	  4.48081	  4.68066
 77503	  3.16463	 -0.64429	  4.48096	  4.6808
 77504	  3.16463	 -0.64429	  4.48096	  4.6808
 77505	  3.16463	 -0.64429	  4.48096	  4.6808
 77506	  3.16463	 -0.64429	  4.48096	  4.6808
 77507	  3.22168	 -0.65489	  4.49249	  4.69234
 77508	  3.16463	 -0.64429	  4.48096	  4.6808
 77509	  3.22168	 -0.65489	  4.49249	  4.69234
 77510	  3.22168	 -0.65489	  4.49249	  4.69234
 77511	  3.22168	 -0.65489	  4.49249	  4.69234
 77512	  3.22168	 -0.65489	  4.49249	  4.69234
 77513	  3.27739	 -0.66563	  4.50436	  4.70421
 77514	  3.22168	 -0.65489	  4.49249	  4.69234
 77515	  3.27739	 -0.66563	  4.50436	  4.70421
 77516	  3.27739	 -0.66563	  4.50436	  4.70421
 77517	  3.27739	 -0.66563	  4.50436	  4.70421
 77518	  3.27739	 -0.66563	  4.50436	  4.70421
 77519	  3.33158	 -0.67642	  4.51642	  4.71627
 77520	  3.27739	 -0.66563	  4.50436	  4.70421
 77521	  3.2696	 -0.64907	  4.52053	  4.72037
 77522	  3.21341	 -0.63818	  4.50869	  4.70854
 77523	  3.27739	 -0.66563	  4.50436	  4.70421
 77524	  3.21341	 -0.63818	  4.50869	  4.70854
 77525	  3.22168	 -0.65489	  4.49249	  4.69234
 77526	  3.22168	 -0.65489	  4.49249	  4.69234
 77527	  3.21341	 -0.63818	  4.50869	  4.70854
 77528	  3.15616	 -0.62751	  4.49731	  4.69716
 77529	  3.22168	 -0.65489	  4.49249	  4.69234
 77530	  3.15616	 -0.62751	  4.49731	  4.69716
 77531	  3.16463	 -0.64429	  4.48096	  4.6808
 77532	  3.16463	 -0.64429	  4.48096	  4.6808
 77533	  3.15616	 -0.62751	  4.49731	  4.69716
 77534	  3.15545	 -0.62738	  4.49717	  4.69702
 77535	  3.16463	 -0.64429	  4.48096	  4.6808
 77536	  3.15545	 -0.62738	  4.49717	  4.69702
 77537	  3.16391	 -0.64416	  4.48081	  4.68066
 77538	  3.16391	 -0.64416	  4.48081	  4.68066
 77539	  3.15545	 -0.62738	  4.49717	  4.69702
 77540	  3.09722	 -0.61699	  4.48632	  4.68617
 77541	  3.16391	 -0.64416	  4.48081	  4.68066
 77542	  3.09722	 -0.61699	  4.48632	  4.68617
 77543	  3.10565	 -0.63378	  4.46974	  4.66959
 77544	  3.10565	 -0.63378	  4.46974	  4.66959
 77545	  3.09722	 -0.61699	  4.48632	  4.68617
 77546	  3.09649	 -0.61686	  4.48619	  4.68604
 77547	  3.10565	 -0.63378	  4.46974	  4.66959
 77548	  3.09649	 -0.61686	  4.48619	  4.68604
 77549	  3.10492	 -0.63366	  4.4696	  4.66945
 77550	  3.10492	 -0.63366	  4.4696	  4.66945
 77551	  3.09649	 -0.61686	  4.48619	  4.68604
 77552	  3.03746	 -0.60683	  4.47596	  4.67581
 77553	  3.10492	 -0.63366	  4.4696	  4.66945
 77554	  3.03746	 -0.60683	  4.47596	  4.67581
 77555	  3.04566	 -0.62359	  4.45913	  4.65898
 77556	  3.04566	 -0.62359	  4.45913	  4.65898
 77557	  3.03746	 -0.60683	  4.47596	  4.67581
 77558	  2.97772	 -0.59721	  4.46643	  4.66628
 77559	  3.04566	 -0.62359	  4.45913	  4.65898
 77560	  2.97772	 -0.59721	  4.46643	  4.66628
 77561	  2.98555	 -0.6139	  4.44939	  4.64924
 77562	  2.86409	 -0.59605	  4.43265	  4.6325
 77563	  2.92478	 -0.60467	  4.44051	  4.64036
 77564	  2.85727	 -0.57952	  4.44984	  4.64969
 77565	  2.85727	 -0.57952	  4.44984	  4.64969
 77566	  2.92478	 -0.60467	  4.44051	  4.64036
 77567	  2.91743	 -0.58806	  4.45768	  4.65753
 77568	  2.91743	 -0.58806	  4.45768	  4.65753
 77569	  2.85709	 -0.57949	  4.44981	  4.64966
 77570	  2.85727	 -0.57952	  4.44984	  4.64969
 77571	  2.85727	 -0.57952	  4.44984	  4.64969
 77572	  2.85709	 -0.57949	  4.44981	  4.64966
 77573	  2.79688	 -0.57148	  4.4428	  4.64265
 77574	  2.79688	 -0.57148	  4.4428	  4.64265
 77575	  2.85709	 -0.57949	  4.44981	  4.64966
 77576	  2.7965	 -0.57143	  4.44276	  4.64261
 77577	  2.79688	 -0.57148	  4.4428	  4.64265
 77578	  2.7965	 -0.57143	  4.44276	  4.64261
 77579	  2.7364	 -0.56393	  4.43653	  4.63638
 77580	  2.7364	 -0.56393	  4.43653	  4.63638
 77581	  2.7965	 -0.57143	  4.44276	  4.64261
 77582	  2.73584	 -0.56387	  4.43647	  4.63632
 77583	  2.7364	 -0.56393	  4.43653	  4.63638
 77584	  2.73584	 -0.56387	  4.43647	  4.63632
 77585	  2.73359	 -0.5636	  4.43626	  4.63611
 77586	  2.73359	 -0.5636	  4.43626	  4.63611
 77587	  2.73584	 -0.56387	  4.43647	  4.63632
 77588	  2.73368	 -0.56361	  4.43626	  4.63612
 77589	  2.73359	 -0.5636	  4.43626	  4.63611
 77590	  2.73368	 -0.56361	  4.43626	  4.63612
 77591	  2.67323	 -0.55655	  4.43075	  4.6306
 77592	  2.67323	 -0.55655	  4.43075	  4.6306
 77593	  2.73368	 -0.56361	  4.43626	  4.63612
 77594	  2.67314	 -0.55654	  4.43074	  4.63059
 77595	  2.67323	 -0.55655	  4.43075	  4.6306
 77596	  2.67314	 -0.55654	  4.43074	  4.63059
 77597	  2.67099	 -0.55629	  4.43056	  4.63041
 77598	  2.67323	 -0.55655	  4.43075	  4.6306
 77599	  2.67099	 -0.55629	  4.43056	  4.63041
 77600	  2.67043	 -0.55623	  4.43051	  4.63036
 77601	  2.67043	 -0.55623	  4.43051	  4.63036
 77602	  2.67099	 -0.55629	  4.43056	  4.63041
 77603	  2.61077	 -0.54971	  4.42575	  4.6256
 77604	  2.67043	 -0.55623	  4.43051	  4.63036
 77605	  2.61077	 -0.54971	  4.42575	  4.6256
 77606	  2.61039	 -0.54967	  4.42572	  4.62557
 77607	  2.61039	 -0.54967	  4.42572	  4.62557
 77608	  2.61077	 -0.54971	  4.42575	  4.6256
 77609	  2.55104	 -0.54356	  4.4216	  4.62145
 77610	  2.61039	 -0.54967	  4.42572	  4.62557
 77611	  2.55104	 -0.54356	  4.4216	  4.62145
 77612	  2.55086	 -0.54355	  4.42159	  4.62144
 77613	  2.55086	 -0.54355	  4.42159	  4.62144
 77614	  2.55104	 -0.54356	  4.4216	  4.62145
 77615	  2.49199	 -0.53785	  4.41806	  4.61791
 77616	  2.55086	 -0.54355	  4.42159	  4.62144
 77617	  2.49199	 -0.53785	  4.41806	  4.61791
 77618	  2.55698	 -0.55985	  4.4052	  4.60505
 77619	  2.55698	 -0.55985	  4.4052	  4.60505
 77620	  2.49199	 -0.53785	  4.41806	  4.61791
 77621	  2.49894	 -0.55413	  4.40176	  4.60161
 77622	  2.49894	 -0.55413	  4.40176	  4.60161
 77623	  2.55698	 -0.55985	  4.4052	  4.60505
 77624	  2.55698	 -0.55985	  4.4052	  4.60505
 77625	  2.55698	 -0.55985	  4.4052	  4.60505
 77626	  2.55698	 -0.55985	  4.4052	  4.60505
 77627	  2.6161	 -0.566	  4.40918	  4.60903
 77628	  2.6161	 -0.566	  4.40918	  4.60903
 77629	  2.55698	 -0.55985	  4.4052	  4.60505
 77630	  2.6161	 -0.566	  4.40918	  4.60903
 77631	  2.6161	 -0.566	  4.40918	  4.60903
 77632	  2.6161	 -0.566	  4.40918	  4.60903
 77633	  2.67608	 -0.5726	  4.41378	  4.61363
 77634	  2.67608	 -0.5726	  4.41378	  4.61363
 77635	  2.6161	 -0.566	  4.40918	  4.60903
 77636	  2.67608	 -0.5726	  4.41378	  4.61363
 77637	  2.67608	 -0.5726	  4.41378	  4.61363
 77638	  2.67608	 -0.5726	  4.41378	  4.61363
 77639	  2.67889	 -0.57292	  4.41401	  4.61386
 77640	  2.67889	 -0.57292	  4.41401	  4.61386
 77641	  2.67608	 -0.5726	  4.41378	  4.61363
 77642	  2.67889	 -0.57292	  4.41401	  4.61386
 77643	  2.67889	 -0.57292	  4.41401	  4.61386
 77644	  2.67889	 -0.57292	  4.41401	  4.61386
 77645	  2.73947	 -0.58001	  4.41932	  4.61917
 77646	  2.73947	 -0.58001	  4.41932	  4.61917
 77647	  2.67889	 -0.57292	  4.41401	  4.61386
 77648	  2.73947	 -0.58001	  4.41932	  4.61917
 77649	  2.73947	 -0.58001	  4.41932	  4.61917
 77650	  2.73947	 -0.58001	  4.41932	  4.61917
 77651	  2.7423	 -0.58036	  4.41959	  4.61944
 77652	  2.73947	 -0.58001	  4.41932	  4.61917
 77653	  2.7423	 -0.58036	  4.41959	  4.61944
 77654	  2.7423	 -0.58036	  4.41959	  4.61944
 77655	  2.7423	 -0.58036	  4.41959	  4.61944
 77656	  2.7423	 -0.58036	  4.41959	  4.61944
 77657	  2.80319	 -0.58795	  4.42571	  4.62556
 77658	  2.7423	 -0.58036	  4.41959	  4.61944
 77659	  2.80319	 -0.58795	  4.42571	  4.62556
 77660	  2.80319	 -0.58795	  4.42571	  4.62556
 77661	  2.80319	 -0.58795	  4.42571	  4.62556
 77662	  2.80319	 -0.58795	  4.42571	  4.62556
 77663	  2.86409	 -0.59605	  4.43265	  4.6325
 77664	  2.80319	 -0.58795	  4.42571	  4.62556
 77665	  2.86409	 -0.59605	  4.43265	  4.6325
 77666	  2.86409	 -0.59605	  4.43265	  4.6325
 77667	  2.86409	 -0.59605	  4.43265	  4.6325
 77668	  2.86409	 -0.59605	  4.43265	  4.6325
 77669	  2.92478	 -0.60467	  4.44051	  4.64036
 77670	  2.86409	 -0.59605	  4.43265	  4.6325
 77671	  2.85727	 -0.57952	  4.44984	  4.64969
 77672	  2.79688	 -0.57148	  4.4428	  4.64265
 77673	  2.86409	 -0.59605	  4.43265	  4.6325
 77674	  2.79688	 -0.57148	  4.4428	  4.64265
 77675	  2.80319	 -0.58795	  4.42571	  4.62556
 77676	  2.80319	 -0.58795	  4.42571	  4.62556
 77677	  2.79688	 -0.57148	  4.4428	  4.64265
 77678	  2.7364	 -0.56393	  4.43653	  4.63638
 77679	  2.80319	 -0.58795	  4.42571	  4.62556
 77680	  2.7364	 -0.56393	  4.43653	  4.63638
 77681	  2.7423	 -0.58036	  4.41959	  4.61944
 77682	  2.7423	 -0.58036	  4.41959	  4.61944
 77683	  2.7364	 -0.56393	  4.43653	  4.63638
 77684	  2.73359	 -0.5636	  4.43626	  4.63611
 77685	  2.7423	 -0.58036	  4.41959	  4.61944
 77686	  2.73359	 -0.5636	  4.43626	  4.63611
 77687	  2.73947	 -0.58001	  4.41932	  4.61917
 77688	  2.73947	 -0.58001	  4.41932	  4.61917
 77689	  2.73359	 -0.5636	  4.43626	  4.63611
 77690	  2.67323	 -0.55655	  4.43075	  4.6306
 77691	  2.73947	 -0.58001	  4.41932	  4.61917
 77692	  2.67323	 -0.55655	  4.43075	  4.6306
 77693	  2.67889	 -0.57292	  4.41401	  4.61386
 77694	  2.67889	 -0.57292	  4.41401	  4.61386
 77695	  2.67323	 -0.55655	  4.43075	  4.6306
 77696	  2.67043	 -0.55623	  4.43051	  4.63036
 77697	  2.67889	 -0.57292	  4.41401	  4.61386
 77698	  2.67043	 -0.55623	  4.43051	  4.63036
 77699	  2.67608	 -0.5726	  4.41378	  4.61363
 77700	  2.67608	 -0.5726	  4.41378	  4.61363
 77701	  2.67043	 -0.55623	  4.43051	  4.63036
 77702	  2.61039	 -0.54967	  4.42572	  4.62557
 77703	  2.67608	 -0.5726	  4.41378	  4.61363
 77704	  2.61039	 -0.54967	  4.42572	  4.62557
 77705	  2.6161	 -0.566	  4.40918	  4.60903
 77706	  2.6161	 -0.566	  4.40918	  4.60903
 77707	  2.61039	 -0.54967	  4.42572	  4.62557
 77708	  2.55086	 -0.54355	  4.42159	  4.62144
 77709	  2.6161	 -0.566	  4.40918	  4.60903
 77710	  2.55086	 -0.54355	  4.42159	  4.62144
 77711	  2.55698	 -0.55985	  4.4052	  4.60505
 77712	  2.43475	 -0.54813	  4.39847	  4.59832
 77713	  2.49894	 -0.55413	  4.40176	  4.60161
 77714	  2.42655	 -0.53191	  4.41476	  4.61461
 77715	  2.42655	 -0.53191	  4.41476	  4.61461
 77716	  2.49894	 -0.55413	  4.40176	  4.60161
 77717	  2.49199	 -0.53785	  4.41806	  4.61791
 77718	  2.49199	 -0.53785	  4.41806	  4.61791
 77719	  2.41636	 -0.53101	  4.4143	  4.61415
 77720	  2.42655	 -0.53191	  4.41476	  4.61461
 77721	  2.42655	 -0.53191	  4.41476	  4.61461
 77722	  2.41636	 -0.53101	  4.4143	  4.61415
 77723	  2.38645	 -0.52843	  4.41302	  4.61287
 77724	  2.38645	 -0.52843	  4.41302	  4.61287
 77725	  2.41636	 -0.53101	  4.4143	  4.61415
 77726	  2.40143	 -0.52972	  4.41365	  4.6135
 77727	  2.38645	 -0.52843	  4.41302	  4.61287
 77728	  2.40143	 -0.52972	  4.41365	  4.6135
 77729	  2.32589	 -0.52338	  4.41077	  4.61062
 77730	  2.32589	 -0.52338	  4.41077	  4.61062
 77731	  2.40143	 -0.52972	  4.41365	  4.6135
 77732	  2.33054	 -0.52376	  4.41093	  4.61078
 77733	  2.32589	 -0.52338	  4.41077	  4.61062
 77734	  2.33054	 -0.52376	  4.41093	  4.61078
 77735	  2.27022	 -0.51889	  4.40906	  4.60891
 77736	  2.27022	 -0.51889	  4.40906	  4.60891
 77737	  2.33054	 -0.52376	  4.41093	  4.61078
 77738	  2.26606	 -0.51856	  4.40894	  4.60879
 77739	  2.27022	 -0.51889	  4.40906	  4.60891
 77740	  2.26606	 -0.51856	  4.40894	  4.60879
 77741	  2.21021	 -0.51413	  4.40758	  4.60744
 77742	  2.27022	 -0.51889	  4.40906	  4.60891
 77743	  2.21021	 -0.51413	  4.40758	  4.60744
 77744	  2.22087	 -0.51497	  4.40782	  4.60767
 77745	  2.22087	 -0.51497	  4.40782	  4.60767
 77746	  2.21021	 -0.51413	  4.40758	  4.60744
 77747	  2.20015	 -0.51333	  4.40738	  4.60723
 77748	  2.22087	 -0.51497	  4.40782	  4.60767
 77749	  2.20015	 -0.51333	  4.40738	  4.60723
 77750	  2.19361	 -0.5128	  4.40725	  4.6071
 77751	  2.19361	 -0.5128	  4.40725	  4.6071
 77752	  2.20015	 -0.51333	  4.40738	  4.60723
 77753	  2.15766	 -0.50986	  4.40662	  4.60647
 77754	  2.19361	 -0.5128	  4.40725	  4.6071
 77755	  2.15766	 -0.50986	  4.40662	  4.60647
 77756	  2.17242	 -0.52387	  4.39378	  4.59363
 77757	  2.17242	 -0.52387	  4.39378	  4.59363
 77758	  2.15766	 -0.50986	  4.40662	  4.60647
 77759	  2.11158	 -0.51738	  4.39545	  4.5953
 77760	  2.11158	 -0.51738	  4.39545	  4.5953
 77761	  2.17242	 -0.52387	  4.39378	  4.59363
 77762	  2.17242	 -0.52387	  4.39378	  4.59363
 77763	  2.17242	 -0.52387	  4.39378	  4.59363
 77764	  2.17242	 -0.52387	  4.39378	  4.59363
 77765	  2.21076	 -0.52769	  4.39334	  4.59319
 77766	  2.21076	 -0.52769	  4.39334	  4.59319
 77767	  2.17242	 -0.52387	  4.39378	  4.59363
 77768	  2.21076	 -0.52769	  4.39334	  4.59319
 77769	  2.21076	 -0.52769	  4.39334	  4.59319
 77770	  2.21076	 -0.52769	  4.39334	  4.59319
 77771	  2.27158	 -0.53343	  4.39352	  4.59337
 77772	  2.27158	 -0.53343	  4.39352	  4.59337
 77773	  2.21076	 -0.52769	  4.39334	  4.59319
 77774	  2.27158	 -0.53343	  4.39352	  4.59337
 77775	  2.27158	 -0.53343	  4.39352	  4.59337
 77776	  2.27158	 -0.53343	  4.39352	  4.59337
 77777	  2.33286	 -0.53898	  4.39469	  4.59455
 77778	  2.33286	 -0.53898	  4.39469	  4.59455
 77779	  2.27158	 -0.53343	  4.39352	  4.59337
 77780	  2.33286	 -0.53898	  4.39469	  4.59455
 77781	  2.33286	 -0.53898	  4.39469	  4.59455
 77782	  2.33286	 -0.53898	  4.39469	  4.59455
 77783	  2.39496	 -0.54453	  4.39676	  4.59661
 77784	  2.33286	 -0.53898	  4.39469	  4.59455
 77785	  2.39496	 -0.54453	  4.39676	  4.59661
 77786	  2.39496	 -0.54453	  4.39676	  4.59661
 77787	  2.39496	 -0.54453	  4.39676	  4.59661
 77788	  2.39496	 -0.54453	  4.39676	  4.59661
 77789	  2.43475	 -0.54813	  4.39847	  4.59832
 77790	  2.39496	 -0.54453	  4.39676	  4.59661
 77791	  2.43475	 -0.54813	  4.39847	  4.59832
 77792	  2.43475	 -0.54813	  4.39847	  4.59832
 77793	  2.43475	 -0.54813	  4.39847	  4.59832
 77794	  2.43475	 -0.54813	  4.39847	  4.59832
 77795	  2.49894	 -0.55413	  4.40176	  4.60161
 77796	  2.43475	 -0.54813	  4.39847	  4.59832
 77797	  2.42655	 -0.53191	  4.41476	  4.61461
 77798	  2.38645	 -0.52843	  4.41302	  4.61287
 77799	  2.43475	 -0.54813	  4.39847	  4.59832
 77800	  2.38645	 -0.52843	  4.41302	  4.61287
 77801	  2.39496	 -0.54453	  4.39676	  4.59661
 77802	  2.39496	 -0.54453	  4.39676	  4.59661
 77803	  2.38645	 -0.52843	  4.41302	  4.61287
 77804	  2.32589	 -0.52338	  4.41077	  4.61062
 77805	  2.39496	 -0.54453	  4.39676	  4.59661
 77806	  2.32589	 -0.52338	  4.41077	  4.61062
 77807	  2.33286	 -0.53898	  4.39469	  4.59455
 77808	  2.33286	 -0.53898	  4.39469	  4.59455
 77809	  2.32589	 -0.52338	  4.41077	  4.61062
 77810	  2.27022	 -0.51889	  4.40906	  4.60891
 77811	  2.33286	 -0.53898	  4.39469	  4.59455
 77812	  2.27022	 -0.51889	  4.40906	  4.60891
 77813	  2.27158	 -0.53343	  4.39352	  4.59337
 77814	  2.27158	 -0.53343	  4.39352	  4.59337
 77815	  2.27022	 -0.51889	  4.40906	  4.60891
 77816	  2.22087	 -0.51497	  4.40782	  4.60767
 77817	  2.27158	 -0.53343	  4.39352	  4.59337
 77818	  2.22087	 -0.51497	  4.40782	  4.60767
 77819	  2.21076	 -0.52769	  4.39334	  4.59319
 77820	  2.21076	 -0.52769	  4.39334	  4.59319
 77821	  2.22087	 -0.51497	  4.40782	  4.60767
 77822	  2.19361	 -0.5128	  4.40725	  4.6071
 77823	  2.21076	 -0.52769	  4.39334	  4.59319
 77824	  2.19361	 -0.5128	  4.40725	  4.6071
 77825	  2.17242	 -0.52387	  4.39378	  4.59363
 77826	  4.61327	 -0.91757	  5.28993	  5.48975
 77827	  4.607	 -0.82884	  5.32057	  5.52039
 77828	  4.59964	 -0.80565	  5.31387	  5.51369
 77829	  4.59964	 -0.80565	  5.31387	  5.51369
 77830	  4.607	 -0.82884	  5.32057	  5.52039
 77831	  4.59813	 -0.78499	  5.32091	  5.52072
 77832	  4.59813	 -0.78499	  5.32091	  5.52072
 77833	  4.607	 -0.82884	  5.32057	  5.52039
 77834	  4.60543	 -0.80685	  5.32728	  5.5271
 77835	  4.59813	 -0.78499	  5.32091	  5.52072
 77836	  4.60543	 -0.80685	  5.32728	  5.5271
 77837	  4.59103	 -0.69735	  5.34918	  5.549
 77838	  4.59103	 -0.69735	  5.34918	  5.549
 77839	  4.60543	 -0.80685	  5.32728	  5.5271
 77840	  4.59841	 -0.71539	  5.35396	  5.55378
 77841	  4.59103	 -0.69735	  5.34918	  5.549
 77842	  4.59841	 -0.71539	  5.35396	  5.55378
 77843	  4.5965	 -0.69308	  5.36053	  5.56035
 77844	  4.59103	 -0.69735	  5.34918	  5.549
 77845	  4.5965	 -0.69308	  5.36053	  5.56035
 77846	  4.58909	 -0.6758	  5.3561	  5.55592
 77847	  4.58909	 -0.6758	  5.3561	  5.55592
 77848	  4.5965	 -0.69308	  5.36053	  5.56035
 77849	  4.58747	 -0.60161	  5.39001	  5.58983
 77850	  4.58747	 -0.60161	  5.39001	  5.58983
 77851	  4.58289	 -0.59318	  5.38759	  5.58741
 77852	  4.58909	 -0.6758	  5.3561	  5.55592
 77853	  4.58909	 -0.6758	  5.3561	  5.55592
 77854	  4.58289	 -0.59318	  5.38759	  5.58741
 77855	  4.54922	 -0.59856	  5.33256	  5.53238
 77856	  4.54922	 -0.59856	  5.33256	  5.53238
 77857	  4.58289	 -0.59318	  5.38759	  5.58741
 77858	  4.52578	 -0.50517	  5.36014	  5.55996
 77859	  4.54922	 -0.59856	  5.33256	  5.53238
 77860	  4.52578	 -0.50517	  5.36014	  5.55996
 77861	  4.51379	 -0.4907	  5.3547	  5.55452
 77862	  4.51379	 -0.4907	  5.3547	  5.55452
 77863	  4.53854	 -0.58478	  5.32512	  5.52494
 77864	  4.54922	 -0.59856	  5.33256	  5.53238
 77865	  4.54922	 -0.59856	  5.33256	  5.53238
 77866	  4.53854	 -0.58478	  5.32512	  5.52494
 77867	  4.55225	 -0.61752	  5.3253	  5.52512
 77868	  4.55225	 -0.61752	  5.3253	  5.52512
 77869	  4.53854	 -0.58478	  5.32512	  5.52494
 77870	  4.54109	 -0.59753	  5.32044	  5.52026
 77871	  4.55225	 -0.61752	  5.3253	  5.52512
 77872	  4.54109	 -0.59753	  5.32044	  5.52026
 77873	  4.56069	 -0.68851	  5.29509	  5.49491
 77874	  4.56069	 -0.68851	  5.29509	  5.49491
 77875	  4.54109	 -0.59753	  5.32044	  5.52026
 77876	  4.5515	 -0.67036	  5.28938	  5.4892
 77877	  4.56069	 -0.68851	  5.29509	  5.49491
 77878	  4.5515	 -0.67036	  5.28938	  5.4892
 77879	  4.55241	 -0.68054	  5.28436	  5.48418
 77880	  4.56069	 -0.68851	  5.29509	  5.49491
 77881	  4.55241	 -0.68054	  5.28436	  5.48418
 77882	  4.56192	 -0.70415	  5.28755	  5.48737
 77883	  4.56192	 -0.70415	  5.28755	  5.48737
 77884	  4.55241	 -0.68054	  5.28436	  5.48418
 77885	  4.55608	 -0.74156	  5.25042	  5.45024
 77886	  4.55608	 -0.74156	  5.25042	  5.45024
 77887	  4.56455	 -0.7626	  5.25501	  5.45483
 77888	  4.56192	 -0.70415	  5.28755	  5.48737
 77889	  4.56192	 -0.70415	  5.28755	  5.48737
 77890	  4.56455	 -0.7626	  5.25501	  5.45483
 77891	  4.59964	 -0.80565	  5.31387	  5.51369
 77892	  4.59964	 -0.80565	  5.31387	  5.51369
 77893	  4.56455	 -0.7626	  5.25501	  5.45483
 77894	  4.60504	 -0.88589	  5.28278	  5.4826
 77895	  4.59964	 -0.80565	  5.31387	  5.51369
 77896	  4.60504	 -0.88589	  5.28278	  5.4826
 77897	  4.61327	 -0.91757	  5.28993	  5.48975
 77898	  4.59964	 -0.80565	  5.31387	  5.51369
 77899	  4.59813	 -0.78499	  5.32091	  5.52072
 77900	  4.56192	 -0.70415	  5.28755	  5.48737
 77901	  4.56192	 -0.70415	  5.28755	  5.48737
 77902	  4.59813	 -0.78499	  5.32091	  5.52072
 77903	  4.56069	 -0.68851	  5.29509	  5.49491
 77904	  4.59813	 -0.78499	  5.32091	  5.52072
 77905	  4.55225	 -0.61752	  5.3253	  5.52512
 77906	  4.56069	 -0.68851	  5.29509	  5.49491
 77907	  4.59813	 -0.78499	  5.32091	  5.52072
 77908	  4.59103	 -0.69735	  5.34918	  5.549
 77909	  4.55225	 -0.61752	  5.3253	  5.52512
 77910	  4.55225	 -0.61752	  5.3253	  5.52512
 77911	  4.59103	 -0.69735	  5.34918	  5.549
 77912	  4.58909	 -0.6758	  5.3561	  5.55592
 77913	  4.55225	 -0.61752	  5.3253	  5.52512
 77914	  4.58909	 -0.6758	  5.3561	  5.55592
 77915	  4.54922	 -0.59856	  5.33256	  5.53238
 77916	  4.59331	 -1.05234	  5.08086	  5.28069
 77917	  4.58939	 -1.04213	  5.08195	  5.28178
 77918	  4.57316	 -1.04496	  5.05213	  5.25196
 77919	  4.57316	 -1.04496	  5.05213	  5.25196
 77920	  4.58939	 -1.04213	  5.08195	  5.28178
 77921	  4.52522	 -0.93561	  5.06789	  5.26771
 77922	  4.52522	 -0.93561	  5.06789	  5.26771
 77923	  4.58939	 -1.04213	  5.08195	  5.28178
 77924	  4.53663	 -0.91801	  5.09418	  5.29401
 77925	  4.52522	 -0.93561	  5.06789	  5.26771
 77926	  4.53663	 -0.91801	  5.09418	  5.29401
 77927	  4.53097	 -0.90626	  5.09553	  5.29535
 77928	  4.53097	 -0.90626	  5.09553	  5.29535
 77929	  4.51388	 -0.92043	  5.06614	  5.26597
 77930	  4.52522	 -0.93561	  5.06789	  5.26771
 77931	  4.52522	 -0.93561	  5.06789	  5.26771
 77932	  4.51388	 -0.92043	  5.06614	  5.26597
 77933	  4.51071	 -0.94276	  5.04669	  5.24652
 77934	  4.51071	 -0.94276	  5.04669	  5.24652
 77935	  4.51388	 -0.92043	  5.06614	  5.26597
 77936	  4.5074	 -0.9239	  5.05682	  5.25665
 77937	  4.51071	 -0.94276	  5.04669	  5.24652
 77938	  4.5074	 -0.9239	  5.05682	  5.25665
 77939	  4.4881	 -0.9489	  5.01915	  5.21898
 77940	  4.4881	 -0.9489	  5.01915	  5.21898
 77941	  4.5074	 -0.9239	  5.05682	  5.25665
 77942	  4.48198	 -0.93231	  5.02544	  5.22527
 77943	  4.4881	 -0.9489	  5.01915	  5.21898
 77944	  4.48198	 -0.93231	  5.02544	  5.22527
 77945	  4.46023	 -0.95187	  4.99047	  5.1903
 77946	  4.46023	 -0.95187	  4.99047	  5.1903
 77947	  4.48198	 -0.93231	  5.02544	  5.22527
 77948	  4.44952	 -0.93628	  4.99244	  5.19227
 77949	  4.46023	 -0.95187	  4.99047	  5.1903
 77950	  4.44952	 -0.93628	  4.99244	  5.19227
 77951	  4.4094	 -0.93577	  4.95775	  5.15758
 77952	  4.46023	 -0.95187	  4.99047	  5.1903
 77953	  4.4094	 -0.93577	  4.95775	  5.15758
 77954	  4.42671	 -0.95162	  4.96059	  5.16042
 77955	  4.42671	 -0.95162	  4.96059	  5.16042
 77956	  4.4094	 -0.93577	  4.95775	  5.15758
 77957	  4.39547	 -0.93471	  4.94676	  5.14659
 77958	  4.42671	 -0.95162	  4.96059	  5.16042
 77959	  4.39547	 -0.93471	  4.94676	  5.14659
 77960	  4.39567	 -0.94907	  4.93586	  5.13569
 77961	  4.39567	 -0.94907	  4.93586	  5.13569
 77962	  4.39547	 -0.93471	  4.94676	  5.14659
 77963	  4.34447	 -0.92831	  4.90975	  5.10958
 77964	  4.34447	 -0.92831	  4.90975	  5.10958
 77965	  4.351	 -0.94291	  4.90366	  5.10349
 77966	  4.39567	 -0.94907	  4.93586	  5.13569
 77967	  4.39567	 -0.94907	  4.93586	  5.13569
 77968	  4.351	 -0.94291	  4.90366	  5.10349
 77969	  4.43472	 -1.04424	  4.90369	  5.10352
 77970	  4.43472	 -1.04424	  4.90369	  5.10352
 77971	  4.351	 -0.94291	  4.90366	  5.10349
 77972	  4.38624	 -1.03486	  4.86844	  5.06827
 77973	  4.43472	 -1.04424	  4.90369	  5.10352
 77974	  4.38624	 -1.03486	  4.86844	  5.06827
 77975	  4.39195	 -1.05154	  4.86251	  5.06235
 77976	  4.39195	 -1.05154	  4.86251	  5.06235
 77977	  4.4409	 -1.06117	  4.89825	  5.09809
 77978	  4.43472	 -1.04424	  4.90369	  5.10352
 77979	  4.43472	 -1.04424	  4.90369	  5.10352
 77980	  4.4409	 -1.06117	  4.89825	  5.09809
 77981	  4.46833	 -1.04922	  4.9309	  5.13073
 77982	  4.46833	 -1.04922	  4.9309	  5.13073
 77983	  4.4409	 -1.06117	  4.89825	  5.09809
 77984	  4.47475	 -1.06629	  4.92587	  5.1257
 77985	  4.46833	 -1.04922	  4.9309	  5.13073
 77986	  4.47475	 -1.06629	  4.92587	  5.1257
 77987	  4.50446	 -1.05246	  4.96402	  5.16385
 77988	  4.50446	 -1.05246	  4.96402	  5.16385
 77989	  4.47475	 -1.06629	  4.92587	  5.1257
 77990	  4.51106	 -1.06957	  4.95955	  5.15938
 77991	  4.50446	 -1.05246	  4.96402	  5.16385
 77992	  4.51106	 -1.06957	  4.95955	  5.15938
 77993	  4.53428	 -1.05248	  4.9962	  5.19603
 77994	  4.53428	 -1.05248	  4.9962	  5.19603
 77995	  4.51106	 -1.06957	  4.95955	  5.15938
 77996	  4.54091	 -1.06949	  4.99235	  5.19218
 77997	  4.53428	 -1.05248	  4.9962	  5.19603
 77998	  4.54091	 -1.06949	  4.99235	  5.19218
