 IDX	 gl_Position.x	 gl_Position.y	 gl_Position.z	 gl_Position.w
 0	 -3.82761	 -14.59715	  18.63909	  19.13332
 1	 -3.84421	 -14.53919	  18.59277	  19.08701
 2	 -3.80646	 -14.61697	  18.68984	  19.18405
 3	 -3.78303	 -14.64306	  18.74668	  19.24088
 4	 -3.80948	 -14.66574	  18.6905	  19.18471
 5	 -3.78283	 -14.59669	  18.74004	  19.23424
 5	 -3.78283	 -14.59669	  18.74004	  19.23424
 4	 -3.80948	 -14.66574	  18.6905	  19.18471
 6	 -3.80646	 -14.61697	  18.68984	  19.18405
 7	 -3.7564	 -14.57773	  18.79676	  19.29094
 8	 -3.78303	 -14.64306	  18.74668	  19.24088
 9	 -3.75903	 -14.53832	  18.78479	  19.27897
 9	 -3.75903	 -14.53832	  18.78479	  19.27897
 8	 -3.78303	 -14.64306	  18.74668	  19.24088
 10	 -3.78283	 -14.59669	  18.74004	  19.23424
 11	 -3.73739	 -14.44757	  18.8197	  19.31388
 9	 -3.75903	 -14.53832	  18.78479	  19.27897
 12	 -3.80646	 -14.61697	  18.68984	  19.18405
 13	 -3.84421	 -14.53919	  18.59277	  19.08701
 14	 -3.85463	 -14.44876	  18.55541	  19.04966
 12	 -3.80646	 -14.61697	  18.68984	  19.18405
 15	 -3.80948	 -14.66574	  18.6905	  19.18471
 16	 -3.83315	 -14.64357	  18.63371	  19.12794
 17	 -3.80646	 -14.61697	  18.68984	  19.18405
 17	 -3.80646	 -14.61697	  18.68984	  19.18405
 16	 -3.83315	 -14.64357	  18.63371	  19.12794
 18	 -3.82761	 -14.59715	  18.63909	  19.13332
 19	 -3.84691	 -14.63133	  18.75983	  19.25402
 20	 -3.87336	 -14.65401	  18.70364	  19.19785
 21	 -3.78303	 -14.64306	  18.74668	  19.24088
 21	 -3.78303	 -14.64306	  18.74668	  19.24088
 20	 -3.87336	 -14.65401	  18.70364	  19.19785
 22	 -3.80948	 -14.66574	  18.6905	  19.18471
 23	 -3.80646	 -14.61697	  18.68984	  19.18405
 24	 -3.75903	 -14.53832	  18.78479	  19.27897
 25	 -3.78283	 -14.59669	  18.74004	  19.23424
 26	 -3.75576	 -13.79797	  18.67876	  19.17298
 27	 -3.73461	 -13.81778	  18.7295	  19.22371
 23	 -3.80646	 -14.61697	  18.68984	  19.18405
 28	 -3.73219	 -14.47616	  18.83583	  19.33
 29	 -3.7564	 -14.57773	  18.79676	  19.29094
 30	 -3.73739	 -14.44757	  18.8197	  19.31388
 30	 -3.73739	 -14.44757	  18.8197	  19.31388
 29	 -3.7564	 -14.57773	  18.79676	  19.29094
 31	 -3.75903	 -14.53832	  18.78479	  19.27897
 32	 -3.82028	 -14.566	  18.8099	  19.30408
 33	 -3.84691	 -14.63133	  18.75983	  19.25402
 34	 -3.7564	 -14.57773	  18.79676	  19.29094
 34	 -3.7564	 -14.57773	  18.79676	  19.29094
 33	 -3.84691	 -14.63133	  18.75983	  19.25402
 35	 -3.78303	 -14.64306	  18.74668	  19.24088
 36	 -3.83315	 -14.64357	  18.63371	  19.12794
 37	 -3.85172	 -14.57871	  18.58187	  19.07611
 38	 -3.82761	 -14.59715	  18.63909	  19.13332
 38	 -3.82761	 -14.59715	  18.63909	  19.13332
 37	 -3.85172	 -14.57871	  18.58187	  19.07611
 39	 -3.84421	 -14.53919	  18.59277	  19.08701
 40	 -3.87336	 -14.65401	  18.70364	  19.19785
 41	 -3.89703	 -14.63184	  18.64685	  19.14108
 42	 -3.80948	 -14.66574	  18.6905	  19.18471
 42	 -3.80948	 -14.66574	  18.6905	  19.18471
 41	 -3.89703	 -14.63184	  18.64685	  19.14108
 43	 -3.83315	 -14.64357	  18.63371	  19.12794
 44	 -3.8638	 -14.64506	  18.76569	  19.25989
 45	 -3.89126	 -14.66862	  18.70734	  19.20155
 46	 -3.84691	 -14.63133	  18.75983	  19.25402
 46	 -3.84691	 -14.63133	  18.75983	  19.25402
 45	 -3.89126	 -14.66862	  18.70734	  19.20155
 47	 -3.87336	 -14.65401	  18.70364	  19.19785
 48	 -3.71276	 -14.34829	  18.86006	  19.35423
 49	 -3.73219	 -14.47616	  18.83583	  19.33
 50	 -3.72003	 -14.3333	  18.84136	  19.33553
 50	 -3.72003	 -14.3333	  18.84136	  19.33553
 49	 -3.73219	 -14.47616	  18.83583	  19.33
 51	 -3.73739	 -14.44757	  18.8197	  19.31388
 52	 -3.70002	 -14.20664	  18.8671	  19.36126
 53	 -3.71276	 -14.34829	  18.86006	  19.35423
 54	 -3.70865	 -14.20673	  18.84764	  19.3418
 54	 -3.70865	 -14.20673	  18.84764	  19.3418
 53	 -3.71276	 -14.34829	  18.86006	  19.35423
 55	 -3.72003	 -14.3333	  18.84136	  19.33553
 56	 -3.69522	 -14.06506	  18.85623	  19.3504
 57	 -3.70002	 -14.20664	  18.8671	  19.36126
 58	 -3.70437	 -14.08022	  18.83793	  19.3321
 58	 -3.70437	 -14.08022	  18.83793	  19.3321
 57	 -3.70002	 -14.20664	  18.8671	  19.36126
 59	 -3.70865	 -14.20673	  18.84764	  19.3418
 60	 -3.70759	 -13.96617	  18.81319	  19.30736
 61	 -3.69522	 -14.06506	  18.85623	  19.3504
 58	 -3.70437	 -14.08022	  18.83793	  19.3321
 62	 -3.69883	 -13.93743	  18.82854	  19.32271
 61	 -3.69522	 -14.06506	  18.85623	  19.3504
 60	 -3.70759	 -13.96617	  18.81319	  19.30736
 63	 -3.71049	 -13.83623	  18.78673	  19.28091
 64	 -3.69883	 -13.93743	  18.82854	  19.32271
 65	 -3.71801	 -13.87574	  18.77583	  19.27001
 65	 -3.71801	 -13.87574	  18.77583	  19.27001
 64	 -3.69883	 -13.93743	  18.82854	  19.32271
 66	 -3.70759	 -13.96617	  18.81319	  19.30736
 67	 -3.72907	 -13.77136	  18.73489	  19.22909
 68	 -3.71049	 -13.83623	  18.78673	  19.28091
 69	 -3.73461	 -13.81778	  18.7295	  19.22371
 69	 -3.73461	 -13.81778	  18.7295	  19.22371
 68	 -3.71049	 -13.83623	  18.78673	  19.28091
 70	 -3.71801	 -13.87574	  18.77583	  19.27001
 71	 -3.75274	 -13.74919	  18.6781	  19.17232
 72	 -3.72907	 -13.77136	  18.73489	  19.22909
 73	 -3.75576	 -13.79797	  18.67876	  19.17298
 73	 -3.75576	 -13.79797	  18.67876	  19.17298
 72	 -3.72907	 -13.77136	  18.73489	  19.22909
 74	 -3.73461	 -13.81778	  18.7295	  19.22371
 75	 -3.77918	 -13.77188	  18.62191	  19.11615
 76	 -3.75274	 -13.74919	  18.6781	  19.17232
 77	 -3.77939	 -13.81824	  18.62855	  19.12279
 77	 -3.77939	 -13.81824	  18.62855	  19.12279
 76	 -3.75274	 -13.74919	  18.6781	  19.17232
 78	 -3.75576	 -13.79797	  18.67876	  19.17298
 77	 -3.77939	 -13.81824	  18.62855	  19.12279
 78	 -3.75576	 -13.79797	  18.67876	  19.17298
 79	 -3.80646	 -14.61697	  18.68984	  19.18405
 80	 -3.85463	 -14.44876	  18.55541	  19.04966
 81	 -3.85785	 -14.33471	  18.53066	  19.02493
 79	 -3.80646	 -14.61697	  18.68984	  19.18405
 82	 -3.72003	 -14.3333	  18.84136	  19.33553
 83	 -3.73739	 -14.44757	  18.8197	  19.31388
 79	 -3.80646	 -14.61697	  18.68984	  19.18405
 84	 -3.84218	 -14.08163	  18.52724	  19.0215
 85	 -3.82482	 -13.96737	  18.54889	  19.04315
 79	 -3.80646	 -14.61697	  18.68984	  19.18405
 86	 -3.85356	 -14.20821	  18.52096	  19.01522
 87	 -3.84946	 -14.06664	  18.50853	  19.0028
 84	 -3.84218	 -14.08163	  18.52724	  19.0215
 88	 -3.86219	 -14.20829	  18.5015	  18.99577
 87	 -3.84946	 -14.06664	  18.50853	  19.0028
 86	 -3.85356	 -14.20821	  18.52096	  19.01522
 89	 -3.80582	 -13.8372	  18.57184	  19.06609
 90	 -3.77918	 -13.77188	  18.62191	  19.11615
 91	 -3.80319	 -13.87661	  18.58381	  19.07805
 91	 -3.80319	 -13.87661	  18.58381	  19.07805
 90	 -3.77918	 -13.77188	  18.62191	  19.11615
 92	 -3.77939	 -13.81824	  18.62855	  19.12279
 93	 -3.83003	 -13.93877	  18.53277	  19.02703
 94	 -3.80582	 -13.8372	  18.57184	  19.06609
 95	 -3.82482	 -13.96737	  18.54889	  19.04315
 95	 -3.82482	 -13.96737	  18.54889	  19.04315
 94	 -3.80582	 -13.8372	  18.57184	  19.06609
 96	 -3.80319	 -13.87661	  18.58381	  19.07805
 97	 -3.84946	 -14.06664	  18.50853	  19.0028
 98	 -3.83003	 -13.93877	  18.53277	  19.02703
 99	 -3.84218	 -14.08163	  18.52724	  19.0215
 99	 -3.84218	 -14.08163	  18.52724	  19.0215
 98	 -3.83003	 -13.93877	  18.53277	  19.02703
 100	 -3.82482	 -13.96737	  18.54889	  19.04315
 101	 -3.86699	 -14.34987	  18.51236	  19.00663
 102	 -3.86219	 -14.20829	  18.5015	  18.99577
 103	 -3.85785	 -14.33471	  18.53066	  19.02493
 103	 -3.85785	 -14.33471	  18.53066	  19.02493
 102	 -3.86219	 -14.20829	  18.5015	  18.99577
 104	 -3.85356	 -14.20821	  18.52096	  19.01522
 105	 -3.86338	 -14.4775	  18.54005	  19.03432
 106	 -3.86699	 -14.34987	  18.51236	  19.00663
 107	 -3.85463	 -14.44876	  18.55541	  19.04966
 107	 -3.85463	 -14.44876	  18.55541	  19.04966
 106	 -3.86699	 -14.34987	  18.51236	  19.00663
 108	 -3.85785	 -14.33471	  18.53066	  19.02493
 109	 -3.85172	 -14.57871	  18.58187	  19.07611
 110	 -3.86338	 -14.4775	  18.54005	  19.03432
 111	 -3.84421	 -14.53919	  18.59277	  19.08701
 111	 -3.84421	 -14.53919	  18.59277	  19.08701
 110	 -3.86338	 -14.4775	  18.54005	  19.03432
 112	 -3.85463	 -14.44876	  18.55541	  19.04966
 113	 -3.79606	 -14.46443	  18.84897	  19.34314
 114	 -3.82028	 -14.566	  18.8099	  19.30408
 115	 -3.73219	 -14.47616	  18.83583	  19.33
 115	 -3.73219	 -14.47616	  18.83583	  19.33
 114	 -3.82028	 -14.566	  18.8099	  19.30408
 116	 -3.7564	 -14.57773	  18.79676	  19.29094
 117	 -3.82028	 -14.566	  18.8099	  19.30408
 118	 -3.83613	 -14.57721	  18.81771	  19.31188
 119	 -3.84691	 -14.63133	  18.75983	  19.25402
 119	 -3.84691	 -14.63133	  18.75983	  19.25402
 118	 -3.83613	 -14.57721	  18.81771	  19.31188
 120	 -3.8638	 -14.64506	  18.76569	  19.25989
 121	 -3.89703	 -14.63184	  18.64685	  19.14108
 122	 -3.9156	 -14.56698	  18.59501	  19.08926
 123	 -3.83315	 -14.64357	  18.63371	  19.12794
 123	 -3.83315	 -14.64357	  18.63371	  19.12794
 122	 -3.9156	 -14.56698	  18.59501	  19.08926
 124	 -3.85172	 -14.57871	  18.58187	  19.07611
 125	 -3.89126	 -14.66862	  18.70734	  19.20155
 126	 -3.91584	 -14.64559	  18.64836	  19.14258
 127	 -3.87336	 -14.65401	  18.70364	  19.19785
 127	 -3.87336	 -14.65401	  18.70364	  19.19785
 126	 -3.91584	 -14.64559	  18.64836	  19.14258
 128	 -3.89703	 -14.63184	  18.64685	  19.14108
 129	 -3.90037	 -14.69147	  18.70923	  19.20344
 130	 -3.89126	 -14.66862	  18.70734	  19.20155
 131	 -3.87151	 -14.66671	  18.77056	  19.26475
 131	 -3.87151	 -14.66671	  18.77056	  19.26475
 130	 -3.89126	 -14.66862	  18.70734	  19.20155
 132	 -3.8638	 -14.64506	  18.76569	  19.25989
 133	 -3.77664	 -14.33656	  18.87321	  19.36737
 134	 -3.79606	 -14.46443	  18.84897	  19.34314
 135	 -3.71276	 -14.34829	  18.86006	  19.35423
 135	 -3.71276	 -14.34829	  18.86006	  19.35423
 134	 -3.79606	 -14.46443	  18.84897	  19.34314
 136	 -3.73219	 -14.47616	  18.83583	  19.33
 137	 -3.7639	 -14.19491	  18.88024	  19.3744
 138	 -3.77664	 -14.33656	  18.87321	  19.36737
 139	 -3.70002	 -14.20664	  18.8671	  19.36126
 139	 -3.70002	 -14.20664	  18.8671	  19.36126
 138	 -3.77664	 -14.33656	  18.87321	  19.36737
 140	 -3.71276	 -14.34829	  18.86006	  19.35423
 141	 -3.7591	 -14.05333	  18.86938	  19.36354
 142	 -3.7639	 -14.19491	  18.88024	  19.3744
 143	 -3.69522	 -14.06506	  18.85623	  19.3504
 143	 -3.69522	 -14.06506	  18.85623	  19.3504
 142	 -3.7639	 -14.19491	  18.88024	  19.3744
 144	 -3.70002	 -14.20664	  18.8671	  19.36126
 145	 -3.76271	 -13.9257	  18.84169	  19.33585
 146	 -3.7591	 -14.05333	  18.86938	  19.36354
 147	 -3.69883	 -13.93743	  18.82854	  19.32271
 147	 -3.69883	 -13.93743	  18.82854	  19.32271
 146	 -3.7591	 -14.05333	  18.86938	  19.36354
 148	 -3.69522	 -14.06506	  18.85623	  19.3504
 149	 -3.77437	 -13.8245	  18.79987	  19.29405
 150	 -3.76271	 -13.9257	  18.84169	  19.33585
 151	 -3.71049	 -13.83623	  18.78673	  19.28091
 151	 -3.71049	 -13.83623	  18.78673	  19.28091
 150	 -3.76271	 -13.9257	  18.84169	  19.33585
 152	 -3.69883	 -13.93743	  18.82854	  19.32271
 153	 -3.79295	 -13.75963	  18.74803	  19.24223
 154	 -3.77437	 -13.8245	  18.79987	  19.29405
 155	 -3.72907	 -13.77136	  18.73489	  19.22909
 155	 -3.72907	 -13.77136	  18.73489	  19.22909
 154	 -3.77437	 -13.8245	  18.79987	  19.29405
 156	 -3.71049	 -13.83623	  18.78673	  19.28091
 157	 -3.81662	 -13.73746	  18.69124	  19.18546
 158	 -3.79295	 -13.75963	  18.74803	  19.24223
 159	 -3.75274	 -13.74919	  18.6781	  19.17232
 159	 -3.75274	 -13.74919	  18.6781	  19.17232
 158	 -3.79295	 -13.75963	  18.74803	  19.24223
 160	 -3.72907	 -13.77136	  18.73489	  19.22909
 161	 -3.84306	 -13.76015	  18.63506	  19.12929
 162	 -3.81662	 -13.73746	  18.69124	  19.18546
 163	 -3.77918	 -13.77188	  18.62191	  19.11615
 163	 -3.77918	 -13.77188	  18.62191	  19.11615
 162	 -3.81662	 -13.73746	  18.69124	  19.18546
 164	 -3.75274	 -13.74919	  18.6781	  19.17232
 165	 -3.86969	 -13.82547	  18.58498	  19.07923
 166	 -3.84306	 -13.76015	  18.63506	  19.12929
 167	 -3.80582	 -13.8372	  18.57184	  19.06609
 167	 -3.80582	 -13.8372	  18.57184	  19.06609
 166	 -3.84306	 -13.76015	  18.63506	  19.12929
 168	 -3.77918	 -13.77188	  18.62191	  19.11615
 169	 -3.89391	 -13.92704	  18.54591	  19.04017
 170	 -3.86969	 -13.82547	  18.58498	  19.07923
 171	 -3.83003	 -13.93877	  18.53277	  19.02703
 171	 -3.83003	 -13.93877	  18.53277	  19.02703
 170	 -3.86969	 -13.82547	  18.58498	  19.07923
 172	 -3.80582	 -13.8372	  18.57184	  19.06609
 173	 -3.91334	 -14.05491	  18.52168	  19.01594
 174	 -3.89391	 -13.92704	  18.54591	  19.04017
 175	 -3.84946	 -14.06664	  18.50853	  19.0028
 175	 -3.84946	 -14.06664	  18.50853	  19.0028
 174	 -3.89391	 -13.92704	  18.54591	  19.04017
 176	 -3.83003	 -13.93877	  18.53277	  19.02703
 177	 -3.92607	 -14.19656	  18.51465	  19.00891
 178	 -3.91334	 -14.05491	  18.52168	  19.01594
 179	 -3.86219	 -14.20829	  18.5015	  18.99577
 179	 -3.86219	 -14.20829	  18.5015	  18.99577
 178	 -3.91334	 -14.05491	  18.52168	  19.01594
 180	 -3.84946	 -14.06664	  18.50853	  19.0028
 181	 -3.93087	 -14.33814	  18.52551	  19.01977
 182	 -3.92607	 -14.19656	  18.51465	  19.00891
 183	 -3.86699	 -14.34987	  18.51236	  19.00663
 183	 -3.86699	 -14.34987	  18.51236	  19.00663
 182	 -3.92607	 -14.19656	  18.51465	  19.00891
 184	 -3.86219	 -14.20829	  18.5015	  18.99577
 185	 -3.92726	 -14.46577	  18.5532	  19.04746
 186	 -3.93087	 -14.33814	  18.52551	  19.01977
 187	 -3.86338	 -14.4775	  18.54005	  19.03432
 187	 -3.86338	 -14.4775	  18.54005	  19.03432
 186	 -3.93087	 -14.33814	  18.52551	  19.01977
 188	 -3.86699	 -14.34987	  18.51236	  19.00663
 189	 -3.9156	 -14.56698	  18.59501	  19.08926
 190	 -3.92726	 -14.46577	  18.5532	  19.04746
 191	 -3.85172	 -14.57871	  18.58187	  19.07611
 191	 -3.85172	 -14.57871	  18.58187	  19.07611
 190	 -3.92726	 -14.46577	  18.5532	  19.04746
 192	 -3.86338	 -14.4775	  18.54005	  19.03432
 193	 -3.79606	 -14.46443	  18.84897	  19.34314
 194	 -3.81098	 -14.47172	  18.85828	  19.35245
 195	 -3.82028	 -14.566	  18.8099	  19.30408
 195	 -3.82028	 -14.566	  18.8099	  19.30408
 194	 -3.81098	 -14.47172	  18.85828	  19.35245
 196	 -3.83613	 -14.57721	  18.81771	  19.31188
 197	 -3.83613	 -14.57721	  18.81771	  19.31188
 198	 -3.84244	 -14.59541	  18.82522	  19.3194
 199	 -3.8638	 -14.64506	  18.76569	  19.25989
 199	 -3.8638	 -14.64506	  18.76569	  19.25989
 198	 -3.84244	 -14.59541	  18.82522	  19.3194
 200	 -3.87151	 -14.66671	  18.77056	  19.26475
 201	 -3.89703	 -14.63184	  18.64685	  19.14108
 202	 -3.91584	 -14.64559	  18.64836	  19.14258
 203	 -3.9156	 -14.56698	  18.59501	  19.08926
 203	 -3.9156	 -14.56698	  18.59501	  19.08926
 202	 -3.91584	 -14.64559	  18.64836	  19.14258
 204	 -3.93514	 -14.57823	  18.59452	  19.08876
 205	 -3.92621	 -14.66727	  18.64725	  19.14147
 206	 -3.91584	 -14.64559	  18.64836	  19.14258
 207	 -3.90037	 -14.69147	  18.70923	  19.20344
 207	 -3.90037	 -14.69147	  18.70923	  19.20344
 206	 -3.91584	 -14.64559	  18.64836	  19.14258
 208	 -3.89126	 -14.66862	  18.70734	  19.20155
 209	 -3.87243	 -14.87604	  18.80054	  19.29472
 210	 -3.91401	 -14.91171	  18.71221	  19.20642
 211	 -3.87151	 -14.66671	  18.77056	  19.26475
 211	 -3.87151	 -14.66671	  18.77056	  19.26475
 210	 -3.91401	 -14.91171	  18.71221	  19.20642
 212	 -3.90037	 -14.69147	  18.70923	  19.20344
 213	 -3.77664	 -14.33656	  18.87321	  19.36737
 214	 -3.79081	 -14.33891	  18.88346	  19.37761
 215	 -3.79606	 -14.46443	  18.84897	  19.34314
 215	 -3.79606	 -14.46443	  18.84897	  19.34314
 214	 -3.79081	 -14.33891	  18.88346	  19.37761
 216	 -3.81098	 -14.47172	  18.85828	  19.35245
 217	 -3.7639	 -14.19491	  18.88024	  19.3744
 218	 -3.77758	 -14.19179	  18.89076	  19.38491
 219	 -3.77664	 -14.33656	  18.87321	  19.36737
 219	 -3.77664	 -14.33656	  18.87321	  19.36737
 218	 -3.77758	 -14.19179	  18.89076	  19.38491
 220	 -3.79081	 -14.33891	  18.88346	  19.37761
 221	 -3.7591	 -14.05333	  18.86938	  19.36354
 222	 -3.77259	 -14.04475	  18.87948	  19.37363
 223	 -3.7639	 -14.19491	  18.88024	  19.3744
 223	 -3.7639	 -14.19491	  18.88024	  19.3744
 222	 -3.77259	 -14.04475	  18.87948	  19.37363
 224	 -3.77758	 -14.19179	  18.89076	  19.38491
 225	 -3.76271	 -13.9257	  18.84169	  19.33585
 226	 -3.77634	 -13.91218	  18.85071	  19.34488
 227	 -3.7591	 -14.05333	  18.86938	  19.36354
 227	 -3.7591	 -14.05333	  18.86938	  19.36354
 226	 -3.77634	 -13.91218	  18.85071	  19.34488
 228	 -3.77259	 -14.04475	  18.87948	  19.37363
 229	 -3.77437	 -13.8245	  18.79987	  19.29405
 230	 -3.78845	 -13.80707	  18.80729	  19.30147
 231	 -3.76271	 -13.9257	  18.84169	  19.33585
 231	 -3.76271	 -13.9257	  18.84169	  19.33585
 230	 -3.78845	 -13.80707	  18.80729	  19.30147
 232	 -3.77634	 -13.91218	  18.85071	  19.34488
 233	 -3.79295	 -13.75963	  18.74803	  19.24223
 234	 -3.80775	 -13.73971	  18.75345	  19.24764
 235	 -3.77437	 -13.8245	  18.79987	  19.29405
 235	 -3.77437	 -13.8245	  18.79987	  19.29405
 234	 -3.80775	 -13.73971	  18.75345	  19.24764
 236	 -3.78845	 -13.80707	  18.80729	  19.30147
 237	 -3.81662	 -13.73746	  18.69124	  19.18546
 238	 -3.83233	 -13.71668	  18.69446	  19.18868
 239	 -3.79295	 -13.75963	  18.74803	  19.24223
 239	 -3.79295	 -13.75963	  18.74803	  19.24223
 238	 -3.83233	 -13.71668	  18.69446	  19.18868
 240	 -3.80775	 -13.73971	  18.75345	  19.24764
 241	 -3.84306	 -13.76015	  18.63506	  19.12929
 242	 -3.85979	 -13.74024	  18.63611	  19.13034
 243	 -3.81662	 -13.73746	  18.69124	  19.18546
 243	 -3.81662	 -13.73746	  18.69124	  19.18546
 242	 -3.85979	 -13.74024	  18.63611	  19.13034
 244	 -3.83233	 -13.71668	  18.69446	  19.18868
 245	 -3.86969	 -13.82547	  18.58498	  19.07923
 246	 -3.88746	 -13.80809	  18.5841	  19.07834
 247	 -3.84306	 -13.76015	  18.63506	  19.12929
 247	 -3.84306	 -13.76015	  18.63506	  19.12929
 246	 -3.88746	 -13.80809	  18.5841	  19.07834
 248	 -3.85979	 -13.74024	  18.63611	  19.13034
 249	 -3.89391	 -13.92704	  18.54591	  19.04017
 250	 -3.91261	 -13.91358	  18.54352	  19.03778
 251	 -3.86969	 -13.82547	  18.58498	  19.07923
 251	 -3.86969	 -13.82547	  18.58498	  19.07923
 250	 -3.91261	 -13.91358	  18.54352	  19.03778
 252	 -3.88746	 -13.80809	  18.5841	  19.07834
 253	 -3.91334	 -14.05491	  18.52168	  19.01594
 254	 -3.93278	 -14.04638	  18.51835	  19.01262
 255	 -3.89391	 -13.92704	  18.54591	  19.04017
 255	 -3.89391	 -13.92704	  18.54591	  19.04017
 254	 -3.93278	 -14.04638	  18.51835	  19.01262
 256	 -3.91261	 -13.91358	  18.54352	  19.03778
 257	 -3.92607	 -14.19656	  18.51465	  19.00891
 258	 -3.94601	 -14.19351	  18.51105	  19.00531
 259	 -3.91334	 -14.05491	  18.52168	  19.01594
 259	 -3.91334	 -14.05491	  18.52168	  19.01594
 258	 -3.94601	 -14.19351	  18.51105	  19.00531
 260	 -3.93278	 -14.04638	  18.51835	  19.01262
 261	 -3.93087	 -14.33814	  18.52551	  19.01977
 262	 -3.951	 -14.34055	  18.52233	  19.01659
 263	 -3.92607	 -14.19656	  18.51465	  19.00891
 263	 -3.92607	 -14.19656	  18.51465	  19.00891
 262	 -3.951	 -14.34055	  18.52233	  19.01659
 264	 -3.94601	 -14.19351	  18.51105	  19.00531
 265	 -3.92726	 -14.46577	  18.5532	  19.04746
 266	 -3.94725	 -14.47312	  18.55109	  19.04535
 267	 -3.93087	 -14.33814	  18.52551	  19.01977
 267	 -3.93087	 -14.33814	  18.52551	  19.01977
 266	 -3.94725	 -14.47312	  18.55109	  19.04535
 268	 -3.951	 -14.34055	  18.52233	  19.01659
 269	 -3.9156	 -14.56698	  18.59501	  19.08926
 270	 -3.93514	 -14.57823	  18.59452	  19.08876
 271	 -3.92726	 -14.46577	  18.5532	  19.04746
 271	 -3.92726	 -14.46577	  18.5532	  19.04746
 270	 -3.93514	 -14.57823	  18.59452	  19.08876
 272	 -3.94725	 -14.47312	  18.55109	  19.04535
 273	 -3.81098	 -14.47172	  18.85828	  19.35245
 274	 -3.816	 -14.48454	  18.86787	  19.36203
 275	 -3.83613	 -14.57721	  18.81771	  19.31188
 275	 -3.83613	 -14.57721	  18.81771	  19.31188
 274	 -3.816	 -14.48454	  18.86787	  19.36203
 276	 -3.84244	 -14.59541	  18.82522	  19.3194
 277	 -3.83056	 -14.77334	  18.87927	  19.37342
 278	 -3.87243	 -14.87604	  18.80054	  19.29472
 279	 -3.84244	 -14.59541	  18.82522	  19.3194
 279	 -3.84244	 -14.59541	  18.82522	  19.3194
 278	 -3.87243	 -14.87604	  18.80054	  19.29472
 280	 -3.87151	 -14.66671	  18.77056	  19.26475
 281	 -3.91584	 -14.64559	  18.64836	  19.14258
 282	 -3.92621	 -14.66727	  18.64725	  19.14147
 283	 -3.93514	 -14.57823	  18.59452	  19.08876
 283	 -3.93514	 -14.57823	  18.59452	  19.08876
 282	 -3.92621	 -14.66727	  18.64725	  19.14147
 284	 -3.94648	 -14.59647	  18.59066	  19.08491
 285	 -3.91401	 -14.91171	  18.71221	  19.20642
 286	 -3.95122	 -14.87685	  18.62293	  19.11717
 287	 -3.90037	 -14.69147	  18.70923	  19.20344
 287	 -3.90037	 -14.69147	  18.70923	  19.20344
 286	 -3.95122	 -14.87685	  18.62293	  19.11717
 288	 -3.92621	 -14.66727	  18.64725	  19.14147
 289	 -4.25128	 -15.26276	  18.94338	  19.43752
 290	 -4.32053	 -15.32217	  18.79625	  19.29043
 291	 -3.87243	 -14.87604	  18.80054	  19.29472
 291	 -3.87243	 -14.87604	  18.80054	  19.29472
 290	 -4.32053	 -15.32217	  18.79625	  19.29043
 292	 -3.91401	 -14.91171	  18.71221	  19.20642
 293	 -3.79081	 -14.33891	  18.88346	  19.37761
 294	 -3.7948	 -14.34497	  18.89432	  19.38847
 295	 -3.81098	 -14.47172	  18.85828	  19.35245
 295	 -3.81098	 -14.47172	  18.85828	  19.35245
 294	 -3.7948	 -14.34497	  18.89432	  19.38847
 296	 -3.816	 -14.48454	  18.86787	  19.36203
 297	 -3.77758	 -14.19179	  18.89076	  19.38491
 298	 -3.7809	 -14.19035	  18.902	  19.39614
 299	 -3.79081	 -14.33891	  18.88346	  19.37761
 299	 -3.79081	 -14.33891	  18.88346	  19.37761
 298	 -3.7809	 -14.19035	  18.902	  19.39614
 300	 -3.7948	 -14.34497	  18.89432	  19.38847
 301	 -3.77259	 -14.04475	  18.87948	  19.37363
 302	 -3.77566	 -14.03581	  18.89014	  19.38429
 303	 -3.77758	 -14.19179	  18.89076	  19.38491
 303	 -3.77758	 -14.19179	  18.89076	  19.38491
 302	 -3.77566	 -14.03581	  18.89014	  19.38429
 304	 -3.7809	 -14.19035	  18.902	  19.39614
 305	 -3.77634	 -13.91218	  18.85071	  19.34488
 306	 -3.7796	 -13.8965	  18.85991	  19.35407
 307	 -3.77259	 -14.04475	  18.87948	  19.37363
 307	 -3.77259	 -14.04475	  18.87948	  19.37363
 306	 -3.7796	 -13.8965	  18.85991	  19.35407
 308	 -3.77566	 -14.03581	  18.89014	  19.38429
 309	 -3.78845	 -13.80707	  18.80729	  19.30147
 310	 -3.79233	 -13.78603	  18.81427	  19.30845
 311	 -3.77634	 -13.91218	  18.85071	  19.34488
 311	 -3.77634	 -13.91218	  18.85071	  19.34488
 310	 -3.79233	 -13.78603	  18.81427	  19.30845
 312	 -3.7796	 -13.8965	  18.85991	  19.35407
 313	 -3.80775	 -13.73971	  18.75345	  19.24764
 314	 -3.8126	 -13.71523	  18.75769	  19.25188
 315	 -3.78845	 -13.80707	  18.80729	  19.30147
 315	 -3.78845	 -13.80707	  18.80729	  19.30147
 314	 -3.8126	 -13.71523	  18.75769	  19.25188
 316	 -3.79233	 -13.78603	  18.81427	  19.30845
 317	 -3.83233	 -13.71668	  18.69446	  19.18868
 318	 -3.83844	 -13.69103	  18.6957	  19.18991
 319	 -3.80775	 -13.73971	  18.75345	  19.24764
 319	 -3.80775	 -13.73971	  18.75345	  19.24764
 318	 -3.83844	 -13.69103	  18.6957	  19.18991
 320	 -3.8126	 -13.71523	  18.75769	  19.25188
 321	 -3.85979	 -13.74024	  18.63611	  19.13034
 322	 -3.8673	 -13.71579	  18.63437	  19.12861
 323	 -3.83233	 -13.71668	  18.69446	  19.18868
 323	 -3.83233	 -13.71668	  18.69446	  19.18868
 322	 -3.8673	 -13.71579	  18.63437	  19.12861
 324	 -3.83844	 -13.69103	  18.6957	  19.18991
 325	 -3.88746	 -13.80809	  18.5841	  19.07834
 326	 -3.89637	 -13.7871	  18.57971	  19.07396
 327	 -3.85979	 -13.74024	  18.63611	  19.13034
 327	 -3.85979	 -13.74024	  18.63611	  19.13034
 326	 -3.89637	 -13.7871	  18.57971	  19.07396
 328	 -3.8673	 -13.71579	  18.63437	  19.12861
 329	 -3.91261	 -13.91358	  18.54352	  19.03778
 330	 -3.92281	 -13.89796	  18.53707	  19.03133
 331	 -3.88746	 -13.80809	  18.5841	  19.07834
 331	 -3.88746	 -13.80809	  18.5841	  19.07834
 330	 -3.92281	 -13.89796	  18.53707	  19.03133
 332	 -3.89637	 -13.7871	  18.57971	  19.07396
 333	 -3.93278	 -14.04638	  18.51835	  19.01262
 334	 -3.94401	 -14.03754	  18.51061	  19.00488
 335	 -3.91261	 -13.91358	  18.54352	  19.03778
 335	 -3.91261	 -13.91358	  18.54352	  19.03778
 334	 -3.94401	 -14.03754	  18.51061	  19.00488
 336	 -3.92281	 -13.89796	  18.53707	  19.03133
 337	 -3.94601	 -14.19351	  18.51105	  19.00531
 338	 -3.95791	 -14.19216	  18.50294	  18.99721
 339	 -3.93278	 -14.04638	  18.51835	  19.01262
 339	 -3.93278	 -14.04638	  18.51835	  19.01262
 338	 -3.95791	 -14.19216	  18.50294	  18.99721
 340	 -3.94401	 -14.03754	  18.51061	  19.00488
 341	 -3.951	 -14.34055	  18.52233	  19.01659
 342	 -3.96315	 -14.34669	  18.5148	  19.00906
 343	 -3.94601	 -14.19351	  18.51105	  19.00531
 343	 -3.94601	 -14.19351	  18.51105	  19.00531
 342	 -3.96315	 -14.34669	  18.5148	  19.00906
 344	 -3.95791	 -14.19216	  18.50294	  18.99721
 345	 -3.951	 -14.34055	  18.52233	  19.01659
 346	 -3.94725	 -14.47312	  18.55109	  19.04535
 347	 -3.96315	 -14.34669	  18.5148	  19.00906
 347	 -3.96315	 -14.34669	  18.5148	  19.00906
 346	 -3.94725	 -14.47312	  18.55109	  19.04535
 348	 -3.95921	 -14.48601	  18.54502	  19.03928
 349	 -3.93514	 -14.57823	  18.59452	  19.08876
 350	 -3.94648	 -14.59647	  18.59066	  19.08491
 351	 -3.94725	 -14.47312	  18.55109	  19.04535
 351	 -3.94725	 -14.47312	  18.55109	  19.04535
 350	 -3.94648	 -14.59647	  18.59066	  19.08491
 352	 -3.95921	 -14.48601	  18.54502	  19.03928
 353	 -3.79249	 -14.61367	  18.94069	  19.43482
 354	 -3.83056	 -14.77334	  18.87927	  19.37342
 355	 -3.816	 -14.48454	  18.86787	  19.36203
 355	 -3.816	 -14.48454	  18.86787	  19.36203
 354	 -3.83056	 -14.77334	  18.87927	  19.37342
 356	 -3.84244	 -14.59541	  18.82522	  19.3194
 357	 -3.87243	 -14.87604	  18.80054	  19.29472
 358	 -3.83056	 -14.77334	  18.87927	  19.37342
 359	 -3.88158	 -14.88878	  18.82513	  19.3193
 359	 -3.88158	 -14.88878	  18.82513	  19.3193
 358	 -3.83056	 -14.77334	  18.87927	  19.37342
 360	 -3.85395	 -14.82125	  18.8771	  19.37126
 361	 -3.95122	 -14.87685	  18.62293	  19.11717
 362	 -3.98042	 -14.77488	  18.54144	  19.0357
 363	 -3.92621	 -14.66727	  18.64725	  19.14147
 363	 -3.92621	 -14.66727	  18.64725	  19.14147
 362	 -3.98042	 -14.77488	  18.54144	  19.0357
 364	 -3.94648	 -14.59647	  18.59066	  19.08491
 365	 -4.32053	 -15.32217	  18.79625	  19.29043
 366	 -4.38251	 -15.2641	  18.64753	  19.14176
 367	 -3.91401	 -14.91171	  18.71221	  19.20642
 367	 -3.91401	 -14.91171	  18.71221	  19.20642
 366	 -4.38251	 -15.2641	  18.64753	  19.14176
 368	 -3.95122	 -14.87685	  18.62293	  19.11717
 369	 -4.25128	 -15.26276	  18.94338	  19.43752
 370	 -3.87243	 -14.87604	  18.80054	  19.29472
 371	 -4.20412	 -15.21012	  18.95244	  19.44658
 371	 -4.20412	 -15.21012	  18.95244	  19.44658
 370	 -3.87243	 -14.87604	  18.80054	  19.29472
 372	 -3.88158	 -14.88878	  18.82513	  19.3193
 373	 -4.25199	 -15.42433	  18.96652	  19.46065
 374	 -4.33105	 -15.49215	  18.79855	  19.29273
 375	 -4.25128	 -15.26276	  18.94338	  19.43752
 375	 -4.25128	 -15.26276	  18.94338	  19.43752
 374	 -4.33105	 -15.49215	  18.79855	  19.29273
 376	 -4.32053	 -15.32217	  18.79625	  19.29043
 377	 -3.76195	 -14.41265	  18.97879	  19.47292
 378	 -3.79249	 -14.61367	  18.94069	  19.43482
 379	 -3.7948	 -14.34497	  18.89432	  19.38847
 379	 -3.7948	 -14.34497	  18.89432	  19.38847
 378	 -3.79249	 -14.61367	  18.94069	  19.43482
 380	 -3.816	 -14.48454	  18.86787	  19.36203
 381	 -3.74193	 -14.18995	  18.98984	  19.48396
 382	 -3.76195	 -14.41265	  18.97879	  19.47292
 383	 -3.7809	 -14.19035	  18.902	  19.39614
 383	 -3.7809	 -14.19035	  18.902	  19.39614
 382	 -3.76195	 -14.41265	  18.97879	  19.47292
 384	 -3.7948	 -14.34497	  18.89432	  19.38847
 385	 -3.73439	 -13.96738	  18.97276	  19.46689
 386	 -3.74193	 -14.18995	  18.98984	  19.48396
 387	 -3.77566	 -14.03581	  18.89014	  19.38429
 387	 -3.77566	 -14.03581	  18.89014	  19.38429
 386	 -3.74193	 -14.18995	  18.98984	  19.48396
 388	 -3.7809	 -14.19035	  18.902	  19.39614
 389	 -3.74006	 -13.76673	  18.92923	  19.42337
 390	 -3.73439	 -13.96738	  18.97276	  19.46689
 391	 -3.7796	 -13.8965	  18.85991	  19.35407
 391	 -3.7796	 -13.8965	  18.85991	  19.35407
 390	 -3.73439	 -13.96738	  18.97276	  19.46689
 392	 -3.77566	 -14.03581	  18.89014	  19.38429
 393	 -3.75839	 -13.60763	  18.8635	  19.35766
 394	 -3.74006	 -13.76673	  18.92923	  19.42337
 395	 -3.79233	 -13.78603	  18.81427	  19.30845
 395	 -3.79233	 -13.78603	  18.81427	  19.30845
 394	 -3.74006	 -13.76673	  18.92923	  19.42337
 396	 -3.7796	 -13.8965	  18.85991	  19.35407
 397	 -3.78759	 -13.50566	  18.782	  19.27619
 398	 -3.75839	 -13.60763	  18.8635	  19.35766
 399	 -3.8126	 -13.71523	  18.75769	  19.25188
 399	 -3.8126	 -13.71523	  18.75769	  19.25188
 398	 -3.75839	 -13.60763	  18.8635	  19.35766
 400	 -3.79233	 -13.78603	  18.81427	  19.30845
 401	 -3.8248	 -13.4708	  18.69272	  19.18694
 402	 -3.78759	 -13.50566	  18.782	  19.27619
 403	 -3.83844	 -13.69103	  18.6957	  19.18991
 403	 -3.83844	 -13.69103	  18.6957	  19.18991
 402	 -3.78759	 -13.50566	  18.782	  19.27619
 404	 -3.8126	 -13.71523	  18.75769	  19.25188
 405	 -3.86638	 -13.50646	  18.60439	  19.09863
 406	 -3.8248	 -13.4708	  18.69272	  19.18694
 407	 -3.8673	 -13.71579	  18.63437	  19.12861
 407	 -3.8673	 -13.71579	  18.63437	  19.12861
 406	 -3.8248	 -13.4708	  18.69272	  19.18694
 408	 -3.83844	 -13.69103	  18.6957	  19.18991
 409	 -3.90825	 -13.60916	  18.52567	  19.01993
 410	 -3.86638	 -13.50646	  18.60439	  19.09863
 411	 -3.89637	 -13.7871	  18.57971	  19.07396
 411	 -3.89637	 -13.7871	  18.57971	  19.07396
 410	 -3.86638	 -13.50646	  18.60439	  19.09863
 412	 -3.8673	 -13.71579	  18.63437	  19.12861
 413	 -3.94632	 -13.76883	  18.46425	  18.95853
 414	 -3.90825	 -13.60916	  18.52567	  19.01993
 415	 -3.92281	 -13.89796	  18.53707	  19.03133
 415	 -3.92281	 -13.89796	  18.53707	  19.03133
 414	 -3.90825	 -13.60916	  18.52567	  19.01993
 416	 -3.89637	 -13.7871	  18.57971	  19.07396
 417	 -3.97686	 -13.96986	  18.42615	  18.92044
 418	 -3.94632	 -13.76883	  18.46425	  18.95853
 419	 -3.94401	 -14.03754	  18.51061	  19.00488
 419	 -3.94401	 -14.03754	  18.51061	  19.00488
 418	 -3.94632	 -13.76883	  18.46425	  18.95853
 420	 -3.92281	 -13.89796	  18.53707	  19.03133
 421	 -3.99688	 -14.19256	  18.41509	  18.90939
 422	 -3.97686	 -13.96986	  18.42615	  18.92044
 423	 -3.95791	 -14.19216	  18.50294	  18.99721
 423	 -3.95791	 -14.19216	  18.50294	  18.99721
 422	 -3.97686	 -13.96986	  18.42615	  18.92044
 424	 -3.94401	 -14.03754	  18.51061	  19.00488
 425	 -4.00442	 -14.41512	  18.43217	  18.92646
 426	 -3.99688	 -14.19256	  18.41509	  18.90939
 427	 -3.96315	 -14.34669	  18.5148	  19.00906
 427	 -3.96315	 -14.34669	  18.5148	  19.00906
 426	 -3.99688	 -14.19256	  18.41509	  18.90939
 428	 -3.95791	 -14.19216	  18.50294	  18.99721
 429	 -3.99875	 -14.61578	  18.4757	  18.96998
 430	 -4.00442	 -14.41512	  18.43217	  18.92646
 431	 -3.95921	 -14.48601	  18.54502	  19.03928
 431	 -3.95921	 -14.48601	  18.54502	  19.03928
 430	 -4.00442	 -14.41512	  18.43217	  18.92646
 432	 -3.96315	 -14.34669	  18.5148	  19.00906
 433	 -3.98042	 -14.77488	  18.54144	  19.0357
 434	 -3.99875	 -14.61578	  18.4757	  18.96998
 435	 -3.94648	 -14.59647	  18.59066	  19.08491
 435	 -3.94648	 -14.59647	  18.59066	  19.08491
 434	 -3.99875	 -14.61578	  18.4757	  18.96998
 436	 -3.95921	 -14.48601	  18.54502	  19.03928
 437	 -4.11811	 -14.82571	  19.17684	  19.6709
 438	 -4.18153	 -15.09169	  19.07452	  19.56862
 439	 -3.79249	 -14.61367	  18.94069	  19.43482
 439	 -3.79249	 -14.61367	  18.94069	  19.43482
 438	 -4.18153	 -15.09169	  19.07452	  19.56862
 440	 -3.83056	 -14.77334	  18.87927	  19.37342
 441	 -3.88158	 -14.88878	  18.82513	  19.3193
 442	 -3.85395	 -14.82125	  18.8771	  19.37126
 443	 -3.88461	 -14.91327	  18.83686	  19.33103
 443	 -3.88461	 -14.91327	  18.83686	  19.33103
 442	 -3.85395	 -14.82125	  18.8771	  19.37126
 444	 -3.86108	 -14.85575	  18.88113	  19.37529
 445	 -4.18153	 -15.09169	  19.07452	  19.56862
 446	 -4.15811	 -15.09763	  19.03902	  19.53312
 447	 -3.83056	 -14.77334	  18.87927	  19.37342
 447	 -3.83056	 -14.77334	  18.87927	  19.37342
 446	 -4.15811	 -15.09763	  19.03902	  19.53312
 448	 -3.85395	 -14.82125	  18.8771	  19.37126
 449	 -4.38251	 -15.2641	  18.64753	  19.14176
 450	 -4.43115	 -15.09424	  18.51177	  19.00604
 451	 -3.95122	 -14.87685	  18.62293	  19.11717
 451	 -3.95122	 -14.87685	  18.62293	  19.11717
 450	 -4.43115	 -15.09424	  18.51177	  19.00604
 452	 -3.98042	 -14.77488	  18.54144	  19.0357
 453	 -4.33105	 -15.49215	  18.79855	  19.29273
 454	 -4.40181	 -15.42587	  18.62876	  19.123
 455	 -4.32053	 -15.32217	  18.79625	  19.29043
 455	 -4.32053	 -15.32217	  18.79625	  19.29043
 454	 -4.40181	 -15.42587	  18.62876	  19.123
 456	 -4.38251	 -15.2641	  18.64753	  19.14176
 457	 -3.88158	 -14.88878	  18.82513	  19.3193
 458	 -3.88461	 -14.91327	  18.83686	  19.33103
 459	 -4.20412	 -15.21012	  18.95244	  19.44658
 459	 -4.20412	 -15.21012	  18.95244	  19.44658
 458	 -3.88461	 -14.91327	  18.83686	  19.33103
 460	 -4.1812	 -15.20785	  18.95535	  19.44949
 461	 -4.25128	 -15.26276	  18.94338	  19.43752
 462	 -4.20412	 -15.21012	  18.95244	  19.44658
 463	 -4.18153	 -15.09169	  19.07452	  19.56862
 463	 -4.18153	 -15.09169	  19.07452	  19.56862
 462	 -4.20412	 -15.21012	  18.95244	  19.44658
 464	 -4.15811	 -15.09763	  19.03902	  19.53312
 465	 -4.31545	 -15.52535	  18.79536	  19.28954
 466	 -4.33105	 -15.49215	  18.79855	  19.29273
 467	 -4.23466	 -15.45605	  18.96701	  19.46114
 467	 -4.23466	 -15.45605	  18.96701	  19.46114
 466	 -4.33105	 -15.49215	  18.79855	  19.29273
 468	 -4.25199	 -15.42433	  18.96652	  19.46065
 469	 -4.17236	 -15.22903	  19.11624	  19.61032
 470	 -4.25199	 -15.42433	  18.96652	  19.46065
 471	 -4.18153	 -15.09169	  19.07452	  19.56862
 471	 -4.18153	 -15.09169	  19.07452	  19.56862
 470	 -4.25199	 -15.42433	  18.96652	  19.46065
 472	 -4.25128	 -15.26276	  18.94338	  19.43752
 473	 -4.06724	 -14.49085	  19.2403	  19.73435
 474	 -4.11811	 -14.82571	  19.17684	  19.6709
 475	 -3.76195	 -14.41265	  18.97879	  19.47292
 475	 -3.76195	 -14.41265	  18.97879	  19.47292
 474	 -4.11811	 -14.82571	  19.17684	  19.6709
 476	 -3.79249	 -14.61367	  18.94069	  19.43482
 477	 -4.03389	 -14.11988	  19.25872	  19.75276
 478	 -4.06724	 -14.49085	  19.2403	  19.73435
 479	 -3.74193	 -14.18995	  18.98984	  19.48396
 479	 -3.74193	 -14.18995	  18.98984	  19.48396
 478	 -4.06724	 -14.49085	  19.2403	  19.73435
 480	 -3.76195	 -14.41265	  18.97879	  19.47292
 481	 -3.74193	 -14.18995	  18.98984	  19.48396
 482	 -3.73439	 -13.96738	  18.97276	  19.46689
 483	 -3.74967	 -14.13993	  19.00799	  19.5021
 483	 -3.74967	 -14.13993	  19.00799	  19.5021
 482	 -3.73439	 -13.96738	  18.97276	  19.46689
 484	 -3.7447	 -13.99452	  18.99692	  19.49104
 485	 -4.03077	 -13.41489	  19.15775	  19.65182
 486	 -4.02132	 -13.74913	  19.23027	  19.72432
 487	 -3.74006	 -13.76673	  18.92923	  19.42337
 487	 -3.74006	 -13.76673	  18.92923	  19.42337
 486	 -4.02132	 -13.74913	  19.23027	  19.72432
 488	 -3.73439	 -13.96738	  18.97276	  19.46689
 489	 -4.06131	 -13.14986	  19.04826	  19.54236
 490	 -4.03077	 -13.41489	  19.15775	  19.65182
 491	 -3.75839	 -13.60763	  18.8635	  19.35766
 491	 -3.75839	 -13.60763	  18.8635	  19.35766
 490	 -4.03077	 -13.41489	  19.15775	  19.65182
 492	 -3.74006	 -13.76673	  18.92923	  19.42337
 493	 -4.10995	 -12.98001	  18.9125	  19.40665
 494	 -4.06131	 -13.14986	  19.04826	  19.54236
 495	 -3.78759	 -13.50566	  18.782	  19.27619
 495	 -3.78759	 -13.50566	  18.782	  19.27619
 494	 -4.06131	 -13.14986	  19.04826	  19.54236
 496	 -3.75839	 -13.60763	  18.8635	  19.35766
 497	 -3.8248	 -13.4708	  18.69272	  19.18694
 498	 -3.83189	 -13.43542	  18.71456	  19.20877
 499	 -3.78759	 -13.50566	  18.782	  19.27619
 499	 -3.78759	 -13.50566	  18.782	  19.27619
 498	 -3.83189	 -13.43542	  18.71456	  19.20877
 500	 -3.80734	 -13.45776	  18.77337	  19.26756
 501	 -4.24119	 -12.98135	  18.61665	  19.11088
 502	 -4.17193	 -12.92194	  18.76378	  19.25797
 503	 -3.86638	 -13.50646	  18.60439	  19.09863
 503	 -3.86638	 -13.50646	  18.60439	  19.09863
 502	 -4.17193	 -12.92194	  18.76378	  19.25797
 504	 -3.8248	 -13.4708	  18.69272	  19.18694
 505	 -4.31093	 -13.15242	  18.48551	  18.97978
 506	 -4.24119	 -12.98135	  18.61665	  19.11088
 507	 -3.90825	 -13.60916	  18.52567	  19.01993
 507	 -3.90825	 -13.60916	  18.52567	  19.01993
 506	 -4.24119	 -12.98135	  18.61665	  19.11088
 508	 -3.86638	 -13.50646	  18.60439	  19.09863
 509	 -4.37435	 -13.4184	  18.38319	  18.8775
 510	 -4.31093	 -13.15242	  18.48551	  18.97978
 511	 -3.94632	 -13.76883	  18.46425	  18.95853
 511	 -3.94632	 -13.76883	  18.46425	  18.95853
 510	 -4.31093	 -13.15242	  18.48551	  18.97978
 512	 -3.90825	 -13.60916	  18.52567	  19.01993
 513	 -3.94632	 -13.76883	  18.46425	  18.95853
 514	 -3.97686	 -13.96986	  18.42615	  18.92044
 515	 -3.9749	 -13.785	  18.44551	  18.9398
 515	 -3.9749	 -13.785	  18.44551	  18.9398
 514	 -3.97686	 -13.96986	  18.42615	  18.92044
 516	 -3.99504	 -13.91661	  18.42023	  18.91452
 517	 -4.45857	 -14.12423	  18.30131	  18.79564
 518	 -4.42522	 -13.75326	  18.31973	  18.81405
 519	 -3.99688	 -14.19256	  18.41509	  18.90939
 519	 -3.99688	 -14.19256	  18.41509	  18.90939
 518	 -4.42522	 -13.75326	  18.31973	  18.81405
 520	 -3.97686	 -13.96986	  18.42615	  18.92044
 521	 -4.47114	 -14.49498	  18.32976	  18.82408
 522	 -4.45857	 -14.12423	  18.30131	  18.79564
 523	 -4.00442	 -14.41512	  18.43217	  18.92646
 523	 -4.00442	 -14.41512	  18.43217	  18.92646
 522	 -4.45857	 -14.12423	  18.30131	  18.79564
 524	 -3.99688	 -14.19256	  18.41509	  18.90939
 525	 -4.46169	 -14.82922	  18.40228	  18.89658
 526	 -4.47114	 -14.49498	  18.32976	  18.82408
 527	 -3.99875	 -14.61578	  18.4757	  18.96998
 527	 -3.99875	 -14.61578	  18.4757	  18.96998
 526	 -4.47114	 -14.49498	  18.32976	  18.82408
 528	 -4.00442	 -14.41512	  18.43217	  18.92646
 529	 -3.98042	 -14.77488	  18.54144	  19.0357
 530	 -4.00867	 -14.7731	  18.52068	  19.01495
 531	 -3.99875	 -14.61578	  18.4757	  18.96998
 531	 -3.99875	 -14.61578	  18.4757	  18.96998
 530	 -4.00867	 -14.7731	  18.52068	  19.01495
 532	 -4.02077	 -14.66942	  18.4775	  18.97178
 533	 -4.09997	 -14.92537	  19.23304	  19.72709
 534	 -4.17236	 -15.22903	  19.11624	  19.61032
 535	 -4.11811	 -14.82571	  19.17684	  19.6709
 535	 -4.11811	 -14.82571	  19.17684	  19.6709
 534	 -4.17236	 -15.22903	  19.11624	  19.61032
 536	 -4.18153	 -15.09169	  19.07452	  19.56862
 537	 -3.88461	 -14.91327	  18.83686	  19.33103
 538	 -3.88461	 -14.91327	  18.83686	  19.33103
 539	 -3.86108	 -14.85575	  18.88113	  19.37529
 538	 -3.88461	 -14.91327	  18.83686	  19.33103
 540	 -3.86108	 -14.85575	  18.88113	  19.37529
 539	 -3.86108	 -14.85575	  18.88113	  19.37529
 541	 -4.1812	 -15.20785	  18.95535	  19.44949
 537	 -3.88461	 -14.91327	  18.83686	  19.33103
 542	 -3.88461	 -14.91327	  18.83686	  19.33103
 543	 -4.1812	 -15.20785	  18.95535	  19.44949
 541	 -4.1812	 -15.20785	  18.95535	  19.44949
 542	 -3.88461	 -14.91327	  18.83686	  19.33103
 540	 -3.86108	 -14.85575	  18.88113	  19.37529
 544	 -3.86108	 -14.85575	  18.88113	  19.37529
 545	 -4.14201	 -15.11203	  19.0291	  19.52321
 544	 -3.86108	 -14.85575	  18.88113	  19.37529
 546	 -4.14201	 -15.11203	  19.0291	  19.52321
 545	 -4.14201	 -15.11203	  19.0291	  19.52321
 547	 -4.14201	 -15.11203	  19.0291	  19.52321
 543	 -4.1812	 -15.20785	  18.95535	  19.44949
 548	 -4.1812	 -15.20785	  18.95535	  19.44949
 546	 -4.14201	 -15.11203	  19.0291	  19.52321
 547	 -4.14201	 -15.11203	  19.0291	  19.52321
 548	 -4.1812	 -15.20785	  18.95535	  19.44949
 549	 -3.85395	 -14.82125	  18.8771	  19.37126
 550	 -4.15811	 -15.09763	  19.03902	  19.53312
 551	 -3.86108	 -14.85575	  18.88113	  19.37529
 551	 -3.86108	 -14.85575	  18.88113	  19.37529
 550	 -4.15811	 -15.09763	  19.03902	  19.53312
 552	 -4.14201	 -15.11203	  19.0291	  19.52321
 553	 -4.43115	 -15.09424	  18.51177	  19.00604
 554	 -4.39695	 -15.03461	  18.49054	  18.98481
 555	 -3.98042	 -14.77488	  18.54144	  19.0357
 555	 -3.98042	 -14.77488	  18.54144	  19.0357
 554	 -4.39695	 -15.03461	  18.49054	  18.98481
 556	 -4.00867	 -14.7731	  18.52068	  19.01495
 557	 -4.40181	 -15.42587	  18.62876	  19.123
 558	 -4.45734	 -15.23195	  18.47378	  18.96806
 559	 -4.38251	 -15.2641	  18.64753	  19.14176
 559	 -4.38251	 -15.2641	  18.64753	  19.14176
 558	 -4.45734	 -15.23195	  18.47378	  18.96806
 560	 -4.43115	 -15.09424	  18.51177	  19.00604
 561	 -4.38776	 -15.45761	  18.62186	  19.11609
 562	 -4.40181	 -15.42587	  18.62876	  19.123
 563	 -4.31545	 -15.52535	  18.79536	  19.28954
 563	 -4.31545	 -15.52535	  18.79536	  19.28954
 562	 -4.40181	 -15.42587	  18.62876	  19.123
 564	 -4.33105	 -15.49215	  18.79855	  19.29273
 565	 -4.15811	 -15.09763	  19.03902	  19.53312
 566	 -4.20412	 -15.21012	  18.95244	  19.44658
 567	 -4.14201	 -15.11203	  19.0291	  19.52321
 567	 -4.14201	 -15.11203	  19.0291	  19.52321
 566	 -4.20412	 -15.21012	  18.95244	  19.44658
 568	 -4.1812	 -15.20785	  18.95535	  19.44949
 569	 -4.17236	 -15.22903	  19.11624	  19.61032
 570	 -4.15329	 -15.25647	  19.12	  19.61409
 571	 -4.25199	 -15.42433	  18.96652	  19.46065
 571	 -4.25199	 -15.42433	  18.96652	  19.46065
 570	 -4.15329	 -15.25647	  19.12	  19.61409
 572	 -4.23466	 -15.45605	  18.96701	  19.46114
 573	 -4.31545	 -15.52535	  18.79536	  19.28954
 574	 -4.23466	 -15.45605	  18.96701	  19.46114
 575	 -2.49827	 -15.85905	  18.42141	  18.9157
 575	 -2.49827	 -15.85905	  18.42141	  18.9157
 574	 -4.23466	 -15.45605	  18.96701	  19.46114
 576	 -2.41748	 -15.78974	  18.59306	  19.0873
 577	 -4.04189	 -14.54308	  19.3055	  19.79953
 578	 -4.09997	 -14.92537	  19.23304	  19.72709
 579	 -4.06724	 -14.49085	  19.2403	  19.73435
 579	 -4.06724	 -14.49085	  19.2403	  19.73435
 578	 -4.09997	 -14.92537	  19.23304	  19.72709
 580	 -4.11811	 -14.82571	  19.17684	  19.6709
 581	 -4.03389	 -14.11988	  19.25872	  19.75276
 582	 -3.74193	 -14.18995	  18.98984	  19.48396
 583	 -3.99989	 -14.06393	  19.2376	  19.73165
 583	 -3.99989	 -14.06393	  19.2376	  19.73165
 582	 -3.74193	 -14.18995	  18.98984	  19.48396
 584	 -3.74967	 -14.13993	  19.00799	  19.5021
 585	 -4.00381	 -14.11958	  19.32652	  19.82054
 586	 -4.04189	 -14.54308	  19.3055	  19.79953
 587	 -4.03389	 -14.11988	  19.25872	  19.75276
 587	 -4.03389	 -14.11988	  19.25872	  19.75276
 586	 -4.04189	 -14.54308	  19.3055	  19.79953
 588	 -4.06724	 -14.49085	  19.2403	  19.73435
 589	 -3.74967	 -14.13993	  19.00799	  19.5021
 590	 -3.7447	 -13.99452	  18.99692	  19.49104
 591	 -3.74884	 -14.12258	  19.02189	  19.516
 591	 -3.74884	 -14.12258	  19.02189	  19.516
 590	 -3.7447	 -13.99452	  18.99692	  19.49104
 592	 -3.74461	 -13.9987	  19.01246	  19.50658
 593	 -4.02132	 -13.74913	  19.23027	  19.72432
 594	 -3.99161	 -13.8217	  19.21917	  19.71322
 595	 -3.73439	 -13.96738	  18.97276	  19.46689
 595	 -3.73439	 -13.96738	  18.97276	  19.46689
 594	 -3.99161	 -13.8217	  19.21917	  19.71322
 596	 -3.7447	 -13.99452	  18.99692	  19.49104
 597	 -4.00025	 -13.31472	  19.21125	  19.70531
 598	 -3.98946	 -13.69631	  19.29404	  19.78807
 599	 -4.03077	 -13.41489	  19.15775	  19.65182
 599	 -4.03077	 -13.41489	  19.15775	  19.65182
 598	 -3.98946	 -13.69631	  19.29404	  19.78807
 600	 -4.02132	 -13.74913	  19.23027	  19.72432
 601	 -4.03512	 -13.01216	  19.08625	  19.58034
 602	 -4.00025	 -13.31472	  19.21125	  19.70531
 603	 -4.06131	 -13.14986	  19.04826	  19.54236
 603	 -4.06131	 -13.14986	  19.04826	  19.54236
 602	 -4.00025	 -13.31472	  19.21125	  19.70531
 604	 -4.03077	 -13.41489	  19.15775	  19.65182
 605	 -4.10995	 -12.98001	  18.9125	  19.40665
 606	 -3.78759	 -13.50566	  18.782	  19.27619
 607	 -4.08665	 -13.00733	  18.87999	  19.37415
 607	 -4.08665	 -13.00733	  18.87999	  19.37415
 606	 -3.78759	 -13.50566	  18.782	  19.27619
 608	 -3.80734	 -13.45776	  18.77337	  19.26756
 609	 -4.09065	 -12.81825	  18.93127	  19.42541
 610	 -4.03512	 -13.01216	  19.08625	  19.58034
 611	 -4.10995	 -12.98001	  18.9125	  19.40665
 611	 -4.10995	 -12.98001	  18.9125	  19.40665
 610	 -4.03512	 -13.01216	  19.08625	  19.58034
 612	 -4.06131	 -13.14986	  19.04826	  19.54236
 613	 -3.83189	 -13.43542	  18.71456	  19.20877
 614	 -3.83295	 -13.40201	  18.72188	  19.21608
 615	 -3.80734	 -13.45776	  18.77337	  19.26756
 615	 -3.80734	 -13.45776	  18.77337	  19.26756
 614	 -3.83295	 -13.40201	  18.72188	  19.21608
 616	 -3.81203	 -13.42105	  18.77197	  19.26616
 617	 -4.17193	 -12.92194	  18.76378	  19.25797
 618	 -4.12755	 -12.97011	  18.78203	  19.27622
 619	 -3.8248	 -13.4708	  18.69272	  19.18694
 619	 -3.8248	 -13.4708	  18.69272	  19.18694
 618	 -4.12755	 -12.97011	  18.78203	  19.27622
 620	 -3.83189	 -13.43542	  18.71456	  19.20877
 621	 -4.24047	 -12.81978	  18.59351	  19.08775
 622	 -4.16141	 -12.75196	  18.76148	  19.25567
 623	 -4.24119	 -12.98135	  18.61665	  19.11088
 623	 -4.24119	 -12.98135	  18.61665	  19.11088
 622	 -4.16141	 -12.75196	  18.76148	  19.25567
 624	 -4.17193	 -12.92194	  18.76378	  19.25797
 625	 -4.3201	 -13.01508	  18.44379	  18.93808
 626	 -4.24047	 -12.81978	  18.59351	  19.08775
 627	 -4.31093	 -13.15242	  18.48551	  18.97978
 627	 -4.31093	 -13.15242	  18.48551	  18.97978
 626	 -4.24047	 -12.81978	  18.59351	  19.08775
 628	 -4.24119	 -12.98135	  18.61665	  19.11088
 629	 -4.37435	 -13.4184	  18.38319	  18.8775
 630	 -3.94632	 -13.76883	  18.46425	  18.95853
 631	 -4.34451	 -13.5005	  18.37383	  18.86814
 631	 -4.34451	 -13.5005	  18.37383	  18.86814
 630	 -3.94632	 -13.76883	  18.46425	  18.95853
 632	 -3.9749	 -13.785	  18.44551	  18.9398
 633	 -4.39249	 -13.31874	  18.32699	  18.82131
 634	 -4.3201	 -13.01508	  18.44379	  18.93808
 635	 -4.37435	 -13.4184	  18.38319	  18.8775
 635	 -4.37435	 -13.4184	  18.38319	  18.8775
 634	 -4.3201	 -13.01508	  18.44379	  18.93808
 636	 -4.31093	 -13.15242	  18.48551	  18.97978
 637	 -4.42522	 -13.75326	  18.31973	  18.81405
 638	 -4.39249	 -13.31874	  18.32699	  18.82131
 635	 -4.37435	 -13.4184	  18.38319	  18.8775
 639	 -4.45057	 -13.70103	  18.25453	  18.74888
 638	 -4.39249	 -13.31874	  18.32699	  18.82131
 637	 -4.42522	 -13.75326	  18.31973	  18.81405
 640	 -3.9749	 -13.785	  18.44551	  18.9398
 641	 -3.99504	 -13.91661	  18.42023	  18.91452
 642	 -3.9868	 -13.77822	  18.43238	  18.92668
 642	 -3.9868	 -13.77822	  18.43238	  18.92668
 641	 -3.99504	 -13.91661	  18.42023	  18.91452
 643	 -4.00396	 -13.89033	  18.41085	  18.90515
 644	 -4.42522	 -13.75326	  18.31973	  18.81405
 645	 -4.37807	 -13.71973	  18.33171	  18.82603
 646	 -3.97686	 -13.96986	  18.42615	  18.92044
 646	 -3.97686	 -13.96986	  18.42615	  18.92044
 645	 -4.37807	 -13.71973	  18.33171	  18.82603
 647	 -3.99504	 -13.91661	  18.42023	  18.91452
 648	 -4.48865	 -14.12453	  18.23351	  18.72786
 649	 -4.45057	 -13.70103	  18.25453	  18.74888
 650	 -4.45857	 -14.12423	  18.30131	  18.79564
 650	 -4.45857	 -14.12423	  18.30131	  18.79564
 649	 -4.45057	 -13.70103	  18.25453	  18.74888
 651	 -4.42522	 -13.75326	  18.31973	  18.81405
 652	 -4.503	 -14.5478	  18.26598	  18.76033
 653	 -4.48865	 -14.12453	  18.23351	  18.72786
 654	 -4.47114	 -14.49498	  18.32976	  18.82408
 654	 -4.47114	 -14.49498	  18.32976	  18.82408
 653	 -4.48865	 -14.12453	  18.23351	  18.72786
 655	 -4.45857	 -14.12423	  18.30131	  18.79564
 656	 -4.46169	 -14.82922	  18.40228	  18.89658
 657	 -3.99875	 -14.61578	  18.4757	  18.96998
 658	 -4.41711	 -14.8619	  18.4186	  18.9129
 658	 -4.41711	 -14.8619	  18.4186	  18.9129
 657	 -3.99875	 -14.61578	  18.4757	  18.96998
 659	 -4.02077	 -14.66942	  18.4775	  18.97178
 660	 -4.49221	 -14.92939	  18.34878	  18.84309
 661	 -4.503	 -14.5478	  18.26598	  18.76033
 662	 -4.46169	 -14.82922	  18.40228	  18.89658
 662	 -4.46169	 -14.82922	  18.40228	  18.89658
 661	 -4.503	 -14.5478	  18.26598	  18.76033
 663	 -4.47114	 -14.49498	  18.32976	  18.82408
 664	 -4.00867	 -14.7731	  18.52068	  19.01495
 665	 -4.02131	 -14.78866	  18.50927	  19.00354
 666	 -4.02077	 -14.66942	  18.4775	  18.97178
 666	 -4.02077	 -14.66942	  18.4775	  18.97178
 665	 -4.02131	 -14.78866	  18.50927	  19.00354
 667	 -4.03162	 -14.70034	  18.47249	  18.96677
 668	 -4.15329	 -15.25647	  19.12	  19.61409
 669	 -4.17236	 -15.22903	  19.11624	  19.61032
 670	 -4.0793	 -14.94617	  19.23937	  19.73341
 670	 -4.0793	 -14.94617	  19.23937	  19.73341
 669	 -4.17236	 -15.22903	  19.11624	  19.61032
 671	 -4.09997	 -14.92537	  19.23304	  19.72709
 672	 -4.14201	 -15.11203	  19.0291	  19.52321
 673	 -4.1812	 -15.20785	  18.95535	  19.44949
 674	 -3.86108	 -14.85575	  18.88113	  19.37529
 674	 -3.86108	 -14.85575	  18.88113	  19.37529
 673	 -4.1812	 -15.20785	  18.95535	  19.44949
 675	 -3.88461	 -14.91327	  18.83686	  19.33103
 676	 -4.00867	 -14.7731	  18.52068	  19.01495
 677	 -4.39695	 -15.03461	  18.49054	  18.98481
 678	 -4.02131	 -14.78866	  18.50927	  19.00354
 678	 -4.02131	 -14.78866	  18.50927	  19.00354
 677	 -4.39695	 -15.03461	  18.49054	  18.98481
 679	 -4.37936	 -15.02739	  18.48056	  18.97484
 680	 -4.43115	 -15.09424	  18.51177	  19.00604
 681	 -4.46169	 -14.82922	  18.40228	  18.89658
 682	 -4.39695	 -15.03461	  18.49054	  18.98481
 682	 -4.39695	 -15.03461	  18.49054	  18.98481
 681	 -4.46169	 -14.82922	  18.40228	  18.89658
 683	 -4.41711	 -14.8619	  18.4186	  18.9129
 684	 -4.44451	 -15.25945	  18.46348	  18.95777
 685	 -4.45734	 -15.23195	  18.47378	  18.96806
 686	 -4.38776	 -15.45761	  18.62186	  19.11609
 686	 -4.38776	 -15.45761	  18.62186	  19.11609
 685	 -4.45734	 -15.23195	  18.47378	  18.96806
 687	 -4.40181	 -15.42587	  18.62876	  19.123
 688	 -4.45734	 -15.23195	  18.47378	  18.96806
 689	 -4.49221	 -14.92939	  18.34878	  18.84309
 690	 -4.43115	 -15.09424	  18.51177	  19.00604
 690	 -4.43115	 -15.09424	  18.51177	  19.00604
 689	 -4.49221	 -14.92939	  18.34878	  18.84309
 691	 -4.46169	 -14.82922	  18.40228	  18.89658
 692	 -4.38776	 -15.45761	  18.62186	  19.11609
 693	 -4.31545	 -15.52535	  18.79536	  19.28954
 694	 -2.57058	 -15.7913	  18.2479	  18.74225
 694	 -2.57058	 -15.7913	  18.2479	  18.74225
 693	 -4.31545	 -15.52535	  18.79536	  19.28954
 695	 -2.49827	 -15.85905	  18.42141	  18.9157
 696	 -4.23466	 -15.45605	  18.96701	  19.46114
 697	 -4.15329	 -15.25647	  19.12	  19.61409
 698	 -2.41748	 -15.78974	  18.59306	  19.0873
 698	 -2.41748	 -15.78974	  18.59306	  19.0873
 697	 -4.15329	 -15.25647	  19.12	  19.61409
 699	 -2.33611	 -15.59017	  18.74605	  19.24025
 700	 -2.49827	 -15.85905	  18.42141	  18.9157
 701	 -2.41748	 -15.78974	  18.59306	  19.0873
 702	 -2.48612	 -15.66279	  18.41875	  18.91305
 702	 -2.48612	 -15.66279	  18.41875	  18.91305
 701	 -2.41748	 -15.78974	  18.59306	  19.0873
 703	 -2.41665	 -15.6032	  18.56634	  19.06059
 704	 -4.0793	 -14.94617	  19.23937	  19.73341
 705	 -4.09997	 -14.92537	  19.23304	  19.72709
 706	 -4.01995	 -14.5555	  19.31341	  19.80743
 706	 -4.01995	 -14.5555	  19.31341	  19.80743
 705	 -4.09997	 -14.92537	  19.23304	  19.72709
 707	 -4.04189	 -14.54308	  19.3055	  19.79953
 708	 -3.74967	 -14.13993	  19.00799	  19.5021
 709	 -3.74884	 -14.12258	  19.02189	  19.516
 710	 -3.99989	 -14.06393	  19.2376	  19.73165
 710	 -3.99989	 -14.06393	  19.2376	  19.73165
 709	 -3.74884	 -14.12258	  19.02189	  19.516
 711	 -3.9793	 -14.04926	  19.23322	  19.72727
 712	 -4.03389	 -14.11988	  19.25872	  19.75276
 713	 -3.99989	 -14.06393	  19.2376	  19.73165
 714	 -4.02132	 -13.74913	  19.23027	  19.72432
 714	 -4.02132	 -13.74913	  19.23027	  19.72432
 713	 -3.99989	 -14.06393	  19.2376	  19.73165
 715	 -3.99161	 -13.8217	  19.21917	  19.71322
 716	 -4.01995	 -14.5555	  19.31341	  19.80743
 717	 -4.04189	 -14.54308	  19.3055	  19.79953
 718	 -3.98104	 -14.12273	  19.33489	  19.82891
 718	 -3.98104	 -14.12273	  19.33489	  19.82891
 717	 -4.04189	 -14.54308	  19.3055	  19.79953
 719	 -4.00381	 -14.11958	  19.32652	  19.82054
 720	 -3.98946	 -13.69631	  19.29404	  19.78807
 721	 -4.00381	 -14.11958	  19.32652	  19.82054
 722	 -4.02132	 -13.74913	  19.23027	  19.72432
 722	 -4.02132	 -13.74913	  19.23027	  19.72432
 721	 -4.00381	 -14.11958	  19.32652	  19.82054
 723	 -4.03389	 -14.11988	  19.25872	  19.75276
 724	 -3.74884	 -14.12258	  19.02189	  19.516
 725	 -3.74884	 -14.12258	  19.02189	  19.516
 726	 -3.74461	 -13.9987	  19.01246	  19.50658
 725	 -3.74884	 -14.12258	  19.02189	  19.516
 727	 -3.74461	 -13.9987	  19.01246	  19.50658
 726	 -3.74461	 -13.9987	  19.01246	  19.50658
 728	 -3.9793	 -14.04926	  19.23322	  19.72727
 724	 -3.74884	 -14.12258	  19.02189	  19.516
 729	 -3.74884	 -14.12258	  19.02189	  19.516
 730	 -3.9793	 -14.04926	  19.23322	  19.72727
 728	 -3.9793	 -14.04926	  19.23322	  19.72727
 729	 -3.74884	 -14.12258	  19.02189	  19.516
 727	 -3.74461	 -13.9987	  19.01246	  19.50658
 731	 -3.74461	 -13.9987	  19.01246	  19.50658
 732	 -3.97224	 -13.84292	  19.21752	  19.71157
 731	 -3.74461	 -13.9987	  19.01246	  19.50658
 733	 -3.97224	 -13.84292	  19.21752	  19.71157
 732	 -3.97224	 -13.84292	  19.21752	  19.71157
 734	 -3.97224	 -13.84292	  19.21752	  19.71157
 730	 -3.9793	 -14.04926	  19.23322	  19.72727
 735	 -3.9793	 -14.04926	  19.23322	  19.72727
 733	 -3.97224	 -13.84292	  19.21752	  19.71157
 734	 -3.97224	 -13.84292	  19.21752	  19.71157
 735	 -3.9793	 -14.04926	  19.23322	  19.72727
 736	 -3.7447	 -13.99452	  18.99692	  19.49104
 737	 -3.99161	 -13.8217	  19.21917	  19.71322
 738	 -3.74461	 -13.9987	  19.01246	  19.50658
 738	 -3.74461	 -13.9987	  19.01246	  19.50658
 737	 -3.99161	 -13.8217	  19.21917	  19.71322
 739	 -3.97224	 -13.84292	  19.21752	  19.71157
 740	 -3.96638	 -13.6902	  19.3017	  19.79573
 741	 -3.98946	 -13.69631	  19.29404	  19.78807
 742	 -3.97741	 -13.30026	  19.2171	  19.71115
 742	 -3.97741	 -13.30026	  19.2171	  19.71115
 741	 -3.98946	 -13.69631	  19.29404	  19.78807
 743	 -4.00025	 -13.31472	  19.21125	  19.70531
 744	 -3.97741	 -13.30026	  19.2171	  19.71115
 745	 -4.00025	 -13.31472	  19.21125	  19.70531
 746	 -4.01303	 -12.99107	  19.08936	  19.58345
 746	 -4.01303	 -12.99107	  19.08936	  19.58345
 745	 -4.00025	 -13.31472	  19.21125	  19.70531
 747	 -4.03512	 -13.01216	  19.08625	  19.58034
 748	 -3.80734	 -13.45776	  18.77337	  19.26756
 749	 -3.81203	 -13.42105	  18.77197	  19.26616
 750	 -4.08665	 -13.00733	  18.87999	  19.37415
 750	 -4.08665	 -13.00733	  18.87999	  19.37415
 749	 -3.81203	 -13.42105	  18.77197	  19.26616
 751	 -4.07001	 -13.00544	  18.86877	  19.36293
 752	 -4.17193	 -12.92194	  18.76378	  19.25797
 753	 -4.10995	 -12.98001	  18.9125	  19.40665
 754	 -4.12755	 -12.97011	  18.78203	  19.27622
 754	 -4.12755	 -12.97011	  18.78203	  19.27622
 753	 -4.10995	 -12.98001	  18.9125	  19.40665
 755	 -4.08665	 -13.00733	  18.87999	  19.37415
 756	 -4.01303	 -12.99107	  19.08936	  19.58345
 757	 -4.03512	 -13.01216	  19.08625	  19.58034
 758	 -4.06978	 -12.79291	  18.93098	  19.42513
 758	 -4.06978	 -12.79291	  18.93098	  19.42513
 757	 -4.03512	 -13.01216	  19.08625	  19.58034
 759	 -4.09065	 -12.81825	  18.93127	  19.42541
 760	 -4.16141	 -12.75196	  18.76148	  19.25567
 761	 -4.09065	 -12.81825	  18.93127	  19.42541
 762	 -4.17193	 -12.92194	  18.76378	  19.25797
 762	 -4.17193	 -12.92194	  18.76378	  19.25797
 761	 -4.09065	 -12.81825	  18.93127	  19.42541
 763	 -4.10995	 -12.98001	  18.9125	  19.40665
 764	 -3.81203	 -13.42105	  18.77197	  19.26616
 765	 -3.81203	 -13.42105	  18.77197	  19.26616
 766	 -3.83295	 -13.40201	  18.72188	  19.21608
 765	 -3.81203	 -13.42105	  18.77197	  19.26616
 767	 -3.83295	 -13.40201	  18.72188	  19.21608
 766	 -3.83295	 -13.40201	  18.72188	  19.21608
 768	 -4.07001	 -13.00544	  18.86877	  19.36293
 764	 -3.81203	 -13.42105	  18.77197	  19.26616
 769	 -3.81203	 -13.42105	  18.77197	  19.26616
 770	 -4.07001	 -13.00544	  18.86877	  19.36293
 768	 -4.07001	 -13.00544	  18.86877	  19.36293
 769	 -3.81203	 -13.42105	  18.77197	  19.26616
 767	 -3.83295	 -13.40201	  18.72188	  19.21608
 771	 -3.83295	 -13.40201	  18.72188	  19.21608
 772	 -4.10485	 -12.97373	  18.78532	  19.2795
 771	 -3.83295	 -13.40201	  18.72188	  19.21608
 773	 -4.10485	 -12.97373	  18.78532	  19.2795
 772	 -4.10485	 -12.97373	  18.78532	  19.2795
 774	 -4.10485	 -12.97373	  18.78532	  19.2795
 770	 -4.07001	 -13.00544	  18.86877	  19.36293
 775	 -4.07001	 -13.00544	  18.86877	  19.36293
 773	 -4.10485	 -12.97373	  18.78532	  19.2795
 774	 -4.10485	 -12.97373	  18.78532	  19.2795
 775	 -4.07001	 -13.00544	  18.86877	  19.36293
 776	 -3.83189	 -13.43542	  18.71456	  19.20877
 777	 -4.12755	 -12.97011	  18.78203	  19.27622
 778	 -3.83295	 -13.40201	  18.72188	  19.21608
 778	 -3.83295	 -13.40201	  18.72188	  19.21608
 777	 -4.12755	 -12.97011	  18.78203	  19.27622
 779	 -4.10485	 -12.97373	  18.78532	  19.2795
 780	 -4.14209	 -12.72517	  18.75748	  19.25167
 781	 -4.16141	 -12.75196	  18.76148	  19.25567
 782	 -4.22288	 -12.79448	  18.58583	  19.08008
 782	 -4.22288	 -12.79448	  18.58583	  19.08008
 781	 -4.16141	 -12.75196	  18.76148	  19.25567
 783	 -4.24047	 -12.81978	  18.59351	  19.08775
 784	 -4.22288	 -12.79448	  18.58583	  19.08008
 785	 -4.24047	 -12.81978	  18.59351	  19.08775
 786	 -4.30426	 -12.99405	  18.43284	  18.92713
 786	 -4.30426	 -12.99405	  18.43284	  18.92713
 785	 -4.24047	 -12.81978	  18.59351	  19.08775
 787	 -4.3201	 -13.01508	  18.44379	  18.93808
 788	 -3.9749	 -13.785	  18.44551	  18.9398
 789	 -3.9868	 -13.77822	  18.43238	  18.92668
 790	 -4.34451	 -13.5005	  18.37383	  18.86814
 790	 -4.34451	 -13.5005	  18.37383	  18.86814
 789	 -3.9868	 -13.77822	  18.43238	  18.92668
 791	 -4.32781	 -13.51886	  18.36579	  18.86011
 792	 -4.37435	 -13.4184	  18.38319	  18.8775
 793	 -4.34451	 -13.5005	  18.37383	  18.86814
 794	 -4.42522	 -13.75326	  18.31973	  18.81405
 794	 -4.42522	 -13.75326	  18.31973	  18.81405
 793	 -4.34451	 -13.5005	  18.37383	  18.86814
 795	 -4.37807	 -13.71973	  18.33171	  18.82603
 796	 -4.30426	 -12.99405	  18.43284	  18.92713
 797	 -4.3201	 -13.01508	  18.44379	  18.93808
 798	 -4.37824	 -13.30435	  18.31348	  18.80781
 798	 -4.37824	 -13.30435	  18.31348	  18.80781
 797	 -4.3201	 -13.01508	  18.44379	  18.93808
 799	 -4.39249	 -13.31874	  18.32699	  18.82131
 800	 -3.9868	 -13.77822	  18.43238	  18.92668
 801	 -3.9868	 -13.77822	  18.43238	  18.92668
 802	 -4.00396	 -13.89033	  18.41085	  18.90515
 801	 -3.9868	 -13.77822	  18.43238	  18.92668
 803	 -4.00396	 -13.89033	  18.41085	  18.90515
 802	 -4.00396	 -13.89033	  18.41085	  18.90515
 804	 -4.32781	 -13.51886	  18.36579	  18.86011
 800	 -3.9868	 -13.77822	  18.43238	  18.92668
 805	 -3.9868	 -13.77822	  18.43238	  18.92668
 806	 -4.32781	 -13.51886	  18.36579	  18.86011
 804	 -4.32781	 -13.51886	  18.36579	  18.86011
 805	 -3.9868	 -13.77822	  18.43238	  18.92668
 803	 -4.00396	 -13.89033	  18.41085	  18.90515
 807	 -4.00396	 -13.89033	  18.41085	  18.90515
 808	 -4.3564	 -13.70561	  18.32992	  18.82424
 807	 -4.00396	 -13.89033	  18.41085	  18.90515
 809	 -4.3564	 -13.70561	  18.32992	  18.82424
 808	 -4.3564	 -13.70561	  18.32992	  18.82424
 810	 -4.3564	 -13.70561	  18.32992	  18.82424
 806	 -4.32781	 -13.51886	  18.36579	  18.86011
 811	 -4.32781	 -13.51886	  18.36579	  18.86011
 809	 -4.3564	 -13.70561	  18.32992	  18.82424
 810	 -4.3564	 -13.70561	  18.32992	  18.82424
 811	 -4.32781	 -13.51886	  18.36579	  18.86011
 812	 -3.99504	 -13.91661	  18.42023	  18.91452
 813	 -4.37807	 -13.71973	  18.33171	  18.82603
 814	 -4.00396	 -13.89033	  18.41085	  18.90515
 814	 -4.00396	 -13.89033	  18.41085	  18.90515
 813	 -4.37807	 -13.71973	  18.33171	  18.82603
 815	 -4.3564	 -13.70561	  18.32992	  18.82424
 816	 -4.43759	 -13.69502	  18.23943	  18.73378
 817	 -4.45057	 -13.70103	  18.25453	  18.74888
 818	 -4.4765	 -14.12779	  18.21795	  18.71231
 818	 -4.4765	 -14.12779	  18.21795	  18.71231
 817	 -4.45057	 -13.70103	  18.25453	  18.74888
 819	 -4.48865	 -14.12453	  18.23351	  18.72786
 820	 -4.4765	 -14.12779	  18.21795	  18.71231
 821	 -4.48865	 -14.12453	  18.23351	  18.72786
 822	 -4.49116	 -14.56032	  18.25114	  18.74549
 822	 -4.49116	 -14.56032	  18.25114	  18.74549
 821	 -4.48865	 -14.12453	  18.23351	  18.72786
 823	 -4.503	 -14.5478	  18.26598	  18.76033
 824	 -4.02077	 -14.66942	  18.4775	  18.97178
 825	 -4.03162	 -14.70034	  18.47249	  18.96677
 826	 -4.41711	 -14.8619	  18.4186	  18.9129
 826	 -4.41711	 -14.8619	  18.4186	  18.9129
 825	 -4.03162	 -14.70034	  18.47249	  18.96677
 827	 -4.39653	 -14.88027	  18.41929	  18.91359
 828	 -4.49116	 -14.56032	  18.25114	  18.74549
 829	 -4.503	 -14.5478	  18.26598	  18.76033
 830	 -4.48013	 -14.95026	  18.33574	  18.83006
 830	 -4.48013	 -14.95026	  18.33574	  18.83006
 829	 -4.503	 -14.5478	  18.26598	  18.76033
 831	 -4.49221	 -14.92939	  18.34878	  18.84309
 832	 -4.03162	 -14.70034	  18.47249	  18.96677
 833	 -4.03162	 -14.70034	  18.47249	  18.96677
 834	 -4.02131	 -14.78866	  18.50927	  19.00354
 833	 -4.03162	 -14.70034	  18.47249	  18.96677
 835	 -4.02131	 -14.78866	  18.50927	  19.00354
 834	 -4.02131	 -14.78866	  18.50927	  19.00354
 836	 -4.39653	 -14.88027	  18.41929	  18.91359
 832	 -4.03162	 -14.70034	  18.47249	  18.96677
 837	 -4.03162	 -14.70034	  18.47249	  18.96677
 838	 -4.39653	 -14.88027	  18.41929	  18.91359
 836	 -4.39653	 -14.88027	  18.41929	  18.91359
 837	 -4.03162	 -14.70034	  18.47249	  18.96677
 835	 -4.02131	 -14.78866	  18.50927	  19.00354
 839	 -4.02131	 -14.78866	  18.50927	  19.00354
 840	 -4.37936	 -15.02739	  18.48056	  18.97484
 839	 -4.02131	 -14.78866	  18.50927	  19.00354
 841	 -4.37936	 -15.02739	  18.48056	  18.97484
 840	 -4.37936	 -15.02739	  18.48056	  18.97484
 842	 -4.37936	 -15.02739	  18.48056	  18.97484
 838	 -4.39653	 -14.88027	  18.41929	  18.91359
 843	 -4.39653	 -14.88027	  18.41929	  18.91359
 841	 -4.37936	 -15.02739	  18.48056	  18.97484
 842	 -4.37936	 -15.02739	  18.48056	  18.97484
 843	 -4.39653	 -14.88027	  18.41929	  18.91359
 844	 -4.15329	 -15.25647	  19.12	  19.61409
 845	 -4.0793	 -14.94617	  19.23937	  19.73341
 846	 -2.33611	 -15.59017	  18.74605	  19.24025
 846	 -2.33611	 -15.59017	  18.74605	  19.24025
 845	 -4.0793	 -14.94617	  19.23937	  19.73341
 847	 -2.26213	 -15.27986	  18.86541	  19.35957
 848	 -4.41711	 -14.8619	  18.4186	  18.9129
 849	 -4.39653	 -14.88027	  18.41929	  18.91359
 850	 -4.39695	 -15.03461	  18.49054	  18.98481
 850	 -4.39695	 -15.03461	  18.49054	  18.98481
 849	 -4.39653	 -14.88027	  18.41929	  18.91359
 851	 -4.37936	 -15.02739	  18.48056	  18.97484
 852	 -4.48013	 -14.95026	  18.33574	  18.83006
 853	 -4.49221	 -14.92939	  18.34878	  18.84309
 854	 -4.44451	 -15.25945	  18.46348	  18.95777
 854	 -4.44451	 -15.25945	  18.46348	  18.95777
 853	 -4.49221	 -14.92939	  18.34878	  18.84309
 855	 -4.45734	 -15.23195	  18.47378	  18.96806
 856	 -4.44451	 -15.25945	  18.46348	  18.95777
 857	 -4.38776	 -15.45761	  18.62186	  19.11609
 858	 -2.62733	 -15.59314	  18.08953	  18.58393
 858	 -2.62733	 -15.59314	  18.08953	  18.58393
 857	 -4.38776	 -15.45761	  18.62186	  19.11609
 859	 -2.57058	 -15.7913	  18.2479	  18.74225
 860	 -2.57058	 -15.7913	  18.2479	  18.74225
 861	 -2.49827	 -15.85905	  18.42141	  18.9157
 862	 -2.5483	 -15.60454	  18.26957	  18.76391
 862	 -2.5483	 -15.60454	  18.26957	  18.76391
 861	 -2.49827	 -15.85905	  18.42141	  18.9157
 863	 -2.48612	 -15.66279	  18.41875	  18.91305
 864	 -2.41748	 -15.78974	  18.59306	  19.0873
 865	 -2.33611	 -15.59017	  18.74605	  19.24025
 866	 -2.41665	 -15.6032	  18.56634	  19.06059
 866	 -2.41665	 -15.6032	  18.56634	  19.06059
 865	 -2.33611	 -15.59017	  18.74605	  19.24025
 867	 -2.34669	 -15.4316	  18.69789	  19.1921
 868	 -2.48612	 -15.66279	  18.41875	  18.91305
 869	 -2.41665	 -15.6032	  18.56634	  19.06059
 870	 -2.81838	 -15.20538	  18.48682	  18.98109
 870	 -2.81838	 -15.20538	  18.48682	  18.98109
 869	 -2.41665	 -15.6032	  18.56634	  19.06059
 871	 -2.77153	 -15.16519	  18.58636	  19.0806
 872	 -4.0793	 -14.94617	  19.23937	  19.73341
 873	 -4.01995	 -14.5555	  19.31341	  19.80743
 874	 -2.26213	 -15.27986	  18.86541	  19.35957
 874	 -2.26213	 -15.27986	  18.86541	  19.35957
 873	 -4.01995	 -14.5555	  19.31341	  19.80743
 875	 -2.20278	 -14.8892	  18.93946	  19.43359
 876	 -3.99161	 -13.8217	  19.21917	  19.71322
 877	 -3.99989	 -14.06393	  19.2376	  19.73165
 878	 -3.97224	 -13.84292	  19.21752	  19.71157
 878	 -3.97224	 -13.84292	  19.21752	  19.71157
 877	 -3.99989	 -14.06393	  19.2376	  19.73165
 879	 -3.9793	 -14.04926	  19.23322	  19.72727
 880	 -3.98104	 -14.12273	  19.33489	  19.82891
 881	 -4.00381	 -14.11958	  19.32652	  19.82054
 882	 -3.96638	 -13.6902	  19.3017	  19.79573
 882	 -3.96638	 -13.6902	  19.3017	  19.79573
 881	 -4.00381	 -14.11958	  19.32652	  19.82054
 883	 -3.98946	 -13.69631	  19.29404	  19.78807
 884	 -4.01995	 -14.5555	  19.31341	  19.80743
 885	 -3.98104	 -14.12273	  19.33489	  19.82891
 886	 -2.20278	 -14.8892	  18.93946	  19.43359
 886	 -2.20278	 -14.8892	  18.93946	  19.43359
 885	 -3.98104	 -14.12273	  19.33489	  19.82891
 887	 -2.16387	 -14.45642	  18.96094	  19.45507
 888	 -3.97224	 -13.84292	  19.21752	  19.71157
 889	 -3.9793	 -14.04926	  19.23322	  19.72727
 890	 -3.74461	 -13.9987	  19.01246	  19.50658
 890	 -3.74461	 -13.9987	  19.01246	  19.50658
 889	 -3.9793	 -14.04926	  19.23322	  19.72727
 891	 -3.74884	 -14.12258	  19.02189	  19.516
 892	 -3.96638	 -13.6902	  19.3017	  19.79573
 893	 -3.97741	 -13.30026	  19.2171	  19.71115
 894	 -2.14921	 -14.02389	  18.92775	  19.42189
 894	 -2.14921	 -14.02389	  18.92775	  19.42189
 893	 -3.97741	 -13.30026	  19.2171	  19.71115
 895	 -2.16023	 -13.63395	  18.84314	  19.33731
 896	 -3.97741	 -13.30026	  19.2171	  19.71115
 897	 -4.01303	 -12.99107	  19.08936	  19.58345
 898	 -2.16023	 -13.63395	  18.84314	  19.33731
 898	 -2.16023	 -13.63395	  18.84314	  19.33731
 897	 -4.01303	 -12.99107	  19.08936	  19.58345
 899	 -2.19586	 -13.32477	  18.7154	  19.20961
 900	 -4.08665	 -13.00733	  18.87999	  19.37415
 901	 -4.07001	 -13.00544	  18.86877	  19.36293
 902	 -4.12755	 -12.97011	  18.78203	  19.27622
 902	 -4.12755	 -12.97011	  18.78203	  19.27622
 901	 -4.07001	 -13.00544	  18.86877	  19.36293
 903	 -4.10485	 -12.97373	  18.78532	  19.2795
 904	 -4.06978	 -12.79291	  18.93098	  19.42513
 905	 -4.09065	 -12.81825	  18.93127	  19.42541
 906	 -4.14209	 -12.72517	  18.75748	  19.25167
 906	 -4.14209	 -12.72517	  18.75748	  19.25167
 905	 -4.09065	 -12.81825	  18.93127	  19.42541
 907	 -4.16141	 -12.75196	  18.76148	  19.25567
 908	 -4.01303	 -12.99107	  19.08936	  19.58345
 909	 -4.06978	 -12.79291	  18.93098	  19.42513
 910	 -2.19586	 -13.32477	  18.7154	  19.20961
 910	 -2.19586	 -13.32477	  18.7154	  19.20961
 909	 -4.06978	 -12.79291	  18.93098	  19.42513
 911	 -2.2526	 -13.1266	  18.55703	  19.05128
 912	 -4.07001	 -13.00544	  18.86877	  19.36293
 913	 -3.81203	 -13.42105	  18.77197	  19.26616
 914	 -4.10485	 -12.97373	  18.78532	  19.2795
 914	 -4.10485	 -12.97373	  18.78532	  19.2795
 913	 -3.81203	 -13.42105	  18.77197	  19.26616
 915	 -3.83295	 -13.40201	  18.72188	  19.21608
 916	 -4.14209	 -12.72517	  18.75748	  19.25167
 917	 -4.22288	 -12.79448	  18.58583	  19.08008
 918	 -2.32491	 -13.05886	  18.38353	  18.87783
 918	 -2.32491	 -13.05886	  18.38353	  18.87783
 917	 -4.22288	 -12.79448	  18.58583	  19.08008
 919	 -2.40571	 -13.12817	  18.21188	  18.70624
 920	 -4.22288	 -12.79448	  18.58583	  19.08008
 921	 -4.30426	 -12.99405	  18.43284	  18.92713
 922	 -2.40571	 -13.12817	  18.21188	  18.70624
 922	 -2.40571	 -13.12817	  18.21188	  18.70624
 921	 -4.30426	 -12.99405	  18.43284	  18.92713
 923	 -2.48708	 -13.32774	  18.05888	  18.55329
 924	 -4.37807	 -13.71973	  18.33171	  18.82603
 925	 -4.34451	 -13.5005	  18.37383	  18.86814
 926	 -4.3564	 -13.70561	  18.32992	  18.82424
 926	 -4.3564	 -13.70561	  18.32992	  18.82424
 925	 -4.34451	 -13.5005	  18.37383	  18.86814
 927	 -4.32781	 -13.51886	  18.36579	  18.86011
 928	 -4.37824	 -13.30435	  18.31348	  18.80781
 929	 -4.39249	 -13.31874	  18.32699	  18.82131
 930	 -4.43759	 -13.69502	  18.23943	  18.73378
 930	 -4.43759	 -13.69502	  18.23943	  18.73378
 929	 -4.39249	 -13.31874	  18.32699	  18.82131
 931	 -4.45057	 -13.70103	  18.25453	  18.74888
 932	 -4.30426	 -12.99405	  18.43284	  18.92713
 933	 -4.37824	 -13.30435	  18.31348	  18.80781
 934	 -2.48708	 -13.32774	  18.05888	  18.55329
 934	 -2.48708	 -13.32774	  18.05888	  18.55329
 933	 -4.37824	 -13.30435	  18.31348	  18.80781
 935	 -2.56106	 -13.63805	  17.93952	  18.43396
 936	 -4.3564	 -13.70561	  18.32992	  18.82424
 937	 -4.32781	 -13.51886	  18.36579	  18.86011
 938	 -4.00396	 -13.89033	  18.41085	  18.90515
 938	 -4.00396	 -13.89033	  18.41085	  18.90515
 937	 -4.32781	 -13.51886	  18.36579	  18.86011
 939	 -3.9868	 -13.77822	  18.43238	  18.92668
 940	 -4.43759	 -13.69502	  18.23943	  18.73378
 941	 -4.4765	 -14.12779	  18.21795	  18.71231
 942	 -2.62041	 -14.02871	  17.86547	  18.35994
 942	 -2.62041	 -14.02871	  17.86547	  18.35994
 941	 -4.4765	 -14.12779	  18.21795	  18.71231
 943	 -2.65932	 -14.46149	  17.84399	  18.33847
 944	 -4.4765	 -14.12779	  18.21795	  18.71231
 945	 -4.49116	 -14.56032	  18.25114	  18.74549
 946	 -2.65932	 -14.46149	  17.84399	  18.33847
 946	 -2.65932	 -14.46149	  17.84399	  18.33847
 945	 -4.49116	 -14.56032	  18.25114	  18.74549
 947	 -2.67398	 -14.89402	  17.87718	  18.37164
 948	 -4.49116	 -14.56032	  18.25114	  18.74549
 949	 -4.48013	 -14.95026	  18.33574	  18.83006
 950	 -2.67398	 -14.89402	  17.87718	  18.37164
 950	 -2.67398	 -14.89402	  17.87718	  18.37164
 949	 -4.48013	 -14.95026	  18.33574	  18.83006
 951	 -2.66296	 -15.28396	  17.96179	  18.45622
 952	 -4.39653	 -14.88027	  18.41929	  18.91359
 953	 -4.03162	 -14.70034	  18.47249	  18.96677
 954	 -4.37936	 -15.02739	  18.48056	  18.97484
 954	 -4.37936	 -15.02739	  18.48056	  18.97484
 953	 -4.03162	 -14.70034	  18.47249	  18.96677
 955	 -4.02131	 -14.78866	  18.50927	  19.00354
 956	 -2.33611	 -15.59017	  18.74605	  19.24025
 957	 -2.26213	 -15.27986	  18.86541	  19.35957
 958	 -2.34669	 -15.4316	  18.69789	  19.1921
 958	 -2.34669	 -15.4316	  18.69789	  19.1921
 957	 -2.26213	 -15.27986	  18.86541	  19.35957
 959	 -2.28308	 -15.16479	  18.80052	  19.2947
 960	 -4.48013	 -14.95026	  18.33574	  18.83006
 961	 -4.44451	 -15.25945	  18.46348	  18.95777
 962	 -2.66296	 -15.28396	  17.96179	  18.45622
 962	 -2.66296	 -15.28396	  17.96179	  18.45622
 961	 -4.44451	 -15.25945	  18.46348	  18.95777
 963	 -2.62733	 -15.59314	  18.08953	  18.58393
 964	 -2.62733	 -15.59314	  18.08953	  18.58393
 965	 -2.57058	 -15.7913	  18.2479	  18.74225
 966	 -2.59709	 -15.43416	  18.13339	  18.62778
 966	 -2.59709	 -15.43416	  18.13339	  18.62778
 965	 -2.57058	 -15.7913	  18.2479	  18.74225
 967	 -2.5483	 -15.60454	  18.26957	  18.76391
 968	 -2.5483	 -15.60454	  18.26957	  18.76391
 969	 -2.48612	 -15.66279	  18.41875	  18.91305
 970	 -2.86031	 -15.1661	  18.3862	  18.88051
 970	 -2.86031	 -15.1661	  18.3862	  18.88051
 969	 -2.48612	 -15.66279	  18.41875	  18.91305
 971	 -2.81838	 -15.20538	  18.48682	  18.98109
 972	 -2.41665	 -15.6032	  18.56634	  19.06059
 973	 -2.34669	 -15.4316	  18.69789	  19.1921
 974	 -2.77153	 -15.16519	  18.58636	  19.0806
 974	 -2.77153	 -15.16519	  18.58636	  19.0806
 973	 -2.34669	 -15.4316	  18.69789	  19.1921
 975	 -2.72434	 -15.04946	  18.67507	  19.16929
 976	 -2.81838	 -15.20538	  18.48682	  18.98109
 977	 -2.77153	 -15.16519	  18.58636	  19.0806
