 825	  2.35512	  5.47898	  62.11829	  62.59924
 828	  2.2355	  5.48259	  61.28463	  61.76583
 826	  2.35512	  5.88293	  62.08354	  62.5645
 827	  2.2355	  5.07865	  61.31939	  61.80058
 829	  2.0297	  4.51748	  60.19953	  60.68106
 828	  2.2355	  5.48259	  61.28463	  61.76583
 827	  2.2355	  5.07865	  61.31939	  61.80058
 830	  2.0297	  4.92143	  60.16478	  60.64632
 828	  2.2355	  5.48259	  61.28463	  61.76583
 829	  2.0297	  4.51748	  60.19953	  60.68106
 831	  15.66447	  3.93147	  58.18926	  58.67141
 832	  15.14156	  3.43813	  57.20475	  57.6872
 833	  15.66447	  3.52752	  58.22401	  58.70615
 833	  15.66447	  3.52752	  58.22401	  58.70615
 832	  15.14156	  3.43813	  57.20475	  57.6872
 834	  15.14156	  3.03418	  57.23951	  57.72194
 832	  15.14156	  3.43813	  57.20475	  57.6872
 835	  14.63141	  2.89302	  56.11695	  56.59973
 834	  15.14156	  3.03418	  57.23951	  57.72194
 834	  15.14156	  3.03418	  57.23951	  57.72194
 835	  14.63141	  2.89302	  56.11695	  56.59973
 836	  14.63141	  2.48907	  56.1517	  56.63447
 835	  14.63141	  2.89302	  56.11695	  56.59973
 837	  14.44033	  2.68744	  55.70671	  56.18961
 836	  14.63141	  2.48907	  56.1517	  56.63447
 836	  14.63141	  2.48907	  56.1517	  56.63447
 837	  14.44033	  2.68744	  55.70671	  56.18961
 838	  14.44033	  2.2835	  55.74146	  56.22435
 837	  14.44033	  2.68744	  55.70671	  56.18961
 839	  14.26516	  2.49899	  55.33064	  55.81366
 838	  14.44033	  2.2835	  55.74146	  56.22435
 838	  14.44033	  2.2835	  55.74146	  56.22435
 839	  14.26516	  2.49899	  55.33064	  55.81366
 840	  14.26516	  2.09505	  55.36539	  55.8484
 839	  14.26516	  2.49899	  55.33064	  55.81366
 841	  13.89894	  2.10496	  54.54433	  55.02758
 840	  14.26516	  2.09505	  55.36539	  55.8484
 840	  14.26516	  2.09505	  55.36539	  55.8484
 841	  13.89894	  2.10496	  54.54433	  55.02758
 842	  13.89894	  1.70102	  54.57907	  55.06232
 841	  13.89894	  2.10496	  54.54433	  55.02758
 843	  13.53272	  1.71093	  53.75801	  54.24151
 842	  13.89894	  1.70102	  54.57907	  55.06232
 842	  13.89894	  1.70102	  54.57907	  55.06232
 843	  13.53272	  1.71093	  53.75801	  54.24151
 844	  13.53272	  1.30699	  53.79276	  54.27625
 843	  13.53272	  1.71093	  53.75801	  54.24151
 845	  13.1665	  1.3169	  52.97169	  53.45543
 844	  13.53272	  1.30699	  53.79276	  54.27625
 844	  13.53272	  1.30699	  53.79276	  54.27625
 845	  13.1665	  1.3169	  52.97169	  53.45543
 846	  13.1665	  0.91296	  53.00644	  53.49017
 845	  13.1665	  1.3169	  52.97169	  53.45543
 847	  12.73537	  0.85301	  52.04596	  52.52998
 846	  13.1665	  0.91296	  53.00644	  53.49017
 846	  13.1665	  0.91296	  53.00644	  53.49017
 847	  12.73537	  0.85301	  52.04596	  52.52998
 848	  12.73537	  0.44907	  52.0807	  52.56472
 847	  12.73537	  0.85301	  52.04596	  52.52998
 849	  12.4341	  0.52883	  51.39902	  51.88325
 848	  12.73537	  0.44907	  52.0807	  52.56472
 848	  12.73537	  0.44907	  52.0807	  52.56472
 849	  12.4341	  0.52883	  51.39902	  51.88325
 850	  12.4341	  0.12489	  51.43378	  51.91799
 849	  12.4341	  0.52883	  51.39902	  51.88325
 851	  12.06791	  0.13479	  50.61269	  51.09716
 850	  12.4341	  0.12489	  51.43378	  51.91799
 850	  12.4341	  0.12489	  51.43378	  51.91799
 851	  12.06791	  0.13479	  50.61269	  51.09716
 852	  12.06791	 -0.26915	  50.64745	  51.1319
 851	  12.06791	  0.13479	  50.61269	  51.09716
 853	  11.70173	 -0.25924	  49.82636	  50.31106
 852	  12.06791	 -0.26915	  50.64745	  51.1319
 852	  12.06791	 -0.26915	  50.64745	  51.1319
 853	  11.70173	 -0.25924	  49.82636	  50.31106
 854	  11.70173	 -0.66319	  49.86111	  50.3458
 853	  11.70173	 -0.25924	  49.82636	  50.31106
 855	  11.33552	 -0.65328	  49.04002	  49.52496
 854	  11.70173	 -0.66319	  49.86111	  50.3458
 854	  11.70173	 -0.66319	  49.86111	  50.3458
 855	  11.33552	 -0.65328	  49.04002	  49.52496
 856	  11.33552	 -1.05723	  49.07477	  49.5597
 855	  11.33552	 -0.65328	  49.04002	  49.52496
 857	  10.93504	 -1.08425	  48.18	  48.6652
 856	  11.33552	 -1.05723	  49.07477	  49.5597
 856	  11.33552	 -1.05723	  49.07477	  49.5597
 857	  10.93504	 -1.08425	  48.18	  48.6652
 858	  10.93504	 -1.48819	  48.21475	  48.69994
 857	  10.93504	 -1.08425	  48.18	  48.6652
 859	  10.60317	 -1.44136	  47.46734	  47.95277
 858	  10.93504	 -1.48819	  48.21475	  48.69994
 858	  10.93504	 -1.48819	  48.21475	  48.69994
 859	  10.60317	 -1.44136	  47.46734	  47.95277
 860	  10.60317	 -1.84531	  47.50209	  47.98751
 859	  10.60317	 -1.44136	  47.46734	  47.95277
 861	  10.237	 -1.83541	  46.68098	  47.16665
 860	  10.60317	 -1.84531	  47.50209	  47.98751
 860	  10.60317	 -1.84531	  47.50209	  47.98751
 861	  10.237	 -1.83541	  46.68098	  47.16665
 862	  10.237	 -2.23936	  46.71574	  47.20139
 861	  10.237	 -1.83541	  46.68098	  47.16665
 863	  9.87082	 -2.22946	  45.89464	  46.38054
 862	  10.237	 -2.23936	  46.71574	  47.20139
 862	  10.237	 -2.23936	  46.71574	  47.20139
 863	  9.87082	 -2.22946	  45.89464	  46.38054
 864	  9.87082	 -2.6334	  45.92939	  46.41528
 863	  9.87082	 -2.22946	  45.89464	  46.38054
 865	  9.50466	 -2.6235	  45.1083	  45.59444
 864	  9.87082	 -2.6334	  45.92939	  46.41528
 864	  9.87082	 -2.6334	  45.92939	  46.41528
 865	  9.50466	 -2.6235	  45.1083	  45.59444
 866	  9.50466	 -3.02744	  45.14305	  45.62918
 865	  9.50466	 -2.6235	  45.1083	  45.59444
 867	  9.13321	 -3.01734	  44.32236	  44.80874
 866	  9.50466	 -3.02744	  45.14305	  45.62918
 866	  9.50466	 -3.02744	  45.14305	  45.62918
 867	  9.13321	 -3.01734	  44.32236	  44.80874
 868	  9.13321	 -3.42129	  44.35711	  44.84348
 867	  9.13321	 -3.01734	  44.32236	  44.80874
 869	  8.77232	 -3.41159	  43.5356	  44.02222
 868	  9.13321	 -3.42129	  44.35711	  44.84348
 868	  9.13321	 -3.42129	  44.35711	  44.84348
 869	  8.77232	 -3.41159	  43.5356	  44.02222
 870	  8.77232	 -3.81553	  43.57035	  44.05696
 869	  8.77232	 -3.41159	  43.5356	  44.02222
 871	  8.40615	 -3.80564	  42.74926	  43.23611
 870	  8.77232	 -3.81553	  43.57035	  44.05696
 870	  8.77232	 -3.81553	  43.57035	  44.05696
 871	  8.40615	 -3.80564	  42.74926	  43.23611
 872	  8.40615	 -4.20958	  42.784	  43.27085
 871	  8.40615	 -3.80564	  42.74926	  43.23611
 873	  8.03999	 -4.19968	  41.96291	  42.45001
 872	  8.40615	 -4.20958	  42.784	  43.27085
 872	  8.40615	 -4.20958	  42.784	  43.27085
 873	  8.03999	 -4.19968	  41.96291	  42.45001
 874	  8.03999	 -4.60362	  41.99766	  42.48475
 873	  8.03999	 -4.19968	  41.96291	  42.45001
 875	  7.67382	 -4.59373	  41.17656	  41.6639
 874	  8.03999	 -4.60362	  41.99766	  42.48475
 874	  8.03999	 -4.60362	  41.99766	  42.48475
 875	  7.67382	 -4.59373	  41.17656	  41.6639
 876	  7.67382	 -4.99767	  41.21131	  41.69864
 875	  7.67382	 -4.59373	  41.17656	  41.6639
 877	  7.33456	 -4.95882	  40.44798	  40.93554
 876	  7.67382	 -4.99767	  41.21131	  41.69864
 876	  7.67382	 -4.99767	  41.21131	  41.69864
 877	  7.33456	 -4.95882	  40.44798	  40.93554
 878	  7.33456	 -5.36277	  40.48272	  40.97028
 877	  7.33456	 -4.95882	  40.44798	  40.93554
 879	  6.94148	 -5.38181	  39.60387	  40.09169
 878	  7.33456	 -5.36277	  40.48272	  40.97028
 878	  7.33456	 -5.36277	  40.48272	  40.97028
 879	  6.94148	 -5.38181	  39.60387	  40.09169
 880	  6.94148	 -5.78576	  39.63862	  40.12643
 879	  6.94148	 -5.38181	  39.60387	  40.09169
 881	  6.57531	 -5.77586	  38.81752	  39.30558
 880	  6.94148	 -5.78576	  39.63862	  40.12643
 880	  6.94148	 -5.78576	  39.63862	  40.12643
 881	  6.57531	 -5.77586	  38.81752	  39.30558
 882	  6.57531	 -6.1798	  38.85227	  39.34032
 881	  6.57531	 -5.77586	  38.81752	  39.30558
 883	  6.20913	 -6.1699	  38.03117	  38.51948
 882	  6.57531	 -6.1798	  38.85227	  39.34032
 882	  6.57531	 -6.1798	  38.85227	  39.34032
 883	  6.20913	 -6.1699	  38.03117	  38.51948
 884	  6.20913	 -6.57384	  38.06593	  38.55422
 883	  6.20913	 -6.1699	  38.03117	  38.51948
 885	  5.40781	 -6.64927	  37.07455	  37.56315
 884	  6.20913	 -6.57384	  38.06593	  38.55422
 884	  6.20913	 -6.57384	  38.06593	  38.55422
 885	  5.40781	 -6.64927	  37.07455	  37.56315
 886	  5.40781	 -7.05322	  37.10931	  37.59789
 885	  5.40781	 -6.64927	  37.07455	  37.56315
 887	  4.15461	 -7.02203	  36.33068	  36.81951
 886	  5.40781	 -7.05322	  37.10931	  37.59789
 886	  5.40781	 -7.05322	  37.10931	  37.59789
 887	  4.15461	 -7.02203	  36.33068	  36.81951
 888	  4.15461	 -7.42597	  36.36544	  36.85425
 887	  4.15461	 -7.02203	  36.33068	  36.81951
 889	  2.50601	 -7.08469	  36.20564	  36.6945
 888	  4.15461	 -7.42597	  36.36544	  36.85425
 888	  4.15461	 -7.42597	  36.36544	  36.85425
 889	  2.50601	 -7.08469	  36.20564	  36.6945
 890	  2.48981	 -7.48691	  36.24383	  36.73268
 891	  2.50601	 -7.08469	  36.20564	  36.6945
 892	  0.88837	 -6.83382	  36.68245	  37.17116
 893	  2.48981	 -7.48691	  36.24383	  36.73268
 893	  2.48981	 -7.48691	  36.24383	  36.73268
 892	  0.88837	 -6.83382	  36.68245	  37.17116
 894	  0.87761	 -7.23088	  36.74803	  37.23672
 895	  0.88837	 -6.83382	  36.68245	  37.17116
 896	  0.0489	 -6.55099	  37.27005	  37.75858
 897	  0.87761	 -7.23088	  36.74803	  37.23672
 897	  0.87761	 -7.23088	  36.74803	  37.23672
 896	  0.0489	 -6.55099	  37.27005	  37.75858
 898	  0.04913	 -6.9549	  37.30549	  37.79401
 899	  0.0489	 -6.55099	  37.27005	  37.75858
 900	 -0.64546	 -6.12891	  38.10089	  38.58917
 901	  0.04913	 -6.9549	  37.30549	  37.79401
 901	  0.04913	 -6.9549	  37.30549	  37.79401
 900	 -0.64546	 -6.12891	  38.10089	  38.58917
 902	 -0.61567	 -6.53222	  38.14625	  38.63452
 903	 -0.64546	 -6.12891	  38.10089	  38.58917
 904	 -0.96256	 -5.70589	  38.95713	  39.44515
 905	 -0.61567	 -6.53222	  38.14625	  38.63452
 905	 -0.61567	 -6.53222	  38.14625	  38.63452
 904	 -0.96256	 -5.70589	  38.95713	  39.44515
 906	 -0.95202	 -6.11096	  38.98964	  39.47765
