 16452	  26.31026	  42.48143	  114.45483	  114.9198
 16453	  26.31026	  42.48143	  114.45483	  114.9198
 16454	  26.3091	  42.48363	  114.45361	  114.91857
 16455	  26.29415	  42.48894	  114.45807	  114.92303
 16456	  26.56765	  42.95028	  114.63316	  115.09807
 16457	  26.57058	  42.95318	  114.62633	  115.09123
 16458	  26.57294	  42.93782	  114.62958	  115.09448
 16459	  26.57551	  42.93896	  114.62253	  115.08744
 16460	  26.57838	  42.91231	  114.62747	  115.09238
 16461	  26.57294	  42.93782	  114.62958	  115.09448
 16462	  26.35181	  42.75338	  114.68974	  115.15462
 16463	  26.35941	  42.73802	  114.69289	  115.15778
 16464	  26.34427	  42.73597	  114.6857	  115.15059
 16465	  26.35855	  42.76858	  114.6937	  115.15858
 16466	  26.35941	  42.73802	  114.69289	  115.15778
 16467	  26.35181	  42.75338	  114.68974	  115.15462
 16468	  26.30534	  42.68803	  114.44439	  114.90936
 16469	  26.30896	  42.70413	  114.44768	  114.91264
 16470	  26.30699	  42.6991	  114.45415	  114.91911
 16471	  26.30699	  42.6991	  114.45415	  114.91911
 16472	  26.30896	  42.70413	  114.44768	  114.91264
 16473	  26.30907	  42.71798	  114.44869	  114.91365
 16474	  26.29614	  42.6658	  114.47186	  114.93682
 16475	  26.30074	  42.67201	  114.46132	  114.92628
 16476	  26.30241	  42.67817	  114.46439	  114.92935
 16477	  26.30489	  42.6862	  114.46137	  114.92633
 16478	  26.30267	  42.67673	  114.45798	  114.92294
 16479	  26.30699	  42.6991	  114.45415	  114.91911
 16480	  26.42445	  42.84105	  114.70362	  115.16851
 16481	  26.41687	  42.88564	  114.70185	  115.16674
 16482	  26.43242	  42.85057	  114.70296	  115.16785
 16483	  26.42445	  42.84105	  114.70362	  115.16851
 16484	  26.43224	  42.82985	  114.70313	  115.16801
 16485	  26.43142	  42.7589	  114.70249	  115.16737
 16486	  26.52654	  42.73248	  114.67731	  115.1422
 16487	  26.53281	  42.71532	  114.67287	  115.13776
 16488	  26.52493	  42.70435	  114.67651	  115.14141
 16489	  26.52654	  42.73248	  114.67731	  115.1422
 16490	  26.53568	  42.75015	  114.67311	  115.13801
 16491	  26.53281	  42.71532	  114.67287	  115.13776
 16492	  26.35534	  42.6013	  114.44267	  114.90764
 16493	  26.34642	  42.60486	  114.44157	  114.90653
 16494	  26.35133	  42.59603	  114.44213	  114.9071
 16495	  26.36746	  42.59165	  114.44241	  114.90738
 16496	  26.35534	  42.6013	  114.44267	  114.90764
 16497	  26.35133	  42.59603	  114.44213	  114.9071
 16498	  26.51788	  42.73115	  114.68156	  115.14645
 16499	  26.52493	  42.70435	  114.67651	  115.14141
 16500	  26.5158	  42.67537	  114.6785	  115.14339
 16501	  26.51788	  42.73115	  114.68156	  115.14645
 16502	  26.52654	  42.73248	  114.67731	  115.1422
 16503	  26.52493	  42.70435	  114.67651	  115.14141
 16504	  26.58827	  42.88117	  114.60645	  115.07137
 16505	  26.58705	  42.89622	  114.61092	  115.07583
 16506	  26.58747	  42.89961	  114.60532	  115.07023
 16507	  26.58708	  42.87796	  114.59884	  115.06376
 16508	  26.58827	  42.88117	  114.60645	  115.07137
 16509	  26.58747	  42.89961	  114.60532	  115.07023
 16510	  26.39109	  42.35905	  114.48719	  114.95214
 16511	  26.39326	  42.35714	  114.49271	  114.95766
 16512	  26.40362	  42.36923	  114.4908	  114.95575
 16513	  26.39109	  42.35905	  114.48719	  114.95214
 16514	  26.40362	  42.36923	  114.4908	  114.95575
 16515	  26.40689	  42.37781	  114.48631	  114.95126
 16516	  26.53314	  43.06153	  114.57749	  115.04242
 16517	  26.54586	  43.04977	  114.59402	  115.05894
 16518	  26.53797	  43.05874	  114.59035	  115.05527
 16519	  26.54034	  43.05517	  114.59586	  115.06078
 16520	  26.54586	  43.04977	  114.59402	  115.05894
 16521	  26.54579	  43.04594	  114.6021	  115.06702
 16522	  26.27586	  42.4907	  114.48499	  114.94994
 16523	  26.27441	  42.49454	  114.48272	  114.94767
 16524	  26.27261	  42.48891	  114.48841	  114.95336
 16525	  26.29621	  42.48331	  114.46727	  114.93223
 16526	  26.29256	  42.48418	  114.4646	  114.92956
 16527	  26.28566	  42.48581	  114.47089	  114.93584
 16528	  26.2859	  42.48722	  114.4764	  114.94135
 16529	  26.29592	  42.4832	  114.47241	  114.93737
 16530	  26.29621	  42.48331	  114.46727	  114.93223
 16531	  26.2859	  42.48722	  114.4764	  114.94135
 16532	  26.28566	  42.48581	  114.47089	  114.93584
 16533	  26.27967	  42.48953	  114.479	  114.94395
 16534	  26.29621	  42.48331	  114.46727	  114.93223
 16535	  26.28566	  42.48581	  114.47089	  114.93584
 16536	  26.2859	  42.48722	  114.4764	  114.94135
 16537	  26.32871	  42.77714	  114.67683	  115.14172
 16538	  26.33373	  42.80025	  114.68083	  115.14572
 16539	  26.33493	  42.7796	  114.68198	  115.14687
 16540	  26.33493	  42.7796	  114.68198	  115.14687
 16541	  26.33373	  42.80025	  114.68083	  115.14572
 16542	  26.34563	  42.80695	  114.68724	  115.15213
 16543	  26.24321	  42.71107	  114.53308	  114.99802
 16544	  26.24501	  42.71685	  114.54238	  115.00732
 16545	  26.24287	  42.70057	  114.53594	  115.00088
 16546	  26.24321	  42.71107	  114.53308	  114.99802
 16547	  26.24287	  42.70057	  114.53594	  115.00088
 16548	  26.24287	  42.7063	  114.52864	  114.99358
 16549	  26.39075	  42.53622	  114.68268	  115.14757
 16550	  26.39458	  42.51759	  114.68443	  115.14931
 16551	  26.38253	  42.51676	  114.68201	  115.1469
 16552	  26.40225	  42.50181	  114.68715	  115.15204
 16553	  26.4003	  42.48407	  114.68873	  115.15362
 16554	  26.38975	  42.50154	  114.68468	  115.14957
 16555	  26.51974	  43.07087	  114.60927	  115.07418
 16556	  26.52538	  43.06681	  114.60517	  115.07009
 16557	  26.52921	  43.05947	  114.61347	  115.07838
 16558	  26.51974	  43.07087	  114.60927	  115.07418
 16559	  26.51604	  43.07713	  114.6002	  115.06512
 16560	  26.52538	  43.06681	  114.60517	  115.07009
 16561	  26.30415	  42.53651	  114.44164	  114.90661
 16562	  26.30363	  42.54043	  114.43589	  114.90086
 16563	  26.29957	  42.54167	  114.43593	  114.90089
 16564	  26.30718	  42.53713	  114.44049	  114.90546
 16565	  26.30415	  42.53651	  114.44164	  114.90661
 16566	  26.31179	  42.53413	  114.44871	  114.91367
 16567	  26.27693	  42.72617	  114.61227	  115.07719
 16568	  26.27776	  42.71346	  114.61411	  115.07903
 16569	  26.27164	  42.72469	  114.60883	  115.07374
 16570	  26.28135	  42.72257	  114.61944	  115.08435
 16571	  26.2804	  42.70943	  114.61732	  115.08223
 16572	  26.27693	  42.72617	  114.61227	  115.07719
 16573	  26.27285	  42.71826	  114.60875	  115.07366
 16574	  26.27164	  42.72469	  114.60883	  115.07374
 16575	  26.27776	  42.71346	  114.61411	  115.07903
 16576	  26.27029	  42.72966	  114.60555	  115.07047
 16577	  26.27164	  42.72469	  114.60883	  115.07374
 16578	  26.27285	  42.71826	  114.60875	  115.07366
 16579	  26.54033	  42.53216	  114.58404	  115.04896
 16580	  26.54636	  42.55207	  114.58887	  115.05379
 16581	  26.5459	  42.56651	  114.57877	  115.04369
 16582	  26.54033	  42.53216	  114.58404	  115.04896
 16583	  26.54509	  42.54032	  114.59542	  115.06034
 16584	  26.54636	  42.55207	  114.58887	  115.05379
 16585	  26.57565	  42.738	  114.5387	  115.00363
 16586	  26.57572	  42.75005	  114.53609	  115.00103
 16587	  26.57318	  42.74988	  114.53323	  114.99817
 16588	  26.57003	  42.75824	  114.52901	  114.99395
 16589	  26.57318	  42.74988	  114.53323	  114.99817
 16590	  26.57572	  42.75005	  114.53609	  115.00103
 16591	  26.26255	  42.57188	  114.58295	  115.04787
 16592	  26.26274	  42.59749	  114.58463	  115.04955
 16593	  26.26553	  42.5799	  114.58812	  115.05304
 16594	  26.39986	  42.77727	  114.4298	  114.89477
 16595	  26.39352	  42.76879	  114.4289	  114.89388
 16596	  26.40723	  42.77112	  114.43034	  114.89531
 16597	  26.39986	  42.77727	  114.4298	  114.89477
 16598	  26.40723	  42.77112	  114.43034	  114.89531
 16599	  26.4138	  42.79842	  114.43375	  114.89871
 16600	  26.35394	  42.47906	  114.46259	  114.92754
 16601	  26.33635	  42.47314	  114.4549	  114.91986
 16602	  26.34814	  42.47562	  114.4576	  114.92255
 16603	  26.34814	  42.47562	  114.4576	  114.92255
 16604	  26.33635	  42.47314	  114.4549	  114.91986
 16605	  26.35184	  42.47235	  114.45485	  114.91981
 16606	  26.35375	  42.3187	  114.5711	  115.03602
 16607	  26.34328	  42.32906	  114.57269	  115.03761
 16608	  26.34549	  42.32148	  114.57784	  115.04276
 16609	  26.34011	  42.33628	  114.56711	  115.03204
 16610	  26.34328	  42.32906	  114.57269	  115.03761
 16611	  26.35375	  42.3187	  114.5711	  115.03602
 16612	  26.52621	  42.45332	  114.6324	  115.09731
 16613	  26.5265	  42.44129	  114.62691	  115.09183
 16614	  26.5264	  42.43053	  114.63254	  115.09744
 16615	  26.56336	  42.65519	  114.55574	  115.02068
 16616	  26.55844	  42.6322	  114.55299	  115.01791
 16617	  26.55185	  42.62318	  114.55172	  115.01665
 16618	  26.55844	  42.6322	  114.55299	  115.01791
 16619	  26.55461	  42.59744	  114.54868	  115.01362
 16620	  26.55185	  42.62318	  114.55172	  115.01665
 16621	  26.56336	  42.65519	  114.55574	  115.02068
 16622	  26.56953	  42.66804	  114.55431	  115.01924
 16623	  26.56478	  42.65098	  114.55441	  115.01935
 16624	  26.56336	  42.65519	  114.55574	  115.02068
 16625	  26.56478	  42.65098	  114.55441	  115.01935
 16626	  26.55844	  42.6322	  114.55299	  115.01791
 16627	  26.33551	  42.53234	  114.45039	  114.91534
 16628	  26.33421	  42.53877	  114.44861	  114.91357
 16629	  26.33021	  42.53798	  114.44868	  114.91365
 16630	  26.32967	  42.54271	  114.4454	  114.91035
 16631	  26.33021	  42.53798	  114.44868	  114.91365
 16632	  26.33421	  42.53877	  114.44861	  114.91357
 16633	  26.54197	  42.71252	  114.5249	  114.98984
 16634	  26.54359	  42.7029	  114.52665	  114.99159
 16635	  26.54531	  42.72196	  114.52236	  114.9873
 16636	  26.5423	  42.69938	  114.52905	  114.99399
 16637	  26.54359	  42.7029	  114.52665	  114.99159
 16638	  26.54197	  42.71252	  114.5249	  114.98984
 16639	  26.54807	  42.67053	  114.54143	  115.00636
 16640	  26.5514	  42.66192	  114.54277	  115.00771
 16641	  26.54976	  42.67926	  114.54096	  115.0059
 16642	  26.54807	  42.67053	  114.54143	  115.00636
 16643	  26.54366	  42.66145	  114.54002	  115.00496
 16644	  26.5514	  42.66192	  114.54277	  115.00771
 16645	  26.58813	  42.85705	  114.61981	  115.08472
 16646	  26.58559	  42.87291	  114.62491	  115.08981
 16647	  26.58763	  42.87079	  114.61922	  115.08413
 16648	  26.58836	  42.86066	  114.60551	  115.07043
 16649	  26.58845	  42.855	  114.61392	  115.07883
 16650	  26.58859	  42.86891	  114.61337	  115.07828
 16651	  26.58783	  42.83175	  114.61469	  115.07961
 16652	  26.58773	  42.8429	  114.6203	  115.08521
 16653	  26.58813	  42.85705	  114.61981	  115.08472
 16654	  26.58845	  42.855	  114.61392	  115.07883
 16655	  26.58813	  42.85705	  114.61981	  115.08472
 16656	  26.58763	  42.87079	  114.61922	  115.08413
 16657	  26.4491	  43.076	  114.49062	  114.95557
 16658	  26.45713	  43.0689	  114.49104	  114.95599
 16659	  26.45671	  43.08058	  114.49709	  114.96203
 16660	  26.44933	  43.06697	  114.48708	  114.95203
 16661	  26.45713	  43.0689	  114.49104	  114.95599
 16662	  26.4491	  43.076	  114.49062	  114.95557
 16663	  26.58808	  42.88319	  114.61202	  115.07694
 16664	  26.58653	  42.88426	  114.61824	  115.08315
 16665	  26.58384	  42.89459	  114.62267	  115.08758
 16666	  26.58845	  42.855	  114.61392	  115.07883
 16667	  26.58763	  42.87079	  114.61922	  115.08413
 16668	  26.58859	  42.86891	  114.61337	  115.07828
 16669	  26.46198	  43.10468	  114.60948	  115.07439
 16670	  26.45483	  43.10629	  114.61713	  115.08205
 16671	  26.44899	  43.11202	  114.6131	  115.07801
 16672	  26.44899	  43.11202	  114.6131	  115.07801
 16673	  26.45007	  43.1073	  114.61869	  115.0836
 16674	  26.44314	  43.11026	  114.6171	  115.08202
 16675	  26.56547	  42.67178	  114.58044	  115.04536
 16676	  26.56589	  42.68783	  114.57233	  115.03725
 16677	  26.56027	  42.66832	  114.56241	  115.02734
 16678	  26.56547	  42.67178	  114.58044	  115.04536
 16679	  26.57362	  42.69611	  114.59241	  115.05733
 16680	  26.56589	  42.68783	  114.57233	  115.03725
 16681	  26.32207	  42.48737	  114.44859	  114.91354
 16682	  26.3182	  42.4936	  114.44944	  114.9144
 16683	  26.30954	  42.49086	  114.45245	  114.9174
 16684	  26.32207	  42.48737	  114.44859	  114.91354
 16685	  26.32626	  42.49155	  114.44799	  114.91296
 16686	  26.3182	  42.4936	  114.44944	  114.9144
 16687	  26.28243	  42.41974	  114.58025	  115.04517
 16688	  26.27583	  42.42178	  114.56396	  115.02888
 16689	  26.27773	  42.43444	  114.5777	  115.04262
 16690	  26.28243	  42.41974	  114.58025	  115.04517
 16691	  26.27773	  42.43444	  114.5777	  115.04262
 16692	  26.28286	  42.43649	  114.58839	  115.05331
 16693	  26.34467	  42.71783	  114.44782	  114.91279
 16694	  26.35528	  42.7186	  114.44743	  114.9124
 16695	  26.34633	  42.72138	  114.44579	  114.91075
 16696	  26.33995	  42.71307	  114.44924	  114.9142
 16697	  26.34467	  42.71783	  114.44782	  114.91279
 16698	  26.34008	  42.72663	  114.44353	  114.90849
 16699	  26.25534	  42.62845	  114.57232	  115.03724
 16700	  26.25179	  42.62463	  114.56506	  115.02999
 16701	  26.24704	  42.65442	  114.55577	  115.02071
 16702	  26.25179	  42.62463	  114.56506	  115.02999
 16703	  26.25534	  42.62845	  114.57232	  115.03724
 16704	  26.25881	  42.59729	  114.57784	  115.04276
 16705	  26.4584	  42.64498	  114.4612	  114.92616
 16706	  26.46564	  42.63109	  114.46638	  114.93134
 16707	  26.46522	  42.65098	  114.46539	  114.93034
 16708	  26.4584	  42.64498	  114.4612	  114.92616
 16709	  26.46522	  42.65098	  114.46539	  114.93034
 16710	  26.4603	  42.67342	  114.4625	  114.92746
 16711	  26.31231	  42.55471	  114.43044	  114.8954
 16712	  26.30825	  42.54735	  114.43404	  114.899
 16713	  26.31112	  42.55575	  114.43243	  114.8974
 16714	  26.31231	  42.55471	  114.43044	  114.8954
 16715	  26.31112	  42.55575	  114.43243	  114.8974
 16716	  26.31591	  42.55733	  114.4332	  114.89816
 16717	  26.5845	  42.92051	  114.60352	  115.06844
 16718	  26.58377	  42.92664	  114.59901	  115.06393
 16719	  26.58469	  42.91987	  114.59671	  115.06163
 16720	  26.58377	  42.92664	  114.59901	  115.06393
 16721	  26.5845	  42.92051	  114.60352	  115.06844
 16722	  26.57899	  42.94422	  114.60284	  115.06775
 16723	  26.42979	  43.01868	  114.46882	  114.93378
 16724	  26.4241	  43.02729	  114.46947	  114.93443
 16725	  26.41718	  43.01736	  114.46575	  114.93071
 16726	  26.4241	  43.02729	  114.46947	  114.93443
 16727	  26.40852	  43.02275	  114.46662	  114.93157
 16728	  26.41718	  43.01736	  114.46575	  114.93071
 16729	  26.44388	  43.01409	  114.47157	  114.93652
 16730	  26.42979	  43.01868	  114.46882	  114.93378
 16731	  26.44128	  42.99415	  114.46353	  114.92849
 16732	  26.4364	  43.02419	  114.47198	  114.93694
 16733	  26.4241	  43.02729	  114.46947	  114.93443
 16734	  26.42979	  43.01868	  114.46882	  114.93378
 16735	  26.56761	  42.6567	  114.61715	  115.08206
 16736	  26.56742	  42.66655	  114.62479	  115.0897
 16737	  26.57303	  42.68413	  114.61573	  115.08064
 16738	  26.57196	  42.67561	  114.60954	  115.07445
 16739	  26.56761	  42.6567	  114.61715	  115.08206
 16740	  26.57303	  42.68413	  114.61573	  115.08064
 16741	  26.41804	  42.41604	  114.47704	  114.942
 16742	  26.41481	  42.42563	  114.47353	  114.93849
 16743	  26.40524	  42.41001	  114.47244	  114.9374
 16744	  26.42842	  42.437	  114.47807	  114.94302
 16745	  26.41481	  42.42563	  114.47353	  114.93849
 16746	  26.41804	  42.41604	  114.47704	  114.942
 16747	  26.27507	  42.69929	  114.48051	  114.94546
 16748	  26.2693	  42.69585	  114.48241	  114.94736
 16749	  26.28231	  42.70155	  114.47788	  114.94283
 16750	  26.28231	  42.70155	  114.47788	  114.94283
 16751	  26.27602	  42.72511	  114.47807	  114.94303
 16752	  26.27507	  42.69929	  114.48051	  114.94546
 16753	  26.30682	  42.35358	  114.60392	  115.06883
 16754	  26.30546	  42.35672	  114.61189	  115.07681
 16755	  26.30857	  42.33645	  114.61195	  115.07687
 16756	  26.30682	  42.35358	  114.60392	  115.06883
 16757	  26.30857	  42.33645	  114.61195	  115.07687
 16758	  26.31021	  42.34446	  114.60179	  115.0667
 16759	  26.30371	  42.58944	  114.4222	  114.88718
 16760	  26.30006	  42.58278	  114.42218	  114.88715
 16761	  26.30632	  42.57354	  114.42146	  114.88644
 16762	  26.29917	  42.59302	  114.42302	  114.88799
 16763	  26.30371	  42.58944	  114.4222	  114.88718
 16764	  26.30325	  42.62333	  114.42849	  114.89346
 16765	  26.50496	  42.87695	  114.68671	  115.1516
 16766	  26.52475	  42.86534	  114.67934	  115.14423
 16767	  26.5237	  42.84516	  114.68073	  115.14562
 16768	  26.52475	  42.86534	  114.67934	  115.14423
 16769	  26.53565	  42.86337	  114.67276	  115.13766
 16770	  26.5237	  42.84516	  114.68073	  115.14562
 16771	  26.34725	  42.57177	  114.44103	  114.90599
 16772	  26.34624	  42.59028	  114.44157	  114.90654
 16773	  26.34373	  42.57468	  114.43798	  114.90295
 16774	  26.34725	  42.57177	  114.44103	  114.90599
 16775	  26.34373	  42.57468	  114.43798	  114.90295
 16776	  26.34111	  42.5626	  114.43685	  114.90182
 16777	  26.52283	  42.94753	  114.67043	  115.13533
 16778	  26.54088	  42.92246	  114.66433	  115.12923
 16779	  26.52348	  42.93265	  114.67294	  115.13783
 16780	  26.52348	  42.93265	  114.67294	  115.13783
 16781	  26.5141	  42.93876	  114.67615	  115.14104
 16782	  26.52283	  42.94753	  114.67043	  115.13533
 16783	  26.37125	  42.35181	  114.6968	  115.16169
 16784	  26.36408	  42.33226	  114.69425	  115.15914
 16785	  26.36224	  42.35514	  114.6913	  115.15619
 16786	  26.36224	  42.35514	  114.6913	  115.15619
 16787	  26.36408	  42.33226	  114.69425	  115.15914
 16788	  26.35764	  42.33098	  114.69011	  115.155
 16789	  26.33345	  42.63704	  114.67164	  115.13653
 16790	  26.34155	  42.63477	  114.67512	  115.14001
 16791	  26.34189	  42.61312	  114.67352	  115.13842
 16792	  26.34189	  42.61312	  114.67352	  115.13842
 16793	  26.34155	  42.63477	  114.67512	  115.14001
 16794	  26.35363	  42.5988	  114.6764	  115.1413
 16795	  26.34155	  42.63477	  114.67512	  115.14001
 16796	  26.35366	  42.62239	  114.67815	  115.14304
 16797	  26.35363	  42.5988	  114.6764	  115.1413
 16798	  26.35366	  42.62239	  114.67815	  115.14304
 16799	  26.36542	  42.59107	  114.67883	  115.14372
 16800	  26.35363	  42.5988	  114.6764	  115.1413
 16801	  26.37323	  42.71879	  114.44509	  114.91006
 16802	  26.36282	  42.71824	  114.44879	  114.91375
 16803	  26.35694	  42.7043	  114.45364	  114.9186
 16804	  26.35528	  42.7186	  114.44743	  114.9124
 16805	  26.36282	  42.71824	  114.44879	  114.91375
 16806	  26.37323	  42.71879	  114.44509	  114.91006
 16807	  26.27498	  42.72371	  114.63998	  115.10489
 16808	  26.27541	  42.7468	  114.64039	  115.10529
 16809	  26.27816	  42.74314	  114.63967	  115.10458
 16810	  26.27498	  42.72371	  114.63998	  115.10489
 16811	  26.27245	  42.75147	  114.63953	  115.10444
 16812	  26.27541	  42.7468	  114.64039	  115.10529
 16813	  26.30602	  42.75714	  114.44303	  114.90799
 16814	  26.28947	  42.75932	  114.45042	  114.91539
 16815	  26.29147	  42.74932	  114.45147	  114.91644
 16816	  26.29147	  42.74932	  114.45147	  114.91644
 16817	  26.2824	  42.75614	  114.45496	  114.91993
 16818	  26.28023	  42.74878	  114.45887	  114.92383
 16819	  26.31382	  42.52801	  114.4502	  114.91516
 16820	  26.31868	  42.50989	  114.4502	  114.91516
 16821	  26.31966	  42.52869	  114.44909	  114.91405
 16822	  26.31179	  42.53413	  114.44871	  114.91367
 16823	  26.31382	  42.52801	  114.4502	  114.91516
 16824	  26.31966	  42.52869	  114.44909	  114.91405
 16825	  26.30585	  42.52888	  114.45294	  114.91791
 16826	  26.31041	  42.52068	  114.45238	  114.91734
 16827	  26.31382	  42.52801	  114.4502	  114.91516
 16828	  26.30585	  42.52888	  114.45294	  114.91791
 16829	  26.30019	  42.50798	  114.4559	  114.92087
 16830	  26.31041	  42.52068	  114.45238	  114.91734
 16831	  26.3661	  42.48092	  114.46164	  114.9266
 16832	  26.34814	  42.47562	  114.4576	  114.92255
 16833	  26.3662	  42.47871	  114.45918	  114.92413
 16834	  26.3662	  42.47871	  114.45918	  114.92413
 16835	  26.36486	  42.47651	  114.46001	  114.92496
 16836	  26.3661	  42.48092	  114.46164	  114.9266
 16837	  26.45	  42.67789	  114.45771	  114.92267
 16838	  26.45488	  42.68933	  114.45922	  114.92418
 16839	  26.4467	  42.69112	  114.45604	  114.921
 16840	  26.4467	  42.69112	  114.45604	  114.921
 16841	  26.45488	  42.68933	  114.45922	  114.92418
 16842	  26.4514	  42.69859	  114.45615	  114.92111
 16843	  26.29658	  42.38262	  114.5684	  115.03333
 16844	  26.30159	  42.37688	  114.57552	  115.04044
 16845	  26.30468	  42.37385	  114.56915	  115.03407
 16846	  26.30799	  42.36903	  114.57432	  115.03925
 16847	  26.30159	  42.37688	  114.57552	  115.04044
 16848	  26.30437	  42.37051	  114.58309	  115.04802
 16849	  26.3959	  42.68273	  114.44615	  114.91112
 16850	  26.39479	  42.70799	  114.44382	  114.90878
 16851	  26.38722	  42.6793	  114.44658	  114.91154
 16852	  26.39502	  42.6786	  114.44539	  114.91035
 16853	  26.38722	  42.6793	  114.44658	  114.91154
 16854	  26.38207	  42.67588	  114.44659	  114.91155
 16855	  26.43117	  42.6013	  114.6882	  115.15309
 16856	  26.4353	  42.62288	  114.69032	  115.15521
 16857	  26.44662	  42.61842	  114.6885	  115.15339
 16858	  26.4353	  42.62288	  114.69032	  115.15521
 16859	  26.44101	  42.66586	  114.69509	  115.15998
 16860	  26.44662	  42.61842	  114.6885	  115.15339
 16861	  26.37413	  42.15852	  114.5848	  115.04972
 16862	  26.37158	  42.17788	  114.58489	  115.04982
 16863	  26.36339	  42.17261	  114.58934	  115.05426
 16864	  26.37158	  42.17788	  114.58489	  115.04982
 16865	  26.35231	  42.23926	  114.59179	  115.0567
 16866	  26.36339	  42.17261	  114.58934	  115.05426
 16867	  26.29728	  42.34963	  114.50919	  114.97413
 16868	  26.29727	  42.36361	  114.52478	  114.98972
 16869	  26.30301	  42.35585	  114.52052	  114.98546
 16870	  26.29727	  42.36361	  114.52478	  114.98972
 16871	  26.30783	  42.35905	  114.52886	  114.9938
 16872	  26.30301	  42.35585	  114.52052	  114.98546
 16873	  26.53794	  42.73898	  114.51714	  114.98208
 16874	  26.53874	  42.73023	  114.51608	  114.98103
 16875	  26.54466	  42.74491	  114.51721	  114.98215
 16876	  26.53794	  42.73898	  114.51714	  114.98208
 16877	  26.54466	  42.74491	  114.51721	  114.98215
 16878	  26.54131	  42.74851	  114.51951	  114.98444
 16879	  26.34444	  42.30387	  114.5874	  115.05232
 16880	  26.34289	  42.29264	  114.59121	  115.05613
 16881	  26.35036	  42.28633	  114.58782	  115.05274
 16882	  26.35036	  42.28633	  114.58782	  115.05274
 16883	  26.34289	  42.29264	  114.59121	  115.05613
 16884	  26.35198	  42.26723	  114.5895	  115.05442
 16885	  26.55409	  43.00939	  114.55	  115.01492
 16886	  26.56272	  42.98981	  114.5542	  115.01913
 16887	  26.55797	  43.01128	  114.56154	  115.02647
 16888	  26.54733	  43.02622	  114.54983	  115.01476
 16889	  26.55409	  43.00939	  114.55	  115.01492
 16890	  26.55797	  43.01128	  114.56154	  115.02647
 16891	  26.45211	  42.5778	  114.46262	  114.92758
 16892	  26.44295	  42.58401	  114.45626	  114.92122
 16893	  26.44355	  42.56549	  114.45937	  114.92432
 16894	  26.44355	  42.56549	  114.45937	  114.92432
 16895	  26.44295	  42.58401	  114.45626	  114.92122
 16896	  26.43518	  42.56286	  114.45534	  114.9203
 16897	  26.35233	  42.35413	  114.46556	  114.93052
 16898	  26.34846	  42.34135	  114.47031	  114.93526
 16899	  26.35801	  42.34898	  114.46831	  114.93326
 16900	  26.35233	  42.35413	  114.46556	  114.93052
 16901	  26.35801	  42.34898	  114.46831	  114.93326
 16902	  26.36129	  42.36208	  114.46534	  114.9303
 16903	  26.28165	  42.58506	  114.60793	  115.07285
 16904	  26.27768	  42.6034	  114.60562	  115.07053
 16905	  26.27839	  42.61232	  114.60818	  115.0731
 16906	  26.27839	  42.61232	  114.60818	  115.0731
 16907	  26.27628	  42.61128	  114.60587	  115.07079
 16908	  26.27486	  42.61467	  114.6167	  115.08161
 16909	  26.55938	  42.76294	  114.5547	  115.01962
 16910	  26.5681	  42.76389	  114.56647	  115.03139
 16911	  26.56311	  42.77608	  114.55627	  115.0212
 16912	  26.55275	  42.77373	  114.54115	  115.00609
 16913	  26.55938	  42.76294	  114.5547	  115.01962
 16914	  26.56311	  42.77608	  114.55627	  115.0212
 16915	  26.31526	  42.93301	  114.45502	  114.91999
 16916	  26.31042	  42.90896	  114.45217	  114.91714
 16917	  26.31873	  42.91801	  114.45048	  114.91544
 16918	  26.31526	  42.93301	  114.45502	  114.91999
 16919	  26.31873	  42.91801	  114.45048	  114.91544
 16920	  26.32713	  42.93553	  114.45125	  114.91621
 16921	  26.30355	  42.45853	  114.45898	  114.92393
 16922	  26.30137	  42.44798	  114.46574	  114.93069
 16923	  26.30639	  42.44827	  114.4624	  114.92736
 16924	  26.30992	  42.43957	  114.46558	  114.93053
 16925	  26.30639	  42.44827	  114.4624	  114.92736
 16926	  26.30137	  42.44798	  114.46574	  114.93069
 16927	  26.31877	  42.46682	  114.45388	  114.91885
 16928	  26.30857	  42.46863	  114.45721	  114.92217
 16929	  26.31157	  42.46176	  114.45509	  114.92004
 16930	  26.31509	  42.47081	  114.45612	  114.92108
 16931	  26.31279	  42.4747	  114.45917	  114.92413
 16932	  26.30857	  42.46863	  114.45721	  114.92217
 16933	  26.45208	  42.7811	  114.44917	  114.91412
 16934	  26.44324	  42.76664	  114.44286	  114.90783
 16935	  26.45134	  42.76426	  114.44812	  114.91309
 16936	  26.4493	  42.79802	  114.44731	  114.91228
 16937	  26.45208	  42.7811	  114.44917	  114.91412
 16938	  26.46181	  42.80243	  114.45418	  114.91914
 16939	  26.44324	  42.76664	  114.44286	  114.90783
 16940	  26.44383	  42.78516	  114.44415	  114.9091
 16941	  26.43687	  42.80064	  114.44123	  114.9062
 16942	  26.45208	  42.7811	  114.44917	  114.91412
 16943	  26.44383	  42.78516	  114.44415	  114.9091
 16944	  26.44324	  42.76664	  114.44286	  114.90783
 16945	  26.43488	  42.6879	  114.69849	  115.16338
 16946	  26.44101	  42.66586	  114.69509	  115.15998
 16947	  26.43268	  42.65512	  114.69501	  115.1599
 16948	  26.43268	  42.65512	  114.69501	  115.1599
 16949	  26.44101	  42.66586	  114.69509	  115.15998
 16950	  26.4353	  42.62288	  114.69032	  115.15521
 16951	  26.365	  42.34588	  114.47208	  114.93704
 16952	  26.35801	  42.34898	  114.46831	  114.93326
 16953	  26.35607	  42.34131	  114.47175	  114.93671
 16954	  26.36781	  42.34296	  114.47636	  114.94131
 16955	  26.365	  42.34588	  114.47208	  114.93704
 16956	  26.35983	  42.33823	  114.47529	  114.94025
 16957	  26.5517	  42.63543	  114.56145	  115.02637
 16958	  26.54836	  42.63896	  114.55573	  115.02065
 16959	  26.544	  42.61721	  114.55558	  115.02051
 16960	  26.5517	  42.63543	  114.56145	  115.02637
 16961	  26.54712	  42.61501	  114.56127	  115.0262
 16962	  26.55339	  42.62862	  114.56816	  115.03309
 16963	  26.32378	  42.35161	  114.53488	  114.99982
 16964	  26.32228	  42.35751	  114.54943	  115.01436
 16965	  26.33363	  42.34428	  114.54017	  115.0051
 16966	  26.31347	  42.36673	  114.55385	  115.01878
 16967	  26.32004	  42.36204	  114.55921	  115.02414
 16968	  26.32228	  42.35751	  114.54943	  115.01436
 16969	  26.27997	  42.39458	  114.49689	  114.96185
 16970	  26.28625	  42.38003	  114.48612	  114.95107
 16971	  26.28733	  42.38831	  114.48457	  114.94952
 16972	  26.29037	  42.375	  114.48205	  114.947
 16973	  26.29451	  42.38041	  114.47847	  114.94342
 16974	  26.29001	  42.38544	  114.48172	  114.94667
 16975	  26.29001	  42.38544	  114.48172	  114.94667
 16976	  26.28625	  42.38003	  114.48612	  114.95107
 16977	  26.29037	  42.375	  114.48205	  114.947
 16978	  26.29037	  42.375	  114.48205	  114.947
 16979	  26.28625	  42.38003	  114.48612	  114.95107
 16980	  26.28871	  42.36779	  114.4854	  114.95036
 16981	  26.44388	  43.01409	  114.47157	  114.93652
 16982	  26.4364	  43.02419	  114.47198	  114.93694
 16983	  26.42979	  43.01868	  114.46882	  114.93378
 16984	  26.44388	  43.01409	  114.47157	  114.93652
 16985	  26.45683	  43.01045	  114.47508	  114.94004
 16986	  26.4364	  43.02419	  114.47198	  114.93694
 16987	  26.29338	  42.48504	  114.47673	  114.94168
 16988	  26.29721	  42.48083	  114.46991	  114.93487
 16989	  26.3029	  42.48175	  114.47005	  114.93501
 16990	  26.29338	  42.48504	  114.47673	  114.94168
 16991	  26.3029	  42.48175	  114.47005	  114.93501
 16992	  26.29325	  42.4879	  114.48238	  114.94733
 16993	  26.51425	  42.46198	  114.66348	  115.12838
 16994	  26.52179	  42.39781	  114.66269	  115.12759
 16995	  26.52028	  42.39032	  114.66719	  115.13209
 16996	  26.51837	  42.47903	  114.65517	  115.12006
 16997	  26.51777	  42.46057	  114.65785	  115.12276
 16998	  26.51425	  42.46198	  114.66348	  115.12838
 16999	  26.27938	  42.48891	  114.48679	  114.95174
 17000	  26.28409	  42.49318	  114.48805	  114.953
 17001	  26.28396	  42.48989	  114.48728	  114.95223
 17002	  26.28409	  42.49318	  114.48805	  114.953
 17003	  26.2893	  42.48347	  114.47646	  114.94141
 17004	  26.29338	  42.48504	  114.47673	  114.94168
 17005	  26.33047	  42.4796	  114.45041	  114.91537
 17006	  26.33832	  42.47728	  114.45227	  114.91724
 17007	  26.34715	  42.47752	  114.4505	  114.91547
 17008	  26.33832	  42.47728	  114.45227	  114.91724
 17009	  26.36338	  42.47496	  114.45603	  114.92099
 17010	  26.34715	  42.47752	  114.4505	  114.91547
 17011	  26.28338	  42.48574	  114.48103	  114.94598
 17012	  26.27938	  42.48891	  114.48679	  114.95174
 17013	  26.28307	  42.47937	  114.47842	  114.94337
 17014	  26.28338	  42.48574	  114.48103	  114.94598
 17015	  26.28409	  42.49318	  114.48805	  114.953
 17016	  26.27938	  42.48891	  114.48679	  114.95174
 17017	  26.51241	  42.27591	  114.59409	  115.05901
 17018	  26.51326	  42.2247	  114.60281	  115.06773
 17019	  26.51891	  42.22905	  114.60991	  115.07482
 17020	  26.51326	  42.2247	  114.60281	  115.06773
 17021	  26.51704	  42.1721	  114.61427	  115.07919
 17022	  26.51891	  42.22905	  114.60991	  115.07482
 17023	  26.57728	  42.68714	  114.5473	  115.01223
 17024	  26.57161	  42.6539	  114.54799	  115.01292
 17025	  26.5729	  42.64377	  114.54971	  115.01464
 17026	  26.56907	  42.61274	  114.54695	  115.01189
 17027	  26.5729	  42.64377	  114.54971	  115.01464
 17028	  26.57076	  42.63806	  114.54795	  115.01289
 17029	  26.52557	  42.87174	  114.49276	  114.95771
 17030	  26.52866	  42.85439	  114.49641	  114.96135
 17031	  26.53843	  42.86186	  114.50658	  114.97152
 17032	  26.52233	  42.85582	  114.49055	  114.95551
 17033	  26.52557	  42.87174	  114.49276	  114.95771
 17034	  26.51682	  42.87044	  114.48553	  114.95048
 17035	  26.31453	  42.80642	  114.4417	  114.90667
 17036	  26.32185	  42.81426	  114.43958	  114.90455
 17037	  26.30959	  42.81558	  114.44399	  114.90896
 17038	  26.32185	  42.81426	  114.43958	  114.90455
 17039	  26.32216	  42.80455	  114.43915	  114.90411
 17040	  26.33403	  42.80992	  114.43657	  114.90154
 17041	  26.52915	  43.02199	  114.51935	  114.98429
 17042	  26.51841	  43.05373	  114.52637	  114.99131
 17043	  26.51872	  43.02971	  114.51277	  114.97771
 17044	  26.53503	  42.99582	  114.51597	  114.98091
 17045	  26.53029	  43.01352	  114.51685	  114.98179
 17046	  26.52336	  43.01999	  114.5125	  114.97744
 17047	  26.3166	  42.87268	  114.445	  114.90997
 17048	  26.31076	  42.89563	  114.44996	  114.91492
 17049	  26.30772	  42.8736	  114.44878	  114.91375
 17050	  26.3166	  42.87268	  114.445	  114.90997
 17051	  26.30772	  42.8736	  114.44878	  114.91375
 17052	  26.30865	  42.85274	  114.44475	  114.90971
 17053	  26.25981	  42.8571	  114.58569	  115.05061
 17054	  26.25795	  42.80275	  114.57864	  115.04356
 17055	  26.25749	  42.88478	  114.58321	  115.04813
 17056	  26.2599	  42.87521	  114.58766	  115.05258
 17057	  26.25749	  42.88478	  114.58321	  115.04813
 17058	  26.26143	  42.89035	  114.58998	  115.0549
 17059	  26.48238	  42.73745	  114.69529	  115.16018
 17060	  26.48836	  42.76756	  114.69554	  115.16042
 17061	  26.49101	  42.73927	  114.69316	  115.15804
 17062	  26.49073	  42.71883	  114.69144	  115.15633
 17063	  26.48238	  42.73745	  114.69529	  115.16018
 17064	  26.49101	  42.73927	  114.69316	  115.15804
 17065	  26.3908	  42.57197	  114.68254	  115.14743
 17066	  26.37514	  42.58311	  114.68031	  115.14521
 17067	  26.39179	  42.59052	  114.68398	  115.14887
 17068	  26.36542	  42.59107	  114.67883	  115.14372
 17069	  26.38074	  42.59903	  114.68269	  115.14758
 17070	  26.37514	  42.58311	  114.68031	  115.14521
 17071	  26.2841	  42.76048	  114.6359	  115.10081
 17072	  26.28315	  42.7457	  114.63726	  115.10217
 17073	  26.27705	  42.76699	  114.63916	  115.10406
 17074	  26.2841	  42.76048	  114.6359	  115.10081
 17075	  26.28625	  42.74503	  114.63718	  115.10208
 17076	  26.28315	  42.7457	  114.63726	  115.10217
 17077	  26.36317	  43.12168	  114.55212	  115.01706
 17078	  26.36435	  43.12427	  114.561	  115.02594
 17079	  26.35546	  43.11838	  114.54989	  115.01482
 17080	  26.35668	  43.115	  114.54279	  115.00773
 17081	  26.36317	  43.12168	  114.55212	  115.01706
 17082	  26.35546	  43.11838	  114.54989	  115.01482
 17083	  26.28319	  42.57233	  114.43242	  114.89738
 17084	  26.2834	  42.5869	  114.43317	  114.89814
 17085	  26.28146	  42.57443	  114.4373	  114.90227
 17086	  26.28273	  42.56792	  114.43559	  114.90056
 17087	  26.28668	  42.56102	  114.43262	  114.89758
 17088	  26.28319	  42.57233	  114.43242	  114.89738
 17089	  26.29906	  42.83438	  114.44839	  114.91335
 17090	  26.28855	  42.83787	  114.45428	  114.91924
 17091	  26.28994	  42.81906	  114.45367	  114.91863
 17092	  26.28855	  42.83787	  114.45428	  114.91924
 17093	  26.29906	  42.83438	  114.44839	  114.91335
 17094	  26.29494	  42.84797	  114.45084	  114.91581
 17095	  26.27204	  42.75923	  114.61262	  115.07753
 17096	  26.27106	  42.7542	  114.61076	  115.07568
 17097	  26.27125	  42.77566	  114.60869	  115.07361
 17098	  26.27303	  42.74839	  114.62028	  115.08519
 17099	  26.27106	  42.7542	  114.61076	  115.07568
 17100	  26.27204	  42.75923	  114.61262	  115.07753
 17101	  26.26928	  42.77501	  114.6083	  115.07321
 17102	  26.27125	  42.77566	  114.60869	  115.07361
 17103	  26.27162	  42.74039	  114.60681	  115.07172
 17104	  26.27125	  42.77566	  114.60869	  115.07361
 17105	  26.26928	  42.77501	  114.6083	  115.07321
 17106	  26.26825	  42.78624	  114.6106	  115.07551
 17107	  26.29939	  43.06202	  114.56181	  115.02673
 17108	  26.28928	  43.04185	  114.55602	  115.02095
 17109	  26.30045	  43.06372	  114.55665	  115.02158
 17110	  26.30727	  43.07687	  114.56088	  115.02581
 17111	  26.3071	  43.07477	  114.57064	  115.03556
 17112	  26.29939	  43.06202	  114.56181	  115.02673
 17113	  26.33459	  42.83718	  114.43578	  114.90075
 17114	  26.34142	  42.84818	  114.43555	  114.90052
 17115	  26.33017	  42.84994	  114.43768	  114.90265
 17116	  26.33598	  42.86949	  114.43918	  114.90414
 17117	  26.33017	  42.84994	  114.43768	  114.90265
 17118	  26.34142	  42.84818	  114.43555	  114.90052
 17119	  26.28562	  43.03317	  114.57674	  115.04166
 17120	  26.29313	  43.04907	  114.5724	  115.03732
 17121	  26.29385	  43.04747	  114.57962	  115.04454
 17122	  26.29313	  43.04907	  114.5724	  115.03732
 17123	  26.30648	  43.06542	  114.58379	  115.04871
 17124	  26.29385	  43.04747	  114.57962	  115.04454
 17125	  26.34941	  42.87169	  114.68864	  115.15353
 17126	  26.35146	  42.90024	  114.6874	  115.15229
 17127	  26.35822	  42.89682	  114.69033	  115.15522
 17128	  26.35146	  42.90024	  114.6874	  115.15229
 17129	  26.35316	  42.91997	  114.68564	  115.15053
 17130	  26.35822	  42.89682	  114.69033	  115.15522
 17131	  26.37701	  42.82273	  114.43145	  114.89642
 17132	  26.37571	  42.84103	  114.4324	  114.89737
 17133	  26.36609	  42.82397	  114.43189	  114.89686
 17134	  26.36242	  42.80342	  114.43228	  114.89725
 17135	  26.37701	  42.82273	  114.43145	  114.89642
 17136	  26.36609	  42.82397	  114.43189	  114.89686
 17137	  26.28264	  42.64904	  114.62732	  115.09222
 17138	  26.28318	  42.65832	  114.63036	  115.09527
 17139	  26.28787	  42.66626	  114.62875	  115.09365
 17140	  26.28318	  42.65832	  114.63036	  115.09527
 17141	  26.28264	  42.64904	  114.62732	  115.09222
 17142	  26.27584	  42.63826	  114.63154	  115.09644
 17143	  26.27584	  42.63826	  114.63154	  115.09644
 17144	  26.28264	  42.64904	  114.62732	  115.09222
 17145	  26.27742	  42.63025	  114.62711	  115.09202
 17146	  26.27279	  42.63884	  114.63327	  115.09818
 17147	  26.27584	  42.63826	  114.63154	  115.09644
 17148	  26.27742	  42.63025	  114.62711	  115.09202
 17149	  26.29701	  42.64648	  114.6357	  115.10062
 17150	  26.29507	  42.68365	  114.63439	  115.0993
 17151	  26.29864	  42.69841	  114.64039	  115.10529
 17152	  26.29408	  42.70221	  114.63791	  115.10281
 17153	  26.29711	  42.70596	  114.6394	  115.1043
 17154	  26.29507	  42.68365	  114.63439	  115.0993
 17155	  26.49312	  43.06435	  114.64014	  115.10504
 17156	  26.48889	  43.05995	  114.64559	  115.11049
 17157	  26.48549	  43.07015	  114.6394	  115.10431
 17158	  26.49312	  43.06435	  114.64014	  115.10504
 17159	  26.5059	  43.05057	  114.64026	  115.10516
 17160	  26.4965	  43.05393	  114.64516	  115.11007
 17161	  26.53468	  42.28574	  114.64132	  115.10622
 17162	  26.53468	  42.27187	  114.6514	  115.11629
 17163	  26.53439	  42.30877	  114.64861	  115.11352
 17164	  26.53439	  42.30877	  114.64861	  115.11352
 17165	  26.53468	  42.27187	  114.6514	  115.11629
 17166	  26.53387	  42.27485	  114.6571	  115.122
 17167	  26.57034	  42.93081	  114.5514	  115.01633
 17168	  26.56754	  42.91616	  114.54575	  115.01069
 17169	  26.57393	  42.90965	  114.55746	  115.02238
 17170	  26.57034	  42.93081	  114.5514	  115.01633
 17171	  26.56462	  42.93539	  114.54166	  115.0066
 17172	  26.56754	  42.91616	  114.54575	  115.01069
 17173	  26.51241	  42.27591	  114.59409	  115.05901
 17174	  26.50529	  42.29146	  114.58387	  115.04879
 17175	  26.50415	  42.27348	  114.58453	  115.04945
 17176	  26.49796	  42.2879	  114.57683	  115.04175
 17177	  26.50415	  42.27348	  114.58453	  115.04945
 17178	  26.50529	  42.29146	  114.58387	  115.04879
 17179	  26.58814	  42.83546	  114.5964	  115.06132
 17180	  26.58878	  42.85117	  114.60227	  115.06719
 17181	  26.58816	  42.85183	  114.59595	  115.06087
 17182	  26.58816	  42.85183	  114.59595	  115.06087
 17183	  26.58878	  42.85117	  114.60227	  115.06719
 17184	  26.58836	  42.86066	  114.60551	  115.07043
 17185	  26.56382	  42.71582	  114.53609	  115.00103
 17186	  26.55916	  42.71249	  114.53395	  114.99889
 17187	  26.56141	  42.69802	  114.53728	  115.00221
 17188	  26.55674	  42.70516	  114.53471	  114.99964
 17189	  26.56141	  42.69802	  114.53728	  115.00221
 17190	  26.55916	  42.71249	  114.53395	  114.99889
 17191	  26.36705	  42.75987	  114.69667	  115.16155
 17192	  26.36769	  42.7347	  114.69574	  115.16063
 17193	  26.35941	  42.73802	  114.69289	  115.15778
 17194	  26.36769	  42.7347	  114.69574	  115.16063
 17195	  26.37632	  42.74612	  114.69833	  115.16322
 17196	  26.38026	  42.71661	  114.69767	  115.16255
 17197	  26.3238	  42.51403	  114.44939	  114.91435
 17198	  26.31966	  42.52869	  114.44909	  114.91405
 17199	  26.31868	  42.50989	  114.4502	  114.91516
 17200	  26.3114	  42.50544	  114.45409	  114.91905
 17201	  26.31927	  42.50143	  114.45023	  114.91519
 17202	  26.31868	  42.50989	  114.4502	  114.91516
 17203	  26.33142	  42.51308	  114.44953	  114.91449
 17204	  26.3238	  42.51403	  114.44939	  114.91435
 17205	  26.32383	  42.50063	  114.44914	  114.9141
 17206	  26.31868	  42.50989	  114.4502	  114.91516
 17207	  26.32383	  42.50063	  114.44914	  114.9141
 17208	  26.3238	  42.51403	  114.44939	  114.91435
 17209	  26.54465	  42.62985	  114.55244	  115.01738
 17210	  26.55326	  42.63431	  114.5536	  115.01853
 17211	  26.55185	  42.62318	  114.55172	  115.01665
 17212	  26.56415	  42.66646	  114.55862	  115.02354
 17213	  26.55185	  42.62318	  114.55172	  115.01665
 17214	  26.55326	  42.63431	  114.5536	  115.01853
 17215	  26.54469	  42.62317	  114.55082	  115.01575
 17216	  26.54465	  42.62985	  114.55244	  115.01738
 17217	  26.55185	  42.62318	  114.55172	  115.01665
 17218	  26.54465	  42.62985	  114.55244	  115.01738
 17219	  26.54469	  42.62317	  114.55082	  115.01575
 17220	  26.53421	  42.6079	  114.54479	  115.00973
 17221	  26.50491	  43.05703	  114.63634	  115.10125
 17222	  26.52433	  43.05457	  114.62562	  115.09052
 17223	  26.52373	  43.0458	  114.63261	  115.09751
 17224	  26.53291	  43.04547	  114.62469	  115.08961
 17225	  26.52904	  43.04433	  114.62965	  115.09456
 17226	  26.52433	  43.05457	  114.62562	  115.09052
 17227	  26.29325	  42.4879	  114.48238	  114.94733
 17228	  26.2865	  42.49142	  114.48806	  114.95301
 17229	  26.28409	  42.49318	  114.48805	  114.953
 17230	  26.29325	  42.4879	  114.48238	  114.94733
 17231	  26.29641	  42.4871	  114.47665	  114.94161
 17232	  26.2865	  42.49142	  114.48806	  114.95301
 17233	  26.46914	  42.23285	  114.571	  115.03593
 17234	  26.46729	  42.26968	  114.56557	  115.0305
 17235	  26.46292	  42.26688	  114.56575	  115.03068
 17236	  26.46292	  42.26688	  114.56575	  115.03068
 17237	  26.46729	  42.26968	  114.56557	  115.0305
 17238	  26.4722	  42.3156	  114.55849	  115.02343
 17239	  26.28908	  42.53772	  114.47169	  114.93665
 17240	  26.29604	  42.53767	  114.46113	  114.92609
 17241	  26.29054	  42.54737	  114.47129	  114.93625
 17242	  26.29054	  42.54737	  114.47129	  114.93625
 17243	  26.28212	  42.52564	  114.47654	  114.9415
 17244	  26.28908	  42.53772	  114.47169	  114.93665
 17245	  26.57119	  42.72853	  114.54124	  115.00617
 17246	  26.57075	  42.70737	  114.54517	  115.01011
 17247	  26.57341	  42.70611	  114.54478	  115.0097
 17248	  26.57341	  42.70611	  114.54478	  115.0097
 17249	  26.57075	  42.70737	  114.54517	  115.01011
 17250	  26.56959	  42.67899	  114.54646	  115.01139
 17251	  26.34384	  42.94924	  114.67574	  115.14063
 17252	  26.34101	  42.93183	  114.67779	  115.14268
 17253	  26.33601	  42.93386	  114.67371	  115.13861
 17254	  26.32938	  42.90282	  114.67139	  115.13628
 17255	  26.33601	  42.93386	  114.67371	  115.13861
 17256	  26.34101	  42.93183	  114.67779	  115.14268
 17257	  26.3965	  42.5452	  114.44582	  114.91079
 17258	  26.39506	  42.53044	  114.4485	  114.91347
 17259	  26.40141	  42.53149	  114.44904	  114.914
 17260	  26.39929	  42.50402	  114.45644	  114.92141
 17261	  26.40141	  42.53149	  114.44904	  114.914
 17262	  26.39506	  42.53044	  114.4485	  114.91347
 17263	  26.41034	  42.73011	  114.70226	  115.16714
 17264	  26.3987	  42.72122	  114.70072	  115.1656
 17265	  26.40085	  42.74647	  114.70225	  115.16714
 17266	  26.42286	  42.71976	  114.702	  115.16688
 17267	  26.41063	  42.71056	  114.70098	  115.16586
 17268	  26.41034	  42.73011	  114.70226	  115.16714
 17269	  26.40797	  42.75859	  114.70309	  115.16798
 17270	  26.41636	  42.76351	  114.70329	  115.16817
 17271	  26.4234	  42.74405	  114.70299	  115.16788
 17272	  26.41636	  42.76351	  114.70329	  115.16817
 17273	  26.42445	  42.84105	  114.70362	  115.16851
 17274	  26.4234	  42.74405	  114.70299	  115.16788
 17275	  26.40802	  42.82935	  114.70344	  115.16832
 17276	  26.40249	  42.85525	  114.70216	  115.16705
 17277	  26.41549	  42.85294	  114.70318	  115.16807
 17278	  26.40802	  42.82935	  114.70344	  115.16832
 17279	  26.41577	  42.83041	  114.70383	  115.16872
 17280	  26.41636	  42.76351	  114.70329	  115.16817
 17281	  26.3315	  42.26132	  114.66438	  115.12927
 17282	  26.32676	  42.25723	  114.65699	  115.12189
 17283	  26.31741	  42.31401	  114.64417	  115.10908
 17284	  26.32676	  42.25723	  114.65699	  115.12189
 17285	  26.3315	  42.26132	  114.66438	  115.12927
 17286	  26.33541	  42.19923	  114.67027	  115.13516
 17287	  26.5167	  42.34204	  114.68334	  115.14823
 17288	  26.52061	  42.31872	  114.6815	  115.14639
 17289	  26.5167	  42.31816	  114.68582	  115.15071
 17290	  26.52061	  42.31872	  114.6815	  115.14639
 17291	  26.5195	  42.20361	  114.68936	  115.15424
 17292	  26.51711	  42.26187	  114.68844	  115.15332
 17293	  26.26765	  42.64822	  114.60299	  115.0679
 17294	  26.26638	  42.6665	  114.59483	  115.05975
 17295	  26.26557	  42.67125	  114.59769	  115.06261
 17296	  26.26638	  42.6665	  114.59483	  115.05975
 17297	  26.26437	  42.7029	  114.59315	  115.05807
 17298	  26.26557	  42.67125	  114.59769	  115.06261
 17299	  26.3536	  42.49059	  114.67407	  115.13896
 17300	  26.34937	  42.47873	  114.67251	  115.13741
 17301	  26.34311	  42.50118	  114.66927	  115.13417
 17302	  26.36476	  42.46991	  114.67976	  115.14465
 17303	  26.34937	  42.47873	  114.67251	  115.13741
 17304	  26.3536	  42.49059	  114.67407	  115.13896
 17305	  26.37494	  42.48194	  114.68237	  115.14726
 17306	  26.38418	  42.48688	  114.68468	  115.14957
 17307	  26.38458	  42.46926	  114.68687	  115.15176
 17308	  26.4003	  42.48407	  114.68873	  115.15362
 17309	  26.39373	  42.469	  114.68939	  115.15428
 17310	  26.38418	  42.48688	  114.68468	  115.14957
 17311	  26.27295	  42.73363	  114.47753	  114.94248
 17312	  26.27748	  42.72688	  114.47649	  114.94145
 17313	  26.2818	  42.73329	  114.4736	  114.93856
 17314	  26.27295	  42.73363	  114.47753	  114.94248
 17315	  26.2818	  42.73329	  114.4736	  114.93856
 17316	  26.27638	  42.73662	  114.4729	  114.93785
 17317	  26.30442	  42.7233	  114.45723	  114.92219
 17318	  26.30017	  42.72367	  114.46436	  114.92931
 17319	  26.30153	  42.71822	  114.46959	  114.93455
 17320	  26.30442	  42.7233	  114.45723	  114.92219
 17321	  26.30152	  42.72792	  114.4581	  114.92306
 17322	  26.30017	  42.72367	  114.46436	  114.92931
 17323	  26.29158	  42.73009	  114.46907	  114.93403
 17324	  26.29666	  42.72609	  114.47014	  114.9351
 17325	  26.30017	  42.72367	  114.46436	  114.92931
 17326	  26.29158	  42.73009	  114.46907	  114.93403
 17327	  26.2818	  42.73329	  114.4736	  114.93856
 17328	  26.28976	  42.73112	  114.47133	  114.93629
 17329	  26.4753	  42.38363	  114.54305	  115.00799
 17330	  26.48068	  42.39621	  114.54548	  115.01041
 17331	  26.47897	  42.40208	  114.53909	  115.00402
 17332	  26.33677	  42.33519	  114.51036	  114.9753
 17333	  26.32758	  42.33714	  114.51154	  114.97649
 17334	  26.33541	  42.33811	  114.51921	  114.98415
 17335	  26.32758	  42.33714	  114.51154	  114.97649
 17336	  26.32722	  42.34185	  114.52113	  114.98607
 17337	  26.33541	  42.33811	  114.51921	  114.98415
 17338	  26.45021	  42.49977	  114.68935	  115.15424
 17339	  26.45867	  42.50169	  114.68815	  115.15304
 17340	  26.46255	  42.47547	  114.69123	  115.15612
 17341	  26.45683	  42.5205	  114.68628	  115.15117
 17342	  26.45021	  42.49977	  114.68935	  115.15424
 17343	  26.44264	  42.5187	  114.68781	  115.15269
 17344	  26.46573	  42.43747	  114.69714	  115.16203
 17345	  26.4564	  42.47012	  114.69305	  115.15793
 17346	  26.46255	  42.47547	  114.69123	  115.15612
 17347	  26.45021	  42.49977	  114.68935	  115.15424
 17348	  26.46255	  42.47547	  114.69123	  115.15612
 17349	  26.4564	  42.47012	  114.69305	  115.15793
 17350	  26.37379	  42.61982	  114.44723	  114.91219
 17351	  26.36535	  42.63774	  114.45158	  114.91654
 17352	  26.35563	  42.64587	  114.45348	  114.91843
 17353	  26.36535	  42.63774	  114.45158	  114.91654
 17354	  26.35076	  42.65801	  114.45495	  114.91991
 17355	  26.35563	  42.64587	  114.45348	  114.91843
 17356	  26.26812	  42.5299	  114.49111	  114.95606
 17357	  26.26473	  42.51837	  114.49628	  114.96123
 17358	  26.26645	  42.50714	  114.49563	  114.96057
 17359	  26.26645	  42.50714	  114.49563	  114.96057
 17360	  26.26473	  42.51837	  114.49628	  114.96123
 17361	  26.26244	  42.49636	  114.50333	  114.96828
 17362	  26.37172	  43.01785	  114.67114	  115.13603
 17363	  26.38059	  43.03012	  114.67003	  115.13492
 17364	  26.37892	  43.01382	  114.67488	  115.13978
 17365	  26.3887	  42.99928	  114.68173	  115.14662
 17366	  26.37892	  43.01382	  114.67488	  115.13978
 17367	  26.38059	  43.03012	  114.67003	  115.13492
 17368	  26.52996	  42.31697	  114.66574	  115.13064
 17369	  26.5246	  42.33555	  114.67361	  115.1385
 17370	  26.5287	  42.33666	  114.66477	  115.12967
 17371	  26.5317	  42.33075	  114.65691	  115.12181
 17372	  26.52996	  42.31697	  114.66574	  115.13064
 17373	  26.5287	  42.33666	  114.66477	  115.12967
 17374	  26.35877	  43.03442	  114.65992	  115.12482
 17375	  26.36789	  43.0377	  114.66298	  115.12788
 17376	  26.37146	  43.02924	  114.66764	  115.13254
 17377	  26.37146	  43.02924	  114.66764	  115.13254
 17378	  26.37668	  43.04211	  114.66445	  115.12935
 17379	  26.39305	  43.03771	  114.67065	  115.13554
 17380	  26.33798	  43.11019	  114.5505	  115.01543
 17381	  26.32948	  43.10052	  114.55729	  115.02222
 17382	  26.3258	  43.09274	  114.54868	  115.01361
 17383	  26.3218	  43.09356	  114.5639	  115.02883
 17384	  26.3258	  43.09274	  114.54868	  115.01361
 17385	  26.32948	  43.10052	  114.55729	  115.02222
 17386	  26.5076	  43.08832	  114.5574	  115.02232
 17387	  26.51886	  43.07554	  114.56182	  115.02675
 17388	  26.51256	  43.08396	  114.5668	  115.03172
 17389	  26.498	  43.09701	  114.55257	  115.01751
 17390	  26.51256	  43.08396	  114.5668	  115.03172
 17391	  26.4918	  43.10165	  114.55984	  115.02477
 17392	  26.3959	  42.68273	  114.44615	  114.91112
 17393	  26.39502	  42.6786	  114.44539	  114.91035
 17394	  26.40646	  42.68922	  114.44693	  114.9119
 17395	  26.39502	  42.6786	  114.44539	  114.91035
 17396	  26.3959	  42.68273	  114.44615	  114.91112
 17397	  26.38722	  42.6793	  114.44658	  114.91154
 17398	  26.2397	  42.75932	  114.52206	  114.98701
 17399	  26.24129	  42.76889	  114.52851	  114.99345
 17400	  26.24313	  42.75292	  114.53622	  115.00115
 17401	  26.24531	  42.77504	  114.54054	  115.00548
 17402	  26.24313	  42.75292	  114.53622	  115.00115
 17403	  26.24129	  42.76889	  114.52851	  114.99345
 17404	  26.53202	  42.58727	  114.65174	  115.11664
 17405	  26.53849	  42.5718	  114.63883	  115.10374
 17406	  26.5304	  42.56844	  114.64777	  115.11267
 17407	  26.53849	  42.5718	  114.63883	  115.10374
 17408	  26.5341	  42.55413	  114.63988	  115.10479
 17409	  26.5304	  42.56844	  114.64777	  115.11267
 17410	  26.24354	  42.72213	  114.52544	  114.99038
 17411	  26.24485	  42.72261	  114.51974	  114.98469
 17412	  26.2424	  42.73392	  114.52267	  114.98761
 17413	  26.2424	  42.73392	  114.52267	  114.98761
 17414	  26.24278	  42.73124	  114.53006	  114.995
 17415	  26.24354	  42.72213	  114.52544	  114.99038
 17416	  26.42342	  42.72242	  114.44076	  114.90572
 17417	  26.43103	  42.72343	  114.44186	  114.90682
 17418	  26.41906	  42.73378	  114.43562	  114.90059
 17419	  26.43443	  42.69778	  114.45141	  114.91637
 17420	  26.43103	  42.72343	  114.44186	  114.90682
 17421	  26.42492	  42.71096	  114.44499	  114.90995
 17422	  26.58717	  42.8074	  114.60246	  115.06738
 17423	  26.589	  42.8247	  114.60841	  115.07332
 17424	  26.58878	  42.82287	  114.60222	  115.06714
 17425	  26.58717	  42.8074	  114.60246	  115.06738
 17426	  26.58878	  42.82287	  114.60222	  115.06714
 17427	  26.58653	  42.82805	  114.59315	  115.05807
 17428	  26.55992	  43.01906	  114.59496	  115.05988
 17429	  26.55803	  43.02464	  114.59016	  115.05508
 17430	  26.56445	  43.00714	  114.59212	  115.05704
 17431	  26.56514	  43.00875	  114.60041	  115.06533
 17432	  26.55992	  43.01906	  114.59496	  115.05988
 17433	  26.56445	  43.00714	  114.59212	  115.05704
 17434	  26.37719	  42.40581	  114.46553	  114.93049
 17435	  26.36566	  42.39593	  114.4644	  114.92936
 17436	  26.38102	  42.39714	  114.46734	  114.9323
 17437	  26.37719	  42.40581	  114.46553	  114.93049
 17438	  26.38102	  42.39714	  114.46734	  114.9323
 17439	  26.3899	  42.44104	  114.46306	  114.92802
 17440	  26.36566	  42.39593	  114.4644	  114.92936
 17441	  26.36483	  42.40557	  114.46407	  114.92902
 17442	  26.35284	  42.42086	  114.46246	  114.92742
 17443	  26.36483	  42.40557	  114.46407	  114.92902
 17444	  26.36566	  42.39593	  114.4644	  114.92936
 17445	  26.37719	  42.40581	  114.46553	  114.93049
 17446	  26.45713	  43.0689	  114.49104	  114.95599
 17447	  26.47083	  43.06612	  114.49769	  114.96264
 17448	  26.46918	  43.07457	  114.50065	  114.96559
 17449	  26.46918	  43.07457	  114.50065	  114.96559
 17450	  26.47083	  43.06612	  114.49769	  114.96264
 17451	  26.48246	  43.07048	  114.50584	  114.97079
 17452	  26.38892	  42.1553	  114.58039	  115.04532
 17453	  26.39248	  42.16451	  114.5793	  115.04423
 17454	  26.3858	  42.18042	  114.58002	  115.04494
 17455	  26.38704	  42.22332	  114.57848	  115.0434
 17456	  26.3858	  42.18042	  114.58002	  115.04494
 17457	  26.39248	  42.16451	  114.5793	  115.04423
 17458	  26.42021	  42.51734	  114.68806	  115.15295
 17459	  26.42458	  42.50238	  114.68984	  115.15473
 17460	  26.41043	  42.51434	  114.68729	  115.15218
 17461	  26.41963	  42.53417	  114.68697	  115.15186
 17462	  26.42021	  42.51734	  114.68806	  115.15295
 17463	  26.41043	  42.51434	  114.68729	  115.15218
 17464	  26.44902	  43.10987	  114.50735	  114.9723
 17465	  26.45134	  43.09698	  114.50115	  114.96609
 17466	  26.45771	  43.10065	  114.50619	  114.97113
 17467	  26.45771	  43.10065	  114.50619	  114.97113
 17468	  26.45134	  43.09698	  114.50115	  114.96609
 17469	  26.46918	  43.07457	  114.50065	  114.96559
 17470	  26.56235	  42.9835	  114.62706	  115.09197
 17471	  26.56223	  42.99435	  114.61994	  115.08485
 17472	  26.5725	  42.95704	  114.62096	  115.08587
 17473	  26.56223	  42.99435	  114.61994	  115.08485
 17474	  26.56235	  42.9835	  114.62706	  115.09197
 17475	  26.55515	  43.00933	  114.62151	  115.08642
 17476	  26.54171	  42.57864	  114.53458	  114.99951
 17477	  26.54711	  42.58058	  114.53757	  115.00251
 17478	  26.54319	  42.58506	  114.53529	  115.00023
 17479	  26.54171	  42.57864	  114.53458	  114.99951
 17480	  26.5354	  42.57162	  114.53337	  114.99831
 17481	  26.54361	  42.57472	  114.5372	  115.00214
 17482	  26.27317	  42.82728	  114.46401	  114.92897
 17483	  26.26561	  42.82985	  114.46989	  114.93485
 17484	  26.26702	  42.82137	  114.46726	  114.93222
 17485	  26.26702	  42.82137	  114.46726	  114.93222
 17486	  26.26561	  42.82985	  114.46989	  114.93485
 17487	  26.25885	  42.82816	  114.47581	  114.94076
 17488	  26.32213	  42.2575	  114.61271	  115.07762
 17489	  26.32652	  42.26099	  114.60796	  115.07287
 17490	  26.3188	  42.28815	  114.61027	  115.07519
 17491	  26.32213	  42.2575	  114.61271	  115.07762
 17492	  26.3188	  42.28815	  114.61027	  115.07519
 17493	  26.31854	  42.26403	  114.61646	  115.08138
 17494	  26.26748	  42.70181	  114.60664	  115.07156
 17495	  26.26796	  42.69278	  114.6059	  115.07082
 17496	  26.26432	  42.69981	  114.60534	  115.07026
 17497	  26.27192	  42.71058	  114.60609	  115.07101
 17498	  26.2702	  42.69933	  114.60637	  115.07128
 17499	  26.26748	  42.70181	  114.60664	  115.07156
 17500	  26.25994	  42.76218	  114.47029	  114.93525
 17501	  26.25403	  42.7662	  114.47494	  114.9399
 17502	  26.25478	  42.75789	  114.47746	  114.94242
 17503	  26.26368	  42.74864	  114.47406	  114.93901
 17504	  26.26105	  42.75648	  114.47159	  114.93654
 17505	  26.25478	  42.75789	  114.47746	  114.94242
 17506	  26.55797	  43.01128	  114.56154	  115.02647
 17507	  26.55335	  43.03208	  114.57949	  115.04442
 17508	  26.553	  43.02453	  114.5647	  115.02962
 17509	  26.54733	  43.02622	  114.54983	  115.01476
 17510	  26.55797	  43.01128	  114.56154	  115.02647
 17511	  26.55169	  43.02348	  114.55848	  115.02341
 17512	  26.553	  43.02453	  114.5647	  115.02962
 17513	  26.55335	  43.03208	  114.57949	  115.04442
 17514	  26.5513	  43.03367	  114.57197	  115.03689
 17515	  26.5513	  43.03367	  114.57197	  115.03689
 17516	  26.55335	  43.03208	  114.57949	  115.04442
 17517	  26.5479	  43.04227	  114.58432	  115.04924
 17518	  26.40525	  43.12848	  114.56846	  115.03339
 17519	  26.39905	  43.12874	  114.57107	  115.036
 17520	  26.40021	  43.12917	  114.55855	  115.02348
 17521	  26.41395	  43.12889	  114.56335	  115.02828
 17522	  26.40525	  43.12848	  114.56846	  115.03339
 17523	  26.40021	  43.12917	  114.55855	  115.02348
 17524	  26.48525	  42.41674	  114.54457	  115.00951
 17525	  26.4936	  42.44054	  114.55181	  115.01674
 17526	  26.49699	  42.45887	  114.54963	  115.01456
 17527	  26.49142	  42.44089	  114.54444	  115.00938
 17528	  26.49699	  42.45887	  114.54963	  115.01456
 17529	  26.5069	  42.4967	  114.54585	  115.01079
 17530	  26.40678	  43.12767	  114.58346	  115.04838
 17531	  26.40525	  43.12848	  114.56846	  115.03339
 17532	  26.41245	  43.12793	  114.58131	  115.04623
 17533	  26.40373	  43.12169	  114.59369	  115.05861
 17534	  26.40678	  43.12767	  114.58346	  115.04838
 17535	  26.41233	  43.12525	  114.59093	  115.05585
 17536	  26.41582	  43.12692	  114.5714	  115.03632
 17537	  26.41784	  43.12637	  114.59018	  115.0551
 17538	  26.41245	  43.12793	  114.58131	  115.04623
 17539	  26.41233	  43.12525	  114.59093	  115.05585
 17540	  26.40678	  43.12767	  114.58346	  115.04838
 17541	  26.41245	  43.12793	  114.58131	  115.04623
 17542	  26.48525	  42.41674	  114.54457	  115.00951
 17543	  26.48793	  42.43417	  114.5392	  115.00414
 17544	  26.47897	  42.40208	  114.53909	  115.00402
 17545	  26.48525	  42.41674	  114.54457	  115.00951
 17546	  26.49699	  42.45887	  114.54963	  115.01456
 17547	  26.49142	  42.44089	  114.54444	  115.00938
 17548	  26.27129	  42.75854	  114.62397	  115.08888
 17549	  26.27139	  42.74195	  114.62368	  115.08859
 17550	  26.2714	  42.76168	  114.62067	  115.08559
 17551	  26.27303	  42.74839	  114.62028	  115.08519
 17552	  26.2714	  42.76168	  114.62067	  115.08559
 17553	  26.27139	  42.74195	  114.62368	  115.08859
 17554	  26.29815	  42.77691	  114.63196	  115.09686
 17555	  26.30032	  42.74088	  114.64024	  115.10514
 17556	  26.29791	  42.74136	  114.639	  115.1039
 17557	  26.30032	  42.74088	  114.64024	  115.10514
 17558	  26.29761	  42.72604	  114.64014	  115.10504
 17559	  26.29791	  42.74136	  114.639	  115.1039
 17560	  26.24176	  42.75392	  114.50147	  114.96642
 17561	  26.24102	  42.76523	  114.49507	  114.96002
 17562	  26.23893	  42.75685	  114.50732	  114.97227
 17563	  26.24176	  42.75392	  114.50147	  114.96642
 17564	  26.2457	  42.75962	  114.48926	  114.95421
 17565	  26.24102	  42.76523	  114.49507	  114.96002
 17566	  26.27955	  42.63666	  114.47182	  114.93678
 17567	  26.28452	  42.6404	  114.46855	  114.93351
 17568	  26.2906	  42.65767	  114.47323	  114.93818
 17569	  26.27955	  42.63666	  114.47182	  114.93678
 17570	  26.2787	  42.62626	  114.46856	  114.93352
 17571	  26.28452	  42.6404	  114.46855	  114.93351
 17572	  26.29264	  42.6555	  114.46612	  114.93108
 17573	  26.28452	  42.6404	  114.46855	  114.93351
 17574	  26.28887	  42.64358	  114.46358	  114.92854
 17575	  26.29264	  42.6555	  114.46612	  114.93108
 17576	  26.28887	  42.64358	  114.46358	  114.92854
 17577	  26.30074	  42.67201	  114.46132	  114.92628
 17578	  26.28728	  42.49096	  114.46289	  114.92785
 17579	  26.28519	  42.49949	  114.46514	  114.9301
 17580	  26.28209	  42.49277	  114.46864	  114.9336
 17581	  26.28603	  42.48676	  114.4671	  114.93206
 17582	  26.28728	  42.49096	  114.46289	  114.92785
 17583	  26.28209	  42.49277	  114.46864	  114.9336
 17584	  26.43264	  43.12196	  114.51154	  114.97648
 17585	  26.41325	  43.12878	  114.51803	  114.98297
 17586	  26.40743	  43.126	  114.5149	  114.97984
 17587	  26.39933	  43.12611	  114.5172	  114.98214
 17588	  26.40706	  43.12929	  114.51981	  114.98475
 17589	  26.39451	  43.12626	  114.5245	  114.98944
 17590	  26.26096	  42.7001	  114.48829	  114.95324
 17591	  26.26403	  42.69221	  114.48556	  114.95051
 17592	  26.2693	  42.69585	  114.48241	  114.94736
 17593	  26.27763	  42.69204	  114.47839	  114.94334
 17594	  26.2693	  42.69585	  114.48241	  114.94736
 17595	  26.26915	  42.68851	  114.4826	  114.94755
 17596	  26.26724	  42.95626	  114.50173	  114.96667
 17597	  26.26873	  42.97545	  114.51135	  114.9763
 17598	  26.26454	  42.9617	  114.51163	  114.97658
 17599	  26.25608	  42.92076	  114.50883	  114.97377
 17600	  26.2618	  42.94091	  114.50476	  114.9697
 17601	  26.26056	  42.94724	  114.51263	  114.97758
 17602	  26.44128	  42.99415	  114.46353	  114.92849
 17603	  26.42954	  42.97809	  114.45528	  114.92023
 17604	  26.43977	  42.97326	  114.45704	  114.922
 17605	  26.42954	  42.97809	  114.45528	  114.92023
 17606	  26.43357	  42.96117	  114.4523	  114.91727
 17607	  26.43977	  42.97326	  114.45704	  114.922
 17608	  26.36583	  43.06851	  114.64339	  115.10829
 17609	  26.3719	  43.08045	  114.63667	  115.10158
 17610	  26.3809	  43.07718	  114.64525	  115.11015
 17611	  26.3719	  43.08045	  114.63667	  115.10158
 17612	  26.38587	  43.0882	  114.63596	  115.10087
 17613	  26.3809	  43.07718	  114.64525	  115.11015
 17614	  26.47498	  42.18691	  114.57829	  115.04321
 17615	  26.4766	  42.1698	  114.58134	  115.04627
 17616	  26.48199	  42.19054	  114.58044	  115.04536
 17617	  26.47498	  42.18691	  114.57829	  115.04321
 17618	  26.48199	  42.19054	  114.58044	  115.04536
 17619	  26.48109	  42.23861	  114.57337	  115.0383
 17620	  26.42341	  42.24947	  114.571	  115.03593
 17621	  26.42811	  42.23326	  114.5722	  115.03712
 17622	  26.43752	  42.24244	  114.57082	  115.03575
 17623	  26.42811	  42.23326	  114.5722	  115.03712
 17624	  26.45094	  42.19799	  114.57404	  115.03897
 17625	  26.43752	  42.24244	  114.57082	  115.03575
 17626	  26.41346	  42.24597	  114.57248	  115.03741
 17627	  26.42341	  42.24947	  114.571	  115.03593
 17628	  26.42235	  42.2658	  114.56905	  115.03397
 17629	  26.41753	  42.22713	  114.57339	  115.03831
 17630	  26.42341	  42.24947	  114.571	  115.03593
 17631	  26.41346	  42.24597	  114.57248	  115.03741
 17632	  26.34111	  42.5626	  114.43685	  114.90182
 17633	  26.32838	  42.56026	  114.43129	  114.89626
 17634	  26.33575	  42.55415	  114.43626	  114.90123
 17635	  26.33575	  42.55415	  114.43626	  114.90123
 17636	  26.32595	  42.55471	  114.43211	  114.89709
 17637	  26.32906	  42.54761	  114.43667	  114.90163
 17638	  26.57901	  42.73087	  114.59273	  115.05765
 17639	  26.5784	  42.71413	  114.60072	  115.06564
 17640	  26.58045	  42.7333	  114.59906	  115.06398
 17641	  26.58045	  42.7333	  114.59906	  115.06398
 17642	  26.5784	  42.71413	  114.60072	  115.06564
 17643	  26.57895	  42.71707	  114.6065	  115.07141
 17644	  26.33373	  42.80025	  114.68083	  115.14572
 17645	  26.33487	  42.8549	  114.67954	  115.14443
 17646	  26.33894	  42.82357	  114.68308	  115.14798
 17647	  26.34156	  42.8576	  114.6842	  115.14909
 17648	  26.34815	  42.84484	  114.68859	  115.15348
 17649	  26.33894	  42.82357	  114.68308	  115.14798
 17650	  26.53664	  42.554	  114.56504	  115.02997
 17651	  26.54192	  42.58287	  114.56187	  115.0268
 17652	  26.53835	  42.57909	  114.55678	  115.02171
 17653	  26.54712	  42.61501	  114.56127	  115.0262
 17654	  26.53835	  42.57909	  114.55678	  115.02171
 17655	  26.54192	  42.58287	  114.56187	  115.0268
 17656	  26.3352	  42.88344	  114.67807	  115.14296
 17657	  26.34156	  42.8576	  114.6842	  115.14909
 17658	  26.33487	  42.8549	  114.67954	  115.14443
 17659	  26.33487	  42.8549	  114.67954	  115.14443
 17660	  26.34156	  42.8576	  114.6842	  115.14909
 17661	  26.33894	  42.82357	  114.68308	  115.14798
 17662	  26.26296	  42.4855	  114.54942	  115.01435
 17663	  26.26772	  42.45221	  114.55459	  115.01952
 17664	  26.26334	  42.47021	  114.54277	  115.00771
 17665	  26.26334	  42.47021	  114.54277	  115.00771
 17666	  26.26019	  42.49443	  114.53657	  115.0015
 17667	  26.26296	  42.4855	  114.54942	  115.01435
 17668	  26.53702	  42.64334	  114.53431	  114.99924
 17669	  26.53941	  42.63934	  114.53226	  114.9972
 17670	  26.54326	  42.6476	  114.53609	  115.00103
 17671	  26.54326	  42.6476	  114.53609	  115.00103
 17672	  26.53941	  42.63934	  114.53226	  114.9972
 17673	  26.54494	  42.64112	  114.53449	  114.99943
 17674	  26.50849	  42.48062	  114.66862	  115.13351
 17675	  26.50534	  42.46238	  114.67422	  115.13911
 17676	  26.50212	  42.48497	  114.67437	  115.13927
 17677	  26.50212	  42.48497	  114.67437	  115.13927
 17678	  26.50534	  42.46238	  114.67422	  115.13911
 17679	  26.4992	  42.47472	  114.67792	  115.14281
 17680	  26.51425	  42.46198	  114.66348	  115.12838
 17681	  26.51127	  42.45754	  114.66827	  115.13316
 17682	  26.50849	  42.48062	  114.66862	  115.13351
 17683	  26.50849	  42.48062	  114.66862	  115.13351
 17684	  26.51127	  42.45754	  114.66827	  115.13316
 17685	  26.50534	  42.46238	  114.67422	  115.13911
 17686	  26.29491	  42.55591	  114.62463	  115.08954
 17687	  26.29994	  42.56346	  114.63612	  115.10102
 17688	  26.29516	  42.53608	  114.62099	  115.08591
 17689	  26.29491	  42.55591	  114.62463	  115.08954
 17690	  26.29516	  42.53608	  114.62099	  115.08591
 17691	  26.28796	  42.56712	  114.61434	  115.07925
 17692	  26.32747	  42.76999	  114.43456	  114.89954
 17693	  26.32845	  42.78085	  114.43466	  114.89963
 17694	  26.31757	  42.77376	  114.43766	  114.90263
 17695	  26.32747	  42.76999	  114.43456	  114.89954
 17696	  26.31757	  42.77376	  114.43766	  114.90263
 17697	  26.32128	  42.76056	  114.43729	  114.90226
 17698	  26.47756	  42.37605	  114.5483	  115.01323
 17699	  26.4833	  42.37407	  114.55461	  115.01954
 17700	  26.48352	  42.38773	  114.55207	  115.01701
 17701	  26.48352	  42.38773	  114.55207	  115.01701
 17702	  26.4833	  42.37407	  114.55461	  115.01954
 17703	  26.49462	  42.41796	  114.55881	  115.02374
 17704	  26.45903	  42.43804	  114.50045	  114.9654
 17705	  26.47296	  42.44377	  114.51208	  114.97703
 17706	  26.46914	  42.45276	  114.50569	  114.97063
 17707	  26.48241	  42.48455	  114.51028	  114.97523
 17708	  26.46914	  42.45276	  114.50569	  114.97063
 17709	  26.47296	  42.44377	  114.51208	  114.97703
 17710	  26.33236	  42.41364	  114.66188	  115.12678
 17711	  26.33029	  42.36685	  114.66111	  115.12601
 17712	  26.32373	  42.38655	  114.65229	  115.11719
 17713	  26.33029	  42.36685	  114.66111	  115.12601
 17714	  26.32199	  42.35058	  114.65074	  115.11565
 17715	  26.32373	  42.38655	  114.65229	  115.11719
 17716	  26.4457	  42.46246	  114.48386	  114.94881
 17717	  26.44179	  42.47919	  114.47736	  114.94231
 17718	  26.43897	  42.46306	  114.47952	  114.94447
 17719	  26.43897	  42.46306	  114.47952	  114.94447
 17720	  26.44179	  42.47919	  114.47736	  114.94231
 17721	  26.42894	  42.49318	  114.46779	  114.93275
 17722	  26.2958	  42.62526	  114.43079	  114.89577
 17723	  26.29345	  42.62566	  114.43323	  114.8982
 17724	  26.29151	  42.60724	  114.42873	  114.8937
 17725	  26.3005	  42.6562	  114.43461	  114.89957
 17726	  26.29345	  42.62566	  114.43323	  114.8982
 17727	  26.2958	  42.62526	  114.43079	  114.89577
 17728	  26.26686	  42.79593	  114.61535	  115.08026
 17729	  26.26514	  42.79664	  114.6126	  115.07751
 17730	  26.26532	  42.80243	  114.62115	  115.08606
 17731	  26.26686	  42.79593	  114.61535	  115.08026
 17732	  26.26617	  42.78714	  114.60873	  115.07364
 17733	  26.26514	  42.79664	  114.6126	  115.07751
 17734	  26.4965	  43.05393	  114.64516	  115.11007
 17735	  26.48889	  43.05995	  114.64559	  115.11049
 17736	  26.49312	  43.06435	  114.64014	  115.10504
 17737	  26.49286	  43.04459	  114.65231	  115.11721
 17738	  26.48889	  43.05995	  114.64559	  115.11049
 17739	  26.4965	  43.05393	  114.64516	  115.11007
 17740	  26.32167	  42.8378	  114.66884	  115.13373
 17741	  26.31112	  42.85983	  114.65649	  115.12139
 17742	  26.31767	  42.87678	  114.66249	  115.12739
 17743	  26.30317	  42.85133	  114.64417	  115.10908
 17744	  26.30705	  42.85989	  114.65094	  115.11584
 17745	  26.31112	  42.85983	  114.65649	  115.12139
 17746	  26.4384	  42.21761	  114.71989	  115.18478
 17747	  26.44582	  42.28478	  114.71553	  115.18041
 17748	  26.446	  42.21712	  114.71947	  115.18435
 17749	  26.30317	  42.85133	  114.64417	  115.10908
 17750	  26.30737	  42.87325	  114.65188	  115.11678
 17751	  26.30705	  42.85989	  114.65094	  115.11584
 17752	  26.30705	  42.85989	  114.65094	  115.11584
 17753	  26.31193	  42.87288	  114.65691	  115.12181
 17754	  26.31112	  42.85983	  114.65649	  115.12139
 17755	  26.41064	  42.61121	  114.44507	  114.91003
 17756	  26.403	  42.61455	  114.44485	  114.90982
 17757	  26.38909	  42.58933	  114.44361	  114.90858
 17758	  26.403	  42.61455	  114.44485	  114.90982
 17759	  26.41064	  42.61121	  114.44507	  114.91003
 17760	  26.40965	  42.63922	  114.44668	  114.91164
 17761	  26.30656	  42.88689	  114.65	  115.1149
 17762	  26.30879	  42.91262	  114.6498	  115.11469
 17763	  26.31767	  42.87678	  114.66249	  115.12739
 17764	  26.30705	  42.85989	  114.65094	  115.11584
 17765	  26.30737	  42.87325	  114.65188	  115.11678
 17766	  26.31193	  42.87288	  114.65691	  115.12181
 17767	  26.5681	  42.76389	  114.56647	  115.03139
 17768	  26.5736	  42.76956	  114.57374	  115.03866
 17769	  26.56966	  42.77827	  114.56585	  115.03078
 17770	  26.56966	  42.77827	  114.56585	  115.03078
 17771	  26.5736	  42.76956	  114.57374	  115.03866
 17772	  26.57605	  42.78624	  114.57612	  115.04105
 17773	  26.46247	  42.77217	  114.45634	  114.9213
 17774	  26.47617	  42.7725	  114.46559	  114.93055
 17775	  26.469	  42.78463	  114.45976	  114.92472
 17776	  26.469	  42.78463	  114.45976	  114.92472
 17777	  26.47617	  42.7725	  114.46559	  114.93055
 17778	  26.48301	  42.81361	  114.46547	  114.93043
 17779	  26.23843	  42.64785	  114.5234	  114.98833
 17780	  26.23917	  42.64225	  114.51686	  114.9818
 17781	  26.23943	  42.66853	  114.52094	  114.98587
 17782	  26.23916	  42.63076	  114.52494	  114.98988
 17783	  26.23913	  42.63088	  114.51833	  114.98327
 17784	  26.23843	  42.64785	  114.5234	  114.98833
 17785	  26.55363	  42.74079	  114.52448	  114.98941
 17786	  26.5502	  42.73082	  114.52413	  114.98907
 17787	  26.55301	  42.73314	  114.52695	  114.99188
 17788	  26.54894	  42.73446	  114.52276	  114.9877
 17789	  26.55363	  42.74079	  114.52448	  114.98941
 17790	  26.54696	  42.72953	  114.5239	  114.98883
 17791	  26.31778	  42.25315	  114.6378	  115.10271
 17792	  26.31065	  42.31359	  114.62759	  115.0925
 17793	  26.31085	  42.32157	  114.63087	  115.09578
 17794	  26.31085	  42.32157	  114.63087	  115.09578
 17795	  26.31065	  42.31359	  114.62759	  115.0925
 17796	  26.30199	  42.40421	  114.61537	  115.08028
 17797	  26.32708	  42.73071	  114.4409	  114.90586
 17798	  26.33393	  42.73	  114.44142	  114.90638
 17799	  26.33485	  42.73748	  114.43811	  114.90308
 17800	  26.33485	  42.73748	  114.43811	  114.90308
 17801	  26.33393	  42.73	  114.44142	  114.90638
 17802	  26.34008	  42.72663	  114.44353	  114.90849
 17803	  26.37721	  42.96677	  114.68622	  115.15111
 17804	  26.37299	  42.98395	  114.68093	  115.14583
 17805	  26.38002	  42.98655	  114.68305	  115.14794
 17806	  26.37299	  42.98395	  114.68093	  115.14583
 17807	  26.37892	  43.01382	  114.67488	  115.13978
 17808	  26.38002	  42.98655	  114.68305	  115.14794
 17809	  26.44397	  42.7493	  114.44299	  114.90796
 17810	  26.43287	  42.75208	  114.43729	  114.90225
 17811	  26.438	  42.7407	  114.44035	  114.90531
 17812	  26.42566	  42.75132	  114.43454	  114.89951
 17813	  26.438	  42.7407	  114.44035	  114.90531
 17814	  26.43287	  42.75208	  114.43729	  114.90225
 17815	  26.29382	  42.731	  114.46291	  114.92786
 17816	  26.30017	  42.72367	  114.46436	  114.92931
 17817	  26.30152	  42.72792	  114.4581	  114.92306
 17818	  26.27614	  42.74363	  114.46645	  114.9314
 17819	  26.29382	  42.731	  114.46291	  114.92786
 17820	  26.30152	  42.72792	  114.4581	  114.92306
 17821	  26.51271	  42.50388	  114.66248	  115.12738
 17822	  26.50948	  42.53234	  114.66573	  115.13063
 17823	  26.51605	  42.53008	  114.65898	  115.12388
 17824	  26.51605	  42.53008	  114.65898	  115.12388
 17825	  26.50948	  42.53234	  114.66573	  115.13063
 17826	  26.51556	  42.54796	  114.66051	  115.1254
 17827	  26.24333	  42.61838	  114.53905	  115.00398
 17828	  26.24271	  42.6331	  114.54285	  115.00777
 17829	  26.24971	  42.60862	  114.55516	  115.0201
 17830	  26.24033	  42.63368	  114.53408	  114.99902
 17831	  26.24271	  42.6331	  114.54285	  115.00777
 17832	  26.24333	  42.61838	  114.53905	  115.00398
 17833	  26.39882	  42.95279	  114.44553	  114.91049
 17834	  26.41603	  42.96158	  114.44878	  114.91375
 17835	  26.40171	  42.96836	  114.44916	  114.91412
 17836	  26.38642	  42.96516	  114.44821	  114.91317
 17837	  26.39882	  42.95279	  114.44553	  114.91049
 17838	  26.40171	  42.96836	  114.44916	  114.91412
 17839	  26.24696	  42.81086	  114.4834	  114.94835
 17840	  26.24544	  42.79994	  114.48293	  114.94788
 17841	  26.25211	  42.80145	  114.47456	  114.93952
 17842	  26.24544	  42.79994	  114.48293	  114.94788
 17843	  26.24696	  42.81086	  114.4834	  114.94835
 17844	  26.24389	  42.81403	  114.49091	  114.95586
 17845	  26.25211	  42.80145	  114.47456	  114.93952
 17846	  26.25707	  42.80978	  114.47167	  114.93662
 17847	  26.25204	  42.81199	  114.47733	  114.94228
 17848	  26.24696	  42.81086	  114.4834	  114.94835
 17849	  26.25211	  42.80145	  114.47456	  114.93952
 17850	  26.25204	  42.81199	  114.47733	  114.94228
 17851	  26.47796	  43.09982	  114.60931	  115.07423
 17852	  26.49199	  43.0882	  114.61497	  115.07988
 17853	  26.48118	  43.09398	  114.61523	  115.08015
 17854	  26.48118	  43.09398	  114.61523	  115.08015
 17855	  26.46198	  43.10468	  114.60948	  115.07439
 17856	  26.47796	  43.09982	  114.60931	  115.07423
 17857	  26.50544	  42.16591	  114.60119	  115.0661
 17858	  26.49813	  42.22208	  114.58648	  115.0514
 17859	  26.50027	  42.16497	  114.59634	  115.06126
 17860	  26.56084	  42.64454	  114.58161	  115.04653
 17861	  26.55177	  42.57311	  114.59393	  115.05884
 17862	  26.55605	  42.59619	  114.59612	  115.06104
 17863	  26.55177	  42.57311	  114.59393	  115.05884
 17864	  26.55143	  42.56664	  114.60288	  115.06779
 17865	  26.55605	  42.59619	  114.59612	  115.06104
 17866	  26.24485	  42.72261	  114.51974	  114.98469
 17867	  26.2439	  42.73072	  114.51788	  114.98281
 17868	  26.2424	  42.73392	  114.52267	  114.98761
 17869	  26.24485	  42.72261	  114.51974	  114.98469
 17870	  26.24797	  42.71915	  114.5146	  114.97954
 17871	  26.2439	  42.73072	  114.51788	  114.98281
 17872	  26.30964	  43.03769	  114.62032	  115.08524
 17873	  26.31747	  43.02971	  114.63243	  115.09734
 17874	  26.30917	  43.02912	  114.62479	  115.08969
 17875	  26.30917	  43.02912	  114.62479	  115.08969
 17876	  26.30047	  43.02918	  114.61418	  115.07909
 17877	  26.30964	  43.03769	  114.62032	  115.08524
 17878	  26.51336	  43.07834	  114.54185	  115.00678
 17879	  26.50437	  43.08473	  114.53494	  114.99989
 17880	  26.50658	  43.07875	  114.53157	  114.99651
 17881	  26.50658	  43.07875	  114.53157	  114.99651
 17882	  26.50437	  43.08473	  114.53494	  114.99989
 17883	  26.4963	  43.08672	  114.5262	  114.99113
 17884	  26.34687	  42.80759	  114.43427	  114.89923
 17885	  26.35054	  42.79552	  114.43285	  114.89782
 17886	  26.36242	  42.80342	  114.43228	  114.89725
 17887	  26.35054	  42.79552	  114.43285	  114.89782
 17888	  26.34687	  42.80759	  114.43427	  114.89923
 17889	  26.33397	  42.80022	  114.43591	  114.90087
 17890	  26.51276	  42.56602	  114.52333	  114.98827
 17891	  26.51268	  42.58774	  114.51837	  114.98331
 17892	  26.50659	  42.55959	  114.5172	  114.98214
 17893	  26.50249	  42.52459	  114.52216	  114.9871
 17894	  26.51038	  42.54778	  114.52604	  114.99097
 17895	  26.50659	  42.55959	  114.5172	  114.98214
 17896	  26.33397	  42.80022	  114.43591	  114.90087
 17897	  26.34687	  42.80759	  114.43427	  114.89923
 17898	  26.33403	  42.80992	  114.43657	  114.90154
 17899	  26.33397	  42.80022	  114.43591	  114.90087
 17900	  26.33403	  42.80992	  114.43657	  114.90154
 17901	  26.32216	  42.80455	  114.43915	  114.90411
 17902	  26.277	  43.02036	  114.56374	  115.02867
 17903	  26.27251	  43.00462	  114.53562	  115.00056
 17904	  26.28038	  43.02719	  114.56121	  115.02614
 17905	  26.28038	  43.02719	  114.56121	  115.02614
 17906	  26.27927	  43.02462	  114.5704	  115.03532
 17907	  26.277	  43.02036	  114.56374	  115.02867
 17908	  26.34688	  42.33216	  114.55923	  115.02415
 17909	  26.34529	  42.33497	  114.55147	  115.0164
 17910	  26.33665	  42.34254	  114.55003	  115.01496
 17911	  26.34529	  42.33497	  114.55147	  115.0164
 17912	  26.33363	  42.34428	  114.54017	  115.0051
 17913	  26.33665	  42.34254	  114.55003	  115.01496
 17914	  26.48102	  43.10752	  114.5747	  115.03962
 17915	  26.49351	  43.09831	  114.58372	  115.04865
 17916	  26.48833	  43.09971	  114.59014	  115.05506
 17917	  26.47518	  43.1081	  114.58192	  115.04684
 17918	  26.48102	  43.10752	  114.5747	  115.03962
 17919	  26.48833	  43.09971	  114.59014	  115.05506
 17920	  26.46786	  43.11573	  114.5686	  115.03353
 17921	  26.45303	  43.12521	  114.57059	  115.03552
 17922	  26.45774	  43.12241	  114.56326	  115.02818
 17923	  26.46786	  43.11573	  114.5686	  115.03353
 17924	  26.47157	  43.11452	  114.56265	  115.02758
 17925	  26.48102	  43.10752	  114.5747	  115.03962
 17926	  26.49273	  43.10088	  114.54508	  115.01002
 17927	  26.4918	  43.10165	  114.55984	  115.02477
 17928	  26.48362	  43.10898	  114.55939	  115.02432
 17929	  26.4849	  43.10719	  114.56479	  115.02972
 17930	  26.47157	  43.11452	  114.56265	  115.02758
 17931	  26.4781	  43.11213	  114.56104	  115.02596
 17932	  26.30652	  42.61366	  114.42721	  114.89218
 17933	  26.31359	  42.62264	  114.43007	  114.89503
 17934	  26.30816	  42.63044	  114.42961	  114.89458
 17935	  26.30325	  42.62333	  114.42849	  114.89346
 17936	  26.30652	  42.61366	  114.42721	  114.89218
 17937	  26.30816	  42.63044	  114.42961	  114.89458
 17938	  26.31088	  42.65618	  114.43214	  114.89712
 17939	  26.30816	  42.63044	  114.42961	  114.89458
 17940	  26.31555	  42.65446	  114.43262	  114.89759
 17941	  26.31736	  42.67783	  114.43554	  114.90051
 17942	  26.31088	  42.65618	  114.43214	  114.89712
 17943	  26.31555	  42.65446	  114.43262	  114.89759
 17944	  26.55414	  42.74474	  114.54653	  115.01147
 17945	  26.55791	  42.74098	  114.54664	  115.01157
 17946	  26.55797	  42.73356	  114.55054	  115.01547
 17947	  26.55414	  42.74474	  114.54653	  115.01147
 17948	  26.55682	  42.75121	  114.53951	  115.00444
 17949	  26.55791	  42.74098	  114.54664	  115.01157
 17950	  26.25896	  42.96996	  114.54576	  115.01069
 17951	  26.2611	  42.97107	  114.53422	  114.99915
