 28472	  39.34122	  62.35645	  158.70818	  159.15962
 28473	  39.59274	  59.43554	  159.26039	  159.71167
 28474	  39.64156	  59.42735	  159.25032	  159.7016
 28475	  39.61917	  59.43512	  159.28563	  159.73691
 28476	  39.67019	  59.4367	  159.26682	  159.71808
 28477	  39.61917	  59.43512	  159.28563	  159.73691
 28478	  39.64156	  59.42735	  159.25032	  159.7016
 28479	  39.12711	  64.65623	  158.78831	  159.23973
 28480	  39.14725	  64.77799	  158.785	  159.23642
 28481	  39.13775	  64.76883	  158.80359	  159.255
 28482	  39.13775	  64.76883	  158.80359	  159.255
 28483	  39.14725	  64.77799	  158.785	  159.23642
 28484	  39.15398	  64.84386	  158.80463	  159.25604
 28485	  38.94773	  63.00256	  158.95917	  159.41052
 28486	  38.93827	  63.05672	  158.95213	  159.4035
 28487	  38.9457	  63.07157	  158.99992	  159.45128
 28488	  38.94773	  63.00256	  158.95917	  159.41052
 28489	  38.9457	  63.07157	  158.99992	  159.45128
 28490	  38.94315	  63.01747	  159.00545	  159.4568
 28491	  38.89853	  62.44916	  158.81003	  159.26144
 28492	  38.89656	  62.4221	  158.81776	  159.26918
 28493	  38.9427	  62.41781	  158.77231	  159.22374
 28494	  38.89656	  62.4221	  158.81776	  159.26918
 28495	  38.89853	  62.44916	  158.81003	  159.26144
 28496	  38.87985	  62.3973	  158.8327	  159.28412
 28497	  38.89002	  61.27143	  159.05524	  159.50658
 28498	  38.94924	  61.14836	  159.04773	  159.49907
 28499	  38.90515	  61.05338	  159.06891	  159.52025
 28500	  38.91771	  61.364	  159.03809	  159.48943
 28501	  38.9841	  61.33226	  159.01617	  159.46753
 28502	  38.94924	  61.14836	  159.04773	  159.49907
 28503	  38.83438	  60.61438	  159.27991	  159.73117
 28504	  38.83011	  60.65759	  159.29694	  159.7482
 28505	  38.82029	  60.6685	  159.31073	  159.76199
 28506	  38.83011	  60.65759	  159.29694	  159.7482
 28507	  38.8298	  60.72725	  159.33295	  159.78419
 28508	  38.82029	  60.6685	  159.31073	  159.76199
 28509	  38.59914	  59.41102	  159.3136	  159.76486
 28510	  38.64962	  59.42986	  159.35872	  159.80997
 28511	  38.58262	  59.34623	  159.29039	  159.74167
 28512	  38.71092	  59.45528	  159.40619	  159.85742
 28513	  38.64962	  59.42986	  159.35872	  159.80997
 28514	  38.61395	  59.43153	  159.3201	  159.77135
 28515	  39.39837	  64.51004	  158.82648	  159.27788
 28516	  39.39511	  64.56305	  158.81206	  159.26347
 28517	  39.36946	  64.45763	  158.79951	  159.25093
 28518	  39.39837	  64.51004	  158.82648	  159.27788
 28519	  39.36946	  64.45763	  158.79951	  159.25093
 28520	  39.38213	  64.41284	  158.8228	  159.2742
 28521	  39.41541	  64.08163	  158.8293	  159.2807
 28522	  39.37955	  63.98155	  158.81711	  159.26852
 28523	  39.38853	  63.99949	  158.80634	  159.25775
 28524	  39.33453	  63.92092	  158.82861	  159.28003
 28525	  39.38853	  63.99949	  158.80634	  159.25775
 28526	  39.37955	  63.98155	  158.81711	  159.26852
 28527	  39.16894	  64.33	  158.77359	  159.22501
 28528	  39.21453	  64.32504	  158.7542	  159.20563
 28529	  39.18582	  64.33943	  158.759	  159.21042
 28530	  39.16894	  64.33	  158.77359	  159.22501
 28531	  39.19796	  64.37484	  158.75514	  159.20657
 28532	  39.18222	  64.41264	  158.76529	  159.21672
 28533	  38.84572	  61.02008	  159.39514	  159.84637
 28534	  38.87944	  61.03894	  159.40698	  159.85822
 28535	  38.85015	  61.09925	  159.38278	  159.83403
 28536	  38.81536	  61.00644	  159.37593	  159.82718
 28537	  38.82128	  61.06388	  159.36621	  159.81746
 28538	  38.77295	  60.98746	  159.33862	  159.78987
 28539	  38.81058	  60.91642	  159.06534	  159.51668
 28540	  38.80788	  60.80418	  159.0629	  159.51422
 28541	  38.82891	  60.90698	  159.06247	  159.51381
 28542	  38.82891	  60.90698	  159.06247	  159.51381
 28543	  38.80788	  60.80418	  159.0629	  159.51422
 28544	  38.87897	  60.84741	  159.06509	  159.51643
 28545	  38.80778	  61.19392	  159.11453	  159.56586
 28546	  38.79303	  61.10571	  159.13057	  159.58188
 28547	  38.79687	  61.26322	  159.12341	  159.57474
 28548	  38.85023	  61.13763	  159.0816	  159.53293
 28549	  38.79303	  61.10571	  159.13057	  159.58188
 28550	  38.80778	  61.19392	  159.11453	  159.56586
 28551	  38.8341	  59.46134	  159.25198	  159.70326
 28552	  38.87268	  59.55575	  159.31393	  159.7652
 28553	  38.86132	  59.56733	  159.29913	  159.7504
 28554	  38.84967	  59.5657	  159.28688	  159.73814
 28555	  38.80858	  59.41087	  159.20959	  159.66089
 28556	  38.8341	  59.46134	  159.25198	  159.70326
 28557	  38.97232	  61.56827	  158.98557	  159.43694
 28558	  39.01728	  61.6638	  158.95695	  159.40833
 28559	  38.95663	  61.72012	  158.98175	  159.43312
 28560	  38.97232	  61.56827	  158.98557	  159.43694
 28561	  38.95663	  61.72012	  158.98175	  159.43312
 28562	  38.90864	  61.76363	  158.99701	  159.44836
 28563	  39.45042	  59.48721	  159.06216	  159.5135
 28564	  39.4433	  59.46977	  159.05481	  159.50615
 28565	  39.51118	  59.40349	  159.02463	  159.47598
 28566	  39.45042	  59.48721	  159.06216	  159.5135
 28567	  39.39623	  59.47218	  159.05739	  159.50873
 28568	  39.4433	  59.46977	  159.05481	  159.50615
 28569	  38.78059	  61.09739	  159.30675	  159.75801
 28570	  38.77205	  61.03959	  159.32526	  159.77652
 28571	  38.80436	  61.14815	  159.33463	  159.78587
 28572	  38.76	  61.01788	  159.30594	  159.7572
 28573	  38.73481	  60.90609	  159.30479	  159.75606
 28574	  38.77205	  61.03959	  159.32526	  159.77652
 28575	  39.18484	  62.64424	  158.84828	  159.29968
 28576	  39.15288	  62.64201	  158.85707	  159.30847
 28577	  39.18636	  62.6209	  158.85518	  159.30658
 28578	  39.18484	  62.64424	  158.84828	  159.29968
 28579	  39.18095	  62.85464	  158.85828	  159.30968
 28580	  39.1768	  62.65736	  158.85449	  159.30589
 28581	  38.87268	  59.55575	  159.31393	  159.7652
 28582	  38.8341	  59.46134	  159.25198	  159.70326
 28583	  38.86458	  59.50196	  159.31125	  159.7625
 28584	  38.87268	  59.55575	  159.31393	  159.7652
 28585	  38.86458	  59.50196	  159.31125	  159.7625
 28586	  38.88967	  59.50038	  159.34337	  159.79462
 28587	  39.38301	  61.91484	  159.18719	  159.6385
 28588	  39.42281	  61.43189	  159.21588	  159.66718
 28589	  39.40081	  61.39764	  159.21471	  159.666
 28590	  39.40081	  61.39764	  159.21471	  159.666
 28591	  39.42281	  61.43189	  159.21588	  159.66718
 28592	  39.41184	  61.2438	  159.22778	  159.67908
 28593	  39.82487	  63.25749	  158.90985	  159.36122
 28594	  39.79612	  63.1177	  158.88217	  159.33357
 28595	  39.82401	  63.18357	  158.92343	  159.3748
 28596	  39.83084	  63.4642	  158.9388	  159.39017
 28597	  39.82998	  63.34279	  158.92374	  159.37512
 28598	  39.83105	  63.24601	  158.93565	  159.38702
 28599	  39.37408	  59.23516	  158.97044	  159.42181
 28600	  39.36526	  59.19474	  158.93526	  159.38663
 28601	  39.42188	  59.21793	  158.93066	  159.38205
 28602	  39.36526	  59.19474	  158.93526	  159.38663
 28603	  39.38865	  59.17349	  158.89708	  159.34848
 28604	  39.42188	  59.21793	  158.93066	  159.38205
 28605	  39.40686	  61.72796	  158.95082	  159.40219
 28606	  39.32937	  61.6642	  159.00253	  159.45389
 28607	  39.37419	  61.64881	  158.97868	  159.43005
 28608	  39.32103	  61.43062	  159.02811	  159.47946
 28609	  39.37419	  61.64881	  158.97868	  159.43005
 28610	  39.32937	  61.6642	  159.00253	  159.45389
 28611	  39.60138	  62.35862	  158.76935	  159.22078
 28612	  39.66808	  62.51711	  158.80923	  159.26065
 28613	  39.64771	  62.49066	  158.7832	  159.23462
 28614	  39.70398	  62.64771	  158.82843	  159.27985
 28615	  39.72201	  62.75571	  158.83496	  159.28636
 28616	  39.64771	  62.49066	  158.7832	  159.23462
 28617	  39.4409	  59.65462	  159.20558	  159.65688
 28618	  39.43921	  59.66838	  159.25267	  159.70395
 28619	  39.43914	  59.64071	  159.21809	  159.66937
 28620	  39.4409	  59.65462	  159.20558	  159.65688
 28621	  39.43914	  59.64071	  159.21809	  159.66937
 28622	  39.45375	  59.64189	  159.1839	  159.63519
 28623	  38.69471	  63.30466	  159.07153	  159.52286
 28624	  38.69167	  63.34438	  159.10176	  159.55309
 28625	  38.68532	  63.27276	  159.09529	  159.54662
 28626	  38.69167	  63.34438	  159.10176	  159.55309
 28627	  38.68847	  63.28771	  159.11975	  159.57108
 28628	  38.68532	  63.27276	  159.09529	  159.54662
 28629	  39.38865	  59.17349	  158.89708	  159.34848
 28630	  39.15844	  59.16583	  158.93834	  159.38971
 28631	  39.40082	  59.16534	  158.8862	  159.33759
 28632	  39.53706	  59.14573	  158.85532	  159.30672
 28633	  39.42726	  59.19046	  158.89737	  159.34875
 28634	  39.40082	  59.16534	  158.8862	  159.33759
 28635	  39.79198	  61.66371	  159.11609	  159.56741
 28636	  39.7889	  61.79412	  159.0799	  159.53122
 28637	  39.76616	  61.85057	  159.09616	  159.54749
 28638	  39.72852	  62.06705	  159.06789	  159.51921
 28639	  39.76616	  61.85057	  159.09616	  159.54749
 28640	  39.7889	  61.79412	  159.0799	  159.53122
 28641	  39.11251	  63.97479	  158.90598	  159.35736
 28642	  39.09376	  63.9346	  158.89951	  159.35091
 28643	  39.12881	  63.92187	  158.88388	  159.33527
 28644	  39.11251	  63.97479	  158.90598	  159.35736
 28645	  38.99144	  63.99682	  158.92009	  159.37148
 28646	  39.09376	  63.9346	  158.89951	  159.35091
 28647	  39.20986	  61.49595	  159.22313	  159.67441
 28648	  39.20628	  61.41984	  159.22614	  159.67743
 28649	  39.16434	  61.2769	  159.2861	  159.73737
 28650	  39.20986	  61.49595	  159.22313	  159.67441
 28651	  39.21856	  61.49457	  159.19431	  159.6456
 28652	  39.20628	  61.41984	  159.22614	  159.67743
 28653	  39.07565	  63.53502	  158.85889	  159.31029
 28654	  39.07635	  63.59011	  158.86206	  159.31346
 28655	  39.01968	  63.60511	  158.86966	  159.32106
 28656	  39.07635	  63.59011	  158.86206	  159.31346
 28657	  39.07565	  63.53502	  158.85889	  159.31029
 28658	  39.12803	  63.621	  158.84831	  159.29971
 28659	  39.67176	  60.57262	  159.04387	  159.49521
 28660	  39.76995	  60.59843	  159.04613	  159.49747
 28661	  39.76474	  60.63198	  159.0386	  159.48996
 28662	  39.83728	  60.61829	  159.02231	  159.47365
 28663	  39.76474	  60.63198	  159.0386	  159.48996
 28664	  39.76995	  60.59843	  159.04613	  159.49747
 28665	  39.04224	  62.6378	  158.89102	  159.34242
 28666	  39.02962	  62.64565	  158.89499	  159.34637
 28667	  39.00249	  62.6035	  158.91092	  159.3623
 28668	  39.02962	  62.64565	  158.89499	  159.34637
 28669	  38.96894	  62.66019	  158.92599	  159.37737
 28670	  39.00249	  62.6035	  158.91092	  159.3623
 28671	  39.56571	  61.33861	  158.91147	  159.36285
 28672	  39.62711	  61.36044	  158.92926	  159.38065
 28673	  39.57283	  61.09264	  158.93388	  159.38525
 28674	  39.56571	  61.33861	  158.91147	  159.36285
 28675	  39.54576	  61.12709	  158.92522	  159.3766
 28676	  39.54913	  61.45807	  158.90149	  159.35287
 28677	  39.54589	  59.50603	  159.45114	  159.90236
 28678	  39.4864	  59.5235	  159.45715	  159.90837
 28679	  39.51898	  59.50627	  159.42775	  159.87897
 28680	  39.54589	  59.50603	  159.45114	  159.90236
 28681	  39.51898	  59.50627	  159.42775	  159.87897
 28682	  39.58212	  59.49963	  159.43753	  159.88876
 28683	  38.89672	  63.49372	  158.9809	  159.43225
 28684	  38.88535	  63.3325	  158.99358	  159.44495
 28685	  38.88927	  63.49009	  158.95395	  159.40532
 28686	  38.89672	  63.49372	  158.9809	  159.43225
 28687	  38.88927	  63.49009	  158.95395	  159.40532
 28688	  38.88727	  63.62403	  158.948	  159.39938
 28689	  39.12766	  62.1868	  158.88322	  159.33463
 28690	  39.13485	  62.12133	  158.89015	  159.34155
 28691	  39.17755	  62.17819	  158.87256	  159.32396
 28692	  39.13485	  62.12133	  158.89015	  159.34155
 28693	  39.12766	  62.1868	  158.88322	  159.33463
 28694	  39.07294	  62.11331	  158.90936	  159.36075
 28695	  38.92965	  63.46646	  159.16266	  159.61397
 28696	  38.91233	  63.47217	  159.11414	  159.56546
 28697	  38.90751	  63.57534	  159.17169	  159.623
 28698	  38.90817	  63.61488	  159.19279	  159.6441
 28699	  38.92965	  63.46646	  159.16266	  159.61397
 28700	  38.90751	  63.57534	  159.17169	  159.623
 28701	  39.44846	  61.12904	  159.02118	  159.47253
 28702	  39.4137	  61.23643	  159.01239	  159.46375
 28703	  39.3946	  61.16394	  159.03009	  159.48145
 28704	  39.4137	  61.23643	  159.01239	  159.46375
 28705	  39.35478	  61.21848	  159.04166	  159.49301
 28706	  39.3946	  61.16394	  159.03009	  159.48145
 28707	  39.66615	  60.66619	  159.02344	  159.47479
 28708	  39.63695	  60.61157	  159.02673	  159.47807
 28709	  39.67156	  60.61327	  159.03856	  159.4899
 28710	  39.66615	  60.66619	  159.02344	  159.47479
 28711	  39.67156	  60.61327	  159.03856	  159.4899
 28712	  39.76474	  60.63198	  159.0386	  159.48996
 28713	  39.56571	  61.33861	  158.91147	  159.36285
 28714	  39.57283	  61.09264	  158.93388	  159.38525
 28715	  39.54576	  61.12709	  158.92522	  159.3766
 28716	  39.54576	  61.12709	  158.92522	  159.3766
 28717	  39.57283	  61.09264	  158.93388	  159.38525
 28718	  39.56705	  60.94532	  158.95285	  159.40421
 28719	  39.13154	  64.59244	  158.87141	  159.3228
 28720	  39.11965	  64.63536	  158.90213	  159.35352
 28721	  39.12867	  64.60041	  158.88191	  159.33331
 28722	  39.13754	  64.53956	  158.88272	  159.33412
 28723	  39.13154	  64.59244	  158.87141	  159.3228
 28724	  39.12867	  64.60041	  158.88191	  159.33331
 28725	  39.4137	  61.23643	  159.01239	  159.46375
 28726	  39.40412	  61.38781	  158.99146	  159.44281
 28727	  39.36047	  61.31032	  159.02167	  159.47301
 28728	  39.35063	  61.36644	  159.01875	  159.47011
 28729	  39.36047	  61.31032	  159.02167	  159.47301
 28730	  39.40412	  61.38781	  158.99146	  159.44281
 28731	  38.96175	  62.79523	  159.23788	  159.68916
 28732	  38.9624	  62.71961	  159.24213	  159.69342
 28733	  38.93309	  62.78725	  159.22522	  159.67651
 28734	  38.96175	  62.79523	  159.23788	  159.68916
 28735	  38.93309	  62.78725	  159.22522	  159.67651
 28736	  38.98187	  62.82757	  159.24933	  159.70062
 28737	  39.18857	  59.46997	  159.24907	  159.70035
 28738	  39.13247	  59.54001	  159.30054	  159.7518
 28739	  39.14319	  59.46737	  159.24841	  159.69969
 28740	  39.18857	  59.46997	  159.24907	  159.70035
 28741	  39.14319	  59.46737	  159.24841	  159.69969
 28742	  39.11567	  59.42973	  159.21965	  159.67094
 28743	  39.56983	  60.85407	  159.1331	  159.58441
 28744	  39.55512	  60.7984	  159.11626	  159.56758
 28745	  39.57032	  60.78629	  159.14746	  159.59877
 28746	  39.54808	  60.85059	  159.10268	  159.554
 28747	  39.5215	  60.8508	  159.08069	  159.53203
 28748	  39.55512	  60.7984	  159.11626	  159.56758
 28749	  39.06855	  60.38882	  159.31865	  159.7699
 28750	  39.07399	  60.37526	  159.33575	  159.787
 28751	  39.08658	  60.38464	  159.3495	  159.80075
 28752	  39.04841	  60.38413	  159.30643	  159.75769
 28753	  39.07399	  60.37526	  159.33575	  159.787
 28754	  39.06855	  60.38882	  159.31865	  159.7699
 28755	  39.75518	  63.50133	  158.841	  159.29242
 28756	  39.72543	  63.66232	  158.83369	  159.2851
 28757	  39.7328	  63.55097	  158.83096	  159.28236
 28758	  39.7328	  63.55097	  158.83096	  159.28236
 28759	  39.73715	  63.39272	  158.82782	  159.27924
 28760	  39.75518	  63.50133	  158.841	  159.29242
 28761	  39.35461	  64.50248	  158.97171	  159.42307
 28762	  39.34046	  64.54638	  158.98314	  159.43451
 28763	  39.37245	  64.54067	  158.97203	  159.4234
 28764	  39.35461	  64.50248	  158.97171	  159.42307
 28765	  39.37245	  64.54067	  158.97203	  159.4234
 28766	  39.39069	  64.48975	  158.95538	  159.40675
 28767	  38.91211	  62.81112	  159.20253	  159.65382
 28768	  38.90696	  62.77135	  159.19406	  159.64536
 28769	  38.88312	  62.7844	  159.15636	  159.60767
 28770	  38.93309	  62.78725	  159.22522	  159.67651
 28771	  38.90696	  62.77135	  159.19406	  159.64536
 28772	  38.91211	  62.81112	  159.20253	  159.65382
 28773	  39.70992	  59.7252	  159.36136	  159.81261
 28774	  39.69939	  59.69862	  159.33736	  159.7886
 28775	  39.73366	  59.76293	  159.3222	  159.77347
 28776	  39.69939	  59.69862	  159.33736	  159.7886
 28777	  39.70992	  59.7252	  159.36136	  159.81261
 28778	  39.69651	  59.67413	  159.37317	  159.8244
 28779	  38.877	  62.00816	  159.27762	  159.72888
 28780	  38.85978	  61.98518	  159.26068	  159.71196
 28781	  38.86263	  62.20323	  159.25584	  159.70712
 28782	  38.877	  62.00816	  159.27762	  159.72888
 28783	  38.88223	  61.81869	  159.30981	  159.76108
 28784	  38.85978	  61.98518	  159.26068	  159.71196
 28785	  39.33156	  62.21135	  159.27975	  159.73102
 28786	  39.33675	  62.29463	  159.27299	  159.72427
 28787	  39.41492	  62.25401	  159.26146	  159.71274
 28788	  39.33156	  62.21135	  159.27975	  159.73102
 28789	  39.24832	  62.32971	  159.29001	  159.74127
 28790	  39.33675	  62.29463	  159.27299	  159.72427
 28791	  38.9161	  60.64165	  159.08444	  159.53577
 28792	  38.8848	  60.62101	  159.08859	  159.53992
 28793	  38.88979	  60.72573	  159.08539	  159.53671
 28794	  39.00018	  60.57538	  159.06035	  159.51169
 28795	  38.8848	  60.62101	  159.08859	  159.53992
 28796	  38.9161	  60.64165	  159.08444	  159.53577
 28797	  39.45374	  61.07467	  159.3884	  159.83963
 28798	  39.5225	  61.00111	  159.37277	  159.82401
 28799	  39.46275	  60.99509	  159.39069	  159.84192
 28800	  39.45374	  61.07467	  159.3884	  159.83963
 28801	  39.46275	  60.99509	  159.39069	  159.84192
 28802	  39.36052	  60.94588	  159.41508	  159.86632
 28803	  39.43771	  63.87975	  158.8317	  159.28311
 28804	  39.44538	  63.85572	  158.79448	  159.24591
 28805	  39.44845	  63.83152	  158.8185	  159.26991
 28806	  39.45792	  63.89478	  158.84607	  159.29747
 28807	  39.43771	  63.87975	  158.8317	  159.28311
 28808	  39.44845	  63.83152	  158.8185	  159.26991
 28809	  38.84368	  61.92693	  159.01204	  159.46339
 28810	  38.86714	  61.8655	  159.00404	  159.4554
 28811	  38.87873	  62.0092	  158.99422	  159.44559
 28812	  38.84368	  61.92693	  159.01204	  159.46339
 28813	  38.87873	  62.0092	  158.99422	  159.44559
 28814	  38.89083	  62.10472	  158.98206	  159.43341
 28815	  39.19633	  64.67039	  158.97659	  159.42796
 28816	  39.16652	  64.76698	  158.9431	  159.39447
 28817	  39.20852	  64.72803	  158.98122	  159.43257
 28818	  39.2164	  64.63731	  158.98764	  159.439
 28819	  39.19633	  64.67039	  158.97659	  159.42796
 28820	  39.20852	  64.72803	  158.98122	  159.43257
 28821	  38.93812	  62.97648	  158.95882	  159.41019
 28822	  38.92197	  63.00956	  158.95624	  159.40761
 28823	  38.92828	  62.90184	  158.91579	  159.36717
 28824	  38.92197	  63.00956	  158.95624	  159.40761
 28825	  38.93812	  62.97648	  158.95882	  159.41019
 28826	  38.92611	  63.03401	  158.98688	  159.43825
 28827	  39.13105	  64.33345	  158.95763	  159.409
 28828	  39.16501	  64.22011	  158.95767	  159.40903
 28829	  39.1733	  64.26598	  158.98392	  159.43527
 28830	  39.16501	  64.22011	  158.95767	  159.40903
 28831	  39.16864	  64.25397	  158.96138	  159.41275
 28832	  39.1733	  64.26598	  158.98392	  159.43527
 28833	  38.79658	  59.76137	  159.43411	  159.88535
 28834	  38.76526	  59.72359	  159.39145	  159.84268
 28835	  38.78703	  59.75985	  159.39792	  159.84915
 28836	  38.78703	  59.75985	  159.39792	  159.84915
 28837	  38.76526	  59.72359	  159.39145	  159.84268
 28838	  38.78952	  59.75198	  159.36749	  159.81873
 28839	  39.52155	  59.4939	  159.40242	  159.85365
 28840	  39.45322	  59.52384	  159.40222	  159.85345
 28841	  39.47321	  59.50301	  159.37378	  159.82503
 28842	  39.45322	  59.52384	  159.40222	  159.85345
 28843	  39.43962	  59.52224	  159.35846	  159.80971
 28844	  39.47321	  59.50301	  159.37378	  159.82503
 28845	  38.84368	  61.92693	  159.01204	  159.46339
 28846	  38.89083	  62.10472	  158.98206	  159.43341
 28847	  38.85001	  62.08813	  159.00444	  159.4558
 28848	  38.82323	  62.02926	  159.03351	  159.48485
 28849	  38.83124	  61.93843	  159.02219	  159.47354
 28850	  38.85001	  62.08813	  159.00444	  159.4558
 28851	  39.23864	  59.56234	  159.41307	  159.86429
 28852	  39.27941	  59.58243	  159.3826	  159.83383
 28853	  39.30473	  59.55018	  159.41919	  159.87042
 28854	  39.23864	  59.56234	  159.41307	  159.86429
 28855	  39.1861	  59.58567	  159.37611	  159.82736
 28856	  39.27941	  59.58243	  159.3826	  159.83383
 28857	  39.15008	  64.24419	  158.89151	  159.3429
 28858	  39.17184	  64.17357	  158.92336	  159.37474
 28859	  39.15573	  64.21261	  158.93352	  159.38489
 28860	  39.17184	  64.17357	  158.92336	  159.37474
 28861	  39.16501	  64.22011	  158.95767	  159.40903
 28862	  39.15573	  64.21261	  158.93352	  159.38489
 28863	  39.0989	  62.50542	  158.88364	  159.33502
 28864	  39.1452	  62.5631	  158.86639	  159.31778
 28865	  39.07887	  62.63778	  158.87747	  159.32886
 28866	  39.0989	  62.50542	  158.88364	  159.33502
 28867	  39.17084	  62.398	  158.86038	  159.31178
 28868	  39.16249	  62.47349	  158.86395	  159.31535
 28869	  39.62088	  60.64988	  159.02145	  159.47281
 28870	  39.6688	  60.61419	  159.04578	  159.49712
 28871	  39.6408	  60.58812	  159.04089	  159.49225
 28872	  39.6688	  60.61419	  159.04578	  159.49712
 28873	  39.75593	  60.61025	  159.04935	  159.50069
 28874	  39.66857	  60.5868	  159.04739	  159.49875
 28875	  39.30585	  64.32905	  159.03389	  159.48523
 28876	  39.2983	  64.29858	  159.03687	  159.48822
 28877	  39.26352	  64.33487	  159.04025	  159.49161
 28878	  39.30585	  64.32905	  159.03389	  159.48523
 28879	  39.26352	  64.33487	  159.04025	  159.49161
 28880	  39.28983	  64.37468	  159.04196	  159.4933
 28881	  39.26369	  64.15998	  158.83218	  159.28358
 28882	  39.24828	  64.18958	  158.82501	  159.27643
 28883	  39.2696	  64.07734	  158.85092	  159.30234
 28884	  39.26294	  64.1779	  158.82193	  159.27333
 28885	  39.24828	  64.18958	  158.82501	  159.27643
 28886	  39.26369	  64.15998	  158.83218	  159.28358
 28887	  38.75067	  59.62519	  159.28566	  159.73694
 28888	  38.74531	  59.56694	  159.25507	  159.70634
 28889	  38.77649	  59.56407	  159.25218	  159.70346
 28890	  38.77649	  59.56407	  159.25218	  159.70346
 28891	  38.74531	  59.56694	  159.25507	  159.70634
 28892	  38.70128	  59.49212	  159.21057	  159.66187
 28893	  39.57461	  61.73049	  159.16603	  159.61734
 28894	  39.6178	  61.79023	  159.14407	  159.59537
 28895	  39.601	  61.69425	  159.15048	  159.60181
 28896	  39.6178	  61.79023	  159.14407	  159.59537
 28897	  39.63924	  61.71037	  159.12234	  159.57367
 28898	  39.601	  61.69425	  159.15048	  159.60181
 28899	  39.27305	  62.09128	  159.21597	  159.66727
 28900	  39.23627	  62.0906	  159.23718	  159.68848
 28901	  39.2572	  62.1339	  159.24234	  159.69363
 28902	  39.2572	  62.1339	  159.24234	  159.69363
 28903	  39.23627	  62.0906	  159.23718	  159.68848
 28904	  39.16732	  62.15895	  159.28008	  159.73135
 28905	  39.67303	  61.55347	  159.23447	  159.68575
 28906	  39.60269	  61.58871	  159.27142	  159.7227
 28907	  39.64301	  61.64165	  159.2377	  159.68898
 28908	  39.67303	  61.55347	  159.23447	  159.68575
 28909	  39.64301	  61.64165	  159.2377	  159.68898
 28910	  39.70266	  61.63076	  159.19739	  159.64868
 28911	  39.23402	  61.58801	  159.37743	  159.82866
 28912	  39.22489	  61.30387	  159.41702	  159.86824
 28913	  39.19621	  61.37363	  159.41293	  159.86417
 28914	  39.19621	  61.37363	  159.41293	  159.86417
 28915	  39.22489	  61.30387	  159.41702	  159.86824
 28916	  39.14976	  61.1622	  159.44595	  159.89719
 28917	  39.52674	  59.46836	  159.58569	  160.03687
 28918	  39.5415	  59.55874	  159.57211	  160.02328
 28919	  39.55269	  59.31062	  159.59081	  160.04198
 28920	  39.47315	  59.50281	  159.59351	  160.04469
 28921	  39.44051	  59.5006	  159.59937	  160.05054
 28922	  39.5415	  59.55874	  159.57211	  160.02328
 28923	  39.6664	  60.22794	  159.29456	  159.74582
 28924	  39.67592	  60.17579	  159.27603	  159.72729
 28925	  39.66336	  60.17341	  159.3009	  159.75217
 28926	  39.65489	  60.23034	  159.30991	  159.76117
 28927	  39.6342	  60.26476	  159.32166	  159.7729
 28928	  39.6664	  60.22794	  159.29456	  159.74582
 28929	  39.69343	  62.00797	  158.92792	  159.37929
 28930	  39.73442	  61.96137	  158.96527	  159.41664
 28931	  39.70418	  62.10314	  158.97353	  159.42488
 28932	  39.70418	  62.10314	  158.97353	  159.42488
 28933	  39.73442	  61.96137	  158.96527	  159.41664
 28934	  39.786	  61.87303	  159.02377	  159.47513
 28935	  39.13751	  62.36603	  158.75858	  159.20999
 28936	  39.16646	  62.30916	  158.76141	  159.21284
 28937	  39.14498	  62.29763	  158.75732	  159.20877
 28938	  39.14498	  62.29763	  158.75732	  159.20877
 28939	  39.1616	  62.26882	  158.76761	  159.21904
 28940	  39.15049	  62.24974	  158.7486	  159.20001
 28941	  39.19559	  61.05311	  159.44658	  159.8978
 28942	  39.14976	  61.1622	  159.44595	  159.89719
 28943	  39.19614	  61.15628	  159.43863	  159.88986
 28944	  39.22489	  61.30387	  159.41702	  159.86824
 28945	  39.19614	  61.15628	  159.43863	  159.88986
 28946	  39.14976	  61.1622	  159.44595	  159.89719
 28947	  38.72812	  61.01952	  159.23599	  159.68729
 28948	  38.76441	  61.23355	  159.15979	  159.61111
 28949	  38.7568	  61.18513	  159.19612	  159.64742
 28950	  38.78197	  61.45621	  159.13873	  159.59006
 28951	  38.7568	  61.18513	  159.19612	  159.64742
 28952	  38.76441	  61.23355	  159.15979	  159.61111
 28953	  39.47315	  59.50281	  159.59351	  160.04469
 28954	  39.52674	  59.46836	  159.58569	  160.03687
 28955	  39.46598	  59.30976	  159.61359	  160.06476
 28956	  39.47315	  59.50281	  159.59351	  160.04469
 28957	  39.5415	  59.55874	  159.57211	  160.02328
 28958	  39.52674	  59.46836	  159.58569	  160.03687
 28959	  39.06874	  62.22472	  158.76222	  159.21365
 28960	  39.10273	  62.1989	  158.74326	  159.1947
 28961	  39.06987	  62.19791	  158.75522	  159.20665
 28962	  39.06432	  62.25637	  158.75146	  159.20288
 28963	  39.06874	  62.22472	  158.76222	  159.21365
 28964	  39.06987	  62.19791	  158.75522	  159.20665
 28965	  39.50923	  60.29237	  159.34647	  159.79773
 28966	  39.53403	  60.31766	  159.34714	  159.79839
 28967	  39.55025	  60.1465	  159.34807	  159.79932
 28968	  39.50923	  60.29237	  159.34647	  159.79773
 28969	  39.49361	  60.56307	  159.33063	  159.78189
 28970	  39.53403	  60.31766	  159.34714	  159.79839
 28971	  39.18549	  61.3396	  159.37346	  159.82471
 28972	  39.28978	  61.55476	  159.32124	  159.77251
 28973	  39.20209	  61.55945	  159.33972	  159.79097
 28974	  39.28978	  61.55476	  159.32124	  159.77251
 28975	  39.20822	  61.72183	  159.32059	  159.77185
 28976	  39.20209	  61.55945	  159.33972	  159.79097
 28977	  39.16646	  62.30916	  158.76141	  159.21284
 28978	  39.1911	  62.3007	  158.75529	  159.20673
 28979	  39.1616	  62.26882	  158.76761	  159.21904
 28980	  39.16646	  62.30916	  158.76141	  159.21284
 28981	  39.1616	  62.26882	  158.76761	  159.21904
 28982	  39.14498	  62.29763	  158.75732	  159.20877
 28983	  39.72087	  61.23449	  158.95158	  159.40295
 28984	  39.66645	  61.2646	  158.94533	  159.3967
 28985	  39.65849	  61.37907	  158.93289	  159.38428
 28986	  39.72087	  61.23449	  158.95158	  159.40295
 28987	  39.71021	  61.06691	  158.96402	  159.41539
 28988	  39.66645	  61.2646	  158.94533	  159.3967
 28989	  39.76866	  61.76752	  158.94572	  159.39709
 28990	  39.78506	  61.74563	  158.97318	  159.42455
 28991	  39.76565	  61.83686	  158.96382	  159.41519
 28992	  39.72913	  61.82292	  158.91377	  159.36516
 28993	  39.75426	  61.75299	  158.92569	  159.37708
 28994	  39.73818	  61.87178	  158.93109	  159.38248
 28995	  39.6166	  60.86655	  159.22449	  159.67578
 28996	  39.61299	  60.81823	  159.202	  159.65329
 28997	  39.62036	  60.798	  159.22694	  159.67824
 28998	  39.65048	  60.7204	  159.21475	  159.66605
 28999	  39.62919	  60.77715	  159.23453	  159.68581
 29000	  39.61657	  60.76426	  159.20653	  159.65782
 29001	  39.09447	  62.50611	  158.75279	  159.20422
 29002	  39.11743	  62.50656	  158.74377	  159.19521
 29003	  39.10389	  62.51912	  158.78113	  159.23254
 29004	  39.11868	  62.46459	  158.72272	  159.17416
 29005	  39.11743	  62.50656	  158.74377	  159.19521
 29006	  39.09447	  62.50611	  158.75279	  159.20422
 29007	  38.87553	  59.93674	  159.48193	  159.93314
 29008	  38.83967	  59.9066	  159.46924	  159.92044
 29009	  38.87578	  59.99419	  159.47845	  159.92967
 29010	  38.91337	  60.01534	  159.48134	  159.93254
 29011	  38.87553	  59.93674	  159.48193	  159.93314
 29012	  38.87578	  59.99419	  159.47845	  159.92967
 29013	  39.28978	  61.55476	  159.32124	  159.77251
 29014	  39.2809	  61.73071	  159.30542	  159.75668
 29015	  39.20822	  61.72183	  159.32059	  159.77185
 29016	  39.25531	  61.90756	  159.2953	  159.74658
 29017	  39.20822	  61.72183	  159.32059	  159.77185
 29018	  39.2809	  61.73071	  159.30542	  159.75668
 29019	  38.85501	  61.71901	  159.0666	  159.51794
 29020	  38.83928	  61.83125	  159.0533	  159.50464
 29021	  38.8413	  61.75824	  159.08278	  159.53412
 29022	  38.83928	  61.83125	  159.0533	  159.50464
 29023	  38.85501	  61.71901	  159.0666	  159.51794
 29024	  38.86567	  61.81058	  159.03142	  159.48277
 29025	  39.38644	  64.60706	  158.80042	  159.25183
 29026	  39.41619	  64.73335	  158.81871	  159.27011
 29027	  39.38895	  64.69867	  158.79361	  159.24503
 29028	  39.41619	  64.73335	  158.81871	  159.27011
 29029	  39.34841	  64.66921	  158.75226	  159.20369
 29030	  39.38895	  64.69867	  158.79361	  159.24503
 29031	  38.98341	  61.20333	  159.31493	  159.76619
 29032	  39.00539	  61.22586	  159.32077	  159.77203
 29033	  38.99931	  61.12685	  159.34349	  159.79474
 29034	  39.02787	  61.15546	  159.34236	  159.79361
 29035	  38.99931	  61.12685	  159.34349	  159.79474
 29036	  39.00539	  61.22586	  159.32077	  159.77203
 29037	  38.91787	  60.45377	  159.26212	  159.71339
 29038	  38.94676	  60.4484	  159.25914	  159.71042
 29039	  38.90202	  60.47646	  159.25792	  159.7092
 29040	  38.92371	  60.14162	  159.30505	  159.75632
 29041	  38.94622	  60.4366	  159.26405	  159.71533
 29042	  38.91787	  60.45377	  159.26212	  159.71339
 29043	  39.24213	  64.04729	  158.8674	  159.31879
 29044	  39.23439	  63.931	  158.85352	  159.30492
 29045	  39.25642	  63.89838	  158.84593	  159.29733
 29046	  39.23034	  63.90821	  158.84592	  159.29732
 29047	  39.2539	  63.85489	  158.83586	  159.28726
 29048	  39.23439	  63.931	  158.85352	  159.30492
 29049	  39.20808	  61.99972	  158.89761	  159.349
 29050	  39.1689	  62.04725	  158.89816	  159.34955
 29051	  39.15635	  62.04203	  158.90164	  159.35303
 29052	  39.20808	  61.99972	  158.89761	  159.349
 29053	  39.21676	  62.07073	  158.88686	  159.33824
 29054	  39.1689	  62.04725	  158.89816	  159.34955
 29055	  39.43823	  64.70215	  158.93082	  159.38219
 29056	  39.44162	  64.73032	  158.88239	  159.33377
 29057	  39.44021	  64.64407	  158.92593	  159.3773
 29058	  39.4306	  64.61456	  158.94221	  159.39359
 29059	  39.43823	  64.70215	  158.93082	  159.38219
 29060	  39.44021	  64.64407	  158.92593	  159.3773
 29061	  39.71573	  61.70255	  158.90048	  159.35188
 29062	  39.73788	  61.73025	  158.91116	  159.36255
 29063	  39.6942	  61.79572	  158.89641	  159.34781
 29064	  39.65205	  61.77872	  158.89296	  159.34436
 29065	  39.71573	  61.70255	  158.90048	  159.35188
 29066	  39.6942	  61.79572	  158.89641	  159.34781
 29067	  38.97663	  60.65869	  159.22357	  159.67485
 29068	  38.92541	  60.6702	  159.22809	  159.67938
 29069	  38.93122	  60.65951	  159.23073	  159.68201
 29070	  38.92541	  60.6702	  159.22809	  159.67938
 29071	  38.88735	  60.67552	  159.24319	  159.69449
 29072	  38.93122	  60.65951	  159.23073	  159.68201
 29073	  39.09783	  62.6696	  159.27213	  159.72339
 29074	  39.14609	  62.48221	  159.28741	  159.73868
 29075	  39.09776	  62.51527	  159.28244	  159.7337
 29076	  39.08199	  62.35154	  159.29597	  159.74724
 29077	  39.09776	  62.51527	  159.28244	  159.7337
 29078	  39.14609	  62.48221	  159.28741	  159.73868
 29079	  39.32688	  62.32518	  158.73868	  159.19011
 29080	  39.33308	  62.35306	  158.72667	  159.1781
 29081	  39.36293	  62.29687	  158.73874	  159.19017
 29082	  39.32688	  62.32518	  158.73868	  159.19011
 29083	  39.26963	  62.27976	  158.74652	  159.19797
 29084	  39.33308	  62.35306	  158.72667	  159.1781
 29085	  39.79599	  59.76592	  159.41734	  159.86856
 29086	  39.76038	  59.76107	  159.40259	  159.85382
 29087	  39.78429	  59.81109	  159.37845	  159.8297
 29088	  39.76038	  59.76107	  159.40259	  159.85382
 29089	  39.79599	  59.76592	  159.41734	  159.86856
 29090	  39.7834	  59.71435	  159.43184	  159.88306
 29091	  39.1825	  63.96806	  158.87611	  159.32751
 29092	  39.23034	  63.90821	  158.84592	  159.29732
 29093	  39.20404	  63.99514	  158.87068	  159.32208
 29094	  39.20404	  63.99514	  158.87068	  159.32208
 29095	  39.23034	  63.90821	  158.84592	  159.29732
 29096	  39.23439	  63.931	  158.85352	  159.30492
 29097	  38.9799	  60.65129	  159.22858	  159.67987
 29098	  39.02241	  60.64782	  159.23459	  159.68588
 29099	  38.97663	  60.65869	  159.22357	  159.67485
 29100	  38.9799	  60.65129	  159.22858	  159.67987
 29101	  38.97663	  60.65869	  159.22357	  159.67485
 29102	  38.93122	  60.65951	  159.23073	  159.68201
 29103	  39.13303	  64.11097	  158.93916	  159.39053
 29104	  39.1141	  64.12305	  158.94408	  159.39545
 29105	  39.09354	  64.10078	  158.94537	  159.39676
 29106	  39.09354	  64.10078	  158.94537	  159.39676
 29107	  39.1141	  64.12305	  158.94408	  159.39545
 29108	  39.09258	  64.18434	  159.00363	  159.45499
 29109	  40.09457	  59.29681	  159.33495	  159.78619
 29110	  40.09294	  59.36849	  159.33195	  159.7832
 29111	  40.09375	  59.32066	  159.31537	  159.76663
 29112	  40.09457	  59.29681	  159.33495	  159.78619
 29113	  40.1071	  59.37687	  159.36467	  159.81592
 29114	  40.09294	  59.36849	  159.33195	  159.7832
 29115	  39.0789	  59.32351	  159.11285	  159.56418
 29116	  39.08532	  59.26955	  159.05753	  159.50887
 29117	  39.12048	  59.29609	  159.08031	  159.53163
 29118	  39.0789	  59.32351	  159.11285	  159.56418
 29119	  39.03962	  59.2748	  159.07358	  159.5249
 29120	  39.08532	  59.26955	  159.05753	  159.50887
 29121	  39.21347	  63.88097	  158.84903	  159.30045
 29122	  39.23034	  63.90821	  158.84592	  159.29732
 29123	  39.1825	  63.96806	  158.87611	  159.32751
 29124	  39.24455	  63.84809	  158.82416	  159.27556
 29125	  39.23034	  63.90821	  158.84592	  159.29732
 29126	  39.21347	  63.88097	  158.84903	  159.30045
 29127	  39.65219	  61.99277	  159.16705	  159.61835
 29128	  39.63054	  62.07546	  159.16896	  159.62027
 29129	  39.59933	  61.91202	  159.19839	  159.64969
 29130	  39.6898	  62.09426	  159.12741	  159.57874
 29131	  39.64985	  62.10971	  159.15549	  159.6068
 29132	  39.67528	  62.03133	  159.14952	  159.60083
 29133	  39.55676	  62.30003	  158.78685	  159.23827
 29134	  39.58609	  62.32766	  158.78075	  159.23216
 29135	  39.57383	  62.31142	  158.76074	  159.21216
 29136	  39.57383	  62.31142	  158.76074	  159.21216
 29137	  39.58609	  62.32766	  158.78075	  159.23216
 29138	  39.60138	  62.35862	  158.76935	  159.22078
 29139	  39.41813	  60.53071	  159.29716	  159.74843
 29140	  39.42607	  60.33022	  159.30319	  159.75446
 29141	  39.40457	  60.51305	  159.27914	  159.73041
 29142	  39.40457	  60.51305	  159.27914	  159.73041
 29143	  39.39494	  60.66887	  159.27942	  159.73068
 29144	  39.41813	  60.53071	  159.29716	  159.74843
 29145	  39.0789	  59.32351	  159.11285	  159.56418
 29146	  39.12048	  59.29609	  159.08031	  159.53163
 29147	  39.1612	  59.33601	  159.10356	  159.55489
 29148	  39.12048	  59.29609	  159.08031	  159.53163
 29149	  39.08532	  59.26955	  159.05753	  159.50887
 29150	  39.17133	  59.29744	  159.05899	  159.51033
 29151	  39.27843	  63.77974	  158.81897	  159.27037
 29152	  39.2556	  63.85402	  158.82889	  159.2803
 29153	  39.24455	  63.84809	  158.82416	  159.27556
 29154	  39.23034	  63.90821	  158.84592	  159.29732
 29155	  39.24455	  63.84809	  158.82416	  159.27556
 29156	  39.2556	  63.85402	  158.82889	  159.2803
 29157	  39.14976	  61.1622	  159.44595	  159.89719
 29158	  39.10334	  61.17365	  159.44659	  159.89781
 29159	  39.1427	  61.34276	  159.42123	  159.87247
 29160	  39.10334	  61.17365	  159.44659	  159.89781
 29161	  39.07025	  61.34307	  159.41957	  159.8708
 29162	  39.1427	  61.34276	  159.42123	  159.87247
 29163	  39.84219	  59.14474	  158.81758	  159.269
 29164	  39.85648	  59.09437	  158.841	  159.2924
 29165	  39.85361	  59.16743	  158.83217	  159.28357
 29166	  39.85648	  59.09437	  158.841	  159.2924
 29167	  39.90989	  59.14999	  158.95193	  159.40329
 29168	  39.85361	  59.16743	  158.83217	  159.28357
 29169	  39.00725	  62.49866	  158.78036	  159.2318
 29170	  39.0407	  62.49976	  158.77068	  159.22211
 29171	  39.01665	  62.54636	  158.80377	  159.25519
 29172	  39.00725	  62.49866	  158.78036	  159.2318
 29173	  39.03857	  62.43312	  158.71378	  159.16522
 29174	  39.0407	  62.49976	  158.77068	  159.22211
 29175	  39.1612	  59.33601	  159.10356	  159.55489
 29176	  39.12048	  59.29609	  159.08031	  159.53163
 29177	  39.17133	  59.29744	  159.05899	  159.51033
 29178	  39.18518	  59.3941	  159.16423	  159.61554
 29179	  39.1612	  59.33601	  159.10356	  159.55489
 29180	  39.17133	  59.29744	  159.05899	  159.51033
 29181	  39.43919	  60.53927	  159.31302	  159.76428
 29182	  39.41726	  60.686	  159.29974	  159.75101
 29183	  39.44314	  60.69778	  159.31281	  159.76407
 29184	  39.43919	  60.53927	  159.31302	  159.76428
 29185	  39.41813	  60.53071	  159.29716	  159.74843
 29186	  39.41726	  60.686	  159.29974	  159.75101
 29187	  39.20315	  61.59768	  159.23129	  159.68259
 29188	  39.18739	  61.45991	  159.24919	  159.70047
 29189	  39.16842	  61.47585	  159.26106	  159.71234
 29190	  39.20986	  61.49595	  159.22313	  159.67441
 29191	  39.18739	  61.45991	  159.24919	  159.70047
 29192	  39.20315	  61.59768	  159.23129	  159.68259
 29193	  38.93027	  61.24133	  159.19785	  159.64914
 29194	  38.92954	  61.25925	  159.22244	  159.67374
 29195	  38.93602	  61.14771	  159.23648	  159.68776
 29196	  38.92954	  61.25925	  159.22244	  159.67374
 29197	  38.93027	  61.24133	  159.19785	  159.64914
 29198	  38.9062	  61.32304	  159.19296	  159.64426
 29199	  39.57295	  62.10908	  158.8718	  159.32318
 29200	  39.6175	  61.9837	  158.88518	  159.33658
 29201	  39.6498	  61.97787	  158.89511	  159.3465
 29202	  39.6175	  61.9837	  158.88518	  159.33658
 29203	  39.6942	  61.79572	  158.89641	  159.34781
 29204	  39.6498	  61.97787	  158.89511	  159.3465
 29205	  38.9427	  62.41781	  158.77231	  159.22374
 29206	  38.97163	  62.35199	  158.72137	  159.17282
 29207	  38.99019	  62.38128	  158.71606	  159.16751
 29208	  38.99019	  62.38128	  158.71606	  159.16751
 29209	  38.97163	  62.35199	  158.72137	  159.17282
 29210	  38.9919	  62.34515	  158.70862	  159.16006
 29211	  38.95762	  59.50684	  159.41885	  159.87009
 29212	  39.03502	  59.53181	  159.48015	  159.93137
 29213	  39.00834	  59.52061	  159.49002	  159.94124
 29214	  39.1019	  59.543	  159.53787	  159.98907
 29215	  39.00834	  59.52061	  159.49002	  159.94124
 29216	  39.03502	  59.53181	  159.48015	  159.93137
 29217	  39.3502	  61.07783	  159.08926	  159.5406
 29218	  39.33598	  61.0947	  159.1075	  159.55882
 29219	  39.33778	  61.07331	  159.11044	  159.56177
 29220	  39.3502	  61.07783	  159.08926	  159.5406
 29221	  39.33778	  61.07331	  159.11044	  159.56177
 29222	  39.33821	  61.05389	  159.1174	  159.56871
 29223	  39.2782	  62.96505	  159.23529	  159.68657
 29224	  39.27913	  62.90033	  159.24393	  159.69519
 29225	  39.15307	  62.94571	  159.25369	  159.70497
 29226	  39.2782	  62.96505	  159.23529	  159.68657
 29227	  39.37653	  62.93151	  159.23161	  159.68291
 29228	  39.27913	  62.90033	  159.24393	  159.69519
 29229	  39.60261	  59.61384	  159.35724	  159.80847
 29230	  39.6327	  59.79514	  159.31763	  159.76889
 29231	  39.61912	  59.62309	  159.34427	  159.79553
 29232	  39.60261	  59.61384	  159.35724	  159.80847
 29233	  39.61912	  59.62309	  159.34427	  159.79553
 29234	  39.61226	  59.49454	  159.37421	  159.82544
 29235	  38.90713	  62.47618	  158.97823	  159.4296
 29236	  38.93557	  62.42874	  158.95815	  159.40952
 29237	  38.93598	  62.54311	  158.95654	  159.40791
 29238	  38.90713	  62.47618	  158.97823	  159.4296
 29239	  38.87003	  62.40213	  158.99266	  159.44402
 29240	  38.93557	  62.42874	  158.95815	  159.40952
 29241	  38.95634	  61.72652	  159.01501	  159.46637
 29242	  38.90434	  61.78109	  159.02087	  159.47223
 29243	  38.93579	  61.56921	  159.05086	  159.5022
 29244	  38.90434	  61.78109	  159.02087	  159.47223
 29245	  38.95634	  61.72652	  159.01501	  159.46637
 29246	  38.9425	  61.77612	  159.00485	  159.45621
 29247	  39.75013	  63.14363	  158.99915	  159.4505
 29248	  39.73864	  63.00455	  158.98244	  159.43381
 29249	  39.71756	  63.01706	  158.98462	  159.43597
 29250	  39.71756	  63.01706	  158.98462	  159.43597
 29251	  39.73864	  63.00455	  158.98244	  159.43381
 29252	  39.69415	  62.85216	  158.97549	  159.42685
 29253	  38.83296	  61.85578	  159.04901	  159.50037
 29254	  38.81341	  61.84715	  159.07059	  159.52191
 29255	  38.80829	  61.91126	  159.0887	  159.54002
 29256	  38.81341	  61.84715	  159.07059	  159.52191
 29257	  38.79775	  61.85683	  159.11624	  159.56755
 29258	  38.80829	  61.91126	  159.0887	  159.54002
 29259	  39.28621	  62.82724	  159.24995	  159.70123
 29260	  39.40053	  62.82192	  159.23724	  159.68854
 29261	  39.39656	  62.78867	  159.23347	  159.68475
 29262	  39.3582	  62.85002	  159.24173	  159.69301
 29263	  39.28621	  62.82724	  159.24995	  159.70123
 29264	  39.27913	  62.90033	  159.24393	  159.69519
 29265	  39.3099	  62.16676	  159.17552	  159.62683
 29266	  39.28262	  62.11264	  159.13348	  159.58481
 29267	  39.3145	  62.21569	  159.19284	  159.64413
 29268	  39.3145	  62.21569	  159.19284	  159.64413
 29269	  39.32227	  62.14096	  159.2009	  159.65219
 29270	  39.3099	  62.16676	  159.17552	  159.62683
 29271	  38.87032	  59.22911	  159.07349	  159.52483
 29272	  38.83081	  59.20339	  159.07379	  159.52513
 29273	  38.90593	  59.21449	  159.04366	  159.495
 29274	  38.87032	  59.22911	  159.07349	  159.52483
 29275	  38.90593	  59.21449	  159.04366	  159.495
 29276	  38.99966	  59.25468	  159.06461	  159.51593
 29277	  38.9202	  64.06547	  158.9454	  159.39679
 29278	  38.94663	  64.09678	  158.97673	  159.42809
 29279	  38.89815	  64.06268	  158.96843	  159.4198
 29280	  38.9202	  64.06547	  158.9454	  159.39679
 29281	  38.89815	  64.06268	  158.96843	  159.4198
 29282	  38.8961	  64.02267	  158.94928	  159.40065
 29283	  39.16879	  64.25773	  158.99619	  159.44754
 29284	  39.18697	  64.29869	  159.01462	  159.46597
 29285	  39.18355	  64.27861	  159.01947	  159.47083
 29286	  39.1616	  64.26855	  159.03174	  159.48308
 29287	  39.16879	  64.25773	  158.99619	  159.44754
 29288	  39.18355	  64.27861	  159.01947	  159.47083
 29289	  39.44421	  63.50652	  158.80688	  159.2583
 29290	  39.49551	  63.50814	  158.81027	  159.26167
 29291	  39.47123	  63.55439	  158.80682	  159.25824
 29292	  39.47123	  63.55439	  158.80682	  159.25824
 29293	  39.4238	  63.57011	  158.80867	  159.26009
 29294	  39.44421	  63.50652	  158.80688	  159.2583
 29295	  39.43273	  64.16649	  158.81944	  159.27086
 29296	  39.41687	  64.17339	  158.8203	  159.2717
 29297	  39.4217	  64.10987	  158.79579	  159.24721
 29298	  39.44157	  64.24081	  158.87143	  159.32281
 29299	  39.41687	  64.17339	  158.8203	  159.2717
 29300	  39.43273	  64.16649	  158.81944	  159.27086
 29301	  38.94489	  61.56165	  159.27608	  159.72736
 29302	  38.9688	  61.56421	  159.28568	  159.73694
 29303	  38.9744	  61.40003	  159.28777	  159.73903
 29304	  38.94489	  61.56165	  159.27608	  159.72736
 29305	  38.93812	  61.77423	  159.28561	  159.73688
 29306	  38.9688	  61.56421	  159.28568	  159.73694
 29307	  39.25219	  63.57904	  158.81276	  159.26418
 29308	  39.29701	  63.56385	  158.80261	  159.25403
 29309	  39.26043	  63.67539	  158.81013	  159.26154
 29310	  39.29701	  63.56385	  158.80261	  159.25403
 29311	  39.25219	  63.57904	  158.81276	  159.26418
 29312	  39.28426	  63.46865	  158.811	  159.26242
 29313	  38.98435	  62.46436	  158.88501	  159.3364
 29314	  38.94141	  62.56533	  158.93723	  159.3886
 29315	  38.9652	  62.57645	  158.91611	  159.36749
 29316	  38.93815	  62.64772	  158.96043	  159.4118
 29317	  38.9652	  62.57645	  158.91611	  159.36749
 29318	  38.94141	  62.56533	  158.93723	  159.3886
 29319	  39.58094	  60.82791	  158.94682	  159.39819
 29320	  39.5787	  60.91949	  158.93535	  159.38672
 29321	  39.55888	  60.8241	  158.94348	  159.39487
 29322	  39.5787	  60.91949	  158.93535	  159.38672
 29323	  39.58094	  60.82791	  158.94682	  159.39819
 29324	  39.64102	  60.86775	  158.96692	  159.41827
 29325	  39.41193	  63.55777	  158.80289	  159.2543
 29326	  39.44421	  63.50652	  158.80688	  159.2583
 29327	  39.4238	  63.57011	  158.80867	  159.26009
 29328	  39.03868	  62.03227	  158.89467	  159.34605
 29329	  39.02811	  61.99963	  158.8493	  159.3007
 29330	  39.01462	  62.13399	  158.84526	  159.29666
 29331	  39.02811	  61.99963	  158.8493	  159.3007
 29332	  39.0743	  62.02544	  158.89273	  159.34412
 29333	  39.0998	  62.01054	  158.84637	  159.29778
 29334	  39.08598	  60.43509	  159.41832	  159.86955
 29335	  39.04747	  60.43989	  159.44699	  159.89822
 29336	  39.07274	  60.44947	  159.42648	  159.8777
 29337	  39.10202	  60.60611	  159.40036	  159.85159
 29338	  39.09039	  60.44939	  159.40643	  159.85767
 29339	  39.07274	  60.44947	  159.42648	  159.8777
 29340	  38.99458	  62.37503	  158.87988	  159.33128
 29341	  38.94827	  62.38615	  158.89734	  159.34872
 29342	  38.96401	  62.4179	  158.89505	  159.34644
 29343	  38.94141	  62.56533	  158.93723	  159.3886
 29344	  38.96401	  62.4179	  158.89505	  159.34644
 29345	  38.94827	  62.38615	  158.89734	  159.34872
 29346	  39.26792	  63.81609	  158.82632	  159.27773
 29347	  39.27843	  63.77974	  158.81897	  159.27037
 29348	  39.30449	  63.77311	  158.81734	  159.26875
 29349	  39.26792	  63.81609	  158.82632	  159.27773
 29350	  39.2556	  63.85402	  158.82889	  159.2803
 29351	  39.27843	  63.77974	  158.81897	  159.27037
 29352	  39.49354	  59.92931	  159.33194	  159.78319
 29353	  39.52043	  59.92204	  159.33957	  159.79083
 29354	  39.53687	  59.90311	  159.34492	  159.79617
 29355	  39.58577	  59.89315	  159.34103	  159.7923
 29356	  39.53687	  59.90311	  159.34492	  159.79617
 29357	  39.55835	  59.90646	  159.34291	  159.79416
 29358	  39.08598	  60.43509	  159.41832	  159.86955
 29359	  39.07274	  60.44947	  159.42648	  159.8777
 29360	  39.09039	  60.44939	  159.40643	  159.85767
 29361	  39.09039	  60.44939	  159.40643	  159.85767
 29362	  39.10303	  60.43282	  159.38004	  159.83127
 29363	  39.08598	  60.43509	  159.41832	  159.86955
 29364	  39.02811	  61.99963	  158.8493	  159.3007
 29365	  39.04718	  62.02588	  158.90195	  159.35333
 29366	  39.0743	  62.02544	  158.89273	  159.34412
 29367	  39.04718	  62.02588	  158.90195	  159.35333
 29368	  39.09485	  62.04716	  158.89085	  159.34225
 29369	  39.0743	  62.02544	  158.89273	  159.34412
 29370	  38.79256	  63.82221	  159.05243	  159.50377
 29371	  38.76919	  63.76392	  159.07407	  159.52539
 29372	  38.7594	  63.70724	  159.06131	  159.51265
 29373	  38.7594	  63.70724	  159.06131	  159.51265
 29374	  38.76919	  63.76392	  159.07407	  159.52539
 29375	  38.74829	  63.66252	  159.0835	  159.53482
 29376	  38.93709	  59.45499	  159.30008	  159.75134
 29377	  39.0247	  59.46491	  159.2632	  159.71448
 29378	  39.02469	  59.51175	  159.31873	  159.76999
 29379	  39.0537	  59.50827	  159.297	  159.74826
 29380	  39.09833	  59.56145	  159.33917	  159.79044
 29381	  39.02469	  59.51175	  159.31873	  159.76999
 29382	  39.33729	  62.33329	  158.69331	  159.14478
 29383	  39.38147	  62.30671	  158.68655	  159.138
 29384	  39.3715	  62.33212	  158.69623	  159.14767
 29385	  39.39178	  62.37613	  158.69832	  159.14977
 29386	  39.3715	  62.33212	  158.69623	  159.14767
 29387	  39.38147	  62.30671	  158.68655	  159.138
 29388	  39.52445	  59.98425	  159.34099	  159.79224
 29389	  39.51209	  60.15387	  159.34624	  159.79749
 29390	  39.55835	  59.90646	  159.34291	  159.79416
 29391	  39.53687	  59.90311	  159.34492	  159.79617
 29392	  39.52043	  59.92204	  159.33957	  159.79083
 29393	  39.55835	  59.90646	  159.34291	  159.79416
 29394	  39.00084	  60.76563	  159.1813	  159.6326
 29395	  38.98776	  60.82618	  159.17044	  159.62175
 29396	  38.97791	  60.78328	  159.18582	  159.63712
 29397	  39.00084	  60.76563	  159.1813	  159.6326
 29398	  38.97791	  60.78328	  159.18582	  159.63712
 29399	  38.96368	  60.74419	  159.21848	  159.66975
 29400	  39.16894	  64.33	  158.77359	  159.22501
 29401	  39.18582	  64.33943	  158.759	  159.21042
 29402	  39.19796	  64.37484	  158.75514	  159.20657
 29403	  39.22031	  64.35623	  158.75166	  159.20309
 29404	  39.19796	  64.37484	  158.75514	  159.20657
 29405	  39.18582	  64.33943	  158.759	  159.21042
 29406	  39.43407	  62.47292	  158.7328	  159.18425
 29407	  39.3929	  62.41151	  158.69342	  159.14487
 29408	  39.41599	  62.41591	  158.68526	  159.13672
 29409	  39.3929	  62.41151	  158.69342	  159.14487
 29410	  39.38647	  62.37048	  158.67599	  159.12746
 29411	  39.41599	  62.41591	  158.68526	  159.13672
 29412	  39.16723	  61.17865	  159.16432	  159.61563
 29413	  39.18318	  61.17998	  159.18742	  159.63872
 29414	  39.19252	  61.28908	  159.15572	  159.60703
 29415	  39.19252	  61.28908	  159.15572	  159.60703
 29416	  39.15503	  61.28935	  159.11908	  159.5704
 29417	  39.16723	  61.17865	  159.16432	  159.61563
 29418	  39.02811	  61.99963	  158.8493	  159.3007
 29419	  39.03868	  62.03227	  158.89467	  159.34605
 29420	  39.04718	  62.02588	  158.90195	  159.35333
 29421	  39.03868	  62.03227	  158.89467	  159.34605
 29422	  39.00742	  62.38901	  158.87953	  159.33093
 29423	  39.04718	  62.02588	  158.90195	  159.35333
 29424	  39.19796	  64.37484	  158.75514	  159.20657
 29425	  39.17942	  64.41353	  158.75687	  159.2083
 29426	  39.18222	  64.41264	  158.76529	  159.21672
 29427	  39.18222	  64.41264	  158.76529	  159.21672
 29428	  39.17942	  64.41353	  158.75687	  159.2083
 29429	  39.18726	  64.47179	  158.75838	  159.20981
 29430	  38.86123	  61.6109	  159.29158	  159.74284
 29431	  38.89679	  61.60695	  159.32326	  159.77451
 29432	  38.87614	  61.66402	  159.30064	  159.75191
 29433	  38.87614	  61.66402	  159.30064	  159.75191
 29434	  38.84473	  61.74605	  159.23865	  159.68993
 29435	  38.86123	  61.6109	  159.29158	  159.74284
 29436	  39.43407	  62.47292	  158.7328	  159.18425
 29437	  39.45142	  62.52574	  158.75677	  159.20821
 29438	  39.4236	  62.45696	  158.74017	  159.19162
 29439	  39.43407	  62.47292	  158.7328	  159.18425
 29440	  39.4236	  62.45696	  158.74017	  159.19162
 29441	  39.3929	  62.41151	  158.69342	  159.14487
 29442	  38.89744	  63.17558	  158.98157	  159.43294
 29443	  38.8782	  63.18324	  158.97305	  159.42441
 29444	  38.88599	  63.12855	  158.96614	  159.41751
 29445	  38.8782	  63.18324	  158.97305	  159.42441
 29446	  38.8507	  63.16446	  158.96614	  159.41751
 29447	  38.8671	  63.13568	  158.9604	  159.41177
 29448	  39.12085	  61.22991	  159.39984	  159.85107
 29449	  39.12228	  61.03064	  159.42123	  159.87247
 29450	  39.15094	  61.19023	  159.39923	  159.85046
 29451	  39.20209	  61.55945	  159.33972	  159.79097
 29452	  39.12085	  61.22991	  159.39984	  159.85107
 29453	  39.18549	  61.3396	  159.37346	  159.82471
 29454	  39.49797	  64.13646	  158.89177	  159.34315
 29455	  39.48741	  64.1797	  158.89777	  159.34917
 29456	  39.51781	  64.1367	  158.90982	  159.36121
 29457	  39.50603	  64.06583	  158.8826	  159.33398
 29458	  39.51781	  64.1367	  158.90982	  159.36121
 29459	  39.52649	  64.14608	  158.90761	  159.35899
 29460	  39.3787	  64.05762	  158.79541	  159.24683
 29461	  39.36148	  64.03703	  158.80789	  159.25931
 29462	  39.33837	  63.98917	  158.81644	  159.26784
 29463	  39.38987	  64.07072	  158.80098	  159.2524
 29464	  39.3787	  64.05762	  158.79541	  159.24683
 29465	  39.40462	  64.06631	  158.79872	  159.25014
 29466	  38.93749	  63.00744	  158.92497	  159.37636
 29467	  38.94386	  63.00196	  158.91351	  159.3649
 29468	  38.92587	  63.04683	  158.91959	  159.37097
 29469	  38.92587	  63.04683	  158.91959	  159.37097
 29470	  38.93757	  63.05576	  158.95076	  159.40213
 29471	  38.93749	  63.00744	  158.92497	  159.37636
 29472	  39.08821	  64.32587	  158.95111	  159.40248
 29473	  39.09681	  64.35656	  158.96201	  159.41338
 29474	  39.1045	  64.31248	  158.94574	  159.39711
 29475	  39.10339	  64.38628	  158.97044	  159.42181
 29476	  39.09652	  64.33225	  158.94409	  159.39546
 29477	  39.11494	  64.39332	  158.96581	  159.41718
 29478	  38.8498	  59.36255	  159.3644	  159.81564
 29479	  38.81741	  59.37653	  159.36682	  159.81805
 29480	  38.83727	  59.3742	  159.38051	  159.83176
 29481	  38.83727	  59.3742	  159.38051	  159.83176
 29482	  38.81741	  59.37653	  159.36682	  159.81805
 29483	  38.80059	  59.36823	  159.3887	  159.83994
 29484	  39.44431	  61.46635	  158.899	  159.35039
 29485	  39.27072	  61.85249	  158.91261	  159.364
 29486	  39.28845	  61.68546	  158.92097	  159.37236
 29487	  39.28845	  61.68546	  158.92097	  159.37236
 29488	  39.23778	  61.82554	  158.9252	  159.37659
 29489	  39.32816	  61.48601	  158.92535	  159.37672
 29490	  38.81096	  62.22837	  159.14957	  159.60088
 29491	  38.82823	  62.32843	  159.16322	  159.61453
 29492	  38.82322	  62.1292	  159.1857	  159.63699
 29493	  38.82368	  62.40364	  159.14131	  159.59262
 29494	  38.81096	  62.22837	  159.14957	  159.60088
 29495	  38.81965	  62.4177	  159.11966	  159.57098
 29496	  38.71627	  63.54076	  159.12543	  159.57675
 29497	  38.7396	  63.63112	  159.11319	  159.56451
 29498	  38.776	  63.74817	  159.1179	  159.56923
 29499	  38.776	  63.74817	  159.1179	  159.56923
 29500	  38.7646	  63.73656	  159.09906	  159.55038
 29501	  38.83376	  63.96801	  159.09705	  159.54837
 29502	  39.40251	  59.53779	  159.16183	  159.61314
 29503	  39.41588	  59.5313	  159.19162	  159.64291
 29504	  39.37469	  59.48404	  159.1364	  159.58771
 29505	  39.41986	  59.57214	  159.20103	  159.65234
 29506	  39.44135	  59.5595	  159.27271	  159.72397
 29507	  39.41588	  59.5313	  159.19162	  159.64291
 29508	  39.27072	  61.85249	  158.91261	  159.364
 29509	  39.21458	  61.89832	  158.92171	  159.37308
 29510	  39.23778	  61.82554	  158.9252	  159.37659
 29511	  39.27072	  61.85249	  158.91261	  159.364
 29512	  39.23778	  61.82554	  158.9252	  159.37659
 29513	  39.28845	  61.68546	  158.92097	  159.37236
 29514	  38.94048	  62.60772	  159.24646	  159.69774
 29515	  38.9624	  62.71961	  159.24213	  159.69342
 29516	  38.96603	  62.59534	  159.25836	  159.70966
 29517	  38.91224	  62.45187	  159.26508	  159.71635
 29518	  38.94048	  62.60772	  159.24646	  159.69774
 29519	  38.96603	  62.59534	  159.25836	  159.70966
 29520	  38.85253	  60.61002	  159.27042	  159.72168
 29521	  38.87985	  60.54668	  159.2554	  159.70668
 29522	  38.87726	  60.57069	  159.25851	  159.70979
 29523	  38.94162	  60.50089	  159.25108	  159.70236
 29524	  38.90607	  60.53901	  159.25262	  159.70389
 29525	  38.87985	  60.54668	  159.2554	  159.70668
 29526	  39.48813	  61.37939	  159.34599	  159.79724
 29527	  39.44487	  61.26696	  159.37122	  159.82245
 29528	  39.45895	  61.52523	  159.33536	  159.78662
 29529	  39.44487	  61.26696	  159.37122	  159.82245
 29530	  39.50273	  61.17094	  159.36484	  159.81609
 29531	  39.45374	  61.07467	  159.3884	  159.83963
 29532	  39.42656	  62.24654	  158.76807	  159.2195
 29533	  39.42728	  62.28957	  158.767	  159.21843
 29534	  39.44555	  62.2558	  158.77763	  159.22906
 29535	  39.42728	  62.28957	  158.767	  159.21843
 29536	  39.45282	  62.34011	  158.80162	  159.25304
 29537	  39.44555	  62.2558	  158.77763	  159.22906
 29538	  38.95704	  62.7314	  158.92567	  159.37704
 29539	  38.94283	  62.66934	  158.94357	  159.39494
 29540	  38.98503	  62.68723	  158.90662	  159.358
 29541	  38.95704	  62.7314	  158.92567	  159.37704
 29542	  38.98503	  62.68723	  158.90662	  159.358
 29543	  38.98629	  62.7557	  158.90649	  159.35788
 29544	  39.29481	  61.37693	  159.06288	  159.51422
 29545	  39.29561	  61.35051	  159.09608	  159.54741
 29546	  39.30814	  61.27218	  159.07306	  159.52438
 29547	  39.29481	  61.37693	  159.06288	  159.51422
 29548	  39.30814	  61.27218	  159.07306	  159.52438
 29549	  39.32035	  61.22543	  159.0685	  159.51984
 29550	  38.9209	  59.5004	  159.44742	  159.89864
 29551	  38.95762	  59.50684	  159.41885	  159.87009
 29552	  38.94487	  59.50297	  159.4682	  159.9194
 29553	  38.88621	  59.49809	  159.46214	  159.91336
 29554	  38.9209	  59.5004	  159.44742	  159.89864
 29555	  38.94487	  59.50297	  159.4682	  159.9194
 29556	  39.1571	  61.39272	  159.09502	  159.54634
 29557	  39.11517	  61.21294	  159.10608	  159.5574
 29558	  39.15503	  61.28935	  159.11908	  159.5704
 29559	  39.16723	  61.17865	  159.16432	  159.61563
 29560	  39.15503	  61.28935	  159.11908	  159.5704
 29561	  39.11517	  61.21294	  159.10608	  159.5574
 29562	  39.68752	  64.06957	  158.94611	  159.39748
 29563	  39.63152	  64.12613	  158.97603	  159.4274
 29564	  39.66438	  64.08694	  158.93698	  159.38837
 29565	  39.68752	  64.06957	  158.94611	  159.39748
 29566	  39.66438	  64.08694	  158.93698	  159.38837
 29567	  39.7024	  64.02724	  158.90936	  159.36075
 29568	  38.89556	  60.88462	  159.27985	  159.73111
 29569	  38.87659	  60.83388	  159.30154	  159.75281
 29570	  38.87796	  60.81468	  159.2746	  159.72588
 29571	  38.87796	  60.81468	  159.2746	  159.72588
 29572	  38.87659	  60.83388	  159.30154	  159.75281
 29573	  38.83986	  60.77934	  159.29512	  159.74638
 29574	  38.91236	  59.84521	  159.49057	  159.94177
 29575	  38.88486	  59.92979	  159.48073	  159.93195
 29576	  38.9126	  59.94154	  159.48355	  159.93475
 29577	  38.94152	  59.85385	  159.48286	  159.93408
 29578	  38.91236	  59.84521	  159.49057	  159.94177
 29579	  38.94109	  59.94433	  159.47858	  159.92978
 29580	  39.61299	  60.81823	  159.202	  159.65329
 29581	  39.61657	  60.76426	  159.20653	  159.65782
 29582	  39.62036	  60.798	  159.22694	  159.67824
 29583	  39.58416	  60.73339	  159.16049	  159.6118
 29584	  39.61657	  60.76426	  159.20653	  159.65782
 29585	  39.61299	  60.81823	  159.202	  159.65329
 29586	  39.49192	  62.09163	  158.69658	  159.14803
 29587	  39.48069	  62.14011	  158.67474	  159.12619
 29588	  39.50352	  62.11234	  158.69235	  159.1438
 29589	  39.46658	  62.20588	  158.66302	  159.11449
 29590	  39.5051	  62.14944	  158.68719	  159.13864
 29591	  39.48069	  62.14011	  158.67474	  159.12619
 29592	  39.58125	  61.6132	  159.24146	  159.69275
 29593	  39.61985	  61.59853	  159.22495	  159.67622
 29594	  39.61343	  61.80609	  159.20172	  159.65302
 29595	  39.61985	  61.59853	  159.22495	  159.67622
 29596	  39.58125	  61.6132	  159.24146	  159.69275
 29597	  39.64963	  61.51386	  159.22572	  159.67702
 29598	  39.54628	  61.43521	  158.97636	  159.42772
 29599	  39.5691	  61.45203	  158.98254	  159.43391
 29600	  39.5645	  61.54884	  158.95361	  159.40497
 29601	  39.54628	  61.43521	  158.97636	  159.42772
 29602	  39.5645	  61.54884	  158.95361	  159.40497
 29603	  39.56009	  61.73096	  158.91232	  159.36371
 29604	  38.97022	  59.95765	  159.46774	  159.91896
 29605	  38.98058	  59.87445	  159.45642	  159.90764
 29606	  38.96504	  59.87518	  159.46964	  159.92085
 29607	  38.94152	  59.85385	  159.48286	  159.93408
 29608	  38.94109	  59.94433	  159.47858	  159.92978
 29609	  38.97022	  59.95765	  159.46774	  159.91896
 29610	  39.56506	  61.43896	  158.88763	  159.33902
 29611	  39.57295	  61.32451	  158.89493	  159.34633
 29612	  39.60804	  61.35338	  158.90977	  159.36115
 29613	  39.55127	  61.33663	  158.88882	  159.34021
 29614	  39.56837	  61.09179	  158.90866	  159.36005
 29615	  39.57295	  61.32451	  158.89493	  159.34633
 29616	  39.13238	  64.73444	  158.88239	  159.33377
 29617	  39.13203	  64.63882	  158.8567	  159.30811
 29618	  39.13255	  64.75079	  158.8497	  159.30112
 29619	  39.13238	  64.73444	  158.88239	  159.33377
 29620	  39.13486	  64.79382	  158.87561	  159.32701
 29621	  39.14527	  64.77299	  158.91043	  159.3618
 29622	  38.93948	  62.40907	  158.86731	  159.3187
 29623	  38.96563	  62.36802	  158.85236	  159.30376
 29624	  38.97848	  62.40694	  158.86546	  159.31686
 29625	  38.99829	  62.50093	  158.8616	  159.313
 29626	  38.96696	  62.4309	  158.86917	  159.32057
 29627	  38.97848	  62.40694	  158.86546	  159.31686
 29628	  39.14494	  62.34756	  158.72427	  159.17572
 29629	  39.1561	  62.41289	  158.71939	  159.17084
 29630	  39.13483	  62.42926	  158.71504	  159.16649
 29631	  39.1561	  62.41289	  158.71939	  159.17084
 29632	  39.14689	  62.47744	  158.72409	  159.17554
 29633	  39.13483	  62.42926	  158.71504	  159.16649
 29634	  39.20864	  64.16705	  158.85191	  159.30331
 29635	  39.17532	  64.20626	  158.86681	  159.31821
 29636	  39.19247	  64.13171	  158.83675	  159.28815
 29637	  39.15008	  64.24419	  158.89151	  159.3429
 29638	  39.17532	  64.20626	  158.86681	  159.31821
 29639	  39.20864	  64.16705	  158.85191	  159.30331
 29640	  39.46231	  64.34379	  158.98801	  159.43936
 29641	  39.45634	  64.36189	  158.97827	  159.42963
 29642	  39.47564	  64.33064	  158.9735	  159.42487
 29643	  39.47564	  64.33064	  158.9735	  159.42487
 29644	  39.50735	  64.24123	  158.96503	  159.4164
 29645	  39.47327	  64.32381	  158.97974	  159.43109
 29646	  39.76025	  61.38982	  158.93729	  159.38867
 29647	  39.79283	  61.2631	  158.95529	  159.40668
 29648	  39.73874	  61.37894	  158.93428	  159.38565
 29649	  39.71782	  61.51883	  158.92453	  159.37592
 29650	  39.76025	  61.38982	  158.93729	  159.38867
 29651	  39.73874	  61.37894	  158.93428	  159.38565
 29652	  39.59536	  61.64446	  158.89218	  159.34357
 29653	  39.56506	  61.43896	  158.88763	  159.33902
 29654	  39.59384	  61.48303	  158.9007	  159.35208
 29655	  39.62357	  61.5023	  158.91064	  159.36203
 29656	  39.63024	  61.61584	  158.90349	  159.35487
 29657	  39.59536	  61.64446	  158.89218	  159.34357
 29658	  39.87448	  60.73454	  159.00722	  159.45857
 29659	  39.89952	  60.63097	  159.02705	  159.47841
 29660	  39.89331	  60.73505	  159.01886	  159.47021
 29661	  39.91243	  60.69674	  159.04227	  159.49361
 29662	  39.89331	  60.73505	  159.01886	  159.47021
 29663	  39.89952	  60.63097	  159.02705	  159.47841
 29664	  39.6694	  61.66291	  159.03929	  159.49063
 29665	  39.70647	  61.79996	  159.06631	  159.51765
 29666	  39.71018	  61.80224	  159.04462	  159.49596
 29667	  39.71018	  61.80224	  159.04462	  159.49596
 29668	  39.70647	  61.79996	  159.06631	  159.51765
 29669	  39.72435	  61.88975	  159.05676	  159.5081
 29670	  39.40462	  64.06631	  158.79872	  159.25014
 29671	  39.40512	  64.06622	  158.80765	  159.25905
 29672	  39.38987	  64.07072	  158.80098	  159.2524
 29673	  39.4263	  64.06857	  158.81372	  159.26514
 29674	  39.40512	  64.06622	  158.80765	  159.25905
 29675	  39.40462	  64.06631	  158.79872	  159.25014
 29676	  39.41612	  64.75974	  158.94579	  159.39716
 29677	  39.42694	  64.77919	  158.92612	  159.37749
 29678	  39.43823	  64.70215	  158.93082	  159.38219
 29679	  39.40513	  64.81293	  158.93938	  159.39076
 29680	  39.41891	  64.83773	  158.90878	  159.36015
 29681	  39.42694	  64.77919	  158.92612	  159.37749
 29682	  39.03064	  62.39088	  158.88043	  159.33182
 29683	  39.01332	  62.39833	  158.87968	  159.33109
 29684	  39.39691	  62.44901	  158.81467	  159.26608
 29685	  39.01332	  62.39833	  158.87968	  159.33109
 29686	  39.03064	  62.39088	  158.88043	  159.33182
 29687	  39.01552	  62.37361	  158.88278	  159.33417
 29688	  39.57553	  63.50548	  158.90504	  159.35643
 29689	  39.58661	  63.43274	  158.92929	  159.38066
 29690	  39.56939	  63.44561	  158.90558	  159.35696
 29691	  39.58661	  63.43274	  158.92929	  159.38066
 29692	  39.57358	  63.26749	  158.90753	  159.35892
 29693	  39.56939	  63.44561	  158.90558	  159.35696
 29694	  39.0703	  60.78782	  159.42474	  159.87596
 29695	  39.041	  60.83737	  159.42566	  159.87688
 29696	  39.07362	  60.83631	  159.41464	  159.86586
 29697	  39.05904	  60.77608	  159.42542	  159.87663
 29698	  39.03416	  60.80404	  159.43289	  159.88411
 29699	  39.0703	  60.78782	  159.42474	  159.87596
 29700	  39.17372	  59.58096	  159.3371	  159.78836
 29701	  39.15313	  59.57508	  159.3246	  159.77585
 29702	  39.24517	  59.53658	  159.29884	  159.75011
 29703	  39.17372	  59.58096	  159.3371	  159.78836
 29704	  39.09833	  59.56145	  159.33917	  159.79044
 29705	  39.15313	  59.57508	  159.3246	  159.77585
 29706	  38.8099	  61.95465	  159.11308	  159.56441
 29707	  38.85416	  61.70133	  159.15588	  159.60718
 29708	  38.82548	  61.84039	  159.10831	  159.55963
 29709	  38.81687	  61.90406	  159.08191	  159.53323
 29710	  38.8099	  61.95465	  159.11308	  159.56441
 29711	  38.82548	  61.84039	  159.10831	  159.55963
 29712	  39.00488	  62.38611	  158.87486	  159.32625
 29713	  39.00742	  62.38901	  158.87953	  159.33093
 29714	  39.01893	  62.23819	  158.88292	  159.3343
 29715	  38.98333	  62.35721	  158.81912	  159.27054
 29716	  39.00488	  62.38611	  158.87486	  159.32625
 29717	  39.01893	  62.23819	  158.88292	  159.3343
 29718	  39.04894	  62.40519	  158.70338	  159.15483
 29719	  39.05783	  62.35028	  158.70731	  159.15875
 29720	  39.08704	  62.39945	  158.70752	  159.15897
 29721	  39.05783	  62.35028	  158.70731	  159.15875
 29722	  39.04894	  62.40519	  158.70338	  159.15483
 29723	  39.02573	  62.36333	  158.70682	  159.15826
 29724	  39.00463	  62.07193	  158.93704	  159.38843
 29725	  38.94723	  62.07808	  158.95789	  159.40926
 29726	  38.976	  61.95329	  158.95184	  159.40321
 29727	  38.91779	  61.97361	  158.98447	  159.43584
 29728	  38.976	  61.95329	  158.95184	  159.40321
 29729	  38.94723	  62.07808	  158.95789	  159.40926
 29730	  38.9346	  62.50043	  158.78397	  159.23538
 29731	  38.9782	  62.57479	  158.79005	  159.24149
 29732	  38.98141	  62.54588	  158.78664	  159.23805
 29733	  38.98141	  62.54588	  158.78664	  159.23805
 29734	  38.9782	  62.57479	  158.79005	  159.24149
 29735	  39.03264	  62.61127	  158.80339	  159.25481
 29736	  39.61729	  59.71584	  159.22621	  159.67749
 29737	  39.63308	  59.70657	  159.25095	  159.70224
 29738	  39.62273	  59.76935	  159.2234	  159.6747
 29739	  39.59192	  59.70791	  159.2045	  159.65579
 29740	  39.62273	  59.76935	  159.2234	  159.6747
 29741	  39.58502	  59.77152	  159.1998	  159.65109
 29742	  38.99424	  62.61274	  158.88161	  159.33301
 29743	  39.04749	  62.54236	  158.84877	  159.30017
 29744	  39.02455	  62.47398	  158.86227	  159.31366
 29745	  39.04818	  62.54324	  158.843	  159.2944
 29746	  39.03138	  62.4722	  158.85291	  159.30431
 29747	  39.04749	  62.54236	  158.84877	  159.30017
 29748	  39.4978	  59.79794	  159.19386	  159.64516
 29749	  39.49977	  59.91195	  159.18913	  159.64044
 29750	  39.47694	  59.76623	  159.20517	  159.65646
 29751	  39.47694	  59.76623	  159.20517	  159.65646
 29752	  39.49692	  59.73215	  159.1908	  159.64209
 29753	  39.4978	  59.79794	  159.19386	  159.64516
 29754	  39.11961	  62.20681	  159.30821	  159.75948
 29755	  39.10221	  62.04689	  159.32204	  159.77328
 29756	  39.0592	  62.14082	  159.30977	  159.76102
 29757	  39.10221	  62.04689	  159.32204	  159.77328
 29758	  39.11961	  62.20681	  159.30821	  159.75948
 29759	  39.16154	  62.19305	  159.30879	  159.76006
 29760	  39.29197	  59.43426	  159.2256	  159.67688
 29761	  39.35021	  59.41771	  159.21814	  159.66943
 29762	  39.3327	  59.43372	  159.24239	  159.69366
 29763	  39.35021	  59.41771	  159.21814	  159.66943
 29764	  39.36946	  59.41394	  159.19519	  159.64648
 29765	  39.39459	  59.42556	  159.2352	  159.68649
 29766	  39.58502	  59.77152	  159.1998	  159.65109
 29767	  39.59575	  59.8475	  159.20076	  159.65205
 29768	  39.56516	  59.86743	  159.18735	  159.63864
 29769	  39.58502	  59.77152	  159.1998	  159.65109
 29770	  39.61274	  59.7782	  159.21902	  159.67032
 29771	  39.59575	  59.8475	  159.20076	  159.65205
 29772	  38.92811	  63.03487	  159.17503	  159.62633
 29773	  38.90514	  62.92007	  159.1225	  159.57382
 29774	  38.91574	  62.99425	  159.14072	  159.59204
 29775	  38.92332	  63.0294	  159.12048	  159.57179
 29776	  38.91574	  62.99425	  159.14072	  159.59204
 29777	  38.90514	  62.92007	  159.1225	  159.57382
 29778	  39.38262	  63.02441	  158.82239	  159.2738
 29779	  39.40731	  63.06562	  158.81883	  159.27025
 29780	  39.34621	  63.11033	  158.81813	  159.26953
 29781	  39.38262	  63.02441	  158.82239	  159.2738
 29782	  39.34621	  63.11033	  158.81813	  159.26953
 29783	  39.32208	  63.00188	  158.81781	  159.26923
 29784	  39.20663	  61.99615	  159.23674	  159.68802
 29785	  39.18808	  61.87835	  159.24254	  159.69382
 29786	  39.15509	  61.86435	  159.25757	  159.70885
 29787	  39.15509	  61.86435	  159.25757	  159.70885
 29788	  39.18808	  61.87835	  159.24254	  159.69382
 29789	  39.15445	  61.67011	  159.26268	  159.71396
 29790	  39.62771	  62.66438	  158.9346	  159.38597
 29791	  39.5843	  62.75644	  158.92963	  159.38101
 29792	  39.6673	  62.74892	  158.95593	  159.4073
 29793	  39.6673	  62.74892	  158.95593	  159.4073
 29794	  39.66031	  62.65678	  158.93633	  159.3877
 29795	  39.62771	  62.66438	  158.9346	  159.38597
 29796	  39.47647	  64.13559	  158.85677	  159.30817
 29797	  39.44558	  64.13462	  158.82457	  159.27597
 29798	  39.46285	  64.17017	  158.8569	  159.3083
 29799	  39.48802	  64.16721	  158.89183	  159.34322
 29800	  39.47647	  64.13559	  158.85677	  159.30817
 29801	  39.46285	  64.17017	  158.8569	  159.3083
 29802	  39.35021	  59.41771	  159.21814	  159.66943
 29803	  39.39339	  59.43323	  159.25529	  159.70657
 29804	  39.3327	  59.43372	  159.24239	  159.69366
 29805	  39.42687	  59.48797	  159.31264	  159.7639
 29806	  39.3327	  59.43372	  159.24239	  159.69366
 29807	  39.39339	  59.43323	  159.25529	  159.70657
 29808	  38.66982	  59.27332	  159.15002	  159.60133
 29809	  38.72741	  59.25203	  159.12552	  159.57683
 29810	  38.78267	  59.26724	  159.14542	  159.59673
 29811	  38.66982	  59.27332	  159.15002	  159.60133
 29812	  38.69041	  59.23291	  159.11836	  159.56967
 29813	  38.72741	  59.25203	  159.12552	  159.57683
 29814	  39.2665	  64.22809	  158.83839	  159.28979
 29815	  39.27362	  64.20011	  158.77853	  159.22995
 29816	  39.24639	  64.19173	  158.79251	  159.24393
 29817	  39.24639	  64.19173	  158.79251	  159.24393
 29818	  39.244	  64.19587	  158.7742	  159.22563
 29819	  39.20773	  64.20285	  158.78168	  159.23311
 29820	  40.0117	  59.42525	  159.33145	  159.78271
 29821	  39.98106	  59.47252	  159.3779	  159.82915
 29822	  39.9707	  59.44424	  159.34207	  159.79332
 29823	  39.9707	  59.44424	  159.34207	  159.79332
 29824	  39.96097	  59.44648	  159.29207	  159.74333
 29825	  40.0117	  59.42525	  159.33145	  159.78271
 29826	  38.9256	  61.56034	  159.26234	  159.71362
 29827	  38.90491	  61.54792	  159.24103	  159.69231
 29828	  38.90514	  61.67906	  159.2484	  159.69968
 29829	  38.9256	  61.56034	  159.26234	  159.71362
 29830	  38.94489	  61.56165	  159.27608	  159.72736
 29831	  38.93348	  61.38626	  159.26158	  159.71286
 29832	  38.88018	  60.4183	  159.46262	  159.91383
 29833	  38.86937	  60.36768	  159.46269	  159.91391
 29834	  38.83997	  60.39121	  159.44334	  159.89456
 29835	  38.90134	  60.37461	  159.47043	  159.92165
 29836	  38.86937	  60.36768	  159.46269	  159.91391
 29837	  38.88018	  60.4183	  159.46262	  159.91383
 29838	  39.34068	  61.92365	  158.90915	  159.36053
 29839	  39.36149	  61.94563	  158.90378	  159.35516
 29840	  39.4279	  61.82294	  158.89346	  159.34485
 29841	  39.34068	  61.92365	  158.90915	  159.36053
 29842	  39.28263	  62.00748	  158.91071	  159.36209
 29843	  39.36149	  61.94563	  158.90378	  159.35516
 29844	  39.13637	  60.70888	  159.35771	  159.80896
 29845	  39.12188	  60.73154	  159.38629	  159.83754
 29846	  39.1391	  60.72611	  159.36951	  159.82076
 29847	  39.1391	  60.72611	  159.36951	  159.82076
 29848	  39.14172	  60.70527	  159.33855	  159.78979
 29849	  39.13637	  60.70888	  159.35771	  159.80896
 29850	  38.98119	  62.30239	  158.78143	  159.23285
 29851	  38.95549	  62.30017	  158.77463	  159.22606
 29852	  38.9621	  62.32095	  158.79895	  159.25037
 29853	  38.97326	  62.29377	  158.7558	  159.20723
 29854	  38.95549	  62.30017	  158.77463	  159.22606
 29855	  38.98119	  62.30239	  158.78143	  159.23285
 29856	  39.23058	  64.2177	  158.8231	  159.27452
 29857	  39.25016	  64.21525	  158.8398	  159.2912
 29858	  39.2665	  64.22809	  158.83839	  159.28979
 29859	  39.2631	  64.16673	  158.85756	  159.30896
 29860	  39.2665	  64.22809	  158.83839	  159.28979
 29861	  39.25016	  64.21525	  158.8398	  159.2912
 29862	  38.83595	  60.33376	  159.4424	  159.89362
 29863	  38.83997	  60.39121	  159.44334	  159.89456
 29864	  38.86937	  60.36768	  159.46269	  159.91391
 29865	  38.80587	  60.2956	  159.41048	  159.86171
 29866	  38.83997	  60.39121	  159.44334	  159.89456
 29867	  38.83595	  60.33376	  159.4424	  159.89362
 29868	  39.29694	  59.47626	  159.63092	  160.08208
 29869	  39.17351	  59.51335	  159.65154	  160.10269
 29870	  39.24495	  59.49864	  159.63615	  160.08731
 29871	  39.09219	  59.54601	  159.63483	  160.08598
 29872	  39.18747	  59.5126	  159.63326	  160.08441
 29873	  39.17351	  59.51335	  159.65154	  160.10269
 29874	  38.97591	  59.90906	  159.36194	  159.81317
 29875	  38.99144	  60.00763	  159.35521	  159.80646
 29876	  38.96455	  60.02202	  159.3315	  159.78275
 29877	  38.99144	  60.00763	  159.35521	  159.80646
 29878	  38.97591	  59.90906	  159.36194	  159.81317
 29879	  38.99691	  59.96332	  159.37685	  159.82808
 29880	  39.55338	  59.3391	  159.0976	  159.54893
 29881	  39.48825	  59.33332	  159.10342	  159.55475
 29882	  39.47632	  59.321	  159.06915	  159.52049
 29883	  39.6607	  59.3768	  159.14716	  159.59846
 29884	  39.53633	  59.36792	  159.14307	  159.59438
 29885	  39.55338	  59.3391	  159.0976	  159.54893
 29886	  38.85374	  62.20806	  159.00818	  159.45953
 29887	  38.85001	  62.08813	  159.00444	  159.4558
 29888	  38.86992	  62.21014	  158.99396	  159.44531
 29889	  38.85374	  62.20806	  159.00818	  159.45953
 29890	  38.86992	  62.21014	  158.99396	  159.44531
 29891	  38.85772	  62.32747	  158.99803	  159.44939
 29892	  38.83997	  60.39121	  159.44334	  159.89456
 29893	  38.81708	  60.36901	  159.4126	  159.86383
 29894	  38.84436	  60.40726	  159.44041	  159.89163
 29895	  38.88018	  60.4183	  159.46262	  159.91383
 29896	  38.83997	  60.39121	  159.44334	  159.89456
 29897	  38.84436	  60.40726	  159.44041	  159.89163
 29898	  39.13508	  59.21057	  159.00323	  159.45459
 29899	  39.12737	  59.18153	  158.97983	  159.43118
 29900	  39.19241	  59.21175	  158.98398	  159.43533
 29901	  39.19241	  59.21175	  158.98398	  159.43533
 29902	  39.12737	  59.18153	  158.97983	  159.43118
 29903	  39.20821	  59.17762	  158.95264	  159.40401
 29904	  38.63547	  59.37095	  159.33737	  159.78864
 29905	  38.6629	  59.38029	  159.36601	  159.81726
 29906	  38.65496	  59.34824	  159.33153	  159.78278
 29907	  38.63547	  59.37095	  159.33737	  159.78864
 29908	  38.64962	  59.42986	  159.35872	  159.80997
 29909	  38.6629	  59.38029	  159.36601	  159.81726
 29910	  39.0251	  62.61893	  158.79941	  159.25082
 29911	  39.04504	  62.62129	  158.81796	  159.26938
 29912	  39.01014	  62.65545	  158.82281	  159.27422
 29913	  38.9683	  62.68649	  158.84116	  159.29257
 29914	  38.99943	  62.6336	  158.80545	  159.25687
 29915	  39.01014	  62.65545	  158.82281	  159.27422
 29916	  39.28532	  61.90604	  159.11057	  159.56189
 29917	  39.30614	  61.98643	  159.14313	  159.59444
 29918	  39.30958	  61.90943	  159.14659	  159.5979
 29919	  39.33385	  61.9997	  159.17017	  159.62148
 29920	  39.30958	  61.90943	  159.14659	  159.5979
 29921	  39.30614	  61.98643	  159.14313	  159.59444
 29922	  39.69934	  59.62006	  159.52751	  159.97871
 29923	  39.69015	  59.62881	  159.5249	  159.97609
 29924	  39.74405	  59.60835	  159.51711	  159.96831
 29925	  39.69015	  59.62881	  159.5249	  159.97609
 29926	  39.69934	  59.62006	  159.52751	  159.97871
 29927	  39.62642	  59.62799	  159.54008	  159.99127
 29928	  38.81922	  60.6037	  159.32089	  159.77216
 29929	  38.81356	  60.43018	  159.32561	  159.77686
 29930	  38.82733	  60.56808	  159.3006	  159.75186
 29931	  38.82733	  60.56808	  159.3006	  159.75186
 29932	  38.81356	  60.43018	  159.32561	  159.77686
 29933	  38.8282	  60.40202	  159.30507	  159.75633
 29934	  38.63547	  59.37095	  159.33737	  159.78864
 29935	  38.65496	  59.34824	  159.33153	  159.78278
 29936	  38.6152	  59.32623	  159.29309	  159.74435
 29937	  38.63829	  59.31322	  159.27533	  159.72661
 29938	  38.6152	  59.32623	  159.29309	  159.74435
 29939	  38.65496	  59.34824	  159.33153	  159.78278
 29940	  39.20523	  62.85453	  158.85849	  159.30991
 29941	  39.20311	  62.80642	  158.85591	  159.30731
 29942	  39.23413	  62.86717	  158.85327	  159.30467
 29943	  39.20649	  62.90194	  158.85042	  159.30182
 29944	  39.19094	  62.87801	  158.85733	  159.30872
 29945	  39.23413	  62.86717	  158.85327	  159.30467
 29946	  39.69711	  59.63377	  159.44977	  159.901
 29947	  39.71283	  59.64082	  159.42224	  159.87347
 29948	  39.73482	  59.63617	  159.49811	  159.94931
 29949	  39.69711	  59.63377	  159.44977	  159.901
 29950	  39.69395	  59.6255	  159.4072	  159.85843
 29951	  39.71283	  59.64082	  159.42224	  159.87347
 29952	  38.80006	  60.26002	  159.34979	  159.80104
 29953	  38.80704	  60.27883	  159.34653	  159.79778
 29954	  38.79827	  60.31227	  159.37686	  159.82809
 29955	  38.81958	  60.22378	  159.32271	  159.77396
 29956	  38.81626	  60.25157	  159.3302	  159.78145
 29957	  38.80006	  60.26002	  159.34979	  159.80104
 29958	  39.59669	  61.43946	  159.02081	  159.47217
 29959	  39.57183	  61.31407	  159.02306	  159.47441
 29960	  39.59373	  61.38353	  159.04454	  159.49588
 29961	  39.61409	  61.47456	  159.05667	  159.50801
 29962	  39.59669	  61.43946	  159.02081	  159.47217
 29963	  39.59373	  61.38353	  159.04454	  159.49588
 29964	  39.19491	  62.7885	  158.85114	  159.30254
 29965	  39.23299	  62.78486	  158.84369	  159.2951
 29966	  39.20311	  62.80642	  158.85591	  159.30731
 29967	  39.19491	  62.7885	  158.85114	  159.30254
 29968	  39.20311	  62.80642	  158.85591	  159.30731
 29969	  39.20523	  62.85453	  158.85849	  159.30991
 29970	  39.24046	  62.06588	  158.86739	  159.31879
 29971	  39.26574	  62.09814	  158.86258	  159.31398
