 13695	  182.75049	  101.18398	  185.09993	  185.5433
 13696	  182.63028	  101.05778	  184.84807	  185.29153
 13697	  184.51996	  100.85662	  184.44666	  184.89024
 13698	  182.75049	  101.18398	  185.09993	  185.5433
 13698	  182.75049	  101.18398	  185.09993	  185.5433
 13697	  184.51996	  100.85662	  184.44666	  184.89024
 13699	  184.64017	  100.98283	  184.6985	  185.14201
 13700	  184.51996	  100.85662	  184.44666	  184.89024
 13701	  184.51996	  106.33057	  183.97574	  184.41946
 13702	  184.64017	  100.98283	  184.6985	  185.14201
 13702	  184.64017	  100.98283	  184.6985	  185.14201
 13701	  184.51996	  106.33057	  183.97574	  184.41946
 13703	  184.64017	  106.45677	  184.22758	  184.67123
 13704	  184.51996	  106.33057	  183.97574	  184.41946
 13705	  182.63028	  106.53172	  184.37715	  184.82077
 13706	  184.64017	  106.45677	  184.22758	  184.67123
 13706	  184.64017	  106.45677	  184.22758	  184.67123
 13705	  182.63028	  106.53172	  184.37715	  184.82077
 13707	  182.75049	  106.65793	  184.62901	  185.07254
 13708	  182.63028	  97.44703	  185.15871	  185.60207
 13709	  182.63028	  91.97308	  185.62962	  186.07285
 13710	  182.75049	  97.57323	  185.41055	  185.85385
 13710	  182.75049	  97.57323	  185.41055	  185.85385
 13709	  182.63028	  91.97308	  185.62962	  186.07285
 13711	  182.75049	  92.09928	  185.88147	  186.32462
 13712	  182.63028	  91.97308	  185.62962	  186.07285
 13713	  184.51996	  91.77192	  185.2282	  185.67155
 13714	  182.75049	  92.09928	  185.88147	  186.32462
 13714	  182.75049	  92.09928	  185.88147	  186.32462
 13713	  184.51996	  91.77192	  185.2282	  185.67155
 13715	  184.64017	  91.89812	  185.48006	  185.92332
 13716	  184.51996	  91.77192	  185.2282	  185.67155
 13717	  184.51996	  97.24587	  184.75728	  185.20078
 13718	  184.64017	  91.89812	  185.48006	  185.92332
 13718	  184.64017	  91.89812	  185.48006	  185.92332
 13717	  184.51996	  97.24587	  184.75728	  185.20078
 13719	  184.64017	  97.37208	  185.00914	  185.45255
 13720	  184.51996	  97.24587	  184.75728	  185.20078
 13721	  182.63028	  97.44703	  185.15871	  185.60207
 13722	  184.64017	  97.37208	  185.00914	  185.45255
 13722	  184.64017	  97.37208	  185.00914	  185.45255
 13721	  182.63028	  97.44703	  185.15871	  185.60207
 13723	  182.75049	  97.57323	  185.41055	  185.85385
 13724	  182.63028	  88.36232	  185.94025	  186.38338
 13725	  182.63028	  82.88838	  186.41116	  186.85416
 13726	  182.75049	  88.48853	  186.19211	  186.63516
 13726	  182.75049	  88.48853	  186.19211	  186.63516
 13725	  182.63028	  82.88838	  186.41116	  186.85416
 13727	  182.75049	  83.01459	  186.66302	  187.10593
 13728	  182.63028	  82.88838	  186.41116	  186.85416
 13729	  184.51994	  82.68723	  186.00975	  186.45285
 13730	  182.75049	  83.01459	  186.66302	  187.10593
 13730	  182.75049	  83.01459	  186.66302	  187.10593
 13729	  184.51994	  82.68723	  186.00975	  186.45285
 13731	  184.64015	  82.81343	  186.2616	  186.70464
 13732	  184.51994	  82.68723	  186.00975	  186.45285
 13733	  184.51996	  88.16116	  185.53883	  185.98209
 13734	  184.64015	  82.81343	  186.2616	  186.70464
 13734	  184.64015	  82.81343	  186.2616	  186.70464
 13733	  184.51996	  88.16116	  185.53883	  185.98209
 13735	  184.64017	  88.28737	  185.79068	  186.23386
 13736	  184.51996	  88.16116	  185.53883	  185.98209
 13737	  182.63028	  88.36232	  185.94025	  186.38338
 13738	  184.64017	  88.28737	  185.79068	  186.23386
 13738	  184.64017	  88.28737	  185.79068	  186.23386
 13737	  182.63028	  88.36232	  185.94025	  186.38338
 13739	  182.75049	  88.48853	  186.19211	  186.63516
 13740	  187.48871	  106.01454	  183.34508	  183.789
 13741	  187.48871	  100.5406	  183.81601	  184.25978
 13742	  187.60892	  106.14075	  183.59694	  184.04077
 13742	  187.60892	  106.14075	  183.59694	  184.04077
 13741	  187.48871	  100.5406	  183.81601	  184.25978
 13743	  187.60892	  100.6668	  184.06786	  184.51155
 13744	  187.48871	  100.5406	  183.81601	  184.25978
 13745	  189.37839	  100.33944	  183.41458	  183.85847
 13746	  187.60892	  100.6668	  184.06786	  184.51155
 13746	  187.60892	  100.6668	  184.06786	  184.51155
 13745	  189.37839	  100.33944	  183.41458	  183.85847
 13747	  189.4986	  100.46564	  183.66643	  184.11026
 13748	  189.37839	  100.33944	  183.41458	  183.85847
 13749	  189.37839	  105.81339	  182.94366	  183.38771
 13750	  189.4986	  100.46564	  183.66643	  184.11026
 13750	  189.4986	  100.46564	  183.66643	  184.11026
 13749	  189.37839	  105.81339	  182.94366	  183.38771
 13751	  189.4986	  105.93959	  183.19551	  183.63948
 13752	  189.37839	  105.81339	  182.94366	  183.38771
 13753	  187.48871	  106.01454	  183.34508	  183.789
 13754	  189.4986	  105.93959	  183.19551	  183.63948
 13754	  189.4986	  105.93959	  183.19551	  183.63948
 13753	  187.48871	  106.01454	  183.34508	  183.789
 13755	  187.60892	  106.14075	  183.59694	  184.04077
 13756	  187.48871	  96.92984	  184.12663	  184.57031
 13757	  187.48871	  91.45589	  184.59755	  185.04109
 13758	  187.60892	  97.05605	  184.37848	  184.82208
 13758	  187.60892	  97.05605	  184.37848	  184.82208
 13757	  187.48871	  91.45589	  184.59755	  185.04109
 13759	  187.60892	  91.5821	  184.8494	  185.29286
 13760	  187.48871	  91.45589	  184.59755	  185.04109
 13761	  189.37839	  91.25474	  184.19612	  184.63979
 13762	  187.60892	  91.5821	  184.8494	  185.29286
 13762	  187.60892	  91.5821	  184.8494	  185.29286
 13761	  189.37839	  91.25474	  184.19612	  184.63979
 13763	  189.4986	  91.38094	  184.44798	  184.89157
 13764	  189.37839	  91.25474	  184.19612	  184.63979
 13765	  189.37839	  96.72868	  183.7252	  184.16902
 13766	  189.4986	  91.38094	  184.44798	  184.89157
 13766	  189.4986	  91.38094	  184.44798	  184.89157
 13765	  189.37839	  96.72868	  183.7252	  184.16902
 13767	  189.4986	  96.85489	  183.97707	  184.42079
 13768	  189.37839	  96.72868	  183.7252	  184.16902
 13769	  187.48871	  96.92984	  184.12663	  184.57031
 13770	  189.4986	  96.85489	  183.97707	  184.42079
 13770	  189.4986	  96.85489	  183.97707	  184.42079
 13769	  187.48871	  96.92984	  184.12663	  184.57031
 13771	  187.60892	  97.05605	  184.37848	  184.82208
 13772	  187.48871	  87.84514	  184.90817	  185.35162
 13773	  187.48871	  82.3712	  185.37909	  185.8224
 13774	  187.60892	  87.97134	  185.16003	  185.60339
 13774	  187.60892	  87.97134	  185.16003	  185.60339
 13773	  187.48871	  82.3712	  185.37909	  185.8224
 13775	  187.60892	  82.49741	  185.63095	  186.07417
 13776	  187.48871	  82.3712	  185.37909	  185.8224
 13777	  189.37837	  82.17004	  184.97768	  185.4211
 13778	  187.60892	  82.49741	  185.63095	  186.07417
 13778	  187.60892	  82.49741	  185.63095	  186.07417
 13777	  189.37837	  82.17004	  184.97768	  185.4211
 13779	  189.49858	  82.29625	  185.22952	  185.67288
 13780	  189.37837	  82.17004	  184.97768	  185.4211
 13781	  189.37839	  87.64398	  184.50676	  184.95033
 13782	  189.49858	  82.29625	  185.22952	  185.67288
 13782	  189.49858	  82.29625	  185.22952	  185.67288
 13781	  189.37839	  87.64398	  184.50676	  184.95033
 13783	  189.4986	  87.77019	  184.75861	  185.2021
 13784	  189.37839	  87.64398	  184.50676	  184.95033
 13785	  187.48871	  87.84514	  184.90817	  185.35162
 13786	  189.4986	  87.77019	  184.75861	  185.2021
 13786	  189.4986	  87.77019	  184.75861	  185.2021
 13785	  187.48871	  87.84514	  184.90817	  185.35162
 13787	  187.60892	  87.97134	  185.16003	  185.60339
 13788	  192.34715	  105.49735	  182.313	  182.75725
 13789	  192.34714	  100.02341	  182.78392	  183.22803
 13790	  192.46736	  105.62356	  182.56487	  183.00902
 13790	  192.46736	  105.62356	  182.56487	  183.00902
 13789	  192.34714	  100.02341	  182.78392	  183.22803
 13791	  192.46735	  100.14961	  183.03578	  183.4798
 13792	  192.34714	  100.02341	  182.78392	  183.22803
 13793	  194.23682	  99.82226	  182.38251	  182.82672
 13794	  192.46735	  100.14961	  183.03578	  183.4798
 13794	  192.46735	  100.14961	  183.03578	  183.4798
 13793	  194.23682	  99.82226	  182.38251	  182.82672
 13795	  194.35703	  99.94846	  182.63435	  183.07849
 13796	  194.23682	  99.82226	  182.38251	  182.82672
 13797	  194.23682	  105.2962	  181.91159	  182.35596
 13798	  194.35703	  99.94846	  182.63435	  183.07849
 13798	  194.35703	  99.94846	  182.63435	  183.07849
 13797	  194.23682	  105.2962	  181.91159	  182.35596
 13799	  194.35703	  105.4224	  182.16344	  182.60773
 13800	  194.23682	  105.2962	  181.91159	  182.35596
 13801	  192.34715	  105.49735	  182.313	  182.75725
 13802	  194.35703	  105.4224	  182.16344	  182.60773
 13802	  194.35703	  105.4224	  182.16344	  182.60773
 13801	  192.34715	  105.49735	  182.313	  182.75725
 13803	  192.46736	  105.62356	  182.56487	  183.00902
 13804	  192.34714	  96.41266	  183.09456	  183.53856
 13805	  192.34714	  90.93871	  183.56548	  184.00934
 13806	  192.46735	  96.53886	  183.34641	  183.79033
 13806	  192.46735	  96.53886	  183.34641	  183.79033
 13805	  192.34714	  90.93871	  183.56548	  184.00934
 13807	  192.46735	  91.06492	  183.81732	  184.26111
 13808	  192.34714	  90.93871	  183.56548	  184.00934
 13809	  194.23682	  90.73756	  183.16406	  183.60803
 13810	  192.46735	  91.06492	  183.81732	  184.26111
 13810	  192.46735	  91.06492	  183.81732	  184.26111
 13809	  194.23682	  90.73756	  183.16406	  183.60803
 13811	  194.35703	  90.86376	  183.41591	  183.8598
 13812	  194.23682	  90.73756	  183.16406	  183.60803
 13813	  194.23682	  96.2115	  182.69313	  183.13725
 13814	  194.35703	  90.86376	  183.41591	  183.8598
 13814	  194.35703	  90.86376	  183.41591	  183.8598
 13813	  194.23682	  96.2115	  182.69313	  183.13725
 13815	  194.35703	  96.33771	  182.94499	  183.38904
 13816	  194.23682	  96.2115	  182.69313	  183.13725
 13817	  192.34714	  96.41266	  183.09456	  183.53856
 13818	  194.35703	  96.33771	  182.94499	  183.38904
 13818	  194.35703	  96.33771	  182.94499	  183.38904
 13817	  192.34714	  96.41266	  183.09456	  183.53856
 13819	  192.46735	  96.53886	  183.34641	  183.79033
 13820	  192.34714	  87.32796	  183.8761	  184.31987
 13821	  192.34714	  81.85401	  184.34702	  184.79063
 13822	  192.46735	  87.45415	  184.12796	  184.57164
 13822	  192.46735	  87.45415	  184.12796	  184.57164
 13821	  192.34714	  81.85401	  184.34702	  184.79063
 13823	  192.46735	  81.98022	  184.59888	  185.04242
 13824	  192.34714	  81.85401	  184.34702	  184.79063
 13825	  194.2368	  81.65285	  183.9456	  184.38934
 13826	  192.46735	  81.98022	  184.59888	  185.04242
 13826	  192.46735	  81.98022	  184.59888	  185.04242
 13825	  194.2368	  81.65285	  183.9456	  184.38934
 13827	  194.35701	  81.77906	  184.19745	  184.64111
 13828	  194.2368	  81.65285	  183.9456	  184.38934
 13829	  194.2368	  87.1268	  183.47469	  183.91856
 13830	  194.35701	  81.77906	  184.19745	  184.64111
 13830	  194.35701	  81.77906	  184.19745	  184.64111
 13829	  194.2368	  87.1268	  183.47469	  183.91856
 13831	  194.35701	  87.25301	  183.72653	  184.17035
 13832	  194.2368	  87.1268	  183.47469	  183.91856
 13833	  192.34714	  87.32796	  183.8761	  184.31987
 13834	  194.35701	  87.25301	  183.72653	  184.17035
 13834	  194.35701	  87.25301	  183.72653	  184.17035
 13833	  192.34714	  87.32796	  183.8761	  184.31987
 13835	  192.46735	  87.45415	  184.12796	  184.57164
 13836	  177.77188	  164.40475	  180.47496	  180.91975
 13837	  179.66156	  164.2036	  180.07353	  180.51846
 13838	  177.77188	  170.3699	  179.96178	  180.40674
 13838	  177.77188	  170.3699	  179.96178	  180.40674
 13837	  179.66156	  164.2036	  180.07353	  180.51846
 13839	  179.66156	  170.16873	  179.56036	  180.00543
 13840	  160.82007	  112.93768	  188.65892	  189.10121
 13841	  163.19656	  112.6847	  188.15408	  188.59653
 13842	  160.82007	  114.92296	  188.48813	  188.93048
 13842	  160.82007	  114.92296	  188.48813	  188.93048
 13841	  163.19656	  112.6847	  188.15408	  188.59653
 13843	  163.19656	  114.66998	  187.98329	  188.4258
 13844	  163.19656	  112.6847	  188.15408	  188.59653
 13845	  165.08624	  112.48354	  187.75266	  188.19524
 13846	  163.19656	  114.66998	  187.98329	  188.4258
 13846	  163.19656	  114.66998	  187.98329	  188.4258
 13845	  165.08624	  112.48354	  187.75266	  188.19524
 13847	  165.08624	  114.46883	  187.58186	  188.02449
 13848	  165.08624	  112.48354	  187.75266	  188.19524
 13849	  168.05499	  112.16752	  187.12201	  187.56477
 13850	  165.08624	  114.46883	  187.58186	  188.02449
 13850	  165.08624	  114.46883	  187.58186	  188.02449
 13849	  168.05499	  112.16752	  187.12201	  187.56477
 13851	  168.05499	  114.1528	  186.95122	  187.39404
 13852	  168.05499	  112.16752	  187.12201	  187.56477
 13853	  169.94467	  111.96636	  186.72058	  187.16348
 13854	  168.05499	  114.1528	  186.95122	  187.39404
 13854	  168.05499	  114.1528	  186.95122	  187.39404
 13853	  169.94467	  111.96636	  186.72058	  187.16348
 13855	  169.94467	  113.95164	  186.54979	  186.99274
 13856	  169.94467	  111.96636	  186.72058	  187.16348
 13857	  172.91342	  111.65033	  186.08994	  186.53302
 13858	  169.94467	  113.95164	  186.54979	  186.99274
 13858	  169.94467	  113.95164	  186.54979	  186.99274
 13857	  172.91342	  111.65033	  186.08994	  186.53302
 13859	  172.91342	  113.63561	  185.91914	  186.36227
 13860	  172.91342	  111.65033	  186.08994	  186.53302
 13861	  174.8031	  111.44917	  185.68851	  186.13171
 13862	  172.91342	  113.63561	  185.91914	  186.36227
 13862	  172.91342	  113.63561	  185.91914	  186.36227
 13861	  174.8031	  111.44917	  185.68851	  186.13171
 13863	  174.8031	  113.43446	  185.51773	  185.96098
 13864	  174.8031	  111.44917	  185.68851	  186.13171
 13865	  177.77187	  111.13315	  185.05786	  185.50127
 13866	  174.8031	  113.43446	  185.51773	  185.96098
 13866	  174.8031	  113.43446	  185.51773	  185.96098
 13865	  177.77187	  111.13315	  185.05786	  185.50127
 13867	  177.77187	  113.11843	  184.88707	  185.33052
 13868	  177.77187	  111.13315	  185.05786	  185.50127
 13869	  179.66153	  110.93199	  184.65643	  185.09996
 13870	  177.77187	  113.11843	  184.88707	  185.33052
 13870	  177.77187	  113.11843	  184.88707	  185.33052
 13869	  179.66153	  110.93199	  184.65643	  185.09996
 13871	  179.66153	  112.91727	  184.48564	  184.92923
 13872	  179.66153	  110.93199	  184.65643	  185.09996
 13873	  182.63028	  110.61597	  184.02579	  184.46951
 13874	  179.66153	  112.91727	  184.48564	  184.92923
 13874	  179.66153	  112.91727	  184.48564	  184.92923
 13873	  182.63028	  110.61597	  184.02579	  184.46951
 13875	  182.63028	  112.60124	  183.855	  184.29877
 13876	  182.63028	  110.61597	  184.02579	  184.46951
 13877	  184.51996	  110.41481	  183.62437	  184.06821
 13878	  182.63028	  112.60124	  183.855	  184.29877
 13878	  182.63028	  112.60124	  183.855	  184.29877
 13877	  184.51996	  110.41481	  183.62437	  184.06821
 13879	  184.51996	  112.40009	  183.45358	  183.89746
 13880	  184.51996	  110.41481	  183.62437	  184.06821
 13881	  187.48871	  110.09879	  182.99371	  183.43774
 13882	  184.51996	  112.40009	  183.45358	  183.89746
 13882	  184.51996	  112.40009	  183.45358	  183.89746
 13881	  187.48871	  110.09879	  182.99371	  183.43774
 13883	  187.48871	  112.08406	  182.82292	  183.26701
 13884	  187.48871	  110.09879	  182.99371	  183.43774
 13885	  189.37839	  109.89763	  182.5923	  183.03645
 13886	  187.48871	  112.08406	  182.82292	  183.26701
 13886	  187.48871	  112.08406	  182.82292	  183.26701
 13885	  189.37839	  109.89763	  182.5923	  183.03645
 13887	  189.37839	  111.8829	  182.42151	  182.86571
 13888	  189.37839	  109.89763	  182.5923	  183.03645
 13889	  192.34715	  109.5816	  181.96164	  182.40599
 13890	  189.37839	  111.8829	  182.42151	  182.86571
 13890	  189.37839	  111.8829	  182.42151	  182.86571
 13889	  192.34715	  109.5816	  181.96164	  182.40599
 13891	  192.34715	  111.56688	  181.79085	  182.23524
 13892	  192.34715	  109.5816	  181.96164	  182.40599
 13893	  194.23682	  109.38045	  181.56023	  182.0047
 13894	  192.34715	  111.56688	  181.79085	  182.23524
 13894	  192.34715	  111.56688	  181.79085	  182.23524
 13893	  194.23682	  109.38045	  181.56023	  182.0047
 13895	  194.23682	  111.36572	  181.38943	  181.83395
 13896	  194.23682	  109.38045	  181.56023	  182.0047
 13897	  197.20557	  109.06442	  180.92957	  181.37424
 13898	  194.23682	  111.36572	  181.38943	  181.83395
 13898	  194.23682	  111.36572	  181.38943	  181.83395
 13897	  197.20557	  109.06442	  180.92957	  181.37424
 13899	  197.20557	  111.0497	  180.75879	  181.20349
 13900	  197.20557	  109.06442	  180.92957	  181.37424
 13901	  199.09525	  108.86327	  180.52815	  180.97293
 13902	  197.20557	  111.0497	  180.75879	  181.20349
 13902	  197.20557	  111.0497	  180.75879	  181.20349
 13901	  199.09525	  108.86327	  180.52815	  180.97293
 13903	  199.09525	  110.84854	  180.35736	  180.8022
 13904	  199.09525	  108.86327	  180.52815	  180.97293
 13905	  201.85435	  108.56955	  179.94203	  180.38699
 13906	  199.09525	  110.84854	  180.35736	  180.8022
 13906	  199.09525	  110.84854	  180.35736	  180.8022
 13905	  201.85435	  108.56955	  179.94203	  180.38699
 13907	  201.85435	  110.55483	  179.77124	  180.21626
 13908	  201.85437	  167.8063	  174.84595	  175.29248
 13909	  202.36514	  168.44403	  175.90741	  176.35359
 13910	  201.85437	  173.29144	  174.37407	  174.82074
 13909	  202.36514	  168.44403	  175.90741	  176.35359
 13911	  202.36517	  177.33229	  175.14275	  175.58917
 13910	  201.85437	  173.29144	  174.37407	  174.82074
 13911	  202.36517	  177.33229	  175.14275	  175.58917
 13912	  201.85437	  176.79602	  174.07257	  174.51933
 13910	  201.85437	  173.29144	  174.37407	  174.82074
 13913	  189.3784	  186.77011	  175.97903	  176.4252
 13914	  187.48874	  186.97128	  176.38045	  176.82649
 13915	  189.3784	  185.70547	  176.07062	  176.51677
 13915	  189.3784	  185.70547	  176.07062	  176.51677
 13914	  187.48874	  186.97128	  176.38045	  176.82649
 13916	  187.48874	  185.90662	  176.47205	  176.91806
 13917	  192.34717	  186.4541	  175.34837	  175.79474
 13918	  189.3784	  186.77011	  175.97903	  176.4252
 13919	  192.34717	  185.38943	  175.43997	  175.88631
 13919	  192.34717	  185.38943	  175.43997	  175.88631
 13918	  189.3784	  186.77011	  175.97903	  176.4252
 13920	  189.3784	  185.70547	  176.07062	  176.51677
 13921	  194.23683	  186.25293	  174.94696	  175.39345
 13922	  192.34717	  186.4541	  175.34837	  175.79474
 13923	  194.23683	  185.18829	  175.03854	  175.485
 13923	  194.23683	  185.18829	  175.03854	  175.485
 13922	  192.34717	  186.4541	  175.34837	  175.79474
 13924	  192.34717	  185.38943	  175.43997	  175.88631
 13925	  197.2056	  185.93692	  174.3163	  174.76299
 13926	  194.23683	  186.25293	  174.94696	  175.39345
 13927	  197.2056	  184.87225	  174.4079	  174.85455
 13927	  197.2056	  184.87225	  174.4079	  174.85455
 13926	  194.23683	  186.25293	  174.94696	  175.39345
 13928	  194.23683	  185.18829	  175.03854	  175.485
 13929	  199.09526	  185.73575	  173.91489	  174.36169
 13930	  197.2056	  185.93692	  174.3163	  174.76299
 13931	  199.09526	  184.67111	  174.00647	  174.45325
 13931	  199.09526	  184.67111	  174.00647	  174.45325
 13930	  197.2056	  185.93692	  174.3163	  174.76299
 13932	  197.2056	  184.87225	  174.4079	  174.85455
 13933	  201.85437	  185.44205	  173.32877	  173.77576
 13934	  199.09526	  185.73575	  173.91489	  174.36169
 13935	  201.85437	  184.37738	  173.42036	  173.86731
 13935	  201.85437	  184.37738	  173.42036	  173.86731
 13934	  199.09526	  185.73575	  173.91489	  174.36169
 13936	  199.09526	  184.67111	  174.00647	  174.45325
 13937	  202.36517	  178.04828	  175.08116	  175.5276
 13938	  202.36517	  178.69479	  175.02553	  175.472
 13939	  201.85437	  177.78976	  173.98709	  174.43387
 13939	  201.85437	  177.78976	  173.98709	  174.43387
 13938	  202.36517	  178.69479	  175.02553	  175.472
 13940	  201.85437	  178.15854	  173.95535	  174.40215
 13941	  199.09526	  178.08347	  174.5732	  175.01981
 13942	  201.85437	  177.78976	  173.98709	  174.43387
 13943	  199.09526	  178.45224	  174.54147	  174.98808
 13943	  199.09526	  178.45224	  174.54147	  174.98808
 13942	  201.85437	  177.78976	  173.98709	  174.43387
 13944	  201.85437	  178.15854	  173.95535	  174.40215
 13945	  197.2056	  178.28464	  174.97462	  175.4211
 13946	  199.09526	  178.08347	  174.5732	  175.01981
 13947	  197.2056	  178.65341	  174.9429	  175.38939
 13947	  197.2056	  178.65341	  174.9429	  175.38939
 13946	  199.09526	  178.08347	  174.5732	  175.01981
 13948	  199.09526	  178.45224	  174.54147	  174.98808
 13949	  194.23683	  178.60065	  175.60527	  176.05156
 13950	  197.2056	  178.28464	  174.97462	  175.4211
 13951	  194.23683	  178.96942	  175.57355	  176.01984
 13951	  194.23683	  178.96942	  175.57355	  176.01984
 13950	  197.2056	  178.28464	  174.97462	  175.4211
 13952	  197.2056	  178.65341	  174.9429	  175.38939
 13953	  192.34717	  178.80182	  176.0067	  176.45285
 13954	  194.23683	  178.60065	  175.60527	  176.05156
 13955	  192.34717	  179.17059	  175.97498	  176.42114
 13955	  192.34717	  179.17059	  175.97498	  176.42114
 13954	  194.23683	  178.60065	  175.60527	  176.05156
 13956	  194.23683	  178.96942	  175.57355	  176.01984
 13957	  189.3784	  179.11783	  176.63734	  177.08331
 13958	  192.34717	  178.80182	  176.0067	  176.45285
 13959	  189.3784	  179.4866	  176.60562	  177.05161
 13959	  189.3784	  179.4866	  176.60562	  177.05161
 13958	  192.34717	  178.80182	  176.0067	  176.45285
 13960	  192.34717	  179.17059	  175.97498	  176.42114
 13961	  187.48874	  179.319	  177.03877	  177.48462
 13962	  189.3784	  179.11783	  176.63734	  177.08331
 13963	  187.48874	  179.68777	  177.00705	  177.4529
 13963	  187.48874	  179.68777	  177.00705	  177.4529
 13962	  189.3784	  179.11783	  176.63734	  177.08331
 13964	  189.3784	  179.4866	  176.60562	  177.05161
 13965	  184.51997	  179.63501	  177.66942	  178.11508
 13966	  187.48874	  179.319	  177.03877	  177.48462
 13967	  184.51997	  180.00378	  177.6377	  178.08336
 13967	  184.51997	  180.00378	  177.6377	  178.08336
 13966	  187.48874	  179.319	  177.03877	  177.48462
 13968	  187.48874	  179.68777	  177.00705	  177.4529
 13969	  182.63031	  179.83618	  178.07085	  178.51637
 13970	  184.51997	  179.63501	  177.66942	  178.11508
 13971	  182.63031	  180.20496	  178.03912	  178.48465
 13971	  182.63031	  180.20496	  178.03912	  178.48465
 13970	  184.51997	  179.63501	  177.66942	  178.11508
 13972	  184.51997	  180.00378	  177.6377	  178.08336
 13973	  179.66156	  180.15219	  178.70149	  179.14684
 13974	  182.63031	  179.83618	  178.07085	  178.51637
 13975	  179.66156	  180.52097	  178.66977	  179.11511
 13975	  179.66156	  180.52097	  178.66977	  179.11511
 13974	  182.63031	  179.83618	  178.07085	  178.51637
 13976	  182.63031	  180.20496	  178.03912	  178.48465
 13977	  201.85437	  176.79602	  174.07257	  174.51933
 13978	  199.09526	  177.08974	  174.65869	  175.10527
 13979	  201.85437	  173.29144	  174.37407	  174.82074
 13979	  201.85437	  173.29144	  174.37407	  174.82074
 13978	  199.09526	  177.08974	  174.65869	  175.10527
 13980	  199.09525	  173.58517	  174.96019	  175.40668
 13981	  199.09526	  177.08974	  174.65869	  175.10527
 13982	  197.2056	  177.29089	  175.06012	  175.50656
 13983	  199.09525	  173.58517	  174.96019	  175.40668
 13983	  199.09525	  173.58517	  174.96019	  175.40668
 13982	  197.2056	  177.29089	  175.06012	  175.50656
 13984	  197.20558	  173.78632	  175.3616	  175.80797
 13985	  197.2056	  177.29089	  175.06012	  175.50656
 13986	  194.23683	  177.60692	  175.69077	  176.13702
 13987	  197.20558	  173.78632	  175.3616	  175.80797
 13987	  197.20558	  173.78632	  175.3616	  175.80797
 13986	  194.23683	  177.60692	  175.69077	  176.13702
 13988	  194.23682	  174.10236	  175.99226	  176.43843
 13989	  194.23683	  177.60692	  175.69077	  176.13702
 13990	  192.34717	  177.80807	  176.09218	  176.53833
 13991	  194.23682	  174.10236	  175.99226	  176.43843
 13991	  194.23682	  174.10236	  175.99226	  176.43843
 13990	  192.34717	  177.80807	  176.09218	  176.53833
 13992	  192.34717	  174.3035	  176.39368	  176.83972
 13993	  192.34717	  177.80807	  176.09218	  176.53833
 13994	  189.3784	  178.1241	  176.72284	  177.16878
 13995	  192.34717	  174.3035	  176.39368	  176.83972
 13995	  192.34717	  174.3035	  176.39368	  176.83972
 13994	  189.3784	  178.1241	  176.72284	  177.16878
 13996	  189.37839	  174.61954	  177.02434	  177.47018
 13997	  189.3784	  178.1241	  176.72284	  177.16878
 13998	  187.48874	  178.32526	  177.12425	  177.57008
 13999	  189.37839	  174.61954	  177.02434	  177.47018
 13999	  189.37839	  174.61954	  177.02434	  177.47018
 13998	  187.48874	  178.32526	  177.12425	  177.57008
 14000	  187.48874	  174.82068	  177.42575	  177.87149
 14001	  163.19658	  165.9563	  183.57117	  184.01503
 14002	  163.19658	  171.92145	  183.058	  183.50201
 14003	  160.82007	  166.20929	  184.07602	  184.51971
 14003	  160.82007	  166.20929	  184.07602	  184.51971
 14002	  163.19658	  171.92145	  183.058	  183.50201
 14004	  160.82008	  172.17444	  183.56284	  184.0067
 14005	  163.19658	  165.9563	  183.57117	  184.01503
 14006	  165.08624	  165.75516	  183.16975	  183.61372
 14007	  163.19658	  171.92145	  183.058	  183.50201
 14007	  163.19658	  171.92145	  183.058	  183.50201
 14006	  165.08624	  165.75516	  183.16975	  183.61372
 14008	  165.08624	  171.72029	  182.65659	  183.10071
 14009	  184.51997	  178.64128	  177.75491	  178.20055
 14010	  182.63031	  178.84244	  178.15633	  178.60184
 14011	  184.51996	  175.13672	  178.0564	  178.50194
 14011	  184.51996	  175.13672	  178.0564	  178.50194
 14010	  182.63031	  178.84244	  178.15633	  178.60184
 14012	  182.63031	  175.33786	  178.45782	  178.90324
 14013	  187.48874	  178.32526	  177.12425	  177.57008
 14014	  184.51997	  178.64128	  177.75491	  178.20055
 14015	  187.48874	  174.82068	  177.42575	  177.87149
 14015	  187.48874	  174.82068	  177.42575	  177.87149
 14014	  184.51997	  178.64128	  177.75491	  178.20055
 14016	  184.51996	  175.13672	  178.0564	  178.50194
 14017	  182.63031	  178.84244	  178.15633	  178.60184
 14018	  179.66156	  179.15846	  178.78699	  179.2323
 14019	  182.63031	  175.33786	  178.45782	  178.90324
 14019	  182.63031	  175.33786	  178.45782	  178.90324
 14018	  179.66156	  179.15846	  178.78699	  179.2323
 14020	  179.66156	  175.6539	  179.08847	  179.53369
 14021	  179.66156	  179.15846	  178.78699	  179.2323
 14022	  177.77188	  179.35962	  179.1884	  179.63359
 14023	  179.66156	  175.6539	  179.08847	  179.53369
 14023	  179.66156	  175.6539	  179.08847	  179.53369
 14022	  177.77188	  179.35962	  179.1884	  179.63359
 14024	  177.77188	  175.85504	  179.4899	  179.935
 14025	  165.08624	  165.75516	  183.16975	  183.61372
 14026	  168.05502	  165.43912	  182.53909	  182.98328
 14027	  165.08624	  171.72029	  182.65659	  183.10071
 14027	  165.08624	  171.72029	  182.65659	  183.10071
 14026	  168.05502	  165.43912	  182.53909	  182.98328
 14028	  168.05502	  171.40427	  182.02592	  182.47025
 14029	  168.05502	  165.43912	  182.53909	  182.98328
 14030	  169.94469	  165.23798	  182.13768	  182.58197
 14031	  168.05502	  171.40427	  182.02592	  182.47025
 14031	  168.05502	  171.40427	  182.02592	  182.47025
 14030	  169.94469	  165.23798	  182.13768	  182.58197
 14032	  169.94469	  171.20311	  181.62451	  182.06895
 14033	  169.94469	  165.23798	  182.13768	  182.58197
 14034	  172.91344	  164.92194	  181.50703	  181.95151
 14035	  169.94469	  171.20311	  181.62451	  182.06895
 14035	  169.94469	  171.20311	  181.62451	  182.06895
 14034	  172.91344	  164.92194	  181.50703	  181.95151
 14036	  172.91344	  170.88708	  180.99385	  181.43849
 14037	  172.91344	  164.92194	  181.50703	  181.95151
 14038	  174.8031	  164.72079	  181.10561	  181.55022
 14039	  172.91344	  170.88708	  180.99385	  181.43849
 14039	  172.91344	  170.88708	  180.99385	  181.43849
 14038	  174.8031	  164.72079	  181.10561	  181.55022
 14040	  174.8031	  170.68593	  180.59244	  181.0372
 14041	  163.19659	  180.91116	  182.28462	  182.72887
 14042	  160.82008	  181.16415	  182.78946	  183.23355
 14043	  163.19659	  177.4066	  182.58612	  183.03027
 14043	  163.19659	  177.4066	  182.58612	  183.03027
 14042	  160.82008	  181.16415	  182.78946	  183.23355
 14044	  160.82008	  177.65958	  183.09096	  183.53496
 14045	  199.09525	  116.33369	  179.88548	  180.33046
 14046	  201.85435	  116.03999	  179.29936	  179.74452
 14047	  199.09525	  122.29884	  179.3723	  179.81744
 14047	  199.09525	  122.29884	  179.3723	  179.81744
 14046	  201.85435	  116.03999	  179.29936	  179.74452
 14048	  201.85435	  122.00513	  178.78619	  179.23151
 14049	  197.20557	  116.53485	  180.2869	  180.73175
 14050	  199.09525	  116.33369	  179.88548	  180.33046
 14051	  197.20557	  122.49999	  179.77373	  180.21873
 14051	  197.20557	  122.49999	  179.77373	  180.21873
 14050	  199.09525	  116.33369	  179.88548	  180.33046
 14052	  199.09525	  122.29884	  179.3723	  179.81744
 14053	  194.23682	  116.85088	  180.91756	  181.36221
 14054	  197.20557	  116.53485	  180.2869	  180.73175
 14055	  194.23682	  122.81602	  180.40437	  180.8492
 14055	  194.23682	  122.81602	  180.40437	  180.8492
 14054	  197.20557	  116.53485	  180.2869	  180.73175
 14056	  197.20557	  122.49999	  179.77373	  180.21873
 14057	  192.34715	  117.05203	  181.31897	  181.76352
 14058	  194.23682	  116.85088	  180.91756	  181.36221
 14059	  192.34715	  123.01717	  180.80579	  181.25049
 14059	  192.34715	  123.01717	  180.80579	  181.25049
 14058	  194.23682	  116.85088	  180.91756	  181.36221
 14060	  194.23682	  122.81602	  180.40437	  180.8492
 14061	  189.37839	  117.36806	  181.94962	  182.39397
 14062	  192.34715	  117.05203	  181.31897	  181.76352
 14063	  189.37839	  123.33321	  181.43645	  181.88095
 14063	  189.37839	  123.33321	  181.43645	  181.88095
 14062	  192.34715	  117.05203	  181.31897	  181.76352
 14064	  192.34715	  123.01717	  180.80579	  181.25049
 14065	  187.48871	  117.56921	  182.35104	  182.79527
 14066	  189.37839	  117.36806	  181.94962	  182.39397
 14067	  187.48871	  123.53436	  181.83786	  182.28226
 14067	  187.48871	  123.53436	  181.83786	  182.28226
 14066	  189.37839	  117.36806	  181.94962	  182.39397
 14068	  189.37839	  123.33321	  181.43645	  181.88095
 14069	  184.51996	  117.88524	  182.98169	  183.42574
 14070	  187.48871	  117.56921	  182.35104	  182.79527
 14071	  184.51996	  123.85039	  182.46852	  182.9127
 14071	  184.51996	  123.85039	  182.46852	  182.9127
 14070	  187.48871	  117.56921	  182.35104	  182.79527
 14072	  187.48871	  123.53436	  181.83786	  182.28226
 14073	  182.63028	  118.0864	  183.38312	  183.82703
 14074	  184.51996	  117.88524	  182.98169	  183.42574
 14075	  182.63028	  124.05154	  182.86993	  183.31401
 14075	  182.63028	  124.05154	  182.86993	  183.31401
 14074	  184.51996	  117.88524	  182.98169	  183.42574
 14076	  184.51996	  123.85039	  182.46852	  182.9127
 14077	  165.08624	  102.92535	  188.57494	  189.01727
 14078	  165.08624	  99.31461	  188.88557	  189.3278
 14079	  168.05499	  102.60933	  187.94429	  188.38681
 14079	  168.05499	  102.60933	  187.94429	  188.38681
 14078	  165.08624	  99.31461	  188.88557	  189.3278
 14080	  168.05499	  98.99857	  188.25491	  188.69734
 14081	  168.05499	  102.60933	  187.94429	  188.38681
 14082	  168.05499	  98.99857	  188.25491	  188.69734
 14083	  169.94467	  102.40817	  187.54286	  187.9855
 14083	  169.94467	  102.40817	  187.54286	  187.9855
 14082	  168.05499	  98.99857	  188.25491	  188.69734
 14084	  169.94467	  98.79742	  187.8535	  188.29604
 14085	  169.94467	  102.40817	  187.54286	  187.9855
 14086	  169.94467	  98.79742	  187.8535	  188.29604
 14087	  172.91342	  102.09215	  186.91222	  187.35506
 14087	  172.91342	  102.09215	  186.91222	  187.35506
 14086	  169.94467	  98.79742	  187.8535	  188.29604
 14088	  172.91342	  98.48139	  187.22285	  187.66559
 14089	  172.91342	  102.09215	  186.91222	  187.35506
 14090	  172.91342	  98.48139	  187.22285	  187.66559
 14091	  174.8031	  101.89099	  186.5108	  186.95375
 14091	  174.8031	  101.89099	  186.5108	  186.95375
 14090	  172.91342	  98.48139	  187.22285	  187.66559
 14092	  174.8031	  98.28024	  186.82143	  187.26428
 14093	  165.08624	  93.84065	  189.35649	  189.79857
 14094	  165.08624	  90.2299	  189.66711	  190.10912
 14095	  168.05499	  93.52463	  188.72583	  189.16812
 14095	  168.05499	  93.52463	  188.72583	  189.16812
 14094	  165.08624	  90.2299	  189.66711	  190.10912
 14096	  168.05499	  89.91387	  189.03647	  189.47865
 14097	  168.05499	  93.52463	  188.72583	  189.16812
 14098	  168.05499	  89.91387	  189.03647	  189.47865
 14099	  169.94467	  93.32347	  188.32442	  188.76682
 14099	  169.94467	  93.32347	  188.32442	  188.76682
 14098	  168.05499	  89.91387	  189.03647	  189.47865
 14100	  169.94467	  89.71272	  188.63504	  189.07735
 14101	  169.94467	  93.32347	  188.32442	  188.76682
 14102	  169.94467	  89.71272	  188.63504	  189.07735
 14103	  172.91342	  93.00745	  187.69377	  188.13637
 14103	  172.91342	  93.00745	  187.69377	  188.13637
 14102	  169.94467	  89.71272	  188.63504	  189.07735
 14104	  172.91342	  89.39668	  188.00439	  188.4469
 14105	  172.91342	  93.00745	  187.69377	  188.13637
 14106	  172.91342	  89.39668	  188.00439	  188.4469
 14107	  174.8031	  92.80629	  187.29234	  187.73506
 14107	  174.8031	  92.80629	  187.29234	  187.73506
 14106	  172.91342	  89.39668	  188.00439	  188.4469
 14108	  174.8031	  89.19553	  187.60298	  188.04559
 14109	  163.19656	  120.15514	  187.51141	  187.95406
 14110	  163.19656	  126.12027	  186.99823	  187.44104
 14111	  160.82007	  120.40811	  188.01625	  188.45874
 14111	  160.82007	  120.40811	  188.01625	  188.45874
 14110	  163.19656	  126.12027	  186.99823	  187.44104
 14112	  160.82007	  126.37325	  187.50307	  187.94572
 14113	  163.19656	  120.15514	  187.51141	  187.95406
 14114	  165.08624	  119.95398	  187.10999	  187.55276
 14115	  163.19656	  126.12027	  186.99823	  187.44104
 14115	  163.19656	  126.12027	  186.99823	  187.44104
 14114	  165.08624	  119.95398	  187.10999	  187.55276
 14116	  165.08624	  125.91911	  186.5968	  187.03973
 14117	  165.08624	  119.95398	  187.10999	  187.55276
 14118	  168.05499	  119.63795	  186.47934	  186.9223
 14119	  165.08624	  125.91911	  186.5968	  187.03973
 14119	  165.08624	  125.91911	  186.5968	  187.03973
 14118	  168.05499	  119.63795	  186.47934	  186.9223
 14120	  168.05501	  125.60309	  185.96616	  186.40927
 14121	  168.05499	  119.63795	  186.47934	  186.9223
 14122	  169.94467	  119.4368	  186.07791	  186.521
 14123	  168.05501	  125.60309	  185.96616	  186.40927
 14123	  168.05501	  125.60309	  185.96616	  186.40927
 14122	  169.94467	  119.4368	  186.07791	  186.521
 14124	  169.94467	  125.40193	  185.56473	  186.00798
 14125	  169.94467	  119.4368	  186.07791	  186.521
 14126	  172.91342	  119.12077	  185.44727	  185.89055
 14127	  169.94467	  125.40193	  185.56473	  186.00798
 14127	  169.94467	  125.40193	  185.56473	  186.00798
 14126	  172.91342	  119.12077	  185.44727	  185.89055
 14128	  172.91342	  125.08591	  184.93408	  185.37752
 14129	  172.91342	  119.12077	  185.44727	  185.89055
 14130	  174.8031	  118.91961	  185.04584	  185.48924
 14131	  172.91342	  125.08591	  184.93408	  185.37752
 14131	  172.91342	  125.08591	  184.93408	  185.37752
 14130	  174.8031	  118.91961	  185.04584	  185.48924
 14132	  174.8031	  124.88475	  184.53267	  184.97623
 14133	  174.8031	  118.91961	  185.04584	  185.48924
 14134	  177.77187	  118.60358	  184.41519	  184.85878
 14135	  174.8031	  124.88475	  184.53267	  184.97623
 14135	  174.8031	  124.88475	  184.53267	  184.97623
 14134	  177.77187	  118.60358	  184.41519	  184.85878
 14136	  177.77187	  124.56873	  183.90201	  184.34576
 14137	  177.77187	  118.60358	  184.41519	  184.85878
 14138	  179.66153	  118.40243	  184.01376	  184.45749
 14139	  177.77187	  124.56873	  183.90201	  184.34576
 14139	  177.77187	  124.56873	  183.90201	  184.34576
 14138	  179.66153	  118.40243	  184.01376	  184.45749
 14140	  179.66153	  124.36757	  183.5006	  183.94446
 14141	  179.66153	  118.40243	  184.01376	  184.45749
 14142	  182.63028	  118.0864	  183.38312	  183.82703
 14143	  179.66153	  124.36757	  183.5006	  183.94446
 14143	  179.66153	  124.36757	  183.5006	  183.94446
 14142	  182.63028	  118.0864	  183.38312	  183.82703
 14144	  182.63028	  124.05154	  182.86993	  183.31401
 14145	  165.08624	  111.4898	  187.83815	  188.2807
 14146	  165.08624	  108.39929	  188.10402	  188.54649
 14147	  168.05499	  111.17377	  187.2075	  187.65024
 14147	  168.05499	  111.17377	  187.2075	  187.65024
 14146	  165.08624	  108.39929	  188.10402	  188.54649
 14148	  168.05499	  108.08327	  187.47337	  187.91603
 14149	  168.05499	  111.17377	  187.2075	  187.65024
 14150	  168.05499	  108.08327	  187.47337	  187.91603
 14151	  169.94467	  110.97262	  186.80608	  187.24895
 14151	  169.94467	  110.97262	  186.80608	  187.24895
 14150	  168.05499	  108.08327	  187.47337	  187.91603
 14152	  169.94467	  107.88211	  187.07195	  187.51474
 14153	  169.94467	  110.97262	  186.80608	  187.24895
 14154	  169.94467	  107.88211	  187.07195	  187.51474
 14155	  172.91342	  110.65659	  186.17543	  186.61848
 14155	  172.91342	  110.65659	  186.17543	  186.61848
 14154	  169.94467	  107.88211	  187.07195	  187.51474
 14156	  172.91342	  107.56609	  186.4413	  186.88428
 14157	  172.91342	  110.65659	  186.17543	  186.61848
 14158	  172.91342	  107.56609	  186.4413	  186.88428
 14159	  174.8031	  110.45543	  185.774	  186.21719
 14159	  174.8031	  110.45543	  185.774	  186.21719
 14158	  172.91342	  107.56609	  186.4413	  186.88428
 14160	  174.8031	  107.36493	  186.03989	  186.48297
 14161	  128.84924	  83.48814	  198.09019	  198.52962
 14162	  129.01974	  83.46999	  198.05397	  198.49341
 14163	  128.84924	  83.7506	  198.06761	  198.50703
 14163	  128.84924	  83.7506	  198.06761	  198.50703
 14162	  129.01974	  83.46999	  198.05397	  198.49341
 14164	  129.01974	  83.73245	  198.0314	  198.47084
 14165	  130.85229	  83.27492	  197.66469	  198.10423
 14166	  131.0228	  83.25677	  197.62846	  198.06802
 14167	  130.85229	  83.53738	  197.64211	  198.08167
 14167	  130.85229	  83.53738	  197.64211	  198.08167
 14166	  131.0228	  83.25677	  197.62846	  198.06802
 14168	  131.0228	  83.51923	  197.6059	  198.04546
 14169	  179.47275	  110.73387	  184.26108	  184.70471
 14170	  177.58307	  110.93503	  184.66249	  185.10602
 14171	  179.47275	  110.57798	  184.27448	  184.71812
 14171	  179.47275	  110.57798	  184.27448	  184.71812
 14170	  177.58307	  110.93503	  184.66249	  185.10602
 14172	  177.58307	  110.77914	  184.6759	  185.11942
 14173	  179.5128	  110.61995	  184.35823	  184.80185
 14174	  182.48154	  110.30392	  183.72758	  184.17139
 14175	  179.47275	  110.57798	  184.27448	  184.71812
 14175	  179.47275	  110.57798	  184.27448	  184.71812
 14174	  182.48154	  110.30392	  183.72758	  184.17139
 14176	  182.4415	  110.26195	  183.64383	  184.08766
 14177	  179.66153	  109.93825	  184.74193	  185.18542
 14178	  182.63028	  109.62222	  184.11128	  184.55496
 14179	  179.5128	  110.04994	  184.40727	  184.85088
 14179	  179.5128	  110.04994	  184.40727	  184.85088
 14178	  182.63028	  109.62222	  184.11128	  184.55496
 14180	  182.48154	  109.73392	  183.77663	  184.22041
 14181	  182.48154	  109.73392	  183.77663	  184.22041
 14182	  184.37122	  109.53276	  183.3752	  183.81912
 14183	  182.48154	  110.30392	  183.72758	  184.17139
 14183	  182.48154	  110.30392	  183.72758	  184.17139
 14182	  184.37122	  109.53276	  183.3752	  183.81912
 14184	  184.37122	  110.10277	  183.32617	  183.7701
 14185	  139.79758	  82.32269	  195.76445	  196.20457
 14186	  140.05542	  82.29524	  195.70967	  196.14983
 14187	  139.79758	  82.58514	  195.74187	  196.18201
 14187	  139.79758	  82.58514	  195.74187	  196.18201
 14186	  140.05542	  82.29524	  195.70967	  196.14983
 14188	  140.05542	  82.5577	  195.6871	  196.12724
 14189	  131.92682	  89.90174	  210.88904	  211.32454
 14190	  130.51454	  88.41901	  207.93013	  208.36655
 14191	  131.92682	  90.1642	  210.86646	  211.30197
 14191	  131.92682	  90.1642	  210.86646	  211.30197
 14190	  130.51454	  88.41901	  207.93013	  208.36655
 14192	  130.51454	  88.68147	  207.90756	  208.34398
 14193	  177.58307	  110.93503	  184.66249	  185.10602
 14194	  174.6143	  111.25105	  185.29315	  185.73648
 14195	  177.58307	  110.77914	  184.6759	  185.11942
 14195	  177.58307	  110.77914	  184.6759	  185.11942
 14194	  174.6143	  111.25105	  185.29315	  185.73648
 14196	  174.6143	  111.09516	  185.30655	  185.74988
 14197	  177.62314	  110.82111	  184.75966	  185.20316
 14198	  179.5128	  110.61995	  184.35823	  184.80185
 14199	  177.58307	  110.77914	  184.6759	  185.11942
 14199	  177.58307	  110.77914	  184.6759	  185.11942
 14198	  179.5128	  110.61995	  184.35823	  184.80185
 14200	  179.47275	  110.57798	  184.27448	  184.71812
 14201	  177.77187	  110.1394	  185.14336	  185.58673
 14202	  179.66153	  109.93825	  184.74193	  185.18542
 14203	  177.62314	  110.2511	  184.8087	  185.25217
 14203	  177.62314	  110.2511	  184.8087	  185.25217
 14202	  179.66153	  109.93825	  184.74193	  185.18542
 14204	  179.5128	  110.04994	  184.40727	  184.85088
 14205	  179.5128	  110.04994	  184.40727	  184.85088
 14206	  182.48154	  109.73392	  183.77663	  184.22041
 14207	  179.5128	  110.61995	  184.35823	  184.80185
 14207	  179.5128	  110.61995	  184.35823	  184.80185
 14206	  182.48154	  109.73392	  183.77663	  184.22041
 14208	  182.48154	  110.30392	  183.72758	  184.17139
 14209	  130.51454	  88.41901	  207.93013	  208.36655
 14210	  129.48236	  87.33534	  205.76758	  206.20465
 14211	  130.51454	  88.68147	  207.90756	  208.34398
 14211	  130.51454	  88.68147	  207.90756	  208.34398
 14210	  129.48236	  87.33534	  205.76758	  206.20465
 14212	  129.48236	  87.5978	  205.745	  206.18208
 14213	  129.48236	  87.33534	  205.76758	  206.20465
 14214	  127.38604	  85.13447	  201.37556	  201.81398
 14215	  129.48236	  87.5978	  205.745	  206.18208
 14215	  129.48236	  87.5978	  205.745	  206.18208
 14214	  127.38604	  85.13447	  201.37556	  201.81398
 14216	  127.38604	  85.39693	  201.35298	  201.7914
 14217	  174.6143	  111.25105	  185.29315	  185.73648
 14218	  172.72464	  111.45221	  185.69456	  186.13777
 14219	  174.6143	  111.09516	  185.30655	  185.74988
 14219	  174.6143	  111.09516	  185.30655	  185.74988
 14218	  172.72464	  111.45221	  185.69456	  186.13777
 14220	  172.72464	  111.29632	  185.70798	  186.15118
 14221	  174.65436	  111.13713	  185.3903	  185.8336
 14222	  177.62314	  110.82111	  184.75966	  185.20316
 14223	  174.6143	  111.09516	  185.30655	  185.74988
 14223	  174.6143	  111.09516	  185.30655	  185.74988
 14222	  177.62314	  110.82111	  184.75966	  185.20316
 14224	  177.58307	  110.77914	  184.6759	  185.11942
 14225	  174.8031	  110.45543	  185.774	  186.21719
 14226	  177.77187	  110.1394	  185.14336	  185.58673
 14227	  174.65436	  110.56712	  185.43935	  185.88263
 14227	  174.65436	  110.56712	  185.43935	  185.88263
 14226	  177.77187	  110.1394	  185.14336	  185.58673
 14228	  177.62314	  110.2511	  184.8087	  185.25217
 14229	  177.62314	  110.2511	  184.8087	  185.25217
 14230	  179.5128	  110.04994	  184.40727	  184.85088
 14231	  177.62314	  110.82111	  184.75966	  185.20316
 14231	  177.62314	  110.82111	  184.75966	  185.20316
 14230	  179.5128	  110.04994	  184.40727	  184.85088
 14232	  179.5128	  110.61995	  184.35823	  184.80185
 14233	  127.33907	  85.08516	  201.27716	  201.71561
 14234	  126.7316	  84.44739	  200.00444	  200.44327
 14235	  127.33907	  85.34762	  201.25458	  201.69304
 14235	  127.33907	  85.34762	  201.25458	  201.69304
 14234	  126.7316	  84.44739	  200.00444	  200.44327
 14236	  126.7316	  84.70985	  199.98186	  200.4207
 14237	  126.68463	  84.39808	  199.90604	  200.34491
 14238	  126.13707	  83.82319	  198.75879	  199.198
 14239	  126.68463	  84.66054	  199.88345	  200.32233
 14239	  126.68463	  84.66054	  199.88345	  200.32233
 14238	  126.13707	  83.82319	  198.75879	  199.198
 14240	  126.13707	  84.08565	  198.73621	  199.17543
 14241	  172.72464	  111.45221	  185.69456	  186.13777
 14242	  169.75589	  111.76823	  186.32521	  186.76823
 14243	  172.72464	  111.29632	  185.70798	  186.15118
 14243	  172.72464	  111.29632	  185.70798	  186.15118
 14242	  169.75589	  111.76823	  186.32521	  186.76823
 14244	  169.75589	  111.61234	  186.33862	  186.78163
 14245	  172.76468	  111.33829	  185.79173	  186.23491
 14246	  174.65436	  111.13713	  185.3903	  185.8336
 14247	  172.72464	  111.29632	  185.70798	  186.15118
 14247	  172.72464	  111.29632	  185.70798	  186.15118
 14246	  174.65436	  111.13713	  185.3903	  185.8336
 14248	  174.6143	  111.09516	  185.30655	  185.74988
 14249	  172.91342	  110.65659	  186.17543	  186.61848
 14250	  174.8031	  110.45543	  185.774	  186.21719
 14251	  172.76468	  110.76828	  185.84077	  186.28394
 14251	  172.76468	  110.76828	  185.84077	  186.28394
 14250	  174.8031	  110.45543	  185.774	  186.21719
 14252	  174.65436	  110.56712	  185.43935	  185.88263
 14253	  174.65436	  110.56712	  185.43935	  185.88263
 14254	  177.62314	  110.2511	  184.8087	  185.25217
 14255	  174.65436	  111.13713	  185.3903	  185.8336
 14255	  174.65436	  111.13713	  185.3903	  185.8336
 14254	  177.62314	  110.2511	  184.8087	  185.25217
 14256	  177.62314	  110.82111	  184.75966	  185.20316
 14257	  126.09701	  83.78112	  198.67485	  199.11409
 14258	  126.25339	  83.76447	  198.64163	  199.08087
 14259	  126.09701	  84.04358	  198.65227	  199.09152
 14259	  126.09701	  84.04358	  198.65227	  199.09152
 14258	  126.25339	  83.76447	  198.64163	  199.08087
 14260	  126.25339	  84.02693	  198.61905	  199.0583
 14261	  129.01974	  83.46999	  198.05397	  198.49341
 14262	  130.85229	  83.27492	  197.66469	  198.10423
 14263	  129.01974	  83.73245	  198.0314	  198.47084
 14263	  129.01974	  83.73245	  198.0314	  198.47084
 14262	  130.85229	  83.27492	  197.66469	  198.10423
 14264	  130.85229	  83.53738	  197.64211	  198.08167
 14265	  169.75589	  111.76823	  186.32521	  186.76823
 14266	  167.86621	  111.96939	  186.72664	  187.16953
 14267	  169.75589	  111.61234	  186.33862	  186.78163
 14267	  169.75589	  111.61234	  186.33862	  186.78163
 14266	  167.86621	  111.96939	  186.72664	  187.16953
 14268	  167.86621	  111.8135	  186.74005	  187.18294
 14269	  169.79593	  111.65431	  186.42238	  186.86537
 14270	  172.76468	  111.33829	  185.79173	  186.23491
 14271	  169.75589	  111.61234	  186.33862	  186.78163
 14271	  169.75589	  111.61234	  186.33862	  186.78163
 14270	  172.76468	  111.33829	  185.79173	  186.23491
 14272	  172.72464	  111.29632	  185.70798	  186.15118
 14273	  169.94467	  110.97262	  186.80608	  187.24895
 14274	  172.91342	  110.65659	  186.17543	  186.61848
 14275	  169.79593	  111.0843	  186.47142	  186.91438
 14275	  169.79593	  111.0843	  186.47142	  186.91438
 14274	  172.91342	  110.65659	  186.17543	  186.61848
 14276	  172.76468	  110.76828	  185.84077	  186.28394
 14277	  172.76468	  110.76828	  185.84077	  186.28394
 14278	  174.65436	  110.56712	  185.43935	  185.88263
 14279	  172.76468	  111.33829	  185.79173	  186.23491
 14279	  172.76468	  111.33829	  185.79173	  186.23491
 14278	  174.65436	  110.56712	  185.43935	  185.88263
 14280	  174.65436	  111.13713	  185.3903	  185.8336
 14281	  131.0228	  83.25677	  197.62846	  198.06802
 14282	  132.63644	  83.085	  197.28569	  197.72534
 14283	  131.0228	  83.51923	  197.6059	  198.04546
 14283	  131.0228	  83.51923	  197.6059	  198.04546
 14282	  132.63644	  83.085	  197.28569	  197.72534
 14284	  132.63644	  83.34746	  197.26311	  197.70277
 14285	  132.63644	  83.085	  197.28569	  197.72534
 14286	  134.78566	  82.85621	  196.82913	  197.26892
 14287	  132.63644	  83.34746	  197.26311	  197.70277
 14286	  134.78566	  82.85621	  196.82913	  197.26892
 14288	  134.89877	  83.10663	  196.78252	  197.22234
 14287	  132.63644	  83.34746	  197.26311	  197.70277
 14289	  134.89877	  82.84417	  196.8051	  197.2449
 14288	  134.89877	  83.10663	  196.78252	  197.22234
 14286	  134.78566	  82.85621	  196.82913	  197.26892
 14290	  167.86621	  111.96939	  186.72664	  187.16953
 14291	  164.89745	  112.28542	  187.35728	  187.79999
 14292	  167.86621	  111.8135	  186.74005	  187.18294
 14292	  167.86621	  111.8135	  186.74005	  187.18294
 14291	  164.89745	  112.28542	  187.35728	  187.79999
 14293	  164.89745	  112.12953	  187.3707	  187.8134
 14294	  167.90627	  111.85547	  186.82381	  187.26666
 14295	  169.79593	  111.65431	  186.42238	  186.86537
 14296	  167.86621	  111.8135	  186.74005	  187.18294
 14296	  167.86621	  111.8135	  186.74005	  187.18294
 14295	  169.79593	  111.65431	  186.42238	  186.86537
 14297	  169.75589	  111.61234	  186.33862	  186.78163
 14298	  168.05499	  111.17377	  187.2075	  187.65024
 14299	  169.94467	  110.97262	  186.80608	  187.24895
 14300	  167.90627	  111.28546	  186.87283	  187.31569
 14300	  167.90627	  111.28546	  186.87283	  187.31569
 14299	  169.94467	  110.97262	  186.80608	  187.24895
 14301	  169.79593	  111.0843	  186.47142	  186.91438
 14302	  169.79593	  111.0843	  186.47142	  186.91438
 14303	  172.76468	  110.76828	  185.84077	  186.28394
 14304	  169.79593	  111.65431	  186.42238	  186.86537
 14304	  169.79593	  111.65431	  186.42238	  186.86537
 14303	  172.76468	  110.76828	  185.84077	  186.28394
 14305	  172.76468	  111.33829	  185.79173	  186.23491
 14306	  134.89877	  82.84417	  196.8051	  197.2449
 14307	  136.31277	  82.69365	  196.50473	  196.94463
 14308	  134.89877	  83.10663	  196.78252	  197.22234
 14308	  134.89877	  83.10663	  196.78252	  197.22234
 14307	  136.31277	  82.69365	  196.50473	  196.94463
 14309	  139.79758	  82.58514	  195.74187	  196.18201
 14307	  136.31277	  82.69365	  196.50473	  196.94463
 14310	  139.79758	  82.32269	  195.76445	  196.20457
 14309	  139.79758	  82.58514	  195.74187	  196.18201
 14311	  164.89745	  112.28542	  187.35728	  187.79999
 14312	  163.00778	  112.48658	  187.75871	  188.20129
 14313	  164.89745	  112.12953	  187.3707	  187.8134
 14313	  164.89745	  112.12953	  187.3707	  187.8134
 14312	  163.00778	  112.48658	  187.75871	  188.20129
 14314	  163.00778	  112.33069	  187.77213	  188.21469
 14315	  164.9375	  112.17149	  187.45445	  187.89713
 14316	  167.90627	  111.85547	  186.82381	  187.26666
 14317	  164.89745	  112.12953	  187.3707	  187.8134
 14317	  164.89745	  112.12953	  187.3707	  187.8134
 14316	  167.90627	  111.85547	  186.82381	  187.26666
 14318	  167.86621	  111.8135	  186.74005	  187.18294
 14319	  165.08624	  111.4898	  187.83815	  188.2807
 14320	  168.05499	  111.17377	  187.2075	  187.65024
 14321	  164.9375	  111.60149	  187.50349	  187.94615
 14321	  164.9375	  111.60149	  187.50349	  187.94615
 14320	  168.05499	  111.17377	  187.2075	  187.65024
 14322	  167.90627	  111.28546	  186.87283	  187.31569
 14323	  167.90627	  111.28546	  186.87283	  187.31569
 14324	  169.79593	  111.0843	  186.47142	  186.91438
 14325	  167.90627	  111.85547	  186.82381	  187.26666
 14325	  167.90627	  111.85547	  186.82381	  187.26666
 14324	  169.79593	  111.0843	  186.47142	  186.91438
 14326	  169.79593	  111.65431	  186.42238	  186.86537
 14327	  163.00778	  112.48658	  187.75871	  188.20129
 14328	  160.63129	  112.73956	  188.26355	  188.70596
 14329	  163.00778	  112.33069	  187.77213	  188.21469
 14329	  163.00778	  112.33069	  187.77213	  188.21469
 14328	  160.63129	  112.73956	  188.26355	  188.70596
 14330	  160.63129	  112.58366	  188.27696	  188.71938
 14331	  163.04782	  112.37265	  187.85588	  188.29842
 14332	  164.9375	  112.17149	  187.45445	  187.89713
 14333	  163.00778	  112.33069	  187.77213	  188.21469
 14333	  163.00778	  112.33069	  187.77213	  188.21469
 14332	  164.9375	  112.17149	  187.45445	  187.89713
 14334	  164.89745	  112.12953	  187.3707	  187.8134
 14335	  163.19656	  111.69096	  188.23958	  188.68199
 14336	  165.08624	  111.4898	  187.83815	  188.2807
 14337	  163.04782	  111.80264	  187.90491	  188.34744
 14337	  163.04782	  111.80264	  187.90491	  188.34744
 14336	  165.08624	  111.4898	  187.83815	  188.2807
 14338	  164.9375	  111.60149	  187.50349	  187.94615
 14339	  164.9375	  111.60149	  187.50349	  187.94615
 14340	  167.90627	  111.28546	  186.87283	  187.31569
 14341	  164.9375	  112.17149	  187.45445	  187.89713
 14341	  164.9375	  112.17149	  187.45445	  187.89713
 14340	  167.90627	  111.28546	  186.87283	  187.31569
 14342	  167.90627	  111.85547	  186.82381	  187.26666
 14343	  160.67133	  112.62563	  188.36072	  188.8031
 14344	  163.04782	  112.37265	  187.85588	  188.29842
 14345	  160.63129	  112.58366	  188.27696	  188.71938
 14345	  160.63129	  112.58366	  188.27696	  188.71938
 14344	  163.04782	  112.37265	  187.85588	  188.29842
 14346	  163.00778	  112.33069	  187.77213	  188.21469
 14347	  160.82007	  111.94394	  188.74442	  189.18668
 14348	  163.19656	  111.69096	  188.23958	  188.68199
 14349	  160.67133	  112.05563	  188.40976	  188.85213
 14349	  160.67133	  112.05563	  188.40976	  188.85213
 14348	  163.19656	  111.69096	  188.23958	  188.68199
 14350	  163.04782	  111.80264	  187.90491	  188.34744
 14351	  163.04782	  111.80264	  187.90491	  188.34744
 14352	  164.9375	  111.60149	  187.50349	  187.94615
 14353	  163.04782	  112.37265	  187.85588	  188.29842
 14353	  163.04782	  112.37265	  187.85588	  188.29842
 14352	  164.9375	  111.60149	  187.50349	  187.94615
 14354	  164.9375	  112.17149	  187.45445	  187.89713
 14355	  160.67133	  112.05563	  188.40976	  188.85213
 14356	  163.04782	  111.80264	  187.90491	  188.34744
 14357	  160.67133	  112.62563	  188.36072	  188.8031
 14357	  160.67133	  112.62563	  188.36072	  188.8031
 14356	  163.04782	  111.80264	  187.90491	  188.34744
 14358	  163.04782	  112.37265	  187.85588	  188.29842
 14359	  196.17448	  190.15042	  171.70041	  172.14789
 14360	  198.06415	  189.94926	  171.29898	  171.7466
 14361	  196.14578	  190.11888	  171.63747	  172.08496
 14361	  196.14578	  190.11888	  171.63747	  172.08496
 14360	  198.06415	  189.94926	  171.29898	  171.7466
 14362	  198.03546	  189.91772	  171.23605	  171.68367
 14363	  193.20572	  190.46645	  172.33107	  172.77835
 14364	  196.17448	  190.15042	  171.70041	  172.14789
 14365	  193.17703	  190.43491	  172.26813	  172.71542
 14365	  193.17703	  190.43491	  172.26813	  172.71542
 14364	  196.17448	  190.15042	  171.70041	  172.14789
 14366	  196.14578	  190.11888	  171.63747	  172.08496
 14367	  191.31607	  190.6676	  172.73248	  173.17964
 14368	  193.20572	  190.46645	  172.33107	  172.77835
 14369	  191.28735	  190.63606	  172.66954	  173.11673
 14369	  191.28735	  190.63606	  172.66954	  173.11673
 14368	  193.20572	  190.46645	  172.33107	  172.77835
 14370	  193.17703	  190.43491	  172.26813	  172.71542
 14371	  188.34729	  190.98363	  173.36313	  173.8101
 14372	  191.31607	  190.6676	  172.73248	  173.17964
 14373	  188.31859	  190.95209	  173.3002	  173.74718
 14373	  188.31859	  190.95209	  173.3002	  173.74718
 14372	  191.31607	  190.6676	  172.73248	  173.17964
 14374	  191.28735	  190.63606	  172.66954	  173.11673
 14375	  186.45763	  191.18478	  173.76456	  174.2114
 14376	  188.34729	  190.98363	  173.36313	  173.8101
 14377	  186.42892	  191.15324	  173.70161	  174.14848
 14377	  186.42892	  191.15324	  173.70161	  174.14848
 14376	  188.34729	  190.98363	  173.36313	  173.8101
 14378	  188.31859	  190.95209	  173.3002	  173.74718
 14379	  183.48886	  191.50081	  174.3952	  174.84186
 14380	  186.45763	  191.18478	  173.76456	  174.2114
 14381	  183.46016	  191.46927	  174.33226	  174.77895
 14381	  183.46016	  191.46927	  174.33226	  174.77895
 14380	  186.45763	  191.18478	  173.76456	  174.2114
 14382	  186.42892	  191.15324	  173.70161	  174.14848
 14383	  181.5992	  191.70197	  174.79663	  175.24316
 14384	  183.48886	  191.50081	  174.3952	  174.84186
 14385	  181.5705	  191.67043	  174.73369	  175.18024
 14385	  181.5705	  191.67043	  174.73369	  175.18024
 14384	  183.48886	  191.50081	  174.3952	  174.84186
 14386	  183.46016	  191.46927	  174.33226	  174.77895
 14387	  201.85435	  116.03999	  179.29936	  179.74452
 14388	  199.09525	  116.33369	  179.88548	  180.33046
 14389	  201.85435	  110.55483	  179.77124	  180.21626
 14389	  201.85435	  110.55483	  179.77124	  180.21626
 14388	  199.09525	  116.33369	  179.88548	  180.33046
 14390	  199.09525	  110.84854	  180.35736	  180.8022
 14391	  199.21512	  116.45955	  180.13664	  180.58154
 14392	  197.32545	  116.66071	  180.53806	  180.98285
 14393	  199.21512	  110.9744	  180.60852	  181.05328
 14393	  199.21512	  110.9744	  180.60852	  181.05328
 14392	  197.32545	  116.66071	  180.53806	  180.98285
 14394	  197.32544	  111.17555	  181.00995	  181.45457
 14395	  197.20557	  116.53485	  180.2869	  180.73175
 14396	  194.23682	  116.85088	  180.91756	  181.36221
 14397	  197.20557	  111.0497	  180.75879	  181.20349
 14397	  197.20557	  111.0497	  180.75879	  181.20349
 14396	  194.23682	  116.85088	  180.91756	  181.36221
 14398	  194.23682	  111.36572	  181.38943	  181.83395
 14399	  194.35669	  116.97674	  181.16872	  181.6133
 14400	  192.46704	  117.17789	  181.57013	  182.0146
 14401	  194.35669	  111.49158	  181.64059	  182.08504
 14401	  194.35669	  111.49158	  181.64059	  182.08504
 14400	  192.46704	  117.17789	  181.57013	  182.0146
 14402	  192.46704	  111.69273	  182.04201	  182.48633
 14403	  192.34715	  117.05203	  181.31897	  181.76352
 14404	  189.37839	  117.36806	  181.94962	  182.39397
 14405	  192.34715	  111.56688	  181.79085	  182.23524
 14405	  192.34715	  111.56688	  181.79085	  182.23524
 14404	  189.37839	  117.36806	  181.94962	  182.39397
 14406	  189.37839	  111.8829	  182.42151	  182.86571
 14407	  189.49826	  117.49392	  182.20079	  182.64505
 14408	  187.6086	  117.69508	  182.6022	  183.04636
 14409	  189.49826	  112.00877	  182.67267	  183.11679
 14409	  189.49826	  112.00877	  182.67267	  183.11679
 14408	  187.6086	  117.69508	  182.6022	  183.04636
 14410	  187.60858	  112.20992	  183.0741	  183.5181
 14411	  187.48871	  117.56921	  182.35104	  182.79527
 14412	  184.51996	  117.88524	  182.98169	  183.42574
 14413	  187.48871	  112.08406	  182.82292	  183.26701
 14413	  187.48871	  112.08406	  182.82292	  183.26701
 14412	  184.51996	  117.88524	  182.98169	  183.42574
 14414	  184.51996	  112.40009	  183.45358	  183.89746
 14415	  184.63983	  118.0111	  183.23285	  183.67682
 14416	  182.75017	  118.21226	  183.63428	  184.07811
 14417	  184.63983	  112.52595	  183.70474	  184.14856
 14417	  184.63983	  112.52595	  183.70474	  184.14856
 14416	  182.75017	  118.21226	  183.63428	  184.07811
 14418	  182.75015	  112.7271	  184.10616	  184.54985
 14419	  182.63028	  118.0864	  183.38312	  183.82703
 14420	  179.66153	  118.40243	  184.01376	  184.45749
 14421	  182.63028	  112.60124	  183.855	  184.29877
 14421	  182.63028	  112.60124	  183.855	  184.29877
 14420	  179.66153	  118.40243	  184.01376	  184.45749
 14422	  179.66153	  112.91727	  184.48564	  184.92923
 14423	  179.78142	  118.52829	  184.26492	  184.70857
 14424	  177.89175	  118.72945	  184.66635	  185.10986
 14425	  179.78142	  113.04314	  184.73682	  185.18031
 14425	  179.78142	  113.04314	  184.73682	  185.18031
 14424	  177.89175	  118.72945	  184.66635	  185.10986
 14426	  177.89175	  113.24429	  185.13823	  185.5816
 14427	  177.77187	  118.60358	  184.41519	  184.85878
 14428	  174.8031	  118.91961	  185.04584	  185.48924
 14429	  177.77187	  113.11843	  184.88707	  185.33052
 14429	  177.77187	  113.11843	  184.88707	  185.33052
 14428	  174.8031	  118.91961	  185.04584	  185.48924
 14430	  174.8031	  113.43446	  185.51773	  185.96098
 14431	  174.92297	  119.04547	  185.297	  185.74033
 14432	  173.03331	  119.24663	  185.69843	  186.14163
 14433	  174.92297	  113.56032	  185.76889	  186.21207
 14433	  174.92297	  113.56032	  185.76889	  186.21207
 14432	  173.03331	  119.24663	  185.69843	  186.14163
 14434	  173.03329	  113.76147	  186.1703	  186.61337
 14435	  172.91342	  119.12077	  185.44727	  185.89055
 14436	  169.94467	  119.4368	  186.07791	  186.521
 14437	  172.91342	  113.63561	  185.91914	  186.36227
 14437	  172.91342	  113.63561	  185.91914	  186.36227
 14436	  169.94467	  119.4368	  186.07791	  186.521
 14438	  169.94467	  113.95164	  186.54979	  186.99274
 14439	  170.06454	  119.56265	  186.32907	  186.77208
 14440	  168.17488	  119.76381	  186.7305	  187.17339
 14441	  170.06454	  114.0775	  186.80095	  187.24382
 14441	  170.06454	  114.0775	  186.80095	  187.24382
 14440	  168.17488	  119.76381	  186.7305	  187.17339
 14442	  168.17488	  114.27866	  187.20238	  187.64513
 14443	  168.05499	  119.63795	  186.47934	  186.9223
 14444	  165.08624	  119.95398	  187.10999	  187.55276
 14445	  168.05499	  114.1528	  186.95122	  187.39404
 14445	  168.05499	  114.1528	  186.95122	  187.39404
 14444	  165.08624	  119.95398	  187.10999	  187.55276
 14446	  165.08624	  114.46883	  187.58186	  188.02449
 14447	  165.20612	  120.07983	  187.36115	  187.80385
 14448	  163.31645	  120.28099	  187.76257	  188.20514
 14449	  165.20612	  114.59468	  187.83302	  188.27557
 14449	  165.20612	  114.59468	  187.83302	  188.27557
 14448	  163.31645	  120.28099	  187.76257	  188.20514
 14450	  163.31645	  114.79584	  188.23445	  188.67688
 14451	  163.19656	  120.15514	  187.51141	  187.95406
 14452	  160.82007	  120.40811	  188.01625	  188.45874
 14453	  163.19656	  114.66998	  187.98329	  188.4258
 14453	  163.19656	  114.66998	  187.98329	  188.4258
 14452	  160.82007	  120.40811	  188.01625	  188.45874
 14454	  160.82007	  114.92296	  188.48813	  188.93048
 14455	  199.09525	  122.29884	  179.3723	  179.81744
 14456	  201.85435	  122.00513	  178.78619	  179.23151
 14457	  199.09525	  127.78399	  178.90042	  179.3457
 14457	  199.09525	  127.78399	  178.90042	  179.3457
 14456	  201.85435	  122.00513	  178.78619	  179.23151
 14458	  201.85435	  127.49028	  178.3143	  178.75977
 14459	  197.32545	  122.62585	  180.02489	  180.46982
 14460	  199.21512	  122.4247	  179.62346	  180.06853
 14461	  197.32545	  128.11101	  179.55301	  179.99808
 14461	  197.32545	  128.11101	  179.55301	  179.99808
 14460	  199.21512	  122.4247	  179.62346	  180.06853
 14462	  199.21512	  127.90985	  179.15158	  179.59679
 14463	  194.23682	  122.81602	  180.40437	  180.8492
 14464	  197.20557	  122.49999	  179.77373	  180.21873
 14465	  194.23682	  128.30118	  179.9325	  180.37746
 14465	  194.23682	  128.30118	  179.9325	  180.37746
 14464	  197.20557	  122.49999	  179.77373	  180.21873
 14466	  197.20557	  127.98515	  179.30183	  179.74699
 14467	  192.46704	  123.14304	  181.05696	  181.50157
 14468	  194.35669	  122.94188	  180.65553	  181.10028
 14469	  192.46704	  128.62819	  180.58507	  181.02985
 14469	  192.46704	  128.62819	  180.58507	  181.02985
 14468	  194.35669	  122.94188	  180.65553	  181.10028
 14470	  194.35669	  128.42703	  180.18365	  180.62854
 14471	  189.37839	  123.33321	  181.43645	  181.88095
 14472	  192.34715	  123.01717	  180.80579	  181.25049
 14473	  189.37839	  128.81836	  180.96457	  181.40921
 14473	  189.37839	  128.81836	  180.96457	  181.40921
 14472	  192.34715	  123.01717	  180.80579	  181.25049
 14474	  192.34715	  128.50232	  180.33391	  180.77875
 14475	  187.6086	  123.66022	  182.08904	  182.53334
 14476	  189.49826	  123.45906	  181.68761	  182.13203
 14477	  187.6086	  129.14537	  181.61714	  182.0616
 14477	  187.6086	  129.14537	  181.61714	  182.0616
 14476	  189.49826	  123.45906	  181.68761	  182.13203
 14478	  189.49826	  128.94421	  181.21573	  181.66029
 14479	  184.51996	  123.85039	  182.46852	  182.9127
 14480	  187.48871	  123.53436	  181.83786	  182.28226
 14481	  184.51996	  129.33554	  181.99664	  182.44098
 14481	  184.51996	  129.33554	  181.99664	  182.44098
 14480	  187.48871	  123.53436	  181.83786	  182.28226
 14482	  187.48871	  129.01952	  181.36598	  181.81052
 14483	  182.75017	  124.1774	  183.12111	  183.56509
 14484	  184.63983	  123.97624	  182.71968	  183.16379
 14485	  182.75017	  129.66255	  182.64922	  183.09335
 14485	  182.75017	  129.66255	  182.64922	  183.09335
 14484	  184.63983	  123.97624	  182.71968	  183.16379
 14486	  184.63983	  129.4614	  182.2478	  182.69206
 14487	  179.66153	  124.36757	  183.5006	  183.94446
 14488	  182.63028	  124.05154	  182.86993	  183.31401
 14489	  179.66153	  129.85272	  183.0287	  183.47273
 14489	  179.66153	  129.85272	  183.0287	  183.47273
 14488	  182.63028	  124.05154	  182.86993	  183.31401
 14490	  182.63028	  129.5367	  182.39806	  182.84227
 14491	  177.89175	  124.69458	  184.15317	  184.59685
 14492	  179.78142	  124.49342	  183.75175	  184.19556
 14493	  177.89175	  130.17973	  183.68129	  184.12511
 14493	  177.89175	  130.17973	  183.68129	  184.12511
 14492	  179.78142	  124.49342	  183.75175	  184.19556
 14494	  179.78142	  129.97858	  183.27988	  183.72382
 14495	  174.8031	  124.88475	  184.53267	  184.97623
 14496	  177.77187	  124.56873	  183.90201	  184.34576
 14497	  174.8031	  130.3699	  184.06078	  184.50449
 14497	  174.8031	  130.3699	  184.06078	  184.50449
 14496	  177.77187	  124.56873	  183.90201	  184.34576
 14498	  177.77187	  130.05388	  183.43013	  183.87402
 14499	  173.03331	  125.21176	  185.18524	  185.6286
 14500	  174.92297	  125.0106	  184.78383	  185.22731
 14501	  173.03331	  130.69691	  184.71336	  185.15688
 14501	  173.03331	  130.69691	  184.71336	  185.15688
 14500	  174.92297	  125.0106	  184.78383	  185.22731
 14502	  174.92297	  130.49576	  184.31195	  184.75557
 14503	  169.94467	  125.40193	  185.56473	  186.00798
 14504	  172.91342	  125.08591	  184.93408	  185.37752
 14505	  169.94467	  130.88708	  185.09285	  185.53624
 14505	  169.94467	  130.88708	  185.09285	  185.53624
 14504	  172.91342	  125.08591	  184.93408	  185.37752
 14506	  172.91342	  130.57106	  184.4622	  184.90579
 14507	  168.1749	  125.72895	  186.21732	  186.66037
 14508	  170.06456	  125.52779	  185.8159	  186.25906
 14509	  168.1749	  131.21411	  185.74544	  186.18863
 14509	  168.1749	  131.21411	  185.74544	  186.18863
 14508	  170.06456	  125.52779	  185.8159	  186.25906
 14510	  170.06456	  131.01294	  185.34401	  185.78732
 14511	  165.08624	  125.91911	  186.5968	  187.03973
 14512	  168.05501	  125.60309	  185.96616	  186.40927
 14513	  165.08624	  131.40427	  186.12492	  186.56799
 14513	  165.08624	  131.40427	  186.12492	  186.56799
 14512	  168.05501	  125.60309	  185.96616	  186.40927
 14514	  168.05501	  131.08824	  185.49428	  185.93755
 14515	  163.31645	  126.24613	  187.24939	  187.69212
 14516	  165.20612	  126.04498	  186.84798	  187.29083
 14517	  163.31645	  131.73129	  186.77751	  187.22038
 14517	  163.31645	  131.73129	  186.77751	  187.22038
 14516	  165.20612	  126.04498	  186.84798	  187.29083
 14518	  165.20612	  131.53012	  186.37608	  186.81909
 14519	  160.82007	  126.37325	  187.50307	  187.94572
 14520	  163.19656	  126.12027	  186.99823	  187.44104
 14521	  160.82007	  131.8584	  187.03119	  187.47398
 14521	  160.82007	  131.8584	  187.03119	  187.47398
 14520	  163.19656	  126.12027	  186.99823	  187.44104
 14522	  163.19656	  131.60542	  186.52635	  186.9693
 14523	  199.09525	  133.74913	  178.38724	  178.83269
 14524	  201.85437	  133.45541	  177.80113	  178.24675
 14525	  199.09525	  139.23428	  177.91536	  178.36095
 14525	  199.09525	  139.23428	  177.91536	  178.36095
 14524	  201.85437	  133.45541	  177.80113	  178.24675
 14526	  201.85437	  138.94057	  177.32924	  177.77501
 14527	  197.32545	  134.07614	  179.03983	  179.48506
 14528	  199.21512	  133.87498	  178.63841	  179.08377
 14529	  197.32545	  139.56129	  178.56795	  179.01332
 14529	  197.32545	  139.56129	  178.56795	  179.01332
 14528	  199.21512	  133.87498	  178.63841	  179.08377
 14530	  199.21512	  139.36014	  178.16652	  178.61203
 14531	  194.23682	  134.26631	  179.41931	  179.86444
 14532	  197.20557	  133.95029	  178.78867	  179.23398
 14533	  194.23682	  139.75146	  178.94743	  179.3927
 14533	  194.23682	  139.75146	  178.94743	  179.3927
 14532	  197.20557	  133.95029	  178.78867	  179.23398
 14534	  197.20557	  139.43542	  178.31679	  178.76224
 14535	  192.46704	  134.59332	  180.0719	  180.51682
 14536	  194.35669	  134.39218	  179.67047	  180.11552
 14537	  192.46704	  140.07848	  179.60001	  180.04507
 14537	  192.46704	  140.07848	  179.60001	  180.04507
 14536	  194.35669	  134.39218	  179.67047	  180.11552
 14538	  194.35669	  139.87732	  179.19859	  179.64378
 14539	  189.37839	  134.78349	  180.45139	  180.89619
 14540	  192.34717	  134.46747	  179.82074	  180.26573
 14541	  189.37839	  140.26865	  179.97951	  180.42445
 14541	  189.37839	  140.26865	  179.97951	  180.42445
 14540	  192.34717	  134.46747	  179.82074	  180.26573
 14542	  192.34717	  139.95261	  179.34885	  179.79399
 14543	  187.6086	  135.1105	  181.10397	  181.54858
 14544	  189.49826	  134.90936	  180.70255	  181.14728
 14545	  187.6086	  140.59566	  180.6321	  181.07684
 14545	  187.6086	  140.59566	  180.6321	  181.07684
 14544	  189.49826	  134.90936	  180.70255	  181.14728
 14546	  189.49826	  140.3945	  180.23067	  180.67554
 14547	  184.51996	  135.30067	  181.48346	  181.92795
 14548	  187.48871	  134.98465	  180.85281	  181.2975
 14549	  184.51996	  140.78583	  181.01158	  181.45621
 14549	  184.51996	  140.78583	  181.01158	  181.45621
 14548	  187.48871	  134.98465	  180.85281	  181.2975
 14550	  187.48871	  140.4698	  180.38092	  180.82576
 14551	  182.75017	  135.62769	  182.13605	  182.58034
 14552	  184.63983	  135.42654	  181.73462	  182.17905
 14553	  182.75017	  141.11284	  181.66415	  182.1086
 14553	  182.75017	  141.11284	  181.66415	  182.1086
 14552	  184.63983	  135.42654	  181.73462	  182.17905
 14554	  184.63983	  140.91168	  181.26274	  181.70731
 14555	  179.66154	  135.81787	  182.51553	  182.9597
 14556	  182.63028	  135.50183	  181.88489	  182.32925
 14557	  179.66154	  141.30301	  182.04366	  182.48798
 14557	  179.66154	  141.30301	  182.04366	  182.48798
 14556	  182.63028	  135.50183	  181.88489	  182.32925
 14558	  182.63028	  140.98698	  181.41299	  181.85751
 14559	  177.89175	  136.14488	  183.16812	  183.61209
 14560	  179.78143	  135.94373	  182.76669	  183.21078
 14561	  177.89175	  141.63004	  182.69623	  183.14035
 14561	  177.89175	  141.63004	  182.69623	  183.14035
 14560	  179.78143	  135.94373	  182.76669	  183.21078
 14562	  179.78143	  141.42886	  182.29482	  182.73906
 14563	  174.8031	  136.33505	  183.54761	  183.99147
 14564	  177.77188	  136.01901	  182.91696	  183.36101
 14565	  174.8031	  141.82019	  183.07573	  183.51973
 14565	  174.8031	  141.82019	  183.07573	  183.51973
 14564	  177.77188	  136.01901	  182.91696	  183.36101
 14566	  177.77188	  141.50417	  182.44507	  182.88927
 14567	  173.03331	  136.66206	  184.2002	  184.64386
 14568	  174.92297	  136.46091	  183.79877	  184.24255
 14569	  173.03331	  142.14722	  183.7283	  184.17212
 14569	  173.03331	  142.14722	  183.7283	  184.17212
 14568	  174.92297	  136.46091	  183.79877	  184.24255
 14570	  174.92297	  141.94604	  183.32689	  183.77081
 14571	  169.94467	  136.85223	  184.57968	  185.02322
 14572	  172.91342	  136.53619	  183.94904	  184.39276
 14573	  169.94467	  142.33737	  184.10779	  184.55148
 14573	  169.94467	  142.33737	  184.10779	  184.55148
 14572	  172.91342	  136.53619	  183.94904	  184.39276
 14574	  172.91342	  142.02135	  183.47714	  183.92102
 14575	  168.1749	  137.17924	  185.23227	  185.67561
 14576	  170.06456	  136.97809	  184.83084	  185.27431
 14577	  168.1749	  142.6644	  184.76038	  185.20387
 14577	  168.1749	  142.6644	  184.76038	  185.20387
 14576	  170.06456	  136.97809	  184.83084	  185.27431
 14578	  170.06456	  142.46323	  184.35896	  184.80257
 14579	  165.08624	  137.36942	  185.61176	  186.05498
 14580	  168.05501	  137.05339	  184.98109	  185.42453
 14581	  165.08624	  142.85455	  185.13986	  185.58325
 14581	  165.08624	  142.85455	  185.13986	  185.58325
 14580	  168.05501	  137.05339	  184.98109	  185.42453
 14582	  168.05501	  142.53854	  184.50922	  184.95279
 14583	  163.31645	  137.69643	  186.26434	  186.70737
 14584	  165.20612	  137.49527	  185.86292	  186.30606
 14585	  163.31647	  143.18158	  185.79245	  186.23563
 14585	  163.31647	  143.18158	  185.79245	  186.23563
 14584	  165.20612	  137.49527	  185.86292	  186.30606
 14586	  165.20612	  142.98041	  185.39104	  185.83434
 14587	  160.82007	  137.82355	  186.51801	  186.96097
 14588	  163.19656	  137.57057	  186.01317	  186.45628
 14589	  160.82007	  143.3087	  186.04613	  186.48923
 14589	  160.82007	  143.3087	  186.04613	  186.48923
 14588	  163.19656	  137.57057	  186.01317	  186.45628
 14590	  163.19658	  143.05573	  185.54129	  185.98454
 14591	  199.09525	  145.1994	  177.40219	  177.84793
 14592	  201.85437	  144.9057	  176.81607	  177.26199
 14593	  199.09525	  150.68457	  176.9303	  177.37619
 14593	  199.09525	  150.68457	  176.9303	  177.37619
 14592	  201.85437	  144.9057	  176.81607	  177.26199
 14594	  201.85437	  150.39087	  176.34419	  176.79025
 14595	  197.32547	  145.52643	  178.05478	  178.50031
 14596	  199.21512	  145.32526	  177.65335	  178.09901
 14597	  197.32547	  151.0116	  177.58289	  178.02856
 14597	  197.32547	  151.0116	  177.58289	  178.02856
 14596	  199.21512	  145.32526	  177.65335	  178.09901
 14598	  199.21513	  150.81042	  177.18146	  177.62727
 14599	  194.23682	  145.71658	  178.43427	  178.87968
 14600	  197.20558	  145.40057	  177.8036	  178.24922
 14601	  194.23682	  151.20175	  177.96237	  178.40794
 14601	  194.23682	  151.20175	  177.96237	  178.40794
 14600	  197.20558	  145.40057	  177.8036	  178.24922
 14602	  197.20558	  150.88574	  177.33173	  177.77748
 14603	  192.46704	  146.04361	  179.08684	  179.53206
 14604	  194.35669	  145.84244	  178.68542	  179.13077
 14605	  192.46704	  151.52878	  178.61496	  179.06032
 14605	  192.46704	  151.52878	  178.61496	  179.06032
 14604	  194.35669	  145.84244	  178.68542	  179.13077
 14606	  194.3567	  151.32761	  178.21353	  178.65903
 14607	  189.37839	  146.23376	  179.46634	  179.91144
 14608	  192.34717	  145.91776	  178.83568	  179.28098
 14609	  189.37839	  151.71893	  178.99445	  179.4397
 14609	  189.37839	  151.71893	  178.99445	  179.4397
 14608	  192.34717	  145.91776	  178.83568	  179.28098
 14610	  192.34717	  151.40292	  178.3638	  178.80923
 14611	  187.60861	  146.56079	  180.11891	  180.56383
 14612	  189.49826	  146.35962	  179.7175	  180.16252
 14613	  187.60861	  152.04596	  179.64703	  180.09209
 14613	  187.60861	  152.04596	  179.64703	  180.09209
 14612	  189.49826	  146.35962	  179.7175	  180.16252
 14614	  189.49828	  151.84479	  179.24561	  179.69078
 14615	  184.51996	  146.75095	  180.49841	  180.94319
 14616	  187.48872	  146.43494	  179.86775	  180.31274
 14617	  184.51996	  152.23611	  180.02652	  180.47145
 14617	  184.51996	  152.23611	  180.02652	  180.47145
 14616	  187.48872	  146.43494	  179.86775	  180.31274
 14618	  187.48872	  151.9201	  179.39587	  179.841
 14619	  182.75018	  147.07797	  181.15099	  181.59558
 14620	  184.63985	  146.8768	  180.74957	  181.19427
 14621	  182.75018	  152.56314	  180.67911	  181.12384
 14621	  182.75018	  152.56314	  180.67911	  181.12384
 14620	  184.63985	  146.8768	  180.74957	  181.19427
 14622	  184.63985	  152.36197	  180.27768	  180.72253
 14623	  179.66154	  147.26813	  181.53047	  181.97495
 14624	  182.63029	  146.95212	  180.89983	  181.3445
 14625	  179.66154	  152.7533	  181.05859	  181.5032
 14625	  179.66154	  152.7533	  181.05859	  181.5032
 14624	  182.63029	  146.95212	  180.89983	  181.3445
 14626	  182.63029	  152.43729	  180.42795	  180.87276
 14627	  177.89175	  147.59515	  182.18306	  182.62733
 14628	  179.78143	  147.39398	  181.78163	  182.22604
 14629	  177.89175	  153.08032	  181.71118	  182.15559
 14629	  177.89175	  153.08032	  181.71118	  182.15559
 14628	  179.78143	  147.39398	  181.78163	  182.22604
 14630	  179.78143	  152.87915	  181.30975	  181.7543
 14631	  174.8031	  147.78532	  182.56255	  183.00671
 14632	  177.77188	  147.4693	  181.9319	  182.37625
 14633	  174.8031	  153.27049	  182.09067	  182.53497
 14633	  174.8031	  153.27049	  182.09067	  182.53497
 14632	  177.77188	  147.4693	  181.9319	  182.37625
 14634	  177.77188	  152.95447	  181.46001	  181.90451
 14635	  173.03333	  148.11234	  183.21513	  183.65909
 14636	  174.92299	  147.91118	  182.81371	  183.2578
 14637	  173.03333	  153.5975	  182.74326	  183.18735
 14637	  173.03333	  153.5975	  182.74326	  183.18735
 14636	  174.92299	  147.91118	  182.81371	  183.2578
 14638	  174.92299	  153.39635	  182.34183	  182.78606
 14639	  169.94467	  148.30251	  183.59462	  184.03847
 14640	  172.91344	  147.98648	  182.96397	  183.408
 14641	  169.94467	  153.78767	  183.12274	  183.56673
 14641	  169.94467	  153.78767	  183.12274	  183.56673
 14640	  172.91344	  147.98648	  182.96397	  183.408
 14642	  172.91344	  153.47165	  182.4921	  182.93626
 14643	  168.1749	  148.62952	  184.24721	  184.69086
 14644	  170.06456	  148.42836	  183.84578	  184.28955
 14645	  168.1749	  154.11469	  183.77531	  184.21912
 14645	  168.1749	  154.11469	  183.77531	  184.21912
 14644	  170.06456	  148.42836	  183.84578	  184.28955
 14646	  170.06456	  153.91353	  183.3739	  183.81781
 14647	  165.08624	  148.81969	  184.62669	  185.07022
 14648	  168.05501	  148.50366	  183.99605	  184.43976
 14649	  165.08624	  154.30486	  184.15482	  184.59848
 14649	  165.08624	  154.30486	  184.15482	  184.59848
 14648	  168.05501	  148.50366	  183.99605	  184.43976
 14650	  168.05502	  153.98883	  183.52415	  183.96803
 14651	  163.31647	  149.1467	  185.27928	  185.72261
 14652	  165.20613	  148.94554	  184.87785	  185.32132
 14653	  163.31647	  154.63187	  184.80739	  185.25087
 14653	  163.31647	  154.63187	  184.80739	  185.25087
 14652	  165.20613	  148.94554	  184.87785	  185.32132
 14654	  165.20613	  154.43071	  184.40598	  184.84958
 14655	  160.82007	  149.27383	  185.53296	  185.97621
 14656	  163.19658	  149.02084	  185.02812	  185.47153
 14657	  160.82007	  154.759	  185.06107	  185.50447
 14657	  160.82007	  154.759	  185.06107	  185.50447
 14656	  163.19658	  149.02084	  185.02812	  185.47153
 14658	  163.19658	  154.50601	  184.55623	  184.99979
 14659	  199.09525	  156.64972	  176.41713	  176.86316
 14660	  201.85437	  156.356	  175.83101	  176.27722
 14661	  199.09525	  162.13487	  175.94525	  176.39143
 14661	  199.09525	  162.13487	  175.94525	  176.39143
 14660	  201.85437	  156.356	  175.83101	  176.27722
 14662	  201.85437	  161.84116	  175.35913	  175.8055
 14663	  197.32547	  156.97673	  177.0697	  177.51555
 14664	  199.21513	  156.77557	  176.66829	  177.11426
 14665	  197.32547	  162.46188	  176.59782	  177.04381
 14665	  197.32547	  162.46188	  176.59782	  177.04381
 14664	  199.21513	  156.77557	  176.66829	  177.11426
 14666	  199.21513	  162.26073	  176.19641	  176.64252
 14667	  194.23682	  157.1669	  177.4492	  177.89493
 14668	  197.20558	  156.85088	  176.81854	  177.26447
 14669	  194.23682	  162.65205	  176.97733	  177.42319
 14669	  194.23682	  162.65205	  176.97733	  177.42319
 14668	  197.20558	  156.85088	  176.81854	  177.26447
 14670	  197.20558	  162.33603	  176.34666	  176.79272
 14671	  192.46704	  157.49391	  178.10178	  178.5473
 14672	  194.3567	  157.29276	  177.70036	  178.14601
 14673	  192.46704	  162.97906	  177.6299	  178.07556
 14673	  192.46704	  162.97906	  177.6299	  178.07556
 14672	  194.3567	  157.29276	  177.70036	  178.14601
 14674	  194.3567	  162.77791	  177.22849	  177.67427
 14675	  189.37839	  157.68408	  178.48128	  178.92668
 14676	  192.34717	  157.36806	  177.85062	  178.29622
 14677	  189.37839	  163.16924	  178.00938	  178.45494
 14677	  189.37839	  163.16924	  178.00938	  178.45494
 14676	  192.34717	  157.36806	  177.85062	  178.29622
 14678	  192.34717	  162.85321	  177.37874	  177.82448
 14679	  187.60861	  158.01109	  179.13385	  179.57907
 14680	  189.49828	  157.80994	  178.73244	  179.17776
 14681	  187.60861	  163.49625	  178.66197	  179.10733
 14681	  187.60861	  163.49625	  178.66197	  179.10733
 14680	  189.49828	  157.80994	  178.73244	  179.17776
 14682	  189.49828	  163.29509	  178.26056	  178.70602
 14683	  184.51996	  158.20126	  179.51335	  179.95844
 14684	  187.48872	  157.88524	  178.88269	  179.32797
 14685	  184.51996	  163.68642	  179.04146	  179.48669
 14685	  184.51996	  163.68642	  179.04146	  179.48669
 14684	  187.48872	  157.88524	  178.88269	  179.32797
 14686	  187.48872	  163.37039	  178.41081	  178.85625
 14687	  182.75018	  158.52827	  180.16592	  180.61082
 14688	  184.63985	  158.32712	  179.76451	  180.20952
 14689	  182.75018	  164.01343	  179.69405	  180.13908
 14689	  182.75018	  164.01343	  179.69405	  180.13908
 14688	  184.63985	  158.32712	  179.76451	  180.20952
 14690	  184.63985	  163.81227	  179.29263	  179.73779
 14691	  179.66154	  158.71844	  180.54541	  180.99019
 14692	  182.63029	  158.40242	  179.91476	  180.35974
