 2246	 -55.75116	  33.30952	  145.2347	  145.90039
 8544	 -71.65354	  69.28494	  153.38704	  154.00613
 8537	 -69.57035	  74.37196	  153.77469	  154.39159
 8545	 -71.48286	  69.34748	  152.47446	  153.09877
 8529	 -68.02037	  84.96532	  154.49098	  155.10378
 8530	 -68.50288	  84.14949	  152.82765	  153.44995
 8531	 -68.54631	  79.76993	  154.23958	  154.85381
 8531	 -68.54631	  79.76993	  154.23958	  154.85381
 8530	 -68.50288	  84.14949	  152.82765	  153.44995
 8532	 -69.1306	  78.5291	  152.2511	  152.87669
 8531	 -68.54631	  79.76993	  154.23958	  154.85381
 8532	 -69.1306	  78.5291	  152.2511	  152.87669
 8537	 -69.57035	  74.37196	  153.77469	  154.39159
 8537	 -69.57035	  74.37196	  153.77469	  154.39159
 8532	 -69.1306	  78.5291	  152.2511	  152.87669
 8536	 -70.02321	  73.52878	  151.74753	  152.37599
 8537	 -69.57035	  74.37196	  153.77469	  154.39159
 8536	 -70.02321	  73.52878	  151.74753	  152.37599
 8545	 -71.48286	  69.34748	  152.47446	  153.09877
 8536	 -70.02321	  73.52878	  151.74753	  152.37599
 8546	 -70.80531	  70.0397	  151.45551	  152.08565
 8545	 -71.48286	  69.34748	  152.47446	  153.09877
 8536	 -70.02321	  73.52878	  151.74753	  152.37599
 8547	 -70.97571	  71.72987	  149.80591	  150.44548
 8546	 -70.80531	  70.0397	  151.45551	  152.08565
 8535	 -70.16544	  75.09338	  150.07771	  150.71573
 8547	 -70.97571	  71.72987	  149.80591	  150.44548
 8536	 -70.02321	  73.52878	  151.74753	  152.37599
 8532	 -69.1306	  78.5291	  152.2511	  152.87669
 8535	 -70.16544	  75.09338	  150.07771	  150.71573
 8536	 -70.02321	  73.52878	  151.74753	  152.37599
 8534	 -69.56774	  79.81631	  150.57437	  151.20955
 8535	 -70.16544	  75.09338	  150.07771	  150.71573
 8532	 -69.1306	  78.5291	  152.2511	  152.87669
 8532	 -69.1306	  78.5291	  152.2511	  152.87669
 8533	 -69.14178	  85.09496	  151.12796	  151.75996
 8534	 -69.56774	  79.81631	  150.57437	  151.20955
 8530	 -68.50288	  84.14949	  152.82765	  153.44995
 8533	 -69.14178	  85.09496	  151.12796	  151.75996
 8532	 -69.1306	  78.5291	  152.2511	  152.87669
 2269	 -59.01888	  33.76707	  149.96663	  150.60529
 2270	 -58.54653	  34.59821	  149.47997	  150.1214
 2271	 -58.22509	  32.74268	  149.99251	  150.63101
 2271	 -58.22509	  32.74268	  149.99251	  150.63101
 2270	 -58.54653	  34.59821	  149.47997	  150.1214
 2272	 -57.86428	  33.4128	  149.44214	  150.08379
 2294	 -58.14799	  31.63124	  150.56673	  151.20193
 2295	 -58.21968	  31.64659	  150.26695	  150.90388
 2296	 -57.85209	  31.59936	  150.24345	  150.88051
 2297	 -58.14126	  31.16636	  150.09901	  150.73691
 2296	 -57.85209	  31.59936	  150.24345	  150.88051
 2295	 -58.21968	  31.64659	  150.26695	  150.90388
 2298	 -58.14799	  31.63124	  150.56673	  151.20193
 2299	 -57.85209	  31.59936	  150.24345	  150.88051
 2300	 -57.75932	  31.55267	  150.46848	  151.10426
 8523	 -70.51685	  85.06812	  155.47356	  156.08072
 8524	 -71.22556	  80.37743	  155.60622	  156.21263
 8525	 -72.81845	  86.06596	  156.31825	  156.92059
 8525	 -72.81845	  86.06596	  156.31825	  156.92059
 8524	 -71.22556	  80.37743	  155.60622	  156.21263
 8526	 -73.48598	  81.46541	  156.46887	  157.07036
 8526	 -73.48598	  81.46541	  156.46887	  157.07036
 8524	 -71.22556	  80.37743	  155.60622	  156.21263
 8540	 -74.76476	  77.47921	  156.16833	  156.77155
 8540	 -74.76476	  77.47921	  156.16833	  156.77155
 8524	 -71.22556	  80.37743	  155.60622	  156.21263
 8539	 -72.42361	  75.55133	  155.32195	  155.92999
 8540	 -74.76476	  77.47921	  156.16833	  156.77155
 8539	 -72.42361	  75.55133	  155.32195	  155.92999
 8541	 -75.91136	  72.98588	  156.06992	  156.67369
 8541	 -75.91136	  72.98588	  156.06992	  156.67369
 8539	 -72.42361	  75.55133	  155.32195	  155.92999
 8542	 -73.59055	  70.98087	  155.20523	  155.81393
 8539	 -72.42361	  75.55133	  155.32195	  155.92999
 8543	 -71.65354	  69.28494	  153.38704	  154.00613
 8542	 -73.59055	  70.98087	  155.20523	  155.81393
 8538	 -69.57035	  74.37196	  153.77469	  154.39159
 8543	 -71.65354	  69.28494	  153.38704	  154.00613
 8539	 -72.42361	  75.55133	  155.32195	  155.92999
 8524	 -71.22556	  80.37743	  155.60622	  156.21263
 8538	 -69.57035	  74.37196	  153.77469	  154.39159
 8539	 -72.42361	  75.55133	  155.32195	  155.92999
 8528	 -68.54631	  79.76993	  154.23958	  154.85381
 8538	 -69.57035	  74.37196	  153.77469	  154.39159
 8524	 -71.22556	  80.37743	  155.60622	  156.21263
 8523	 -70.51685	  85.06812	  155.47356	  156.08072
 8528	 -68.54631	  79.76993	  154.23958	  154.85381
 8524	 -71.22556	  80.37743	  155.60622	  156.21263
 8527	 -68.02037	  84.96532	  154.49098	  155.10378
 8528	 -68.54631	  79.76993	  154.23958	  154.85381
 8523	 -70.51685	  85.06812	  155.47356	  156.08072
 2304	 -59.8903	  36.36894	  149.64696	  150.28743
 2305	 -59.47171	  36.10703	  149.65063	  150.29108
 2306	 -59.69004	  36.12003	  149.84853	  150.48785
 8501	 -49.784	  53.73254	  151.1299	  151.7619
 8503	 -51.42242	  53.08343	  150.99281	  151.6256
 8508	 -50.86585	  55.60129	  151.29778	  151.92882
 8508	 -50.86585	  55.60129	  151.29778	  151.92882
 8503	 -51.42242	  53.08343	  150.99281	  151.6256
 8507	 -52.66061	  54.74669	  151.24326	  151.87462
 8508	 -50.86585	  55.60129	  151.29778	  151.92882
 8507	 -52.66061	  54.74669	  151.24326	  151.87462
 8515	 -53.74693	  56.60321	  151.37419	  152.00479
 8514	 -53.2727	  58.10336	  151.20923	  151.84077
 8508	 -50.86585	  55.60129	  151.29778	  151.92882
 8515	 -53.74693	  56.60321	  151.37419	  152.00479
 8516	 -55.00893	  55.16625	  151.09648	  151.72868
 8515	 -53.74693	  56.60321	  151.37419	  152.00479
 8506	 -53.90855	  53.454	  150.97072	  151.60364
 8506	 -53.90855	  53.454	  150.97072	  151.60364
 8515	 -53.74693	  56.60321	  151.37419	  152.00479
 8507	 -52.66061	  54.74669	  151.24326	  151.87462
 8506	 -53.90855	  53.454	  150.97072	  151.60364
 8507	 -52.66061	  54.74669	  151.24326	  151.87462
 8505	 -52.6997	  51.85282	  150.63116	  151.26602
 8505	 -52.6997	  51.85282	  150.63116	  151.26602
 8507	 -52.66061	  54.74669	  151.24326	  151.87462
 8503	 -51.42242	  53.08343	  150.99281	  151.6256
 8503	 -51.42242	  53.08343	  150.99281	  151.6256
 8504	 -51.39499	  50.54234	  150.26616	  150.90309
 8505	 -52.6997	  51.85282	  150.63116	  151.26602
 8502	 -50.23635	  51.67081	  150.64339	  151.27817
 8504	 -51.39499	  50.54234	  150.26616	  150.90309
 8503	 -51.42242	  53.08343	  150.99281	  151.6256
 8501	 -49.784	  53.73254	  151.1299	  151.7619
 8502	 -50.23635	  51.67081	  150.64339	  151.27817
 8503	 -51.42242	  53.08343	  150.99281	  151.6256
 8500	 -48.86052	  52.03992	  150.77844	  151.41245
 8502	 -50.23635	  51.67081	  150.64339	  151.27817
 8501	 -49.784	  53.73254	  151.1299	  151.7619
 8500	 -48.86052	  52.03992	  150.77844	  151.41245
 8501	 -49.784	  53.73254	  151.1299	  151.7619
 8497	 -48.11676	  54.19619	  150.21187	  150.84912
 8497	 -48.11676	  54.19619	  150.21187	  150.84912
 8501	 -49.784	  53.73254	  151.1299	  151.7619
 8499	 -48.94318	  55.68398	  150.6465	  151.28127
 8501	 -49.784	  53.73254	  151.1299	  151.7619
 8508	 -50.86585	  55.60129	  151.29778	  151.92882
 8499	 -48.94318	  55.68398	  150.6465	  151.28127
 8499	 -48.94318	  55.68398	  150.6465	  151.28127
 8508	 -50.86585	  55.60129	  151.29778	  151.92882
 8509	 -49.87996	  57.55227	  150.79926	  151.43315
 8496	 -46.95852	  55.71134	  149.70862	  150.34874
 8497	 -48.11676	  54.19619	  150.21187	  150.84912
 8498	 -47.73272	  57.27247	  150.13525	  150.77293
 8498	 -47.73272	  57.27247	  150.13525	  150.77293
 8497	 -48.11676	  54.19619	  150.21187	  150.84912
 8499	 -48.94318	  55.68398	  150.6465	  151.28127
 8498	 -47.73272	  57.27247	  150.13525	  150.77293
 8499	 -48.94318	  55.68398	  150.6465	  151.28127
 8510	 -48.59576	  58.96176	  150.17841	  150.81584
 8510	 -48.59576	  58.96176	  150.17841	  150.81584
 8499	 -48.94318	  55.68398	  150.6465	  151.28127
 8509	 -49.87996	  57.55227	  150.79926	  151.43315
 8510	 -48.59576	  58.96176	  150.17841	  150.81584
 8509	 -49.87996	  57.55227	  150.79926	  151.43315
 8511	 -49.41469	  61.40688	  150.37996	  151.01624
 8511	 -49.41469	  61.40688	  150.37996	  151.01624
 8509	 -49.87996	  57.55227	  150.79926	  151.43315
 8512	 -50.85726	  59.97402	  151.03551	  151.66805
 8509	 -49.87996	  57.55227	  150.79926	  151.43315
 8508	 -50.86585	  55.60129	  151.29778	  151.92882
 8512	 -50.85726	  59.97402	  151.03551	  151.66805
 8512	 -50.85726	  59.97402	  151.03551	  151.66805
 8508	 -50.86585	  55.60129	  151.29778	  151.92882
 8513	 -52.54462	  58.90971	  151.1669	  151.79869
 8513	 -52.54462	  58.90971	  151.1669	  151.79869
 8508	 -50.86585	  55.60129	  151.29778	  151.92882
 8514	 -53.2727	  58.10336	  151.20923	  151.84077
 8514	 -53.2727	  58.10336	  151.20923	  151.84077
 8517	 -53.69107	  59.48911	  151.38179	  152.01234
 8513	 -52.54462	  58.90971	  151.1669	  151.79869
 8513	 -52.54462	  58.90971	  151.1669	  151.79869
 8517	 -53.69107	  59.48911	  151.38179	  152.01234
 8518	 -53.19937	  60.22321	  151.2849	  151.91602
 8517	 -53.69107	  59.48911	  151.38179	  152.01234
 8522	 -53.65295	  60.6267	  151.42096	  152.0513
 8518	 -53.19937	  60.22321	  151.2849	  151.91602
 8521	 -54.14344	  59.75901	  151.53189	  152.16159
 8522	 -53.65295	  60.6267	  151.42096	  152.0513
 8517	 -53.69107	  59.48911	  151.38179	  152.01234
 8521	 -54.14344	  59.75901	  151.53189	  152.16159
 8520	 -55.05534	  61.81448	  151.55853	  152.18808
 8522	 -53.65295	  60.6267	  151.42096	  152.0513
 8519	 -55.09135	  61.5607	  151.60216	  152.23146
 8520	 -55.05534	  61.81448	  151.55853	  152.18808
 8521	 -54.14344	  59.75901	  151.53189	  152.16159
 8467	 -47.21478	  53.81113	  153.07425	  153.69514
 8468	 -47.6913	  55.26063	  153.96602	  154.58182
 8469	 -47.65971	  55.9669	  152.42165	  153.04626
 8469	 -47.65971	  55.9669	  152.42165	  153.04626
 8468	 -47.6913	  55.26063	  153.96602	  154.58182
 8470	 -48.17713	  57.39116	  153.31258	  153.9321
 8469	 -47.65971	  55.9669	  152.42165	  153.04626
 8470	 -48.17713	  57.39116	  153.31258	  153.9321
 8484	 -48.37426	  57.03723	  151.88699	  152.51466
 8484	 -48.37426	  57.03723	  151.88699	  152.51466
 8470	 -48.17713	  57.39116	  153.31258	  153.9321
 8483	 -48.97479	  58.95104	  152.54015	  153.16408
 8484	 -48.37426	  57.03723	  151.88699	  152.51466
 8483	 -48.97479	  58.95104	  152.54015	  153.16408
 8485	 -49.16862	  58.58485	  151.05051	  151.68297
 8485	 -49.16862	  58.58485	  151.05051	  151.68297
 8483	 -48.97479	  58.95104	  152.54015	  153.16408
 8486	 -49.82288	  60.38945	  151.69893	  152.32768
 8483	 -48.97479	  58.95104	  152.54015	  153.16408
 8487	 -51.37384	  61.61589	  152.48994	  153.11417
 8486	 -49.82288	  60.38945	  151.69893	  152.32768
 8482	 -50.11687	  60.71889	  153.70444	  154.32173
 8487	 -51.37384	  61.61589	  152.48994	  153.11417
 8483	 -48.97479	  58.95104	  152.54015	  153.16408
 8470	 -48.17713	  57.39116	  153.31258	  153.9321
 8482	 -50.11687	  60.71889	  153.70444	  154.32173
 8483	 -48.97479	  58.95104	  152.54015	  153.16408
 8472	 -48.96756	  58.49944	  154.49518	  155.10794
 8482	 -50.11687	  60.71889	  153.70444	  154.32173
 8470	 -48.17713	  57.39116	  153.31258	  153.9321
 8468	 -47.6913	  55.26063	  153.96602	  154.58182
 8472	 -48.96756	  58.49944	  154.49518	  155.10794
 8470	 -48.17713	  57.39116	  153.31258	  153.9321
 8471	 -48.17346	  56.30799	  155.03969	  155.64935
 8472	 -48.96756	  58.49944	  154.49518	  155.10794
 8468	 -47.6913	  55.26063	  153.96602	  154.58182
 2311	 -59.29807	  33.27526	  150.18469	  150.8221
 2312	 -59.12689	  33.83314	  150.34154	  150.97804
 2313	 -59.13474	  33.25825	  150.42239	  151.05844
 8370	 -51.68605	  78.49326	  152.79959	  153.42204
 8380	 -52.99109	  78.42585	  152.47818	  153.10248
 8379	 -53.00467	  77.52715	  151.85875	  152.48659
 8364	 -48.61958	  77.79803	  153.625	  154.24274
 8367	 -49.37039	  77.61301	  154.63727	  155.24924
 8366	 -50.16598	  78.26363	  153.18439	  153.80466
 8366	 -50.16598	  78.26363	  153.18439	  153.80466
 8367	 -49.37039	  77.61301	  154.63727	  155.24924
 8368	 -50.91861	  78.07973	  154.19682	  154.81131
 8368	 -50.91861	  78.07973	  154.19682	  154.81131
 8370	 -51.68605	  78.49326	  152.79959	  153.42204
 8366	 -50.16598	  78.26363	  153.18439	  153.80466
 8369	 -52.35589	  78.53073	  153.83589	  154.45242
 8370	 -51.68605	  78.49326	  152.79959	  153.42204
 8368	 -50.91861	  78.07973	  154.19682	  154.81131
 8369	 -52.35589	  78.53073	  153.83589	  154.45242
 8380	 -52.99109	  78.42585	  152.47818	  153.10248
 8370	 -51.68605	  78.49326	  152.79959	  153.42204
 8381	 -53.64178	  78.47604	  153.52527	  154.14359
 8380	 -52.99109	  78.42585	  152.47818	  153.10248
 8369	 -52.35589	  78.53073	  153.83589	  154.45242
 8363	 -47.63585	  77.74969	  152.89381	  153.51573
 8364	 -48.61958	  77.79803	  153.625	  154.24274
 8365	 -49.03023	  78.09583	  152.32253	  152.94771
 8365	 -49.03023	  78.09583	  152.32253	  152.94771
 8364	 -48.61958	  77.79803	  153.625	  154.24274
 8366	 -50.16598	  78.26363	  153.18439	  153.80466
 8365	 -49.03023	  78.09583	  152.32253	  152.94771
 8366	 -50.16598	  78.26363	  153.18439	  153.80466
 8371	 -50.54217	  78.09001	  151.85832	  152.48616
 8371	 -50.54217	  78.09001	  151.85832	  152.48616
 8366	 -50.16598	  78.26363	  153.18439	  153.80466
 8370	 -51.68605	  78.49326	  152.79959	  153.42204
 8371	 -50.54217	  78.09001	  151.85832	  152.48616
 8370	 -51.68605	  78.49326	  152.79959	  153.42204
 8378	 -52.68745	  77.13587	  151.37933	  152.00992
 8378	 -52.68745	  77.13587	  151.37933	  152.00992
 8370	 -51.68605	  78.49326	  152.79959	  153.42204
 8379	 -53.00467	  77.52715	  151.85875	  152.48659
 8379	 -53.00467	  77.52715	  151.85875	  152.48659
 8382	 -54.43707	  77.22897	  151.33131	  151.96216
 8378	 -52.68745	  77.13587	  151.37933	  152.00992
 8378	 -52.68745	  77.13587	  151.37933	  152.00992
 8382	 -54.43707	  77.22897	  151.33131	  151.96216
 8383	 -54.25462	  76.76273	  150.92744	  151.56061
 8382	 -54.43707	  77.22897	  151.33131	  151.96216
 8384	 -55.53394	  76.77271	  150.75089	  151.38506
 8383	 -54.25462	  76.76273	  150.92744	  151.56061
 8383	 -54.25462	  76.76273	  150.92744	  151.56061
 8384	 -55.53394	  76.77271	  150.75089	  151.38506
 8385	 -55.46378	  76.65565	  150.69075	  151.32526
 8298	 -50.19101	  87.35808	  152.58363	  153.20732
 8299	 -51.32767	  86.33318	  151.98528	  152.61238
 8294	 -49.23647	  84.72406	  152.30244	  152.92775
 8311	 -50.23027	  79.69945	  151.13737	  151.76933
 8312	 -52.35659	  80.50466	  150.54659	  151.18192
 8313	 -51.38789	  78.25068	  150.59969	  151.23473
 8310	 -51.24985	  81.97289	  151.08815	  151.7204
 8312	 -52.35659	  80.50466	  150.54659	  151.18192
 8311	 -50.23027	  79.69945	  151.13737	  151.76933
 8310	 -51.24985	  81.97289	  151.08815	  151.7204
 8314	 -53.6749	  82.37997	  151.0704	  151.70274
 8312	 -52.35659	  80.50466	  150.54659	  151.18192
 8309	 -52.40338	  84.97695	  151.51079	  152.14061
 8314	 -53.6749	  82.37997	  151.0704	  151.70274
 8310	 -51.24985	  81.97289	  151.08815	  151.7204
 8295	 -50.2536	  83.5901	  151.58665	  152.21603
 8309	 -52.40338	  84.97695	  151.51079	  152.14061
 8310	 -51.24985	  81.97289	  151.08815	  151.7204
 8299	 -51.32767	  86.33318	  151.98528	  152.61238
 8309	 -52.40338	  84.97695	  151.51079	  152.14061
 8295	 -50.2536	  83.5901	  151.58665	  152.21603
 8294	 -49.23647	  84.72406	  152.30244	  152.92775
 8299	 -51.32767	  86.33318	  151.98528	  152.61238
 8295	 -50.2536	  83.5901	  151.58665	  152.21603
 8294	 -49.23647	  84.72406	  152.30244	  152.92775
 8295	 -50.2536	  83.5901	  151.58665	  152.21603
 8296	 -48.20985	  82.40331	  152.21194	  152.83775
 8296	 -48.20985	  82.40331	  152.21194	  152.83775
 8295	 -50.2536	  83.5901	  151.58665	  152.21603
 8297	 -49.19539	  81.2355	  151.49504	  152.12495
 8295	 -50.2536	  83.5901	  151.58665	  152.21603
 8310	 -51.24985	  81.97289	  151.08815	  151.7204
 8297	 -49.19539	  81.2355	  151.49504	  152.12495
 8297	 -49.19539	  81.2355	  151.49504	  152.12495
 8310	 -51.24985	  81.97289	  151.08815	  151.7204
 8311	 -50.23027	  79.69945	  151.13737	  151.76933
 8236	 -55.61951	  69.25949	  152.13873	  152.76495
 8237	 -56.18555	  69.53496	  151.65901	  152.28799
 8238	 -56.32109	  68.89437	  152.20062	  152.82651
 8238	 -56.32109	  68.89437	  152.20062	  152.82651
 8237	 -56.18555	  69.53496	  151.65901	  152.28799
 8239	 -56.33879	  69.42992	  151.67311	  152.302
 8216	 -52.09948	  65.88393	  155.41788	  156.02536
 8217	 -50.5622	  66.4589	  155.05148	  155.66107
 8218	 -52.60947	  66.36904	  154.37532	  154.98877
 8218	 -52.60947	  66.36904	  154.37532	  154.98877
 8217	 -50.5622	  66.4589	  155.05148	  155.66107
 8219	 -51.05823	  66.93546	  154.00751	  154.62308
 8219	 -51.05823	  66.93546	  154.00751	  154.62308
 8221	 -53.13915	  67.01956	  153.42656	  154.04544
 8218	 -52.60947	  66.36904	  154.37532	  154.98877
 8220	 -51.46499	  67.42532	  153.06247	  153.68343
 8221	 -53.13915	  67.01956	  153.42656	  154.04544
 8219	 -51.05823	  66.93546	  154.00751	  154.62308
 8192	 -50.80941	  68.12225	  152.76442	  153.38708
 8202	 -52.10748	  69.36913	  152.6763	  153.29947
 8201	 -52.5624	  69.0098	  152.02484	  152.65172
 8186	 -47.99735	  64.36851	  152.97031	  153.59178
 8189	 -48.5649	  64.18645	  154.05237	  154.66766
 8188	 -49.37948	  66.3837	  152.85329	  153.47543
 8188	 -49.37948	  66.3837	  152.85329	  153.47543
 8189	 -48.5649	  64.18645	  154.05237	  154.66766
 8190	 -49.96027	  66.20972	  153.93663	  154.5526
 8190	 -49.96027	  66.20972	  153.93663	  154.5526
 8192	 -50.80941	  68.12225	  152.76442	  153.38708
 8188	 -49.37948	  66.3837	  152.85329	  153.47543
 8191	 -51.19247	  68.02436	  153.86639	  154.48276
 8192	 -50.80941	  68.12225	  152.76442	  153.38708
 8190	 -49.96027	  66.20972	  153.93663	  154.5526
 8191	 -51.19247	  68.02436	  153.86639	  154.48276
 8202	 -52.10748	  69.36913	  152.6763	  153.29947
 8192	 -50.80941	  68.12225	  152.76442	  153.38708
 8203	 -52.40494	  69.20626	  153.77592	  154.39281
 8202	 -52.10748	  69.36913	  152.6763	  153.29947
 8191	 -51.19247	  68.02436	  153.86639	  154.48276
 8185	 -47.25392	  63.85963	  152.07793	  152.70451
 8186	 -47.99735	  64.36851	  152.97031	  153.59178
 8187	 -48.55608	  65.79986	  151.81509	  152.44318
 8187	 -48.55608	  65.79986	  151.81509	  152.44318
 8186	 -47.99735	  64.36851	  152.97031	  153.59178
 8188	 -49.37948	  66.3837	  152.85329	  153.47543
 8187	 -48.55608	  65.79986	  151.81509	  152.44318
 8188	 -49.37948	  66.3837	  152.85329	  153.47543
 8193	 -50.08083	  67.43465	  151.64467	  152.27373
 8193	 -50.08083	  67.43465	  151.64467	  152.27373
 8188	 -49.37948	  66.3837	  152.85329	  153.47543
 8192	 -50.80941	  68.12225	  152.76442	  153.38708
 8193	 -50.08083	  67.43465	  151.64467	  152.27373
 8192	 -50.80941	  68.12225	  152.76442	  153.38708
 8200	 -52.48621	  68.72382	  151.48878	  152.11874
 8200	 -52.48621	  68.72382	  151.48878	  152.11874
 8192	 -50.80941	  68.12225	  152.76442	  153.38708
 8201	 -52.5624	  69.0098	  152.02484	  152.65172
 8201	 -52.5624	  69.0098	  152.02484	  152.65172
 8204	 -53.98533	  70.23352	  151.68126	  152.3101
 8200	 -52.48621	  68.72382	  151.48878	  152.11874
 8200	 -52.48621	  68.72382	  151.48878	  152.11874
 8204	 -53.98533	  70.23352	  151.68126	  152.3101
 8205	 -54.04255	  69.92886	  151.23087	  151.86227
 8204	 -53.98533	  70.23352	  151.68126	  152.3101
 8206	 -54.92536	  70.50181	  151.2614	  151.89265
 8205	 -54.04255	  69.92886	  151.23087	  151.86227
 8205	 -54.04255	  69.92886	  151.23087	  151.86227
 8206	 -54.92536	  70.50181	  151.2614	  151.89265
 8207	 -54.98748	  70.32769	  151.19476	  151.82639
 8183	 -47.25392	  63.85963	  152.07793	  152.70451
 8184	 -48.55608	  65.79986	  151.81509	  152.44318
 8179	 -48.35987	  61.97028	  151.51353	  152.14334
 8196	 -52.49623	  63.19007	  150.69264	  151.32715
 8197	 -53.18941	  66.71188	  150.66428	  151.29893
 8198	 -54.20912	  64.65338	  150.44704	  151.08295
 8195	 -51.52032	  65.2118	  150.91489	  151.54811
 8197	 -53.18941	  66.71188	  150.66428	  151.29893
 8196	 -52.49623	  63.19007	  150.69264	  151.32715
 8195	 -51.52032	  65.2118	  150.91489	  151.54811
 8199	 -52.48621	  68.72382	  151.48878	  152.11874
 8197	 -53.18941	  66.71188	  150.66428	  151.29893
 8194	 -50.08083	  67.43465	  151.64467	  152.27373
 8199	 -52.48621	  68.72382	  151.48878	  152.11874
 8195	 -51.52032	  65.2118	  150.91489	  151.54811
 8180	 -49.75523	  63.7363	  151.10793	  151.74005
 8194	 -50.08083	  67.43465	  151.64467	  152.27373
 8195	 -51.52032	  65.2118	  150.91489	  151.54811
 8184	 -48.55608	  65.79986	  151.81509	  152.44318
 8194	 -50.08083	  67.43465	  151.64467	  152.27373
 8180	 -49.75523	  63.7363	  151.10793	  151.74005
 8179	 -48.35987	  61.97028	  151.51353	  152.14334
 8184	 -48.55608	  65.79986	  151.81509	  152.44318
 8180	 -49.75523	  63.7363	  151.10793	  151.74005
 8179	 -48.35987	  61.97028	  151.51353	  152.14334
 8180	 -49.75523	  63.7363	  151.10793	  151.74005
 8181	 -49.22798	  59.98708	  151.12114	  151.75319
 8181	 -49.22798	  59.98708	  151.12114	  151.75319
 8180	 -49.75523	  63.7363	  151.10793	  151.74005
 8182	 -50.7583	  61.83317	  150.75763	  151.39175
 8180	 -49.75523	  63.7363	  151.10793	  151.74005
 8195	 -51.52032	  65.2118	  150.91489	  151.54811
 8182	 -50.7583	  61.83317	  150.75763	  151.39175
 8182	 -50.7583	  61.83317	  150.75763	  151.39175
 8195	 -51.52032	  65.2118	  150.91489	  151.54811
 8196	 -52.49623	  63.19007	  150.69264	  151.32715
 8159	 -50.59503	  67.30341	  151.60678	  152.23607
 8166	 -52.96887	  68.88448	  151.72853	  152.3571
 8167	 -52.01282	  65.77219	  152.65346	  153.27675
 8167	 -52.01282	  65.77219	  152.65346	  153.27675
 8166	 -52.96887	  68.88448	  151.72853	  152.3571
 8168	 -53.85716	  66.69022	  152.47635	  153.10066
 8149	 -48.89489	  66.18018	  151.83945	  152.46739
 8159	 -50.59503	  67.30341	  151.60678	  152.23607
 8160	 -50.15695	  64.74905	  152.78346	  153.40602
 8160	 -50.15695	  64.74905	  152.78346	  153.40602
 8159	 -50.59503	  67.30341	  151.60678	  152.23607
 8161	 -52.01282	  65.77219	  152.65346	  153.27675
 8160	 -50.15695	  64.74905	  152.78346	  153.40602
 8161	 -52.01282	  65.77219	  152.65346	  153.27675
 8162	 -50.91032	  63.75137	  153.73102	  154.34814
 8162	 -50.91032	  63.75137	  153.73102	  154.34814
 8161	 -52.01282	  65.77219	  152.65346	  153.27675
 8163	 -52.53958	  64.88836	  153.66151	  154.27904
 8161	 -52.01282	  65.77219	  152.65346	  153.27675
 8164	 -53.85716	  66.69022	  152.47635	  153.10066
 8163	 -52.53958	  64.88836	  153.66151	  154.27904
 8163	 -52.53958	  64.88836	  153.66151	  154.27904
 8164	 -53.85716	  66.69022	  152.47635	  153.10066
 8165	 -54.35129	  65.79818	  153.4799	  154.09846
 8148	 -47.26653	  65.27695	  152.2574	  152.88297
 8149	 -48.89489	  66.18018	  151.83945	  152.46739
 8144	 -48.3784	  64.22526	  153.14772	  153.76819
 8144	 -48.3784	  64.22526	  153.14772	  153.76819
 8149	 -48.89489	  66.18018	  151.83945	  152.46739
 8145	 -50.15695	  64.74905	  152.78346	  153.40602
 8144	 -48.3784	  64.22526	  153.14772	  153.76819
 8145	 -50.15695	  64.74905	  152.78346	  153.40602
 8146	 -49.15063	  63.23904	  154.09712	  154.71217
 8146	 -49.15063	  63.23904	  154.09712	  154.71217
 8145	 -50.15695	  64.74905	  152.78346	  153.40602
 8147	 -50.91032	  63.75137	  153.73102	  154.34814
 2333	 -84.30125	  63.82739	  159.60616	  160.18971
 2334	 -83.73818	  64.37034	  159.87752	  160.45952
 2335	 -84.29344	  64.11713	  159.64804	  160.23135
 8115	 -58.77353	  69.90177	  156.23973	  156.84253
 8116	 -58.49638	  69.98126	  155.38403	  155.99171
 8117	 -59.84286	  68.81299	  156.05838	  156.66222
 8117	 -59.84286	  68.81299	  156.05838	  156.66222
 8116	 -58.49638	  69.98126	  155.38403	  155.99171
 8118	 -59.62384	  68.92783	  155.2084	  155.81711
 8116	 -58.49638	  69.98126	  155.38403	  155.99171
 8131	 -58.49203	  70.38242	  154.52811	  155.14069
 8118	 -59.62384	  68.92783	  155.2084	  155.81711
 8118	 -59.62384	  68.92783	  155.2084	  155.81711
 8131	 -58.49203	  70.38242	  154.52811	  155.14069
 8132	 -59.69924	  69.4753	  154.44121	  155.05429
 8132	 -59.69924	  69.4753	  154.44121	  155.05429
 8131	 -58.49203	  70.38242	  154.52811	  155.14069
 8133	 -59.65306	  69.82693	  153.57755	  154.19556
 8133	 -59.65306	  69.82693	  153.57755	  154.19556
 8131	 -58.49203	  70.38242	  154.52811	  155.14069
 8134	 -58.4075	  70.71063	  153.66066	  154.2782
 8131	 -58.49203	  70.38242	  154.52811	  155.14069
 8135	 -57.45036	  72.64018	  153.83174	  154.4483
 8134	 -58.4075	  70.71063	  153.66066	  154.2782
 8130	 -57.12996	  71.95492	  154.93478	  155.54504
 8135	 -57.45036	  72.64018	  153.83174	  154.4483
 8131	 -58.49203	  70.38242	  154.52811	  155.14069
 8116	 -58.49638	  69.98126	  155.38403	  155.99171
 8130	 -57.12996	  71.95492	  154.93478	  155.54504
 8131	 -58.49203	  70.38242	  154.52811	  155.14069
 8120	 -57.26807	  71.42668	  155.76672	  156.37222
 8130	 -57.12996	  71.95492	  154.93478	  155.54504
 8116	 -58.49638	  69.98126	  155.38403	  155.99171
 8115	 -58.77353	  69.90177	  156.23973	  156.84253
 8120	 -57.26807	  71.42668	  155.76672	  156.37222
 8116	 -58.49638	  69.98126	  155.38403	  155.99171
 8119	 -57.61084	  71.01109	  156.59929	  157.20003
 8120	 -57.26807	  71.42668	  155.76672	  156.37222
 8115	 -58.77353	  69.90177	  156.23973	  156.84253
 2360	 -84.20291	  64.74631	  159.88637	  160.46832
 2361	 -84.22449	  64.7731	  159.84981	  160.43198
 2362	 -83.47385	  64.92606	  160.01102	  160.59225
 8088	 -55.90194	  72.47277	  156.18582	  156.78893
 8091	 -54.68594	  73.5659	  156.17395	  156.77713
 8090	 -55.94671	  72.54166	  155.31241	  155.9205
 8090	 -55.94671	  72.54166	  155.31241	  155.9205
 8091	 -54.68594	  73.5659	  156.17395	  156.77713
 8092	 -54.62083	  73.56775	  155.2897	  155.89793
 8087	 -57.01395	  71.66201	  156.46301	  157.06453
 8088	 -55.90194	  72.47277	  156.18582	  156.78893
 8089	 -57.24625	  71.65992	  155.60065	  156.20709
 8089	 -57.24625	  71.65992	  155.60065	  156.20709
 8088	 -55.90194	  72.47277	  156.18582	  156.78893
 8090	 -55.94671	  72.54166	  155.31241	  155.9205
 8089	 -57.24625	  71.65992	  155.60065	  156.20709
 8090	 -55.94671	  72.54166	  155.31241	  155.9205
 8095	 -57.37427	  71.9902	  154.75507	  155.36635
 8095	 -57.37427	  71.9902	  154.75507	  155.36635
 8090	 -55.94671	  72.54166	  155.31241	  155.9205
 8094	 -55.94244	  72.7592	  154.49072	  155.10352
 8092	 -54.62083	  73.56775	  155.2897	  155.89793
 8094	 -55.94244	  72.7592	  154.49072	  155.10352
 8090	 -55.94671	  72.54166	  155.31241	  155.9205
 8093	 -54.59832	  73.63785	  154.50024	  155.11298
 8094	 -55.94244	  72.7592	  154.49072	  155.10352
 8092	 -54.62083	  73.56775	  155.2897	  155.89793
 8093	 -54.59832	  73.63785	  154.50024	  155.11298
 8106	 -56.01418	  73.1458	  153.81294	  154.42961
 8094	 -55.94244	  72.7592	  154.49072	  155.10352
 8105	 -54.65322	  74.00455	  153.84012	  154.45663
 8106	 -56.01418	  73.1458	  153.81294	  154.42961
 8093	 -54.59832	  73.63785	  154.50024	  155.11298
 8024	 -55.20181	  83.21013	  156.58774	  157.18855
 8027	 -56.76082	  84.22791	  156.98465	  157.58319
 8026	 -56.07786	  82.30988	  155.59816	  156.20464
 8026	 -56.07786	  82.30988	  155.59816	  156.20464
 8027	 -56.76082	  84.22791	  156.98465	  157.58319
 8028	 -57.60516	  83.30825	  155.99196	  156.59618
 8023	 -53.63237	  82.45914	  156.57529	  157.17616
 8024	 -55.20181	  83.21013	  156.58774	  157.18855
 8025	 -54.32946	  81.36564	  155.56172	  156.1684
 8025	 -54.32946	  81.36564	  155.56172	  156.1684
 8024	 -55.20181	  83.21013	  156.58774	  157.18855
 8026	 -56.07786	  82.30988	  155.59816	  156.20464
 8025	 -54.32946	  81.36564	  155.56172	  156.1684
 8026	 -56.07786	  82.30988	  155.59816	  156.20464
 8031	 -55.27468	  80.08737	  154.68965	  155.3013
 8031	 -55.27468	  80.08737	  154.68965	  155.3013
 8026	 -56.07786	  82.30988	  155.59816	  156.20464
 8030	 -57.00029	  81.30644	  154.72922	  155.34064
 8028	 -57.60516	  83.30825	  155.99196	  156.59618
 8030	 -57.00029	  81.30644	  154.72922	  155.34064
 8026	 -56.07786	  82.30988	  155.59816	  156.20464
 8029	 -58.41953	  82.53964	  155.10617	  155.71545
 8030	 -57.00029	  81.30644	  154.72922	  155.34064
 8028	 -57.60516	  83.30825	  155.99196	  156.59618
 8029	 -58.41953	  82.53964	  155.10617	  155.71545
 8044	 -57.82325	  80.23376	  154.06308	  154.67831
 8030	 -57.00029	  81.30644	  154.72922	  155.34064
 8043	 -59.19734	  81.48383	  154.45663	  155.06963
 8044	 -57.82325	  80.23376	  154.06308	  154.67831
 8029	 -58.41953	  82.53964	  155.10617	  155.71545
 7915	 -56.26571	  70.39406	  151.42752	  152.05782
 7925	 -56.44762	  70.20327	  151.4478	  152.07799
 7926	 -56.18555	  69.53496	  151.65901	  152.28799
 7926	 -56.18555	  69.53496	  151.65901	  152.28799
 7925	 -56.44762	  70.20327	  151.4478	  152.07799
 7927	 -56.33879	  69.42992	  151.67311	  152.302
 7913	 -56.6554	  71.06861	  151.08365	  151.71591
 7914	 -56.81177	  70.77293	  151.13272	  151.76471
 7915	 -56.26571	  70.39406	  151.42752	  152.05782
 7915	 -56.26571	  70.39406	  151.42752	  152.05782
 7914	 -56.81177	  70.77293	  151.13272	  151.76471
 7916	 -56.44762	  70.20327	  151.4478	  152.07799
 7917	 -56.81177	  70.77293	  151.13272	  151.76471
 7918	 -56.85575	  71.00052	  151.24246	  151.87383
 7919	 -56.44762	  70.20327	  151.4478	  152.07799
 7919	 -56.44762	  70.20327	  151.4478	  152.07799
 7918	 -56.85575	  71.00052	  151.24246	  151.87383
 7920	 -56.50376	  70.39392	  151.52713	  152.15686
 7920	 -56.50376	  70.39392	  151.52713	  152.15686
 7928	 -56.34782	  69.57727	  151.7352	  152.36374
 7919	 -56.44762	  70.20327	  151.4478	  152.07799
 7919	 -56.44762	  70.20327	  151.4478	  152.07799
 7928	 -56.34782	  69.57727	  151.7352	  152.36374
 7929	 -56.33879	  69.42992	  151.67311	  152.302
 2400	 -85.81319	  68.83109	  159.04279	  159.62955
 2401	 -85.72596	  69.88814	  159.35144	  159.93645
 2402	 -85.92469	  68.93813	  159.07098	  159.65759
 7909	 -56.6554	  71.06861	  151.08365	  151.71591
 7910	 -56.26571	  70.39406	  151.42752	  152.05782
 7911	 -56.695	  71.29042	  151.194	  151.82562
 7911	 -56.695	  71.29042	  151.194	  151.82562
 7910	 -56.26571	  70.39406	  151.42752	  152.05782
 7912	 -56.32132	  70.58343	  151.5067	  152.13655
 7912	 -56.32132	  70.58343	  151.5067	  152.13655
 7910	 -56.26571	  70.39406	  151.42752	  152.05782
 7923	 -56.19521	  69.68205	  151.72049	  152.34911
 7923	 -56.19521	  69.68205	  151.72049	  152.34911
 7910	 -56.26571	  70.39406	  151.42752	  152.05782
 7924	 -56.18555	  69.53496	  151.65901	  152.28799
 7905	 -56.695	  71.29042	  151.194	  151.82562
 7906	 -56.32132	  70.58343	  151.5067	  152.13655
 7907	 -56.85575	  71.00052	  151.24246	  151.87383
 7907	 -56.85575	  71.00052	  151.24246	  151.87383
 7906	 -56.32132	  70.58343	  151.5067	  152.13655
 7908	 -56.50376	  70.39392	  151.52713	  152.15686
 7906	 -56.32132	  70.58343	  151.5067	  152.13655
 7921	 -56.19521	  69.68205	  151.72049	  152.34911
 7908	 -56.50376	  70.39392	  151.52713	  152.15686
 7908	 -56.50376	  70.39392	  151.52713	  152.15686
 7921	 -56.19521	  69.68205	  151.72049	  152.34911
 7922	 -56.34782	  69.57727	  151.7352	  152.36374
 2421	 -81.62962	  69.32736	  159.80318	  160.3856
 2422	 -79.40323	  72.86684	  160.87357	  161.44987
 2423	 -82.58548	  71.30888	  159.67593	  160.25909
 2424	 -79.78109	  76.45009	  161.20758	  161.78198
 2423	 -82.58548	  71.30888	  159.67593	  160.25909
 2422	 -79.40323	  72.86684	  160.87357	  161.44987
 2424	 -79.78109	  76.45009	  161.20758	  161.78198
 2422	 -79.40323	  72.86684	  160.87357	  161.44987
 2425	 -78.74696	  73.91402	  161.17639	  161.75098
 2473	 -84.17747	  54.11144	  160.41776	  160.99667
 2474	 -83.60727	  53.75048	  160.11969	  160.70032
 2475	 -84.17805	  54.00272	  160.43747	  161.01628
 7901	 -57.51408	  56.17828	  151.08688	  151.71912
 7902	 -57.65155	  56.3772	  151.04599	  151.67847
 7903	 -57.86774	  56.74431	  151.49274	  152.12267
 7903	 -57.86774	  56.74431	  151.49274	  152.12267
 7902	 -57.65155	  56.3772	  151.04599	  151.67847
 7904	 -57.84092	  56.88202	  151.45621	  152.08633
 7887	 -57.51408	  56.17828	  151.08688	  151.71912
 7898	 -57.86774	  56.74431	  151.49274	  152.12267
 7899	 -57.4507	  56.38295	  151.16432	  151.79613
 7899	 -57.4507	  56.38295	  151.16432	  151.79613
 7898	 -57.86774	  56.74431	  151.49274	  152.12267
 7900	 -57.75271	  56.74564	  151.51662	  152.14641
 7884	 -56.95897	  56.3499	  150.91487	  151.5481
 7885	 -57.11682	  56.12672	  150.88646	  151.51985
 7886	 -57.4507	  56.38295	  151.16432	  151.79613
 7886	 -57.4507	  56.38295	  151.16432	  151.79613
 7885	 -57.11682	  56.12672	  150.88646	  151.51985
 7887	 -57.51408	  56.17828	  151.08688	  151.71912
 7881	 -57.4507	  56.38295	  151.16432	  151.79613
 7895	 -57.75271	  56.74564	  151.51662	  152.14641
 7896	 -57.57949	  56.59375	  151.12294	  151.75497
 7896	 -57.57949	  56.59375	  151.12294	  151.75497
 7895	 -57.75271	  56.74564	  151.51662	  152.14641
 7897	 -57.72579	  56.88383	  151.48048	  152.11047
 7880	 -56.95897	  56.3499	  150.91487	  151.5481
 7881	 -57.4507	  56.38295	  151.16432	  151.79613
 7882	 -57.11602	  56.63306	  150.90166	  151.53496
 7882	 -57.11602	  56.63306	  150.90166	  151.53496
 7881	 -57.4507	  56.38295	  151.16432	  151.79613
 7883	 -57.57949	  56.59375	  151.12294	  151.75497
 7888	 -57.11682	  56.12672	  150.88646	  151.51985
 7889	 -57.27407	  56.40871	  150.87097	  151.50446
 7890	 -57.51408	  56.17828	  151.08688	  151.71912
 7890	 -57.51408	  56.17828	  151.08688	  151.71912
 7889	 -57.27407	  56.40871	  150.87097	  151.50446
 7891	 -57.65155	  56.3772	  151.04599	  151.67847
 7892	 -57.65155	  56.3772	  151.04599	  151.67847
 7877	 -57.57949	  56.59375	  151.12294	  151.75497
 7893	 -57.84092	  56.88202	  151.45621	  152.08633
 7893	 -57.84092	  56.88202	  151.45621	  152.08633
 7877	 -57.57949	  56.59375	  151.12294	  151.75497
 7894	 -57.72579	  56.88383	  151.48048	  152.11047
 7876	 -57.11602	  56.63306	  150.90166	  151.53496
 7877	 -57.57949	  56.59375	  151.12294	  151.75497
 7878	 -57.27407	  56.40871	  150.87097	  151.50446
 7878	 -57.27407	  56.40871	  150.87097	  151.50446
 7877	 -57.57949	  56.59375	  151.12294	  151.75497
 7879	 -57.65155	  56.3772	  151.04599	  151.67847
 7866	 -58.00359	  72.45164	  151.95319	  152.58047
 7867	 -57.93291	  72.81336	  151.93912	  152.5665
 7868	 -57.97453	  72.80476	  152.57253	  153.19627
 7868	 -57.97453	  72.80476	  152.57253	  153.19627
 7867	 -57.93291	  72.81336	  151.93912	  152.5665
 7869	 -57.88057	  73.13001	  152.54819	  153.17207
 7862	 -58.35411	  72.58781	  151.69453	  152.3233
 7863	 -58.00359	  72.45164	  151.95319	  152.58047
 7864	 -58.11855	  72.46706	  151.61928	  152.24847
 7864	 -58.11855	  72.46706	  151.61928	  152.24847
 7863	 -58.00359	  72.45164	  151.95319	  152.58047
 7865	 -57.78269	  72.38932	  151.90646	  152.53403
 7865	 -57.78269	  72.38932	  151.90646	  152.53403
 7863	 -58.00359	  72.45164	  151.95319	  152.58047
 7874	 -57.77843	  72.71454	  152.54012	  153.16406
 7874	 -57.77843	  72.71454	  152.54012	  153.16406
 7863	 -58.00359	  72.45164	  151.95319	  152.58047
 7875	 -57.97453	  72.80476	  152.57253	  153.19627
 7858	 -58.00792	  72.88729	  151.57031	  152.1998
 7859	 -58.11855	  72.46706	  151.61928	  152.24847
 7860	 -57.71138	  72.75029	  151.8934	  152.52104
 7860	 -57.71138	  72.75029	  151.8934	  152.52104
 7859	 -58.11855	  72.46706	  151.61928	  152.24847
 7861	 -57.78269	  72.38932	  151.90646	  152.53403
 7861	 -57.78269	  72.38932	  151.90646	  152.53403
 7872	 -57.77843	  72.71454	  152.54012	  153.16406
 7860	 -57.71138	  72.75029	  151.8934	  152.52104
 7860	 -57.71138	  72.75029	  151.8934	  152.52104
 7872	 -57.77843	  72.71454	  152.54012	  153.16406
 7873	 -57.68481	  73.03922	  152.51535	  153.13943
 2479	 -82.81923	  53.24824	  160.27512	  160.85486
 2480	 -83.47121	  53.64956	  160.39433	  160.97339
 2481	 -84.17805	  54.00272	  160.43747	  161.01628
 7854	 -58.24614	  73.0043	  151.64259	  152.27167
 7855	 -58.00792	  72.88729	  151.57031	  152.1998
 7856	 -57.93291	  72.81336	  151.93912	  152.5665
 7856	 -57.93291	  72.81336	  151.93912	  152.5665
 7855	 -58.00792	  72.88729	  151.57031	  152.1998
 7857	 -57.71138	  72.75029	  151.8934	  152.52104
 7857	 -57.71138	  72.75029	  151.8934	  152.52104
 7870	 -57.68481	  73.03922	  152.51535	  153.13943
 7856	 -57.93291	  72.81336	  151.93912	  152.5665
 7856	 -57.93291	  72.81336	  151.93912	  152.5665
 7870	 -57.68481	  73.03922	  152.51535	  153.13943
 7871	 -57.88057	  73.13001	  152.54819	  153.17207
 2484	 -81.73997	  51.82485	  159.87314	  160.45517
 2485	 -82.27799	  52.53317	  160.04321	  160.62428
 2486	 -82.94988	  52.88615	  159.70897	  160.29195
 7850	 -58.24614	  73.0043	  151.64259	  152.27167
 7851	 -57.93291	  72.81336	  151.93912	  152.5665
 7852	 -58.35411	  72.58781	  151.69453	  152.3233
 7852	 -58.35411	  72.58781	  151.69453	  152.3233
 7851	 -57.93291	  72.81336	  151.93912	  152.5665
 7853	 -58.00359	  72.45164	  151.95319	  152.58047
 7844	 -58.79597	  66.00899	  148.63245	  149.27872
 7845	 -58.68963	  65.88162	  148.73698	  149.38266
 7846	 -58.09982	  66.97324	  148.70755	  149.35339
 7846	 -58.09982	  66.97324	  148.70755	  149.35339
 7845	 -58.68963	  65.88162	  148.73698	  149.38266
 7847	 -58.05243	  66.87682	  148.77545	  149.42091
 7836	 -59.30354	  65.21293	  148.74925	  149.39487
 7837	 -59.35288	  65.4912	  148.85547	  149.50047
 7838	 -58.68963	  65.88162	  148.73698	  149.38266
 7838	 -58.68963	  65.88162	  148.73698	  149.38266
 7837	 -59.35288	  65.4912	  148.85547	  149.50047
 7839	 -58.73496	  66.11061	  148.80615	  149.45143
 7838	 -58.68963	  65.88162	  148.73698	  149.38266
 7839	 -58.73496	  66.11061	  148.80615	  149.45143
 7848	 -58.05243	  66.87682	  148.77545	  149.42091
 7848	 -58.05243	  66.87682	  148.77545	  149.42091
 7839	 -58.73496	  66.11061	  148.80615	  149.45143
 7849	 -58.11424	  66.97218	  148.81833	  149.46355
 7826	 -59.56489	  65.49608	  148.77254	  149.418
 7827	 -58.84264	  66.23761	  148.70206	  149.34793
 7828	 -59.35288	  65.4912	  148.85547	  149.50047
 7828	 -59.35288	  65.4912	  148.85547	  149.50047
 7827	 -58.84264	  66.23761	  148.70206	  149.34793
 7829	 -58.73496	  66.11061	  148.80615	  149.45143
 7827	 -58.84264	  66.23761	  148.70206	  149.34793
 7840	 -58.16161	  67.06868	  148.75046	  149.39606
 7829	 -58.73496	  66.11061	  148.80615	  149.45143
 7829	 -58.73496	  66.11061	  148.80615	  149.45143
 7840	 -58.16161	  67.06868	  148.75046	  149.39606
 7841	 -58.11424	  66.97218	  148.81833	  149.46355
 2524	 -80.97952	  44.67202	  157.32382	  157.92043
 2525	 -82.89443	  44.30307	  157.52583	  158.12128
 2526	 -82.45476	  43.0308	  157.31429	  157.91095
 2507	 -80.73694	  47.17103	  157.69276	  158.28726
 2525	 -82.89443	  44.30307	  157.52583	  158.12128
 2524	 -80.97952	  44.67202	  157.32382	  157.92043
 2508	 -83.34931	  45.43342	  157.76549	  158.35956
 2525	 -82.89443	  44.30307	  157.52583	  158.12128
 2507	 -80.73694	  47.17103	  157.69276	  158.28726
 2507	 -80.73694	  47.17103	  157.69276	  158.28726
 2504	 -83.04774	  49.0888	  158.44827	  159.03845
 2508	 -83.34931	  45.43342	  157.76549	  158.35956
 2508	 -83.34931	  45.43342	  157.76549	  158.35956
 2504	 -83.04774	  49.0888	  158.44827	  159.03845
 2506	 -83.83463	  46.27994	  158.06133	  158.65372
 2503	 -85.47749	  48.93086	  158.96373	  159.55096
 2506	 -83.83463	  46.27994	  158.06133	  158.65372
 2504	 -83.04774	  49.0888	  158.44827	  159.03845
 2503	 -85.47749	  48.93086	  158.96373	  159.55096
 2504	 -83.04774	  49.0888	  158.44827	  159.03845
 2505	 -84.05009	  50.80023	  158.97656	  159.56372
 2522	 -79.41443	  45.96429	  157.42534	  158.02136
 2507	 -80.73694	  47.17103	  157.69276	  158.28726
 2523	 -80.14845	  45.4387	  157.3165	  157.91315
 2524	 -80.97952	  44.67202	  157.32382	  157.92043
 2523	 -80.14845	  45.4387	  157.3165	  157.91315
 2507	 -80.73694	  47.17103	  157.69276	  158.28726
 7824	 -50.83843	  74.47384	  151.1433	  151.77521
 7823	 -52.14347	  74.96736	  151.85699	  152.48483
 7817	 -52.03781	  73.61575	  150.28584	  150.92267
 7817	 -52.03781	  73.61575	  150.28584	  150.92267
 7823	 -52.14347	  74.96736	  151.85699	  152.48483
 7818	 -53.34696	  73.76718	  150.98711	  151.61993
 7817	 -52.03781	  73.61575	  150.28584	  150.92267
 7818	 -53.34696	  73.76718	  150.98711	  151.61993
 7812	 -53.14312	  72.14986	  149.41035	  150.05219
 7812	 -53.14312	  72.14986	  149.41035	  150.05219
 7818	 -53.34696	  73.76718	  150.98711	  151.61993
 7811	 -54.49328	  72.17156	  150.17917	  150.8166
 7823	 -52.14347	  74.96736	  151.85699	  152.48483
 7821	 -53.24236	  73.28432	  152.34183	  152.9669
 7818	 -53.34696	  73.76718	  150.98711	  151.61993
 7818	 -53.34696	  73.76718	  150.98711	  151.61993
 7821	 -53.24236	  73.28432	  152.34183	  152.9669
 7819	 -54.61437	  71.91897	  151.57436	  152.20381
 7818	 -53.34696	  73.76718	  150.98711	  151.61993
 7819	 -54.61437	  71.91897	  151.57436	  152.20381
 7811	 -54.49328	  72.17156	  150.17917	  150.8166
 7811	 -54.49328	  72.17156	  150.17917	  150.8166
 7819	 -54.61437	  71.91897	  151.57436	  152.20381
 7809	 -55.81171	  70.43414	  150.86002	  151.49356
 7811	 -54.49328	  72.17156	  150.17917	  150.8166
 7809	 -55.81171	  70.43414	  150.86002	  151.49356
 7806	 -56.07987	  69.61331	  149.32716	  149.96947
 7813	 -54.36146	  70.75583	  148.52905	  149.17592
 7811	 -54.49328	  72.17156	  150.17917	  150.8166
 7806	 -56.07987	  69.61331	  149.32716	  149.96947
 7812	 -53.14312	  72.14986	  149.41035	  150.05219
 7811	 -54.49328	  72.17156	  150.17917	  150.8166
 7813	 -54.36146	  70.75583	  148.52905	  149.17592
 7815	 -52.59731	  70.94446	  147.96814	  148.61821
 7812	 -53.14312	  72.14986	  149.41035	  150.05219
 7813	 -54.36146	  70.75583	  148.52905	  149.17592
 7814	 -51.4619	  72.32282	  148.84894	  149.49397
 7812	 -53.14312	  72.14986	  149.41035	  150.05219
 7815	 -52.59731	  70.94446	  147.96814	  148.61821
 7814	 -51.4619	  72.32282	  148.84894	  149.49397
 7817	 -52.03781	  73.61575	  150.28584	  150.92267
 7812	 -53.14312	  72.14986	  149.41035	  150.05219
 7816	 -50.57212	  73.81726	  149.59006	  150.23087
 7817	 -52.03781	  73.61575	  150.28584	  150.92267
 7814	 -51.4619	  72.32282	  148.84894	  149.49397
 7816	 -50.57212	  73.81726	  149.59006	  150.23087
 7824	 -50.83843	  74.47384	  151.1433	  151.77521
 7817	 -52.03781	  73.61575	  150.28584	  150.92267
 7825	 -49.41651	  74.51859	  150.40402	  151.04016
 7824	 -50.83843	  74.47384	  151.1433	  151.77521
 7816	 -50.57212	  73.81726	  149.59006	  150.23087
 7803	 -58.05243	  66.87682	  148.77545	  149.42091
 7804	 -58.09982	  66.97324	  148.70755	  149.35339
 7799	 -57.45401	  68.39038	  149.09749	  149.7411
 7799	 -57.45401	  68.39038	  149.09749	  149.7411
 7804	 -58.09982	  66.97324	  148.70755	  149.35339
 7800	 -57.05864	  68.50969	  148.72116	  149.36693
 7799	 -57.45401	  68.39038	  149.09749	  149.7411
 7800	 -57.05864	  68.50969	  148.72116	  149.36693
 7801	 -57.04823	  68.99991	  149.21999	  149.8629
 7801	 -57.04823	  68.99991	  149.21999	  149.8629
 7800	 -57.05864	  68.50969	  148.72116	  149.36693
 7802	 -56.65556	  69.17127	  148.88353	  149.52837
 7806	 -56.07987	  69.61331	  149.32716	  149.96947
 7801	 -57.04823	  68.99991	  149.21999	  149.8629
 7802	 -56.65556	  69.17127	  148.88353	  149.52837
 7805	 -56.59487	  69.10623	  149.73189	  150.37187
 7801	 -57.04823	  68.99991	  149.21999	  149.8629
 7806	 -56.07987	  69.61331	  149.32716	  149.96947
 7806	 -56.07987	  69.61331	  149.32716	  149.96947
 7809	 -55.81171	  70.43414	  150.86002	  151.49356
 7805	 -56.59487	  69.10623	  149.73189	  150.37187
 7809	 -55.81171	  70.43414	  150.86002	  151.49356
 7810	 -56.74252	  69.0416	  150.26877	  150.90569
 7805	 -56.59487	  69.10623	  149.73189	  150.37187
 7809	 -55.81171	  70.43414	  150.86002	  151.49356
 7808	 -57.29004	  67.84758	  151.21103	  151.84256
 7810	 -56.74252	  69.0416	  150.26877	  150.90569
 7807	 -56.41573	  69.2817	  151.8073	  152.43542
 7808	 -57.29004	  67.84758	  151.21103	  151.84256
 7809	 -55.81171	  70.43414	  150.86002	  151.49356
 7819	 -54.61437	  71.91897	  151.57436	  152.20381
 7807	 -56.41573	  69.2817	  151.8073	  152.43542
 7809	 -55.81171	  70.43414	  150.86002	  151.49356
 7820	 -55.22632	  70.59203	  152.47612	  153.10042
 7807	 -56.41573	  69.2817	  151.8073	  152.43542
 7819	 -54.61437	  71.91897	  151.57436	  152.20381
 7819	 -54.61437	  71.91897	  151.57436	  152.20381
 7821	 -53.24236	  73.28432	  152.34183	  152.9669
 7820	 -55.22632	  70.59203	  152.47612	  153.10042
 7820	 -55.22632	  70.59203	  152.47612	  153.10042
 7821	 -53.24236	  73.28432	  152.34183	  152.9669
 7822	 -53.84044	  71.87774	  153.22371	  153.84375
 7798	 -52.85763	  69.55826	  153.20981	  153.82993
 7797	 -52.55121	  71.70227	  152.56271	  153.18652
 7788	 -53.48129	  68.16245	  152.31305	  152.93829
 7781	 -54.08189	  71.48499	  150.19463	  150.83197
 7782	 -56.117	  69.22539	  149.41652	  150.0583
 7783	 -54.39718	  68.49216	  150.83699	  151.47067
 7783	 -54.39718	  68.49216	  150.83699	  151.47067
 7782	 -56.117	  69.22539	  149.41652	  150.0583
 7784	 -55.6547	  66.83009	  150.05026	  150.68843
 7786	 -55.91252	  65.16411	  150.8792	  151.51263
 7783	 -54.39718	  68.49216	  150.83699	  151.47067
 7784	 -55.6547	  66.83009	  150.05026	  150.68843
 7785	 -54.65394	  66.77071	  151.66119	  152.29016
 7783	 -54.39718	  68.49216	  150.83699	  151.47067
 7786	 -55.91252	  65.16411	  150.8792	  151.51263
 7788	 -53.48129	  68.16245	  152.31305	  152.93829
 7783	 -54.39718	  68.49216	  150.83699	  151.47067
 7785	 -54.65394	  66.77071	  151.66119	  152.29016
 7787	 -53.2163	  70.16187	  151.62576	  152.25493
 7783	 -54.39718	  68.49216	  150.83699	  151.47067
 7788	 -53.48129	  68.16245	  152.31305	  152.93829
 7788	 -53.48129	  68.16245	  152.31305	  152.93829
 7797	 -52.55121	  71.70227	  152.56271	  153.18652
 7787	 -53.2163	  70.16187	  151.62576	  152.25493
 7797	 -52.55121	  71.70227	  152.56271	  153.18652
 7789	 -52.96043	  72.87426	  151.06216	  151.69455
 7787	 -53.2163	  70.16187	  151.62576	  152.25493
 7796	 -52.11903	  74.13637	  152.05499	  152.68172
 7789	 -52.96043	  72.87426	  151.06216	  151.69455
 7797	 -52.55121	  71.70227	  152.56271	  153.18652
 7789	 -52.96043	  72.87426	  151.06216	  151.69455
 7781	 -54.08189	  71.48499	  150.19463	  150.83197
 7787	 -53.2163	  70.16187	  151.62576	  152.25493
 7787	 -53.2163	  70.16187	  151.62576	  152.25493
 7781	 -54.08189	  71.48499	  150.19463	  150.83197
 7783	 -54.39718	  68.49216	  150.83699	  151.47067
 2511	 -79.72314	  48.79548	  158.54079	  159.13043
 2512	 -78.37694	  46.73105	  159.74629	  160.32904
 2513	 -78.70659	  48.21358	  160.21257	  160.79266
 7764	 -50.61224	  60.87873	  146.36674	  147.02597
 7765	 -48.66667	  62.29683	  145.73373	  146.39658
 7766	 -49.06658	  60.24609	  145.62358	  146.28705
 7747	 -56.58503	  65.43867	  148.20038	  148.84912
 7748	 -56.67756	  65.51294	  148.15709	  148.80608
 7743	 -55.20474	  65.29778	  147.85927	  148.50995
 7743	 -55.20474	  65.29778	  147.85927	  148.50995
 7748	 -56.67756	  65.51294	  148.15709	  148.80608
 7744	 -55.31061	  66.21106	  147.7009	  148.35249
 7743	 -55.20474	  65.29778	  147.85927	  148.50995
 7744	 -55.31061	  66.21106	  147.7009	  148.35249
 7745	 -54.84357	  65.54355	  147.60768	  148.25981
 7745	 -54.84357	  65.54355	  147.60768	  148.25981
 7744	 -55.31061	  66.21106	  147.7009	  148.35249
 7746	 -54.88486	  66.38665	  147.45828	  148.11127
 7750	 -53.85415	  66.08752	  147.16022	  147.81491
 7745	 -54.84357	  65.54355	  147.60768	  148.25981
 7746	 -54.88486	  66.38665	  147.45828	  148.11127
 7749	 -53.96058	  65.00046	  147.29062	  147.94456
 7745	 -54.84357	  65.54355	  147.60768	  148.25981
 7750	 -53.85415	  66.08752	  147.16022	  147.81491
 7750	 -53.85415	  66.08752	  147.16022	  147.81491
 7753	 -51.90796	  63.29384	  147.06412	  147.71936
 7749	 -53.96058	  65.00046	  147.29062	  147.94456
 7753	 -51.90796	  63.29384	  147.06412	  147.71936
 7754	 -53.4846	  63.64684	  147.49249	  148.14528
 7749	 -53.96058	  65.00046	  147.29062	  147.94456
 7753	 -51.90796	  63.29384	  147.06412	  147.71936
 7752	 -53.57272	  61.54198	  147.41736	  148.07057
 7754	 -53.4846	  63.64684	  147.49249	  148.14528
 7751	 -52.08386	  61.28091	  147.02007	  147.67557
 7752	 -53.57272	  61.54198	  147.41736	  148.07057
 7753	 -51.90796	  63.29384	  147.06412	  147.71936
 7751	 -52.08386	  61.28091	  147.02007	  147.67557
 7753	 -51.90796	  63.29384	  147.06412	  147.71936
 7764	 -50.61224	  60.87873	  146.36674	  147.02597
 7764	 -50.61224	  60.87873	  146.36674	  147.02597
 7753	 -51.90796	  63.29384	  147.06412	  147.71936
 7763	 -50.22794	  62.86173	  146.46797	  147.12662
 7763	 -50.22794	  62.86173	  146.46797	  147.12662
 7765	 -48.66667	  62.29683	  145.73373	  146.39658
 7764	 -50.61224	  60.87873	  146.36674	  147.02597
 7762	 -49.27982	  65.02201	  146.28688	  146.94656
 7765	 -48.66667	  62.29683	  145.73373	  146.39658
 7763	 -50.22794	  62.86173	  146.46797	  147.12662
 7767	 -47.85754	  64.31691	  145.6015	  146.26509
 7765	 -48.66667	  62.29683	  145.73373	  146.39658
 7762	 -49.27982	  65.02201	  146.28688	  146.94656
 7767	 -47.85754	  64.31691	  145.6015	  146.26509
 7762	 -49.27982	  65.02201	  146.28688	  146.94656
 7768	 -48.41033	  66.54471	  145.10146	  145.76791
 7768	 -48.41033	  66.54471	  145.10146	  145.76791
 7762	 -49.27982	  65.02201	  146.28688	  146.94656
 7761	 -49.674	  67.25886	  145.83604	  146.49829
 7768	 -48.41033	  66.54471	  145.10146	  145.76791
 7761	 -49.674	  67.25886	  145.83604	  146.49829
 7769	 -48.57144	  69.18369	  144.62868	  145.29782
 7769	 -48.57144	  69.18369	  144.62868	  145.29782
 7761	 -49.674	  67.25886	  145.83604	  146.49829
 7760	 -49.79565	  69.86942	  145.35574	  146.02075
 7760	 -49.79565	  69.86942	  145.35574	  146.02075
 7761	 -49.674	  67.25886	  145.83604	  146.49829
 7758	 -51.39962	  70.15785	  145.67732	  146.34048
 7758	 -51.39962	  70.15785	  145.67732	  146.34048
 7761	 -49.674	  67.25886	  145.83604	  146.49829
 7756	 -51.44968	  67.8159	  146.30904	  146.9686
 7758	 -51.39962	  70.15785	  145.67732	  146.34048
 7756	 -51.44968	  67.8159	  146.30904	  146.9686
 7759	 -53.08077	  70.7338	  146.18726	  146.8475
 7759	 -53.08077	  70.7338	  146.18726	  146.8475
 7756	 -51.44968	  67.8159	  146.30904	  146.9686
 7757	 -53.24247	  68.45206	  146.85439	  147.51082
 7756	 -51.44968	  67.8159	  146.30904	  146.9686
 7755	 -51.08525	  65.49553	  146.80663	  147.46333
 7757	 -53.24247	  68.45206	  146.85439	  147.51082
 7757	 -53.24247	  68.45206	  146.85439	  147.51082
 7755	 -51.08525	  65.49553	  146.80663	  147.46333
 7750	 -53.85415	  66.08752	  147.16022	  147.81491
 7755	 -51.08525	  65.49553	  146.80663	  147.46333
 7753	 -51.90796	  63.29384	  147.06412	  147.71936
 7750	 -53.85415	  66.08752	  147.16022	  147.81491
 7755	 -51.08525	  65.49553	  146.80663	  147.46333
 7763	 -50.22794	  62.86173	  146.46797	  147.12662
 7753	 -51.90796	  63.29384	  147.06412	  147.71936
 7762	 -49.27982	  65.02201	  146.28688	  146.94656
 7763	 -50.22794	  62.86173	  146.46797	  147.12662
 7755	 -51.08525	  65.49553	  146.80663	  147.46333
 7762	 -49.27982	  65.02201	  146.28688	  146.94656
 7755	 -51.08525	  65.49553	  146.80663	  147.46333
 7761	 -49.674	  67.25886	  145.83604	  146.49829
 7761	 -49.674	  67.25886	  145.83604	  146.49829
 7755	 -51.08525	  65.49553	  146.80663	  147.46333
 7756	 -51.44968	  67.8159	  146.30904	  146.9686
 7739	 -56.95728	  56.22216	  149.56946	  150.21039
 7740	 -56.3869	  55.61383	  149.37767	  150.01968
 7741	 -57.01361	  56.11152	  149.4695	  150.11099
 7741	 -57.01361	  56.11152	  149.4695	  150.11099
 7740	 -56.3869	  55.61383	  149.37767	  150.01968
 7742	 -56.42329	  55.45709	  149.30673	  149.94916
 7721	 -58.3065	  57.55469	  149.84726	  150.48659
 7722	 -57.61795	  56.83684	  149.71136	  150.35149
 7723	 -58.40074	  57.42261	  149.71417	  150.35426
 7723	 -58.40074	  57.42261	  149.71417	  150.35426
 7722	 -57.61795	  56.83684	  149.71136	  150.35149
 7724	 -57.69405	  56.77396	  149.595	  150.23578
 7722	 -57.61795	  56.83684	  149.71136	  150.35149
 7731	 -56.95728	  56.22216	  149.56946	  150.21039
 7724	 -57.69405	  56.77396	  149.595	  150.23578
 7724	 -57.69405	  56.77396	  149.595	  150.23578
 7731	 -56.95728	  56.22216	  149.56946	  150.21039
 7732	 -57.01361	  56.11152	  149.4695	  150.11099
 2514	 -77.85337	  44.44196	  159.1124	  159.69876
 2515	 -78.37694	  46.73105	  159.74629	  160.32904
 2516	 -78.23594	  45.17993	  158.68024	  159.26909
 2517	 -78.60555	  45.76666	  158.23813	  158.82951
 2516	 -78.23594	  45.17993	  158.68024	  159.26909
 2515	 -78.37694	  46.73105	  159.74629	  160.32904
 2629	 -82.6599	  49.38088	  162.21782	  162.78645
 2630	 -82.87268	  51.61658	  161.84721	  162.41797
 2631	 -82.55298	  48.33738	  162.45047	  163.01776
 7717	 -58.35546	  57.81601	  149.65236	  150.2928
 7718	 -58.40074	  57.42261	  149.71417	  150.35426
 7719	 -57.60013	  57.08714	  149.55348	  150.19449
 7719	 -57.60013	  57.08714	  149.55348	  150.19449
 7718	 -58.40074	  57.42261	  149.71417	  150.35426
 7720	 -57.69405	  56.77396	  149.595	  150.23578
 7720	 -57.69405	  56.77396	  149.595	  150.23578
 7729	 -57.01361	  56.11152	  149.4695	  150.11099
 7719	 -57.60013	  57.08714	  149.55348	  150.19449
 7719	 -57.60013	  57.08714	  149.55348	  150.19449
 7729	 -57.01361	  56.11152	  149.4695	  150.11099
 7730	 -56.91493	  56.3688	  149.4171	  150.05888
 7729	 -57.01361	  56.11152	  149.4695	  150.11099
 7737	 -56.42329	  55.45709	  149.30673	  149.94916
 7730	 -56.91493	  56.3688	  149.4171	  150.05888
 7730	 -56.91493	  56.3688	  149.4171	  150.05888
 7737	 -56.42329	  55.45709	  149.30673	  149.94916
 7738	 -56.31709	  55.62927	  149.25421	  149.89694
 2633	 -80.67971	  53.68932	  160.15732	  160.73773
 2634	 -79.09267	  52.43344	  160.47958	  161.05815
 2635	 -80.95136	  53.33012	  160.67737	  161.25481
 2635	 -80.95136	  53.33012	  160.67737	  161.25481
 2634	 -79.09267	  52.43344	  160.47958	  161.05815
 2636	 -81.26047	  52.7958	  161.17348	  161.74808
 2636	 -81.26047	  52.7958	  161.17348	  161.74808
 2634	 -79.09267	  52.43344	  160.47958	  161.05815
 2638	 -77.95724	  50.87308	  161.59677	  162.16895
 2637	 -77.60785	  51.46312	  160.79596	  161.37271
 2638	 -77.95724	  50.87308	  161.59677	  162.16895
 2634	 -79.09267	  52.43344	  160.47958	  161.05815
 2637	 -77.60785	  51.46312	  160.79596	  161.37271
 2650	 -76.90514	  50.68468	  160.89767	  161.47385
 2638	 -77.95724	  50.87308	  161.59677	  162.16895
 2638	 -77.95724	  50.87308	  161.59677	  162.16895
 2650	 -76.90514	  50.68468	  160.89767	  161.47385
 2651	 -76.44201	  49.49684	  161.50421	  162.07692
 2653	 -76.21533	  49.77505	  160.97624	  161.55197
 2651	 -76.44201	  49.49684	  161.50421	  162.07692
 2650	 -76.90514	  50.68468	  160.89767	  161.47385
 2638	 -77.95724	  50.87308	  161.59677	  162.16895
 2651	 -76.44201	  49.49684	  161.50421	  162.07692
 2652	 -76.65983	  49.04925	  162.03131	  162.601
 7713	 -58.35546	  57.81601	  149.65236	  150.2928
 7714	 -57.60013	  57.08714	  149.55348	  150.19449
 7715	 -58.26157	  57.94591	  149.78534	  150.42503
 7715	 -58.26157	  57.94591	  149.78534	  150.42503
 7714	 -57.60013	  57.08714	  149.55348	  150.19449
 7716	 -57.52359	  57.14835	  149.67004	  150.31038
 7716	 -57.52359	  57.14835	  149.67004	  150.31038
 7714	 -57.60013	  57.08714	  149.55348	  150.19449
 7727	 -56.85778	  56.47783	  149.51674	  150.15796
 7727	 -56.85778	  56.47783	  149.51674	  150.15796
 7714	 -57.60013	  57.08714	  149.55348	  150.19449
 7728	 -56.91493	  56.3688	  149.4171	  150.05888
 7727	 -56.85778	  56.47783	  149.51674	  150.15796
 7728	 -56.91493	  56.3688	  149.4171	  150.05888
 7735	 -56.28061	  55.78595	  149.32498	  149.9673
 7735	 -56.28061	  55.78595	  149.32498	  149.9673
 7728	 -56.91493	  56.3688	  149.4171	  150.05888
 7736	 -56.31709	  55.62927	  149.25421	  149.89694
 7709	 -58.26157	  57.94591	  149.78534	  150.42503
 7710	 -57.52359	  57.14835	  149.67004	  150.31038
 7711	 -58.3065	  57.55469	  149.84726	  150.48659
 7711	 -58.3065	  57.55469	  149.84726	  150.48659
 7710	 -57.52359	  57.14835	  149.67004	  150.31038
 7712	 -57.61795	  56.83684	  149.71136	  150.35149
 7712	 -57.61795	  56.83684	  149.71136	  150.35149
 7710	 -57.52359	  57.14835	  149.67004	  150.31038
 7725	 -56.95728	  56.22216	  149.56946	  150.21039
 7725	 -56.95728	  56.22216	  149.56946	  150.21039
 7710	 -57.52359	  57.14835	  149.67004	  150.31038
 7726	 -56.85778	  56.47783	  149.51674	  150.15796
 7725	 -56.95728	  56.22216	  149.56946	  150.21039
 7726	 -56.85778	  56.47783	  149.51674	  150.15796
 7733	 -56.3869	  55.61383	  149.37767	  150.01968
 7733	 -56.3869	  55.61383	  149.37767	  150.01968
 7726	 -56.85778	  56.47783	  149.51674	  150.15796
 7734	 -56.28061	  55.78595	  149.32498	  149.9673
 7644	 -52.43122	  51.64712	  153.94487	  154.56078
 7645	 -53.39371	  53.92627	  154.51157	  155.12425
 7646	 -52.50777	  53.29882	  153.04347	  153.66454
 7646	 -52.50777	  53.29882	  153.04347	  153.66454
 7645	 -53.39371	  53.92627	  154.51157	  155.12425
 7647	 -53.45154	  55.55471	  153.60716	  154.22501
 7618	 -56.61703	  61.42028	  150.63051	  151.26537
 7619	 -56.30989	  61.01001	  151.17628	  151.80801
 7620	 -56.65234	  61.59739	  150.64012	  151.27492
 2657	 -82.84806	  51.27161	  162.12935	  162.69849
 2658	 -82.47365	  50.81694	  162.19556	  162.76431
 2659	 -83.15921	  51.54221	  162.05687	  162.62642
 7615	 -55.54677	  63.35384	  151.67043	  152.29933
 7608	 -55.41908	  63.5409	  151.75304	  152.38147
 7616	 -54.93586	  62.17216	  151.57877	  152.20821
 7616	 -54.93586	  62.17216	  151.57877	  152.20821
 7608	 -55.41908	  63.5409	  151.75304	  152.38147
 7617	 -54.77556	  62.2283	  151.62427	  152.25345
 7598	 -56.34643	  63.96575	  151.78876	  152.41699
 7606	 -56.24514	  64.16138	  151.89999	  152.52759
 7607	 -55.54677	  63.35384	  151.67043	  152.29933
 7607	 -55.54677	  63.35384	  151.67043	  152.29933
 7606	 -56.24514	  64.16138	  151.89999	  152.52759
 7608	 -55.41908	  63.5409	  151.75304	  152.38147
 7586	 -58.05656	  65.03345	  151.41019	  152.04059
 7587	 -58.07233	  65.38684	  151.5435	  152.17314
 7588	 -57.32958	  64.71626	  151.65375	  152.28275
 7588	 -57.32958	  64.71626	  151.65375	  152.28275
 7587	 -58.07233	  65.38684	  151.5435	  152.17314
 7589	 -57.33007	  64.95786	  151.77112	  152.39946
 7588	 -57.32958	  64.71626	  151.65375	  152.28275
 7589	 -57.33007	  64.95786	  151.77112	  152.39946
 7598	 -56.34643	  63.96575	  151.78876	  152.41699
 7598	 -56.34643	  63.96575	  151.78876	  152.41699
 7589	 -57.33007	  64.95786	  151.77112	  152.39946
 7599	 -56.24514	  64.16138	  151.89999	  152.52759
 7594	 -57.206	  65.06841	  151.5825	  152.21191
 7595	 -57.32958	  64.71626	  151.65375	  152.28275
 7596	 -56.27503	  64.30067	  151.70918	  152.33788
 7596	 -56.27503	  64.30067	  151.70918	  152.33788
 7595	 -57.32958	  64.71626	  151.65375	  152.28275
 7597	 -56.34643	  63.96575	  151.78876	  152.41699
 7596	 -56.27503	  64.30067	  151.70918	  152.33788
 7597	 -56.34643	  63.96575	  151.78876	  152.41699
 7604	 -55.53802	  63.65008	  151.59241	  152.22177
 7604	 -55.53802	  63.65008	  151.59241	  152.22177
 7597	 -56.34643	  63.96575	  151.78876	  152.41699
 7605	 -55.54677	  63.35384	  151.67043	  152.29933
 7604	 -55.53802	  63.65008	  151.59241	  152.22177
 7605	 -55.54677	  63.35384	  151.67043	  152.29933
 7613	 -54.90544	  62.40388	  151.53598	  152.16566
 7613	 -54.90544	  62.40388	  151.53598	  152.16566
 7605	 -55.54677	  63.35384	  151.67043	  152.29933
 7614	 -54.93586	  62.17216	  151.57877	  152.20821
 7576	 -57.98384	  65.80082	  151.43272	  152.06299
 7577	 -57.20554	  65.30853	  151.69934	  152.32808
 7578	 -58.07233	  65.38684	  151.5435	  152.17314
 7578	 -58.07233	  65.38684	  151.5435	  152.17314
 7577	 -57.20554	  65.30853	  151.69934	  152.32808
 7579	 -57.33007	  64.95786	  151.77112	  152.39946
 7577	 -57.20554	  65.30853	  151.69934	  152.32808
 7590	 -56.17299	  64.49651	  151.81985	  152.44791
 7579	 -57.33007	  64.95786	  151.77112	  152.39946
 7579	 -57.33007	  64.95786	  151.77112	  152.39946
 7590	 -56.17299	  64.49651	  151.81985	  152.44791
 7591	 -56.24514	  64.16138	  151.89999	  152.52759
 7590	 -56.17299	  64.49651	  151.81985	  152.44791
 7600	 -55.40976	  63.83792	  151.67471	  152.30359
 7591	 -56.24514	  64.16138	  151.89999	  152.52759
 7591	 -56.24514	  64.16138	  151.89999	  152.52759
 7600	 -55.40976	  63.83792	  151.67471	  152.30359
 7601	 -55.41908	  63.5409	  151.75304	  152.38147
 7600	 -55.40976	  63.83792	  151.67471	  152.30359
 7609	 -54.74477	  62.46017	  151.58141	  152.21083
 7601	 -55.41908	  63.5409	  151.75304	  152.38147
 7601	 -55.41908	  63.5409	  151.75304	  152.38147
 7609	 -54.74477	  62.46017	  151.58141	  152.21083
 7610	 -54.77556	  62.2283	  151.62427	  152.25345
 2679	 -80.45996	  48.52159	  162.83704	  163.40213
 2680	 -81.88107	  50.93604	  162.83189	  163.39702
 2681	 -79.34154	  47.59407	  163.08304	  163.64673
 2682	 -81.63072	  51.71726	  163.35504	  163.91718
 2681	 -79.34154	  47.59407	  163.08304	  163.64673
 2680	 -81.88107	  50.93604	  162.83189	  163.39702
 2683	 -80.81084	  53.85686	  164.15042	  164.70801
 2684	 -79.49429	  52.66013	  164.3161	  164.87274
 2685	 -81.63072	  51.71726	  163.35504	  163.91718
 2685	 -81.63072	  51.71726	  163.35504	  163.91718
 2684	 -79.49429	  52.66013	  164.3161	  164.87274
 2686	 -78.30817	  51.18531	  164.50108	  165.05666
 2685	 -81.63072	  51.71726	  163.35504	  163.91718
 2686	 -78.30817	  51.18531	  164.50108	  165.05666
 2687	 -79.34154	  47.59407	  163.08304	  163.64673
 2688	 -78.82709	  48.79561	  163.64145	  164.20193
 2687	 -79.34154	  47.59407	  163.08304	  163.64673
 2686	 -78.30817	  51.18531	  164.50108	  165.05666
 2686	 -78.30817	  51.18531	  164.50108	  165.05666
 2700	 -77.57645	  50.62258	  164.55151	  165.1068
 2688	 -78.82709	  48.79561	  163.64145	  164.20193
 2688	 -78.82709	  48.79561	  163.64145	  164.20193
 2700	 -77.57645	  50.62258	  164.55151	  165.1068
 2698	 -77.16087	  48.59707	  163.89893	  164.45795
 2698	 -77.16087	  48.59707	  163.89893	  164.45795
 2700	 -77.57645	  50.62258	  164.55151	  165.1068
 2701	 -76.98571	  49.43712	  164.22595	  164.78311
 2702	 -76.78287	  50.14176	  164.58382	  165.13893
 2701	 -76.98571	  49.43712	  164.22595	  164.78311
 2700	 -77.57645	  50.62258	  164.55151	  165.1068
 2698	 -77.16087	  48.59707	  163.89893	  164.45795
 2699	 -77.2807	  47.48618	  163.63348	  164.19403
 2688	 -78.82709	  48.79561	  163.64145	  164.20193
 7538	 -51.89055	  66.12537	  151.40991	  152.04031
 7539	 -51.34817	  65.03235	  150.50284	  151.13843
 7540	 -50.1702	  66.37784	  151.65773	  152.28671
 7540	 -50.1702	  66.37784	  151.65773	  152.28671
 7539	 -51.34817	  65.03235	  150.50284	  151.13843
 7541	 -49.45763	  65.40206	  150.67937	  151.31393
 7541	 -49.45763	  65.40206	  150.67937	  151.31393
 7543	 -48.39535	  66.72231	  151.99078	  152.61786
 7540	 -50.1702	  66.37784	  151.65773	  152.28671
 7542	 -47.68399	  65.75732	  151.00761	  151.64032
 7543	 -48.39535	  66.72231	  151.99078	  152.61786
 7541	 -49.45763	  65.40206	  150.67937	  151.31393
 7545	 -48.21097	  64.35464	  149.85777	  150.49706
 7542	 -47.68399	  65.75732	  151.00761	  151.64032
 7541	 -49.45763	  65.40206	  150.67937	  151.31393
 7544	 -46.64098	  64.94749	  150.30412	  150.94084
 7542	 -47.68399	  65.75732	  151.00761	  151.64032
 7545	 -48.21097	  64.35464	  149.85777	  150.49706
 2703	 -83.79239	  58.1161	  160.46812	  161.04675
 2707	 -83.01344	  58.12606	  160.73848	  161.31555
 2706	 -84.38818	  57.4001	  160.43401	  161.01283
 2703	 -83.79239	  58.1161	  160.46812	  161.04675
 2706	 -84.38818	  57.4001	  160.43401	  161.01283
 2704	 -84.78352	  57.79636	  160.1824	  160.76266
 2703	 -83.79239	  58.1161	  160.46812	  161.04675
 2704	 -84.78352	  57.79636	  160.1824	  160.76266
 2705	 -84.76659	  57.85865	  160.15193	  160.73238
 7507	 -57.51513	  59.81501	  148.90851	  149.55321
 7508	 -57.45502	  59.99473	  148.80632	  149.4516
 7509	 -56.51273	  59.39983	  149.05028	  149.69415
 7509	 -56.51273	  59.39983	  149.05028	  149.69415
 7508	 -57.45502	  59.99473	  148.80632	  149.4516
 7510	 -56.43896	  59.48919	  148.94336	  149.58786
 7510	 -56.43896	  59.48919	  148.94336	  149.58786
 7518	 -55.62753	  59.40093	  149.25983	  149.90253
 7509	 -56.51273	  59.39983	  149.05028	  149.69415
 7517	 -55.58733	  59.46276	  149.19974	  149.84276
 7518	 -55.62753	  59.40093	  149.25983	  149.90253
 7510	 -56.43896	  59.48919	  148.94336	  149.58786
 7503	 -57.54884	  59.75572	  148.74963	  149.39523
 7504	 -56.42645	  59.20005	  148.94102	  149.58554
 7505	 -57.45502	  59.99473	  148.80632	  149.4516
 7505	 -57.45502	  59.99473	  148.80632	  149.4516
 7504	 -56.42645	  59.20005	  148.94102	  149.58554
 7506	 -56.43896	  59.48919	  148.94336	  149.58786
 7504	 -56.42645	  59.20005	  148.94102	  149.58554
 7516	 -55.58733	  59.46276	  149.19974	  149.84276
 7506	 -56.43896	  59.48919	  148.94336	  149.58786
 7515	 -55.5929	  59.30381	  149.20236	  149.84538
 7516	 -55.58733	  59.46276	  149.19974	  149.84276
 7504	 -56.42645	  59.20005	  148.94102	  149.58554
 7499	 -57.60815	  59.57256	  148.85126	  149.49628
 7500	 -56.49976	  59.10654	  149.04749	  149.69138
 7501	 -57.54884	  59.75572	  148.74963	  149.39523
 7501	 -57.54884	  59.75572	  148.74963	  149.39523
 7500	 -56.49976	  59.10654	  149.04749	  149.69138
 7502	 -56.42645	  59.20005	  148.94102	  149.58554
 7514	 -55.63325	  59.24099	  149.26221	  149.90488
 7502	 -56.42645	  59.20005	  148.94102	  149.58554
 7500	 -56.49976	  59.10654	  149.04749	  149.69138
 7513	 -55.5929	  59.30381	  149.20236	  149.84538
 7502	 -56.42645	  59.20005	  148.94102	  149.58554
 7514	 -55.63325	  59.24099	  149.26221	  149.90488
 2708	 -84.38818	  57.4001	  160.43401	  161.01283
 2709	 -83.01344	  58.12606	  160.73848	  161.31555
 2710	 -83.85991	  57.10517	  160.6741	  161.25156
 2710	 -83.85991	  57.10517	  160.6741	  161.25156
 2709	 -83.01344	  58.12606	  160.73848	  161.31555
 2711	 -83.0996	  56.88824	  160.95209	  161.52795
 2712	 -82.40786	  56.55807	  161.24043	  161.81465
 2711	 -83.0996	  56.88824	  160.95209	  161.52795
 2709	 -83.01344	  58.12606	  160.73848	  161.31555
 2722	 -82.40786	  56.55807	  161.24043	  161.81465
 2723	 -83.01344	  58.12606	  160.73848	  161.31555
 2724	 -82.08522	  55.92342	  161.51175	  162.08443
 7495	 -57.60815	  59.57256	  148.85126	  149.49628
 7496	 -57.51513	  59.81501	  148.90851	  149.55321
 7497	 -56.49976	  59.10654	  149.04749	  149.69138
 7497	 -56.49976	  59.10654	  149.04749	  149.69138
 7496	 -57.51513	  59.81501	  148.90851	  149.55321
 7498	 -56.51273	  59.39983	  149.05028	  149.69415
 7498	 -56.51273	  59.39983	  149.05028	  149.69415
 7512	 -55.63325	  59.24099	  149.26221	  149.90488
 7497	 -56.49976	  59.10654	  149.04749	  149.69138
 7511	 -55.62753	  59.40093	  149.25983	  149.90253
 7512	 -55.63325	  59.24099	  149.26221	  149.90488
 7498	 -56.51273	  59.39983	  149.05028	  149.69415
 7471	 -53.32969	  55.74468	  145.92154	  146.58331
 7472	 -54.74268	  56.32972	  146.10507	  146.76579
 7473	 -53.21398	  55.78733	  146.99568	  147.65131
 7473	 -53.21398	  55.78733	  146.99568	  147.65131
 7472	 -54.74268	  56.32972	  146.10507	  146.76579
 7474	 -54.70718	  56.45237	  147.19412	  147.8486
 7454	 -49.67272	  58.00054	  147.84135	  148.49214
 7455	 -50.44315	  56.20203	  148.18936	  148.83817
 7444	 -51.53389	  58.60646	  148.21774	  148.86639
 7444	 -51.53389	  58.60646	  148.21774	  148.86639
 7455	 -50.44315	  56.20203	  148.18936	  148.83817
 7442	 -52.1513	  56.32206	  148.58633	  149.23288
 7444	 -51.53389	  58.60646	  148.21774	  148.86639
 7442	 -52.1513	  56.32206	  148.58633	  149.23288
 7439	 -54.29049	  59.2734	  148.34047	  148.9884
 7434	 -57.15152	  59.9957	  148.59552	  149.242
 7435	 -56.2312	  59.95206	  148.49718	  149.14423
 7436	 -57.13371	  59.88704	  148.65736	  149.3035
 7437	 -56.14501	  59.02508	  148.70638	  149.35222
 7436	 -57.13371	  59.88704	  148.65736	  149.3035
 7435	 -56.2312	  59.95206	  148.49718	  149.14423
 7439	 -54.29049	  59.2734	  148.34047	  148.9884
 7437	 -56.14501	  59.02508	  148.70638	  149.35222
 7435	 -56.2312	  59.95206	  148.49718	  149.14423
 7438	 -54.27959	  58.14204	  148.53285	  149.17969
 7437	 -56.14501	  59.02508	  148.70638	  149.35222
 7439	 -54.29049	  59.2734	  148.34047	  148.9884
 7439	 -54.29049	  59.2734	  148.34047	  148.9884
 7442	 -52.1513	  56.32206	  148.58633	  149.23288
 7438	 -54.27959	  58.14204	  148.53285	  149.17969
 7442	 -52.1513	  56.32206	  148.58633	  149.23288
 7443	 -53.70053	  56.66655	  148.85103	  149.49605
 7438	 -54.27959	  58.14204	  148.53285	  149.17969
 7442	 -52.1513	  56.32206	  148.58633	  149.23288
 7441	 -53.48875	  54.33601	  148.94371	  149.58821
 7443	 -53.70053	  56.66655	  148.85103	  149.49605
 7440	 -52.08398	  54.21193	  148.68402	  149.33
 7441	 -53.48875	  54.33601	  148.94371	  149.58821
 7442	 -52.1513	  56.32206	  148.58633	  149.23288
 7440	 -52.08398	  54.21193	  148.68402	  149.33
 7442	 -52.1513	  56.32206	  148.58633	  149.23288
 7456	 -50.59293	  54.43068	  148.23882	  148.88734
 7456	 -50.59293	  54.43068	  148.23882	  148.88734
 7442	 -52.1513	  56.32206	  148.58633	  149.23288
 7455	 -50.44315	  56.20203	  148.18936	  148.83817
 7455	 -50.44315	  56.20203	  148.18936	  148.83817
 7458	 -49.02588	  54.23429	  147.75192	  148.40323
 7456	 -50.59293	  54.43068	  148.23882	  148.88734
 7457	 -48.85596	  55.94289	  147.69272	  148.34436
 7458	 -49.02588	  54.23429	  147.75192	  148.40323
 7455	 -50.44315	  56.20203	  148.18936	  148.83817
 7454	 -49.67272	  58.00054	  147.84135	  148.49214
 7457	 -48.85596	  55.94289	  147.69272	  148.34436
 7455	 -50.44315	  56.20203	  148.18936	  148.83817
 7459	 -48.14851	  57.30201	  147.38086	  148.03429
 7457	 -48.85596	  55.94289	  147.69272	  148.34436
 7454	 -49.67272	  58.00054	  147.84135	  148.49214
 7425	 -50.57119	  48.98487	  148.89421	  149.53899
 7426	 -51.49856	  49.50978	  148.03981	  148.68947
 7415	 -51.88723	  50.36158	  149.20555	  149.84856
 7415	 -51.88723	  50.36158	  149.20555	  149.84856
 7426	 -51.49856	  49.50978	  148.03981	  148.68947
 7414	 -52.97182	  50.59219	  148.32031	  148.96837
 7401	 -55.20135	  53.67054	  149.27502	  149.91762
 7402	 -54.87858	  54.24276	  149.5625	  150.20346
 7403	 -54.63683	  53.3419	  149.20647	  149.84946
 7403	 -54.63683	  53.3419	  149.20647	  149.84946
 7402	 -54.87858	  54.24276	  149.5625	  150.20346
 7404	 -54.32744	  53.77724	  149.47481	  150.11627
 7410	 -53.63356	  52.6684	  149.26823	  149.91087
 7403	 -54.63683	  53.3419	  149.20647	  149.84946
 7404	 -54.32744	  53.77724	  149.47481	  150.11627
 7409	 -54.03035	  52.48275	  148.87448	  149.51936
 7403	 -54.63683	  53.3419	  149.20647	  149.84946
 7410	 -53.63356	  52.6684	  149.26823	  149.91087
 7410	 -53.63356	  52.6684	  149.26823	  149.91087
 7415	 -51.88723	  50.36158	  149.20555	  149.84856
 7409	 -54.03035	  52.48275	  148.87448	  149.51936
 7409	 -54.03035	  52.48275	  148.87448	  149.51936
 7415	 -51.88723	  50.36158	  149.20555	  149.84856
 7412	 -54.18115	  51.82623	  148.52284	  149.16974
 7415	 -51.88723	  50.36158	  149.20555	  149.84856
 7414	 -52.97182	  50.59219	  148.32031	  148.96837
 7412	 -54.18115	  51.82623	  148.52284	  149.16974
 7413	 -53.47898	  50.60103	  147.31197	  147.96579
 7412	 -54.18115	  51.82623	  148.52284	  149.16974
 7414	 -52.97182	  50.59219	  148.32031	  148.96837
 7413	 -53.47898	  50.60103	  147.31197	  147.96579
 7414	 -52.97182	  50.59219	  148.32031	  148.96837
 7427	 -52.01251	  49.78599	  147.01508	  147.67059
 7427	 -52.01251	  49.78599	  147.01508	  147.67059
 7414	 -52.97182	  50.59219	  148.32031	  148.96837
 7426	 -51.49856	  49.50978	  148.03981	  148.68947
 7426	 -51.49856	  49.50978	  148.03981	  148.68947
 7429	 -50.36922	  48.88707	  146.6586	  147.31616
 7427	 -52.01251	  49.78599	  147.01508	  147.67059
 7428	 -49.91823	  48.65726	  147.68028	  148.332
 7429	 -50.36922	  48.88707	  146.6586	  147.31616
 7426	 -51.49856	  49.50978	  148.03981	  148.68947
 7425	 -50.57119	  48.98487	  148.89421	  149.53899
 7428	 -49.91823	  48.65726	  147.68028	  148.332
 7426	 -51.49856	  49.50978	  148.03981	  148.68947
 7430	 -49.16505	  47.97174	  148.42082	  149.06831
 7428	 -49.91823	  48.65726	  147.68028	  148.332
 7425	 -50.57119	  48.98487	  148.89421	  149.53899
 7411	 -54.66376	  51.73128	  147.5103	  148.16298
 7412	 -54.18115	  51.82623	  148.52284	  149.16974
 7413	 -53.47898	  50.60103	  147.31197	  147.96579
 7405	 -56.31709	  55.62927	  149.25421	  149.89694
 7406	 -56.28061	  55.78595	  149.32498	  149.9673
 7407	 -55.20135	  53.67054	  149.27502	  149.91762
 7407	 -55.20135	  53.67054	  149.27502	  149.91762
 7406	 -56.28061	  55.78595	  149.32498	  149.9673
 7408	 -54.87858	  54.24276	  149.5625	  150.20346
 7392	 -50.29102	  50.23021	  148.57269	  149.2193
 7393	 -51.49105	  48.15386	  149.03455	  149.67853
 7382	 -51.61482	  51.4037	  148.98444	  149.62869
 7372	 -56.28061	  55.78595	  149.32498	  149.9673
 7373	 -55.31388	  54.92474	  149.38416	  150.02614
 7374	 -56.3869	  55.61383	  149.37767	  150.01968
 7375	 -55.40431	  53.90763	  149.63155	  150.27211
 7374	 -56.3869	  55.61383	  149.37767	  150.01968
 7373	 -55.31388	  54.92474	  149.38416	  150.02614
 7377	 -53.78083	  53.19334	  149.09665	  149.74028
 7375	 -55.40431	  53.90763	  149.63155	  150.27211
 7373	 -55.31388	  54.92474	  149.38416	  150.02614
 7376	 -54.02662	  52.12622	  149.35886	  150.00099
 7375	 -55.40431	  53.90763	  149.63155	  150.27211
 7377	 -53.78083	  53.19334	  149.09665	  149.74028
 7377	 -53.78083	  53.19334	  149.09665	  149.74028
 7382	 -51.61482	  51.4037	  148.98444	  149.62869
 7376	 -54.02662	  52.12622	  149.35886	  150.00099
 7382	 -51.61482	  51.4037	  148.98444	  149.62869
 7381	 -52.72503	  49.23016	  149.51746	  150.15866
 7376	 -54.02662	  52.12622	  149.35886	  150.00099
 7382	 -51.61482	  51.4037	  148.98444	  149.62869
 7393	 -51.49105	  48.15386	  149.03455	  149.67853
 7381	 -52.72503	  49.23016	  149.51746	  150.15866
 7394	 -52.3103	  45.98001	  149.26265	  149.90532
 7381	 -52.72503	  49.23016	  149.51746	  150.15866
 7393	 -51.49105	  48.15386	  149.03455	  149.67853
 7393	 -51.49105	  48.15386	  149.03455	  149.67853
 7396	 -51.08114	  44.61571	  148.68129	  149.32727
 7394	 -52.3103	  45.98001	  149.26265	  149.90532
 7395	 -50.20366	  47.05075	  148.44844	  149.09576
 7396	 -51.08114	  44.61571	  148.68129	  149.32727
 7393	 -51.49105	  48.15386	  149.03455	  149.67853
 7392	 -50.29102	  50.23021	  148.57269	  149.2193
 7395	 -50.20366	  47.05075	  148.44844	  149.09576
 7393	 -51.49105	  48.15386	  149.03455	  149.67853
 7397	 -49.12269	  48.83679	  148.04567	  148.6953
 7395	 -50.20366	  47.05075	  148.44844	  149.09576
 7392	 -50.29102	  50.23021	  148.57269	  149.2193
 7381	 -52.72503	  49.23016	  149.51746	  150.15866
 7379	 -53.88067	  50.2491	  149.83624	  150.47565
 7376	 -54.02662	  52.12622	  149.35886	  150.00099
 7378	 -54.49665	  48.06204	  150.11523	  150.75304
 7379	 -53.88067	  50.2491	  149.83624	  150.47565
 7380	 -53.42952	  47.06238	  149.80809	  150.44765
 7380	 -53.42952	  47.06238	  149.80809	  150.44765
 7379	 -53.88067	  50.2491	  149.83624	  150.47565
 7381	 -52.72503	  49.23016	  149.51746	  150.15866
 7380	 -53.42952	  47.06238	  149.80809	  150.44765
 7381	 -52.72503	  49.23016	  149.51746	  150.15866
 7394	 -52.3103	  45.98001	  149.26265	  149.90532
 7339	 -55.76252	  50.13212	  144.1577	  144.82954
 7340	 -55.6992	  52.01802	  144.86427	  145.53207
 7341	 -57.1914	  49.3595	  144.82135	  145.48941
 7341	 -57.1914	  49.3595	  144.82135	  145.48941
 7340	 -55.6992	  52.01802	  144.86427	  145.53207
 7342	 -57.4243	  51.33141	  145.51634	  146.18042
 7341	 -57.1914	  49.3595	  144.82135	  145.48941
 7342	 -57.4243	  51.33141	  145.51634	  146.18042
 7343	 -58.42433	  48.38675	  145.34047	  146.00555
 7343	 -58.42433	  48.38675	  145.34047	  146.00555
 7342	 -57.4243	  51.33141	  145.51634	  146.18042
 7344	 -58.64137	  50.51532	  146.02776	  146.68892
 7333	 -54.2552	  51.23745	  145.41684	  146.08148
 7334	 -54.46466	  49.48842	  144.67926	  145.34813
 7335	 -52.99322	  49.69091	  145.82422	  146.48654
 7335	 -52.99322	  49.69091	  145.82422	  146.48654
 7334	 -54.46466	  49.48842	  144.67926	  145.34813
 7336	 -53.21094	  47.87481	  145.09135	  145.75787
 7328	 -55.6992	  52.01802	  144.86427	  145.53207
 7329	 -55.6634	  53.54039	  145.70187	  146.36488
 7324	 -57.4243	  51.33141	  145.51634	  146.18042
 7324	 -57.4243	  51.33141	  145.51634	  146.18042
 7329	 -55.6634	  53.54039	  145.70187	  146.36488
 7325	 -57.70913	  52.86153	  146.41766	  147.07658
 7324	 -57.4243	  51.33141	  145.51634	  146.18042
 7325	 -57.70913	  52.86153	  146.41766	  147.07658
 7326	 -58.64137	  50.51532	  146.02776	  146.68892
 7326	 -58.64137	  50.51532	  146.02776	  146.68892
 7325	 -57.70913	  52.86153	  146.41766	  147.07658
