 2264	  52.72394	  35.5351	  130.75624	  131.50467
 2264	  52.72394	  35.5351	  130.75624	  131.50467
 2263	  51.35646	  33.25949	  130.20169	  130.95328
 2265	  53.59521	  35.17628	  130.05711	  130.80954
 2266	  51.35646	  33.25949	  130.20169	  130.95328
 2267	  52.18393	  32.59054	  129.49011	  130.24579
 2268	  53.59521	  35.17628	  130.05711	  130.80954
 2268	  53.59521	  35.17628	  130.05711	  130.80954
 2267	  52.18393	  32.59054	  129.49011	  130.24579
 2269	  54.36926	  34.72663	  129.29744	  130.0542
 2270	  52.18393	  32.59054	  129.49011	  130.24579
 2271	  52.96668	  31.33596	  128.74236	  129.50229
 2272	  54.36926	  34.72663	  129.29744	  130.0542
 2272	  54.36926	  34.72663	  129.29744	  130.0542
 2271	  52.96668	  31.33596	  128.74236	  129.50229
 2273	  55.04884	  33.97403	  128.46011	  129.22165
 2274	  52.96668	  31.33596	  128.74236	  129.50229
 2275	  53.86691	  30.67258	  127.96504	  128.72943
 2276	  55.04884	  33.97403	  128.46011	  129.22165
 2276	  55.04884	  33.97403	  128.46011	  129.22165
 2275	  53.86691	  30.67258	  127.96504	  128.72943
 2277	  55.93533	  32.68227	  127.60771	  128.37415
 2278	  53.86691	  30.67258	  127.96504	  128.72943
 2279	  54.99039	  30.2739	  127.06055	  127.83009
 2280	  55.93533	  32.68227	  127.60771	  128.37415
 2280	  55.93533	  32.68227	  127.60771	  128.37415
 2279	  54.99039	  30.2739	  127.06055	  127.83009
 2281	  57.237	  32.04346	  126.82622	  127.5971
 2282	  54.99039	  30.2739	  127.06055	  127.83009
 2283	  56.22774	  29.77023	  126.24368	  127.01791
 2284	  57.237	  32.04346	  126.82622	  127.5971
 2284	  57.237	  32.04346	  126.82622	  127.5971
 2283	  56.22774	  29.77023	  126.24368	  127.01791
 2285	  58.55306	  31.43291	  126.05321	  126.82851
 2286	  56.22774	  29.77023	  126.24368	  127.01791
 2287	  57.57788	  29.2407	  125.4227	  126.20161
 2288	  58.55306	  31.43291	  126.05321	  126.82851
 2288	  58.55306	  31.43291	  126.05321	  126.82851
 2287	  57.57788	  29.2407	  125.4227	  126.20161
 2289	  59.83662	  30.72425	  125.21844	  125.99851
 2290	  57.57788	  29.2407	  125.4227	  126.20161
 2291	  58.80448	  28.9425	  124.55653	  125.34039
 2292	  59.83662	  30.72425	  125.21844	  125.99851
 2292	  59.83662	  30.72425	  125.21844	  125.99851
 2291	  58.80448	  28.9425	  124.55653	  125.34039
 2293	  61.01812	  30.23929	  124.36089	  125.14587
 2294	  58.80448	  28.9425	  124.55653	  125.34039
 2295	  59.93928	  28.77231	  123.7953	  124.5835
 2296	  61.01812	  30.23929	  124.36089	  125.14587
 2296	  61.01812	  30.23929	  124.36089	  125.14587
 2295	  59.93928	  28.77231	  123.7953	  124.5835
 2297	  62.11736	  29.95917	  123.60625	  124.39553
 2298	  59.93928	  28.77231	  123.7953	  124.5835
 2299	  60.93613	  28.81282	  123.06505	  123.85743
 2300	  62.11736	  29.95917	  123.60625	  124.39553
 2300	  62.11736	  29.95917	  123.60625	  124.39553
 2299	  60.93613	  28.81282	  123.06505	  123.85743
 2301	  63.11872	  29.71784	  122.92657	  123.71975
 2302	  60.93613	  28.81282	  123.06505	  123.85743
 2303	  61.83964	  28.89499	  122.34489	  123.1414
 2304	  63.11872	  29.71784	  122.92657	  123.71975
 2304	  63.11872	  29.71784	  122.92657	  123.71975
 2303	  61.83964	  28.89499	  122.34489	  123.1414
 2305	  64.05778	  29.44244	  122.25412	  123.05114
 2306	  67.72903	  27.63525	  112.58954	  113.4418
 2307	  67.7692	  26.04336	  109.28397	  110.15511
 2308	  69.77743	  27.56729	  112.4317	  113.28484
 2308	  69.77743	  27.56729	  112.4317	  113.28484
 2307	  67.7692	  26.04336	  109.28397	  110.15511
 2309	  69.86987	  26.36376	  109.26588	  110.13712
 2310	  61.83964	  28.89499	  122.34489	  123.1414
 2311	  62.7285	  28.6953	  121.63588	  122.43642
 2312	  64.05778	  29.44244	  122.25412	  123.05114
 2312	  64.05778	  29.44244	  122.25412	  123.05114
 2311	  62.7285	  28.6953	  121.63588	  122.43642
 2313	  64.91745	  29.04876	  121.60625	  122.40696
 2314	  67.20142	  27.85722	  115.26395	  116.10091
 2315	  67.72903	  27.63525	  112.58954	  113.4418
 2316	  69.32065	  27.97679	  115.2088	  116.04609
 2316	  69.32065	  27.97679	  115.2088	  116.04609
 2315	  67.72903	  27.63525	  112.58954	  113.4418
 2317	  69.77743	  27.56729	  112.4317	  113.28484
 2318	  62.7285	  28.6953	  121.63588	  122.43642
 2319	  63.59232	  28.34859	  120.94682	  121.7513
 2320	  64.91745	  29.04876	  121.60625	  122.40696
 2320	  64.91745	  29.04876	  121.60625	  122.40696
 2319	  63.59232	  28.34859	  120.94682	  121.7513
 2321	  65.7598	  28.59952	  120.91202	  121.71671
 2322	  66.41521	  27.80058	  117.48189	  118.30618
 2323	  67.20142	  27.85722	  115.26395	  116.10091
 2324	  68.62351	  27.85009	  117.35585	  118.18085
 2324	  68.62351	  27.85009	  117.35585	  118.18085
 2323	  67.20142	  27.85722	  115.26395	  116.10091
 2325	  69.32065	  27.97679	  115.2088	  116.04609
 2326	  63.59232	  28.34859	  120.94682	  121.7513
 2327	  64.41937	  27.88108	  120.20908	  121.01777
 2328	  65.7598	  28.59952	  120.91202	  121.71671
 2328	  65.7598	  28.59952	  120.91202	  121.71671
 2327	  64.41937	  27.88108	  120.20908	  121.01777
 2329	  66.56477	  28.06937	  120.15909	  120.96807
 2330	  65.83581	  27.79911	  118.58191	  119.39991
 2331	  66.41521	  27.80058	  117.48189	  118.30618
 2332	  67.98028	  27.83142	  118.53204	  119.35033
 2332	  67.98028	  27.83142	  118.53204	  119.35033
 2331	  66.41521	  27.80058	  117.48189	  118.30618
 2333	  68.62351	  27.85009	  117.35585	  118.18085
 2334	  64.41937	  27.88108	  120.20908	  121.01777
 2335	  65.16608	  27.75142	  119.41318	  120.22643
 2336	  66.56477	  28.06937	  120.15909	  120.96807
 2336	  66.56477	  28.06937	  120.15909	  120.96807
 2335	  65.16608	  27.75142	  119.41318	  120.22643
 2337	  67.30868	  27.82599	  119.36176	  120.1753
 2338	  65.16608	  27.75142	  119.41318	  120.22643
 2339	  65.83581	  27.79911	  118.58191	  119.39991
 2337	  67.30868	  27.82599	  119.36176	  120.1753
 2337	  67.30868	  27.82599	  119.36176	  120.1753
 2339	  65.83581	  27.79911	  118.58191	  119.39991
 2340	  67.98028	  27.83142	  118.53204	  119.35033
 2341	  37.23945	  28.95287	  136.9108	  137.62405
 2342	  38.73725	  29.14561	  136.18237	  136.89978
 2343	  39.37184	  29.44504	  137.00691	  137.7196
 2343	  39.37184	  29.44504	  137.00691	  137.7196
 2342	  38.73725	  29.14561	  136.18237	  136.89978
 2344	  40.67808	  29.56504	  136.30434	  137.02106
 2345	  38.73725	  29.14561	  136.18237	  136.89978
 2346	  40.1354	  29.31402	  135.476	  136.19745
 2347	  40.67808	  29.56504	  136.30434	  137.02106
 2347	  40.67808	  29.56504	  136.30434	  137.02106
 2346	  40.1354	  29.31402	  135.476	  136.19745
 2348	  41.95652	  29.74435	  135.58899	  136.30981
 2349	  40.1354	  29.31402	  135.476	  136.19745
 2350	  41.36967	  29.55507	  134.79596	  135.5213
 2351	  41.95652	  29.74435	  135.58899	  136.30981
 2351	  41.95652	  29.74435	  135.58899	  136.30981
 2350	  41.36967	  29.55507	  134.79596	  135.5213
 2352	  43.12504	  29.8098	  134.88135	  135.6062
 2353	  41.36967	  29.55507	  134.79596	  135.5213
 2354	  42.49094	  29.98082	  134.18507	  134.91391
 2355	  43.12504	  29.8098	  134.88135	  135.6062
 2355	  43.12504	  29.8098	  134.88135	  135.6062
 2354	  42.49094	  29.98082	  134.18507	  134.91391
 2356	  44.23918	  30.66077	  134.20013	  134.92889
 2357	  42.49094	  29.98082	  134.18507	  134.91391
 2358	  43.53423	  30.3202	  133.71315	  134.44467
 2359	  44.23918	  30.66077	  134.20013	  134.92889
 2359	  44.23918	  30.66077	  134.20013	  134.92889
 2358	  43.53423	  30.3202	  133.71315	  134.44467
 2360	  45.30942	  32.19258	  133.74275	  134.47412
 2361	  43.53423	  30.3202	  133.71315	  134.44467
 2362	  44.55876	  30.22948	  133.3195	  134.05328
 2363	  45.30942	  32.19258	  133.74275	  134.47412
 2363	  45.30942	  32.19258	  133.74275	  134.47412
 2362	  44.55876	  30.22948	  133.3195	  134.05328
 2364	  46.30399	  32.98973	  133.25989	  133.99402
 2365	  44.55876	  30.22948	  133.3195	  134.05328
 2366	  45.54101	  30.5989	  132.77843	  133.51529
 2367	  46.30399	  32.98973	  133.25989	  133.99402
 2367	  46.30399	  32.98973	  133.25989	  133.99402
 2366	  45.54101	  30.5989	  132.77843	  133.51529
 2368	  47.30273	  33.48069	  132.70364	  133.44095
 2369	  45.54101	  30.5989	  132.77843	  133.51529
 2370	  46.52882	  30.80711	  132.2159	  132.95599
 2371	  47.30273	  33.48069	  132.70364	  133.44095
 2371	  47.30273	  33.48069	  132.70364	  133.44095
 2370	  46.52882	  30.80711	  132.2159	  132.95599
 2372	  48.35257	  33.64791	  132.10066	  132.8414
 2373	  46.52882	  30.80711	  132.2159	  132.95599
 2374	  47.51801	  30.98807	  131.6378	  132.3812
 2375	  48.35257	  33.64791	  132.10066	  132.8414
 2375	  48.35257	  33.64791	  132.10066	  132.8414
 2374	  47.51801	  30.98807	  131.6378	  132.3812
 2376	  49.45863	  33.68593	  131.48962	  132.23386
 2377	  47.51801	  30.98807	  131.6378	  132.3812
 2378	  48.50164	  30.94622	  131.05414	  131.80087
 2379	  49.45863	  33.68593	  131.48962	  132.23386
 2379	  49.45863	  33.68593	  131.48962	  132.23386
 2378	  48.50164	  30.94622	  131.05414	  131.80087
 2380	  50.44838	  33.57063	  130.86235	  131.61017
 2381	  48.50164	  30.94622	  131.05414	  131.80087
 2382	  49.46304	  30.58589	  130.42938	  131.17969
 2383	  50.44838	  33.57063	  130.86235	  131.61017
 2383	  50.44838	  33.57063	  130.86235	  131.61017
 2382	  49.46304	  30.58589	  130.42938	  131.17969
 2384	  51.35646	  33.25949	  130.20169	  130.95328
 2385	  49.46304	  30.58589	  130.42938	  131.17969
 2386	  50.4053	  30.17558	  129.74014	  130.49438
 2387	  51.35646	  33.25949	  130.20169	  130.95328
 2387	  51.35646	  33.25949	  130.20169	  130.95328
 2386	  50.4053	  30.17558	  129.74014	  130.49438
 2388	  52.18393	  32.59054	  129.49011	  130.24579
 2389	  50.4053	  30.17558	  129.74014	  130.49438
 2390	  51.35434	  29.62769	  128.99998	  129.75845
 2391	  52.18393	  32.59054	  129.49011	  130.24579
 2391	  52.18393	  32.59054	  129.49011	  130.24579
 2390	  51.35434	  29.62769	  128.99998	  129.75845
 2392	  52.96668	  31.33596	  128.74236	  129.50229
 2393	  51.35434	  29.62769	  128.99998	  129.75845
 2394	  52.28722	  29.37558	  128.19315	  128.95624
 2395	  52.96668	  31.33596	  128.74236	  129.50229
 2395	  52.96668	  31.33596	  128.74236	  129.50229
 2394	  52.28722	  29.37558	  128.19315	  128.95624
 2396	  53.86691	  30.67258	  127.96504	  128.72943
 2397	  52.28722	  29.37558	  128.19315	  128.95624
 2398	  53.16009	  29.19753	  127.33281	  128.1008
 2399	  53.86691	  30.67258	  127.96504	  128.72943
 2399	  53.86691	  30.67258	  127.96504	  128.72943
 2398	  53.16009	  29.19753	  127.33281	  128.1008
 2400	  54.99039	  30.2739	  127.06055	  127.83009
 2401	  53.16009	  29.19753	  127.33281	  128.1008
 2402	  53.99784	  28.89071	  126.4366	  127.20971
 2403	  54.99039	  30.2739	  127.06055	  127.83009
 2403	  54.99039	  30.2739	  127.06055	  127.83009
 2402	  53.99784	  28.89071	  126.4366	  127.20971
 2404	  56.22774	  29.77023	  126.24368	  127.01791
 2405	  53.99784	  28.89071	  126.4366	  127.20971
 2406	  55.53436	  28.37622	  125.53249	  126.31077
 2407	  56.22774	  29.77023	  126.24368	  127.01791
 2407	  56.22774	  29.77023	  126.24368	  127.01791
 2406	  55.53436	  28.37622	  125.53249	  126.31077
 2408	  57.57788	  29.2407	  125.4227	  126.20161
 2409	  55.53436	  28.37622	  125.53249	  126.31077
 2410	  56.88392	  28.16367	  124.62498	  125.40845
 2411	  57.57788	  29.2407	  125.4227	  126.20161
 2411	  57.57788	  29.2407	  125.4227	  126.20161
 2410	  56.88392	  28.16367	  124.62498	  125.40845
 2412	  58.80448	  28.9425	  124.55653	  125.34039
 2413	  56.88392	  28.16367	  124.62498	  125.40845
 2414	  58.05055	  27.99451	  123.83223	  124.62023
 2415	  58.80448	  28.9425	  124.55653	  125.34039
 2415	  58.80448	  28.9425	  124.55653	  125.34039
 2414	  58.05055	  27.99451	  123.83223	  124.62023
 2416	  59.93928	  28.77231	  123.7953	  124.5835
 2417	  58.05055	  27.99451	  123.83223	  124.62023
 2418	  59.04459	  28.22712	  123.09712	  123.88932
 2419	  59.93928	  28.77231	  123.7953	  124.5835
 2419	  59.93928	  28.77231	  123.7953	  124.5835
 2418	  59.04459	  28.22712	  123.09712	  123.88932
 2420	  60.93613	  28.81282	  123.06505	  123.85743
 2421	  59.04459	  28.22712	  123.09712	  123.88932
 2422	  59.96991	  28.32368	  122.41251	  123.20863
 2423	  60.93613	  28.81282	  123.06505	  123.85743
 2423	  60.93613	  28.81282	  123.06505	  123.85743
 2422	  59.96991	  28.32368	  122.41251	  123.20863
 2424	  61.83964	  28.89499	  122.34489	  123.1414
 2425	  65.87085	  25.58351	  109.25314	  110.12446
 2426	  67.7692	  26.04336	  109.28397	  110.15511
 2427	  65.86634	  27.4374	  112.5784	  113.43072
 2427	  65.86634	  27.4374	  112.5784	  113.43072
 2426	  67.7692	  26.04336	  109.28397	  110.15511
 2428	  67.72903	  27.63525	  112.58954	  113.4418
 2433	  65.33622	  27.69264	  115.29601	  116.13279
 2434	  65.86634	  27.4374	  112.5784	  113.43072
 2435	  67.20142	  27.85722	  115.26395	  116.10091
 2435	  67.20142	  27.85722	  115.26395	  116.10091
 2434	  65.86634	  27.4374	  112.5784	  113.43072
 2428	  67.72903	  27.63525	  112.58954	  113.4418
 2429	  59.96991	  28.32368	  122.41251	  123.20863
 2430	  60.86809	  28.04366	  121.75278	  122.55265
 2431	  61.83964	  28.89499	  122.34489	  123.1414
 2431	  61.83964	  28.89499	  122.34489	  123.1414
 2430	  60.86809	  28.04366	  121.75278	  122.55265
 2432	  62.7285	  28.6953	  121.63588	  122.43642
 2436	  60.86809	  28.04366	  121.75278	  122.55265
 2437	  61.74171	  27.6027	  121.08752	  121.89121
 2438	  62.7285	  28.6953	  121.63588	  122.43642
 2438	  62.7285	  28.6953	  121.63588	  122.43642
 2437	  61.74171	  27.6027	  121.08752	  121.89121
 2439	  63.59232	  28.34859	  120.94682	  121.7513
 2440	  64.55138	  27.28977	  117.41083	  118.23551
 2441	  65.33622	  27.69264	  115.29601	  116.13279
 2442	  66.41521	  27.80058	  117.48189	  118.30618
 2442	  66.41521	  27.80058	  117.48189	  118.30618
 2441	  65.33622	  27.69264	  115.29601	  116.13279
 2443	  67.20142	  27.85722	  115.26395	  116.10091
 2444	  61.74171	  27.6027	  121.08752	  121.89121
 2445	  62.56285	  27.14188	  120.32292	  121.13097
 2446	  63.59232	  28.34859	  120.94682	  121.7513
 2446	  63.59232	  28.34859	  120.94682	  121.7513
 2445	  62.56285	  27.14188	  120.32292	  121.13097
 2447	  64.41937	  27.88108	  120.20908	  121.01777
 2448	  63.98235	  27.1455	  118.6499	  119.46752
 2449	  64.55138	  27.28977	  117.41083	  118.23551
 2450	  65.83581	  27.79911	  118.58191	  119.39991
 2450	  65.83581	  27.79911	  118.58191	  119.39991
 2449	  64.55138	  27.28977	  117.41083	  118.23551
 2451	  66.41521	  27.80058	  117.48189	  118.30618
 2452	  62.56285	  27.14188	  120.32292	  121.13097
 2453	  63.30768	  27.09463	  119.49237	  120.30517
 2454	  64.41937	  27.88108	  120.20908	  121.01777
 2454	  64.41937	  27.88108	  120.20908	  121.01777
 2453	  63.30768	  27.09463	  119.49237	  120.30517
 2455	  65.16608	  27.75142	  119.41318	  120.22643
 2456	  63.30768	  27.09463	  119.49237	  120.30517
 2457	  63.98235	  27.1455	  118.6499	  119.46752
 2458	  65.16608	  27.75142	  119.41318	  120.22643
 2458	  65.16608	  27.75142	  119.41318	  120.22643
 2457	  63.98235	  27.1455	  118.6499	  119.46752
 2459	  65.83581	  27.79911	  118.58191	  119.39991
 2460	  34.51091	  28.74327	  136.80017	  137.51404
 2461	  36.94106	  29.11181	  135.94461	  136.66339
 2462	  37.23945	  28.95287	  136.9108	  137.62405
 2462	  37.23945	  28.95287	  136.9108	  137.62405
 2461	  36.94106	  29.11181	  135.94461	  136.66339
 2463	  38.73725	  29.14561	  136.18237	  136.89978
 2464	  36.94106	  29.11181	  135.94461	  136.66339
 2465	  38.50879	  29.31508	  135.24449	  135.96725
 2466	  38.73725	  29.14561	  136.18237	  136.89978
 2466	  38.73725	  29.14561	  136.18237	  136.89978
 2465	  38.50879	  29.31508	  135.24449	  135.96725
 2467	  40.1354	  29.31402	  135.476	  136.19745
 2468	  38.50879	  29.31508	  135.24449	  135.96725
 2469	  39.77058	  29.56444	  134.59526	  135.32175
 2470	  40.1354	  29.31402	  135.476	  136.19745
 2470	  40.1354	  29.31402	  135.476	  136.19745
 2469	  39.77058	  29.56444	  134.59526	  135.32175
 2471	  41.36967	  29.55507	  134.79596	  135.5213
 2472	  39.77058	  29.56444	  134.59526	  135.32175
 2473	  40.8894	  29.86663	  134.00392	  134.7338
 2474	  41.36967	  29.55507	  134.79596	  135.5213
 2474	  41.36967	  29.55507	  134.79596	  135.5213
 2473	  40.8894	  29.86663	  134.00392	  134.7338
 2475	  42.49094	  29.98082	  134.18507	  134.91391
 2476	  40.8894	  29.86663	  134.00392	  134.7338
 2477	  41.9315	  30.07491	  133.49014	  134.22293
 2478	  42.49094	  29.98082	  134.18507	  134.91391
 2478	  42.49094	  29.98082	  134.18507	  134.91391
 2477	  41.9315	  30.07491	  133.49014	  134.22293
 2479	  43.53423	  30.3202	  133.71315	  134.44467
 2480	  41.9315	  30.07491	  133.49014	  134.22293
 2481	  42.92733	  30.09498	  133.02597	  133.76141
 2482	  43.53423	  30.3202	  133.71315	  134.44467
 2482	  43.53423	  30.3202	  133.71315	  134.44467
 2481	  42.92733	  30.09498	  133.02597	  133.76141
 2483	  44.55876	  30.22948	  133.3195	  134.05328
 2484	  42.92733	  30.09498	  133.02597	  133.76141
 2485	  43.85065	  29.98515	  132.55653	  133.29468
 2486	  44.55876	  30.22948	  133.3195	  134.05328
 2486	  44.55876	  30.22948	  133.3195	  134.05328
 2485	  43.85065	  29.98515	  132.55653	  133.29468
 2487	  45.54101	  30.5989	  132.77843	  133.51529
 2488	  43.85065	  29.98515	  132.55653	  133.29468
 2489	  44.8816	  30.10362	  132.05556	  132.79657
 2490	  45.54101	  30.5989	  132.77843	  133.51529
 2490	  45.54101	  30.5989	  132.77843	  133.51529
 2489	  44.8816	  30.10362	  132.05556	  132.79657
 2491	  46.52882	  30.80711	  132.2159	  132.95599
 2492	  44.8816	  30.10362	  132.05556	  132.79657
 2493	  45.91532	  30.19476	  131.52135	  132.26541
 2494	  46.52882	  30.80711	  132.2159	  132.95599
 2494	  46.52882	  30.80711	  132.2159	  132.95599
 2493	  45.91532	  30.19476	  131.52135	  132.26541
 2495	  47.51801	  30.98807	  131.6378	  132.3812
 2496	  45.91532	  30.19476	  131.52135	  132.26541
 2497	  46.92001	  30.13823	  130.95108	  131.69839
 2498	  47.51801	  30.98807	  131.6378	  132.3812
 2498	  47.51801	  30.98807	  131.6378	  132.3812
 2497	  46.92001	  30.13823	  130.95108	  131.69839
 2499	  48.50164	  30.94622	  131.05414	  131.80087
 2500	  46.92001	  30.13823	  130.95108	  131.69839
 2501	  47.88979	  29.89094	  130.33957	  131.09039
 2502	  48.50164	  30.94622	  131.05414	  131.80087
 2502	  48.50164	  30.94622	  131.05414	  131.80087
 2501	  47.88979	  29.89094	  130.33957	  131.09039
 2503	  49.46304	  30.58589	  130.42938	  131.17969
 2504	  47.88979	  29.89094	  130.33957	  131.09039
 2505	  48.84529	  29.53434	  129.66946	  130.4241
 2506	  49.46304	  30.58589	  130.42938	  131.17969
 2506	  49.46304	  30.58589	  130.42938	  131.17969
 2505	  48.84529	  29.53434	  129.66946	  130.4241
 2507	  50.4053	  30.17558	  129.74014	  130.49438
 2508	  48.84529	  29.53434	  129.66946	  130.4241
 2509	  49.79316	  29.22517	  128.94196	  129.70074
 2510	  50.4053	  30.17558	  129.74014	  130.49438
 2510	  50.4053	  30.17558	  129.74014	  130.49438
 2509	  49.79316	  29.22517	  128.94196	  129.70074
 2511	  51.35434	  29.62769	  128.99998	  129.75845
 2512	  49.79316	  29.22517	  128.94196	  129.70074
 2513	  50.6874	  29.03011	  128.15994	  128.92322
 2514	  51.35434	  29.62769	  128.99998	  129.75845
 2514	  51.35434	  29.62769	  128.99998	  129.75845
 2513	  50.6874	  29.03011	  128.15994	  128.92322
 2515	  52.28722	  29.37558	  128.19315	  128.95624
 2516	  50.6874	  29.03011	  128.15994	  128.92322
 2517	  51.32383	  28.93027	  127.34344	  128.11136
 2518	  52.28722	  29.37558	  128.19315	  128.95624
 2518	  52.28722	  29.37558	  128.19315	  128.95624
 2517	  51.32383	  28.93027	  127.34344	  128.11136
 2519	  53.16009	  29.19753	  127.33281	  128.1008
 2520	  51.32383	  28.93027	  127.34344	  128.11136
 2521	  51.11729	  28.96627	  126.49794	  127.27071
 2522	  53.16009	  29.19753	  127.33281	  128.1008
 2522	  53.16009	  29.19753	  127.33281	  128.1008
 2521	  51.11729	  28.96627	  126.49794	  127.27071
 2523	  53.99784	  28.89071	  126.4366	  127.20971
 2524	  51.11729	  28.96627	  126.49794	  127.27071
 2525	  53.62087	  28.15092	  125.41536	  126.19431
 2526	  53.99784	  28.89071	  126.4366	  127.20971
 2526	  53.99784	  28.89071	  126.4366	  127.20971
 2525	  53.62087	  28.15092	  125.41536	  126.19431
 2527	  55.53436	  28.37622	  125.53249	  126.31077
 2528	  53.62087	  28.15092	  125.41536	  126.19431
 2529	  55.17349	  27.98143	  124.53218	  125.31617
 2530	  55.53436	  28.37622	  125.53249	  126.31077
 2530	  55.53436	  28.37622	  125.53249	  126.31077
 2529	  55.17349	  27.98143	  124.53218	  125.31617
 2531	  56.88392	  28.16367	  124.62498	  125.40845
 2532	  55.17349	  27.98143	  124.53218	  125.31617
 2533	  56.34217	  27.86239	  123.75473	  124.54317
 2534	  56.88392	  28.16367	  124.62498	  125.40845
 2534	  56.88392	  28.16367	  124.62498	  125.40845
 2533	  56.34217	  27.86239	  123.75473	  124.54317
 2535	  58.05055	  27.99451	  123.83223	  124.62023
 2536	  56.34217	  27.86239	  123.75473	  124.54317
 2537	  57.33337	  28.18406	  123.04774	  123.84022
 2538	  58.05055	  27.99451	  123.83223	  124.62023
 2538	  58.05055	  27.99451	  123.83223	  124.62023
 2537	  57.33337	  28.18406	  123.04774	  123.84022
 2539	  59.04459	  28.22712	  123.09712	  123.88932
 2540	  57.33337	  28.18406	  123.04774	  123.84022
 2541	  58.24831	  28.2731	  122.36861	  123.16497
 2542	  59.04459	  28.22712	  123.09712	  123.88932
 2542	  59.04459	  28.22712	  123.09712	  123.88932
 2541	  58.24831	  28.2731	  122.36861	  123.16497
 2543	  59.96991	  28.32368	  122.41251	  123.20863
 2544	  64.21618	  25.13731	  109.15073	  110.02262
 2545	  65.87085	  25.58351	  109.25314	  110.12446
 2546	  64.22778	  27.31473	  112.45259	  113.30563
 2546	  64.22778	  27.31473	  112.45259	  113.30563
 2545	  65.87085	  25.58351	  109.25314	  110.12446
 2547	  65.86634	  27.4374	  112.5784	  113.43072
 2548	  58.24831	  28.2731	  122.36861	  123.16497
 2549	  59.12996	  27.93334	  121.70694	  122.50707
 2550	  59.96991	  28.32368	  122.41251	  123.20863
 2550	  59.96991	  28.32368	  122.41251	  123.20863
 2549	  59.12996	  27.93334	  121.70694	  122.50707
 2551	  60.86809	  28.04366	  121.75278	  122.55265
 2552	  63.68936	  27.70069	  115.17824	  116.01569
 2553	  64.22778	  27.31473	  112.45259	  113.30563
 2554	  65.33622	  27.69264	  115.29601	  116.13279
 2554	  65.33622	  27.69264	  115.29601	  116.13279
 2553	  64.22778	  27.31473	  112.45259	  113.30563
 2555	  65.86634	  27.4374	  112.5784	  113.43072
 2556	  59.12996	  27.93334	  121.70694	  122.50707
 2557	  60.00262	  27.48849	  121.04755	  121.85145
 2558	  60.86809	  28.04366	  121.75278	  122.55265
 2558	  60.86809	  28.04366	  121.75278	  122.55265
 2557	  60.00262	  27.48849	  121.04755	  121.85145
 2559	  61.74171	  27.6027	  121.08752	  121.89121
 2560	  62.90944	  27.29466	  117.23985	  118.06553
 2561	  63.68936	  27.70069	  115.17824	  116.01569
 2562	  64.55138	  27.28977	  117.41083	  118.23551
 2562	  64.55138	  27.28977	  117.41083	  118.23551
 2561	  63.68936	  27.70069	  115.17824	  116.01569
 2563	  65.33622	  27.69264	  115.29601	  116.13279
 2564	  60.00262	  27.48849	  121.04755	  121.85145
 2565	  60.8299	  27.11705	  120.28571	  121.09397
 2566	  61.74171	  27.6027	  121.08752	  121.89121
 2566	  61.74171	  27.6027	  121.08752	  121.89121
 2565	  60.8299	  27.11705	  120.28571	  121.09397
 2567	  62.56285	  27.14188	  120.32292	  121.13097
 2568	  62.29687	  27.12921	  118.63062	  119.44834
 2569	  62.90944	  27.29466	  117.23985	  118.06553
 2570	  63.98235	  27.1455	  118.6499	  119.46752
 2570	  63.98235	  27.1455	  118.6499	  119.46752
 2569	  62.90944	  27.29466	  117.23985	  118.06553
 2571	  64.55138	  27.28977	  117.41083	  118.23551
 2572	  60.8299	  27.11705	  120.28571	  121.09397
 2573	  61.60187	  27.07371	  119.47731	  120.2902
 2574	  62.56285	  27.14188	  120.32292	  121.13097
 2574	  62.56285	  27.14188	  120.32292	  121.13097
 2573	  61.60187	  27.07371	  119.47731	  120.2902
 2575	  63.30768	  27.09463	  119.49237	  120.30517
 2576	  61.60187	  27.07371	  119.47731	  120.2902
 2577	  62.29687	  27.12921	  118.63062	  119.44834
 2578	  63.30768	  27.09463	  119.49237	  120.30517
 2578	  63.30768	  27.09463	  119.49237	  120.30517
 2577	  62.29687	  27.12921	  118.63062	  119.44834
 2579	  63.98235	  27.1455	  118.6499	  119.46752
 629	  49.7225	  28.98732	  126.86252	  127.6332
 630	  49.86806	  29.11827	  126.55013	  127.32259
 631	  51.11729	  28.96627	  126.49794	  127.27071
 1291	  35.68897	  12.94504	  129.26137	  130.01834
 1299	  36.39371	  16.19986	  129.67409	  130.42871
 1300	  34.45669	  13.21031	  129.81622	  130.57001
 1300	  34.45669	  13.21031	  129.81622	  130.57001
 1299	  36.39371	  16.19986	  129.67409	  130.42871
 1301	  34.8082	  17.15679	  129.98067	  130.73352
 1288	  37.65749	  15.97174	  129.27031	  130.02722
 1289	  36.39371	  16.19986	  129.67409	  130.42871
 1290	  37.12025	  12.6144	  128.77946	  129.53918
 1290	  37.12025	  12.6144	  128.77946	  129.53918
 1289	  36.39371	  16.19986	  129.67409	  130.42871
 1291	  35.68897	  12.94504	  129.26137	  130.01834
 1295	  36.39371	  16.19986	  129.67409	  130.42871
 1296	  36.76081	  19.30325	  129.84642	  130.60004
 1297	  34.8082	  17.15679	  129.98067	  130.73352
 1297	  34.8082	  17.15679	  129.98067	  130.73352
 1296	  36.76081	  19.30325	  129.84642	  130.60004
 1298	  35.38745	  19.72306	  130.18251	  130.9342
 1292	  38.04461	  19.23862	  129.53793	  130.2933
 1293	  36.76081	  19.30325	  129.84642	  130.60004
 1294	  37.65749	  15.97174	  129.27031	  130.02722
 1294	  37.65749	  15.97174	  129.27031	  130.02722
 1293	  36.76081	  19.30325	  129.84642	  130.60004
 1295	  36.39371	  16.19986	  129.67409	  130.42871
 1284	  31.20691	  12.22667	  131.10513	  131.85156
 1285	  31.57867	  13.79815	  131.36299	  132.10794
 1286	  30.43523	  12.45798	  131.69435	  132.43741
 1286	  30.43523	  12.45798	  131.69435	  132.43741
 1285	  31.57867	  13.79815	  131.36299	  132.10794
 1287	  30.9293	  14.04426	  132.00807	  132.74936
 1280	  31.57867	  13.79815	  131.36299	  132.10794
 1281	  31.88835	  16.02904	  131.5891	  132.33276
 1282	  30.9293	  14.04426	  132.00807	  132.74936
 1282	  30.9293	  14.04426	  132.00807	  132.74936
 1281	  31.88835	  16.02904	  131.5891	  132.33276
 1283	  31.45204	  16.12731	  132.3313	  133.07071
 1276	  32.64212	  12.89783	  130.85129	  131.59918
 1277	  32.67521	  15.57786	  130.95464	  131.70193
 1278	  31.57867	  13.79815	  131.36299	  132.10794
 1278	  31.57867	  13.79815	  131.36299	  132.10794
 1277	  32.67521	  15.57786	  130.95464	  131.70193
 1279	  31.88835	  16.02904	  131.5891	  132.33276
 1272	  32.10261	  11.71923	  130.55446	  131.30405
 1273	  32.64212	  12.89783	  130.85129	  131.59918
 1274	  31.20691	  12.22667	  131.10513	  131.85156
 1274	  31.20691	  12.22667	  131.10513	  131.85156
 1273	  32.64212	  12.89783	  130.85129	  131.59918
 1275	  31.57867	  13.79815	  131.36299	  132.10794
 1268	  33.55759	  14.36329	  130.36913	  131.11975
 1269	  33.72272	  18.01748	  130.4783	  131.2283
 1270	  32.67521	  15.57786	  130.95464	  131.70193
 1270	  32.67521	  15.57786	  130.95464	  131.70193
 1269	  33.72272	  18.01748	  130.4783	  131.2283
 1271	  33.10222	  18.21188	  131.17805	  131.92407
 1264	  33.72272	  18.01748	  130.4783	  131.2283
 1265	  34.45358	  20.13484	  130.76437	  131.51276
 1266	  33.10222	  18.21188	  131.17805	  131.92407
 1266	  33.10222	  18.21188	  131.17805	  131.92407
 1265	  34.45358	  20.13484	  130.76437	  131.51276
 1267	  34.01573	  20.1129	  131.56323	  132.30704
 1260	  34.8082	  17.15679	  129.98067	  130.73352
 1261	  35.38745	  19.72306	  130.18251	  130.9342
 1262	  33.72272	  18.01748	  130.4783	  131.2283
 1262	  33.72272	  18.01748	  130.4783	  131.2283
 1261	  35.38745	  19.72306	  130.18251	  130.9342
 1263	  34.45358	  20.13484	  130.76437	  131.51276
 1256	  34.45669	  13.21031	  129.81622	  130.57001
 1257	  34.8082	  17.15679	  129.98067	  130.73352
 1258	  33.55759	  14.36329	  130.36913	  131.11975
 1258	  33.55759	  14.36329	  130.36913	  131.11975
 1257	  34.8082	  17.15679	  129.98067	  130.73352
 1259	  33.72272	  18.01748	  130.4783	  131.2283
 1252	  36.69971	  22.36228	  129.79221	  130.54614
 1253	  38.30274	  22.27281	  129.69397	  130.44846
 1254	  37.04112	  24.78902	  129.87595	  130.62943
 1254	  37.04112	  24.78902	  129.87595	  130.62943
 1253	  38.30274	  22.27281	  129.69397	  130.44846
 1255	  38.54108	  24.50547	  129.7458	  130.50
 1248	  36.76081	  19.30325	  129.84642	  130.60004
 1249	  38.04461	  19.23862	  129.53793	  130.2933
 1250	  36.69971	  22.36228	  129.79221	  130.54614
 1250	  36.69971	  22.36228	  129.79221	  130.54614
 1249	  38.04461	  19.23862	  129.53793	  130.2933
 1251	  38.30274	  22.27281	  129.69397	  130.44846
 1245	  35.3446	  22.51501	  130.12085	  130.87289
 1246	  35.38745	  19.72306	  130.18251	  130.9342
 1247	  36.69971	  22.36228	  129.79221	  130.54614
 1247	  36.69971	  22.36228	  129.79221	  130.54614
 1246	  35.38745	  19.72306	  130.18251	  130.9342
 1248	  36.76081	  19.30325	  129.84642	  130.60004
 1210	  35.3446	  22.51501	  130.12085	  130.87289
 1242	  36.69971	  22.36228	  129.79221	  130.54614
 1243	  35.64257	  25.03527	  130.21945	  130.97095
 1243	  35.64257	  25.03527	  130.21945	  130.97095
 1242	  36.69971	  22.36228	  129.79221	  130.54614
 1244	  37.04112	  24.78902	  129.87595	  130.62943
 1207	  34.73207	  25.13354	  130.90282	  131.65042
 1208	  34.62801	  22.64708	  130.82799	  131.57599
 1209	  35.64257	  25.03527	  130.21945	  130.97095
 1209	  35.64257	  25.03527	  130.21945	  130.97095
 1208	  34.62801	  22.64708	  130.82799	  131.57599
 1210	  35.3446	  22.51501	  130.12085	  130.87289
 1230	  30.43135	  13.96544	  132.69019	  133.42755
 1239	  29.64093	  14.16784	  133.24568	  133.97989
 1240	  29.64687	  12.63229	  132.26677	  133.00656
 1240	  29.64687	  12.63229	  132.26677	  133.00656
 1239	  29.64093	  14.16784	  133.24568	  133.97989
 1241	  28.82407	  12.77453	  132.81233	  133.54901
 1227	  30.43523	  12.45798	  131.69435	  132.43741
 1228	  30.9293	  14.04426	  132.00807	  132.74936
 1229	  29.64687	  12.63229	  132.26677	  133.00656
 1229	  29.64687	  12.63229	  132.26677	  133.00656
 1228	  30.9293	  14.04426	  132.00807	  132.74936
 1230	  30.43135	  13.96544	  132.69019	  133.42755
 1235	  30.43135	  13.96544	  132.69019	  133.42755
 1236	  31.15197	  15.97868	  133.10284	  133.83786
 1237	  29.64093	  14.16784	  133.24568	  133.97989
 1237	  29.64093	  14.16784	  133.24568	  133.97989
 1236	  31.15197	  15.97868	  133.10284	  133.83786
 1238	  30.33044	  16.34014	  133.6221	  134.35416
 1231	  30.9293	  14.04426	  132.00807	  132.74936
 1232	  31.45204	  16.12731	  132.3313	  133.07071
 1233	  30.43135	  13.96544	  132.69019	  133.42755
 1233	  30.43135	  13.96544	  132.69019	  133.42755
 1232	  31.45204	  16.12731	  132.3313	  133.07071
 1234	  31.15197	  15.97868	  133.10284	  133.83786
 1223	  31.88835	  16.02904	  131.5891	  132.33276
 1224	  32.7821	  18.03037	  131.99519	  132.73654
 1225	  31.45204	  16.12731	  132.3313	  133.07071
 1225	  31.45204	  16.12731	  132.3313	  133.07071
 1224	  32.7821	  18.03037	  131.99519	  132.73654
 1226	  32.44825	  18.0761	  132.80453	  133.54126
 1219	  32.7821	  18.03037	  131.99519	  132.73654
 1220	  33.47686	  20.21996	  132.32463	  133.06409
 1221	  32.44825	  18.0761	  132.80453	  133.54126
 1221	  32.44825	  18.0761	  132.80453	  133.54126
 1220	  33.47686	  20.21996	  132.32463	  133.06409
 1222	  33.09257	  20.49591	  133.13684	  133.87167
 1215	  33.10222	  18.21188	  131.17805	  131.92407
 1216	  34.01573	  20.1129	  131.56323	  132.30704
 1217	  32.7821	  18.03037	  131.99519	  132.73654
 1217	  32.7821	  18.03037	  131.99519	  132.73654
 1216	  34.01573	  20.1129	  131.56323	  132.30704
 1218	  33.47686	  20.21996	  132.32463	  133.06409
 1211	  32.67521	  15.57786	  130.95464	  131.70193
 1212	  33.10222	  18.21188	  131.17805	  131.92407
 1213	  31.88835	  16.02904	  131.5891	  132.33276
 1213	  31.88835	  16.02904	  131.5891	  132.33276
 1212	  33.10222	  18.21188	  131.17805	  131.92407
 1214	  32.7821	  18.03037	  131.99519	  132.73654
 1203	  34.62801	  22.64708	  130.82799	  131.57599
 1204	  34.45358	  20.13484	  130.76437	  131.51276
 1205	  35.3446	  22.51501	  130.12085	  130.87289
 1205	  35.3446	  22.51501	  130.12085	  130.87289
 1204	  34.45358	  20.13484	  130.76437	  131.51276
 1206	  35.38745	  19.72306	  130.18251	  130.9342
 1199	  34.21149	  22.83202	  131.69589	  132.43896
 1200	  34.01573	  20.1129	  131.56323	  132.30704
 1201	  34.62801	  22.64708	  130.82799	  131.57599
 1201	  34.62801	  22.64708	  130.82799	  131.57599
 1200	  34.01573	  20.1129	  131.56323	  132.30704
 1202	  34.45358	  20.13484	  130.76437	  131.51276
 1195	  34.1207	  25.13488	  131.74199	  132.4848
 1196	  34.21149	  22.83202	  131.69589	  132.43896
 1197	  34.73207	  25.13354	  130.90282	  131.65042
 1197	  34.73207	  25.13354	  130.90282	  131.65042
 1196	  34.21149	  22.83202	  131.69589	  132.43896
 1198	  34.62801	  22.64708	  130.82799	  131.57599
 1191	  37.50111	  27.06341	  130.05161	  130.80405
 1192	  38.85686	  26.71212	  129.8138	  130.56763
 1193	  38.09705	  29.022	  130.40105	  131.15149
 1193	  38.09705	  29.022	  130.40105	  131.15149
 1192	  38.85686	  26.71212	  129.8138	  130.56763
 1194	  39.3941	  28.62631	  130.07622	  130.82852
 1187	  37.04112	  24.78902	  129.87595	  130.62943
 1188	  38.54108	  24.50547	  129.7458	  130.50
 1189	  37.50111	  27.06341	  130.05161	  130.80405
 1189	  37.50111	  27.06341	  130.05161	  130.80405
 1188	  38.54108	  24.50547	  129.7458	  130.50
 1190	  38.85686	  26.71212	  129.8138	  130.56763
 1183	  35.64257	  25.03527	  130.21945	  130.97095
 1184	  37.04112	  24.78902	  129.87595	  130.62943
 1185	  36.14451	  27.42064	  130.40869	  131.15909
 1185	  36.14451	  27.42064	  130.40869	  131.15909
 1184	  37.04112	  24.78902	  129.87595	  130.62943
 1186	  37.50111	  27.06341	  130.05161	  130.80405
 1179	  36.14451	  27.42064	  130.40869	  131.15909
 1180	  37.50111	  27.06341	  130.05161	  130.80405
 1181	  36.74026	  29.61757	  130.72554	  131.47415
 1181	  36.74026	  29.61757	  130.72554	  131.47415
 1180	  37.50111	  27.06341	  130.05161	  130.80405
 1182	  38.09705	  29.022	  130.40105	  131.15149
 1167	  32.44825	  18.0761	  132.80453	  133.54126
 1168	  33.09257	  20.49591	  133.13684	  133.87167
 1169	  31.92133	  18.26715	  133.5504	  134.28287
 1169	  31.92133	  18.26715	  133.5504	  134.28287
 1168	  33.09257	  20.49591	  133.13684	  133.87167
 1170	  32.3335	  20.52778	  133.79005	  134.52115
 1163	  31.45204	  16.12731	  132.3313	  133.07071
 1164	  32.44825	  18.0761	  132.80453	  133.54126
 1165	  31.15197	  15.97868	  133.10284	  133.83786
 1165	  31.15197	  15.97868	  133.10284	  133.83786
 1164	  32.44825	  18.0761	  132.80453	  133.54126
 1166	  31.92133	  18.26715	  133.5504	  134.28287
 1159	  33.64803	  25.05448	  132.55515	  133.2933
 1160	  33.4502	  22.83361	  132.41391	  133.15286
 1161	  34.1207	  25.13488	  131.74199	  132.4848
 1161	  34.1207	  25.13488	  131.74199	  132.4848
 1160	  33.4502	  22.83361	  132.41391	  133.15286
 1162	  34.21149	  22.83202	  131.69589	  132.43896
 1155	  33.4502	  22.83361	  132.41391	  133.15286
 1156	  33.47686	  20.21996	  132.32463	  133.06409
 1157	  34.21149	  22.83202	  131.69589	  132.43896
 1157	  34.21149	  22.83202	  131.69589	  132.43896
 1156	  33.47686	  20.21996	  132.32463	  133.06409
 1158	  34.01573	  20.1129	  131.56323	  132.30704
 1151	  33.26287	  22.71129	  133.25345	  133.98761
 1152	  33.09257	  20.49591	  133.13684	  133.87167
 1153	  33.4502	  22.83361	  132.41391	  133.15286
 1153	  33.4502	  22.83361	  132.41391	  133.15286
 1152	  33.09257	  20.49591	  133.13684	  133.87167
 1154	  33.47686	  20.21996	  132.32463	  133.06409
 1147	  33.40609	  24.86756	  133.37303	  134.10651
 1148	  33.26287	  22.71129	  133.25345	  133.98761
 1149	  33.64803	  25.05448	  132.55515	  133.2933
 1149	  33.64803	  25.05448	  132.55515	  133.2933
 1148	  33.26287	  22.71129	  133.25345	  133.98761
 1150	  33.4502	  22.83361	  132.41391	  133.15286
 1136	  34.88909	  27.64425	  130.9836	  131.73074
 1144	  36.14451	  27.42064	  130.40869	  131.15909
 1145	  35.36814	  30.16707	  131.23161	  131.97733
 1145	  35.36814	  30.16707	  131.23161	  131.97733
 1144	  36.14451	  27.42064	  130.40869	  131.15909
 1146	  36.74026	  29.61757	  130.72554	  131.47415
 1103	  34.34877	  30.05101	  132.09418	  132.83496
 1134	  34.18816	  27.523	  131.86566	  132.60776
 1135	  35.36814	  30.16707	  131.23161	  131.97733
 1135	  35.36814	  30.16707	  131.23161	  131.97733
 1134	  34.18816	  27.523	  131.86566	  132.60776
 1136	  34.88909	  27.64425	  130.9836	  131.73074
 1093	  34.02364	  27.14946	  132.74142	  133.47852
 1101	  34.18816	  27.523	  131.86566	  132.60776
 1102	  34.44448	  29.09973	  132.96753	  133.70331
 1102	  34.44448	  29.09973	  132.96753	  133.70331
 1101	  34.18816	  27.523	  131.86566	  132.60776
 1103	  34.34877	  30.05101	  132.09418	  132.83496
 1059	  33.90929	  28.80646	  133.72771	  134.45917
 1091	  33.64456	  26.92408	  133.54449	  134.27698
 1092	  34.44448	  29.09973	  132.96753	  133.70331
 1092	  34.44448	  29.09973	  132.96753	  133.70331
 1091	  33.64456	  26.92408	  133.54449	  134.27698
 1093	  34.02364	  27.14946	  132.74142	  133.47852
 1056	  32.63894	  26.97014	  134.01183	  134.74164
 1057	  33.64456	  26.92408	  133.54449	  134.27698
 1058	  32.95715	  28.8138	  134.23015	  134.95874
 1058	  32.95715	  28.8138	  134.23015	  134.95874
 1057	  33.64456	  26.92408	  133.54449	  134.27698
 1059	  33.90929	  28.80646	  133.72771	  134.45917
 1140	  34.73207	  25.13354	  130.90282	  131.65042
 1141	  35.64257	  25.03527	  130.21945	  130.97095
 1142	  34.88909	  27.64425	  130.9836	  131.73074
 1142	  34.88909	  27.64425	  130.9836	  131.73074
 1141	  35.64257	  25.03527	  130.21945	  130.97095
 1143	  36.14451	  27.42064	  130.40869	  131.15909
 1137	  34.18816	  27.523	  131.86566	  132.60776
 1138	  34.1207	  25.13488	  131.74199	  132.4848
 1139	  34.88909	  27.64425	  130.9836	  131.73074
 1139	  34.88909	  27.64425	  130.9836	  131.73074
 1138	  34.1207	  25.13488	  131.74199	  132.4848
 1140	  34.73207	  25.13354	  130.90282	  131.65042
 1130	  38.91282	  30.36882	  130.8555	  131.60336
 1131	  37.66829	  30.91432	  131.28546	  132.03085
 1132	  38.09705	  29.022	  130.40105	  131.15149
 1132	  38.09705	  29.022	  130.40105	  131.15149
 1131	  37.66829	  30.91432	  131.28546	  132.03085
 1133	  36.74026	  29.61757	  130.72554	  131.47415
 1126	  39.93933	  30.64841	  131.42285	  132.16748
 1127	  38.78096	  31.20654	  131.88248	  132.62448
 1128	  38.91282	  30.36882	  130.8555	  131.60336
 1128	  38.91282	  30.36882	  130.8555	  131.60336
 1127	  38.78096	  31.20654	  131.88248	  132.62448
 1129	  37.66829	  30.91432	  131.28546	  132.03085
 1122	  41.10211	  30.23044	  130.97775	  131.72491
 1123	  39.93933	  30.64841	  131.42285	  132.16748
 1124	  40.14359	  29.95473	  130.46022	  131.21033
 1124	  40.14359	  29.95473	  130.46022	  131.21033
 1123	  39.93933	  30.64841	  131.42285	  132.16748
 1125	  38.91282	  30.36882	  130.8555	  131.60336
 1118	  40.14359	  29.95473	  130.46022	  131.21033
 1119	  38.91282	  30.36882	  130.8555	  131.60336
 1120	  39.3941	  28.62631	  130.07622	  130.82852
 1120	  39.3941	  28.62631	  130.07622	  130.82852
 1119	  38.91282	  30.36882	  130.8555	  131.60336
 1121	  38.09705	  29.022	  130.40105	  131.15149
 1107	  32.41335	  24.91178	  133.83035	  134.56122
 1115	  32.43583	  22.72162	  133.85013	  134.58087
 1116	  33.40609	  24.86756	  133.37303	  134.10651
 1116	  33.40609	  24.86756	  133.37303	  134.10651
 1115	  32.43583	  22.72162	  133.85013	  134.58087
 1117	  33.26287	  22.71129	  133.25345	  133.98761
 1104	  31.50983	  22.70016	  134.34537	  135.07327
 1105	  32.43583	  22.72162	  133.85013	  134.58087
 1106	  31.47212	  24.87228	  134.31805	  135.04614
 1106	  31.47212	  24.87228	  134.31805	  135.04614
 1105	  32.43583	  22.72162	  133.85013	  134.58087
 1107	  32.41335	  24.91178	  133.83035	  134.56122
 1111	  32.43583	  22.72162	  133.85013	  134.58087
 1112	  32.3335	  20.52778	  133.79005	  134.52115
 1113	  33.26287	  22.71129	  133.25345	  133.98761
 1113	  33.26287	  22.71129	  133.25345	  133.98761
 1112	  32.3335	  20.52778	  133.79005	  134.52115
 1114	  33.09257	  20.49591	  133.13684	  133.87167
 1108	  31.42755	  20.55684	  134.31644	  135.04453
 1109	  32.3335	  20.52778	  133.79005	  134.52115
 1110	  31.50983	  22.70016	  134.34537	  135.07327
 1110	  31.50983	  22.70016	  134.34537	  135.07327
 1109	  32.3335	  20.52778	  133.79005	  134.52115
 1111	  32.43583	  22.72162	  133.85013	  134.58087
 1097	  34.02364	  27.14946	  132.74142	  133.47852
 1098	  33.64803	  25.05448	  132.55515	  133.2933
 1099	  34.18816	  27.523	  131.86566	  132.60776
 1099	  34.18816	  27.523	  131.86566	  132.60776
 1098	  33.64803	  25.05448	  132.55515	  133.2933
 1100	  34.1207	  25.13488	  131.74199	  132.4848
 1055	  33.64456	  26.92408	  133.54449	  134.27698
 1094	  33.40609	  24.86756	  133.37303	  134.10651
 1095	  34.02364	  27.14946	  132.74142	  133.47852
 1095	  34.02364	  27.14946	  132.74142	  133.47852
 1094	  33.40609	  24.86756	  133.37303	  134.10651
 1096	  33.64803	  25.05448	  132.55515	  133.2933
 1052	  32.41335	  24.91178	  133.83035	  134.56122
 1053	  33.40609	  24.86756	  133.37303	  134.10651
 1054	  32.63894	  26.97014	  134.01183	  134.74164
 1054	  32.63894	  26.97014	  134.01183	  134.74164
 1053	  33.40609	  24.86756	  133.37303	  134.10651
 1055	  33.64456	  26.92408	  133.54449	  134.27698
 1088	  36.46413	  31.43654	  131.83046	  132.57275
 1089	  35.4584	  31.46339	  132.56032	  133.29843
 1090	  35.36814	  30.16707	  131.23161	  131.97733
 1090	  35.36814	  30.16707	  131.23161	  131.97733
 1089	  35.4584	  31.46339	  132.56032	  133.29843
 1029	  34.34877	  30.05101	  132.09418	  132.83496
 1029	  34.34877	  30.05101	  132.09418	  132.83496
 1030	  35.4584	  31.46339	  132.56032	  133.29843
 1031	  34.44448	  29.09973	  132.96753	  133.70331
 1031	  34.44448	  29.09973	  132.96753	  133.70331
 1030	  35.4584	  31.46339	  132.56032	  133.29843
 1032	  34.93917	  30.54309	  133.26364	  133.99774
 1032	  34.93917	  30.54309	  133.26364	  133.99774
 1041	  34.22812	  30.30438	  133.90959	  134.63998
 1042	  34.44448	  29.09973	  132.96753	  133.70331
 1042	  34.44448	  29.09973	  132.96753	  133.70331
 1041	  34.22812	  30.30438	  133.90959	  134.63998
 1043	  33.90929	  28.80646	  133.72771	  134.45917
 1084	  37.67177	  31.40111	  132.41338	  133.15234
 1085	  36.70767	  30.91559	  132.99249	  133.72815
 1086	  36.46413	  31.43654	  131.83046	  132.57275
 1086	  36.46413	  31.43654	  131.83046	  132.57275
 1085	  36.70767	  30.91559	  132.99249	  133.72815
 1087	  35.4584	  31.46339	  132.56032	  133.29843
 1080	  38.78096	  31.20654	  131.88248	  132.62448
 1081	  37.67177	  31.40111	  132.41338	  133.15234
 1082	  37.66829	  30.91432	  131.28546	  132.03085
 1082	  37.66829	  30.91432	  131.28546	  132.03085
 1081	  37.67177	  31.40111	  132.41338	  133.15234
 1083	  36.46413	  31.43654	  131.83046	  132.57275
 1076	  37.66829	  30.91432	  131.28546	  132.03085
 1077	  36.46413	  31.43654	  131.83046	  132.57275
 1078	  36.74026	  29.61757	  130.72554	  131.47415
 1078	  36.74026	  29.61757	  130.72554	  131.47415
 1077	  36.46413	  31.43654	  131.83046	  132.57275
 1079	  35.36814	  30.16707	  131.23161	  131.97733
 1072	  41.15379	  30.46012	  131.87653	  132.61853
 1073	  42.23104	  30.30724	  131.43217	  132.17673
 1074	  42.45905	  30.21291	  132.24792	  132.98782
 1074	  42.45905	  30.21291	  132.24792	  132.98782
 1073	  42.23104	  30.30724	  131.43217	  132.17673
 1075	  43.47348	  30.20146	  131.80322	  132.54568
 1068	  39.93933	  30.64841	  131.42285	  132.16748
 1069	  41.10211	  30.23044	  130.97775	  131.72491
 1070	  41.15379	  30.46012	  131.87653	  132.61853
 1070	  41.15379	  30.46012	  131.87653	  132.61853
 1069	  41.10211	  30.23044	  130.97775	  131.72491
 1071	  42.23104	  30.30724	  131.43217	  132.17673
 1064	  38.78096	  31.20654	  131.88248	  132.62448
 1065	  39.93933	  30.64841	  131.42285	  132.16748
 1066	  40.08699	  30.655	  132.33723	  133.07663
 1066	  40.08699	  30.655	  132.33723	  133.07663
 1065	  39.93933	  30.64841	  131.42285	  132.16748
 1067	  41.15379	  30.46012	  131.87653	  132.61853
 1060	  40.08699	  30.655	  132.33723	  133.07663
 1061	  41.15379	  30.46012	  131.87653	  132.61853
 1062	  41.4565	  30.27488	  132.71011	  133.44739
 1062	  41.4565	  30.27488	  132.71011	  133.44739
 1061	  41.15379	  30.46012	  131.87653	  132.61853
 1063	  42.45905	  30.21291	  132.24792	  132.98782
 1048	  31.47212	  24.87228	  134.31805	  135.04614
 1049	  32.41335	  24.91178	  133.83035	  134.56122
 1050	  31.65627	  26.96694	  134.44905	  135.17636
 1050	  31.65627	  26.96694	  134.44905	  135.17636
 1049	  32.41335	  24.91178	  133.83035	  134.56122
 1051	  32.63894	  26.97014	  134.01183	  134.74164
 1044	  31.65627	  26.96694	  134.44905	  135.17636
 1045	  32.63894	  26.97014	  134.01183	  134.74164
 1046	  32.12611	  28.6746	  134.75218	  135.47775
 1046	  32.12611	  28.6746	  134.75218	  135.47775
 1045	  32.63894	  26.97014	  134.01183	  134.74164
 1047	  32.95715	  28.8138	  134.23015	  134.95874
 1037	  35.8913	  30.28666	  133.63222	  134.3642
 1038	  35.0452	  30.23699	  134.25066	  134.9791
 1039	  34.93917	  30.54309	  133.26364	  133.99774
 1039	  34.93917	  30.54309	  133.26364	  133.99774
 1038	  35.0452	  30.23699	  134.25066	  134.9791
 1040	  34.22812	  30.30438	  133.90959	  134.63998
 1033	  36.70767	  30.91559	  132.99249	  133.72815
 1034	  35.8913	  30.28666	  133.63222	  134.3642
 1035	  35.4584	  31.46339	  132.56032	  133.29843
 1035	  35.4584	  31.46339	  132.56032	  133.29843
 1034	  35.8913	  30.28666	  133.63222	  134.3642
 1036	  34.93917	  30.54309	  133.26364	  133.99774
 1025	  39.03227	  30.68019	  132.84622	  133.5827
 1026	  40.08699	  30.655	  132.33723	  133.07663
 1027	  40.44674	  30.24497	  133.1976	  133.93207
 1027	  40.44674	  30.24497	  133.1976	  133.93207
 1026	  40.08699	  30.655	  132.33723	  133.07663
 1028	  41.4565	  30.27488	  132.71011	  133.44739
 1021	  37.67177	  31.40111	  132.41338	  133.15234
 1022	  38.78096	  31.20654	  131.88248	  132.62448
 1023	  39.03227	  30.68019	  132.84622	  133.5827
 1023	  39.03227	  30.68019	  132.84622	  133.5827
 1022	  38.78096	  31.20654	  131.88248	  132.62448
 1024	  40.08699	  30.655	  132.33723	  133.07663
 1017	  36.70767	  30.91559	  132.99249	  133.72815
 1018	  37.67177	  31.40111	  132.41338	  133.15234
 1019	  37.98861	  30.46555	  133.41309	  134.14633
 1019	  37.98861	  30.46555	  133.41309	  134.14633
 1018	  37.67177	  31.40111	  132.41338	  133.15234
 1020	  39.03227	  30.68019	  132.84622	  133.5827
 1013	  37.98861	  30.46555	  133.41309	  134.14633
 1014	  39.03227	  30.68019	  132.84622	  133.5827
 1015	  39.41145	  30.05377	  133.73376	  134.46518
 1015	  39.41145	  30.05377	  133.73376	  134.46518
 1014	  39.03227	  30.68019	  132.84622	  133.5827
 1016	  40.44674	  30.24497	  133.1976	  133.93207
 1009	  33.46346	  30.0452	  134.50925	  135.23624
 1010	  32.70322	  29.82083	  135.06647	  135.79025
 1011	  32.95715	  28.8138	  134.23015	  134.95874
 1011	  32.95715	  28.8138	  134.23015	  134.95874
 1010	  32.70322	  29.82083	  135.06647	  135.79025
 1012	  32.12611	  28.6746	  134.75218	  135.47775
 1005	  34.20039	  30.01125	  134.81584	  135.54108
 1006	  33.46442	  29.65211	  135.38844	  136.11038
 1007	  33.46346	  30.0452	  134.50925	  135.23624
 1007	  33.46346	  30.0452	  134.50925	  135.23624
 1006	  33.46442	  29.65211	  135.38844	  136.11038
 1008	  32.70322	  29.82083	  135.06647	  135.79025
 1001	  35.0452	  30.23699	  134.25066	  134.9791
 1002	  34.20039	  30.01125	  134.81584	  135.54108
 1003	  34.22812	  30.30438	  133.90959	  134.63998
 1003	  34.22812	  30.30438	  133.90959	  134.63998
 1002	  34.20039	  30.01125	  134.81584	  135.54108
 1004	  33.46346	  30.0452	  134.50925	  135.23624
 997	  34.22812	  30.30438	  133.90959	  134.63998
 998	  33.46346	  30.0452	  134.50925	  135.23624
 999	  33.90929	  28.80646	  133.72771	  134.45917
 999	  33.90929	  28.80646	  133.72771	  134.45917
 998	  33.46346	  30.0452	  134.50925	  135.23624
 1000	  32.95715	  28.8138	  134.23015	  134.95874
 993	  37.03683	  30.01481	  133.9949	  134.72482
 994	  37.98861	  30.46555	  133.41309	  134.14633
 995	  38.35441	  29.75015	  134.31476	  135.04285
 995	  38.35441	  29.75015	  134.31476	  135.04285
 994	  37.98861	  30.46555	  133.41309	  134.14633
 996	  39.41145	  30.05377	  133.73376	  134.46518
 989	  35.8913	  30.28666	  133.63222	  134.3642
 990	  36.70767	  30.91559	  132.99249	  133.72815
 991	  37.03683	  30.01481	  133.9949	  134.72482
 991	  37.03683	  30.01481	  133.9949	  134.72482
 990	  36.70767	  30.91559	  132.99249	  133.72815
 992	  37.98861	  30.46555	  133.41309	  134.14633
 985	  35.0452	  30.23699	  134.25066	  134.9791
 986	  35.8913	  30.28666	  133.63222	  134.3642
 987	  36.10029	  29.80657	  134.58694	  135.31348
 987	  36.10029	  29.80657	  134.58694	  135.31348
 986	  35.8913	  30.28666	  133.63222	  134.3642
 988	  37.03683	  30.01481	  133.9949	  134.72482
 981	  36.10029	  29.80657	  134.58694	  135.31348
 982	  37.03683	  30.01481	  133.9949	  134.72482
 983	  37.24323	  29.51603	  134.92081	  135.64545
 983	  37.24323	  29.51603	  134.92081	  135.64545
 982	  37.03683	  30.01481	  133.9949	  134.72482
 984	  38.35441	  29.75015	  134.31476	  135.04285
 977	  29.17171	  16.95778	  133.87267	  134.60327
 978	  28.65984	  14.5658	  133.65361	  134.38547
 979	  30.33044	  16.34014	  133.6221	  134.35416
 979	  30.33044	  16.34014	  133.6221	  134.35416
 978	  28.65984	  14.5658	  133.65361	  134.38547
 980	  29.64093	  14.16784	  133.24568	  133.97989
 973	  29.64093	  14.16784	  133.24568	  133.97989
 974	  28.65984	  14.5658	  133.65361	  134.38547
 975	  28.82407	  12.77453	  132.81233	  133.54901
 975	  28.82407	  12.77453	  132.81233	  133.54901
 974	  28.65984	  14.5658	  133.65361	  134.38547
 976	  27.97874	  12.88899	  133.33969	  134.07336
 965	  35.15945	  29.60577	  135.1615	  135.88477
 966	  36.10029	  29.80657	  134.58694	  135.31348
 967	  36.05957	  29.31483	  135.5172	  136.2384
 967	  36.05957	  29.31483	  135.5172	  136.2384
 966	  36.10029	  29.80657	  134.58694	  135.31348
 968	  37.24323	  29.51603	  134.92081	  135.64545
 961	  34.20039	  30.01125	  134.81584	  135.54108
 962	  35.0452	  30.23699	  134.25066	  134.9791
 963	  35.15945	  29.60577	  135.1615	  135.88477
 963	  35.15945	  29.60577	  135.1615	  135.88477
 962	  35.0452	  30.23699	  134.25066	  134.9791
 964	  36.10029	  29.80657	  134.58694	  135.31348
 957	  33.46442	  29.65211	  135.38844	  136.11038
 958	  34.20039	  30.01125	  134.81584	  135.54108
 959	  34.3409	  29.35892	  135.70708	  136.42722
 959	  34.3409	  29.35892	  135.70708	  136.42722
 958	  34.20039	  30.01125	  134.81584	  135.54108
 960	  35.15945	  29.60577	  135.1615	  135.88477
 953	  43.34396	  10.55529	  124.87619	  125.65823
 954	  42.49097	  10.84201	  125.49432	  126.27282
 955	  42.49052	  8.89912	  124.53325	  125.31724
 955	  42.49052	  8.89912	  124.53325	  125.31724
 954	  42.49097	  10.84201	  125.49432	  126.27282
 956	  41.64281	  9.17799	  125.14189	  125.9224
 950	  43.34396	  10.55529	  124.87619	  125.65823
 951	  44.10065	  12.65751	  125.18407	  125.96435
 952	  42.49097	  10.84201	  125.49432	  126.27282
 952	  42.49097	  10.84201	  125.49432	  126.27282
 951	  44.10065	  12.65751	  125.18407	  125.96435
 930	  43.22913	  13.01283	  125.80971	  126.58642
 930	  43.22913	  13.01283	  125.80971	  126.58642
 931	  42.31829	  13.25647	  126.43475	  127.20788
 932	  42.49097	  10.84201	  125.49432	  126.27282
 932	  42.49097	  10.84201	  125.49432	  126.27282
 931	  42.31829	  13.25647	  126.43475	  127.20788
 933	  41.59583	  11.03263	  126.11362	  126.88857
 946	  44.17839	  10.14501	  124.27481	  125.06028
 947	  44.95749	  12.19421	  124.57538	  125.35914
 948	  43.34396	  10.55529	  124.87619	  125.65823
 948	  43.34396	  10.55529	  124.87619	  125.65823
 947	  44.95749	  12.19421	  124.57538	  125.35914
 949	  44.10065	  12.65751	  125.18407	  125.96435
 942	  44.17839	  10.14501	  124.27481	  125.06028
 943	  43.34396	  10.55529	  124.87619	  125.65823
 944	  43.29208	  8.5953	  123.93874	  124.72613
 944	  43.29208	  8.5953	  123.93874	  124.72613
 943	  43.34396	  10.55529	  124.87619	  125.65823
 945	  42.49052	  8.89912	  124.53325	  125.31724
 938	  41.59583	  11.03263	  126.11362	  126.88857
 939	  40.67942	  11.04688	  126.72241	  127.4939
 940	  40.76853	  9.33362	  125.75861	  126.53559
 940	  40.76853	  9.33362	  125.75861	  126.53559
 939	  40.67942	  11.04688	  126.72241	  127.4939
 941	  39.88037	  9.32702	  126.37367	  127.14713
 934	  42.31829	  13.25647	  126.43475	  127.20788
 935	  41.3783	  13.32648	  127.04054	  127.8102
 936	  41.59583	  11.03263	  126.11362	  126.88857
 936	  41.59583	  11.03263	  126.11362	  126.88857
 935	  41.3783	  13.32648	  127.04054	  127.8102
 937	  40.67942	  11.04688	  126.72241	  127.4939
 926	  42.49097	  10.84201	  125.49432	  126.27282
 927	  41.59583	  11.03263	  126.11362	  126.88857
 928	  41.64281	  9.17799	  125.14189	  125.9224
 928	  41.64281	  9.17799	  125.14189	  125.9224
 927	  41.59583	  11.03263	  126.11362	  126.88857
 929	  40.76853	  9.33362	  125.75861	  126.53559
 922	  39.74503	  10.88471	  127.31226	  128.08038
 923	  38.75323	  10.74279	  127.84702	  128.61206
 924	  38.96127	  9.34383	  126.96494	  127.73504
 924	  38.96127	  9.34383	  126.96494	  127.73504
 923	  38.75323	  10.74279	  127.84702	  128.61206
 925	  37.99985	  9.565	  127.50125	  128.26828
 918	  40.40057	  13.23444	  127.61703	  128.38339
 919	  39.40392	  12.94943	  128.15778	  128.92105
 920	  39.74503	  10.88471	  127.31226	  128.08038
 920	  39.74503	  10.88471	  127.31226	  128.08038
 919	  39.40392	  12.94943	  128.15778	  128.92105
 921	  38.75323	  10.74279	  127.84702	  128.61206
 914	  41.3783	  13.32648	  127.04054	  127.8102
 915	  40.40057	  13.23444	  127.61703	  128.38339
 916	  40.67942	  11.04688	  126.72241	  127.4939
 916	  40.67942	  11.04688	  126.72241	  127.4939
 915	  40.40057	  13.23444	  127.61703	  128.38339
 917	  39.74503	  10.88471	  127.31226	  128.08038
 910	  40.67942	  11.04688	  126.72241	  127.4939
 911	  39.74503	  10.88471	  127.31226	  128.08038
 912	  39.88037	  9.32702	  126.37367	  127.14713
 912	  39.88037	  9.32702	  126.37367	  127.14713
 911	  39.74503	  10.88471	  127.31226	  128.08038
 913	  38.96127	  9.34383	  126.96494	  127.73504
 906	  37.69707	  10.60143	  128.24133	  129.00415
 907	  36.59827	  10.72606	  128.63965	  129.40018
 908	  36.98931	  9.71505	  127.97997	  128.74426
 908	  36.98931	  9.71505	  127.97997	  128.74426
 907	  36.59827	  10.72606	  128.63965	  129.40018
 909	  35.94534	  9.87447	  128.4482	  129.20981
 902	  38.30005	  12.73941	  128.47975	  129.24118
 903	  37.12025	  12.6144	  128.77946	  129.53918
 904	  37.69707	  10.60143	  128.24133	  129.00415
 904	  37.69707	  10.60143	  128.24133	  129.00415
 903	  37.12025	  12.6144	  128.77946	  129.53918
 905	  36.59827	  10.72606	  128.63965	  129.40018
 898	  39.40392	  12.94943	  128.15778	  128.92105
 899	  38.30005	  12.73941	  128.47975	  129.24118
 900	  38.75323	  10.74279	  127.84702	  128.61206
 900	  38.75323	  10.74279	  127.84702	  128.61206
 899	  38.30005	  12.73941	  128.47975	  129.24118
 901	  37.69707	  10.60143	  128.24133	  129.00415
 894	  38.75323	  10.74279	  127.84702	  128.61206
 895	  37.69707	  10.60143	  128.24133	  129.00415
 896	  37.99985	  9.565	  127.50125	  128.26828
 896	  37.99985	  9.565	  127.50125	  128.26828
 895	  37.69707	  10.60143	  128.24133	  129.00415
 897	  36.98931	  9.71505	  127.97997	  128.74426
 890	  45.65182	  22.55479	  125.75879	  126.53577
 891	  45.60349	  20.22029	  125.80205	  126.57879
 892	  46.63272	  22.33146	  125.20699	  125.98713
 892	  46.63272	  22.33146	  125.20699	  125.98713
 891	  45.60349	  20.22029	  125.80205	  126.57879
 893	  46.62772	  19.95002	  125.26486	  126.04467
 886	  45.60349	  20.22029	  125.80205	  126.57879
 887	  45.2768	  17.69112	  125.67917	  126.45661
 888	  46.62772	  19.95002	  125.26486	  126.04467
 888	  46.62772	  19.95002	  125.26486	  126.04467
 887	  45.2768	  17.69112	  125.67917	  126.45661
 889	  46.19743	  17.24661	  125.08141	  125.86227
 882	  44.51849	  20.53547	  126.34656	  127.12019
 883	  44.34899	  18.10675	  126.3085	  127.08236
 884	  45.60349	  20.22029	  125.80205	  126.57879
 884	  45.60349	  20.22029	  125.80205	  126.57879
 883	  44.34899	  18.10675	  126.3085	  127.08236
 885	  45.2768	  17.69112	  125.67917	  126.45661
 878	  44.66345	  22.84601	  126.38777	  127.16117
 879	  44.51849	  20.53547	  126.34656	  127.12019
 880	  45.65182	  22.55479	  125.75879	  126.53577
 880	  45.65182	  22.55479	  125.75879	  126.53577
 879	  44.51849	  20.53547	  126.34656	  127.12019
 881	  45.60349	  20.22029	  125.80205	  126.57879
 874	  44.09391	  22.99468	  127.24057	  128.00909
 875	  43.83165	  20.80346	  127.14479	  127.91386
 876	  44.66345	  22.84601	  126.38777	  127.16117
 876	  44.66345	  22.84601	  126.38777	  127.16117
 875	  43.83165	  20.80346	  127.14479	  127.91386
 877	  44.51849	  20.53547	  126.34656	  127.12019
 870	  43.83165	  20.80346	  127.14479	  127.91386
 871	  43.5098	  18.51988	  127.0097	  127.77955
 872	  44.51849	  20.53547	  126.34656	  127.12019
 872	  44.51849	  20.53547	  126.34656	  127.12019
 871	  43.5098	  18.51988	  127.0097	  127.77955
 873	  44.34899	  18.10675	  126.3085	  127.08236
 866	  42.76591	  21.2715	  127.70123	  128.46713
 867	  42.50587	  18.99524	  127.59999	  128.36646
 868	  43.83165	  20.80346	  127.14479	  127.91386
 868	  43.83165	  20.80346	  127.14479	  127.91386
 867	  42.50587	  18.99524	  127.59999	  128.36646
 869	  43.5098	  18.51988	  127.0097	  127.77955
 862	  43.21664	  23.30503	  127.9483	  128.71277
 863	  42.76591	  21.2715	  127.70123	  128.46713
 864	  44.09391	  22.99468	  127.24057	  128.00909
 864	  44.09391	  22.99468	  127.24057	  128.00909
 863	  42.76591	  21.2715	  127.70123	  128.46713
 865	  43.83165	  20.80346	  127.14479	  127.91386
 858	  42.14455	  23.71882	  128.51704	  129.27826
 859	  41.66153	  21.71364	  128.24892	  129.01166
 860	  43.21664	  23.30503	  127.9483	  128.71277
 860	  43.21664	  23.30503	  127.9483	  128.71277
 859	  41.66153	  21.71364	  128.24892	  129.01166
 861	  42.76591	  21.2715	  127.70123	  128.46713
 854	  41.66153	  21.71364	  128.24892	  129.01166
 855	  41.44608	  19.30339	  128.1355	  128.8989
 856	  42.76591	  21.2715	  127.70123	  128.46713
 856	  42.76591	  21.2715	  127.70123	  128.46713
 855	  41.44608	  19.30339	  128.1355	  128.8989
 857	  42.50587	  18.99524	  127.59999	  128.36646
 843	  40.78133	  21.86703	  128.96176	  129.72046
 851	  40.49619	  19.43912	  128.765	  129.52481
 852	  41.66153	  21.71364	  128.24892	  129.01166
 852	  41.66153	  21.71364	  128.24892	  129.01166
 851	  40.49619	  19.43912	  128.765	  129.52481
 853	  41.44608	  19.30339	  128.1355	  128.8989
 840	  39.31044	  19.2727	  129.22774	  129.98489
 841	  40.49619	  19.43912	  128.765	  129.52481
 842	  39.69971	  22.05749	  129.53441	  130.28983
 842	  39.69971	  22.05749	  129.53441	  130.28983
 841	  40.49619	  19.43912	  128.765	  129.52481
 843	  40.78133	  21.86703	  128.96176	  129.72046
 847	  41.11827	  23.98258	  129.12018	  129.87796
 848	  40.78133	  21.86703	  128.96176	  129.72046
 849	  42.14455	  23.71882	  128.51704	  129.27826
 849	  42.14455	  23.71882	  128.51704	  129.27826
 848	  40.78133	  21.86703	  128.96176	  129.72046
 850	  41.66153	  21.71364	  128.24892	  129.01166
 844	  39.69971	  22.05749	  129.53441	  130.28983
 845	  40.78133	  21.86703	  128.96176	  129.72046
 846	  39.83807	  24.27378	  129.4256	  130.18164
 846	  39.83807	  24.27378	  129.4256	  130.18164
 845	  40.78133	  21.86703	  128.96176	  129.72046
 847	  41.11827	  23.98258	  129.12018	  129.87796
 836	  38.04461	  19.23862	  129.53793	  130.2933
 837	  39.31044	  19.2727	  129.22774	  129.98489
 838	  38.30274	  22.27281	  129.69397	  130.44846
 838	  38.30274	  22.27281	  129.69397	  130.44846
 837	  39.31044	  19.2727	  129.22774	  129.98489
 839	  39.69971	  22.05749	  129.53441	  130.28983
 832	  38.30274	  22.27281	  129.69397	  130.44846
 833	  39.69971	  22.05749	  129.53441	  130.28983
 834	  38.54108	  24.50547	  129.7458	  130.50
 834	  38.54108	  24.50547	  129.7458	  130.50
 833	  39.69971	  22.05749	  129.53441	  130.28983
 835	  39.83807	  24.27378	  129.4256	  130.18164
 828	  38.83449	  15.99473	  128.92273	  129.68164
 829	  37.65749	  15.97174	  129.27031	  130.02722
 830	  38.30005	  12.73941	  128.47975	  129.24118
 830	  38.30005	  12.73941	  128.47975	  129.24118
 829	  37.65749	  15.97174	  129.27031	  130.02722
 831	  37.12025	  12.6144	  128.77946	  129.53918
 824	  39.31044	  19.2727	  129.22774	  129.98489
 825	  38.04461	  19.23862	  129.53793	  130.2933
 826	  38.83449	  15.99473	  128.92273	  129.68164
 826	  38.83449	  15.99473	  128.92273	  129.68164
 825	  38.04461	  19.23862	  129.53793	  130.2933
 827	  37.65749	  15.97174	  129.27031	  130.02722
 820	  40.49619	  19.43912	  128.765	  129.52481
 821	  39.31044	  19.2727	  129.22774	  129.98489
 822	  39.94804	  16.05715	  128.45496	  129.21652
 822	  39.94804	  16.05715	  128.45496	  129.21652
 821	  39.31044	  19.2727	  129.22774	  129.98489
 823	  38.83449	  15.99473	  128.92273	  129.68164
 816	  39.94804	  16.05715	  128.45496	  129.21652
 817	  38.83449	  15.99473	  128.92273	  129.68164
 818	  39.40392	  12.94943	  128.15778	  128.92105
 818	  39.40392	  12.94943	  128.15778	  128.92105
 817	  38.83449	  15.99473	  128.92273	  129.68164
 819	  38.30005	  12.73941	  128.47975	  129.24118
 812	  40.96899	  16.0996	  127.89577	  128.66055
 813	  39.94804	  16.05715	  128.45496	  129.21652
 814	  40.40057	  13.23444	  127.61703	  128.38339
 814	  40.40057	  13.23444	  127.61703	  128.38339
 813	  39.94804	  16.05715	  128.45496	  129.21652
 815	  39.40392	  12.94943	  128.15778	  128.92105
 808	  41.44608	  19.30339	  128.1355	  128.8989
 809	  40.49619	  19.43912	  128.765	  129.52481
 810	  40.96899	  16.0996	  127.89577	  128.66055
 810	  40.96899	  16.0996	  127.89577	  128.66055
 809	  40.49619	  19.43912	  128.765	  129.52481
 811	  39.94804	  16.05715	  128.45496	  129.21652
 805	  41.9864	  16.043	  127.33273	  128.10074
 806	  42.50587	  18.99524	  127.59999	  128.36646
 807	  40.96899	  16.0996	  127.89577	  128.66055
 807	  40.96899	  16.0996	  127.89577	  128.66055
 806	  42.50587	  18.99524	  127.59999	  128.36646
 808	  41.44608	  19.30339	  128.1355	  128.8989
 801	  41.9864	  16.043	  127.33273	  128.10074
 802	  40.96899	  16.0996	  127.89577	  128.66055
 803	  41.3783	  13.32648	  127.04054	  127.8102
 803	  41.3783	  13.32648	  127.04054	  127.8102
 802	  40.96899	  16.0996	  127.89577	  128.66055
 804	  40.40057	  13.23444	  127.61703	  128.38339
 789	  42.95062	  15.82954	  126.73032	  127.50176
 798	  41.9864	  16.043	  127.33273	  128.10074
 799	  42.31829	  13.25647	  126.43475	  127.20788
 799	  42.31829	  13.25647	  126.43475	  127.20788
 798	  41.9864	  16.043	  127.33273	  128.10074
 800	  41.3783	  13.32648	  127.04054	  127.8102
 786	  43.22913	  13.01283	  125.80971	  126.58642
 787	  43.8494	  15.50608	  126.08586	  126.86097
 788	  42.31829	  13.25647	  126.43475	  127.20788
 788	  42.31829	  13.25647	  126.43475	  127.20788
 787	  43.8494	  15.50608	  126.08586	  126.86097
 789	  42.95062	  15.82954	  126.73032	  127.50176
 794	  42.95062	  15.82954	  126.73032	  127.50176
 795	  43.5098	  18.51988	  127.0097	  127.77955
 796	  41.9864	  16.043	  127.33273	  128.10074
 796	  41.9864	  16.043	  127.33273	  128.10074
 795	  43.5098	  18.51988	  127.0097	  127.77955
 797	  42.50587	  18.99524	  127.59999	  128.36646
 790	  43.8494	  15.50608	  126.08586	  126.86097
 791	  44.34899	  18.10675	  126.3085	  127.08236
 792	  42.95062	  15.82954	  126.73032	  127.50176
 792	  42.95062	  15.82954	  126.73032	  127.50176
 791	  44.34899	  18.10675	  126.3085	  127.08236
 793	  43.5098	  18.51988	  127.0097	  127.77955
 782	  44.10065	  12.65751	  125.18407	  125.96435
 783	  44.755	  15.09023	  125.45709	  126.2358
 784	  43.22913	  13.01283	  125.80971	  126.58642
 784	  43.22913	  13.01283	  125.80971	  126.58642
 783	  44.755	  15.09023	  125.45709	  126.2358
 785	  43.8494	  15.50608	  126.08586	  126.86097
 778	  44.755	  15.09023	  125.45709	  126.2358
 779	  45.2768	  17.69112	  125.67917	  126.45661
 780	  43.8494	  15.50608	  126.08586	  126.86097
 780	  43.8494	  15.50608	  126.08586	  126.86097
 779	  45.2768	  17.69112	  125.67917	  126.45661
 781	  44.34899	  18.10675	  126.3085	  127.08236
 774	  45.62571	  14.61902	  124.84467	  125.62688
 775	  46.19743	  17.24661	  125.08141	  125.86227
 776	  44.755	  15.09023	  125.45709	  126.2358
 776	  44.755	  15.09023	  125.45709	  126.2358
 775	  46.19743	  17.24661	  125.08141	  125.86227
 777	  45.2768	  17.69112	  125.67917	  126.45661
 770	  44.95749	  12.19421	  124.57538	  125.35914
 771	  45.62571	  14.61902	  124.84467	  125.62688
 772	  44.10065	  12.65751	  125.18407	  125.96435
 772	  44.10065	  12.65751	  125.18407	  125.96435
 771	  45.62571	  14.61902	  124.84467	  125.62688
 773	  44.755	  15.09023	  125.45709	  126.2358
 766	  47.30135	  28.59175	  126.21996	  126.9943
 767	  46.51862	  28.81402	  126.89404	  127.66454
 768	  46.49374	  26.89714	  126.01547	  126.79101
 768	  46.49374	  26.89714	  126.01547	  126.79101
 767	  46.51862	  28.81402	  126.89404	  127.66454
 769	  45.61261	  27.16861	  126.6759	  127.44765
 762	  48.53825	  29.10124	  126.50243	  127.27517
 763	  48.00055	  29.27646	  127.2159	  127.98455
 764	  47.30135	  28.59175	  126.21996	  126.9943
 764	  47.30135	  28.59175	  126.21996	  126.9943
 763	  48.00055	  29.27646	  127.2159	  127.98455
 765	  46.51862	  28.81402	  126.89404	  127.66454
 758	  49.03679	  29.15982	  125.97499	  126.75074
 759	  48.53825	  29.10124	  126.50243	  127.27517
 760	  48.00163	  28.42521	  125.64354	  126.42118
 760	  48.00163	  28.42521	  125.64354	  126.42118
 759	  48.53825	  29.10124	  126.50243	  127.27517
 761	  47.30135	  28.59175	  126.21996	  126.9943
 754	  48.00163	  28.42521	  125.64354	  126.42118
 755	  47.30135	  28.59175	  126.21996	  126.9943
 756	  47.367	  26.62313	  125.46481	  126.24348
 756	  47.367	  26.62313	  125.46481	  126.24348
 755	  47.30135	  28.59175	  126.21996	  126.9943
 757	  46.49374	  26.89714	  126.01547	  126.79101
 750	  45.51875	  29.0071	  127.61789	  128.38425
 751	  44.46487	  29.40756	  128.26436	  129.02704
 752	  44.85999	  27.24417	  127.46187	  128.22913
 752	  44.85999	  27.24417	  127.46187	  128.22913
 751	  44.46487	  29.40756	  128.26436	  129.02704
 753	  43.86839	  27.60718	  128.09892	  128.86255
 746	  46.59499	  29.57871	  128.01329	  128.77737
 747	  45.44398	  30.03514	  128.70023	  129.46042
 748	  45.51875	  29.0071	  127.61789	  128.38425
 748	  45.51875	  29.0071	  127.61789	  128.38425
 747	  45.44398	  30.03514	  128.70023	  129.46042
 749	  44.46487	  29.40756	  128.26436	  129.02704
 742	  48.00055	  29.27646	  127.2159	  127.98455
 743	  46.59499	  29.57871	  128.01329	  128.77737
 744	  46.51862	  28.81402	  126.89404	  127.66454
 744	  46.51862	  28.81402	  126.89404	  127.66454
 743	  46.59499	  29.57871	  128.01329	  128.77737
 745	  45.51875	  29.0071	  127.61789	  128.38425
 738	  46.51862	  28.81402	  126.89404	  127.66454
 739	  45.51875	  29.0071	  127.61789	  128.38425
 740	  45.61261	  27.16861	  126.6759	  127.44765
 740	  45.61261	  27.16861	  126.6759	  127.44765
 739	  45.51875	  29.0071	  127.61789	  128.38425
 741	  44.85999	  27.24417	  127.46187	  128.22913
 734	  43.40804	  29.79887	  128.87361	  129.63281
 735	  42.33279	  30.04034	  129.43898	  130.19495
 736	  42.82243	  27.98354	  128.68127	  129.44156
 736	  42.82243	  27.98354	  128.68127	  129.44156
 735	  42.33279	  30.04034	  129.43898	  130.19495
 737	  41.727	  28.2776	  129.19972	  129.95703
 730	  44.36826	  30.60157	  129.32584	  130.08243
 731	  43.29746	  30.66363	  129.93079	  130.68393
 732	  43.40804	  29.79887	  128.87361	  129.63281
 732	  43.40804	  29.79887	  128.87361	  129.63281
 731	  43.29746	  30.66363	  129.93079	  130.68393
 733	  42.33279	  30.04034	  129.43898	  130.19495
 726	  45.44398	  30.03514	  128.70023	  129.46042
 727	  44.36826	  30.60157	  129.32584	  130.08243
 728	  44.46487	  29.40756	  128.26436	  129.02704
 728	  44.46487	  29.40756	  128.26436	  129.02704
 727	  44.36826	  30.60157	  129.32584	  130.08243
 729	  43.40804	  29.79887	  128.87361	  129.63281
 722	  44.46487	  29.40756	  128.26436	  129.02704
 723	  43.40804	  29.79887	  128.87361	  129.63281
 724	  43.86839	  27.60718	  128.09892	  128.86255
 724	  43.86839	  27.60718	  128.09892	  128.86255
 723	  43.40804	  29.79887	  128.87361	  129.63281
 725	  42.82243	  27.98354	  128.68127	  129.44156
 718	  41.27785	  29.96957	  129.98567	  130.73849
 719	  40.14359	  29.95473	  130.46022	  131.21033
 720	  40.59312	  28.4541	  129.66238	  130.41705
 720	  40.59312	  28.4541	  129.66238	  130.41705
 719	  40.14359	  29.95473	  130.46022	  131.21033
 721	  39.3941	  28.62631	  130.07622	  130.82852
 714	  42.22601	  30.4505	  130.4749	  131.22495
 715	  41.10211	  30.23044	  130.97775	  131.72491
 716	  41.27785	  29.96957	  129.98567	  130.73849
 716	  41.27785	  29.96957	  129.98567	  130.73849
 715	  41.10211	  30.23044	  130.97775	  131.72491
 717	  40.14359	  29.95473	  130.46022	  131.21033
 710	  43.29746	  30.66363	  129.93079	  130.68393
 711	  42.22601	  30.4505	  130.4749	  131.22495
 712	  42.33279	  30.04034	  129.43898	  130.19495
 712	  42.33279	  30.04034	  129.43898	  130.19495
 711	  42.22601	  30.4505	  130.4749	  131.22495
 713	  41.27785	  29.96957	  129.98567	  130.73849
 706	  42.33279	  30.04034	  129.43898	  130.19495
 707	  41.27785	  29.96957	  129.98567	  130.73849
 708	  41.727	  28.2776	  129.19972	  129.95703
 708	  41.727	  28.2776	  129.19972	  129.95703
 707	  41.27785	  29.96957	  129.98567	  130.73849
 709	  40.59312	  28.4541	  129.66238	  130.41705
 702	  45.95329	  24.83377	  125.85538	  126.63181
 703	  46.82018	  24.64003	  125.25311	  126.033
 704	  46.49374	  26.89714	  126.01547	  126.79101
 704	  46.49374	  26.89714	  126.01547	  126.79101
 703	  46.82018	  24.64003	  125.25311	  126.033
 705	  47.367	  26.62313	  125.46481	  126.24348
 698	  45.95329	  24.83377	  125.85538	  126.63181
 699	  45.65182	  22.55479	  125.75879	  126.53577
 700	  46.82018	  24.64003	  125.25311	  126.033
 700	  46.82018	  24.64003	  125.25311	  126.033
 699	  45.65182	  22.55479	  125.75879	  126.53577
 701	  46.63272	  22.33146	  125.20699	  125.98713
 694	  45.05305	  25.09086	  126.52466	  127.29726
 695	  44.66345	  22.84601	  126.38777	  127.16117
 696	  45.95329	  24.83377	  125.85538	  126.63181
 696	  45.95329	  24.83377	  125.85538	  126.63181
 695	  44.66345	  22.84601	  126.38777	  127.16117
 697	  45.65182	  22.55479	  125.75879	  126.53577
 690	  45.05305	  25.09086	  126.52466	  127.29726
 691	  45.95329	  24.83377	  125.85538	  126.63181
 692	  45.61261	  27.16861	  126.6759	  127.44765
 692	  45.61261	  27.16861	  126.6759	  127.44765
 691	  45.95329	  24.83377	  125.85538	  126.63181
 693	  46.49374	  26.89714	  126.01547	  126.79101
 678	  44.45126	  25.17117	  127.36522	  128.13303
 687	  45.05305	  25.09086	  126.52466	  127.29726
 688	  44.85999	  27.24417	  127.46187	  128.22913
 688	  44.85999	  27.24417	  127.46187	  128.22913
 687	  45.05305	  25.09086	  126.52466	  127.29726
 689	  45.61261	  27.16861	  126.6759	  127.44765
 675	  43.86839	  27.60718	  128.09892	  128.86255
 676	  43.58302	  25.47165	  128.08485	  128.84854
 677	  44.85999	  27.24417	  127.46187	  128.22913
 677	  44.85999	  27.24417	  127.46187	  128.22913
 676	  43.58302	  25.47165	  128.08485	  128.84854
 678	  44.45126	  25.17117	  127.36522	  128.13303
 683	  44.45126	  25.17117	  127.36522	  128.13303
 684	  44.09391	  22.99468	  127.24057	  128.00909
 685	  45.05305	  25.09086	  126.52466	  127.29726
 685	  45.05305	  25.09086	  126.52466	  127.29726
 684	  44.09391	  22.99468	  127.24057	  128.00909
 686	  44.66345	  22.84601	  126.38777	  127.16117
 679	  43.58302	  25.47165	  128.08485	  128.84854
 680	  43.21664	  23.30503	  127.9483	  128.71277
 681	  44.45126	  25.17117	  127.36522	  128.13303
 681	  44.45126	  25.17117	  127.36522	  128.13303
 680	  43.21664	  23.30503	  127.9483	  128.71277
 682	  44.09391	  22.99468	  127.24057	  128.00909
 664	  42.82243	  27.98354	  128.68127	  129.44156
 672	  42.48891	  25.87644	  128.63203	  129.39261
 673	  43.86839	  27.60718	  128.09892	  128.86255
 673	  43.86839	  27.60718	  128.09892	  128.86255
 672	  42.48891	  25.87644	  128.63203	  129.39261
 674	  43.58302	  25.47165	  128.08485	  128.84854
 661	  41.37603	  26.18963	  129.14172	  129.89938
 662	  42.48891	  25.87644	  128.63203	  129.39261
 663	  41.727	  28.2776	  129.19972	  129.95703
 663	  41.727	  28.2776	  129.19972	  129.95703
 662	  42.48891	  25.87644	  128.63203	  129.39261
 664	  42.82243	  27.98354	  128.68127	  129.44156
 668	  42.48891	  25.87644	  128.63203	  129.39261
 669	  42.14455	  23.71882	  128.51704	  129.27826
 670	  43.58302	  25.47165	  128.08485	  128.84854
 670	  43.58302	  25.47165	  128.08485	  128.84854
 669	  42.14455	  23.71882	  128.51704	  129.27826
 671	  43.21664	  23.30503	  127.9483	  128.71277
 665	  41.11827	  23.98258	  129.12018	  129.87796
 666	  42.14455	  23.71882	  128.51704	  129.27826
 667	  41.37603	  26.18963	  129.14172	  129.89938
 667	  41.37603	  26.18963	  129.14172	  129.89938
 666	  42.14455	  23.71882	  128.51704	  129.27826
 668	  42.48891	  25.87644	  128.63203	  129.39261
 657	  40.13126	  26.46847	  129.48073	  130.23645
 658	  41.37603	  26.18963	  129.14172	  129.89938
 659	  40.59312	  28.4541	  129.66238	  130.41705
 659	  40.59312	  28.4541	  129.66238	  130.41705
 658	  41.37603	  26.18963	  129.14172	  129.89938
 660	  41.727	  28.2776	  129.19972	  129.95703
 653	  39.83807	  24.27378	  129.4256	  130.18164
 654	  41.11827	  23.98258	  129.12018	  129.87796
 655	  40.13126	  26.46847	  129.48073	  130.23645
 655	  40.13126	  26.46847	  129.48073	  130.23645
 654	  41.11827	  23.98258	  129.12018	  129.87796
 656	  41.37603	  26.18963	  129.14172	  129.89938
 649	  38.54108	  24.50547	  129.7458	  130.50
 650	  39.83807	  24.27378	  129.4256	  130.18164
 651	  38.85686	  26.71212	  129.8138	  130.56763
 651	  38.85686	  26.71212	  129.8138	  130.56763
 650	  39.83807	  24.27378	  129.4256	  130.18164
 652	  40.13126	  26.46847	  129.48073	  130.23645
 645	  38.85686	  26.71212	  129.8138	  130.56763
 646	  40.13126	  26.46847	  129.48073	  130.23645
 647	  39.3941	  28.62631	  130.07622	  130.82852
 647	  39.3941	  28.62631	  130.07622	  130.82852
 646	  40.13126	  26.46847	  129.48073	  130.23645
 648	  40.59312	  28.4541	  129.66238	  130.41705
 642	  48.742	  29.21423	  127.72955	  128.49527
 643	  49.98787	  28.93265	  127.11789	  127.88711
 644	  49.57735	  29.13631	  128.01395	  128.77805
 644	  49.57735	  29.13631	  128.01395	  128.77805
 643	  49.98787	  28.93265	  127.11789	  127.88711
 641	  50.47227	  28.93842	  127.27432	  128.04263
 639	  49.98787	  28.93265	  127.11789	  127.88711
 640	  51.11729	  28.96627	  126.49794	  127.27071
 641	  50.47227	  28.93842	  127.27432	  128.04263
 632	  48.00055	  29.27646	  127.2159	  127.98455
 633	  49.7225	  28.98732	  126.86252	  127.6332
 634	  48.742	  29.21423	  127.72955	  128.49527
 634	  48.742	  29.21423	  127.72955	  128.49527
 633	  49.7225	  28.98732	  126.86252	  127.6332
 635	  49.98787	  28.93265	  127.11789	  127.88711
 636	  49.7225	  28.98732	  126.86252	  127.6332
 637	  51.11729	  28.96627	  126.49794	  127.27071
