 12240	  11.6053	  17.57726	  170.70152	  171.22165
 12240	  11.6053	  17.57726	  170.70152	  171.22165
 12241	  10.49846	  23.3104	  170.96519	  171.48383
 12242	  11.11666	  23.26502	  170.9138	  171.43271
 12242	  11.11666	  23.26502	  170.9138	  171.43271
 12241	  10.49846	  23.3104	  170.96519	  171.48383
 12376	  10.82904	  28.02356	  171.14676	  171.66437
 12241	  10.49846	  23.3104	  170.96519	  171.48383
 12374	  10.2058	  26.051	  171.04008	  171.55829
 12376	  10.82904	  28.02356	  171.14676	  171.66437
 12374	  10.2058	  26.051	  171.04008	  171.55829
 12375	  10.71239	  33.70051	  171.06129	  171.57938
 12376	  10.82904	  28.02356	  171.14676	  171.66437
 12376	  10.82904	  28.02356	  171.14676	  171.66437
 12375	  10.71239	  33.70051	  171.06129	  171.57938
 12377	  11.08332	  33.78652	  171.09093	  171.60883
 12378	  11.0395	  26.06406	  170.62192	  171.14252
 12379	  11.31142	  33.89259	  170.93475	  171.45355
 12380	  11.25981	  33.93293	  170.78319	  171.30286
 12378	  11.0395	  26.06406	  170.62192	  171.14252
 12382	  10.82904	  28.02356	  171.14676	  171.66437
 12379	  11.31142	  33.89259	  170.93475	  171.45355
 12239	  11.19522	  24.6457	  170.77063	  171.29037
 12382	  10.82904	  28.02356	  171.14676	  171.66437
 12378	  11.0395	  26.06406	  170.62192	  171.14252
 12238	  11.11666	  23.26502	  170.9138	  171.43271
 12382	  10.82904	  28.02356	  171.14676	  171.66437
 12239	  11.19522	  24.6457	  170.77063	  171.29037
 12239	  11.19522	  24.6457	  170.77063	  171.29037
 12235	  12.09455	  17.65862	  170.35225	  170.87439
 12238	  11.11666	  23.26502	  170.9138	  171.43271
 12236	  11.37938	  23.30988	  170.40887	  170.93066
 12235	  12.09455	  17.65862	  170.35225	  170.87439
 12239	  11.19522	  24.6457	  170.77063	  171.29037
 12234	  12.16186	  17.72306	  170.03293	  170.55688
 12235	  12.09455	  17.65862	  170.35225	  170.87439
 12236	  11.37938	  23.30988	  170.40887	  170.93066
 12236	  11.37938	  23.30988	  170.40887	  170.93066
 12239	  11.19522	  24.6457	  170.77063	  171.29037
 12378	  11.0395	  26.06406	  170.62192	  171.14252
 12381	  11.08332	  33.78652	  171.09093	  171.60883
 12379	  11.31142	  33.89259	  170.93475	  171.45355
 12382	  10.82904	  28.02356	  171.14676	  171.66437
 12237	  11.6053	  17.57726	  170.70152	  171.22165
 12238	  11.11666	  23.26502	  170.9138	  171.43271
 12235	  12.09455	  17.65862	  170.35225	  170.87439
 16756	  24.90528	  61.37193	  159.21358	  159.79938
 16757	  25.46261	  60.36123	  159.38072	  159.96555
 16754	  24.87134	  61.24708	  159.20456	  159.79041
 16753	  25.17314	  60.82448	  159.22165	  159.8074
 16754	  24.87134	  61.24708	  159.20456	  159.79041
 16755	  25.46286	  60.38493	  159.27975	  159.86517
 16755	  25.46286	  60.38493	  159.27975	  159.86517
 16754	  24.87134	  61.24708	  159.20456	  159.79041
 16757	  25.46261	  60.36123	  159.38072	  159.96555
 16755	  25.46286	  60.38493	  159.27975	  159.86517
 16757	  25.46261	  60.36123	  159.38072	  159.96555
 16782	  26.0847	  59.44114	  159.58865	  160.1723
 16782	  26.0847	  59.44114	  159.58865	  160.1723
 16757	  25.46261	  60.36123	  159.38072	  159.96555
 16783	  25.91328	  59.84936	  159.58231	  160.16599
 16774	  26.58049	  58.07767	  160.03639	  160.61749
 16782	  26.0847	  59.44114	  159.58865	  160.1723
 16783	  25.91328	  59.84936	  159.58231	  160.16599
 16772	  26.4248	  58.82225	  159.91428	  160.49606
 16774	  26.58049	  58.07767	  160.03639	  160.61749
 16783	  25.91328	  59.84936	  159.58231	  160.16599
 16772	  26.4248	  58.82225	  159.91428	  160.49606
 16773	  26.57399	  58.15617	  160.10384	  160.68454
 16774	  26.58049	  58.07767	  160.03639	  160.61749
 16750	  24.9043	  61.2967	  159.19177	  159.77768
 16751	  24.87134	  61.24708	  159.20456	  159.79041
 16752	  25.17314	  60.82448	  159.22165	  159.8074
 12233	  10.53543	  23.38084	  170.40466	  170.92651
 12229	  10.85421	  20.54628	  170.22566	  170.7485
 12230	  10.99452	  23.35164	  170.30841	  170.83078
 12230	  10.99452	  23.35164	  170.30841	  170.83078
 12386	  10.68474	  26.11147	  170.51706	  171.03824
 12233	  10.53543	  23.38084	  170.40466	  170.92651
 12233	  10.53543	  23.38084	  170.40466	  170.92651
 12386	  10.68474	  26.11147	  170.51706	  171.03824
 12397	  10.30873	  26.13055	  170.58301	  171.10382
 12387	  10.32479	  28.84143	  170.68146	  171.20172
 12397	  10.30873	  26.13055	  170.58301	  171.10382
 12386	  10.68474	  26.11147	  170.51706	  171.03824
 12387	  10.32479	  28.84143	  170.68146	  171.20172
 12384	  10.99473	  33.88363	  170.71628	  171.23633
 12388	  10.75791	  33.81763	  170.75986	  171.27966
 12386	  10.68474	  26.11147	  170.51706	  171.03824
 12384	  10.99473	  33.88363	  170.71628	  171.23633
 12387	  10.32479	  28.84143	  170.68146	  171.20172
 12385	  11.0395	  26.06406	  170.62192	  171.14252
 12384	  10.99473	  33.88363	  170.71628	  171.23633
 12386	  10.68474	  26.11147	  170.51706	  171.03824
 12230	  10.99452	  23.35164	  170.30841	  170.83078
 12385	  11.0395	  26.06406	  170.62192	  171.14252
 12386	  10.68474	  26.11147	  170.51706	  171.03824
 12232	  11.37938	  23.30988	  170.40887	  170.93066
 12385	  11.0395	  26.06406	  170.62192	  171.14252
 12230	  10.99452	  23.35164	  170.30841	  170.83078
 12228	  11.72348	  17.7212	  169.9547	  170.4791
 12232	  11.37938	  23.30988	  170.40887	  170.93066
 12230	  10.99452	  23.35164	  170.30841	  170.83078
 12229	  10.85421	  20.54628	  170.22566	  170.7485
 12228	  11.72348	  17.7212	  169.9547	  170.4791
 12230	  10.99452	  23.35164	  170.30841	  170.83078
 12227	  11.09972	  17.66943	  170.09929	  170.62286
 12228	  11.72348	  17.7212	  169.9547	  170.4791
 12229	  10.85421	  20.54628	  170.22566	  170.7485
 12231	  12.16186	  17.72306	  170.03293	  170.55688
 12232	  11.37938	  23.30988	  170.40887	  170.93066
 12228	  11.72348	  17.7212	  169.9547	  170.4791
 12383	  11.25981	  33.93293	  170.78319	  171.30286
 12384	  10.99473	  33.88363	  170.71628	  171.23633
 12385	  11.0395	  26.06406	  170.62192	  171.14252
 12216	 -53.21559	  50.46752	  171.95132	  172.46432
 12201	 -53.91768	  49.87716	  172.31487	  172.82578
 12217	 -53.17857	  50.27187	  171.96446	  172.47739
 12200	 -53.83913	  49.97953	  172.3849	  172.89542
 12217	 -53.17857	  50.27187	  171.96446	  172.47739
 12201	 -53.91768	  49.87716	  172.31487	  172.82578
 12200	 -53.83913	  49.97953	  172.3849	  172.89542
 12201	 -53.91768	  49.87716	  172.31487	  172.82578
 12202	 -54.53365	  49.62404	  172.91298	  173.42047
 12182	 -53.65784	  45.8643	  171.72781	  172.24207
 12192	 -53.78663	  46.10472	  173.27454	  173.77997
 12193	 -53.85249	  46.4959	  173.28975	  173.7951
 12181	 -53.64158	  45.8099	  172.23166	  172.74307
 12192	 -53.78663	  46.10472	  173.27454	  173.77997
 12182	 -53.65784	  45.8643	  171.72781	  172.24207
 12181	 -53.64158	  45.8099	  172.23166	  172.74307
 12182	 -53.65784	  45.8643	  171.72781	  172.24207
 12183	 -53.66158	  45.68499	  171.75043	  172.26456
 12178	 -53.70584	  45.59415	  171.74316	  172.25735
 12179	 -53.7586	  45.71672	  171.70331	  172.21771
 12180	 -53.98552	  46.30347	  173.27051	  173.77597
 12188	 -53.91119	  46.01306	  173.26106	  173.76657
 12178	 -53.70584	  45.59415	  171.74316	  172.25735
 12180	 -53.98552	  46.30347	  173.27051	  173.77597
 12126	 -49.64869	  61.30957	  176.50047	  176.98746
 12140	 -50.20679	  61.52132	  176.46114	  176.94836
 12127	 -49.64547	  61.18719	  176.40771	  176.89523
 12126	 -49.64869	  61.30957	  176.50047	  176.98746
 12127	 -49.64547	  61.18719	  176.40771	  176.89523
 12128	 -48.83414	  61.20318	  176.65038	  177.13651
 12115	 -51.54728	  65.69302	  176.23907	  176.72757
 12108	 -50.51971	  65.73569	  176.25153	  176.73993
 12116	 -51.52512	  65.25631	  176.30086	  176.789
 12116	 -51.52512	  65.25631	  176.30086	  176.789
 12108	 -50.51971	  65.73569	  176.25153	  176.73993
 12107	 -50.51176	  65.48958	  176.25531	  176.74371
 12107	 -50.51176	  65.48958	  176.25531	  176.74371
 12108	 -50.51971	  65.73569	  176.25153	  176.73993
 12109	 -49.62879	  66.02186	  176.09265	  176.58197
 12110	 -49.66364	  66.20949	  176.07098	  176.56042
 12109	 -49.62879	  66.02186	  176.09265	  176.58197
 12108	 -50.51971	  65.73569	  176.25153	  176.73993
 16736	  25.9604	  52.93575	  158.50006	  159.08994
 16737	  25.50139	  53.09382	  158.25659	  158.84784
 16738	  26.00378	  53.16757	  158.44383	  159.03403
 12103	 -50.52937	  65.83003	  176.16295	  176.65189
 12104	 -49.66364	  66.20949	  176.07098	  176.56042
 12105	 -50.51971	  65.73569	  176.25153	  176.73993
 12114	 -51.54728	  65.69302	  176.23907	  176.72757
 12103	 -50.52937	  65.83003	  176.16295	  176.65189
 12105	 -50.51971	  65.73569	  176.25153	  176.73993
 12095	 -51.52166	  65.2168	  176.17047	  176.65936
 12111	 -51.52512	  65.25631	  176.30086	  176.789
 12096	 -50.51176	  65.48958	  176.25531	  176.74371
 12095	 -51.52166	  65.2168	  176.17047	  176.65936
 12096	 -50.51176	  65.48958	  176.25531	  176.74371
 12097	 -49.64183	  65.97607	  176.0546	  176.54413
 12096	 -50.51176	  65.48958	  176.25531	  176.74371
 12098	 -49.62879	  66.02186	  176.09265	  176.58197
 12097	 -49.64183	  65.97607	  176.0546	  176.54413
 16735	  26.0304	  52.98777	  158.40244	  158.99286
 16733	  26.00378	  53.16757	  158.44383	  159.03403
 16732	  25.55953	  52.91703	  158.1991	  158.79068
 16732	  25.55953	  52.91703	  158.1991	  158.79068
 16733	  26.00378	  53.16757	  158.44383	  159.03403
 16734	  25.50139	  53.09382	  158.25659	  158.84784
 16734	  25.50139	  53.09382	  158.25659	  158.84784
 16749	  25.05218	  52.94448	  158.11661	  158.70868
 16732	  25.55953	  52.91703	  158.1991	  158.79068
 16748	  25.08869	  52.76284	  158.07372	  158.66602
 16732	  25.55953	  52.91703	  158.1991	  158.79068
 16749	  25.05218	  52.94448	  158.11661	  158.70868
 12060	 -51.91957	  44.38182	  173.15135	  173.6575
 12061	 -51.73729	  44.35314	  173.31075	  173.81598
 12062	 -51.46887	  44.24064	  173.47141	  173.97571
 12062	 -51.46887	  44.24064	  173.47141	  173.97571
 12063	 -51.42297	  44.33014	  173.43864	  173.94315
 12060	 -51.91957	  44.38182	  173.15135	  173.6575
 12060	 -51.91957	  44.38182	  173.15135	  173.6575
 12063	 -51.42297	  44.33014	  173.43864	  173.94315
 12064	 -51.95081	  44.65405	  172.76743	  173.27576
 12064	 -51.95081	  44.65405	  172.76743	  173.27576
 12074	 -52.00024	  44.53894	  173.00955	  173.51648
 12060	 -51.91957	  44.38182	  173.15135	  173.6575
 12064	 -51.95081	  44.65405	  172.76743	  173.27576
 12078	 -52.0202	  44.64101	  172.83318	  173.34113
 12074	 -52.00024	  44.53894	  173.00955	  173.51648
 16729	  25.08869	  52.76284	  158.07372	  158.66602
 16730	  24.35237	  52.51966	  158.05267	  158.64511
 16731	  24.63217	  52.58375	  158.02267	  158.61526
 11995	 -54.61564	  49.47443	  173.06361	  173.57025
 11996	 -54.49984	  49.8091	  172.90857	  173.41608
 11997	 -54.63478	  50.21906	  172.63426	  173.14334
 11997	 -54.63478	  50.21906	  172.63426	  173.14334
 11998	 -54.69116	  50.22617	  172.63014	  173.13925
 11995	 -54.61564	  49.47443	  173.06361	  173.57025
 11973	 -54.78894	  48.37825	  174.287	  174.78665
 11974	 -55.4693	  46.7189	  174.8145	  175.31113
 11975	 -55.30923	  46.63974	  174.7728	  175.26965
 11982	 -54.91795	  47.57645	  174.53386	  175.0321
 11973	 -54.78894	  48.37825	  174.287	  174.78665
 11975	 -55.30923	  46.63974	  174.7728	  175.26965
 11981	 -54.65685	  48.47263	  174.30826	  174.8078
 11973	 -54.78894	  48.37825	  174.287	  174.78665
 11982	 -54.91795	  47.57645	  174.53386	  175.0321
 11967	 -54.95043	  48.48549	  174.43073	  174.92957
 11968	 -55.48154	  46.96737	  174.92969	  175.42566
 11969	 -55.4693	  46.7189	  174.8145	  175.31113
 11967	 -54.95043	  48.48549	  174.43073	  174.92957
 11969	 -55.4693	  46.7189	  174.8145	  175.31113
 11980	 -54.78894	  48.37825	  174.287	  174.78665
 11980	 -54.78894	  48.37825	  174.287	  174.78665
 12010	 -54.7896	  49.59444	  173.82947	  174.33173
 11967	 -54.95043	  48.48549	  174.43073	  174.92957
 12012	 -54.65842	  49.32458	  173.75372	  174.25641
 12010	 -54.7896	  49.59444	  173.82947	  174.33173
 11980	 -54.78894	  48.37825	  174.287	  174.78665
 12012	 -54.65842	  49.32458	  173.75372	  174.25641
 11999	 -54.72506	  49.68227	  173.07428	  173.58084
 12010	 -54.7896	  49.59444	  173.82947	  174.33173
 12000	 -54.61564	  49.47443	  173.06361	  173.57025
 11999	 -54.72506	  49.68227	  173.07428	  173.58084
 12012	 -54.65842	  49.32458	  173.75372	  174.25641
 11999	 -54.72506	  49.68227	  173.07428	  173.58084
 12000	 -54.61564	  49.47443	  173.06361	  173.57025
 12001	 -54.69116	  50.22617	  172.63014	  173.13925
 11999	 -54.72506	  49.68227	  173.07428	  173.58084
 12001	 -54.69116	  50.22617	  172.63014	  173.13925
 12005	 -54.60824	  49.89981	  173.05542	  173.5621
 12011	 -54.69058	  49.62895	  173.97751	  174.47891
 11999	 -54.72506	  49.68227	  173.07428	  173.58084
 12005	 -54.60824	  49.89981	  173.05542	  173.5621
 11967	 -54.95043	  48.48549	  174.43073	  174.92957
 12010	 -54.7896	  49.59444	  173.82947	  174.33173
 12011	 -54.69058	  49.62895	  173.97751	  174.47891
 16726	  25.05218	  52.94448	  158.11661	  158.70868
 16727	  24.35237	  52.51966	  158.05267	  158.64511
 16728	  25.08869	  52.76284	  158.07372	  158.66602
 11964	 -55.23943	  47.06189	  174.9642	  175.45999
 11965	 -55.48154	  46.96737	  174.92969	  175.42566
 11966	 -54.95043	  48.48549	  174.43073	  174.92957
 11964	 -55.23943	  47.06189	  174.9642	  175.45999
 11966	 -54.95043	  48.48549	  174.43073	  174.92957
 11979	 -54.69344	  48.80756	  174.38884	  174.88791
 11987	 -54.69058	  49.62895	  173.97751	  174.47891
 11979	 -54.69344	  48.80756	  174.38884	  174.88791
 11966	 -54.95043	  48.48549	  174.43073	  174.92957
 16710	  24.38818	  52.43861	  158.09421	  158.6864
 16722	  24.85859	  52.654	  158.11928	  158.7113
 16723	  24.63946	  52.41387	  158.06401	  158.65637
 16723	  24.63946	  52.41387	  158.06401	  158.65637
 16722	  24.85859	  52.654	  158.11928	  158.7113
 16742	  25.40157	  52.74511	  158.18436	  158.77603
 16711	  23.91954	  51.64853	  158.02155	  158.61414
 16710	  24.38818	  52.43861	  158.09421	  158.6864
 16712	  24.63946	  52.41387	  158.06401	  158.65637
 16709	  23.93253	  51.72626	  158.05197	  158.64441
 16710	  24.38818	  52.43861	  158.09421	  158.6864
 16711	  23.91954	  51.64853	  158.02155	  158.61414
 16709	  23.93253	  51.72626	  158.05197	  158.64441
 16713	  23.87346	  51.82339	  158.03885	  158.63135
 16710	  24.38818	  52.43861	  158.09421	  158.6864
 16714	  24.35237	  52.51966	  158.05267	  158.64511
 16710	  24.38818	  52.43861	  158.09421	  158.6864
 16713	  23.87346	  51.82339	  158.03885	  158.63135
 16714	  24.35237	  52.51966	  158.05267	  158.64511
 16724	  25.05218	  52.94448	  158.11661	  158.70868
 16710	  24.38818	  52.43861	  158.09421	  158.6864
 16710	  24.38818	  52.43861	  158.09421	  158.6864
 16724	  25.05218	  52.94448	  158.11661	  158.70868
 16722	  24.85859	  52.654	  158.11928	  158.7113
 16722	  24.85859	  52.654	  158.11928	  158.7113
 16724	  25.05218	  52.94448	  158.11661	  158.70868
 16739	  25.36043	  52.85752	  158.23494	  158.82632
 16742	  25.40157	  52.74511	  158.18436	  158.77603
 16722	  24.85859	  52.654	  158.11928	  158.7113
 16739	  25.36043	  52.85752	  158.23494	  158.82632
 16742	  25.40157	  52.74511	  158.18436	  158.77603
 16739	  25.36043	  52.85752	  158.23494	  158.82632
 16743	  26.0054	  52.81995	  158.43369	  159.02393
 16743	  26.0054	  52.81995	  158.43369	  159.02393
 16739	  25.36043	  52.85752	  158.23494	  158.82632
 16741	  25.9604	  52.93575	  158.50006	  159.08994
 16739	  25.36043	  52.85752	  158.23494	  158.82632
 16740	  25.50139	  53.09382	  158.25659	  158.84784
 16741	  25.9604	  52.93575	  158.50006	  159.08994
 16739	  25.36043	  52.85752	  158.23494	  158.82632
 16724	  25.05218	  52.94448	  158.11661	  158.70868
 16740	  25.50139	  53.09382	  158.25659	  158.84784
 16699	  25.46279	  50.72381	  159.39362	  159.97836
 16700	  25.91034	  51.19825	  159.88051	  160.46249
 16701	  25.18567	  50.48318	  159.24002	  159.82565
 11938	 -50.42778	  61.37271	  176.49643	  176.98346
 11939	 -49.34189	  61.88068	  176.97324	  177.45752
 11940	 -50.36568	  61.42627	  176.6143	  177.10065
 11952	 -51.27346	  60.88266	  176.52371	  177.01056
 11938	 -50.42778	  61.37271	  176.49643	  176.98346
 11940	 -50.36568	  61.42627	  176.6143	  177.10065
 11917	 -48.94292	  62.1033	  177.27498	  177.75754
 11944	 -50.23457	  61.00287	  176.65112	  177.13727
 11918	 -49.34189	  61.88068	  176.97324	  177.45752
 11917	 -48.94292	  62.1033	  177.27498	  177.75754
 11918	 -49.34189	  61.88068	  176.97324	  177.45752
 11919	 -48.38995	  62.9682	  177.49638	  177.97769
 11941	 -49.81766	  61.18715	  176.83159	  177.31668
 11942	 -50.23457	  61.00287	  176.65112	  177.13727
 11943	 -49.39111	  61.50376	  177.06456	  177.54834
 11943	 -49.39111	  61.50376	  177.06456	  177.54834
 11942	 -50.23457	  61.00287	  176.65112	  177.13727
 11917	 -48.94292	  62.1033	  177.27498	  177.75754
 11911	 -49.54501	  61.35938	  176.86856	  177.35345
 11910	 -48.94292	  62.1033	  177.27498	  177.75754
 11912	 -48.35788	  62.70476	  177.4456	  177.92719
 11909	 -49.39111	  61.50376	  177.06456	  177.54834
 11910	 -48.94292	  62.1033	  177.27498	  177.75754
 11911	 -49.54501	  61.35938	  176.86856	  177.35345
 11909	 -49.39111	  61.50376	  177.06456	  177.54834
 11911	 -49.54501	  61.35938	  176.86856	  177.35345
 11934	 -49.81766	  61.18715	  176.83159	  177.31668
 11936	 -50.41373	  60.88572	  176.55803	  177.04471
 11934	 -49.81766	  61.18715	  176.83159	  177.31668
 11911	 -49.54501	  61.35938	  176.86856	  177.35345
 11935	 -50.23457	  61.00287	  176.65112	  177.13727
 11934	 -49.81766	  61.18715	  176.83159	  177.31668
 11936	 -50.41373	  60.88572	  176.55803	  177.04471
 11937	 -50.18309	  61.20874	  176.51537	  177.00229
 11936	 -50.41373	  60.88572	  176.55803	  177.04471
 11911	 -49.54501	  61.35938	  176.86856	  177.35345
 11935	 -50.23457	  61.00287	  176.65112	  177.13727
 11959	 -50.41373	  60.88572	  176.55803	  177.04471
 11960	 -50.65394	  60.8002	  176.59828	  177.08472
 11892	 -52.42322	  58.58075	  176.51656	  177.00345
 11875	 -52.77957	  57.37875	  176.49707	  176.98407
 11891	 -52.3838	  59.06955	  176.58821	  177.07471
 11895	 -51.99133	  59.35846	  176.5705	  177.0571
 11892	 -52.42322	  58.58075	  176.51656	  177.00345
 11891	 -52.3838	  59.06955	  176.58821	  177.07471
 11895	 -51.99133	  59.35846	  176.5705	  177.0571
 11891	 -52.3838	  59.06955	  176.58821	  177.07471
 11921	 -51.5627	  59.94704	  176.59366	  177.08011
 11872	 -54.15755	  52.20968	  176.65823	  177.14432
 11873	 -54.2679	  52.24028	  176.7433	  177.22891
 11874	 -53.09474	  56.06614	  176.52367	  177.01053
 11874	 -53.09474	  56.06614	  176.52367	  177.01053
 11873	 -54.2679	  52.24028	  176.7433	  177.22891
 11875	 -52.77957	  57.37875	  176.49707	  176.98407
 11877	 -54.49382	  52.2515	  176.73253	  177.2182
 11875	 -52.77957	  57.37875	  176.49707	  176.98407
 11873	 -54.2679	  52.24028	  176.7433	  177.22891
 11876	 -52.73568	  58.59877	  176.53966	  177.02643
 11875	 -52.77957	  57.37875	  176.49707	  176.98407
 11877	 -54.49382	  52.2515	  176.73253	  177.2182
 11891	 -52.3838	  59.06955	  176.58821	  177.07471
 11875	 -52.77957	  57.37875	  176.49707	  176.98407
 11876	 -52.73568	  58.59877	  176.53966	  177.02643
 11876	 -52.73568	  58.59877	  176.53966	  177.02643
 11896	 -52.17559	  59.76022	  176.49977	  176.98679
 11891	 -52.3838	  59.06955	  176.58821	  177.07471
 11891	 -52.3838	  59.06955	  176.58821	  177.07471
 11896	 -52.17559	  59.76022	  176.49977	  176.98679
 11922	 -51.27232	  60.62572	  176.6331	  177.11932
 11921	 -51.5627	  59.94704	  176.59366	  177.08011
 11891	 -52.3838	  59.06955	  176.58821	  177.07471
 11922	 -51.27232	  60.62572	  176.6331	  177.11932
 11923	 -51.09145	  60.48099	  176.60265	  177.08905
 11921	 -51.5627	  59.94704	  176.59366	  177.08011
 11922	 -51.27232	  60.62572	  176.6331	  177.11932
 11923	 -51.09145	  60.48099	  176.60265	  177.08905
 11922	 -51.27232	  60.62572	  176.6331	  177.11932
 11948	 -50.65394	  60.8002	  176.59828	  177.08472
 11922	 -51.27232	  60.62572	  176.6331	  177.11932
 11949	 -50.36568	  61.42627	  176.6143	  177.10065
 11948	 -50.65394	  60.8002	  176.59828	  177.08472
 11950	 -50.23457	  61.00287	  176.65112	  177.13727
 11948	 -50.65394	  60.8002	  176.59828	  177.08472
 11949	 -50.36568	  61.42627	  176.6143	  177.10065
 11922	 -51.27232	  60.62572	  176.6331	  177.11932
 11951	 -51.27346	  60.88266	  176.52371	  177.01056
 11949	 -50.36568	  61.42627	  176.6143	  177.10065
 16696	  25.59042	  50.65985	  159.40765	  159.99234
 16697	  25.39961	  50.54346	  159.26947	  159.85495
 16698	  25.47761	  50.48848	  159.35599	  159.94095
 11824	 -51.04759	  53.79453	  174.97623	  175.47192
 11825	 -50.7198	  54.45563	  174.9364	  175.43234
 11807	 -51.9849	  53.05919	  175.58081	  176.07306
 11807	 -51.9849	  53.05919	  175.58081	  176.07306
 11792	 -53.08768	  51.17255	  176.07359	  176.56302
 11824	 -51.04759	  53.79453	  174.97623	  175.47192
 11807	 -51.9849	  53.05919	  175.58081	  176.07306
 11799	 -53.17455	  51.50488	  176.21422	  176.70285
 11792	 -53.08768	  51.17255	  176.07359	  176.56302
 11799	 -53.17455	  51.50488	  176.21422	  176.70285
 11793	 -54.6342	  48.42648	  176.62422	  177.1105
 11792	 -53.08768	  51.17255	  176.07359	  176.56302
 11791	 -54.45039	  48.19872	  176.50871	  176.99567
 11792	 -53.08768	  51.17255	  176.07359	  176.56302
 11793	 -54.6342	  48.42648	  176.62422	  177.1105
 11791	 -54.45039	  48.19872	  176.50871	  176.99567
 11794	 -54.28139	  48.13359	  176.56454	  177.05118
 11792	 -53.08768	  51.17255	  176.07359	  176.56302
 11792	 -53.08768	  51.17255	  176.07359	  176.56302
 11794	 -54.28139	  48.13359	  176.56454	  177.05118
 11800	 -52.9787	  50.90687	  176.22324	  176.71182
 11811	 -52.01134	  52.33515	  175.60551	  176.09763
 11792	 -53.08768	  51.17255	  176.07359	  176.56302
 11800	 -52.9787	  50.90687	  176.22324	  176.71182
 11811	 -52.01134	  52.33515	  175.60551	  176.09763
 11824	 -51.04759	  53.79453	  174.97623	  175.47192
 11792	 -53.08768	  51.17255	  176.07359	  176.56302
 11827	 -51.04688	  53.30602	  175.07622	  175.57135
 11824	 -51.04759	  53.79453	  174.97623	  175.47192
 11811	 -52.01134	  52.33515	  175.60551	  176.09763
 11827	 -51.04688	  53.30602	  175.07622	  175.57135
 11857	 -49.77694	  55.30844	  174.20172	  174.70187
 11824	 -51.04759	  53.79453	  174.97623	  175.47192
 11840	 -49.42021	  55.95916	  173.90991	  174.41171
 11824	 -51.04759	  53.79453	  174.97623	  175.47192
 11857	 -49.77694	  55.30844	  174.20172	  174.70187
 11840	 -49.42021	  55.95916	  173.90991	  174.41171
 11857	 -49.77694	  55.30844	  174.20172	  174.70187
 11842	 -49.5042	  55.57676	  173.88745	  174.38937
 11841	 -48.71918	  55.21384	  173.11215	  173.6185
 11840	 -49.42021	  55.95916	  173.90991	  174.41171
 11842	 -49.5042	  55.57676	  173.88745	  174.38937
 11839	 -48.65482	  55.43609	  173.11086	  173.61722
 11840	 -49.42021	  55.95916	  173.90991	  174.41171
 11841	 -48.71918	  55.21384	  173.11215	  173.6185
 11835	 -48.71918	  55.21384	  173.11215	  173.6185
 11836	 -49.5042	  55.57676	  173.88745	  174.38937
 11837	 -48.66575	  55.09084	  173.14435	  173.65051
 11837	 -48.66575	  55.09084	  173.14435	  173.65051
 11836	 -49.5042	  55.57676	  173.88745	  174.38937
 11838	 -49.395	  55.48248	  173.9207	  174.42245
 11838	 -49.395	  55.48248	  173.9207	  174.42245
 11836	 -49.5042	  55.57676	  173.88745	  174.38937
 11853	 -49.77694	  55.30844	  174.20172	  174.70187
 11853	 -49.77694	  55.30844	  174.20172	  174.70187
 11854	 -49.74638	  55.40763	  174.36346	  174.86267
 11838	 -49.395	  55.48248	  173.9207	  174.42245
 11853	 -49.77694	  55.30844	  174.20172	  174.70187
 11852	 -50.58466	  54.16324	  174.89204	  175.38824
 11854	 -49.74638	  55.40763	  174.36346	  174.86267
 11829	 -51.04688	  53.30602	  175.07622	  175.57135
 11852	 -50.58466	  54.16324	  174.89204	  175.38824
 11853	 -49.77694	  55.30844	  174.20172	  174.70187
 11828	 -50.95012	  53.48443	  175.14688	  175.6416
 11852	 -50.58466	  54.16324	  174.89204	  175.38824
 11829	 -51.04688	  53.30602	  175.07622	  175.57135
 11828	 -50.95012	  53.48443	  175.14688	  175.6416
 11829	 -51.04688	  53.30602	  175.07622	  175.57135
 11820	 -51.79694	  52.63042	  175.62749	  176.11948
 11820	 -51.79694	  52.63042	  175.62749	  176.11948
 11829	 -51.04688	  53.30602	  175.07622	  175.57135
 11818	 -52.01134	  52.33515	  175.60551	  176.09763
 11820	 -51.79694	  52.63042	  175.62749	  176.11948
 11818	 -52.01134	  52.33515	  175.60551	  176.09763
 11817	 -52.24724	  51.89361	  175.88538	  176.37589
 11817	 -52.24724	  51.89361	  175.88538	  176.37589
 11818	 -52.01134	  52.33515	  175.60551	  176.09763
 11819	 -52.9787	  50.90687	  176.22324	  176.71182
 11757	 -54.39906	  46.63291	  171.98906	  172.50183
 11760	 -54.21135	  46.3886	  172.38116	  172.89169
 11758	 -54.77859	  47.14497	  171.85063	  172.3642
 11757	 -54.39906	  46.63291	  171.98906	  172.50183
 11758	 -54.77859	  47.14497	  171.85063	  172.3642
 11759	 -54.69109	  47.16562	  171.79446	  172.30835
 11646	 -54.76051	  50.67242	  174.7578	  175.25476
 11642	 -54.89481	  50.91565	  174.69829	  175.19559
 11627	 -55.16137	  48.48407	  174.69846	  175.19574
 11627	 -55.16137	  48.48407	  174.69846	  175.19574
 11642	 -54.89481	  50.91565	  174.69829	  175.19559
 11643	 -55.06214	  50.62851	  174.73969	  175.23676
 11642	 -54.89481	  50.91565	  174.69829	  175.19559
 11656	 -55.03674	  54.42116	  174.76791	  175.2648
 11643	 -55.06214	  50.62851	  174.73969	  175.23676
 11642	 -54.89481	  50.91565	  174.69829	  175.19559
 11657	 -54.77064	  53.49145	  174.80478	  175.30148
 11656	 -55.03674	  54.42116	  174.76791	  175.2648
 11582	 -55.59437	  36.8925	  175.79506	  176.28607
 11583	 -55.36063	  36.82909	  175.78822	  176.2793
 11584	 -55.30146	  38.51003	  175.38966	  175.88303
 11590	 -55.50698	  38.73492	  175.46861	  175.96152
 11582	 -55.59437	  36.8925	  175.79506	  176.28607
 11584	 -55.30146	  38.51003	  175.38966	  175.88303
 11584	 -55.30146	  38.51003	  175.38966	  175.88303
 11599	 -55.05856	  40.68326	  175.36427	  175.85776
 11590	 -55.50698	  38.73492	  175.46861	  175.96152
 11590	 -55.50698	  38.73492	  175.46861	  175.96152
 11599	 -55.05856	  40.68326	  175.36427	  175.85776
 11600	 -55.37045	  40.74921	  175.31718	  175.81094
 11600	 -55.37045	  40.74921	  175.31718	  175.81094
 11599	 -55.05856	  40.68326	  175.36427	  175.85776
 11608	 -55.30637	  43.27579	  174.96268	  175.45847
 11599	 -55.05856	  40.68326	  175.36427	  175.85776
 11609	 -55.078	  41.61073	  175.23111	  175.72534
 11608	 -55.30637	  43.27579	  174.96268	  175.45847
 11610	 -55.1182	  42.45958	  175.08034	  175.57544
 11608	 -55.30637	  43.27579	  174.96268	  175.45847
 11609	 -55.078	  41.61073	  175.23111	  175.72534
 11610	 -55.1182	  42.45958	  175.08034	  175.57544
 11618	 -55.14889	  43.30023	  174.99057	  175.48621
 11608	 -55.30637	  43.27579	  174.96268	  175.45847
 11619	 -55.22028	  44.93713	  174.88074	  175.37698
 11608	 -55.30637	  43.27579	  174.96268	  175.45847
 11618	 -55.14889	  43.30023	  174.99057	  175.48621
 11619	 -55.22028	  44.93713	  174.88074	  175.37698
 11623	 -55.51271	  45.70822	  174.81621	  175.31284
 11608	 -55.30637	  43.27579	  174.96268	  175.45847
 11622	 -55.23328	  45.74006	  174.83449	  175.33102
 11623	 -55.51271	  45.70822	  174.81621	  175.31284
 11619	 -55.22028	  44.93713	  174.88074	  175.37698
 11628	 -55.03815	  48.18571	  174.74478	  175.24182
 11623	 -55.51271	  45.70822	  174.81621	  175.31284
 11622	 -55.23328	  45.74006	  174.83449	  175.33102
 11627	 -55.16137	  48.48407	  174.69846	  175.19574
 11623	 -55.51271	  45.70822	  174.81621	  175.31284
 11628	 -55.03815	  48.18571	  174.74478	  175.24182
 16694	  25.22177	  50.53297	  159.17093	  159.75696
 16664	  25.12661	  50.41605	  159.13913	  159.72534
 16695	  25.39961	  50.54346	  159.26947	  159.85495
 16695	  25.39961	  50.54346	  159.26947	  159.85495
 16664	  25.12661	  50.41605	  159.13913	  159.72534
 16692	  25.47761	  50.48848	  159.35599	  159.94095
 16651	  24.78945	  50.78122	  158.70384	  159.29254
 16652	  24.88511	  50.66271	  159.00359	  159.59058
 16653	  24.98701	  50.65714	  158.98077	  159.5679
 16653	  24.98701	  50.65714	  158.98077	  159.5679
 16652	  24.88511	  50.66271	  159.00359	  159.59058
 16664	  25.12661	  50.41605	  159.13913	  159.72534
 16664	  25.12661	  50.41605	  159.13913	  159.72534
 16652	  24.88511	  50.66271	  159.00359	  159.59058
 16665	  25.18567	  50.48318	  159.24002	  159.82565
 16664	  25.12661	  50.41605	  159.13913	  159.72534
 16665	  25.18567	  50.48318	  159.24002	  159.82565
 16692	  25.47761	  50.48848	  159.35599	  159.94095
 16692	  25.47761	  50.48848	  159.35599	  159.94095
 16665	  25.18567	  50.48318	  159.24002	  159.82565
 16693	  25.91034	  51.19825	  159.88051	  160.46249
 16691	  25.59042	  50.65985	  159.40765	  159.99234
 16692	  25.47761	  50.48848	  159.35599	  159.94095
 16693	  25.91034	  51.19825	  159.88051	  160.46249
 11636	 -54.96259	  49.01719	  174.735	  175.23209
 11645	 -54.76051	  50.67242	  174.7578	  175.25476
 11637	 -55.16137	  48.48407	  174.69846	  175.19574
 11636	 -54.96259	  49.01719	  174.735	  175.23209
 11637	 -55.16137	  48.48407	  174.69846	  175.19574
 11638	 -55.03815	  48.18571	  174.74478	  175.24182
 11645	 -54.76051	  50.67242	  174.7578	  175.25476
 11651	 -54.74421	  52.48666	  174.77783	  175.27466
 11652	 -54.89481	  50.91565	  174.69829	  175.19559
 11651	 -54.74421	  52.48666	  174.77783	  175.27466
 11658	 -54.77064	  53.49145	  174.80478	  175.30148
 11652	 -54.89481	  50.91565	  174.69829	  175.19559
 11591	 -55.0243	  41.55265	  175.37849	  175.87189
 11571	 -55.1104	  38.86662	  175.65247	  176.14432
 11592	 -55.07952	  41.1164	  175.59679	  176.08896
 11603	 -55.18813	  45.87856	  174.92686	  175.42285
 11591	 -55.0243	  41.55265	  175.37849	  175.87189
 11592	 -55.07952	  41.1164	  175.59679	  176.08896
 11568	 -55.13362	  36.8485	  175.8954	  176.38586
 11569	 -55.1548	  37.09795	  176.23561	  176.72412
 11570	 -55.1405	  37.65221	  175.64261	  176.13452
 11570	 -55.1405	  37.65221	  175.64261	  176.13452
 11569	 -55.1548	  37.09795	  176.23561	  176.72412
 11571	 -55.1104	  38.86662	  175.65247	  176.14432
 11572	 -55.13134	  38.54271	  175.45592	  175.94888
 11570	 -55.1405	  37.65221	  175.64261	  176.13452
 11571	 -55.1104	  38.86662	  175.65247	  176.14432
 11572	 -55.13134	  38.54271	  175.45592	  175.94888
 11571	 -55.1104	  38.86662	  175.65247	  176.14432
 11593	 -55.05856	  40.68326	  175.36427	  175.85776
 11593	 -55.05856	  40.68326	  175.36427	  175.85776
 11571	 -55.1104	  38.86662	  175.65247	  176.14432
 11591	 -55.0243	  41.55265	  175.37849	  175.87189
 11593	 -55.05856	  40.68326	  175.36427	  175.85776
 11591	 -55.0243	  41.55265	  175.37849	  175.87189
 11602	 -55.078	  41.61073	  175.23111	  175.72534
 11604	 -55.1182	  42.45958	  175.08034	  175.57544
 11602	 -55.078	  41.61073	  175.23111	  175.72534
 11591	 -55.0243	  41.55265	  175.37849	  175.87189
 11604	 -55.1182	  42.45958	  175.08034	  175.57544
 11591	 -55.0243	  41.55265	  175.37849	  175.87189
 11611	 -55.14889	  43.30023	  174.99057	  175.48621
 11611	 -55.14889	  43.30023	  174.99057	  175.48621
 11591	 -55.0243	  41.55265	  175.37849	  175.87189
 11603	 -55.18813	  45.87856	  174.92686	  175.42285
 11612	 -55.22028	  44.93713	  174.88074	  175.37698
 11611	 -55.14889	  43.30023	  174.99057	  175.48621
 11603	 -55.18813	  45.87856	  174.92686	  175.42285
 11621	 -55.23328	  45.74006	  174.83449	  175.33102
 11612	 -55.22028	  44.93713	  174.88074	  175.37698
 11603	 -55.18813	  45.87856	  174.92686	  175.42285
 11621	 -55.23328	  45.74006	  174.83449	  175.33102
 11603	 -55.18813	  45.87856	  174.92686	  175.42285
 11624	 -55.03815	  48.18571	  174.74478	  175.24182
 11624	 -55.03815	  48.18571	  174.74478	  175.24182
 11603	 -55.18813	  45.87856	  174.92686	  175.42285
 11625	 -55.28378	  45.92498	  175.0343	  175.52966
 11625	 -55.28378	  45.92498	  175.0343	  175.52966
 11629	 -55.2808	  49.09135	  174.84225	  175.33871
 11624	 -55.03815	  48.18571	  174.74478	  175.24182
 16688	  25.92256	  51.28642	  159.86119	  160.4433
 16689	  25.59042	  50.65985	  159.40765	  159.99234
 16690	  25.91034	  51.19825	  159.88051	  160.46249
 11536	 -53.03607	  51.52016	  173.60062	  174.10419
 11535	 -52.35958	  51.61223	  173.40771	  173.91238
 11537	 -52.70277	  51.71092	  173.51775	  174.02179
 11534	 -52.81511	  51.29816	  173.55559	  174.05942
 11535	 -52.35958	  51.61223	  173.40771	  173.91238
 11536	 -53.03607	  51.52016	  173.60062	  174.10419
 11534	 -52.81511	  51.29816	  173.55559	  174.05942
 11536	 -53.03607	  51.52016	  173.60062	  174.10419
 11560	 -53.39957	  51.52475	  173.85245	  174.35458
 11560	 -53.39957	  51.52475	  173.85245	  174.35458
 11536	 -53.03607	  51.52016	  173.60062	  174.10419
 11561	 -54.49762	  53.1452	  174.27931	  174.77899
 16685	  25.46279	  50.72381	  159.39362	  159.97836
 16686	  25.90402	  51.37377	  159.95203	  160.5336
 16687	  25.91034	  51.19825	  159.88051	  160.46249
 11493	 -49.59325	  53.27168	  173.50816	  174.01227
 11502	 -49.89149	  53.57131	  174.2482	  174.74808
 11494	 -49.71916	  53.19139	  173.51581	  174.01987
 11493	 -49.59325	  53.27168	  173.50816	  174.01227
 11494	 -49.71916	  53.19139	  173.51581	  174.01987
 11495	 -49.56625	  52.49984	  172.91263	  173.42014
 11487	 -49.52169	  52.27645	  172.894	  173.40161
 11486	 -49.59649	  52.17904	  172.92584	  173.43326
 11488	 -49.53868	  52.71247	  173.19846	  173.70432
 11488	 -49.53868	  52.71247	  173.19846	  173.70432
 11486	 -49.59649	  52.17904	  172.92584	  173.43326
 11485	 -49.56825	  53.03851	  173.5002	  174.00433
 11484	 -49.76177	  52.94754	  173.75908	  174.26175
 11485	 -49.56825	  53.03851	  173.5002	  174.00433
 11486	 -49.59649	  52.17904	  172.92584	  173.43326
 11485	 -49.56825	  53.03851	  173.5002	  174.00433
 11484	 -49.76177	  52.94754	  173.75908	  174.26175
 11501	 -49.62295	  53.1445	  173.7966	  174.29904
 11482	 -49.86481	  53.20618	  174.25726	  174.75708
 11501	 -49.62295	  53.1445	  173.7966	  174.29904
 11484	 -49.76177	  52.94754	  173.75908	  174.26175
 11482	 -49.86481	  53.20618	  174.25726	  174.75708
 11484	 -49.76177	  52.94754	  173.75908	  174.26175
 11483	 -50.23182	  53.15438	  174.52589	  175.02417
 11481	 -50.27851	  53.3375	  174.70813	  175.20535
 11482	 -49.86481	  53.20618	  174.25726	  174.75708
 11483	 -50.23182	  53.15438	  174.52589	  175.02417
 11483	 -50.23182	  53.15438	  174.52589	  175.02417
 11512	 -50.98618	  53.27534	  175.05725	  175.55249
 11481	 -50.27851	  53.3375	  174.70813	  175.20535
 11481	 -50.27851	  53.3375	  174.70813	  175.20535
 11512	 -50.98618	  53.27534	  175.05725	  175.55249
 11513	 -50.8824	  53.46449	  175.12279	  175.61765
 11489	 -49.6451	  52.33598	  172.94635	  173.45364
 11492	 -49.56625	  52.49984	  172.91263	  173.42014
 11490	 -49.71916	  53.19139	  173.51581	  174.01987
 11489	 -49.6451	  52.33598	  172.94635	  173.45364
 11490	 -49.71916	  53.19139	  173.51581	  174.01987
 11491	 -49.59649	  52.17904	  172.92584	  173.43326
 11491	 -49.59649	  52.17904	  172.92584	  173.43326
 11490	 -49.71916	  53.19139	  173.51581	  174.01987
 11477	 -49.76177	  52.94754	  173.75908	  174.26175
 11490	 -49.71916	  53.19139	  173.51581	  174.01987
 11478	 -49.90075	  53.25857	  174.00359	  174.50485
 11477	 -49.76177	  52.94754	  173.75908	  174.26175
 11477	 -49.76177	  52.94754	  173.75908	  174.26175
 11478	 -49.90075	  53.25857	  174.00359	  174.50485
 11479	 -50.23182	  53.15438	  174.52589	  175.02417
 11479	 -50.23182	  53.15438	  174.52589	  175.02417
 11478	 -49.90075	  53.25857	  174.00359	  174.50485
 11480	 -50.29237	  53.4297	  174.49646	  174.9949
 11479	 -50.23182	  53.15438	  174.52589	  175.02417
 11480	 -50.29237	  53.4297	  174.49646	  174.9949
 11510	 -50.98618	  53.27534	  175.05725	  175.55249
 11510	 -50.98618	  53.27534	  175.05725	  175.55249
 11480	 -50.29237	  53.4297	  174.49646	  174.9949
 11511	 -51.07788	  53.58281	  175.02097	  175.51642
 11490	 -49.71916	  53.19139	  173.51581	  174.01987
 11503	 -49.89149	  53.57131	  174.2482	  174.74808
 11478	 -49.90075	  53.25857	  174.00359	  174.50485
 11462	 -52.6003	  45.68742	  173.02271	  173.52957
 11447	 -51.16086	  44.31343	  172.59193	  173.10126
 11463	 -51.92227	  45.07098	  172.84641	  173.35428
 11463	 -51.92227	  45.07098	  172.84641	  173.35428
 11447	 -51.16086	  44.31343	  172.59193	  173.10126
 11446	 -51.35287	  44.50116	  172.70659	  173.21527
 11446	 -51.35287	  44.50116	  172.70659	  173.21527
 11447	 -51.16086	  44.31343	  172.59193	  173.10126
 11448	 -50.45604	  43.59572	  172.82921	  173.33719
 11428	 -53.33806	  46.58667	  173.50462	  174.00873
 11431	 -53.4171	  46.39721	  173.47266	  173.97696
 11429	 -52.77452	  46.15599	  173.08575	  173.59225
 11428	 -53.33806	  46.58667	  173.50462	  174.00873
 11429	 -52.77452	  46.15599	  173.08575	  173.59225
 11430	 -52.81326	  46.26978	  173.22827	  173.73398
 11430	 -52.81326	  46.26978	  173.22827	  173.73398
 11429	 -52.77452	  46.15599	  173.08575	  173.59225
 11458	 -51.92227	  45.07098	  172.84641	  173.35428
 16682	  25.90402	  51.37377	  159.95203	  160.5336
 16683	  25.89906	  51.17655	  159.91283	  160.49463
 16684	  25.91034	  51.19825	  159.88051	  160.46249
 11424	 -53.29535	  46.11763	  173.52129	  174.0253
 11425	 -53.18038	  46.10709	  173.27841	  173.78381
 11413	 -53.67165	  46.15474	  173.76692	  174.26953
 11412	 -53.58569	  45.92327	  173.84319	  174.34537
 11424	 -53.29535	  46.11763	  173.52129	  174.0253
 11413	 -53.67165	  46.15474	  173.76692	  174.26953
 11412	 -53.58569	  45.92327	  173.84319	  174.34537
 11413	 -53.67165	  46.15474	  173.76692	  174.26953
 11414	 -53.83579	  44.79491	  174.20981	  174.7099
 11420	 -53.6489	  46.43435	  173.86259	  174.36469
 11409	 -53.67165	  46.15474	  173.76692	  174.26953
 11421	 -53.33806	  46.58667	  173.50462	  174.00873
 11421	 -53.33806	  46.58667	  173.50462	  174.00873
 11409	 -53.67165	  46.15474	  173.76692	  174.26953
 11422	 -53.4171	  46.39721	  173.47266	  173.97696
 11423	 -53.18038	  46.10709	  173.27841	  173.78381
 11422	 -53.4171	  46.39721	  173.47266	  173.97696
 11409	 -53.67165	  46.15474	  173.76692	  174.26953
 11408	 -54.04813	  44.99236	  174.20473	  174.70483
 11409	 -53.67165	  46.15474	  173.76692	  174.26953
 11410	 -53.97711	  45.2943	  174.29916	  174.79874
 11410	 -53.97711	  45.2943	  174.29916	  174.79874
 11409	 -53.67165	  46.15474	  173.76692	  174.26953
 11411	 -53.6489	  46.43435	  173.86259	  174.36469
 11375	 -50.10838	  67.14612	  175.67616	  176.16788
 11376	 -50.69381	  66.51075	  175.82048	  176.31137
 11377	 -49.83134	  68.13141	  175.53178	  176.02432
 11378	 -49.80524	  67.98415	  175.52116	  176.01376
 11375	 -50.10838	  67.14612	  175.67616	  176.16788
 11377	 -49.83134	  68.13141	  175.53178	  176.02432
 11364	 -51.49457	  65.25601	  176.24962	  176.73804
 11388	 -50.4713	  66.38858	  175.85062	  176.34131
 11365	 -51.64434	  65.05001	  176.17926	  176.66809
 11364	 -51.49457	  65.25601	  176.24962	  176.73804
 11365	 -51.64434	  65.05001	  176.17926	  176.66809
 11366	 -52.03264	  64.68105	  176.3391	  176.82703
 11354	 -52.63194	  64.46561	  176.28128	  176.76953
 11383	 -53.18622	  63.21146	  176.3387	  176.82663
 11355	 -53.02121	  63.06499	  176.34662	  176.8345
 11354	 -52.63194	  64.46561	  176.28128	  176.76953
 11355	 -53.02121	  63.06499	  176.34662	  176.8345
 11356	 -51.4483	  65.7663	  176.09892	  176.58823
 11355	 -53.02121	  63.06499	  176.34662	  176.8345
 11357	 -51.64434	  65.05001	  176.17926	  176.66809
 11356	 -51.4483	  65.7663	  176.09892	  176.58823
 11357	 -51.64434	  65.05001	  176.17926	  176.66809
 11374	 -50.69381	  66.51075	  175.82048	  176.31137
 11356	 -51.4483	  65.7663	  176.09892	  176.58823
 11372	 -50.4713	  66.38858	  175.85062	  176.34131
 11374	 -50.69381	  66.51075	  175.82048	  176.31137
 11357	 -51.64434	  65.05001	  176.17926	  176.66809
 11372	 -50.4713	  66.38858	  175.85062	  176.34131
 11371	 -49.83327	  67.94995	  175.47641	  175.96927
 11374	 -50.69381	  66.51075	  175.82048	  176.31137
 11370	 -50.10838	  67.14612	  175.67616	  176.16788
 11371	 -49.83327	  67.94995	  175.47641	  175.96927
 11372	 -50.4713	  66.38858	  175.85062	  176.34131
 11373	 -49.83134	  68.13141	  175.53178	  176.02432
 11374	 -50.69381	  66.51075	  175.82048	  176.31137
 11371	 -49.83327	  67.94995	  175.47641	  175.96927
 11353	 -52.63194	  64.46561	  176.28128	  176.76953
 11381	 -53.23849	  63.31118	  176.4881	  176.97516
 11382	 -53.18622	  63.21146	  176.3387	  176.82663
 11351	 -52.35993	  64.74799	  176.35791	  176.8457
 11381	 -53.23849	  63.31118	  176.4881	  176.97516
 11353	 -52.63194	  64.46561	  176.28128	  176.76953
 11352	 -51.4483	  65.7663	  176.09892	  176.58823
 11351	 -52.35993	  64.74799	  176.35791	  176.8457
 11353	 -52.63194	  64.46561	  176.28128	  176.76953
 11350	 -51.53883	  65.54478	  176.24803	  176.73648
 11351	 -52.35993	  64.74799	  176.35791	  176.8457
 11352	 -51.4483	  65.7663	  176.09892	  176.58823
 11350	 -51.53883	  65.54478	  176.24803	  176.73648
 11352	 -51.4483	  65.7663	  176.09892	  176.58823
 11389	 -50.10838	  67.14612	  175.67616	  176.16788
 11389	 -50.10838	  67.14612	  175.67616	  176.16788
 11352	 -51.4483	  65.7663	  176.09892	  176.58823
 11390	 -50.69381	  66.51075	  175.82048	  176.31137
 16678	  25.91395	  51.46421	  159.93198	  160.51367
 16679	  25.90402	  51.37377	  159.95203	  160.5336
 16680	  25.92632	  51.40596	  159.87148	  160.45352
 11380	 -53.23849	  63.31118	  176.4881	  176.97516
 11346	 -52.35993	  64.74799	  176.35791	  176.8457
 11379	 -52.99676	  63.10709	  176.52391	  177.01077
 11379	 -52.99676	  63.10709	  176.52391	  177.01077
 11346	 -52.35993	  64.74799	  176.35791	  176.8457
 11345	 -52.63581	  63.85477	  176.4203	  176.90775
 11345	 -52.63581	  63.85477	  176.4203	  176.90775
 11346	 -52.35993	  64.74799	  176.35791	  176.8457
 11347	 -52.03264	  64.68105	  176.3391	  176.82703
 11347	 -52.03264	  64.68105	  176.3391	  176.82703
 11346	 -52.35993	  64.74799	  176.35791	  176.8457
 11348	 -51.53883	  65.54478	  176.24803	  176.73648
 11349	 -51.49457	  65.25601	  176.24962	  176.73804
 11347	 -52.03264	  64.68105	  176.3391	  176.82703
 11348	 -51.53883	  65.54478	  176.24803	  176.73648
 11349	 -51.49457	  65.25601	  176.24962	  176.73804
 11348	 -51.53883	  65.54478	  176.24803	  176.73648
 11394	 -50.4713	  66.38858	  175.85062	  176.34131
 16672	  25.92256	  51.28642	  159.86119	  160.4433
 16673	  25.92632	  51.40596	  159.87148	  160.45352
 16674	  25.59042	  50.65985	  159.40765	  159.99234
 11307	 -54.91661	  50.70635	  174.87813	  175.37439
 11308	 -54.59961	  52.05919	  174.69836	  175.19565
 11309	 -54.75542	  50.71683	  174.83499	  175.33151
 11310	 -54.45992	  52.00097	  174.59634	  175.09421
 11309	 -54.75542	  50.71683	  174.83499	  175.33151
 11308	 -54.59961	  52.05919	  174.69836	  175.19565
 11308	 -54.59961	  52.05919	  174.69836	  175.19565
 11305	 -54.45621	  53.11134	  174.49132	  174.98981
 11310	 -54.45992	  52.00097	  174.59634	  175.09421
 11304	 -54.37162	  52.90461	  174.42073	  174.91962
 11310	 -54.45992	  52.00097	  174.59634	  175.09421
 11305	 -54.45621	  53.11134	  174.49132	  174.98981
 11304	 -54.37162	  52.90461	  174.42073	  174.91962
 11305	 -54.45621	  53.11134	  174.49132	  174.98981
 11306	 -54.22147	  54.18832	  174.06181	  174.56274
 11306	 -54.22147	  54.18832	  174.06181	  174.56274
 11305	 -54.45621	  53.11134	  174.49132	  174.98981
 11344	 -54.17029	  55.92683	  173.59889	  174.10248
 11343	 -54.23895	  56.01846	  173.64493	  174.14822
 11344	 -54.17029	  55.92683	  173.59889	  174.10248
 11305	 -54.45621	  53.11134	  174.49132	  174.98981
 16669	  24.98701	  50.65714	  158.98077	  159.5679
 16670	  25.22177	  50.53297	  159.17093	  159.75696
 16671	  25.03567	  50.65528	  159.13481	  159.72107
 16671	  25.03567	  50.65528	  159.13481	  159.72107
 16670	  25.22177	  50.53297	  159.17093	  159.75696
 16677	  25.46279	  50.72381	  159.39362	  159.97836
 16703	  25.39961	  50.54346	  159.26947	  159.85495
 16677	  25.46279	  50.72381	  159.39362	  159.97836
 16670	  25.22177	  50.53297	  159.17093	  159.75696
 16675	  25.59042	  50.65985	  159.40765	  159.99234
 16677	  25.46279	  50.72381	  159.39362	  159.97836
 16703	  25.39961	  50.54346	  159.26947	  159.85495
 16675	  25.59042	  50.65985	  159.40765	  159.99234
 16676	  25.92632	  51.40596	  159.87148	  160.45352
 16677	  25.46279	  50.72381	  159.39362	  159.97836
 16676	  25.92632	  51.40596	  159.87148	  160.45352
 16681	  25.90402	  51.37377	  159.95203	  160.5336
 16677	  25.46279	  50.72381	  159.39362	  159.97836
 11299	 -54.34993	  55.52031	  173.74399	  174.24673
 11300	 -54.57548	  53.03724	  174.46768	  174.96631
 11301	 -54.2605	  54.95231	  173.7782	  174.28076
 11299	 -54.34993	  55.52031	  173.74399	  174.24673
 11301	 -54.2605	  54.95231	  173.7782	  174.28076
 11321	 -54.55349	  57.16859	  173.21254	  173.71832
 11326	 -54.23895	  56.01846	  173.64493	  174.14822
 11299	 -54.34993	  55.52031	  173.74399	  174.24673
 11321	 -54.55349	  57.16859	  173.21254	  173.71832
 11326	 -54.23895	  56.01846	  173.64493	  174.14822
 11303	 -54.45621	  53.11134	  174.49132	  174.98981
 11299	 -54.34993	  55.52031	  173.74399	  174.24673
 11303	 -54.45621	  53.11134	  174.49132	  174.98981
 11300	 -54.57548	  53.03724	  174.46768	  174.96631
 11299	 -54.34993	  55.52031	  173.74399	  174.24673
 11303	 -54.45621	  53.11134	  174.49132	  174.98981
 11318	 -54.59961	  52.05919	  174.69836	  175.19565
 11300	 -54.57548	  53.03724	  174.46768	  174.96631
 11300	 -54.57548	  53.03724	  174.46768	  174.96631
 11318	 -54.59961	  52.05919	  174.69836	  175.19565
 11320	 -54.73081	  51.80773	  174.65497	  175.15253
 11320	 -54.73081	  51.80773	  174.65497	  175.15253
 11318	 -54.59961	  52.05919	  174.69836	  175.19565
 11317	 -55.06252	  50.67103	  174.8157	  175.31232
 11317	 -55.06252	  50.67103	  174.8157	  175.31232
 11322	 -54.93624	  50.66066	  174.69193	  175.18927
 11320	 -54.73081	  51.80773	  174.65497	  175.15253
 11302	 -54.59823	  52.08725	  174.53787	  175.0361
 11320	 -54.73081	  51.80773	  174.65497	  175.15253
 11322	 -54.93624	  50.66066	  174.69193	  175.18927
 11300	 -54.57548	  53.03724	  174.46768	  174.96631
 11320	 -54.73081	  51.80773	  174.65497	  175.15253
 11302	 -54.59823	  52.08725	  174.53787	  175.0361
 11300	 -54.57548	  53.03724	  174.46768	  174.96631
 11302	 -54.59823	  52.08725	  174.53787	  175.0361
 11301	 -54.2605	  54.95231	  173.7782	  174.28076
 11317	 -55.06252	  50.67103	  174.8157	  175.31232
 11318	 -54.59961	  52.05919	  174.69836	  175.19565
 11319	 -54.91661	  50.70635	  174.87813	  175.37439
 11240	 -50.57072	  60.58718	  175.36511	  175.85858
 11241	 -50.99197	  60.37089	  175.77589	  176.26703
 11242	 -50.12501	  60.82133	  175.21062	  175.70499
 11253	 -49.51006	  61.16472	  174.29243	  174.79205
 11240	 -50.57072	  60.58718	  175.36511	  175.85858
 11242	 -50.12501	  60.82133	  175.21062	  175.70499
 11253	 -49.51006	  61.16472	  174.29243	  174.79205
 11242	 -50.12501	  60.82133	  175.21062	  175.70499
 11254	 -49.46614	  61.02303	  174.33208	  174.83148
 11278	 -52.62344	  58.5473	  176.34021	  176.82813
 11279	 -52.56861	  58.43742	  176.40439	  176.89194
 11280	 -52.19651	  59.05344	  176.25923	  176.74759
 11279	 -52.56861	  58.43742	  176.40439	  176.89194
 11282	 -52.31151	  58.78908	  176.41818	  176.90564
 11280	 -52.19651	  59.05344	  176.25923	  176.74759
 11283	 -51.98557	  59.22892	  176.29031	  176.7785
 11280	 -52.19651	  59.05344	  176.25923	  176.74759
 11282	 -52.31151	  58.78908	  176.41818	  176.90564
 11283	 -51.98557	  59.22892	  176.29031	  176.7785
 11287	 -51.50188	  59.83654	  176.04916	  176.53876
 11280	 -52.19651	  59.05344	  176.25923	  176.74759
 11241	 -50.99197	  60.37089	  175.77589	  176.26703
 11280	 -52.19651	  59.05344	  176.25923	  176.74759
 11287	 -51.50188	  59.83654	  176.04916	  176.53876
 11281	 -52.55851	  58.43309	  176.48964	  176.97672
 11282	 -52.31151	  58.78908	  176.41818	  176.90564
 11279	 -52.56861	  58.43742	  176.40439	  176.89194
 16661	  24.98701	  50.65714	  158.98077	  159.5679
 16662	  25.12661	  50.41605	  159.13913	  159.72534
 16663	  25.22177	  50.53297	  159.17093	  159.75696
 11274	 -52.62344	  58.5473	  176.34021	  176.82813
 11275	 -52.19651	  59.05344	  176.25923	  176.74759
 11276	 -52.72916	  58.79469	  176.37531	  176.86304
 11276	 -52.72916	  58.79469	  176.37531	  176.86304
 11275	 -52.19651	  59.05344	  176.25923	  176.74759
 11277	 -52.28933	  59.45632	  176.28355	  176.77179
 11275	 -52.19651	  59.05344	  176.25923	  176.74759
 11238	 -51.11246	  60.75036	  175.696	  176.18759
 11277	 -52.28933	  59.45632	  176.28355	  176.77179
 11239	 -50.57072	  60.58718	  175.36511	  175.85858
 11238	 -51.11246	  60.75036	  175.696	  176.18759
 11275	 -52.19651	  59.05344	  176.25923	  176.74759
 11237	 -50.37611	  61.03602	  175.2728	  175.76682
 11238	 -51.11246	  60.75036	  175.696	  176.18759
 11239	 -50.57072	  60.58718	  175.36511	  175.85858
 11237	 -50.37611	  61.03602	  175.2728	  175.76682
 11239	 -50.57072	  60.58718	  175.36511	  175.85858
 11257	 -49.77972	  61.41259	  174.71994	  175.2171
 11257	 -49.77972	  61.41259	  174.71994	  175.2171
 11239	 -50.57072	  60.58718	  175.36511	  175.85858
 11255	 -49.51006	  61.16472	  174.29243	  174.79205
 11255	 -49.51006	  61.16472	  174.29243	  174.79205
 11256	 -49.39849	  61.32378	  174.31152	  174.81104
 11257	 -49.77972	  61.41259	  174.71994	  175.2171
 11271	 -52.72916	  58.79469	  176.37531	  176.86304
 11272	 -52.28933	  59.45632	  176.28355	  176.77179
 11273	 -52.69323	  58.74937	  176.55196	  177.03867
 11272	 -52.28933	  59.45632	  176.28355	  176.77179
 11286	 -51.27077	  60.40653	  175.9256	  176.41589
 11273	 -52.69323	  58.74937	  176.55196	  177.03867
 11285	 -51.11246	  60.75036	  175.696	  176.18759
 11286	 -51.27077	  60.40653	  175.9256	  176.41589
 11272	 -52.28933	  59.45632	  176.28355	  176.77179
 11235	 -50.93832	  60.83605	  175.70583	  176.19736
 11286	 -51.27077	  60.40653	  175.9256	  176.41589
 11285	 -51.11246	  60.75036	  175.696	  176.18759
 11236	 -50.37611	  61.03602	  175.2728	  175.76682
 11235	 -50.93832	  60.83605	  175.70583	  176.19736
 11285	 -51.11246	  60.75036	  175.696	  176.18759
 11234	 -50.00711	  61.19822	  175.07362	  175.56879
 11235	 -50.93832	  60.83605	  175.70583	  176.19736
 11236	 -50.37611	  61.03602	  175.2728	  175.76682
 11234	 -50.00711	  61.19822	  175.07362	  175.56879
 11236	 -50.37611	  61.03602	  175.2728	  175.76682
 11291	 -49.77972	  61.41259	  174.71994	  175.2171
 16658	  24.98701	  50.65714	  158.98077	  159.5679
 16659	  25.03567	  50.65528	  159.13481	  159.72107
 16660	  24.81423	  50.86546	  158.7067	  159.29538
 11162	 -54.40433	  58.55017	  176.58865	  177.07516
 11163	 -54.54274	  58.54868	  176.44772	  176.93503
 11164	 -54.28942	  60.3546	  176.3853	  176.87296
 11162	 -54.40433	  58.55017	  176.58865	  177.07516
 11164	 -54.28942	  60.3546	  176.3853	  176.87296
 11165	 -53.34269	  63.65761	  176.43596	  176.92331
 11165	 -53.34269	  63.65761	  176.43596	  176.92331
 11164	 -54.28942	  60.3546	  176.3853	  176.87296
 11166	 -53.56173	  63.1674	  176.31079	  176.79889
 11165	 -53.34269	  63.65761	  176.43596	  176.92331
 11166	 -53.56173	  63.1674	  176.31079	  176.79889
 11195	 -52.52694	  66.1441	  176.35646	  176.84427
 11194	 -52.4963	  66.06509	  176.20546	  176.69415
 11195	 -52.52694	  66.1441	  176.35646	  176.84427
 11166	 -53.56173	  63.1674	  176.31079	  176.79889
 11194	 -52.4963	  66.06509	  176.20546	  176.69415
 11223	 -50.75318	  69.62033	  176.20592	  176.69461
 11195	 -52.52694	  66.1441	  176.35646	  176.84427
 11134	 -54.09586	  48.91046	  176.6447	  177.13089
 11133	 -54.40029	  45.92209	  176.43951	  176.92685
 11135	 -54.15862	  46.56834	  176.6156	  177.10193
 11132	 -54.21582	  51.00233	  176.51074	  176.99768
 11133	 -54.40029	  45.92209	  176.43951	  176.92685
 11134	 -54.09586	  48.91046	  176.6447	  177.13089
 11134	 -54.09586	  48.91046	  176.6447	  177.13089
 11143	 -54.14998	  52.79935	  176.66437	  177.15042
 11132	 -54.21582	  51.00233	  176.51074	  176.99768
 11143	 -54.14998	  52.79935	  176.66437	  177.15042
 11147	 -54.24039	  56.45562	  176.60854	  177.09491
 11132	 -54.21582	  51.00233	  176.51074	  176.99768
 11132	 -54.21582	  51.00233	  176.51074	  176.99768
 11147	 -54.24039	  56.45562	  176.60854	  177.09491
 11157	 -54.34906	  58.4546	  176.34985	  176.83771
 11157	 -54.34906	  58.4546	  176.34985	  176.83771
 11147	 -54.24039	  56.45562	  176.60854	  177.09491
 11158	 -54.21656	  58.47405	  176.54114	  177.02789
 11158	 -54.21656	  58.47405	  176.54114	  177.02789
 11170	 -53.96754	  60.21522	  176.39548	  176.88306
 11157	 -54.34906	  58.4546	  176.34985	  176.83771
 11158	 -54.21656	  58.47405	  176.54114	  177.02789
 11172	 -53.98986	  60.24418	  176.49184	  176.97888
 11170	 -53.96754	  60.21522	  176.39548	  176.88306
 11173	 -53.59068	  62.01862	  176.45247	  176.93973
 11170	 -53.96754	  60.21522	  176.39548	  176.88306
 11172	 -53.98986	  60.24418	  176.49184	  176.97888
 11173	 -53.59068	  62.01862	  176.45247	  176.93973
 11187	 -53.04929	  64.04995	  176.41508	  176.90256
 11170	 -53.96754	  60.21522	  176.39548	  176.88306
 11170	 -53.96754	  60.21522	  176.39548	  176.88306
 11187	 -53.04929	  64.04995	  176.41508	  176.90256
 11171	 -54.09418	  60.25192	  176.30042	  176.78854
 11171	 -54.09418	  60.25192	  176.30042	  176.78854
 11187	 -53.04929	  64.04995	  176.41508	  176.90256
 11191	 -52.4963	  66.06509	  176.20546	  176.69415
 11191	 -52.4963	  66.06509	  176.20546	  176.69415
 11187	 -53.04929	  64.04995	  176.41508	  176.90256
 11192	 -51.83467	  66.97563	  176.24193	  176.73041
 11157	 -54.34906	  58.4546	  176.34985	  176.83771
 11170	 -53.96754	  60.21522	  176.39548	  176.88306
 11171	 -54.09418	  60.25192	  176.30042	  176.78854
 11125	 -54.20316	  45.35086	  176.54491	  177.03165
 11131	 -54.15862	  46.56834	  176.6156	  177.10193
 11124	 -54.40029	  45.92209	  176.43951	  176.92685
 11125	 -54.20316	  45.35086	  176.54491	  177.03165
 11124	 -54.40029	  45.92209	  176.43951	  176.92685
 11117	 -54.41081	  42.62989	  176.15378	  176.64276
 11117	 -54.41081	  42.62989	  176.15378	  176.64276
 11124	 -54.40029	  45.92209	  176.43951	  176.92685
 11115	 -54.7738	  41.75462	  175.93654	  176.42676
 11117	 -54.41081	  42.62989	  176.15378	  176.64276
 11115	 -54.7738	  41.75462	  175.93654	  176.42676
 11116	 -54.53716	  41.08701	  175.98755	  176.47748
 11116	 -54.53716	  41.08701	  175.98755	  176.47748
 11115	 -54.7738	  41.75462	  175.93654	  176.42676
 11106	 -54.69344	  39.55285	  175.88632	  176.37683
 11106	 -54.69344	  39.55285	  175.88632	  176.37683
 11115	 -54.7738	  41.75462	  175.93654	  176.42676
 11104	 -55.01251	  38.80049	  175.7626	  176.25381
 11088	 -55.24493	  38.82757	  175.75584	  176.2471
 11104	 -55.01251	  38.80049	  175.7626	  176.25381
 11115	 -54.7738	  41.75462	  175.93654	  176.42676
 11106	 -54.69344	  39.55285	  175.88632	  176.37683
 11107	 -55.01251	  38.80049	  175.7626	  176.25381
 11105	 -54.90077	  38.16429	  175.86967	  176.36029
 11105	 -54.90077	  38.16429	  175.86967	  176.36029
 11104	 -55.01251	  38.80049	  175.7626	  176.25381
 11094	 -55.96721	  32.94814	  175.88457	  176.37509
 11088	 -55.24493	  38.82757	  175.75584	  176.2471
 11094	 -55.96721	  32.94814	  175.88457	  176.37509
 11104	 -55.01251	  38.80049	  175.7626	  176.25381
 11088	 -55.24493	  38.82757	  175.75584	  176.2471
 11090	 -56.30928	  33.075	  175.95502	  176.44513
 11094	 -55.96721	  32.94814	  175.88457	  176.37509
 11088	 -55.24493	  38.82757	  175.75584	  176.2471
 11089	 -55.72253	  36.84728	  175.97885	  176.46881
 11090	 -56.30928	  33.075	  175.95502	  176.44513
 11102	 -55.01414	  41.83775	  176.07114	  176.56058
 11089	 -55.72253	  36.84728	  175.97885	  176.46881
 11088	 -55.24493	  38.82757	  175.75584	  176.2471
 11088	 -55.24493	  38.82757	  175.75584	  176.2471
 11115	 -54.7738	  41.75462	  175.93654	  176.42676
 11102	 -55.01414	  41.83775	  176.07114	  176.56058
 11115	 -54.7738	  41.75462	  175.93654	  176.42676
 11121	 -54.59524	  45.66622	  176.43988	  176.92722
 11102	 -55.01414	  41.83775	  176.07114	  176.56058
 11115	 -54.7738	  41.75462	  175.93654	  176.42676
 11124	 -54.40029	  45.92209	  176.43951	  176.92685
 11121	 -54.59524	  45.66622	  176.43988	  176.92722
 11129	 -54.55145	  50.13935	  176.62523	  177.11151
 11121	 -54.59524	  45.66622	  176.43988	  176.92722
 11124	 -54.40029	  45.92209	  176.43951	  176.92685
 11124	 -54.40029	  45.92209	  176.43951	  176.92685
 11140	 -54.21582	  51.00233	  176.51074	  176.99768
 11129	 -54.55145	  50.13935	  176.62523	  177.11151
 11140	 -54.21582	  51.00233	  176.51074	  176.99768
 11142	 -54.45	  53.8789	  176.4958	  176.98282
 11129	 -54.55145	  50.13935	  176.62523	  177.11151
 11146	 -54.54274	  58.54868	  176.44772	  176.93503
 11129	 -54.55145	  50.13935	  176.62523	  177.11151
 11142	 -54.45	  53.8789	  176.4958	  176.98282
 11146	 -54.54274	  58.54868	  176.44772	  176.93503
 11142	 -54.45	  53.8789	  176.4958	  176.98282
 11156	 -54.34906	  58.4546	  176.34985	  176.83771
 11156	 -54.34906	  58.4546	  176.34985	  176.83771
 11167	 -54.09418	  60.25192	  176.30042	  176.78854
 11146	 -54.54274	  58.54868	  176.44772	  176.93503
 11146	 -54.54274	  58.54868	  176.44772	  176.93503
 11167	 -54.09418	  60.25192	  176.30042	  176.78854
 11168	 -54.28942	  60.3546	  176.3853	  176.87296
 11169	 -53.56173	  63.1674	  176.31079	  176.79889
 11168	 -54.28942	  60.3546	  176.3853	  176.87296
 11167	 -54.09418	  60.25192	  176.30042	  176.78854
 11167	 -54.09418	  60.25192	  176.30042	  176.78854
 11193	 -52.4963	  66.06509	  176.20546	  176.69415
 11169	 -53.56173	  63.1674	  176.31079	  176.79889
 11140	 -54.21582	  51.00233	  176.51074	  176.99768
 11156	 -54.34906	  58.4546	  176.34985	  176.83771
 11142	 -54.45	  53.8789	  176.4958	  176.98282
 11092	 -55.67612	  32.89732	  175.99805	  176.48792
 11093	 -55.44456	  35.20453	  175.96579	  176.45584
 11094	 -55.96721	  32.94814	  175.88457	  176.37509
 16654	  25.03567	  50.65528	  159.13481	  159.72107
 16655	  24.88511	  50.66271	  159.00359	  159.59058
 16656	  24.81423	  50.86546	  158.7067	  159.29538
 16656	  24.81423	  50.86546	  158.7067	  159.29538
 16655	  24.88511	  50.66271	  159.00359	  159.59058
 16657	  24.78945	  50.78122	  158.70384	  159.29254
 16648	  24.81423	  50.86546	  158.7067	  159.29538
 16649	  24.78945	  50.78122	  158.70384	  159.29254
 16650	  24.98701	  50.65714	  158.98077	  159.5679
 11070	 -59.18072	  16.01308	  175.66635	  176.15811
 11071	 -58.42839	  15.74373	  175.54826	  176.04071
 11050	 -58.39682	  22.38123	  175.60808	  176.10016
 11075	 -59.00159	  22.53351	  175.82326	  176.31412
 11070	 -59.18072	  16.01308	  175.66635	  176.15811
 11050	 -58.39682	  22.38123	  175.60808	  176.10016
 11075	 -59.00159	  22.53351	  175.82326	  176.31412
 11050	 -58.39682	  22.38123	  175.60808	  176.10016
 11202	 -58.62696	  25.50182	  175.65083	  176.1427
 11202	 -58.62696	  25.50182	  175.65083	  176.1427
 11201	 -55.96721	  32.94814	  175.88457	  176.37509
 11203	 -56.30928	  33.075	  175.95502	  176.44513
 11072	 -57.70102	  15.48567	  175.85927	  176.34991
 11073	 -57.74689	  18.70221	  175.89653	  176.38699
 11071	 -58.42839	  15.74373	  175.54826	  176.04071
 11071	 -58.42839	  15.74373	  175.54826	  176.04071
 11073	 -57.74689	  18.70221	  175.89653	  176.38699
 11050	 -58.39682	  22.38123	  175.60808	  176.10016
 11074	 -57.84253	  22.15322	  175.85901	  176.34967
 11050	 -58.39682	  22.38123	  175.60808	  176.10016
 11073	 -57.74689	  18.70221	  175.89653	  176.38699
 11074	 -57.84253	  22.15322	  175.85901	  176.34967
 11051	 -57.67916	  25.20704	  175.74788	  176.23917
 11050	 -58.39682	  22.38123	  175.60808	  176.10016
 11050	 -58.39682	  22.38123	  175.60808	  176.10016
 11051	 -57.67916	  25.20704	  175.74788	  176.23917
 11052	 -58.62696	  25.50182	  175.65083	  176.1427
 11051	 -57.67916	  25.20704	  175.74788	  176.23917
 11199	 -56.9606	  28.08059	  175.6747	  176.16641
 11052	 -58.62696	  25.50182	  175.65083	  176.1427
 11052	 -58.62696	  25.50182	  175.65083	  176.1427
 11199	 -56.9606	  28.08059	  175.6747	  176.16641
 11201	 -55.96721	  32.94814	  175.88457	  176.37509
 11199	 -56.9606	  28.08059	  175.6747	  176.16641
 11200	 -55.67612	  32.89732	  175.99805	  176.48792
 11201	 -55.96721	  32.94814	  175.88457	  176.37509
 16642	  24.09947	  46.20969	  159.22383	  159.80957
 16643	  24.0912	  46.33411	  159.1945	  159.7804
 16644	  25.51629	  47.21861	  159.19664	  159.78253
 16643	  24.0912	  46.33411	  159.1945	  159.7804
 16647	  25.49367	  47.37511	  159.15915	  159.74524
 16644	  25.51629	  47.21861	  159.19664	  159.78253
 16627	  26.42311	  51.96347	  160.20779	  160.7879
 16612	  26.00985	  52.68132	  160.20288	  160.78302
 16628	  26.46157	  52.02849	  160.19693	  160.7771
 16610	  25.65371	  53.5362	  160.18103	  160.76129
 16611	  25.68349	  53.57122	  160.17386	  160.75418
 16612	  26.00985	  52.68132	  160.20288	  160.78302
 16612	  26.00985	  52.68132	  160.20288	  160.78302
 16611	  25.68349	  53.57122	  160.17386	  160.75418
 16613	  26.46157	  52.02849	  160.19693	  160.7771
 11206	 -58.07756	  27.54081	  176.1111	  176.60031
 11205	 -56.30928	  33.075	  175.95502	  176.44513
 11207	 -56.35107	  33.18256	  176.29886	  176.78702
 11204	 -58.62696	  25.50182	  175.65083	  176.1427
 11205	 -56.30928	  33.075	  175.95502	  176.44513
 11206	 -58.07756	  27.54081	  176.1111	  176.60031
 11067	 -59.00159	  22.53351	  175.82326	  176.31412
 11204	 -58.62696	  25.50182	  175.65083	  176.1427
 11206	 -58.07756	  27.54081	  176.1111	  176.60031
 11068	 -58.91708	  22.37714	  176.39133	  176.87894
 11067	 -59.00159	  22.53351	  175.82326	  176.31412
 11206	 -58.07756	  27.54081	  176.1111	  176.60031
 11066	 -59.49239	  15.76187	  176.55464	  177.04132
 11067	 -59.00159	  22.53351	  175.82326	  176.31412
 11068	 -58.91708	  22.37714	  176.39133	  176.87894
 11069	 -59.18072	  16.01308	  175.66635	  176.15811
 11067	 -59.00159	  22.53351	  175.82326	  176.31412
 11066	 -59.49239	  15.76187	  176.55464	  177.04132
 11068	 -58.91708	  22.37714	  176.39133	  176.87894
 11206	 -58.07756	  27.54081	  176.1111	  176.60031
 11228	 -58.25584	  24.62982	  176.51607	  177.00296
 11059	 -57.84253	  22.15322	  175.85901	  176.34967
 11055	 -57.74689	  18.70221	  175.89653	  176.38699
 11056	 -57.66015	  21.99518	  176.28088	  176.76913
 11056	 -57.66015	  21.99518	  176.28088	  176.76913
 11215	 -57.5552	  25.09303	  176.0936	  176.58292
 11059	 -57.84253	  22.15322	  175.85901	  176.34967
 11059	 -57.84253	  22.15322	  175.85901	  176.34967
 11215	 -57.5552	  25.09303	  176.0936	  176.58292
 11229	 -57.67916	  25.20704	  175.74788	  176.23917
 11217	 -56.9606	  28.08059	  175.6747	  176.16641
 11229	 -57.67916	  25.20704	  175.74788	  176.23917
 11215	 -57.5552	  25.09303	  176.0936	  176.58292
 11217	 -56.9606	  28.08059	  175.6747	  176.16641
 11216	 -55.57459	  32.9158	  176.21758	  176.70618
 11218	 -55.67612	  32.89732	  175.99805	  176.48792
 11215	 -57.5552	  25.09303	  176.0936	  176.58292
 11216	 -55.57459	  32.9158	  176.21758	  176.70618
 11217	 -56.9606	  28.08059	  175.6747	  176.16641
 11215	 -57.5552	  25.09303	  176.0936	  176.58292
 11214	 -55.69923	  33.02522	  176.46321	  176.95041
 11216	 -55.57459	  32.9158	  176.21758	  176.70618
 11213	 -57.78562	  25.08876	  176.41899	  176.90646
 11214	 -55.69923	  33.02522	  176.46321	  176.95041
 11215	 -57.5552	  25.09303	  176.0936	  176.58292
 11056	 -57.66015	  21.99518	  176.28088	  176.76913
 11213	 -57.78562	  25.08876	  176.41899	  176.90646
 11215	 -57.5552	  25.09303	  176.0936	  176.58292
 11057	 -57.88093	  21.99003	  176.63428	  177.12051
 11213	 -57.78562	  25.08876	  176.41899	  176.90646
 11056	 -57.66015	  21.99518	  176.28088	  176.76913
 11057	 -57.88093	  21.99003	  176.63428	  177.12051
 11056	 -57.66015	  21.99518	  176.28088	  176.76913
 11058	 -57.91313	  15.73587	  176.96925	  177.45355
 11058	 -57.91313	  15.73587	  176.96925	  177.45355
 11056	 -57.66015	  21.99518	  176.28088	  176.76913
 11054	 -57.49036	  15.42737	  176.47914	  176.96625
 11055	 -57.74689	  18.70221	  175.89653	  176.38699
 11054	 -57.49036	  15.42737	  176.47914	  176.96625
 11056	 -57.66015	  21.99518	  176.28088	  176.76913
 11053	 -57.70102	  15.48567	  175.85927	  176.34991
 11054	 -57.49036	  15.42737	  176.47914	  176.96625
 11055	 -57.74689	  18.70221	  175.89653	  176.38699
 11026	 -40.65569	  14.72711	  173.71429	  174.21722
 11029	 -40.65238	  14.63838	  173.63785	  174.1412
 11027	 -41.47126	  14.05881	  173.92336	  174.42508
 11026	 -40.65569	  14.72711	  173.71429	  174.21722
 11027	 -41.47126	  14.05881	  173.92336	  174.42508
 11028	 -41.44945	  14.2194	  173.94606	  174.44766
 11009	 -39.48746	  11.64266	  173.32246	  173.82764
 11010	 -39.51803	  11.72521	  173.27382	  173.77927
 11011	 -40.81676	  11.67455	  174.4165	  174.91541
 11017	 -40.71277	  11.48662	  174.43581	  174.9346
 11009	 -39.48746	  11.64266	  173.32246	  173.82764
 11011	 -40.81676	  11.67455	  174.4165	  174.91541
 11017	 -40.71277	  11.48662	  174.43581	  174.9346
 11016	 -39.79688	  11.70286	  173.71848	  174.22137
 11009	 -39.48746	  11.64266	  173.32246	  173.82764
 11015	 -40.64269	  11.59944	  174.48213	  174.98065
 11016	 -39.79688	  11.70286	  173.71848	  174.22137
 11017	 -40.71277	  11.48662	  174.43581	  174.9346
 16621	  26.33602	  52.01272	  160.15948	  160.73987
 16622	  26.34509	  52.09582	  160.13292	  160.71344
 16623	  26.02022	  52.78978	  160.13817	  160.71869
 16623	  26.02022	  52.78978	  160.13817	  160.71869
 16622	  26.34509	  52.09582	  160.13292	  160.71344
 16624	  26.38328	  52.16211	  160.12233	  160.70291
 16618	  26.38328	  52.16211	  160.12233	  160.70291
 16619	  25.67472	  53.54862	  160.13091	  160.71146
 16620	  26.02022	  52.78978	  160.13817	  160.71869
 10959	 -41.94499	  23.7819	  177.99265	  178.47113
 10973	 -42.3642	  23.73946	  177.79213	  178.27176
 10960	 -41.86291	  23.71502	  177.92325	  178.40213
 10959	 -41.94499	  23.7819	  177.99265	  178.47113
 10960	 -41.86291	  23.71502	  177.92325	  178.40213
 10961	 -41.42464	  23.97239	  178.35408	  178.83047
 10919	 -43.68729	  26.09738	  177.11629	  177.59976
 10941	 -43.78255	  26.09199	  177.21619	  177.6991
 10920	 -43.03398	  26.66436	  177.47958	  177.961
 10919	 -43.68729	  26.09738	  177.11629	  177.59976
 10920	 -43.03398	  26.66436	  177.47958	  177.961
 10921	 -42.32555	  27.4131	  177.57559	  178.05646
 10816	 -42.00961	  13.75885	  174.54504	  175.04321
 10817	 -42.1207	  13.59727	  174.68047	  175.17786
 10818	 -42.11194	  13.81246	  174.621	  175.11874
 10818	 -42.11194	  13.81246	  174.621	  175.11874
 10833	 -41.66191	  14.20116	  174.00763	  174.50885
 10816	 -42.00961	  13.75885	  174.54504	  175.04321
 10837	 -41.69597	  13.91279	  174.17636	  174.67664
 10816	 -42.00961	  13.75885	  174.54504	  175.04321
 10833	 -41.66191	  14.20116	  174.00763	  174.50885
 10783	 -42.98737	  11.33018	  175.34843	  175.84201
 10780	 -42.45399	  13.00093	  175.0367	  175.53204
 10779	 -42.87381	  11.26249	  175.31602	  175.80978
 10779	 -42.87381	  11.26249	  175.31602	  175.80978
 10780	 -42.45399	  13.00093	  175.0367	  175.53204
 10781	 -42.53719	  11.95124	  175.10155	  175.59653
 10781	 -42.53719	  11.95124	  175.10155	  175.59653
 10780	 -42.45399	  13.00093	  175.0367	  175.53204
 10782	 -42.32412	  12.78356	  174.99011	  175.48575
 16606	  25.67472	  53.54862	  160.13091	  160.71146
 16607	  25.65371	  53.5362	  160.18103	  160.76129
 16608	  26.02022	  52.78978	  160.13817	  160.71869
 16608	  26.02022	  52.78978	  160.13817	  160.71869
 16607	  25.65371	  53.5362	  160.18103	  160.76129
 16609	  26.00985	  52.68132	  160.20288	  160.78302
 16608	  26.02022	  52.78978	  160.13817	  160.71869
 16609	  26.00985	  52.68132	  160.20288	  160.78302
 16625	  26.33602	  52.01272	  160.15948	  160.73987
 16625	  26.33602	  52.01272	  160.15948	  160.73987
 16609	  26.00985	  52.68132	  160.20288	  160.78302
 16626	  26.42311	  51.96347	  160.20779	  160.7879
 16603	  26.57751	  57.96593	  158.63969	  159.22876
 16604	  26.37103	  58.26614	  158.45001	  159.04016
 16605	  26.49073	  57.99097	  158.54469	  159.13431
 10767	 -42.98737	  11.33018	  175.34843	  175.84201
 10768	 -43.1303	  11.17601	  175.25073	  175.74487
 10769	 -42.62562	  12.64997	  174.99754	  175.49313
 10767	 -42.98737	  11.33018	  175.34843	  175.84201
 10769	 -42.62562	  12.64997	  174.99754	  175.49313
 10784	 -42.45399	  13.00093	  175.0367	  175.53204
 10796	 -42.2979	  13.72698	  174.70479	  175.20203
 10784	 -42.45399	  13.00093	  175.0367	  175.53204
 10769	 -42.62562	  12.64997	  174.99754	  175.49313
 10769	 -42.62562	  12.64997	  174.99754	  175.49313
 10819	 -42.26771	  13.70174	  174.56058	  175.05865
 10796	 -42.2979	  13.72698	  174.70479	  175.20203
 16601	  26.41208	  58.17405	  158.69102	  159.27979
 16592	  26.37103	  58.26614	  158.45001	  159.04016
 16602	  26.57751	  57.96593	  158.63969	  159.22876
 16590	  26.37751	  58.55437	  158.10587	  158.698
 16591	  26.51049	  58.3819	  158.08485	  158.67709
 16592	  26.37103	  58.26614	  158.45001	  159.04016
 16592	  26.37103	  58.26614	  158.45001	  159.04016
 16591	  26.51049	  58.3819	  158.08485	  158.67709
 16593	  26.43899	  58.05546	  158.42793	  159.01822
 16600	  26.49073	  57.99097	  158.54469	  159.13431
 16592	  26.37103	  58.26614	  158.45001	  159.04016
 16593	  26.43899	  58.05546	  158.42793	  159.01822
 16587	  26.45724	  58.19896	  158.26733	  158.85852
 16588	  26.43899	  58.05546	  158.42793	  159.01822
 16589	  26.51049	  58.3819	  158.08485	  158.67709
 10743	 -42.53003	  23.53452	  177.75595	  178.23578
 10744	 -42.11591	  24.20586	  178.44328	  178.91919
 10745	 -42.57032	  23.56787	  177.86534	  178.34454
 10757	 -43.10435	  22.83724	  177.53229	  178.0134
 10743	 -42.53003	  23.53452	  177.75595	  178.23578
 10745	 -42.57032	  23.56787	  177.86534	  178.34454
 10730	 -43.13881	  22.6159	  177.62173	  178.10233
 10700	 -43.59393	  21.65573	  177.2617	  177.74435
 10731	 -43.10435	  22.83724	  177.53229	  178.0134
 10730	 -43.13881	  22.6159	  177.62173	  178.10233
 10731	 -43.10435	  22.83724	  177.53229	  178.0134
 10756	 -42.57032	  23.56787	  177.86534	  178.34454
 10678	 -43.7662	  20.6221	  177.03258	  177.51654
 10700	 -43.59393	  21.65573	  177.2617	  177.74435
 10699	 -43.86639	  20.55827	  177.14345	  177.62677
 10699	 -43.86639	  20.55827	  177.14345	  177.62677
 10700	 -43.59393	  21.65573	  177.2617	  177.74435
 10701	 -43.70642	  21.03378	  177.27905	  177.7616
 10677	 -44.34233	  15.03686	  176.72653	  177.21222
 10678	 -43.7662	  20.6221	  177.03258	  177.51654
 10679	 -44.37157	  15.06201	  176.86684	  177.35175
 10679	 -44.37157	  15.06201	  176.86684	  177.35175
 10678	 -43.7662	  20.6221	  177.03258	  177.51654
 10680	 -43.86639	  20.55827	  177.14345	  177.62677
 10750	 -42.57032	  23.56787	  177.86534	  178.34454
 10719	 -42.11591	  24.20586	  178.44328	  178.91919
 10749	 -42.43553	  23.28938	  177.9397	  178.41846
 10718	 -42.05331	  24.4468	  178.79376	  179.26764
 10749	 -42.43553	  23.28938	  177.9397	  178.41846
 10719	 -42.11591	  24.20586	  178.44328	  178.91919
 10718	 -42.05331	  24.4468	  178.79376	  179.26764
 10719	 -42.11591	  24.20586	  178.44328	  178.91919
 10720	 -41.91688	  25.25059	  179.11769	  179.58972
 10746	 -42.27324	  23.53974	  178.20175	  178.67902
 10747	 -42.43553	  23.28938	  177.9397	  178.41846
 10748	 -42.15816	  23.87971	  178.50549	  178.98105
 10748	 -42.15816	  23.87971	  178.50549	  178.98105
 10747	 -42.43553	  23.28938	  177.9397	  178.41846
 10718	 -42.05331	  24.4468	  178.79376	  179.26764
 10716	 -42.11591	  24.20586	  178.44328	  178.91919
 10715	 -41.82068	  25.07764	  179.09186	  179.56406
 10717	 -41.82485	  25.22771	  179.07645	  179.54871
 10714	 -42.12065	  23.76342	  178.30917	  178.78583
 10715	 -41.82068	  25.07764	  179.09186	  179.56406
 10716	 -42.11591	  24.20586	  178.44328	  178.91919
 10716	 -42.11591	  24.20586	  178.44328	  178.91919
 10740	 -42.33699	  23.49912	  177.84624	  178.32553
 10714	 -42.12065	  23.76342	  178.30917	  178.78583
 10740	 -42.33699	  23.49912	  177.84624	  178.32553
 10741	 -42.48933	  23.15729	  177.81554	  178.29501
 10714	 -42.12065	  23.76342	  178.30917	  178.78583
 10740	 -42.33699	  23.49912	  177.84624	  178.32553
 10758	 -42.96301	  22.58355	  177.65424	  178.13464
 10741	 -42.48933	  23.15729	  177.81554	  178.29501
 10742	 -42.53003	  23.53452	  177.75595	  178.23578
 10740	 -42.33699	  23.49912	  177.84624	  178.32553
 10716	 -42.11591	  24.20586	  178.44328	  178.91919
 10735	 -42.33699	  23.49912	  177.84624	  178.32553
 10707	 -43.2879	  21.95493	  177.32561	  177.80789
 10736	 -42.96301	  22.58355	  177.65424	  178.13464
 10736	 -42.96301	  22.58355	  177.65424	  178.13464
 10707	 -43.2879	  21.95493	  177.32561	  177.80789
 10708	 -43.22878	  22.00488	  177.51479	  177.996
 10707	 -43.2879	  21.95493	  177.32561	  177.80789
 10695	 -43.61638	  20.66939	  177.21902	  177.7019
 10708	 -43.22878	  22.00488	  177.51479	  177.996
 10696	 -43.56773	  20.81231	  177.09174	  177.57535
 10695	 -43.61638	  20.66939	  177.21902	  177.7019
 10707	 -43.2879	  21.95493	  177.32561	  177.80789
 10695	 -43.61638	  20.66939	  177.21902	  177.7019
 10696	 -43.56773	  20.81231	  177.09174	  177.57535
 10697	 -43.69212	  19.63417	  177.11609	  177.59958
 10588	 -42.73062	  14.95469	  176.7905	  177.27585
 10589	 -43.49942	  12.08617	  176.8632	  177.34811
 10590	 -42.71058	  14.75728	  176.9437	  177.42816
 10603	 -41.7897	  16.3601	  176.72969	  177.21539
 10588	 -42.73062	  14.95469	  176.7905	  177.27585
 10590	 -42.71058	  14.75728	  176.9437	  177.42816
 10609	 -42.08673	  15.86559	  176.8838	  177.36862
 10603	 -41.7897	  16.3601	  176.72969	  177.21539
 10590	 -42.71058	  14.75728	  176.9437	  177.42816
 10610	 -41.68837	  16.65816	  176.80624	  177.2915
 10603	 -41.7897	  16.3601	  176.72969	  177.21539
 10609	 -42.08673	  15.86559	  176.8838	  177.36862
 10576	 -43.844	  12.15718	  176.79973	  177.285
 10574	 -42.93746	  15.13542	  176.86894	  177.35382
 10573	 -43.87789	  12.21938	  176.99606	  177.48022
 10573	 -43.87789	  12.21938	  176.99606	  177.48022
 10574	 -42.93746	  15.13542	  176.86894	  177.35382
 10575	 -43.00248	  14.81444	  176.98317	  177.46741
 10575	 -43.00248	  14.81444	  176.98317	  177.46741
 10574	 -42.93746	  15.13542	  176.86894	  177.35382
 10597	 -42.43902	  15.70085	  176.94131	  177.42578
 10597	 -42.43902	  15.70085	  176.94131	  177.42578
 10574	 -42.93746	  15.13542	  176.86894	  177.35382
 10598	 -41.85953	  16.92165	  176.70709	  177.1929
 10616	 -41.83323	  16.98257	  176.80132	  177.28659
 10598	 -41.85953	  16.92165	  176.70709	  177.1929
 10617	 -40.69513	  18.62053	  176.56174	  177.04837
 10546	 -40.31796	  12.09758	  173.2908	  173.79614
 10549	 -40.40417	  11.88333	  173.65582	  174.15906
 10547	 -40.5824	  12.37474	  173.06194	  173.56857
 10546	 -40.31796	  12.09758	  173.2908	  173.79614
 10547	 -40.5824	  12.37474	  173.06194	  173.56857
 10548	 -40.48306	  12.43811	  173.04399	  173.55072
 10517	 -40.78288	  10.93224	  174.94875	  175.44461
 10535	 -40.75099	  11.68964	  174.62497	  175.12268
 10534	 -40.69425	  11.26232	  174.7291	  175.2262
 10533	 -40.61092	  11.53791	  174.4781	  174.97665
 10534	 -40.69425	  11.26232	  174.7291	  175.2262
 10535	 -40.75099	  11.68964	  174.62497	  175.12268
 10533	 -40.61092	  11.53791	  174.4781	  174.97665
 10535	 -40.75099	  11.68964	  174.62497	  175.12268
 10550	 -40.47794	  11.67234	  174.23331	  174.73328
 10550	 -40.47794	  11.67234	  174.23331	  174.73328
 10535	 -40.75099	  11.68964	  174.62497	  175.12268
 10551	 -40.36732	  11.87067	  173.9994	  174.50067
 10553	 -40.23653	  11.74666	  173.76453	  174.26715
 10550	 -40.47794	  11.67234	  174.23331	  174.73328
 10551	 -40.36732	  11.87067	  173.9994	  174.50067
 10503	 -41.08821	  10.34738	  175.22693	  175.72122
 10514	 -41.02478	  10.91147	  175.13982	  175.63458
 10517	 -40.78288	  10.93224	  174.94875	  175.44461
 10503	 -41.08821	  10.34738	  175.22693	  175.72122
 10486	 -41.54714	  9.36749	  175.87016	  176.36078
 10514	 -41.02478	  10.91147	  175.13982	  175.63458
 10488	 -41.63428	  9.52587	  175.91054	  176.40091
 10514	 -41.02478	  10.91147	  175.13982	  175.63458
 10486	 -41.54714	  9.36749	  175.87016	  176.36078
 10484	 -42.48764	  7.92006	  176.54703	  177.03375
 10488	 -41.63428	  9.52587	  175.91054	  176.40091
 10486	 -41.54714	  9.36749	  175.87016	  176.36078
 10485	 -41.62999	  8.99369	  175.91264	  176.40298
 10484	 -42.48764	  7.92006	  176.54703	  177.03375
 10486	 -41.54714	  9.36749	  175.87016	  176.36078
 10483	 -42.45415	  7.68672	  176.47816	  176.9653
 10484	 -42.48764	  7.92006	  176.54703	  177.03375
 10485	 -41.62999	  8.99369	  175.91264	  176.40298
 10485	 -41.62999	  8.99369	  175.91264	  176.40298
 10486	 -41.54714	  9.36749	  175.87016	  176.36078
 10502	 -41.41863	  9.41736	  175.71017	  176.20169
 10503	 -41.08821	  10.34738	  175.22693	  175.72122
 10502	 -41.41863	  9.41736	  175.71017	  176.20169
 10486	 -41.54714	  9.36749	  175.87016	  176.36078
 10487	 -42.5965	  8.16581	  176.57988	  177.06644
 10488	 -41.63428	  9.52587	  175.91054	  176.40091
 10484	 -42.48764	  7.92006	  176.54703	  177.03375
 10525	 -40.73964	  11.44995	  174.42267	  174.92154
 10512	 -40.86002	  10.87784	  174.88206	  175.37833
 10524	 -40.61092	  11.53791	  174.4781	  174.97665
 10512	 -40.86002	  10.87784	  174.88206	  175.37833
 10523	 -40.69425	  11.26232	  174.7291	  175.2262
 10524	 -40.61092	  11.53791	  174.4781	  174.97665
 10522	 -40.78288	  10.93224	  174.94875	  175.44461
 10523	 -40.69425	  11.26232	  174.7291	  175.2262
 10512	 -40.86002	  10.87784	  174.88206	  175.37833
 10511	 -41.08821	  10.34738	  175.22693	  175.72122
 10522	 -40.78288	  10.93224	  174.94875	  175.44461
 10512	 -40.86002	  10.87784	  174.88206	  175.37833
 10511	 -41.08821	  10.34738	  175.22693	  175.72122
 10512	 -40.86002	  10.87784	  174.88206	  175.37833
 10513	 -41.41863	  9.41736	  175.71017	  176.20169
 10536	 -40.48306	  12.43811	  173.04399	  173.55072
 10537	 -40.53333	  12.30897	  173.05461	  173.56131
