 8532	 -36.01973	  48.91997	  119.88309	  120.69366
 8531	 -37.68368	  48.16318	  119.96931	  120.7794
 8532	 -36.01973	  48.91997	  119.88309	  120.69366
 8538	 -37.65537	  50.51159	  120.54158	  121.34838
 8538	 -37.65537	  50.51159	  120.54158	  121.34838
 8532	 -36.01973	  48.91997	  119.88309	  120.69366
 8539	 -36.01139	  51.3456	  120.48849	  121.2956
 8548	 -36.36724	  53.29643	  121.27533	  122.07793
 8538	 -37.65537	  50.51159	  120.54158	  121.34838
 8539	 -36.01139	  51.3456	  120.48849	  121.2956
 8542	 -35.21908	  51.53522	  120.57048	  121.37713
 8548	 -36.36724	  53.29643	  121.27533	  122.07793
 8539	 -36.01139	  51.3456	  120.48849	  121.2956
 8552	 -35.57047	  53.48158	  121.38133	  122.18333
 8548	 -36.36724	  53.29643	  121.27533	  122.07793
 8542	 -35.21908	  51.53522	  120.57048	  121.37713
 8552	 -35.57047	  53.48158	  121.38133	  122.18333
 8558	 -36.15688	  55.01192	  122.29944	  123.0962
 8548	 -36.36724	  53.29643	  121.27533	  122.07793
 8548	 -36.36724	  53.29643	  121.27533	  122.07793
 8558	 -36.15688	  55.01192	  122.29944	  123.0962
 8553	 -36.9358	  54.79619	  122.18231	  122.97974
 8548	 -36.36724	  53.29643	  121.27533	  122.07793
 8553	 -36.9358	  54.79619	  122.18231	  122.97974
 8547	 -37.95768	  52.42173	  121.31805	  122.12041
 8547	 -37.95768	  52.42173	  121.31805	  122.12041
 8553	 -36.9358	  54.79619	  122.18231	  122.97974
 8554	 -38.50905	  53.88035	  122.20024	  122.99757
 8542	 -35.21908	  51.53522	  120.57048	  121.37713
 8539	 -36.01139	  51.3456	  120.48849	  121.2956
 8533	 -35.23522	  49.07886	  119.9357	  120.74596
 8533	 -35.23522	  49.07886	  119.9357	  120.74596
 8539	 -36.01139	  51.3456	  120.48849	  121.2956
 8532	 -36.01973	  48.91997	  119.88309	  120.69366
 8533	 -35.23522	  49.07886	  119.9357	  120.74596
 8532	 -36.01973	  48.91997	  119.88309	  120.69366
 8530	 -35.5054	  46.38347	  119.46852	  120.28146
 8530	 -35.5054	  46.38347	  119.46852	  120.28146
 8532	 -36.01973	  48.91997	  119.88309	  120.69366
 8529	 -36.28111	  46.13149	  119.41931	  120.23254
 8530	 -35.5054	  46.38347	  119.46852	  120.28146
 8529	 -36.28111	  46.13149	  119.41931	  120.23254
 8527	 -36.21818	  42.68137	  119.02144	  119.83694
 8536	 -35.30266	  45.33269	  119.88527	  120.69582
 8535	 -36.21818	  42.68137	  119.02144	  119.83694
 8537	 -35.98842	  42.5113	  119.12782	  119.94271
 8537	 -35.98842	  42.5113	  119.12782	  119.94271
 8535	 -36.21818	  42.68137	  119.02144	  119.83694
 8545	 -36.66502	  40.28577	  119.1514	  119.96615
 8545	 -36.66502	  40.28577	  119.1514	  119.96615
 8535	 -36.21818	  42.68137	  119.02144	  119.83694
 8546	 -36.89472	  40.45583	  119.0451	  119.86047
 8534	 -35.5054	  46.38347	  119.46852	  120.28146
 8535	 -36.21818	  42.68137	  119.02144	  119.83694
 8536	 -35.30266	  45.33269	  119.88527	  120.69582
 8541	 -35.03607	  48.158	  120.35474	  121.16262
 8534	 -35.5054	  46.38347	  119.46852	  120.28146
 8536	 -35.30266	  45.33269	  119.88527	  120.69582
 8540	 -35.23522	  49.07886	  119.9357	  120.74596
 8534	 -35.5054	  46.38347	  119.46852	  120.28146
 8541	 -35.03607	  48.158	  120.35474	  121.16262
 8551	 -35.02853	  50.60084	  120.96602	  121.77039
 8540	 -35.23522	  49.07886	  119.9357	  120.74596
 8541	 -35.03607	  48.158	  120.35474	  121.16262
 8550	 -35.21908	  51.53522	  120.57048	  121.37713
 8540	 -35.23522	  49.07886	  119.9357	  120.74596
 8551	 -35.02853	  50.60084	  120.96602	  121.77039
 8557	 -35.38332	  52.53492	  121.74799	  122.54789
 8550	 -35.21908	  51.53522	  120.57048	  121.37713
 8551	 -35.02853	  50.60084	  120.96602	  121.77039
 8556	 -35.57047	  53.48158	  121.38133	  122.18333
 8550	 -35.21908	  51.53522	  120.57048	  121.37713
 8557	 -35.38332	  52.53492	  121.74799	  122.54789
 8556	 -35.57047	  53.48158	  121.38133	  122.18333
 8557	 -35.38332	  52.53492	  121.74799	  122.54789
 8563	 -36.15688	  55.01192	  122.29944	  123.0962
 8563	 -36.15688	  55.01192	  122.29944	  123.0962
 8557	 -35.38332	  52.53492	  121.74799	  122.54789
 8564	 -35.95558	  54.04219	  122.66	  123.45469
 8563	 -36.15688	  55.01192	  122.29944	  123.0962
 8564	 -35.95558	  54.04219	  122.66	  123.45469
 8567	 -36.44508	  55.01505	  122.77428	  123.56832
 8567	 -36.44508	  55.01505	  122.77428	  123.56832
 8564	 -35.95558	  54.04219	  122.66	  123.45469
 8566	 -36.0188	  51.92405	  123.42561	  124.21593
 8566	 -36.0188	  51.92405	  123.42561	  124.21593
 8564	 -35.95558	  54.04219	  122.66	  123.45469
 8562	 -35.45839	  50.44659	  122.53024	  123.32569
 8562	 -35.45839	  50.44659	  122.53024	  123.32569
 8564	 -35.95558	  54.04219	  122.66	  123.45469
 8557	 -35.38332	  52.53492	  121.74799	  122.54789
 8557	 -35.38332	  52.53492	  121.74799	  122.54789
 8551	 -35.02853	  50.60084	  120.96602	  121.77039
 8562	 -35.45839	  50.44659	  122.53024	  123.32569
 8562	 -35.45839	  50.44659	  122.53024	  123.32569
 8551	 -35.02853	  50.60084	  120.96602	  121.77039
 8555	 -35.15875	  48.58174	  121.76805	  122.56785
 8541	 -35.03607	  48.158	  120.35474	  121.16262
 8555	 -35.15875	  48.58174	  121.76805	  122.56785
 8551	 -35.02853	  50.60084	  120.96602	  121.77039
 8549	 -35.21137	  46.20938	  121.16847	  121.97169
 8555	 -35.15875	  48.58174	  121.76805	  122.56785
 8541	 -35.03607	  48.158	  120.35474	  121.16262
 8541	 -35.03607	  48.158	  120.35474	  121.16262
 8536	 -35.30266	  45.33269	  119.88527	  120.69582
 8549	 -35.21137	  46.20938	  121.16847	  121.97169
 8549	 -35.21137	  46.20938	  121.16847	  121.97169
 8536	 -35.30266	  45.33269	  119.88527	  120.69582
 8544	 -35.58911	  43.25401	  120.63809	  121.44434
 8537	 -35.98842	  42.5113	  119.12782	  119.94271
 8544	 -35.58911	  43.25401	  120.63809	  121.44434
 8536	 -35.30266	  45.33269	  119.88527	  120.69582
 8543	 -36.21206	  40.66644	  120.14778	  120.95684
 8544	 -35.58911	  43.25401	  120.63809	  121.44434
 8537	 -35.98842	  42.5113	  119.12782	  119.94271
 8455	 -33.42691	  37.07434	  116.6794	  117.50826
 8449	 -34.2643	  38.65057	  117.36707	  118.19201
 8456	 -34.1891	  36.89132	  116.56081	  117.39037
 8466	 -33.54799	  34.96011	  115.98938	  116.8222
 8455	 -33.42691	  37.07434	  116.6794	  117.50826
 8456	 -34.1891	  36.89132	  116.56081	  117.39037
 8465	 -32.79873	  35.10582	  116.0932	  116.92544
 8455	 -33.42691	  37.07434	  116.6794	  117.50826
 8466	 -33.54799	  34.96011	  115.98938	  116.8222
 8449	 -34.2643	  38.65057	  117.36707	  118.19201
 8450	 -35.52615	  40.21701	  118.41322	  119.23219
 8451	 -35.08421	  38.5235	  117.26613	  118.09165
 8456	 -34.1891	  36.89132	  116.56081	  117.39037
 8449	 -34.2643	  38.65057	  117.36707	  118.19201
 8451	 -35.08421	  38.5235	  117.26613	  118.09165
 8456	 -34.1891	  36.89132	  116.56081	  117.39037
 8451	 -35.08421	  38.5235	  117.26613	  118.09165
 8464	 -35.67997	  36.14229	  116.63548	  117.46462
 8464	 -35.67997	  36.14229	  116.63548	  117.46462
 8451	 -35.08421	  38.5235	  117.26613	  118.09165
 8459	 -36.57532	  37.8345	  117.4368	  118.26134
 8452	 -35.71037	  40.29147	  118.28421	  119.10392
 8459	 -36.57532	  37.8345	  117.4368	  118.26134
 8451	 -35.08421	  38.5235	  117.26613	  118.09165
 8458	 -37.30712	  39.12264	  118.29427	  119.11391
 8459	 -36.57532	  37.8345	  117.4368	  118.26134
 8452	 -35.71037	  40.29147	  118.28421	  119.10392
 8451	 -35.08421	  38.5235	  117.26613	  118.09165
 8450	 -35.52615	  40.21701	  118.41322	  119.23219
 8452	 -35.71037	  40.29147	  118.28421	  119.10392
 8452	 -35.71037	  40.29147	  118.28421	  119.10392
 8450	 -35.52615	  40.21701	  118.41322	  119.23219
 8460	 -36.66589	  40.54876	  118.93269	  119.7487
 8460	 -36.66589	  40.54876	  118.93269	  119.7487
 8450	 -35.52615	  40.21701	  118.41322	  119.23219
 8461	 -36.48167	  40.4743	  119.06172	  119.87698
 8389	 -44.54878	  52.37584	  118.86896	  119.68531
 8388	 -42.82445	  52.33221	  118.1582	  118.97863
 8386	 -42.83713	  51.44491	  118.64368	  119.46133
 8387	 -44.57002	  53.26023	  118.40556	  119.22459
 8388	 -42.82445	  52.33221	  118.1582	  118.97863
 8389	 -44.54878	  52.37584	  118.86896	  119.68531
 8387	 -44.57002	  53.26023	  118.40556	  119.22459
 8389	 -44.54878	  52.37584	  118.86896	  119.68531
 8393	 -46.4275	  53.53925	  118.66449	  119.48203
 8378	 -41.68843	  47.25705	  119.15686	  119.97158
 8377	 -40.03461	  47.14976	  118.23155	  119.05157
 8379	 -40.32714	  44.59669	  118.87617	  119.6925
 8376	 -41.34851	  49.62808	  118.42639	  119.24528
 8377	 -40.03461	  47.14976	  118.23155	  119.05157
 8378	 -41.68843	  47.25705	  119.15686	  119.97158
 8378	 -41.68843	  47.25705	  119.15686	  119.97158
 8385	 -43.11496	  49.05952	  119.39421	  120.20757
 8376	 -41.34851	  49.62808	  118.42639	  119.24528
 8376	 -41.34851	  49.62808	  118.42639	  119.24528
 8385	 -43.11496	  49.05952	  119.39421	  120.20757
 8386	 -42.83713	  51.44491	  118.64368	  119.46133
 8392	 -44.75026	  49.99144	  119.63782	  120.44978
 8386	 -42.83713	  51.44491	  118.64368	  119.46133
 8385	 -43.11496	  49.05952	  119.39421	  120.20757
 8389	 -44.54878	  52.37584	  118.86896	  119.68531
 8386	 -42.83713	  51.44491	  118.64368	  119.46133
 8392	 -44.75026	  49.99144	  119.63782	  120.44978
 8392	 -44.75026	  49.99144	  119.63782	  120.44978
 8394	 -46.38367	  52.65099	  119.13226	  119.94712
 8389	 -44.54878	  52.37584	  118.86896	  119.68531
 8393	 -46.4275	  53.53925	  118.66449	  119.48203
 8389	 -44.54878	  52.37584	  118.86896	  119.68531
 8394	 -46.38367	  52.65099	  119.13226	  119.94712
 8393	 -46.4275	  53.53925	  118.66449	  119.48203
 8394	 -46.38367	  52.65099	  119.13226	  119.94712
 8396	 -47.11464	  52.99726	  118.88586	  119.70213
 8396	 -47.11464	  52.99726	  118.88586	  119.70213
 8394	 -46.38367	  52.65099	  119.13226	  119.94712
 8395	 -46.55013	  50.26086	  119.89717	  120.70766
 8395	 -46.55013	  50.26086	  119.89717	  120.70766
 8394	 -46.38367	  52.65099	  119.13226	  119.94712
 8392	 -44.75026	  49.99144	  119.63782	  120.44978
 8353	 -39.84273	  42.14071	  116.71928	  117.54792
 8354	 -38.71455	  44.46079	  117.41057	  118.23527
 8355	 -41.08053	  44.85118	  116.70258	  117.53133
 8355	 -41.08053	  44.85118	  116.70258	  117.53133
 8354	 -38.71455	  44.46079	  117.41057	  118.23527
 8356	 -40.347	  47.233	  117.33012	  118.15528
 8357	 -40.04456	  48.14179	  117.71223	  118.53521
 8356	 -40.347	  47.233	  117.33012	  118.15528
 8354	 -38.71455	  44.46079	  117.41057	  118.23527
 8357	 -40.04456	  48.14179	  117.71223	  118.53521
 8359	 -41.64525	  49.67718	  117.52196	  118.34603
 8356	 -40.347	  47.233	  117.33012	  118.15528
 8360	 -41.3102	  50.5094	  117.92033	  118.74212
 8359	 -41.64525	  49.67718	  117.52196	  118.34603
 8357	 -40.04456	  48.14179	  117.71223	  118.53521
 8360	 -41.3102	  50.5094	  117.92033	  118.74212
 8366	 -43.12129	  51.48291	  117.73692	  118.55976
 8359	 -41.64525	  49.67718	  117.52196	  118.34603
 8369	 -42.82445	  52.33221	  118.1582	  118.97863
 8366	 -43.12129	  51.48291	  117.73692	  118.55976
 8360	 -41.3102	  50.5094	  117.92033	  118.74212
 8369	 -42.82445	  52.33221	  118.1582	  118.97863
 8375	 -44.84445	  52.42485	  117.9637	  118.78524
 8366	 -43.12129	  51.48291	  117.73692	  118.55976
 8382	 -44.57002	  53.26023	  118.40556	  119.22459
 8375	 -44.84445	  52.42485	  117.9637	  118.78524
 8369	 -42.82445	  52.33221	  118.1582	  118.97863
 8382	 -44.57002	  53.26023	  118.40556	  119.22459
 8390	 -46.4275	  53.53925	  118.66449	  119.48203
 8375	 -44.84445	  52.42485	  117.9637	  118.78524
 8375	 -44.84445	  52.42485	  117.9637	  118.78524
 8390	 -46.4275	  53.53925	  118.66449	  119.48203
 8383	 -46.66921	  52.6997	  118.22574	  119.04578
 8391	 -47.11464	  52.99726	  118.88586	  119.70213
 8383	 -46.66921	  52.6997	  118.22574	  119.04578
 8390	 -46.4275	  53.53925	  118.66449	  119.48203
 8384	 -47.27628	  50.42775	  117.58104	  118.40478
 8383	 -46.66921	  52.6997	  118.22574	  119.04578
 8391	 -47.11464	  52.99726	  118.88586	  119.70213
 8374	 -45.50229	  50.15899	  117.32545	  118.15064
 8383	 -46.66921	  52.6997	  118.22574	  119.04578
 8384	 -47.27628	  50.42775	  117.58104	  118.40478
 8375	 -44.84445	  52.42485	  117.9637	  118.78524
 8383	 -46.66921	  52.6997	  118.22574	  119.04578
 8374	 -45.50229	  50.15899	  117.32545	  118.15064
 8374	 -45.50229	  50.15899	  117.32545	  118.15064
 8365	 -43.83458	  49.19778	  117.07677	  117.90337
 8375	 -44.84445	  52.42485	  117.9637	  118.78524
 8375	 -44.84445	  52.42485	  117.9637	  118.78524
 8365	 -43.83458	  49.19778	  117.07677	  117.90337
 8366	 -43.12129	  51.48291	  117.73692	  118.55976
 8365	 -43.83458	  49.19778	  117.07677	  117.90337
 8359	 -41.64525	  49.67718	  117.52196	  118.34603
 8366	 -43.12129	  51.48291	  117.73692	  118.55976
 8358	 -42.43241	  47.42284	  116.86942	  117.69721
 8359	 -41.64525	  49.67718	  117.52196	  118.34603
 8365	 -43.83458	  49.19778	  117.07677	  117.90337
 8358	 -42.43241	  47.42284	  116.86942	  117.69721
 8356	 -40.347	  47.233	  117.33012	  118.15528
 8359	 -41.64525	  49.67718	  117.52196	  118.34603
 8355	 -41.08053	  44.85118	  116.70258	  117.53133
 8356	 -40.347	  47.233	  117.33012	  118.15528
 8358	 -42.43241	  47.42284	  116.86942	  117.69721
 8523	 -26.62265	  42.01802	  118.36983	  119.18905
 8524	 -27.26199	  42.50459	  118.13762	  118.95817
 8525	 -27.80638	  40.9209	  117.25536	  118.08094
 8281	 -28.2115	  51.56372	  121.41779	  122.21958
 8301	 -29.29605	  52.63368	  120.58612	  121.39266
 8278	 -29.02148	  51.37793	  120.29941	  121.1076
 8298	 -28.49896	  52.77454	  121.65613	  122.45657
 8301	 -29.29605	  52.63368	  120.58612	  121.39266
 8281	 -28.2115	  51.56372	  121.41779	  122.21958
 8282	 -27.61413	  51.18468	  122.49477	  123.29041
 8298	 -28.49896	  52.77454	  121.65613	  122.45657
 8281	 -28.2115	  51.56372	  121.41779	  122.21958
 8297	 -27.8802	  52.35204	  122.74384	  123.53805
 8298	 -28.49896	  52.77454	  121.65613	  122.45657
 8282	 -27.61413	  51.18468	  122.49477	  123.29041
 8286	 -27.32472	  50.08633	  123.5146	  124.30442
 8297	 -27.8802	  52.35204	  122.74384	  123.53805
 8282	 -27.61413	  51.18468	  122.49477	  123.29041
 8299	 -27.57177	  51.19635	  123.77666	  124.56498
 8297	 -27.8802	  52.35204	  122.74384	  123.53805
 8286	 -27.32472	  50.08633	  123.5146	  124.30442
 8299	 -27.57177	  51.19635	  123.77666	  124.56498
 8286	 -27.32472	  50.08633	  123.5146	  124.30442
 8300	 -27.47479	  49.54757	  124.74026	  125.52308
 8275	 -30.27141	  48.59881	  118.87779	  119.6941
 8276	 -29.14946	  48.7838	  119.84596	  120.65675
 8277	 -30.3628	  51.66535	  119.17372	  119.98833
 8277	 -30.3628	  51.66535	  119.17372	  119.98833
 8276	 -29.14946	  48.7838	  119.84596	  120.65675
 8278	 -29.02148	  51.37793	  120.29941	  121.1076
 8279	 -28.19117	  48.93023	  121.00871	  121.81284
 8278	 -29.02148	  51.37793	  120.29941	  121.1076
 8276	 -29.14946	  48.7838	  119.84596	  120.65675
 8281	 -28.2115	  51.56372	  121.41779	  122.21958
 8278	 -29.02148	  51.37793	  120.29941	  121.1076
 8279	 -28.19117	  48.93023	  121.00871	  121.81284
 8279	 -28.19117	  48.93023	  121.00871	  121.81284
 8280	 -27.56607	  48.56633	  122.04753	  122.84573
 8281	 -28.2115	  51.56372	  121.41779	  122.21958
 8281	 -28.2115	  51.56372	  121.41779	  122.21958
 8280	 -27.56607	  48.56633	  122.04753	  122.84573
 8282	 -27.61413	  51.18468	  122.49477	  123.29041
 8285	 -27.2437	  47.50582	  123.02504	  123.81765
 8282	 -27.61413	  51.18468	  122.49477	  123.29041
 8280	 -27.56607	  48.56633	  122.04753	  122.84573
 8286	 -27.32472	  50.08633	  123.5146	  124.30442
 8282	 -27.61413	  51.18468	  122.49477	  123.29041
 8285	 -27.2437	  47.50582	  123.02504	  123.81765
 8285	 -27.2437	  47.50582	  123.02504	  123.81765
 8284	 -27.22043	  48.44758	  124.46507	  125.24946
 8286	 -27.32472	  50.08633	  123.5146	  124.30442
 8300	 -27.47479	  49.54757	  124.74026	  125.52308
 8286	 -27.32472	  50.08633	  123.5146	  124.30442
 8284	 -27.22043	  48.44758	  124.46507	  125.24946
 8300	 -27.47479	  49.54757	  124.74026	  125.52308
 8284	 -27.22043	  48.44758	  124.46507	  125.24946
 8291	 -27.50224	  48.38918	  124.95065	  125.73225
 8291	 -27.50224	  48.38918	  124.95065	  125.73225
 8284	 -27.22043	  48.44758	  124.46507	  125.24946
 8283	 -27.14034	  45.89666	  123.95705	  124.74433
 8283	 -27.14034	  45.89666	  123.95705	  124.74433
 8284	 -27.22043	  48.44758	  124.46507	  125.24946
 8285	 -27.2437	  47.50582	  123.02504	  123.81765
 8443	 -34.55703	  37.05838	  118.73523	  119.55236
 8444	 -34.2556	  38.19985	  117.80963	  118.63204
 8446	 -33.59914	  35.38459	  118.02585	  118.84702
 8446	 -33.59914	  35.38459	  118.02585	  118.84702
 8444	 -34.2556	  38.19985	  117.80963	  118.63204
 8447	 -33.37237	  36.58683	  117.11423	  117.94062
 8446	 -33.59914	  35.38459	  118.02585	  118.84702
 8447	 -33.37237	  36.58683	  117.11423	  117.94062
 8453	 -32.97342	  33.57045	  117.4713	  118.29566
 8453	 -32.97342	  33.57045	  117.4713	  118.29566
 8447	 -33.37237	  36.58683	  117.11423	  117.94062
 8454	 -32.73472	  34.67237	  116.54691	  117.37653
 8463	 -32.41203	  32.34306	  116.16493	  116.99676
 8453	 -32.97342	  33.57045	  117.4713	  118.29566
 8454	 -32.73472	  34.67237	  116.54691	  117.37653
 8462	 -32.66724	  31.31702	  117.07204	  117.89867
 8453	 -32.97342	  33.57045	  117.4713	  118.29566
 8463	 -32.41203	  32.34306	  116.16493	  116.99676
 8463	 -32.41203	  32.34306	  116.16493	  116.99676
 8468	 -32.36318	  29.81391	  115.91098	  116.74426
 8462	 -32.66724	  31.31702	  117.07204	  117.89867
 8462	 -32.66724	  31.31702	  117.07204	  117.89867
 8468	 -32.36318	  29.81391	  115.91098	  116.74426
 8469	 -32.61997	  28.85838	  116.82422	  117.65226
 8469	 -32.61997	  28.85838	  116.82422	  117.65226
 8468	 -32.36318	  29.81391	  115.91098	  116.74426
 8478	 -32.77186	  29.14879	  115.4216	  116.25767
 8478	 -32.77186	  29.14879	  115.4216	  116.25767
 8468	 -32.36318	  29.81391	  115.91098	  116.74426
 8477	 -32.44083	  30.16858	  115.44757	  116.2835
 8463	 -32.41203	  32.34306	  116.16493	  116.99676
 8477	 -32.44083	  30.16858	  115.44757	  116.2835
 8468	 -32.36318	  29.81391	  115.91098	  116.74426
 8467	 -32.49699	  32.74226	  115.70096	  116.53544
 8477	 -32.44083	  30.16858	  115.44757	  116.2835
 8463	 -32.41203	  32.34306	  116.16493	  116.99676
 8467	 -32.49699	  32.74226	  115.70096	  116.53544
 8463	 -32.41203	  32.34306	  116.16493	  116.99676
 8457	 -32.79873	  35.10582	  116.0932	  116.92544
 8457	 -32.79873	  35.10582	  116.0932	  116.92544
 8463	 -32.41203	  32.34306	  116.16493	  116.99676
 8454	 -32.73472	  34.67237	  116.54691	  117.37653
 8457	 -32.79873	  35.10582	  116.0932	  116.92544
 8454	 -32.73472	  34.67237	  116.54691	  117.37653
 8448	 -33.42691	  37.07434	  116.6794	  117.50826
 8448	 -33.42691	  37.07434	  116.6794	  117.50826
 8454	 -32.73472	  34.67237	  116.54691	  117.37653
 8447	 -33.37237	  36.58683	  117.11423	  117.94062
 8448	 -33.42691	  37.07434	  116.6794	  117.50826
 8447	 -33.37237	  36.58683	  117.11423	  117.94062
 8445	 -34.2643	  38.65057	  117.36707	  118.19201
 8445	 -34.2643	  38.65057	  117.36707	  118.19201
 8447	 -33.37237	  36.58683	  117.11423	  117.94062
 8444	 -34.2556	  38.19985	  117.80963	  118.63204
 8445	 -34.2643	  38.65057	  117.36707	  118.19201
 8444	 -34.2556	  38.19985	  117.80963	  118.63204
 8442	 -35.52615	  40.21701	  118.41322	  119.23219
 8443	 -34.55703	  37.05838	  118.73523	  119.55236
 8442	 -35.52615	  40.21701	  118.41322	  119.23219
 8444	 -34.2556	  38.19985	  117.80963	  118.63204
 8441	 -35.71348	  38.5423	  119.35905	  120.17263
 8442	 -35.52615	  40.21701	  118.41322	  119.23219
 8443	 -34.55703	  37.05838	  118.73523	  119.55236
 8239	 -32.61448	  44.13174	  123.13857	  123.93053
 8255	 -33.05376	  46.35568	  122.3835	  123.17979
 8238	 -32.67921	  45.30556	  122.08282	  122.88082
 8254	 -32.97403	  45.12955	  123.44823	  124.23843
 8255	 -33.05376	  46.35568	  122.3835	  123.17979
 8239	 -32.61448	  44.13174	  123.13857	  123.93053
 8243	 -32.82196	  42.35637	  124.00058	  124.78762
 8254	 -32.97403	  45.12955	  123.44823	  124.23843
 8239	 -32.61448	  44.13174	  123.13857	  123.93053
 8256	 -33.16998	  43.28757	  124.31917	  125.10438
 8254	 -32.97403	  45.12955	  123.44823	  124.23843
 8243	 -32.82196	  42.35637	  124.00058	  124.78762
 8256	 -33.16998	  43.28757	  124.31917	  125.10438
 8243	 -32.82196	  42.35637	  124.00058	  124.78762
 8257	 -33.53878	  41.05316	  125.02983	  125.81098
 8232	 -33.48218	  44.48053	  119.02686	  119.84232
 8233	 -32.86323	  43.83378	  120.14874	  120.95779
 8234	 -33.68206	  47.23967	  119.62988	  120.4419
 8234	 -33.68206	  47.23967	  119.62988	  120.4419
 8233	 -32.86323	  43.83378	  120.14874	  120.95779
 8235	 -32.93143	  45.99994	  120.88388	  121.68873
 8236	 -32.49081	  43.04808	  121.41226	  122.21409
 8235	 -32.93143	  45.99994	  120.88388	  121.68873
 8233	 -32.86323	  43.83378	  120.14874	  120.95779
 8238	 -32.67921	  45.30556	  122.08282	  122.88082
 8235	 -32.93143	  45.99994	  120.88388	  121.68873
 8236	 -32.49081	  43.04808	  121.41226	  122.21409
 8236	 -32.49081	  43.04808	  121.41226	  122.21409
 8237	 -32.38186	  41.90949	  122.44026	  123.23621
 8238	 -32.67921	  45.30556	  122.08282	  122.88082
 8238	 -32.67921	  45.30556	  122.08282	  122.88082
 8237	 -32.38186	  41.90949	  122.44026	  123.23621
 8239	 -32.61448	  44.13174	  123.13857	  123.93053
 8242	 -32.53807	  40.1931	  123.27417	  124.06536
 8239	 -32.61448	  44.13174	  123.13857	  123.93053
 8237	 -32.38186	  41.90949	  122.44026	  123.23621
 8243	 -32.82196	  42.35637	  124.00058	  124.78762
 8239	 -32.61448	  44.13174	  123.13857	  123.93053
 8242	 -32.53807	  40.1931	  123.27417	  124.06536
 8242	 -32.53807	  40.1931	  123.27417	  124.06536
 8241	 -33.17774	  40.13916	  124.70174	  125.48476
 8243	 -32.82196	  42.35637	  124.00058	  124.78762
 8257	 -33.53878	  41.05316	  125.02983	  125.81098
 8243	 -32.82196	  42.35637	  124.00058	  124.78762
 8241	 -33.17774	  40.13916	  124.70174	  125.48476
 8257	 -33.53878	  41.05316	  125.02983	  125.81098
 8241	 -33.17774	  40.13916	  124.70174	  125.48476
 8248	 -33.67204	  39.80782	  125.0844	  125.86524
 8248	 -33.67204	  39.80782	  125.0844	  125.86524
 8241	 -33.17774	  40.13916	  124.70174	  125.48476
 8240	 -32.88588	  38.01654	  123.96178	  124.74903
 8240	 -32.88588	  38.01654	  123.96178	  124.74903
 8241	 -33.17774	  40.13916	  124.70174	  125.48476
 8242	 -32.53807	  40.1931	  123.27417	  124.06536
 8432	 -41.29685	  50.55533	  110.51971	  111.3838
 8433	 -41.40264	  53.10554	  110.92204	  111.78382
 8434	 -42.32099	  53.8695	  110.92662	  111.78838
 8434	 -42.32099	  53.8695	  110.92662	  111.78838
 8433	 -41.40264	  53.10554	  110.92204	  111.78382
 8438	 -41.66668	  54.21446	  111.16136	  112.02178
 8420	 -40.24445	  50.2599	  111.38972	  112.24883
 8409	 -39.36038	  49.36122	  112.26186	  113.11597
 8421	 -40.32096	  52.80387	  111.81718	  112.67385
 8397	 -38.29168	  43.283	  114.83333	  115.67275
 8398	 -38.20909	  45.95684	  115.53017	  116.36561
 8399	 -38.39038	  45.51542	  113.9417	  114.78623
 8399	 -38.39038	  45.51542	  113.9417	  114.78623
 8398	 -38.20909	  45.95684	  115.53017	  116.36561
 8400	 -38.4015	  48.15734	  114.39587	  115.2378
 8399	 -38.39038	  45.51542	  113.9417	  114.78623
 8400	 -38.4015	  48.15734	  114.39587	  115.2378
 8402	 -38.77594	  47.76903	  113.07463	  113.92411
 8402	 -38.77594	  47.76903	  113.07463	  113.92411
 8400	 -38.4015	  48.15734	  114.39587	  115.2378
 8403	 -38.81255	  50.32549	  113.57816	  114.42477
 8402	 -38.77594	  47.76903	  113.07463	  113.92411
 8403	 -38.81255	  50.32549	  113.57816	  114.42477
 8409	 -39.36038	  49.36122	  112.26186	  113.11597
 8409	 -39.36038	  49.36122	  112.26186	  113.11597
 8403	 -38.81255	  50.32549	  113.57816	  114.42477
 8410	 -39.43418	  51.94447	  112.72644	  113.5779
 8421	 -40.32096	  52.80387	  111.81718	  112.67385
 8409	 -39.36038	  49.36122	  112.26186	  113.11597
 8410	 -39.43418	  51.94447	  112.72644	  113.5779
 8413	 -39.65143	  53.05201	  112.98749	  113.83747
 8421	 -40.32096	  52.80387	  111.81718	  112.67385
 8410	 -39.43418	  51.94447	  112.72644	  113.5779
 8425	 -40.57454	  53.91443	  112.07571	  112.9309
 8421	 -40.32096	  52.80387	  111.81718	  112.67385
 8413	 -39.65143	  53.05201	  112.98749	  113.83747
 8425	 -40.57454	  53.91443	  112.07571	  112.9309
 8431	 -41.66668	  54.21446	  111.16136	  112.02178
 8421	 -40.32096	  52.80387	  111.81718	  112.67385
 8421	 -40.32096	  52.80387	  111.81718	  112.67385
 8431	 -41.66668	  54.21446	  111.16136	  112.02178
 8426	 -41.40264	  53.10554	  110.92204	  111.78382
 8421	 -40.32096	  52.80387	  111.81718	  112.67385
 8426	 -41.40264	  53.10554	  110.92204	  111.78382
 8420	 -40.24445	  50.2599	  111.38972	  112.24883
 8420	 -40.24445	  50.2599	  111.38972	  112.24883
 8426	 -41.40264	  53.10554	  110.92204	  111.78382
 8427	 -41.29685	  50.55533	  110.51971	  111.3838
 8413	 -39.65143	  53.05201	  112.98749	  113.83747
 8410	 -39.43418	  51.94447	  112.72644	  113.5779
 8404	 -38.98878	  51.40253	  113.85182	  114.69686
 8404	 -38.98878	  51.40253	  113.85182	  114.69686
 8410	 -39.43418	  51.94447	  112.72644	  113.5779
 8403	 -38.81255	  50.32549	  113.57816	  114.42477
 8404	 -38.98878	  51.40253	  113.85182	  114.69686
 8403	 -38.81255	  50.32549	  113.57816	  114.42477
 8401	 -38.56116	  49.28469	  114.63933	  115.47987
 8401	 -38.56116	  49.28469	  114.63933	  115.47987
 8403	 -38.81255	  50.32549	  113.57816	  114.42477
 8400	 -38.4015	  48.15734	  114.39587	  115.2378
 8401	 -38.56116	  49.28469	  114.63933	  115.47987
 8400	 -38.4015	  48.15734	  114.39587	  115.2378
 8398	 -38.20909	  45.95684	  115.53017	  116.36561
 8416	 -38.41829	  46.13159	  115.65259	  116.48733
 8417	 -38.20909	  45.95684	  115.53017	  116.36561
 8418	 -38.59927	  43.82994	  116.01424	  116.84692
 8418	 -38.59927	  43.82994	  116.01424	  116.84692
 8417	 -38.20909	  45.95684	  115.53017	  116.36561
 8419	 -38.39001	  43.65514	  115.89182	  116.7252
 8407	 -39.32022	  48.85297	  114.93613	  115.77497
 8406	 -38.20909	  45.95684	  115.53017	  116.36561
 8408	 -38.41829	  46.13159	  115.65259	  116.48733
 8405	 -38.56116	  49.28469	  114.63933	  115.47987
 8406	 -38.20909	  45.95684	  115.53017	  116.36561
 8407	 -39.32022	  48.85297	  114.93613	  115.77497
 8412	 -39.73624	  51.05188	  114.10843	  114.95199
 8405	 -38.56116	  49.28469	  114.63933	  115.47987
 8407	 -39.32022	  48.85297	  114.93613	  115.77497
 8411	 -38.98878	  51.40253	  113.85182	  114.69686
 8405	 -38.56116	  49.28469	  114.63933	  115.47987
 8412	 -39.73624	  51.05188	  114.10843	  114.95199
 8424	 -40.36437	  52.68129	  113.24995	  114.09843
 8411	 -38.98878	  51.40253	  113.85182	  114.69686
 8412	 -39.73624	  51.05188	  114.10843	  114.95199
 8423	 -39.65143	  53.05201	  112.98749	  113.83747
 8411	 -38.98878	  51.40253	  113.85182	  114.69686
 8424	 -40.36437	  52.68129	  113.24995	  114.09843
 8430	 -41.24603	  53.53087	  112.34712	  113.20075
 8423	 -39.65143	  53.05201	  112.98749	  113.83747
 8424	 -40.36437	  52.68129	  113.24995	  114.09843
 8429	 -40.57454	  53.91443	  112.07571	  112.9309
 8423	 -39.65143	  53.05201	  112.98749	  113.83747
 8430	 -41.24603	  53.53087	  112.34712	  113.20075
 8429	 -40.57454	  53.91443	  112.07571	  112.9309
 8430	 -41.24603	  53.53087	  112.34712	  113.20075
 8436	 -41.66668	  54.21446	  111.16136	  112.02178
 8436	 -41.66668	  54.21446	  111.16136	  112.02178
 8430	 -41.24603	  53.53087	  112.34712	  113.20075
 8437	 -42.33367	  53.83303	  111.44704	  112.30582
 8436	 -41.66668	  54.21446	  111.16136	  112.02178
 8437	 -42.33367	  53.83303	  111.44704	  112.30582
 8440	 -42.32099	  53.8695	  110.92662	  111.78838
 8440	 -42.32099	  53.8695	  110.92662	  111.78838
 8437	 -42.33367	  53.83303	  111.44704	  112.30582
 8439	 -43.68405	  52.3769	  111.86275	  112.71915
 8439	 -43.68405	  52.3769	  111.86275	  112.71915
 8437	 -42.33367	  53.83303	  111.44704	  112.30582
 8435	 -42.61575	  52.08003	  112.74524	  113.5966
 8435	 -42.61575	  52.08003	  112.74524	  113.5966
 8437	 -42.33367	  53.83303	  111.44704	  112.30582
 8430	 -41.24603	  53.53087	  112.34712	  113.20075
 8430	 -41.24603	  53.53087	  112.34712	  113.20075
 8424	 -40.36437	  52.68129	  113.24995	  114.09843
 8435	 -42.61575	  52.08003	  112.74524	  113.5966
 8435	 -42.61575	  52.08003	  112.74524	  113.5966
 8424	 -40.36437	  52.68129	  113.24995	  114.09843
 8428	 -41.74737	  51.20811	  113.59961	  114.44608
 8412	 -39.73624	  51.05188	  114.10843	  114.95199
 8428	 -41.74737	  51.20811	  113.59961	  114.44608
 8424	 -40.36437	  52.68129	  113.24995	  114.09843
 8422	 -41.12166	  49.56947	  114.41545	  115.25727
 8428	 -41.74737	  51.20811	  113.59961	  114.44608
 8412	 -39.73624	  51.05188	  114.10843	  114.95199
 8412	 -39.73624	  51.05188	  114.10843	  114.95199
 8407	 -39.32022	  48.85297	  114.93613	  115.77497
 8422	 -41.12166	  49.56947	  114.41545	  115.25727
 8422	 -41.12166	  49.56947	  114.41545	  115.25727
 8407	 -39.32022	  48.85297	  114.93613	  115.77497
 8415	 -40.61412	  47.14609	  115.24861	  116.08567
 8408	 -38.41829	  46.13159	  115.65259	  116.48733
 8415	 -40.61412	  47.14609	  115.24861	  116.08567
 8407	 -39.32022	  48.85297	  114.93613	  115.77497
 8414	 -40.0882	  44.66193	  115.86026	  116.69381
 8415	 -40.61412	  47.14609	  115.24861	  116.08567
 8408	 -38.41829	  46.13159	  115.65259	  116.48733
 8370	 -39.27297	  42.01377	  118.47116	  119.2898
 8371	 -40.32714	  44.59669	  118.87617	  119.6925
 8364	 -38.64373	  44.45861	  117.61812	  118.44164
 8364	 -38.64373	  44.45861	  117.61812	  118.44164
 8371	 -40.32714	  44.59669	  118.87617	  119.6925
 8363	 -40.03461	  47.14976	  118.23155	  119.05157
 8372	 -38.3069	  41.84536	  117.53949	  118.36346
 8362	 -38.71455	  44.46079	  117.41057	  118.23527
 8373	 -38.37771	  41.84753	  117.33195	  118.1571
 8364	 -38.64373	  44.45861	  117.61812	  118.44164
 8362	 -38.71455	  44.46079	  117.41057	  118.23527
 8372	 -38.3069	  41.84536	  117.53949	  118.36346
 8363	 -40.03461	  47.14976	  118.23155	  119.05157
 8362	 -38.71455	  44.46079	  117.41057	  118.23527
 8364	 -38.64373	  44.45861	  117.61812	  118.44164
 8361	 -40.04456	  48.14179	  117.71223	  118.53521
 8362	 -38.71455	  44.46079	  117.41057	  118.23527
 8363	 -40.03461	  47.14976	  118.23155	  119.05157
 8368	 -41.34851	  49.62808	  118.42639	  119.24528
 8361	 -40.04456	  48.14179	  117.71223	  118.53521
 8363	 -40.03461	  47.14976	  118.23155	  119.05157
 8367	 -41.3102	  50.5094	  117.92033	  118.74212
 8361	 -40.04456	  48.14179	  117.71223	  118.53521
 8368	 -41.34851	  49.62808	  118.42639	  119.24528
 8381	 -42.83713	  51.44491	  118.64368	  119.46133
 8367	 -41.3102	  50.5094	  117.92033	  118.74212
 8368	 -41.34851	  49.62808	  118.42639	  119.24528
 8380	 -42.82445	  52.33221	  118.1582	  118.97863
 8367	 -41.3102	  50.5094	  117.92033	  118.74212
 8381	 -42.83713	  51.44491	  118.64368	  119.46133
 8192	 -30.18949	  38.39753	  117.15419	  117.98035
 8215	 -30.87366	  40.85903	  117.60825	  118.43182
 8189	 -31.45618	  40.67718	  117.14287	  117.96909
 8210	 -29.66558	  38.65358	  117.60088	  118.42449
 8215	 -30.87366	  40.85903	  117.60825	  118.43182
 8192	 -30.18949	  38.39753	  117.15419	  117.98035
 8193	 -29.31129	  35.91006	  117.17427	  118.00031
 8210	 -29.66558	  38.65358	  117.60088	  118.42449
 8192	 -30.18949	  38.39753	  117.15419	  117.98035
 8209	 -28.7873	  36.11617	  117.60612	  118.42971
 8210	 -29.66558	  38.65358	  117.60088	  118.42449
 8193	 -29.31129	  35.91006	  117.17427	  118.00031
 8197	 -28.95123	  33.17262	  117.22423	  118.05
 8209	 -28.7873	  36.11617	  117.60612	  118.42971
 8193	 -29.31129	  35.91006	  117.17427	  118.00031
 8216	 -28.43299	  33.31668	  117.6412	  118.46459
 8209	 -28.7873	  36.11617	  117.60612	  118.42971
 8197	 -28.95123	  33.17262	  117.22423	  118.05
 8186	 -34.28742	  42.15019	  116.8338	  117.6618
 8187	 -32.94922	  40.12633	  116.61646	  117.44569
 8188	 -32.81491	  43.32406	  117.49808	  118.32227
 8188	 -32.81491	  43.32406	  117.49808	  118.32227
 8187	 -32.94922	  40.12633	  116.61646	  117.44569
 8189	 -31.45618	  40.67718	  117.14287	  117.96909
 8190	 -31.58875	  37.71179	  116.55667	  117.38625
 8189	 -31.45618	  40.67718	  117.14287	  117.96909
 8187	 -32.94922	  40.12633	  116.61646	  117.44569
 8192	 -30.18949	  38.39753	  117.15419	  117.98035
 8189	 -31.45618	  40.67718	  117.14287	  117.96909
 8190	 -31.58875	  37.71179	  116.55667	  117.38625
 8190	 -31.58875	  37.71179	  116.55667	  117.38625
 8191	 -30.71406	  35.30598	  116.54953	  117.37914
 8192	 -30.18949	  38.39753	  117.15419	  117.98035
 8192	 -30.18949	  38.39753	  117.15419	  117.98035
 8191	 -30.71406	  35.30598	  116.54953	  117.37914
 8193	 -29.31129	  35.91006	  117.17427	  118.00031
 8196	 -30.34759	  32.67086	  116.57138	  117.40087
 8193	 -29.31129	  35.91006	  117.17427	  118.00031
 8191	 -30.71406	  35.30598	  116.54953	  117.37914
 8197	 -28.95123	  33.17262	  117.22423	  118.05
 8193	 -29.31129	  35.91006	  117.17427	  118.00031
 8196	 -30.34759	  32.67086	  116.57138	  117.40087
 8196	 -30.34759	  32.67086	  116.57138	  117.40087
 8195	 -28.97265	  30.29395	  117.26108	  118.08663
 8197	 -28.95123	  33.17262	  117.22423	  118.05
 8194	 -30.36893	  29.84657	  116.60658	  117.43587
 8195	 -28.97265	  30.29395	  117.26108	  118.08663
 8196	 -30.34759	  32.67086	  116.57138	  117.40087
 8202	 -28.83072	  29.32103	  117.59138	  118.41506
 8195	 -28.97265	  30.29395	  117.26108	  118.08663
 8194	 -30.36893	  29.84657	  116.60658	  117.43587
 8344	 -39.1457	  47.64572	  122.26149	  123.05846
 8345	 -38.75394	  46.7328	  122.18848	  122.98586
 8346	 -39.87067	  46.22971	  122.90254	  123.69585
 8346	 -39.87067	  46.22971	  122.90254	  123.69585
 8345	 -38.75394	  46.7328	  122.18848	  122.98586
 8347	 -39.46347	  45.32595	  122.82399	  123.61776
 8346	 -39.87067	  46.22971	  122.90254	  123.69585
 8347	 -39.46347	  45.32595	  122.82399	  123.61776
 8351	 -40.04762	  45.24969	  123.02501	  123.81762
 8351	 -40.04762	  45.24969	  123.02501	  123.81762
 8347	 -39.46347	  45.32595	  122.82399	  123.61776
 8352	 -38.9483	  43.20927	  122.53581	  123.33121
 8340	 -41.353	  45.19403	  122.05351	  122.85168
 8341	 -40.40584	  46.09349	  122.63167	  123.42652
 8342	 -40.04762	  45.24969	  123.02501	  123.81762
 8342	 -40.04762	  45.24969	  123.02501	  123.81762
 8341	 -40.40584	  46.09349	  122.63167	  123.42652
 8348	 -39.87067	  46.22971	  122.90254	  123.69585
 8336	 -39.1457	  47.64572	  122.26149	  123.05846
 8337	 -38.48777	  48.64434	  121.49931	  122.30065
 8338	 -38.75394	  46.7328	  122.18848	  122.98586
 8338	 -38.75394	  46.7328	  122.18848	  122.98586
 8337	 -38.48777	  48.64434	  121.49931	  122.30065
 8335	 -38.09415	  47.68348	  121.44148	  122.24316
 8320	 -36.68107	  45.5707	  118.19473	  119.01495
 8321	 -36.79425	  45.72386	  119.21521	  120.02959
 8322	 -37.03265	  48.12743	  118.34543	  119.16479
 8322	 -37.03265	  48.12743	  118.34543	  119.16479
 8321	 -36.79425	  45.72386	  119.21521	  120.02959
 8323	 -37.13367	  47.88535	  119.54568	  120.35818
 8329	 -37.1731	  45.83216	  120.29752	  121.10571
 8323	 -37.13367	  47.88535	  119.54568	  120.35818
 8321	 -36.79425	  45.72386	  119.21521	  120.02959
 8328	 -37.5688	  48.02371	  120.54561	  121.35239
 8323	 -37.13367	  47.88535	  119.54568	  120.35818
 8329	 -37.1731	  45.83216	  120.29752	  121.10571
 8329	 -37.1731	  45.83216	  120.29752	  121.10571
 8334	 -37.64915	  45.50693	  121.17967	  121.98284
 8328	 -37.5688	  48.02371	  120.54561	  121.35239
 8328	 -37.5688	  48.02371	  120.54561	  121.35239
 8334	 -37.64915	  45.50693	  121.17967	  121.98284
 8335	 -38.09415	  47.68348	  121.44148	  122.24316
 8343	 -38.25324	  44.59061	  121.91222	  122.71117
 8335	 -38.09415	  47.68348	  121.44148	  122.24316
 8334	 -37.64915	  45.50693	  121.17967	  121.98284
 8338	 -38.75394	  46.7328	  122.18848	  122.98586
 8335	 -38.09415	  47.68348	  121.44148	  122.24316
 8343	 -38.25324	  44.59061	  121.91222	  122.71117
 8343	 -38.25324	  44.59061	  121.91222	  122.71117
 8350	 -39.46347	  45.32595	  122.82399	  123.61776
 8338	 -38.75394	  46.7328	  122.18848	  122.98586
 8349	 -38.9483	  43.20927	  122.53581	  123.33121
 8350	 -39.46347	  45.32595	  122.82399	  123.61776
 8343	 -38.25324	  44.59061	  121.91222	  122.71117
 8324	 -37.00467	  47.12268	  117.60959	  118.43314
 8307	 -37.25151	  48.29483	  118.30074	  119.12034
 8325	 -37.22351	  47.29008	  117.56488	  118.38869
 8315	 -37.03265	  48.12743	  118.34543	  119.16479
 8307	 -37.25151	  48.29483	  118.30074	  119.12034
 8324	 -37.00467	  47.12268	  117.60959	  118.43314
 8314	 -37.13367	  47.88535	  119.54568	  120.35818
 8307	 -37.25151	  48.29483	  118.30074	  119.12034
 8315	 -37.03265	  48.12743	  118.34543	  119.16479
 8310	 -37.56565	  48.91864	  119.62401	  120.43606
 8307	 -37.25151	  48.29483	  118.30074	  119.12034
 8314	 -37.13367	  47.88535	  119.54568	  120.35818
 8318	 -37.5688	  48.02371	  120.54561	  121.35239
 8310	 -37.56565	  48.91864	  119.62401	  120.43606
 8314	 -37.13367	  47.88535	  119.54568	  120.35818
 8313	 -37.96748	  49.02076	  120.58881	  121.39535
 8310	 -37.56565	  48.91864	  119.62401	  120.43606
 8318	 -37.5688	  48.02371	  120.54561	  121.35239
 8330	 -38.09415	  47.68348	  121.44148	  122.24316
 8313	 -37.96748	  49.02076	  120.58881	  121.39535
 8318	 -37.5688	  48.02371	  120.54561	  121.35239
 8319	 -38.48777	  48.64434	  121.49931	  122.30065
 8313	 -37.96748	  49.02076	  120.58881	  121.39535
 8330	 -38.09415	  47.68348	  121.44148	  122.24316
 8326	 -40.66808	  46.55394	  121.43816	  122.23985
 8332	 -40.40584	  46.09349	  122.63167	  123.42652
 8333	 -41.353	  45.19403	  122.05351	  122.85168
 8327	 -39.70044	  47.49215	  121.99925	  122.79774
 8332	 -40.40584	  46.09349	  122.63167	  123.42652
 8326	 -40.66808	  46.55394	  121.43816	  122.23985
 8327	 -39.70044	  47.49215	  121.99925	  122.79774
 8339	 -39.87067	  46.22971	  122.90254	  123.69585
 8332	 -40.40584	  46.09349	  122.63167	  123.42652
 8331	 -39.1457	  47.64572	  122.26149	  123.05846
 8339	 -39.87067	  46.22971	  122.90254	  123.69585
 8327	 -39.70044	  47.49215	  121.99925	  122.79774
 8331	 -39.1457	  47.64572	  122.26149	  123.05846
 8327	 -39.70044	  47.49215	  121.99925	  122.79774
 8319	 -38.48777	  48.64434	  121.49931	  122.30065
 8319	 -38.48777	  48.64434	  121.49931	  122.30065
 8327	 -39.70044	  47.49215	  121.99925	  122.79774
 8317	 -39.03627	  48.4468	  121.24617	  122.04894
 8319	 -38.48777	  48.64434	  121.49931	  122.30065
 8317	 -39.03627	  48.4468	  121.24617	  122.04894
 8313	 -37.96748	  49.02076	  120.58881	  121.39535
 8313	 -37.96748	  49.02076	  120.58881	  121.39535
 8317	 -39.03627	  48.4468	  121.24617	  122.04894
 8312	 -38.51522	  48.78157	  120.35687	  121.16474
 8313	 -37.96748	  49.02076	  120.58881	  121.39535
 8312	 -38.51522	  48.78157	  120.35687	  121.16474
 8310	 -37.56565	  48.91864	  119.62401	  120.43606
 8310	 -37.56565	  48.91864	  119.62401	  120.43606
 8312	 -38.51522	  48.78157	  120.35687	  121.16474
 8309	 -38.08448	  48.64648	  119.37032	  120.18382
 8310	 -37.56565	  48.91864	  119.62401	  120.43606
 8309	 -38.08448	  48.64648	  119.37032	  120.18382
 8307	 -37.25151	  48.29483	  118.30074	  119.12034
 8308	 -39.08523	  47.58604	  118.80508	  119.62182
 8307	 -37.25151	  48.29483	  118.30074	  119.12034
 8309	 -38.08448	  48.64648	  119.37032	  120.18382
 8306	 -38.51056	  47.05812	  117.83557	  118.65784
 8307	 -37.25151	  48.29483	  118.30074	  119.12034
 8308	 -39.08523	  47.58604	  118.80508	  119.62182
 8308	 -39.08523	  47.58604	  118.80508	  119.62182
 8309	 -38.08448	  48.64648	  119.37032	  120.18382
 8311	 -39.56183	  47.77425	  119.82863	  120.63952
 8311	 -39.56183	  47.77425	  119.82863	  120.63952
 8309	 -38.08448	  48.64648	  119.37032	  120.18382
 8312	 -38.51522	  48.78157	  120.35687	  121.16474
 8311	 -39.56183	  47.77425	  119.82863	  120.63952
 8312	 -38.51522	  48.78157	  120.35687	  121.16474
 8316	 -40.05244	  47.48311	  120.68849	  121.49447
 8316	 -40.05244	  47.48311	  120.68849	  121.49447
 8312	 -38.51522	  48.78157	  120.35687	  121.16474
 8317	 -39.03627	  48.4468	  121.24617	  122.04894
 8327	 -39.70044	  47.49215	  121.99925	  122.79774
 8316	 -40.05244	  47.48311	  120.68849	  121.49447
 8317	 -39.03627	  48.4468	  121.24617	  122.04894
 8326	 -40.66808	  46.55394	  121.43816	  122.23985
 8316	 -40.05244	  47.48311	  120.68849	  121.49447
 8327	 -39.70044	  47.49215	  121.99925	  122.79774
 8174	 -34.17973	  42.27601	  118.49733	  119.31582
 8175	 -32.80966	  43.33523	  117.69566	  118.51873
 8176	 -32.76532	  40.20484	  118.68689	  119.5043
 8176	 -32.76532	  40.20484	  118.68689	  119.5043
 8175	 -32.80966	  43.33523	  117.69566	  118.51873
 8177	 -31.39242	  40.71192	  118.00171	  118.82302
 8199	 -30.87366	  40.85903	  117.60825	  118.43182
 8177	 -31.39242	  40.71192	  118.00171	  118.82302
 8175	 -32.80966	  43.33523	  117.69566	  118.51873
 8199	 -30.87366	  40.85903	  117.60825	  118.43182
 8183	 -30.14336	  38.46026	  118.01352	  118.83477
 8177	 -31.39242	  40.71192	  118.00171	  118.82302
 8198	 -29.66558	  38.65358	  117.60088	  118.42449
 8183	 -30.14336	  38.46026	  118.01352	  118.83477
 8199	 -30.87366	  40.85903	  117.60825	  118.43182
 8198	 -29.66558	  38.65358	  117.60088	  118.42449
 8185	 -29.27017	  35.9937	  118.03378	  118.85493
 8183	 -30.14336	  38.46026	  118.01352	  118.83477
 8201	 -28.7873	  36.11617	  117.60612	  118.42971
 8185	 -29.27017	  35.9937	  118.03378	  118.85493
 8198	 -29.66558	  38.65358	  117.60088	  118.42449
 8201	 -28.7873	  36.11617	  117.60612	  118.42971
 8178	 -28.90505	  33.23735	  118.084	  118.90485
 8185	 -29.27017	  35.9937	  118.03378	  118.85493
 8200	 -28.43299	  33.31668	  117.6412	  118.46459
 8178	 -28.90505	  33.23735	  118.084	  118.90485
 8201	 -28.7873	  36.11617	  117.60612	  118.42971
 8200	 -28.43299	  33.31668	  117.6412	  118.46459
 8204	 -28.45404	  30.40679	  117.68538	  118.50852
 8178	 -28.90505	  33.23735	  118.084	  118.90485
 8178	 -28.90505	  33.23735	  118.084	  118.90485
 8204	 -28.45404	  30.40679	  117.68538	  118.50852
 8179	 -28.92564	  30.37434	  118.12056	  118.9412
 8203	 -28.83072	  29.32103	  117.59138	  118.41506
 8179	 -28.92564	  30.37434	  118.12056	  118.9412
 8204	 -28.45404	  30.40679	  117.68538	  118.50852
 8181	 -30.22467	  30.05297	  118.80179	  119.61854
 8179	 -28.92564	  30.37434	  118.12056	  118.9412
 8203	 -28.83072	  29.32103	  117.59138	  118.41506
 8180	 -30.20547	  32.83693	  118.76709	  119.58404
 8179	 -28.92564	  30.37434	  118.12056	  118.9412
 8181	 -30.22467	  30.05297	  118.80179	  119.61854
 8178	 -28.90505	  33.23735	  118.084	  118.90485
 8179	 -28.92564	  30.37434	  118.12056	  118.9412
 8180	 -30.20547	  32.83693	  118.76709	  119.58404
 8180	 -30.20547	  32.83693	  118.76709	  119.58404
 8184	 -30.58525	  35.52544	  118.745	  119.56207
 8178	 -28.90505	  33.23735	  118.084	  118.90485
 8178	 -28.90505	  33.23735	  118.084	  118.90485
 8184	 -30.58525	  35.52544	  118.745	  119.56207
 8185	 -29.27017	  35.9937	  118.03378	  118.85493
 8184	 -30.58525	  35.52544	  118.745	  119.56207
 8183	 -30.14336	  38.46026	  118.01352	  118.83477
 8185	 -29.27017	  35.9937	  118.03378	  118.85493
 8182	 -31.44811	  37.87604	  118.72879	  119.54595
 8183	 -30.14336	  38.46026	  118.01352	  118.83477
 8184	 -30.58525	  35.52544	  118.745	  119.56207
 8182	 -31.44811	  37.87604	  118.72879	  119.54595
 8177	 -31.39242	  40.71192	  118.00171	  118.82302
 8183	 -30.14336	  38.46026	  118.01352	  118.83477
 8176	 -32.76532	  40.20484	  118.68689	  119.5043
 8177	 -31.39242	  40.71192	  118.00171	  118.82302
 8182	 -31.44811	  37.87604	  118.72879	  119.54595
 8288	 -29.29605	  52.63368	  120.58612	  121.39266
 8264	 -30.60866	  51.87748	  119.24689	  120.06109
 8295	 -29.02148	  51.37793	  120.29941	  121.1076
 8295	 -29.02148	  51.37793	  120.29941	  121.1076
 8264	 -30.60866	  51.87748	  119.24689	  120.06109
 8296	 -30.3628	  51.66535	  119.17372	  119.98833
 8296	 -30.3628	  51.66535	  119.17372	  119.98833
 8264	 -30.60866	  51.87748	  119.24689	  120.06109
 8304	 -31.23426	  50.46914	  118.51154	  119.32993
 8304	 -31.23426	  50.46914	  118.51154	  119.32993
 8264	 -30.60866	  51.87748	  119.24689	  120.06109
 8305	 -31.48015	  50.68131	  118.58459	  119.40258
 8269	 -29.93162	  49.98506	  123.84836	  124.63627
 8268	 -28.27816	  49.41674	  124.77983	  125.5624
 8270	 -29.82867	  48.40092	  124.76747	  125.55012
 8267	 -28.38244	  51.04593	  123.83434	  124.62232
 8268	 -28.27816	  49.41674	  124.77983	  125.5624
 8269	 -29.93162	  49.98506	  123.84836	  124.63627
 8267	 -28.38244	  51.04593	  123.83434	  124.62232
 8302	 -27.47479	  49.54757	  124.74026	  125.52308
 8268	 -28.27816	  49.41674	  124.77983	  125.5624
 8289	 -27.57177	  51.19635	  123.77666	  124.56498
 8302	 -27.47479	  49.54757	  124.74026	  125.52308
 8267	 -28.38244	  51.04593	  123.83434	  124.62232
 8289	 -27.57177	  51.19635	  123.77666	  124.56498
 8267	 -28.38244	  51.04593	  123.83434	  124.62232
 8290	 -27.8802	  52.35204	  122.74384	  123.53805
 8290	 -27.8802	  52.35204	  122.74384	  123.53805
 8267	 -28.38244	  51.04593	  123.83434	  124.62232
 8274	 -28.67527	  52.14882	  122.80672	  123.60058
 8290	 -27.8802	  52.35204	  122.74384	  123.53805
 8274	 -28.67527	  52.14882	  122.80672	  123.60058
 8287	 -28.49896	  52.77454	  121.65613	  122.45657
 8287	 -28.49896	  52.77454	  121.65613	  122.45657
 8274	 -28.67527	  52.14882	  122.80672	  123.60058
 8272	 -29.26857	  52.52159	  121.73792	  122.53788
 8287	 -28.49896	  52.77454	  121.65613	  122.45657
 8272	 -29.26857	  52.52159	  121.73792	  122.53788
 8288	 -29.29605	  52.63368	  120.58612	  121.39266
 8288	 -29.29605	  52.63368	  120.58612	  121.39266
 8272	 -29.26857	  52.52159	  121.73792	  122.53788
 8266	 -30.06657	  52.33988	  120.6337	  121.43998
 8288	 -29.29605	  52.63368	  120.58612	  121.39266
 8266	 -30.06657	  52.33988	  120.6337	  121.43998
 8264	 -30.60866	  51.87748	  119.24689	  120.06109
 8265	 -31.65219	  51.13522	  120.66231	  121.46842
 8264	 -30.60866	  51.87748	  119.24689	  120.06109
 8266	 -30.06657	  52.33988	  120.6337	  121.43998
 8263	 -32.30779	  50.47708	  119.50143	  120.31419
 8264	 -30.60866	  51.87748	  119.24689	  120.06109
 8265	 -31.65219	  51.13522	  120.66231	  121.46842
 8265	 -31.65219	  51.13522	  120.66231	  121.46842
 8266	 -30.06657	  52.33988	  120.6337	  121.43998
 8271	 -30.85005	  51.38267	  121.8231	  122.62258
 8271	 -30.85005	  51.38267	  121.8231	  122.62258
 8266	 -30.06657	  52.33988	  120.6337	  121.43998
 8272	 -29.26857	  52.52159	  121.73792	  122.53788
 8271	 -30.85005	  51.38267	  121.8231	  122.62258
 8272	 -29.26857	  52.52159	  121.73792	  122.53788
 8273	 -30.26397	  51.0603	  122.84937	  123.64298
 8273	 -30.26397	  51.0603	  122.84937	  123.64298
 8272	 -29.26857	  52.52159	  121.73792	  122.53788
 8274	 -28.67527	  52.14882	  122.80672	  123.60058
 8267	 -28.38244	  51.04593	  123.83434	  124.62232
 8273	 -30.26397	  51.0603	  122.84937	  123.64298
 8274	 -28.67527	  52.14882	  122.80672	  123.60058
 8269	 -29.93162	  49.98506	  123.84836	  124.63627
 8273	 -30.26397	  51.0603	  122.84937	  123.64298
 8267	 -28.38244	  51.04593	  123.83434	  124.62232
 8303	 -29.82867	  48.40092	  124.76747	  125.55012
 8293	 -28.27816	  49.41674	  124.77983	  125.5624
 8292	 -27.50224	  48.38918	  124.95065	  125.73225
 8292	 -27.50224	  48.38918	  124.95065	  125.73225
 8293	 -28.27816	  49.41674	  124.77983	  125.5624
 8294	 -27.47479	  49.54757	  124.74026	  125.52308
 8261	 -34.21298	  46.67347	  118.72034	  119.53756
 8221	 -33.9483	  47.43484	  119.67354	  120.4853
 8262	 -34.47921	  46.86861	  118.76399	  119.58096
 8253	 -33.68206	  47.23967	  119.62988	  120.4419
 8221	 -33.9483	  47.43484	  119.67354	  120.4853
 8261	 -34.21298	  46.67347	  118.72034	  119.53756
 8252	 -32.93143	  45.99994	  120.88388	  121.68873
 8221	 -33.9483	  47.43484	  119.67354	  120.4853
 8253	 -33.68206	  47.23967	  119.62988	  120.4419
 8245	 -33.3159	  47.05898	  121.23634	  122.03918
 8221	 -33.9483	  47.43484	  119.67354	  120.4853
 8252	 -32.93143	  45.99994	  120.88388	  121.68873
 8258	 -32.67921	  45.30556	  122.08282	  122.88082
 8245	 -33.3159	  47.05898	  121.23634	  122.03918
 8252	 -32.93143	  45.99994	  120.88388	  121.68873
 8244	 -33.05376	  46.35568	  122.3835	  123.17979
 8245	 -33.3159	  47.05898	  121.23634	  122.03918
 8258	 -32.67921	  45.30556	  122.08282	  122.88082
 8226	 -35.45825	  42.46439	  123.79144	  124.57967
 8225	 -34.32265	  41.03288	  124.89601	  125.67793
 8227	 -35.80028	  40.32038	  124.47005	  125.2544
 8224	 -33.9693	  43.23761	  124.19839	  124.98429
 8225	 -34.32265	  41.03288	  124.89601	  125.67793
 8226	 -35.45825	  42.46439	  123.79144	  124.57967
 8224	 -33.9693	  43.23761	  124.19839	  124.98429
 8259	 -33.53878	  41.05316	  125.02983	  125.81098
 8225	 -34.32265	  41.03288	  124.89601	  125.67793
 8246	 -33.16998	  43.28757	  124.31917	  125.10438
 8259	 -33.53878	  41.05316	  125.02983	  125.81098
 8224	 -33.9693	  43.23761	  124.19839	  124.98429
 8246	 -33.16998	  43.28757	  124.31917	  125.10438
 8224	 -33.9693	  43.23761	  124.19839	  124.98429
 8247	 -32.97403	  45.12955	  123.44823	  124.23843
 8247	 -32.97403	  45.12955	  123.44823	  124.23843
 8224	 -33.9693	  43.23761	  124.19839	  124.98429
 8231	 -33.76134	  45.02303	  123.3291	  124.11997
 8247	 -32.97403	  45.12955	  123.44823	  124.23843
 8231	 -33.76134	  45.02303	  123.3291	  124.11997
 8244	 -33.05376	  46.35568	  122.3835	  123.17979
 8244	 -33.05376	  46.35568	  122.3835	  123.17979
 8231	 -33.76134	  45.02303	  123.3291	  124.11997
 8229	 -33.82601	  46.18469	  122.28101	  123.07787
 8244	 -33.05376	  46.35568	  122.3835	  123.17979
 8229	 -33.82601	  46.18469	  122.28101	  123.07787
 8245	 -33.3159	  47.05898	  121.23634	  122.03918
 8245	 -33.3159	  47.05898	  121.23634	  122.03918
 8229	 -33.82601	  46.18469	  122.28101	  123.07787
 8223	 -34.07346	  46.87174	  121.0977	  121.90133
 8245	 -33.3159	  47.05898	  121.23634	  122.03918
 8223	 -34.07346	  46.87174	  121.0977	  121.90133
 8221	 -33.9483	  47.43484	  119.67354	  120.4853
 8222	 -35.60511	  45.95688	  120.68066	  121.48667
 8221	 -33.9483	  47.43484	  119.67354	  120.4853
 8223	 -34.07346	  46.87174	  121.0977	  121.90133
 8220	 -35.69453	  46.20126	  119.4187	  120.23193
 8221	 -33.9483	  47.43484	  119.67354	  120.4853
 8222	 -35.60511	  45.95688	  120.68066	  121.48667
 8222	 -35.60511	  45.95688	  120.68066	  121.48667
 8223	 -34.07346	  46.87174	  121.0977	  121.90133
 8228	 -35.3795	  45.29488	  121.92387	  122.72279
 8228	 -35.3795	  45.29488	  121.92387	  122.72279
 8223	 -34.07346	  46.87174	  121.0977	  121.90133
 8229	 -33.82601	  46.18469	  122.28101	  123.07787
 8228	 -35.3795	  45.29488	  121.92387	  122.72279
 8229	 -33.82601	  46.18469	  122.28101	  123.07787
 8230	 -35.30152	  44.21079	  122.9375	  123.73061
 8230	 -35.30152	  44.21079	  122.9375	  123.73061
 8229	 -33.82601	  46.18469	  122.28101	  123.07787
 8231	 -33.76134	  45.02303	  123.3291	  124.11997
 8224	 -33.9693	  43.23761	  124.19839	  124.98429
 8230	 -35.30152	  44.21079	  122.9375	  123.73061
 8231	 -33.76134	  45.02303	  123.3291	  124.11997
 8226	 -35.45825	  42.46439	  123.79144	  124.57967
 8230	 -35.30152	  44.21079	  122.9375	  123.73061
 8224	 -33.9693	  43.23761	  124.19839	  124.98429
 8168	 -34.90824	  40.61123	  111.57414	  112.4322
 8165	 -34.41808	  42.81849	  112.23056	  113.08488
 8153	 -35.56755	  40.50173	  111.89452	  112.75074
 8168	 -34.90824	  40.61123	  111.57414	  112.4322
 8153	 -35.56755	  40.50173	  111.89452	  112.75074
 8162	 -35.43474	  38.0616	  111.12793	  111.98853
 8162	 -35.43474	  38.0616	  111.12793	  111.98853
 8153	 -35.56755	  40.50173	  111.89452	  112.75074
 8151	 -36.09829	  37.98481	  111.45384	  112.31258
 8171	 -34.04723	  35.70113	  112.07352	  112.92872
 8161	 -34.85688	  37.37182	  111.38019	  112.23936
 8160	 -35.81512	  36.96617	  111.19292	  112.05315
 8160	 -35.81512	  36.96617	  111.19292	  112.05315
 8161	 -34.85688	  37.37182	  111.38019	  112.23936
 8162	 -35.43474	  38.0616	  111.12793	  111.98853
 8162	 -35.43474	  38.0616	  111.12793	  111.98853
 8151	 -36.09829	  37.98481	  111.45384	  112.31258
 8160	 -35.81512	  36.96617	  111.19292	  112.05315
 8160	 -35.81512	  36.96617	  111.19292	  112.05315
 8151	 -36.09829	  37.98481	  111.45384	  112.31258
 8150	 -37.21991	  37.25029	  112.27611	  113.13015
 8150	 -37.21991	  37.25029	  112.27611	  113.13015
 8151	 -36.09829	  37.98481	  111.45384	  112.31258
 8152	 -36.69781	  39.71906	  112.70811	  113.55968
 8152	 -36.69781	  39.71906	  112.70811	  113.55968
 8151	 -36.09829	  37.98481	  111.45384	  112.31258
 8153	 -35.56755	  40.50173	  111.89452	  112.75074
 8153	 -35.56755	  40.50173	  111.89452	  112.75074
 8156	 -35.11147	  42.66436	  112.54567	  113.39819
 8152	 -36.69781	  39.71906	  112.70811	  113.55968
 8153	 -35.56755	  40.50173	  111.89452	  112.75074
 8165	 -34.41808	  42.81849	  112.23056	  113.08488
 8156	 -35.11147	  42.66436	  112.54567	  113.39819
 8165	 -34.41808	  42.81849	  112.23056	  113.08488
 8166	 -33.97636	  44.44104	  113.16238	  114.01136
 8156	 -35.11147	  42.66436	  112.54567	  113.39819
 8156	 -35.11147	  42.66436	  112.54567	  113.39819
 8166	 -33.97636	  44.44104	  113.16238	  114.01136
 8167	 -34.70091	  44.25631	  113.47052	  114.31773
 8152	 -36.69781	  39.71906	  112.70811	  113.55968
 8156	 -35.11147	  42.66436	  112.54567	  113.39819
 8157	 -36.223	  41.76645	  113.34532	  114.19324
 8260	 -35.80028	  40.32038	  124.47005	  125.2544
 8250	 -34.32265	  41.03288	  124.89601	  125.67793
 8249	 -33.67204	  39.80782	  125.0844	  125.86524
 8249	 -33.67204	  39.80782	  125.0844	  125.86524
 8250	 -34.32265	  41.03288	  124.89601	  125.67793
 8251	 -33.53878	  41.05316	  125.02983	  125.81098
 8211	 -28.43299	  33.31668	  117.6412	  118.46459
 8212	 -28.95123	  33.17262	  117.22423	  118.05
 8213	 -28.45404	  30.40679	  117.68538	  118.50852
 8213	 -28.45404	  30.40679	  117.68538	  118.50852
 8212	 -28.95123	  33.17262	  117.22423	  118.05
 8214	 -28.97265	  30.29395	  117.26108	  118.08663
 8213	 -28.45404	  30.40679	  117.68538	  118.50852
 8214	 -28.97265	  30.29395	  117.26108	  118.08663
 8217	 -28.83072	  29.32103	  117.59138	  118.41506
 8148	 -34.70091	  44.25631	  113.47052	  114.31773
 8147	 -36.223	  41.76645	  113.34532	  114.19324
 8149	 -35.11147	  42.66436	  112.54567	  113.39819
 8146	 -35.78986	  43.2679	  114.25345	  115.0962
 8147	 -36.223	  41.76645	  113.34532	  114.19324
 8148	 -34.70091	  44.25631	  113.47052	  114.31773
 8148	 -34.70091	  44.25631	  113.47052	  114.31773
 8145	 -34.34798	  45.41422	  114.59833	  115.43909
 8146	 -35.78986	  43.2679	  114.25345	  115.0962
 8146	 -35.78986	  43.2679	  114.25345	  115.0962
 8145	 -34.34798	  45.41422	  114.59833	  115.43909
 8143	 -35.31548	  44.4229	  115.45457	  116.29046
 8142	 -34.69419	  45.1259	  116.57034	  117.39985
 8143	 -35.31548	  44.4229	  115.45457	  116.29046
 8144	 -33.40644	  46.52511	  115.815	  116.64883
 8144	 -33.40644	  46.52511	  115.815	  116.64883
 8143	 -35.31548	  44.4229	  115.45457	  116.29046
 8145	 -34.34798	  45.41422	  114.59833	  115.43909
 8145	 -34.34798	  45.41422	  114.59833	  115.43909
 8164	 -33.12286	  46.37432	  115.80031	  116.63421
 8144	 -33.40644	  46.52511	  115.815	  116.64883
 8163	 -33.6076	  45.55722	  114.24168	  115.0845
 8164	 -33.12286	  46.37432	  115.80031	  116.63421
 8145	 -34.34798	  45.41422	  114.59833	  115.43909
 8148	 -34.70091	  44.25631	  113.47052	  114.31773
 8163	 -33.6076	  45.55722	  114.24168	  115.0845
 8145	 -34.34798	  45.41422	  114.59833	  115.43909
 8169	 -33.97636	  44.44104	  113.16238	  114.01136
 8163	 -33.6076	  45.55722	  114.24168	  115.0845
 8148	 -34.70091	  44.25631	  113.47052	  114.31773
 8144	 -33.40644	  46.52511	  115.815	  116.64883
 8164	 -33.12286	  46.37432	  115.80031	  116.63421
 8172	 -33.30708	  46.25787	  116.8083	  117.63645
 8172	 -33.30708	  46.25787	  116.8083	  117.63645
 8164	 -33.12286	  46.37432	  115.80031	  116.63421
 8173	 -33.02349	  46.10706	  116.79358	  117.62182
 8205	 -30.87366	  40.85903	  117.60825	  118.43182
 8206	 -32.80966	  43.33523	  117.69566	  118.51873
 8207	 -31.45618	  40.67718	  117.14287	  117.96909
 8207	 -31.45618	  40.67718	  117.14287	  117.96909
 8206	 -32.80966	  43.33523	  117.69566	  118.51873
 8208	 -32.81491	  43.32406	  117.49808	  118.32227
 8208	 -32.81491	  43.32406	  117.49808	  118.32227
 8206	 -32.80966	  43.33523	  117.69566	  118.51873
 8218	 -34.24996	  44.11069	  117.52911	  118.35313
 8218	 -34.24996	  44.11069	  117.52911	  118.35313
 8206	 -32.80966	  43.33523	  117.69566	  118.51873
 8219	 -34.24477	  44.12191	  117.7267	  118.54958
 8136	 -33.53262	  38.13339	  112.50052	  113.35328
 8140	 -33.04839	  40.2184	  113.15421	  114.00323
 8134	 -34.32888	  39.87449	  111.81886	  112.67553
 8130	 -32.29626	  43.92461	  116.41304	  117.24343
 8131	 -33.12286	  46.37432	  115.80031	  116.63421
 8132	 -32.34304	  42.89257	  115.21622	  116.05344
 8132	 -32.34304	  42.89257	  115.21622	  116.05344
 8131	 -33.12286	  46.37432	  115.80031	  116.63421
 8133	 -33.11554	  44.77333	  114.5074	  115.3487
 8132	 -32.34304	  42.89257	  115.21622	  116.05344
 8133	 -33.11554	  44.77333	  114.5074	  115.3487
 8138	 -32.6589	  41.69943	  114.04794	  114.89187
 8138	 -32.6589	  41.69943	  114.04794	  114.89187
 8133	 -33.11554	  44.77333	  114.5074	  115.3487
 8139	 -33.46334	  43.62774	  113.39476	  114.24241
 8138	 -32.6589	  41.69943	  114.04794	  114.89187
 8139	 -33.46334	  43.62774	  113.39476	  114.24241
 8140	 -33.04839	  40.2184	  113.15421	  114.00323
 8140	 -33.04839	  40.2184	  113.15421	  114.00323
 8139	 -33.46334	  43.62774	  113.39476	  114.24241
 8141	 -33.86985	  42.0504	  112.47618	  113.32908
 8134	 -34.32888	  39.87449	  111.81886	  112.67553
 8140	 -33.04839	  40.2184	  113.15421	  114.00323
 8141	 -33.86985	  42.0504	  112.47618	  113.32908
 8159	 -34.41808	  42.81849	  112.23056	  113.08488
 8134	 -34.32888	  39.87449	  111.81886	  112.67553
 8141	 -33.86985	  42.0504	  112.47618	  113.32908
 8158	 -34.90824	  40.61123	  111.57414	  112.4322
 8134	 -34.32888	  39.87449	  111.81886	  112.67553
 8159	 -34.41808	  42.81849	  112.23056	  113.08488
 8158	 -34.90824	  40.61123	  111.57414	  112.4322
 8170	 -35.43474	  38.0616	  111.12793	  111.98853
 8134	 -34.32888	  39.87449	  111.81886	  112.67553
 8134	 -34.32888	  39.87449	  111.81886	  112.67553
 8170	 -35.43474	  38.0616	  111.12793	  111.98853
 8135	 -34.85688	  37.37182	  111.38019	  112.23936
 8134	 -34.32888	  39.87449	  111.81886	  112.67553
 8135	 -34.85688	  37.37182	  111.38019	  112.23936
 8136	 -33.53262	  38.13339	  112.50052	  113.35328
 8136	 -33.53262	  38.13339	  112.50052	  113.35328
 8135	 -34.85688	  37.37182	  111.38019	  112.23936
 8137	 -34.04723	  35.70113	  112.07352	  112.92872
 8159	 -34.41808	  42.81849	  112.23056	  113.08488
 8141	 -33.86985	  42.0504	  112.47618	  113.32908
 8154	 -33.97636	  44.44104	  113.16238	  114.01136
 8154	 -33.97636	  44.44104	  113.16238	  114.01136
 8141	 -33.86985	  42.0504	  112.47618	  113.32908
 8139	 -33.46334	  43.62774	  113.39476	  114.24241
 8154	 -33.97636	  44.44104	  113.16238	  114.01136
 8139	 -33.46334	  43.62774	  113.39476	  114.24241
 8155	 -33.6076	  45.55722	  114.24168	  115.0845
 8155	 -33.6076	  45.55722	  114.24168	  115.0845
 8139	 -33.46334	  43.62774	  113.39476	  114.24241
 8133	 -33.11554	  44.77333	  114.5074	  115.3487
 8155	 -33.6076	  45.55722	  114.24168	  115.0845
 8133	 -33.11554	  44.77333	  114.5074	  115.3487
 8131	 -33.12286	  46.37432	  115.80031	  116.63421
 8105	 -36.33092	  51.72572	  117.19157	  118.01752
 8123	 -36.06566	  51.53787	  117.14075	  117.96699
 8128	 -36.50309	  49.84699	  117.83833	  118.66059
 8128	 -36.50309	  49.84699	  117.83833	  118.66059
 8123	 -36.06566	  51.53787	  117.14075	  117.96699
 8129	 -36.23781	  49.6591	  117.78751	  118.61005
 8103	 -37.90493	  49.95841	  117.34428	  118.16936
 8104	 -38.30455	  51.5487	  116.33704	  117.16787
 8105	 -36.33092	  51.72572	  117.19157	  118.01752
 8105	 -36.33092	  51.72572	  117.19157	  118.01752
 8104	 -38.30455	  51.5487	  116.33704	  117.16787
 8106	 -37.05707	  53.31453	  115.99631	  116.82909
 8106	 -37.05707	  53.31453	  115.99631	  116.82909
 8123	 -36.06566	  51.53787	  117.14075	  117.96699
 8105	 -36.33092	  51.72572	  117.19157	  118.01752
 8122	 -36.23482	  53.73349	  115.78148	  116.61549
 8123	 -36.06566	  51.53787	  117.14075	  117.96699
 8106	 -37.05707	  53.31453	  115.99631	  116.82909
 8109	 -37.23621	  54.50304	  114.85582	  115.69512
 8122	 -36.23482	  53.73349	  115.78148	  116.61549
 8106	 -37.05707	  53.31453	  115.99631	  116.82909
 8125	 -36.43723	  54.87673	  114.68764	  115.5279
 8122	 -36.23482	  53.73349	  115.78148	  116.61549
 8109	 -37.23621	  54.50304	  114.85582	  115.69512
 8110	 -37.56309	  55.06827	  113.74176	  114.58743
 8125	 -36.43723	  54.87673	  114.68764	  115.5279
 8109	 -37.23621	  54.50304	  114.85582	  115.69512
 8124	 -36.79568	  55.44334	  113.55994	  114.40665
 8125	 -36.43723	  54.87673	  114.68764	  115.5279
 8110	 -37.56309	  55.06827	  113.74176	  114.58743
 8114	 -38.05621	  54.79126	  112.66798	  113.5198
 8124	 -36.79568	  55.44334	  113.55994	  114.40665
 8110	 -37.56309	  55.06827	  113.74176	  114.58743
 8126	 -37.32502	  55.1561	  112.46979	  113.32272
 8124	 -36.79568	  55.44334	  113.55994	  114.40665
 8114	 -38.05621	  54.79126	  112.66798	  113.5198
 8126	 -37.32502	  55.1561	  112.46979	  113.32272
 8114	 -38.05621	  54.79126	  112.66798	  113.5198
 8127	 -37.97432	  54.29061	  111.4369	  112.29575
 8127	 -37.97432	  54.29061	  111.4369	  112.29575
 8114	 -38.05621	  54.79126	  112.66798	  113.5198
 8112	 -38.70775	  53.94104	  111.64825	  112.50588
 8127	 -37.97432	  54.29061	  111.4369	  112.29575
 8112	 -38.70775	  53.94104	  111.64825	  112.50588
 8119	 -38.46622	  53.54891	  111.17845	  112.03876
 8119	 -38.46622	  53.54891	  111.17845	  112.03876
 8112	 -38.70775	  53.94104	  111.64825	  112.50588
 8111	 -40.07236	  52.47095	  112.03455	  112.88996
 8111	 -40.07236	  52.47095	  112.03455	  112.88996
 8112	 -38.70775	  53.94104	  111.64825	  112.50588
 8113	 -39.43168	  53.30455	  113.03473	  113.88444
 8113	 -39.43168	  53.30455	  113.03473	  113.88444
 8112	 -38.70775	  53.94104	  111.64825	  112.50588
 8114	 -38.05621	  54.79126	  112.66798	  113.5198
 8114	 -38.05621	  54.79126	  112.66798	  113.5198
 8110	 -37.56309	  55.06827	  113.74176	  114.58743
 8113	 -39.43168	  53.30455	  113.03473	  113.88444
 8113	 -39.43168	  53.30455	  113.03473	  113.88444
 8110	 -37.56309	  55.06827	  113.74176	  114.58743
 8108	 -38.92799	  53.51638	  114.06662	  114.91044
 8109	 -37.23621	  54.50304	  114.85582	  115.69512
 8108	 -38.92799	  53.51638	  114.06662	  114.91044
 8110	 -37.56309	  55.06827	  113.74176	  114.58743
 8107	 -38.58379	  52.90663	  115.14348	  115.98113
 8108	 -38.92799	  53.51638	  114.06662	  114.91044
 8109	 -37.23621	  54.50304	  114.85582	  115.69512
 8109	 -37.23621	  54.50304	  114.85582	  115.69512
 8106	 -37.05707	  53.31453	  115.99631	  116.82909
 8107	 -38.58379	  52.90663	  115.14348	  115.98113
 8107	 -38.58379	  52.90663	  115.14348	  115.98113
 8106	 -37.05707	  53.31453	  115.99631	  116.82909
 8104	 -38.30455	  51.5487	  116.33704	  117.16787
 8091	 -35.64668	  48.47717	  116.91104	  117.73859
 8092	 -36.06566	  51.53787	  117.14075	  117.96699
 8093	 -35.49862	  49.75557	  115.7571	  116.59124
 8093	 -35.49862	  49.75557	  115.7571	  116.59124
 8092	 -36.06566	  51.53787	  117.14075	  117.96699
 8094	 -35.89615	  52.55336	  115.75983	  116.59396
 8116	 -36.23482	  53.73349	  115.78148	  116.61549
 8094	 -35.89615	  52.55336	  115.75983	  116.59396
 8092	 -36.06566	  51.53787	  117.14075	  117.96699
 8116	 -36.23482	  53.73349	  115.78148	  116.61549
 8100	 -36.07291	  53.72361	  114.63361	  115.47417
 8094	 -35.89615	  52.55336	  115.75983	  116.59396
 8115	 -36.43723	  54.87673	  114.68764	  115.5279
 8100	 -36.07291	  53.72361	  114.63361	  115.47417
 8116	 -36.23482	  53.73349	  115.78148	  116.61549
 8115	 -36.43723	  54.87673	  114.68764	  115.5279
 8102	 -36.39587	  54.28716	  113.52838	  114.37527
 8100	 -36.07291	  53.72361	  114.63361	  115.47417
 8118	 -36.79568	  55.44334	  113.55994	  114.40665
 8102	 -36.39587	  54.28716	  113.52838	  114.37527
 8115	 -36.43723	  54.87673	  114.68764	  115.5279
 8118	 -36.79568	  55.44334	  113.55994	  114.40665
 8095	 -36.89167	  54.01196	  112.44638	  113.29945
 8102	 -36.39587	  54.28716	  113.52838	  114.37527
 8117	 -37.32502	  55.1561	  112.46979	  113.32272
 8095	 -36.89167	  54.01196	  112.44638	  113.29945
 8118	 -36.79568	  55.44334	  113.55994	  114.40665
 8117	 -37.32502	  55.1561	  112.46979	  113.32272
 8121	 -37.97432	  54.29061	  111.4369	  112.29575
 8095	 -36.89167	  54.01196	  112.44638	  113.29945
 8095	 -36.89167	  54.01196	  112.44638	  113.29945
 8121	 -37.97432	  54.29061	  111.4369	  112.29575
 8096	 -37.5397	  53.16752	  111.43201	  112.29087
 8120	 -38.46622	  53.54891	  111.17845	  112.03876
 8096	 -37.5397	  53.16752	  111.43201	  112.29087
 8121	 -37.97432	  54.29061	  111.4369	  112.29575
 8098	 -37.08189	  50.5303	  111.47653	  112.33515
 8096	 -37.5397	  53.16752	  111.43201	  112.29087
 8120	 -38.46622	  53.54891	  111.17845	  112.03876
 8097	 -36.45087	  51.34938	  112.46281	  113.31579
 8096	 -37.5397	  53.16752	  111.43201	  112.29087
 8098	 -37.08189	  50.5303	  111.47653	  112.33515
 8095	 -36.89167	  54.01196	  112.44638	  113.29945
 8096	 -37.5397	  53.16752	  111.43201	  112.29087
 8097	 -36.45087	  51.34938	  112.46281	  113.31579
 8097	 -36.45087	  51.34938	  112.46281	  113.31579
 8101	 -35.93836	  51.55682	  113.51711	  114.36405
 8095	 -36.89167	  54.01196	  112.44638	  113.29945
 8095	 -36.89167	  54.01196	  112.44638	  113.29945
 8101	 -35.93836	  51.55682	  113.51711	  114.36405
 8102	 -36.39587	  54.28716	  113.52838	  114.37527
 8101	 -35.93836	  51.55682	  113.51711	  114.36405
 8100	 -36.07291	  53.72361	  114.63361	  115.47417
 8102	 -36.39587	  54.28716	  113.52838	  114.37527
 8099	 -35.63511	  50.97257	  114.57771	  115.4186
 8100	 -36.07291	  53.72361	  114.63361	  115.47417
 8101	 -35.93836	  51.55682	  113.51711	  114.36405
 8099	 -35.63511	  50.97257	  114.57771	  115.4186
 8094	 -35.89615	  52.55336	  115.75983	  116.59396
 8100	 -36.07291	  53.72361	  114.63361	  115.47417
 8093	 -35.49862	  49.75557	  115.7571	  116.59124
 8094	 -35.89615	  52.55336	  115.75983	  116.59396
 8099	 -35.63511	  50.97257	  114.57771	  115.4186
 8089	 -37.04765	  47.17715	  117.64537	  118.46873
 8077	 -37.47203	  49.58364	  117.77568	  118.59829
 8090	 -37.1853	  47.25862	  117.47299	  118.29733
 8079	 -37.33436	  49.50217	  117.94817	  118.7698
 8077	 -37.47203	  49.58364	  117.77568	  118.59829
 8089	 -37.04765	  47.17715	  117.64537	  118.46873
 8078	 -38.37823	  51.58974	  118.8893	  119.70554
 8077	 -37.47203	  49.58364	  117.77568	  118.59829
 8079	 -37.33436	  49.50217	  117.94817	  118.7698
 8076	 -38.57673	  52.70822	  118.50104	  119.31951
 8077	 -37.47203	  49.58364	  117.77568	  118.59829
 8078	 -38.37823	  51.58974	  118.8893	  119.70554
 8085	 -39.5011	  53.66176	  119.43405	  120.24718
 8076	 -38.57673	  52.70822	  118.50104	  119.31951
 8078	 -38.37823	  51.58974	  118.8893	  119.70554
 8084	 -39.65102	  54.67778	  119.04248	  119.85784
 8076	 -38.57673	  52.70822	  118.50104	  119.31951
 8085	 -39.5011	  53.66176	  119.43405	  120.24718
 8063	 -40.76994	  55.10593	  119.97925	  120.78927
 8081	 -39.65102	  54.67778	  119.04248	  119.85784
 8062	 -39.5011	  53.66176	  119.43405	  120.24718
 8080	 -40.93561	  56.11678	  119.6102	  120.42233
 8081	 -39.65102	  54.67778	  119.04248	  119.85784
 8063	 -40.76994	  55.10593	  119.97925	  120.78927
 8067	 -42.23235	  55.71938	  120.50374	  121.31075
 8080	 -40.93561	  56.11678	  119.6102	  120.42233
 8063	 -40.76994	  55.10593	  119.97925	  120.78927
 8082	 -42.42053	  56.71559	  120.15926	  120.96824
 8080	 -40.93561	  56.11678	  119.6102	  120.42233
 8067	 -42.23235	  55.71938	  120.50374	  121.31075
 8082	 -42.42053	  56.71559	  120.15926	  120.96824
 8067	 -42.23235	  55.71938	  120.50374	  121.31075
 8083	 -43.99905	  56.70781	  120.69035	  121.49632
 8056	 -37.58479	  46.86641	  118.62733	  119.44508
 8057	 -38.39982	  48.96924	  119.32547	  120.13921
 8058	 -37.33436	  49.50217	  117.94817	  118.7698
 8058	 -37.33436	  49.50217	  117.94817	  118.7698
 8057	 -38.39982	  48.96924	  119.32547	  120.13921
 8059	 -38.37823	  51.58974	  118.8893	  119.70554
 8060	 -39.53546	  51.1681	  119.96613	  120.77622
 8059	 -38.37823	  51.58974	  118.8893	  119.70554
 8057	 -38.39982	  48.96924	  119.32547	  120.13921
 8062	 -39.5011	  53.66176	  119.43405	  120.24718
 8059	 -38.37823	  51.58974	  118.8893	  119.70554
 8060	 -39.53546	  51.1681	  119.96613	  120.77622
 8060	 -39.53546	  51.1681	  119.96613	  120.77622
 8061	 -40.74136	  52.59618	  120.51845	  121.32539
 8062	 -39.5011	  53.66176	  119.43405	  120.24718
 8062	 -39.5011	  53.66176	  119.43405	  120.24718
 8061	 -40.74136	  52.59618	  120.51845	  121.32539
 8063	 -40.76994	  55.10593	  119.97925	  120.78927
 8066	 -42.12846	  53.20926	  121.04773	  121.85163
 8063	 -40.76994	  55.10593	  119.97925	  120.78927
 8061	 -40.74136	  52.59618	  120.51845	  121.32539
 8067	 -42.23235	  55.71938	  120.50374	  121.31075
 8063	 -40.76994	  55.10593	  119.97925	  120.78927
 8066	 -42.12846	  53.20926	  121.04773	  121.85163
 8066	 -42.12846	  53.20926	  121.04773	  121.85163
 8065	 -43.78892	  55.70813	  121.035	  121.839
 8067	 -42.23235	  55.71938	  120.50374	  121.31075
 8083	 -43.99905	  56.70781	  120.69035	  121.49632
 8067	 -42.23235	  55.71938	  120.50374	  121.31075
 8065	 -43.78892	  55.70813	  121.035	  121.839
 8083	 -43.99905	  56.70781	  120.69035	  121.49632
 8065	 -43.78892	  55.70813	  121.035	  121.839
 8072	 -44.53534	  56.06427	  120.95271	  121.75716
 8072	 -44.53534	  56.06427	  120.95271	  121.75716
 8065	 -43.78892	  55.70813	  121.035	  121.839
 8064	 -43.65499	  53.19737	  121.56973	  122.37066
 8064	 -43.65499	  53.19737	  121.56973	  122.37066
 8065	 -43.78892	  55.70813	  121.035	  121.839
 8066	 -42.12846	  53.20926	  121.04773	  121.85163
 8071	 -40.93561	  56.11678	  119.6102	  120.42233
 8055	 -41.34851	  55.48984	  119.22415	  120.03849
 8068	 -39.65102	  54.67778	  119.04248	  119.85784
 8068	 -39.65102	  54.67778	  119.04248	  119.85784
 8055	 -41.34851	  55.48984	  119.22415	  120.03849
 8053	 -40.09027	  54.05379	  118.68364	  119.50106
 8068	 -39.65102	  54.67778	  119.04248	  119.85784
 8053	 -40.09027	  54.05379	  118.68364	  119.50106
 8069	 -38.57673	  52.70822	  118.50104	  119.31951
 8069	 -38.57673	  52.70822	  118.50104	  119.31951
 8053	 -40.09027	  54.05379	  118.68364	  119.50106
 8047	 -38.98059	  52.01043	  118.14627	  118.96676
 8069	 -38.57673	  52.70822	  118.50104	  119.31951
 8047	 -38.98059	  52.01043	  118.14627	  118.96676
 8045	 -37.47203	  49.58364	  117.77568	  118.59829
 8044	 -38.72165	  47.65534	  117.17531	  118.00135
 8045	 -37.47203	  49.58364	  117.77568	  118.59829
 8046	 -39.85252	  50.03265	  117.53773	  118.36172
 8046	 -39.85252	  50.03265	  117.53773	  118.36172
 8045	 -37.47203	  49.58364	  117.77568	  118.59829
 8047	 -38.98059	  52.01043	  118.14627	  118.96676
 8046	 -39.85252	  50.03265	  117.53773	  118.36172
 8047	 -38.98059	  52.01043	  118.14627	  118.96676
 8052	 -41.01984	  52.19815	  118.07018	  118.89111
 8052	 -41.01984	  52.19815	  118.07018	  118.89111
 8047	 -38.98059	  52.01043	  118.14627	  118.96676
 8053	 -40.09027	  54.05379	  118.68364	  119.50106
 8052	 -41.01984	  52.19815	  118.07018	  118.89111
 8053	 -40.09027	  54.05379	  118.68364	  119.50106
 8054	 -42.2144	  53.6155	  118.59045	  119.40841
 8054	 -42.2144	  53.6155	  118.59045	  119.40841
 8053	 -40.09027	  54.05379	  118.68364	  119.50106
 8055	 -41.34851	  55.48984	  119.22415	  120.03849
 8048	 -42.82081	  56.11177	  119.75253	  120.56385
 8054	 -42.2144	  53.6155	  118.59045	  119.40841
 8055	 -41.34851	  55.48984	  119.22415	  120.03849
 8071	 -40.93561	  56.11678	  119.6102	  120.42233
 8048	 -42.82081	  56.11177	  119.75253	  120.56385
 8055	 -41.34851	  55.48984	  119.22415	  120.03849
 8070	 -42.42053	  56.71559	  120.15926	  120.96824
 8048	 -42.82081	  56.11177	  119.75253	  120.56385
 8071	 -40.93561	  56.11678	  119.6102	  120.42233
 8050	 -43.62913	  54.25063	  119.13104	  119.9459
 8049	 -44.36881	  56.10163	  120.28102	  121.0893
 8051	 -45.13363	  54.24179	  119.6458	  120.45771
 8048	 -42.82081	  56.11177	  119.75253	  120.56385
 8049	 -44.36881	  56.10163	  120.28102	  121.0893
 8050	 -43.62913	  54.25063	  119.13104	  119.9459
 8050	 -43.62913	  54.25063	  119.13104	  119.9459
 8054	 -42.2144	  53.6155	  118.59045	  119.40841
 8048	 -42.82081	  56.11177	  119.75253	  120.56385
 8088	 -45.13363	  54.24179	  119.6458	  120.45771
 8074	 -44.36881	  56.10163	  120.28102	  121.0893
 8073	 -44.53534	  56.06427	  120.95271	  121.75716
 8073	 -44.53534	  56.06427	  120.95271	  121.75716
 8074	 -44.36881	  56.10163	  120.28102	  121.0893
 8075	 -43.99905	  56.70781	  120.69035	  121.49632
 8087	 -42.82081	  56.11177	  119.75253	  120.56385
 8075	 -43.99905	  56.70781	  120.69035	  121.49632
 8074	 -44.36881	  56.10163	  120.28102	  121.0893
 8086	 -42.42053	  56.71559	  120.15926	  120.96824
 8075	 -43.99905	  56.70781	  120.69035	  121.49632
 8087	 -42.82081	  56.11177	  119.75253	  120.56385
 8015	 -42.27998	  46.45831	  116.62881	  117.45797
 8014	 -40.26933	  46.42357	  116.69858	  117.52734
 8012	 -41.07806	  44.37838	  117.28058	  118.10603
 8017	 -41.35638	  48.31457	  116.02968	  116.86227
 8014	 -40.26933	  46.42357	  116.69858	  117.52734
 8015	 -42.27998	  46.45831	  116.62881	  117.45797
 8015	 -42.27998	  46.45831	  116.62881	  117.45797
 8016	 -43.4825	  47.73458	  116.01634	  116.84901
 8017	 -41.35638	  48.31457	  116.02968	  116.86227
 8017	 -41.35638	  48.31457	  116.02968	  116.86227
 8016	 -43.4825	  47.73458	  116.01634	  116.84901
 8018	 -42.58201	  49.57465	  115.37779	  116.2141
 8021	 -44.83079	  48.17582	  115.41971	  116.25579
 8018	 -42.58201	  49.57465	  115.37779	  116.2141
 8016	 -43.4825	  47.73458	  116.01634	  116.84901
 8022	 -43.96474	  49.98244	  114.73869	  115.57867
 8018	 -42.58201	  49.57465	  115.37779	  116.2141
 8021	 -44.83079	  48.17582	  115.41971	  116.25579
 8021	 -44.83079	  48.17582	  115.41971	  116.25579
 8020	 -45.46587	  49.78789	  114.14688	  114.99024
 8022	 -43.96474	  49.98244	  114.73869	  115.57867
 8036	 -45.0507	  50.33583	  113.72749	  114.57323
 8022	 -43.96474	  49.98244	  114.73869	  115.57867
 8020	 -45.46587	  49.78789	  114.14688	  114.99024
 8036	 -45.0507	  50.33583	  113.72749	  114.57323
 8020	 -45.46587	  49.78789	  114.14688	  114.99024
 8027	 -45.72849	  49.74958	  113.6563	  114.50245
 8027	 -45.72849	  49.74958	  113.6563	  114.50245
 8020	 -45.46587	  49.78789	  114.14688	  114.99024
 8019	 -46.30434	  47.98509	  114.83989	  115.67927
 8019	 -46.30434	  47.98509	  114.83989	  115.67927
 8020	 -45.46587	  49.78789	  114.14688	  114.99024
 8021	 -44.83079	  48.17582	  115.41971	  116.25579
 8011	 -39.96636	  42.21173	  117.72017	  118.5431
 8012	 -41.07806	  44.37838	  117.28058	  118.10603
 8013	 -38.72887	  44.16333	  117.14882	  117.97501
 8013	 -38.72887	  44.16333	  117.14882	  117.97501
 8012	 -41.07806	  44.37838	  117.28058	  118.10603
 8014	 -40.26933	  46.42357	  116.69858	  117.52734
 8014	 -40.26933	  46.42357	  116.69858	  117.52734
 8032	 -38.57862	  44.04229	  116.98492	  117.81205
 8013	 -38.72887	  44.16333	  117.14882	  117.97501
 8031	 -39.78202	  47.04908	  116.24783	  117.07919
 8032	 -38.57862	  44.04229	  116.98492	  117.81205
 8014	 -40.26933	  46.42357	  116.69858	  117.52734
 8017	 -41.35638	  48.31457	  116.02968	  116.86227
 8031	 -39.78202	  47.04908	  116.24783	  117.07919
 8014	 -40.26933	  46.42357	  116.69858	  117.52734
 8034	 -40.84867	  48.86307	  115.61887	  116.4538
 8031	 -39.78202	  47.04908	  116.24783	  117.07919
 8017	 -41.35638	  48.31457	  116.02968	  116.86227
 8018	 -42.58201	  49.57465	  115.37779	  116.2141
 8034	 -40.84867	  48.86307	  115.61887	  116.4538
 8017	 -41.35638	  48.31457	  116.02968	  116.86227
 8033	 -42.11149	  50.13057	  114.96957	  115.80822
 8034	 -40.84867	  48.86307	  115.61887	  116.4538
 8018	 -42.58201	  49.57465	  115.37779	  116.2141
 8022	 -43.96474	  49.98244	  114.73869	  115.57867
 8033	 -42.11149	  50.13057	  114.96957	  115.80822
 8018	 -42.58201	  49.57465	  115.37779	  116.2141
 8035	 -43.53845	  50.53612	  114.33168	  115.17399
 8033	 -42.11149	  50.13057	  114.96957	  115.80822
 8022	 -43.96474	  49.98244	  114.73869	  115.57867
 8035	 -43.53845	  50.53612	  114.33168	  115.17399
 8022	 -43.96474	  49.98244	  114.73869	  115.57867
 8036	 -45.0507	  50.33583	  113.72749	  114.57323
 8035	 -43.53845	  50.53612	  114.33168	  115.17399
 8036	 -45.0507	  50.33583	  113.72749	  114.57323
