 1333	  11.50857	 -12.91582	  19.38425	  19.87834
 1333	  11.50857	 -12.91582	  19.38425	  19.87834
 1332	  11.58976	 -12.82811	  19.49022	  19.98428
 1334	  11.52374	 -12.92057	  19.50237	  19.99643
 1335	  11.52532	 -13.00045	  19.50782	  20.00187
 1333	  11.50857	 -12.91582	  19.38425	  19.87834
 1334	  11.52374	 -12.92057	  19.50237	  19.99643
 1336	  11.50853	 -12.99519	  19.37703	  19.87112
 1333	  11.50857	 -12.91582	  19.38425	  19.87834
 1335	  11.52532	 -13.00045	  19.50782	  20.00187
 1337	  11.55181	 -11.57909	  19.30152	  19.79564
 1338	  11.5422	 -11.69718	  19.21621	  19.71035
 1339	  11.48054	 -11.49896	  19.2876	  19.78172
 1337	  11.55181	 -11.57909	  19.30152	  19.79564
 1340	  11.91373	 -11.68607	  19.18344	  19.67759
 1338	  11.5422	 -11.69718	  19.21621	  19.71035
 1341	  11.92333	 -11.56798	  19.26875	  19.76287
 1340	  11.91373	 -11.68607	  19.18344	  19.67759
 1337	  11.55181	 -11.57909	  19.30152	  19.79564
 1339	  11.48054	 -11.49896	  19.2876	  19.78172
 1338	  11.5422	 -11.69718	  19.21621	  19.71035
 1342	  11.4696	 -11.63336	  19.1905	  19.68465
 1343	  11.46538	 -11.57521	  19.1625	  19.65666
 1339	  11.48054	 -11.49896	  19.2876	  19.78172
 1342	  11.4696	 -11.63336	  19.1905	  19.68465
 1344	  11.47749	 -11.42638	  19.27001	  19.76414
 1339	  11.48054	 -11.49896	  19.2876	  19.78172
 1343	  11.46538	 -11.57521	  19.1625	  19.65666
 1345	  11.93539	 -11.50809	  19.36816	  19.86225
 1341	  11.92333	 -11.56798	  19.26875	  19.76287
 1346	  11.56387	 -11.5192	  19.40093	  19.89502
 1346	  11.56387	 -11.5192	  19.40093	  19.89502
 1341	  11.92333	 -11.56798	  19.26875	  19.76287
 1347	  11.55181	 -11.57909	  19.30152	  19.79564
 1346	  11.56387	 -11.5192	  19.40093	  19.89502
 1347	  11.55181	 -11.57909	  19.30152	  19.79564
 1348	  11.49426	 -11.43079	  19.40075	  19.89483
 1348	  11.49426	 -11.43079	  19.40075	  19.89483
 1347	  11.55181	 -11.57909	  19.30152	  19.79564
 1349	  11.48054	 -11.49896	  19.2876	  19.78172
 1349	  11.48054	 -11.49896	  19.2876	  19.78172
 1350	  11.47749	 -11.42638	  19.27001	  19.76414
 1348	  11.49426	 -11.43079	  19.40075	  19.89483
 1348	  11.49426	 -11.43079	  19.40075	  19.89483
 1350	  11.47749	 -11.42638	  19.27001	  19.76414
 1351	  11.49268	 -11.35091	  19.39529	  19.88938
 1352	  11.5422	 -11.69718	  19.21621	  19.71035
 1353	  11.53598	 -11.86192	  19.15335	  19.64751
 1354	  11.4696	 -11.63336	  19.1905	  19.68465
 1352	  11.5422	 -11.69718	  19.21621	  19.71035
 1355	  11.9075	 -11.8508	  19.12057	  19.61475
 1353	  11.53598	 -11.86192	  19.15335	  19.64751
 1356	  11.91373	 -11.68607	  19.18344	  19.67759
 1355	  11.9075	 -11.8508	  19.12057	  19.61475
 1352	  11.5422	 -11.69718	  19.21621	  19.71035
 1354	  11.4696	 -11.63336	  19.1905	  19.68465
 1353	  11.53598	 -11.86192	  19.15335	  19.64751
 1357	  11.46252	 -11.82086	  19.11895	  19.61312
 1357	  11.46252	 -11.82086	  19.11895	  19.61312
 1358	  11.45754	 -11.78281	  19.08328	  19.57747
 1354	  11.4696	 -11.63336	  19.1905	  19.68465
 1354	  11.4696	 -11.63336	  19.1905	  19.68465
 1358	  11.45754	 -11.78281	  19.08328	  19.57747
 1359	  11.46538	 -11.57521	  19.1625	  19.65666
 1355	  11.9075	 -11.8508	  19.12057	  19.61475
 1360	  11.90528	 -12.04605	  19.08632	  19.5805
 1361	  11.53598	 -11.86192	  19.15335	  19.64751
 1361	  11.53598	 -11.86192	  19.15335	  19.64751
 1360	  11.90528	 -12.04605	  19.08632	  19.5805
 1362	  11.53376	 -12.05716	  19.1191	  19.61327
 1361	  11.53598	 -11.86192	  19.15335	  19.64751
 1362	  11.53376	 -12.05716	  19.1191	  19.61327
 1363	  11.46252	 -11.82086	  19.11895	  19.61312
 1363	  11.46252	 -11.82086	  19.11895	  19.61312
 1362	  11.53376	 -12.05716	  19.1191	  19.61327
 1364	  11.45999	 -12.04309	  19.07997	  19.57415
 1364	  11.45999	 -12.04309	  19.07997	  19.57415
 1365	  11.45474	 -12.02887	  19.04012	  19.53431
 1363	  11.46252	 -11.82086	  19.11895	  19.61312
 1363	  11.46252	 -11.82086	  19.11895	  19.61312
 1365	  11.45474	 -12.02887	  19.04012	  19.53431
 1366	  11.45754	 -11.78281	  19.08328	  19.57747
 1367	  11.60242	 -11.71604	  19.68532	  20.17932
 1368	  11.59048	 -11.5912	  19.60271	  20.09673
 1369	  11.53815	 -11.65483	  19.72443	  20.21842
 1369	  11.53815	 -11.65483	  19.72443	  20.21842
 1368	  11.59048	 -11.5912	  19.60271	  20.09673
 1370	  11.52455	 -11.51274	  19.6304	  20.12442
 1371	  11.52621	 -11.44164	  19.64958	  20.14359
 1369	  11.53815	 -11.65483	  19.72443	  20.21842
 1370	  11.52455	 -11.51274	  19.6304	  20.12442
 1372	  11.54127	 -11.59898	  19.75369	  20.24767
 1369	  11.53815	 -11.65483	  19.72443	  20.21842
 1371	  11.52621	 -11.44164	  19.64958	  20.14359
 1373	  11.60242	 -11.71604	  19.68532	  20.17932
 1374	  11.962	 -11.58009	  19.56993	  20.06397
 1368	  11.59048	 -11.5912	  19.60271	  20.09673
 1375	  11.97395	 -11.70493	  19.65254	  20.14655
 1374	  11.962	 -11.58009	  19.56993	  20.06397
 1373	  11.60242	 -11.71604	  19.68532	  20.17932
 1376	  11.98339	 -11.87456	  19.71169	  20.20568
 1375	  11.97395	 -11.70493	  19.65254	  20.14655
 1377	  11.61187	 -11.88567	  19.74446	  20.23844
 1377	  11.61187	 -11.88567	  19.74446	  20.23844
 1375	  11.97395	 -11.70493	  19.65254	  20.14655
 1378	  11.60242	 -11.71604	  19.68532	  20.17932
 1377	  11.61187	 -11.88567	  19.74446	  20.23844
 1378	  11.60242	 -11.71604	  19.68532	  20.17932
 1379	  11.54889	 -11.84791	  19.79175	  20.28571
 1379	  11.54889	 -11.84791	  19.79175	  20.28571
 1378	  11.60242	 -11.71604	  19.68532	  20.17932
 1380	  11.53815	 -11.65483	  19.72443	  20.21842
 1380	  11.53815	 -11.65483	  19.72443	  20.21842
 1381	  11.54127	 -11.59898	  19.75369	  20.24767
 1379	  11.54889	 -11.84791	  19.79175	  20.28571
 1379	  11.54889	 -11.84791	  19.79175	  20.28571
 1381	  11.54127	 -11.59898	  19.75369	  20.24767
 1382	  11.55317	 -11.81276	  19.82823	  20.32219
 1383	  11.59048	 -11.5912	  19.60271	  20.09673
 1384	  11.57719	 -11.52337	  19.50471	  19.99877
 1385	  11.52455	 -11.51274	  19.6304	  20.12442
 1383	  11.59048	 -11.5912	  19.60271	  20.09673
 1386	  11.94871	 -11.51226	  19.47194	  19.966
 1384	  11.57719	 -11.52337	  19.50471	  19.99877
 1387	  11.962	 -11.58009	  19.56993	  20.06397
 1386	  11.94871	 -11.51226	  19.47194	  19.966
 1383	  11.59048	 -11.5912	  19.60271	  20.09673
 1385	  11.52455	 -11.51274	  19.6304	  20.12442
 1384	  11.57719	 -11.52337	  19.50471	  19.99877
 1388	  11.50943	 -11.43554	  19.51887	  20.01292
 1388	  11.50943	 -11.43554	  19.51887	  20.01292
 1389	  11.50947	 -11.35617	  19.52608	  20.02013
 1385	  11.52455	 -11.51274	  19.6304	  20.12442
 1385	  11.52455	 -11.51274	  19.6304	  20.12442
 1389	  11.50947	 -11.35617	  19.52608	  20.02013
 1390	  11.52621	 -11.44164	  19.64958	  20.14359
 1386	  11.94871	 -11.51226	  19.47194	  19.966
 1391	  11.93539	 -11.50809	  19.36816	  19.86225
 1392	  11.57719	 -11.52337	  19.50471	  19.99877
 1392	  11.57719	 -11.52337	  19.50471	  19.99877
 1391	  11.93539	 -11.50809	  19.36816	  19.86225
 1393	  11.56387	 -11.5192	  19.40093	  19.89502
 1392	  11.57719	 -11.52337	  19.50471	  19.99877
 1393	  11.56387	 -11.5192	  19.40093	  19.89502
 1394	  11.50943	 -11.43554	  19.51887	  20.01292
 1394	  11.50943	 -11.43554	  19.51887	  20.01292
 1393	  11.56387	 -11.5192	  19.40093	  19.89502
 1395	  11.49426	 -11.43079	  19.40075	  19.89483
 1395	  11.49426	 -11.43079	  19.40075	  19.89483
 1396	  11.49268	 -11.35091	  19.39529	  19.88938
 1394	  11.50943	 -11.43554	  19.51887	  20.01292
 1394	  11.50943	 -11.43554	  19.51887	  20.01292
 1396	  11.49268	 -11.35091	  19.39529	  19.88938
 1397	  11.50947	 -11.35617	  19.52608	  20.02013
 1398	  11.61987	 -12.29015	  19.77205	  20.26603
 1399	  11.61788	 -12.08351	  19.77435	  20.26832
 1400	  11.558	 -12.30828	  19.82315	  20.31711
 1398	  11.61987	 -12.29015	  19.77205	  20.26603
 1401	  11.9894	 -12.07239	  19.74157	  20.23556
 1399	  11.61788	 -12.08351	  19.77435	  20.26832
 1402	  11.99139	 -12.27904	  19.73928	  20.23326
 1401	  11.9894	 -12.07239	  19.74157	  20.23556
 1398	  11.61987	 -12.29015	  19.77205	  20.26603
 1400	  11.558	 -12.30828	  19.82315	  20.31711
 1399	  11.61788	 -12.08351	  19.77435	  20.26832
 1403	  11.55574	 -12.07307	  19.82576	  20.31972
 1403	  11.55574	 -12.07307	  19.82576	  20.31972
 1404	  11.56075	 -12.06207	  19.86589	  20.35984
 1400	  11.558	 -12.30828	  19.82315	  20.31711
 1400	  11.558	 -12.30828	  19.82315	  20.31711
 1404	  11.56075	 -12.06207	  19.86589	  20.35984
 1405	  11.56326	 -12.3225	  19.863	  20.35695
 1401	  11.9894	 -12.07239	  19.74157	  20.23556
 1406	  11.98339	 -11.87456	  19.71169	  20.20568
 1407	  11.61788	 -12.08351	  19.77435	  20.26832
 1407	  11.61788	 -12.08351	  19.77435	  20.26832
 1406	  11.98339	 -11.87456	  19.71169	  20.20568
 1408	  11.61187	 -11.88567	  19.74446	  20.23844
 1407	  11.61788	 -12.08351	  19.77435	  20.26832
 1408	  11.61187	 -11.88567	  19.74446	  20.23844
 1409	  11.55574	 -12.07307	  19.82576	  20.31972
 1409	  11.55574	 -12.07307	  19.82576	  20.31972
 1408	  11.61187	 -11.88567	  19.74446	  20.23844
 1410	  11.54889	 -11.84791	  19.79175	  20.28571
 1410	  11.54889	 -11.84791	  19.79175	  20.28571
 1411	  11.55317	 -11.81276	  19.82823	  20.32219
 1409	  11.55574	 -12.07307	  19.82576	  20.31972
 1409	  11.55574	 -12.07307	  19.82576	  20.31972
 1411	  11.55317	 -11.81276	  19.82823	  20.32219
 1412	  11.56075	 -12.06207	  19.86589	  20.35984
 1413	  11.54839	 -12.718	  19.71262	  20.20661
 1414	  11.55262	 -12.77616	  19.74061	  20.2346
 1415	  11.53746	 -12.8524	  19.61552	  20.10954
 1415	  11.53746	 -12.8524	  19.61552	  20.10954
 1414	  11.55262	 -12.77616	  19.74061	  20.2346
 1416	  11.54051	 -12.92498	  19.6331	  20.12712
 1415	  11.53746	 -12.8524	  19.61552	  20.10954
 1417	  11.61143	 -12.65013	  19.67494	  20.16894
 1413	  11.54839	 -12.718	  19.71262	  20.20661
 1418	  11.60182	 -12.76822	  19.58963	  20.08366
 1417	  11.61143	 -12.65013	  19.67494	  20.16894
 1415	  11.53746	 -12.8524	  19.61552	  20.10954
 1418	  11.60182	 -12.76822	  19.58963	  20.08366
 1419	  11.98295	 -12.63902	  19.64216	  20.13618
 1417	  11.61143	 -12.65013	  19.67494	  20.16894
 1420	  11.97334	 -12.7571	  19.55685	  20.05089
 1419	  11.98295	 -12.63902	  19.64216	  20.13618
 1418	  11.60182	 -12.76822	  19.58963	  20.08366
 1421	  11.96129	 -12.81699	  19.45744	  19.95151
 1420	  11.97334	 -12.7571	  19.55685	  20.05089
 1422	  11.58976	 -12.82811	  19.49022	  19.98428
 1422	  11.58976	 -12.82811	  19.49022	  19.98428
 1420	  11.97334	 -12.7571	  19.55685	  20.05089
 1423	  11.60182	 -12.76822	  19.58963	  20.08366
 1422	  11.58976	 -12.82811	  19.49022	  19.98428
 1423	  11.60182	 -12.76822	  19.58963	  20.08366
 1424	  11.52374	 -12.92057	  19.50237	  19.99643
 1424	  11.52374	 -12.92057	  19.50237	  19.99643
 1423	  11.60182	 -12.76822	  19.58963	  20.08366
 1425	  11.53746	 -12.8524	  19.61552	  20.10954
 1425	  11.53746	 -12.8524	  19.61552	  20.10954
 1426	  11.54051	 -12.92498	  19.6331	  20.12712
 1424	  11.52374	 -12.92057	  19.50237	  19.99643
 1424	  11.52374	 -12.92057	  19.50237	  19.99643
 1426	  11.54051	 -12.92498	  19.6331	  20.12712
 1427	  11.52532	 -13.00045	  19.50782	  20.00187
 1428	  12.13426	 -13.79708	  23.99423	  24.48694
 1429	  12.11668	 -13.77192	  23.98232	  24.47502
 1430	  12.18941	 -13.76882	  24.16881	  24.66146
 1430	  12.18941	 -13.76882	  24.16881	  24.66146
 1429	  12.11668	 -13.77192	  23.98232	  24.47502
 1431	  12.14424	 -13.70421	  24.21371	  24.70635
 1432	  12.11984	 -14.01624	  23.86254	  24.35528
 1433	  12.10492	 -13.98357	  23.87207	  24.36481
 1434	  12.16485	 -14.34283	  23.9272	  24.41992
 1434	  12.16485	 -14.34283	  23.9272	  24.41992
 1433	  12.10492	 -13.98357	  23.87207	  24.36481
 1435	  12.12148	 -14.40051	  23.97559	  24.4683
 1436	  12.09927	 -13.83498	  23.71741	  24.2102
 1437	  12.08607	 -13.84059	  23.73712	  24.2299
 1438	  12.11719	 -14.06373	  23.5788	  24.07163
 1438	  12.11719	 -14.06373	  23.5788	  24.07163
 1437	  12.08607	 -13.84059	  23.73712	  24.2299
 1439	  12.06698	 -14.16604	  23.56986	  24.06269
 1440	  12.12261	 -13.48038	  23.93049	  24.42321
 1441	  12.10511	 -13.49814	  23.91549	  24.40822
 1442	  12.15693	 -13.13496	  23.96974	  24.46245
 1442	  12.15693	 -13.13496	  23.96974	  24.46245
 1441	  12.10511	 -13.49814	  23.91549	  24.40822
 1443	  12.10382	 -13.0394	  23.95514	  24.44785
 1444	  12.10098	 -13.50381	  23.7594	  24.25218
 1445	  12.08619	 -13.54059	  23.76395	  24.25673
 1446	  12.1123	 -13.31722	  23.60509	  24.09791
 1446	  12.1123	 -13.31722	  23.60509	  24.09791
 1445	  12.08619	 -13.54059	  23.76395	  24.25673
 1447	  12.05606	 -13.32483	  23.55722	  24.05005
 1448	  12.25167	 -13.47972	  24.13318	  24.62584
 1449	  12.25196	 -13.43595	  24.16433	  24.65698
 1450	  12.14151	 -13.54926	  24.2056	  24.69824
 1450	  12.14151	 -13.54926	  24.2056	  24.69824
 1449	  12.25196	 -13.43595	  24.16433	  24.65698
 1451	  12.14319	 -13.52899	  24.22066	  24.71329
 1452	  12.17667	 -13.58225	  23.5381	  24.03094
 1453	  12.16864	 -13.58175	  23.5005	  23.99335
 1454	  12.05256	 -13.45986	  23.51802	  24.01087
 1454	  12.05256	 -13.45986	  23.51802	  24.01087
 1453	  12.16864	 -13.58175	  23.5005	  23.99335
 1455	  12.0502	 -13.45866	  23.49988	  23.99273
 1456	  12.20707	 -13.10062	  23.81736	  24.31011
 1457	  12.20165	 -13.02879	  23.80628	  24.29904
 1458	  12.09368	 -13.00716	  23.8786	  24.37135
 1458	  12.09368	 -13.00716	  23.8786	  24.37135
 1457	  12.20165	 -13.02879	  23.80628	  24.29904
 1459	  12.09264	 -12.97242	  23.87361	  24.36635
 1460	  12.24883	 -14.19564	  24.04912	  24.54181
 1461	  12.25004	 -14.24055	  24.07984	  24.57251
 1462	  12.12995	 -14.33699	  24.04711	  24.5398
 1462	  12.12995	 -14.33699	  24.04711	  24.5398
 1461	  12.25004	 -14.24055	  24.07984	  24.57251
 1463	  12.132	 -14.3592	  24.06142	  24.5541
 1464	  12.20248	 -14.25899	  23.68134	  24.17414
 1465	  12.19855	 -14.33065	  23.66957	  24.16237
 1466	  12.07497	 -14.28173	  23.62217	  24.11498
 1466	  12.07497	 -14.28173	  23.62217	  24.11498
 1465	  12.19855	 -14.33065	  23.66957	  24.16237
 1467	  12.07453	 -14.31573	  23.61595	  24.10877
 1468	  12.10492	 -13.98357	  23.87207	  24.36481
 1469	  12.11984	 -14.01624	  23.86254	  24.35528
 1470	  12.10731	 -13.98137	  23.8629	  24.35564
 1470	  12.10731	 -13.98137	  23.8629	  24.35564
 1469	  12.11984	 -14.01624	  23.86254	  24.35528
 1471	  12.11773	 -14.00635	  23.85592	  24.34867
 1472	  12.13235	 -13.8068	  23.98751	  24.48021
 1473	  12.11992	 -13.78796	  23.97825	  24.47096
 1474	  12.13426	 -13.79708	  23.99423	  24.48694
 1474	  12.13426	 -13.79708	  23.99423	  24.48694
 1473	  12.11992	 -13.78796	  23.97825	  24.47096
 1475	  12.11668	 -13.77192	  23.98232	  24.47502
 1476	  12.12196	 -13.49631	  23.93309	  24.42582
 1477	  12.10962	 -13.51011	  23.92172	  24.41445
 1478	  12.12261	 -13.48038	  23.93049	  24.42321
 1478	  12.12261	 -13.48038	  23.93049	  24.42321
 1477	  12.10962	 -13.51011	  23.92172	  24.41445
 1479	  12.10511	 -13.49814	  23.91549	  24.40822
 1480	  12.08607	 -13.84059	  23.73712	  24.2299
 1481	  12.09927	 -13.83498	  23.71741	  24.2102
 1482	  12.0892	 -13.82305	  23.73508	  24.22787
 1482	  12.0892	 -13.82305	  23.73508	  24.22787
 1481	  12.09927	 -13.83498	  23.71741	  24.2102
 1483	  12.09829	 -13.81921	  23.72018	  24.21297
 1484	  12.10091	 -13.50399	  23.76788	  24.26065
 1485	  12.09063	 -13.5318	  23.77144	  24.26421
 1486	  12.10098	 -13.50381	  23.7594	  24.25218
 1486	  12.10098	 -13.50381	  23.7594	  24.25218
 1485	  12.09063	 -13.5318	  23.77144	  24.26421
 1487	  12.08619	 -13.54059	  23.76395	  24.25673
 1488	  12.09264	 -12.97242	  23.87361	  24.36635
 1489	  12.08778	 -12.97283	  23.88292	  24.37566
 1490	  12.09368	 -13.00716	  23.8786	  24.37135
 1490	  12.09368	 -13.00716	  23.8786	  24.37135
 1489	  12.08778	 -12.97283	  23.88292	  24.37566
 1491	  12.08728	 -13.00755	  23.88657	  24.37931
 1492	  12.09566	 -13.47176	  23.84394	  24.33669
 1493	  12.11077	 -13.44371	  23.83035	  24.3231
 1494	  12.08728	 -13.00755	  23.88657	  24.37931
 1494	  12.08728	 -13.00755	  23.88657	  24.37931
 1493	  12.11077	 -13.44371	  23.83035	  24.3231
 1495	  12.09368	 -13.00716	  23.8786	  24.37135
 1496	  12.0502	 -13.45866	  23.49988	  23.99273
 1497	  12.0444	 -13.44226	  23.50325	  23.9961
 1498	  12.05256	 -13.45986	  23.51802	  24.01087
 1498	  12.05256	 -13.45986	  23.51802	  24.01087
 1497	  12.0444	 -13.44226	  23.50325	  23.9961
 1499	  12.04536	 -13.44627	  23.52103	  24.01388
 1500	  12.05256	 -13.45986	  23.51802	  24.01087
 1501	  12.04536	 -13.44627	  23.52103	  24.01388
 1502	  12.0981	 -13.68193	  23.7107	  24.20349
 1502	  12.0981	 -13.68193	  23.7107	  24.20349
 1501	  12.04536	 -13.44627	  23.52103	  24.01388
 1503	  12.08314	 -13.66799	  23.7291	  24.22189
 1504	  12.18636	 -13.45406	  23.75779	  24.25057
 1505	  12.19062	 -13.41996	  23.79405	  24.28681
 1506	  12.10091	 -13.50399	  23.76788	  24.26065
 1506	  12.10091	 -13.50399	  23.76788	  24.26065
 1505	  12.19062	 -13.41996	  23.79405	  24.28681
 1507	  12.10877	 -13.45662	  23.82544	  24.3182
 1508	  12.08728	 -13.00755	  23.88657	  24.37931
 1509	  12.08778	 -12.97283	  23.88292	  24.37566
 1510	  12.09554	 -13.03197	  23.94921	  24.44193
 1510	  12.09554	 -13.03197	  23.94921	  24.44193
 1509	  12.08778	 -12.97283	  23.88292	  24.37566
 1511	  12.09843	 -13.00095	  23.96371	  24.45642
 1508	  12.08728	 -13.00755	  23.88657	  24.37931
 1510	  12.09554	 -13.03197	  23.94921	  24.44193
 1512	  12.08674	 -13.4811	  23.84886	  24.34161
 1512	  12.08674	 -13.4811	  23.84886	  24.34161
 1510	  12.09554	 -13.03197	  23.94921	  24.44193
 1513	  12.09495	 -13.50343	  23.91116	  24.40389
 1513	  12.09495	 -13.50343	  23.91116	  24.40389
 1514	  12.10121	 -13.54611	  23.90641	  24.39914
 1512	  12.08674	 -13.4811	  23.84886	  24.34161
 1512	  12.08674	 -13.4811	  23.84886	  24.34161
 1514	  12.10121	 -13.54611	  23.90641	  24.39914
 1515	  12.09348	 -13.5258	  23.84367	  24.33642
 1514	  12.10121	 -13.54611	  23.90641	  24.39914
 1516	  12.11864	 -13.59318	  23.88086	  24.3736
 1515	  12.09348	 -13.5258	  23.84367	  24.33642
 1515	  12.09348	 -13.5258	  23.84367	  24.33642
 1516	  12.11864	 -13.59318	  23.88086	  24.3736
 1517	  12.11473	 -13.58261	  23.85123	  24.34398
 1518	  12.07453	 -14.31573	  23.61595	  24.10877
 1519	  12.06753	 -14.30543	  23.60945	  24.10227
 1520	  12.07497	 -14.28173	  23.62217	  24.11498
 1520	  12.07497	 -14.28173	  23.62217	  24.11498
 1519	  12.06753	 -14.30543	  23.60945	  24.10227
 1521	  12.06678	 -14.27324	  23.61695	  24.10977
 1522	  12.07497	 -14.28173	  23.62217	  24.11498
 1523	  12.06678	 -14.27324	  23.61695	  24.10977
 1524	  12.11121	 -13.98168	  23.78728	  24.28005
 1524	  12.11121	 -13.98168	  23.78728	  24.28005
 1523	  12.06678	 -14.27324	  23.61695	  24.10977
 1525	  12.09363	 -13.94572	  23.78714	  24.2799
 1526	  12.132	 -14.3592	  24.06142	  24.5541
 1527	  12.12521	 -14.36947	  24.05476	  24.54745
 1528	  12.12995	 -14.33699	  24.04711	  24.5398
 1528	  12.12995	 -14.33699	  24.04711	  24.5398
 1527	  12.12521	 -14.36947	  24.05476	  24.54745
 1529	  12.12193	 -14.34563	  24.04178	  24.53447
 1530	  12.11264	 -13.92114	  23.93783	  24.43056
 1531	  12.13198	 -13.92872	  23.95427	  24.44698
 1532	  12.12193	 -14.34563	  24.04178	  24.53447
 1532	  12.12193	 -14.34563	  24.04178	  24.53447
 1531	  12.13198	 -13.92872	  23.95427	  24.44698
 1533	  12.12995	 -14.33699	  24.04711	  24.5398
 1534	  12.09566	 -13.47176	  23.84394	  24.33669
 1535	  12.09745	 -13.51607	  23.84217	  24.33492
 1536	  12.09825	 -13.47843	  23.83563	  24.32838
 1537	  12.09368	 -13.00716	  23.8786	  24.37135
 1538	  12.11077	 -13.44371	  23.83035	  24.3231
 1539	  12.20707	 -13.10062	  23.81736	  24.31011
 1539	  12.20707	 -13.10062	  23.81736	  24.31011
 1538	  12.11077	 -13.44371	  23.83035	  24.3231
 1540	  12.1915	 -13.40708	  23.79892	  24.29169
 1541	  12.08728	 -13.00755	  23.88657	  24.37931
 1542	  12.08674	 -13.4811	  23.84886	  24.34161
 1543	  12.09566	 -13.47176	  23.84394	  24.33669
 1544	  12.22928	 -14.41343	  23.8998	  24.39253
 1545	  12.21993	 -14.34789	  23.9063	  24.39903
 1546	  12.17359	 -14.37911	  23.91848	  24.41121
 1546	  12.17359	 -14.37911	  23.91848	  24.41121
 1545	  12.21993	 -14.34789	  23.9063	  24.39903
 1547	  12.16485	 -14.34283	  23.9272	  24.41992
 1548	  12.22792	 -13.09938	  24.00271	  24.49541
 1549	  12.21601	 -13.14634	  23.97952	  24.47223
 1550	  12.16825	 -13.11429	  23.98608	  24.47879
 1550	  12.16825	 -13.11429	  23.98608	  24.47879
 1549	  12.21601	 -13.14634	  23.97952	  24.47223
 1551	  12.15693	 -13.13496	  23.96974	  24.46245
 1552	  12.12261	 -13.48038	  23.93049	  24.42321
 1553	  12.15693	 -13.13496	  23.96974	  24.46245
 1554	  12.21043	 -13.45907	  23.94498	  24.4377
 1554	  12.21043	 -13.45907	  23.94498	  24.4377
 1553	  12.15693	 -13.13496	  23.96974	  24.46245
 1555	  12.21601	 -13.14634	  23.97952	  24.47223
 1556	  12.17725	 -13.23138	  23.59526	  24.08809
 1557	  12.17046	 -13.29149	  23.61092	  24.10373
 1558	  12.12066	 -13.27817	  23.59986	  24.09269
 1558	  12.12066	 -13.27817	  23.59986	  24.09269
 1557	  12.17046	 -13.29149	  23.61092	  24.10373
 1559	  12.1123	 -13.31722	  23.60509	  24.09791
 1560	  12.18941	 -13.76882	  24.16881	  24.66146
 1561	  12.20097	 -13.79472	  24.18299	  24.67564
 1562	  12.24659	 -13.79924	  24.16208	  24.65473
 1562	  12.24659	 -13.79924	  24.16208	  24.65473
 1561	  12.20097	 -13.79472	  24.18299	  24.67564
 1563	  12.26007	 -13.82994	  24.19093	  24.68357
 1564	  12.10511	 -13.49814	  23.91549	  24.40822
 1565	  12.10962	 -13.51011	  23.92172	  24.41445
 1566	  12.10593	 -13.53786	  23.90911	  24.40184
 1567	  12.12196	 -13.49631	  23.93309	  24.42582
 1568	  12.12261	 -13.48038	  23.93049	  24.42321
 1569	  12.21083	 -13.47433	  23.94733	  24.44005
 1569	  12.21083	 -13.47433	  23.94733	  24.44005
 1568	  12.12261	 -13.48038	  23.93049	  24.42321
 1570	  12.21043	 -13.45907	  23.94498	  24.4377
 1571	  12.11719	 -14.06373	  23.5788	  24.07163
 1572	  12.12395	 -14.05988	  23.55809	  24.05092
 1573	  12.17288	 -14.03409	  23.56566	  24.0585
 1573	  12.17288	 -14.03409	  23.56566	  24.0585
 1572	  12.12395	 -14.05988	  23.55809	  24.05092
 1574	  12.17809	 -14.04351	  23.53165	  24.0245
 1575	  12.10746	 -13.87703	  23.92255	  24.41528
 1576	  12.11222	 -13.88335	  23.92593	  24.41866
 1577	  12.1023	 -13.91888	  23.9327	  24.42542
 1577	  12.1023	 -13.91888	  23.9327	  24.42542
 1576	  12.11222	 -13.88335	  23.92593	  24.41866
 1578	  12.11264	 -13.92114	  23.93783	  24.43056
 1579	  12.10098	 -13.50381	  23.7594	  24.25218
 1580	  12.1123	 -13.31722	  23.60509	  24.09791
 1581	  12.1854	 -13.45381	  23.74977	  24.24254
 1581	  12.1854	 -13.45381	  23.74977	  24.24254
 1580	  12.1123	 -13.31722	  23.60509	  24.09791
 1582	  12.17046	 -13.29149	  23.61092	  24.10373
 1583	  12.10091	 -13.50399	  23.76788	  24.26065
 1584	  12.10098	 -13.50381	  23.7594	  24.25218
 1585	  12.18636	 -13.45406	  23.75779	  24.25057
 1585	  12.18636	 -13.45406	  23.75779	  24.25057
 1584	  12.10098	 -13.50381	  23.7594	  24.25218
 1586	  12.1854	 -13.45381	  23.74977	  24.24254
 1587	  12.09566	 -13.47176	  23.84394	  24.33669
 1588	  12.08674	 -13.4811	  23.84886	  24.34161
 1589	  12.09745	 -13.51607	  23.84217	  24.33492
 1589	  12.09745	 -13.51607	  23.84217	  24.33492
 1588	  12.08674	 -13.4811	  23.84886	  24.34161
 1590	  12.09348	 -13.5258	  23.84367	  24.33642
 1591	  12.10804	 -13.64412	  23.94725	  24.43997
 1592	  12.11274	 -13.63886	  23.95112	  24.44384
 1593	  12.10407	 -13.63905	  23.97071	  24.46342
 1593	  12.10407	 -13.63905	  23.97071	  24.46342
 1592	  12.11274	 -13.63886	  23.95112	  24.44384
 1594	  12.11389	 -13.62822	  23.97294	  24.46565
 1595	  12.07687	 -13.55221	  23.76558	  24.25835
 1596	  12.08587	 -13.57312	  23.78419	  24.27696
 1597	  12.07425	 -13.66333	  23.73554	  24.22832
 1597	  12.07425	 -13.66333	  23.73554	  24.22832
 1598	  12.0481	 -13.33516	  23.55216	  24.045
 1595	  12.07687	 -13.55221	  23.76558	  24.25835
 1597	  12.07425	 -13.66333	  23.73554	  24.22832
 1596	  12.08587	 -13.57312	  23.78419	  24.27696
 1599	  12.0839	 -13.6856	  23.75496	  24.24774
 1596	  12.08587	 -13.57312	  23.78419	  24.27696
 1600	  12.10844	 -13.63223	  23.7978	  24.29057
 1599	  12.0839	 -13.6856	  23.75496	  24.24774
 1599	  12.0839	 -13.6856	  23.75496	  24.24774
 1600	  12.10844	 -13.63223	  23.7978	  24.29057
 1601	  12.1072	 -13.68508	  23.78354	  24.27631
 1602	  12.04536	 -13.44627	  23.52103	  24.01388
 1598	  12.0481	 -13.33516	  23.55216	  24.045
 1597	  12.07425	 -13.66333	  23.73554	  24.22832
 1602	  12.04536	 -13.44627	  23.52103	  24.01388
 1603	  12.0444	 -13.44226	  23.50325	  23.9961
 1598	  12.0481	 -13.33516	  23.55216	  24.045
 1598	  12.0481	 -13.33516	  23.55216	  24.045
 1603	  12.0444	 -13.44226	  23.50325	  23.9961
 1604	  12.04774	 -13.29791	  23.54179	  24.03464
 1605	  12.08314	 -13.66799	  23.7291	  24.22189
 1606	  12.07425	 -13.66333	  23.73554	  24.22832
 1607	  12.08747	 -13.68466	  23.74965	  24.24242
 1607	  12.08747	 -13.68466	  23.74965	  24.24242
 1606	  12.07425	 -13.66333	  23.73554	  24.22832
 1608	  12.0839	 -13.6856	  23.75496	  24.24774
 1609	  12.09254	 -13.90267	  23.80371	  24.29647
 1610	  12.09661	 -13.91166	  23.80142	  24.29418
 1611	  12.08387	 -13.93389	  23.78736	  24.28012
 1611	  12.08387	 -13.93389	  23.78736	  24.28012
 1610	  12.09661	 -13.91166	  23.80142	  24.29418
 1612	  12.09363	 -13.94572	  23.78714	  24.2799
 1613	  12.14319	 -13.52899	  24.22066	  24.71329
 1614	  12.13772	 -13.54588	  24.22377	  24.71641
 1615	  12.14151	 -13.54926	  24.2056	  24.69824
 1615	  12.14151	 -13.54926	  24.2056	  24.69824
 1614	  12.13772	 -13.54588	  24.22377	  24.71641
 1616	  12.13459	 -13.56339	  24.20841	  24.70105
 1617	  12.14151	 -13.54926	  24.2056	  24.69824
 1618	  12.13459	 -13.56339	  24.20841	  24.70105
 1619	  12.13171	 -13.59624	  23.98088	  24.47359
 1619	  12.13171	 -13.59624	  23.98088	  24.47359
 1618	  12.13459	 -13.56339	  24.20841	  24.70105
 1620	  12.11389	 -13.62822	  23.97294	  24.46565
 1621	  12.08314	 -13.66799	  23.7291	  24.22189
 1622	  12.08747	 -13.68466	  23.74965	  24.24242
 1623	  12.08696	 -13.68511	  23.72955	  24.22233
 1624	  12.08619	 -13.54059	  23.76395	  24.25673
 1625	  12.09063	 -13.5318	  23.77144	  24.26421
 1626	  12.08982	 -13.56466	  23.78088	  24.27365
 1627	  12.18148	 -13.80676	  23.68919	  24.18199
 1628	  12.17997	 -13.72764	  23.68417	  24.17697
 1629	  12.09829	 -13.81921	  23.72018	  24.21297
 1629	  12.09829	 -13.81921	  23.72018	  24.21297
 1628	  12.17997	 -13.72764	  23.68417	  24.17697
 1630	  12.09734	 -13.69546	  23.71541	  24.2082
 1631	  12.04536	 -13.44627	  23.52103	  24.01388
 1632	  12.07425	 -13.66333	  23.73554	  24.22832
 1633	  12.08314	 -13.66799	  23.7291	  24.22189
 1634	  12.05256	 -13.45986	  23.51802	  24.01087
 1635	  12.0981	 -13.68193	  23.7107	  24.20349
 1636	  12.17667	 -13.58225	  23.5381	  24.03094
 1636	  12.17667	 -13.58225	  23.5381	  24.03094
 1635	  12.0981	 -13.68193	  23.7107	  24.20349
 1637	  12.17962	 -13.71437	  23.67952	  24.17232
 1638	  12.10181	 -13.7269	  23.85401	  24.34676
 1639	  12.10844	 -13.63223	  23.7978	  24.29057
 1640	  12.11473	 -13.58261	  23.85123	  24.34398
 1641	  12.11254	 -13.84474	  23.81145	  24.30421
 1642	  12.1094	 -13.8015	  23.79063	  24.2834
 1638	  12.10181	 -13.7269	  23.85401	  24.34676
 1638	  12.10181	 -13.7269	  23.85401	  24.34676
 1643	  12.12018	 -13.86708	  23.86926	  24.362
 1644	  12.11254	 -13.84474	  23.81145	  24.30421
 1638	  12.10181	 -13.7269	  23.85401	  24.34676
 1645	  12.11864	 -13.59318	  23.88086	  24.3736
 1646	  12.12471	 -13.67894	  23.92097	  24.4137
 1647	  12.12336	 -13.84094	  23.89638	  24.38912
 1648	  12.12018	 -13.86708	  23.86926	  24.362
 1638	  12.10181	 -13.7269	  23.85401	  24.34676
 1649	  12.11473	 -13.58261	  23.85123	  24.34398
 1650	  12.11864	 -13.59318	  23.88086	  24.3736
 1638	  12.10181	 -13.7269	  23.85401	  24.34676
 1651	  12.1072	 -13.68508	  23.78354	  24.27631
 1652	  12.10844	 -13.63223	  23.7978	  24.29057
 1638	  12.10181	 -13.7269	  23.85401	  24.34676
 1638	  12.10181	 -13.7269	  23.85401	  24.34676
 1653	  12.1094	 -13.8015	  23.79063	  24.2834
 1651	  12.1072	 -13.68508	  23.78354	  24.27631
 1638	  12.10181	 -13.7269	  23.85401	  24.34676
 1654	  12.12589	 -13.73833	  23.92502	  24.41775
 1655	  12.12336	 -13.84094	  23.89638	  24.38912
 1656	  12.12471	 -13.67894	  23.92097	  24.4137
 1654	  12.12589	 -13.73833	  23.92502	  24.41775
 1638	  12.10181	 -13.7269	  23.85401	  24.34676
 1657	  12.08587	 -13.57312	  23.78419	  24.27696
 1658	  12.07687	 -13.55221	  23.76558	  24.25835
 1659	  12.08982	 -13.56466	  23.78088	  24.27365
 1659	  12.08982	 -13.56466	  23.78088	  24.27365
 1658	  12.07687	 -13.55221	  23.76558	  24.25835
 1660	  12.08619	 -13.54059	  23.76395	  24.25673
 1661	  12.11668	 -13.77192	  23.98232	  24.47502
 1662	  12.1152	 -13.77235	  23.9613	  24.45401
 1663	  12.10654	 -13.76397	  23.97918	  24.47189
 1663	  12.10654	 -13.76397	  23.97918	  24.47189
 1662	  12.1152	 -13.77235	  23.9613	  24.45401
 1664	  12.11013	 -13.76917	  23.95686	  24.44958
 1665	  12.10492	 -13.98357	  23.87207	  24.36481
 1666	  12.10482	 -13.94407	  23.86533	  24.35807
 1667	  12.09561	 -13.97375	  23.87563	  24.36837
 1667	  12.09561	 -13.97375	  23.87563	  24.36837
 1666	  12.10482	 -13.94407	  23.86533	  24.35807
 1668	  12.10031	 -13.93403	  23.86581	  24.35856
 1669	  12.10511	 -13.49814	  23.91549	  24.40822
 1670	  12.10593	 -13.53786	  23.90911	  24.40184
 1671	  12.09495	 -13.50343	  23.91116	  24.40389
 1671	  12.09495	 -13.50343	  23.91116	  24.40389
 1670	  12.10593	 -13.53786	  23.90911	  24.40184
 1672	  12.10121	 -13.54611	  23.90641	  24.39914
 1673	  12.08607	 -13.84059	  23.73712	  24.2299
 1674	  12.08913	 -13.81571	  23.75382	  24.2466
 1675	  12.07727	 -13.84288	  23.74362	  24.2364
 1675	  12.07727	 -13.84288	  23.74362	  24.2364
 1674	  12.08913	 -13.81571	  23.75382	  24.2466
 1676	  12.08531	 -13.81287	  23.7591	  24.25187
 1677	  12.09561	 -13.97375	  23.87563	  24.36837
 1678	  12.10031	 -13.93403	  23.86581	  24.35856
 1679	  12.1023	 -13.91888	  23.9327	  24.42542
 1679	  12.1023	 -13.91888	  23.9327	  24.42542
 1680	  12.11509	 -14.39921	  23.98383	  24.47654
 1677	  12.09561	 -13.97375	  23.87563	  24.36837
 1679	  12.1023	 -13.91888	  23.9327	  24.42542
 1678	  12.10031	 -13.93403	  23.86581	  24.35856
 1681	  12.10746	 -13.87703	  23.92255	  24.41528
 1682	  12.12018	 -13.86708	  23.86926	  24.362
 1681	  12.10746	 -13.87703	  23.92255	  24.41528
 1678	  12.10031	 -13.93403	  23.86581	  24.35856
 1683	  12.12336	 -13.84094	  23.89638	  24.38912
 1681	  12.10746	 -13.87703	  23.92255	  24.41528
 1682	  12.12018	 -13.86708	  23.86926	  24.362
 1684	  12.12193	 -14.34563	  24.04178	  24.53447
 1680	  12.11509	 -14.39921	  23.98383	  24.47654
 1679	  12.1023	 -13.91888	  23.9327	  24.42542
 1685	  12.12521	 -14.36947	  24.05476	  24.54745
 1680	  12.11509	 -14.39921	  23.98383	  24.47654
 1684	  12.12193	 -14.34563	  24.04178	  24.53447
 1686	  12.11657	 -14.4413	  23.98101	  24.47372
 1680	  12.11509	 -14.39921	  23.98383	  24.47654
 1685	  12.12521	 -14.36947	  24.05476	  24.54745
 1687	  12.10492	 -13.98357	  23.87207	  24.36481
 1688	  12.10731	 -13.98137	  23.8629	  24.35564
 1689	  12.10482	 -13.94407	  23.86533	  24.35807
 1690	  12.11984	 -14.01624	  23.86254	  24.35528
 1691	  12.16485	 -14.34283	  23.9272	  24.41992
 1692	  12.20393	 -14.0546	  23.84273	  24.33548
 1692	  12.20393	 -14.0546	  23.84273	  24.33548
 1691	  12.16485	 -14.34283	  23.9272	  24.41992
 1693	  12.21993	 -14.34789	  23.9063	  24.39903
 1694	  12.11773	 -14.00635	  23.85592	  24.34867
 1695	  12.11984	 -14.01624	  23.86254	  24.35528
 1696	  12.20294	 -14.04501	  23.83633	  24.32908
 1696	  12.20294	 -14.04501	  23.83633	  24.32908
 1695	  12.11984	 -14.01624	  23.86254	  24.35528
 1697	  12.20393	 -14.0546	  23.84273	  24.33548
 1698	  12.12995	 -14.33699	  24.04711	  24.5398
 1699	  12.13198	 -13.92872	  23.95427	  24.44698
 1700	  12.24883	 -14.19564	  24.04912	  24.54181
 1700	  12.24883	 -14.19564	  24.04912	  24.54181
 1699	  12.13198	 -13.92872	  23.95427	  24.44698
 1701	  12.21993	 -13.92568	  23.97635	  24.46906
 1702	  12.12193	 -14.34563	  24.04178	  24.53447
 1703	  12.1023	 -13.91888	  23.9327	  24.42542
 1704	  12.11264	 -13.92114	  23.93783	  24.43056
 1705	  12.11264	 -13.92114	  23.93783	  24.43056
 1706	  12.11222	 -13.88335	  23.92593	  24.41866
 1707	  12.11659	 -13.90619	  23.942	  24.43472
 1708	  12.22108	 -13.83956	  23.99587	  24.48857
 1709	  12.21939	 -13.90954	  23.97656	  24.46927
 1710	  12.13235	 -13.8068	  23.98751	  24.48021
 1710	  12.13235	 -13.8068	  23.98751	  24.48021
 1709	  12.21939	 -13.90954	  23.97656	  24.46927
 1711	  12.13034	 -13.91247	  23.95468	  24.4474
 1712	  12.06678	 -14.27324	  23.61695	  24.10977
 1713	  12.08387	 -13.93389	  23.78736	  24.28012
 1714	  12.09363	 -13.94572	  23.78714	  24.2799
 1715	  12.07727	 -13.84288	  23.74362	  24.2364
 1716	  12.08387	 -13.93389	  23.78736	  24.28012
 1717	  12.06018	 -14.18016	  23.57356	  24.06639
 1715	  12.07727	 -13.84288	  23.74362	  24.2364
 1718	  12.08531	 -13.81287	  23.7591	  24.25187
 1716	  12.08387	 -13.93389	  23.78736	  24.28012
 1717	  12.06018	 -14.18016	  23.57356	  24.06639
 1716	  12.08387	 -13.93389	  23.78736	  24.28012
 1719	  12.06678	 -14.27324	  23.61695	  24.10977
 1719	  12.06678	 -14.27324	  23.61695	  24.10977
 1720	  12.06753	 -14.30543	  23.60945	  24.10227
 1717	  12.06018	 -14.18016	  23.57356	  24.06639
 1717	  12.06018	 -14.18016	  23.57356	  24.06639
 1720	  12.06753	 -14.30543	  23.60945	  24.10227
 1721	  12.05895	 -14.1881	  23.55249	  24.04532
 1716	  12.08387	 -13.93389	  23.78736	  24.28012
 1718	  12.08531	 -13.81287	  23.7591	  24.25187
 1722	  12.09254	 -13.90267	  23.80371	  24.29647
 1718	  12.08531	 -13.81287	  23.7591	  24.25187
 1723	  12.1094	 -13.8015	  23.79063	  24.2834
 1722	  12.09254	 -13.90267	  23.80371	  24.29647
 1722	  12.09254	 -13.90267	  23.80371	  24.29647
 1723	  12.1094	 -13.8015	  23.79063	  24.2834
 1724	  12.11254	 -13.84474	  23.81145	  24.30421
 1725	  12.09927	 -13.83498	  23.71741	  24.2102
 1726	  12.11719	 -14.06373	  23.5788	  24.07163
 1727	  12.18138	 -13.82187	  23.68657	  24.17937
 1727	  12.18138	 -13.82187	  23.68657	  24.17937
 1726	  12.11719	 -14.06373	  23.5788	  24.07163
 1728	  12.17288	 -14.03409	  23.56566	  24.0585
 1729	  12.09829	 -13.81921	  23.72018	  24.21297
 1730	  12.09927	 -13.83498	  23.71741	  24.2102
 1731	  12.18148	 -13.80676	  23.68919	  24.18199
 1731	  12.18148	 -13.80676	  23.68919	  24.18199
 1730	  12.09927	 -13.83498	  23.71741	  24.2102
 1732	  12.18138	 -13.82187	  23.68657	  24.17937
 1733	  12.07497	 -14.28173	  23.62217	  24.11498
 1734	  12.11121	 -13.98168	  23.78728	  24.28005
 1735	  12.20248	 -14.25899	  23.68134	  24.17414
 1735	  12.20248	 -14.25899	  23.68134	  24.17414
 1734	  12.11121	 -13.98168	  23.78728	  24.28005
 1736	  12.19719	 -14.03488	  23.78918	  24.28194
 1737	  12.20294	 -14.04501	  23.83633	  24.32908
 1738	  12.19775	 -14.03021	  23.79698	  24.28974
 1739	  12.11773	 -14.00635	  23.85592	  24.34867
 1739	  12.11773	 -14.00635	  23.85592	  24.34867
 1738	  12.19775	 -14.03021	  23.79698	  24.28974
 1740	  12.11067	 -13.97719	  23.79528	  24.28805
 1741	  12.09363	 -13.94572	  23.78714	  24.2799
 1742	  12.09661	 -13.91166	  23.80142	  24.29418
 1743	  12.0983	 -13.94947	  23.79529	  24.28805
 1744	  12.09734	 -13.69546	  23.71541	  24.2082
 1745	  12.17997	 -13.72764	  23.68417	  24.17697
 1746	  12.0981	 -13.68193	  23.7107	  24.20349
 1746	  12.0981	 -13.68193	  23.7107	  24.20349
 1745	  12.17997	 -13.72764	  23.68417	  24.17697
 1747	  12.17962	 -13.71437	  23.67952	  24.17232
 1748	  12.08607	 -13.84059	  23.73712	  24.2299
 1749	  12.0892	 -13.82305	  23.73508	  24.22787
 1750	  12.08913	 -13.81571	  23.75382	  24.2466
 1751	  12.13426	 -13.79708	  23.99423	  24.48694
 1752	  12.18941	 -13.76882	  24.16881	  24.66146
 1753	  12.22189	 -13.83038	  24.00243	  24.49514
 1753	  12.22189	 -13.83038	  24.00243	  24.49514
 1752	  12.18941	 -13.76882	  24.16881	  24.66146
 1754	  12.24659	 -13.79924	  24.16208	  24.65473
 1755	  12.21083	 -13.47433	  23.94733	  24.44005
 1756	  12.21498	 -13.53239	  23.97475	  24.46746
 1757	  12.12196	 -13.49631	  23.93309	  24.42582
 1757	  12.12196	 -13.49631	  23.93309	  24.42582
 1756	  12.21498	 -13.53239	  23.97475	  24.46746
 1758	  12.12917	 -13.59075	  23.97332	  24.46603
 1759	  12.21641	 -13.53767	  23.98238	  24.47509
 1760	  12.13171	 -13.59624	  23.98088	  24.47359
 1761	  12.21498	 -13.53239	  23.97475	  24.46746
 1761	  12.21498	 -13.53239	  23.97475	  24.46746
 1760	  12.13171	 -13.59624	  23.98088	  24.47359
 1762	  12.12917	 -13.59075	  23.97332	  24.46603
 1763	  12.09825	 -13.47843	  23.83563	  24.32838
 1764	  12.09063	 -13.5318	  23.77144	  24.26421
 1765	  12.10877	 -13.45662	  23.82544	  24.3182
 1765	  12.10877	 -13.45662	  23.82544	  24.3182
 1764	  12.09063	 -13.5318	  23.77144	  24.26421
 1766	  12.10091	 -13.50399	  23.76788	  24.26065
 1767	  12.13459	 -13.56339	  24.20841	  24.70105
 1768	  12.13772	 -13.54588	  24.22377	  24.71641
 1769	  12.13694	 -13.68959	  24.21599	  24.70863
 1769	  12.13694	 -13.68959	  24.21599	  24.70863
 1768	  12.13772	 -13.54588	  24.22377	  24.71641
 1770	  12.14097	 -13.70761	  24.23516	  24.72779
 1767	  12.13459	 -13.56339	  24.20841	  24.70105
 1769	  12.13694	 -13.68959	  24.21599	  24.70863
 1771	  12.10407	 -13.63905	  23.97071	  24.46342
 1771	  12.10407	 -13.63905	  23.97071	  24.46342
 1769	  12.13694	 -13.68959	  24.21599	  24.70863
 1772	  12.10654	 -13.76397	  23.97918	  24.47189
 1772	  12.10654	 -13.76397	  23.97918	  24.47189
 1773	  12.11013	 -13.76917	  23.95686	  24.44958
 1771	  12.10407	 -13.63905	  23.97071	  24.46342
 1771	  12.10407	 -13.63905	  23.97071	  24.46342
 1773	  12.11013	 -13.76917	  23.95686	  24.44958
 1774	  12.10804	 -13.64412	  23.94725	  24.43997
 1775	  12.11013	 -13.76917	  23.95686	  24.44958
 1776	  12.12589	 -13.73833	  23.92502	  24.41775
 1774	  12.10804	 -13.64412	  23.94725	  24.43997
 1774	  12.10804	 -13.64412	  23.94725	  24.43997
 1776	  12.12589	 -13.73833	  23.92502	  24.41775
 1777	  12.12471	 -13.67894	  23.92097	  24.4137
 1778	  12.13034	 -13.91247	  23.95468	  24.4474
 1779	  12.21939	 -13.90954	  23.97656	  24.46927
 1780	  12.13198	 -13.92872	  23.95427	  24.44698
 1780	  12.13198	 -13.92872	  23.95427	  24.44698
 1779	  12.21939	 -13.90954	  23.97656	  24.46927
 1781	  12.21993	 -13.92568	  23.97635	  24.46906
 1782	  12.13459	 -13.56339	  24.20841	  24.70105
 1783	  12.10407	 -13.63905	  23.97071	  24.46342
 1784	  12.11389	 -13.62822	  23.97294	  24.46565
 1785	  12.14151	 -13.54926	  24.2056	  24.69824
 1786	  12.13171	 -13.59624	  23.98088	  24.47359
 1787	  12.25167	 -13.47972	  24.13318	  24.62584
 1787	  12.25167	 -13.47972	  24.13318	  24.62584
 1786	  12.13171	 -13.59624	  23.98088	  24.47359
 1788	  12.21641	 -13.53767	  23.98238	  24.47509
 1789	  12.09745	 -13.51607	  23.84217	  24.33492
 1790	  12.08982	 -13.56466	  23.78088	  24.27365
 1791	  12.09825	 -13.47843	  23.83563	  24.32838
 1791	  12.09825	 -13.47843	  23.83563	  24.32838
 1790	  12.08982	 -13.56466	  23.78088	  24.27365
 1792	  12.09063	 -13.5318	  23.77144	  24.26421
 1793	  12.09348	 -13.5258	  23.84367	  24.33642
 1794	  12.11473	 -13.58261	  23.85123	  24.34398
 1795	  12.08587	 -13.57312	  23.78419	  24.27696
 1795	  12.08587	 -13.57312	  23.78419	  24.27696
 1794	  12.11473	 -13.58261	  23.85123	  24.34398
 1796	  12.10844	 -13.63223	  23.7978	  24.29057
 1797	  12.11389	 -13.62822	  23.97294	  24.46565
 1798	  12.11274	 -13.63886	  23.95112	  24.44384
 1799	  12.11656	 -13.61508	  23.96693	  24.45964
 1800	  12.09348	 -13.5258	  23.84367	  24.33642
 1801	  12.08587	 -13.57312	  23.78419	  24.27696
 1802	  12.09745	 -13.51607	  23.84217	  24.33492
 1802	  12.09745	 -13.51607	  23.84217	  24.33492
 1801	  12.08587	 -13.57312	  23.78419	  24.27696
 1803	  12.08982	 -13.56466	  23.78088	  24.27365
 1804	  12.11067	 -13.97719	  23.79528	  24.28805
 1805	  12.19775	 -14.03021	  23.79698	  24.28974
 1806	  12.11121	 -13.98168	  23.78728	  24.28005
 1806	  12.11121	 -13.98168	  23.78728	  24.28005
 1805	  12.19775	 -14.03021	  23.79698	  24.28974
 1807	  12.19719	 -14.03488	  23.78918	  24.28194
 1808	  12.09254	 -13.90267	  23.80371	  24.29647
 1809	  12.10031	 -13.93403	  23.86581	  24.35856
 1810	  12.09661	 -13.91166	  23.80142	  24.29418
 1810	  12.09661	 -13.91166	  23.80142	  24.29418
 1809	  12.10031	 -13.93403	  23.86581	  24.35856
 1811	  12.10482	 -13.94407	  23.86533	  24.35807
 1812	  12.11668	 -13.77192	  23.98232	  24.47502
 1813	  12.11992	 -13.78796	  23.97825	  24.47096
 1814	  12.1152	 -13.77235	  23.9613	  24.45401
 1815	  12.13235	 -13.8068	  23.98751	  24.48021
 1816	  12.13426	 -13.79708	  23.99423	  24.48694
 1817	  12.22108	 -13.83956	  23.99587	  24.48857
 1817	  12.22108	 -13.83956	  23.99587	  24.48857
 1816	  12.13426	 -13.79708	  23.99423	  24.48694
 1818	  12.22189	 -13.83038	  24.00243	  24.49514
 1819	  12.10503	 -13.00928	  23.96728	  24.45999
 1820	  12.10382	 -13.0394	  23.95514	  24.44785
 1821	  12.09843	 -13.00095	  23.96371	  24.45642
 1821	  12.09843	 -13.00095	  23.96371	  24.45642
 1820	  12.10382	 -13.0394	  23.95514	  24.44785
 1822	  12.09554	 -13.03197	  23.94921	  24.44193
 1823	  12.10503	 -13.00928	  23.96728	  24.45999
 1824	  12.16825	 -13.11429	  23.98608	  24.47879
 1825	  12.10382	 -13.0394	  23.95514	  24.44785
 1825	  12.10382	 -13.0394	  23.95514	  24.44785
 1824	  12.16825	 -13.11429	  23.98608	  24.47879
 1826	  12.15693	 -13.13496	  23.96974	  24.46245
 1827	  12.10382	 -13.0394	  23.95514	  24.44785
 1828	  12.10511	 -13.49814	  23.91549	  24.40822
 1829	  12.09554	 -13.03197	  23.94921	  24.44193
 1829	  12.09554	 -13.03197	  23.94921	  24.44193
 1828	  12.10511	 -13.49814	  23.91549	  24.40822
 1830	  12.09495	 -13.50343	  23.91116	  24.40389
 1831	  12.0481	 -13.33516	  23.55216	  24.045
 1832	  12.04774	 -13.29791	  23.54179	  24.03464
 1833	  12.05606	 -13.32483	  23.55722	  24.05005
 1833	  12.05606	 -13.32483	  23.55722	  24.05005
 1832	  12.04774	 -13.29791	  23.54179	  24.03464
 1834	  12.05435	 -13.29258	  23.54661	  24.03945
 1835	  12.05435	 -13.29258	  23.54661	  24.03945
 1836	  12.12066	 -13.27817	  23.59986	  24.09269
 1837	  12.05606	 -13.32483	  23.55722	  24.05005
 1837	  12.05606	 -13.32483	  23.55722	  24.05005
 1836	  12.12066	 -13.27817	  23.59986	  24.09269
 1838	  12.1123	 -13.31722	  23.60509	  24.09791
 1839	  12.10877	 -13.45662	  23.82544	  24.3182
 1840	  12.19062	 -13.41996	  23.79405	  24.28681
 1841	  12.11077	 -13.44371	  23.83035	  24.3231
 1841	  12.11077	 -13.44371	  23.83035	  24.3231
 1840	  12.19062	 -13.41996	  23.79405	  24.28681
 1842	  12.1915	 -13.40708	  23.79892	  24.29169
 1843	  12.12917	 -13.59075	  23.97332	  24.46603
 1844	  12.13171	 -13.59624	  23.98088	  24.47359
 1845	  12.11656	 -13.61508	  23.96693	  24.45964
 1845	  12.11656	 -13.61508	  23.96693	  24.45964
 1844	  12.13171	 -13.59624	  23.98088	  24.47359
 1846	  12.11389	 -13.62822	  23.97294	  24.46565
 1847	  12.05606	 -13.32483	  23.55722	  24.05005
 1848	  12.08619	 -13.54059	  23.76395	  24.25673
 1849	  12.0481	 -13.33516	  23.55216	  24.045
 1849	  12.0481	 -13.33516	  23.55216	  24.045
 1848	  12.08619	 -13.54059	  23.76395	  24.25673
 1850	  12.07687	 -13.55221	  23.76558	  24.25835
 1851	  12.11509	 -14.39921	  23.98383	  24.47654
 1852	  12.11657	 -14.4413	  23.98101	  24.47372
 1853	  12.12148	 -14.40051	  23.97559	  24.4683
 1853	  12.12148	 -14.40051	  23.97559	  24.4683
 1852	  12.11657	 -14.4413	  23.98101	  24.47372
 1854	  12.12178	 -14.43905	  23.97465	  24.46736
 1855	  12.16485	 -14.34283	  23.9272	  24.41992
 1856	  12.12148	 -14.40051	  23.97559	  24.4683
 1857	  12.17359	 -14.37911	  23.91848	  24.41121
 1857	  12.17359	 -14.37911	  23.91848	  24.41121
 1856	  12.12148	 -14.40051	  23.97559	  24.4683
 1858	  12.12178	 -14.43905	  23.97465	  24.46736
 1859	  12.08314	 -13.66799	  23.7291	  24.22189
 1860	  12.08696	 -13.68511	  23.72955	  24.22233
 1861	  12.0981	 -13.68193	  23.7107	  24.20349
 1861	  12.0981	 -13.68193	  23.7107	  24.20349
 1860	  12.08696	 -13.68511	  23.72955	  24.22233
 1862	  12.09734	 -13.69546	  23.71541	  24.2082
 1863	  12.12148	 -14.40051	  23.97559	  24.4683
 1864	  12.10492	 -13.98357	  23.87207	  24.36481
 1865	  12.11509	 -14.39921	  23.98383	  24.47654
 1865	  12.11509	 -14.39921	  23.98383	  24.47654
 1864	  12.10492	 -13.98357	  23.87207	  24.36481
 1866	  12.09561	 -13.97375	  23.87563	  24.36837
 1867	  12.13694	 -13.68959	  24.21599	  24.70863
 1868	  12.14097	 -13.70761	  24.23516	  24.72779
 1869	  12.14424	 -13.70421	  24.21371	  24.70635
 1869	  12.14424	 -13.70421	  24.21371	  24.70635
 1868	  12.14097	 -13.70761	  24.23516	  24.72779
 1870	  12.14671	 -13.71784	  24.23182	  24.72446
 1871	  12.14671	 -13.71784	  24.23182	  24.72446
 1872	  12.20097	 -13.79472	  24.18299	  24.67564
 1873	  12.14424	 -13.70421	  24.21371	  24.70635
 1873	  12.14424	 -13.70421	  24.21371	  24.70635
 1872	  12.20097	 -13.79472	  24.18299	  24.67564
 1874	  12.18941	 -13.76882	  24.16881	  24.66146
 1875	  12.14424	 -13.70421	  24.21371	  24.70635
 1876	  12.11668	 -13.77192	  23.98232	  24.47502
 1877	  12.13694	 -13.68959	  24.21599	  24.70863
 1877	  12.13694	 -13.68959	  24.21599	  24.70863
 1876	  12.11668	 -13.77192	  23.98232	  24.47502
 1878	  12.10654	 -13.76397	  23.97918	  24.47189
 1879	  12.0647	 -14.17623	  23.55116	  24.04399
 1880	  12.06698	 -14.16604	  23.56986	  24.06269
 1881	  12.05895	 -14.1881	  23.55249	  24.04532
 1881	  12.05895	 -14.1881	  23.55249	  24.04532
 1880	  12.06698	 -14.16604	  23.56986	  24.06269
 1882	  12.06018	 -14.18016	  23.57356	  24.06639
 1883	  12.11067	 -13.97719	  23.79528	  24.28805
 1884	  12.11121	 -13.98168	  23.78728	  24.28005
 1885	  12.0983	 -13.94947	  23.79529	  24.28805
 1885	  12.0983	 -13.94947	  23.79529	  24.28805
 1884	  12.11121	 -13.98168	  23.78728	  24.28005
 1886	  12.09363	 -13.94572	  23.78714	  24.2799
 1887	  12.0647	 -14.17623	  23.55116	  24.04399
 1888	  12.12395	 -14.05988	  23.55809	  24.05092
 1889	  12.06698	 -14.16604	  23.56986	  24.06269
 1889	  12.06698	 -14.16604	  23.56986	  24.06269
 1888	  12.12395	 -14.05988	  23.55809	  24.05092
 1890	  12.11719	 -14.06373	  23.5788	  24.07163
 1891	  12.06698	 -14.16604	  23.56986	  24.06269
 1892	  12.08607	 -13.84059	  23.73712	  24.2299
 1893	  12.06018	 -14.18016	  23.57356	  24.06639
 1893	  12.06018	 -14.18016	  23.57356	  24.06639
 1892	  12.08607	 -13.84059	  23.73712	  24.2299
 1894	  12.07727	 -13.84288	  23.74362	  24.2364
 1895	  12.09829	 -13.81921	  23.72018	  24.21297
 1896	  12.09734	 -13.69546	  23.71541	  24.2082
 1897	  12.0892	 -13.82305	  23.73508	  24.22787
 1897	  12.0892	 -13.82305	  23.73508	  24.22787
 1896	  12.09734	 -13.69546	  23.71541	  24.2082
 1898	  12.08696	 -13.68511	  23.72955	  24.22233
 1899	  12.0892	 -13.82305	  23.73508	  24.22787
 1900	  12.08696	 -13.68511	  23.72955	  24.22233
 1901	  12.08913	 -13.81571	  23.75382	  24.2466
 1901	  12.08913	 -13.81571	  23.75382	  24.2466
 1900	  12.08696	 -13.68511	  23.72955	  24.22233
 1902	  12.08747	 -13.68466	  23.74965	  24.24242
 1903	  12.08913	 -13.81571	  23.75382	  24.2466
 1904	  12.08747	 -13.68466	  23.74965	  24.24242
 1905	  12.08531	 -13.81287	  23.7591	  24.25187
 1905	  12.08531	 -13.81287	  23.7591	  24.25187
 1904	  12.08747	 -13.68466	  23.74965	  24.24242
 1906	  12.0839	 -13.6856	  23.75496	  24.24774
 1907	  12.1094	 -13.8015	  23.79063	  24.2834
 1908	  12.08531	 -13.81287	  23.7591	  24.25187
 1909	  12.1072	 -13.68508	  23.78354	  24.27631
 1909	  12.1072	 -13.68508	  23.78354	  24.27631
 1908	  12.08531	 -13.81287	  23.7591	  24.25187
 1910	  12.0839	 -13.6856	  23.75496	  24.24774
 1911	  12.09566	 -13.47176	  23.84394	  24.33669
 1912	  12.09825	 -13.47843	  23.83563	  24.32838
 1913	  12.11077	 -13.44371	  23.83035	  24.3231
 1913	  12.11077	 -13.44371	  23.83035	  24.3231
 1912	  12.09825	 -13.47843	  23.83563	  24.32838
 1914	  12.10877	 -13.45662	  23.82544	  24.3182
 1915	  12.11773	 -14.00635	  23.85592	  24.34867
 1916	  12.11067	 -13.97719	  23.79528	  24.28805
 1917	  12.10731	 -13.98137	  23.8629	  24.35564
 1917	  12.10731	 -13.98137	  23.8629	  24.35564
 1916	  12.11067	 -13.97719	  23.79528	  24.28805
 1918	  12.0983	 -13.94947	  23.79529	  24.28805
 1919	  12.09661	 -13.91166	  23.80142	  24.29418
 1920	  12.10482	 -13.94407	  23.86533	  24.35807
 1921	  12.0983	 -13.94947	  23.79529	  24.28805
 1921	  12.0983	 -13.94947	  23.79529	  24.28805
 1920	  12.10482	 -13.94407	  23.86533	  24.35807
 1922	  12.10731	 -13.98137	  23.8629	  24.35564
 1923	  12.12018	 -13.86708	  23.86926	  24.362
 1924	  12.10031	 -13.93403	  23.86581	  24.35856
 1925	  12.11254	 -13.84474	  23.81145	  24.30421
 1925	  12.11254	 -13.84474	  23.81145	  24.30421
 1924	  12.10031	 -13.93403	  23.86581	  24.35856
 1926	  12.09254	 -13.90267	  23.80371	  24.29647
 1927	  12.13235	 -13.8068	  23.98751	  24.48021
 1928	  12.13034	 -13.91247	  23.95468	  24.4474
 1929	  12.11992	 -13.78796	  23.97825	  24.47096
 1929	  12.11992	 -13.78796	  23.97825	  24.47096
 1928	  12.13034	 -13.91247	  23.95468	  24.4474
 1930	  12.11659	 -13.90619	  23.942	  24.43472
 1931	  12.11992	 -13.78796	  23.97825	  24.47096
 1932	  12.11659	 -13.90619	  23.942	  24.43472
 1933	  12.1152	 -13.77235	  23.9613	  24.45401
 1933	  12.1152	 -13.77235	  23.9613	  24.45401
 1932	  12.11659	 -13.90619	  23.942	  24.43472
 1934	  12.11222	 -13.88335	  23.92593	  24.41866
 1935	  12.1152	 -13.77235	  23.9613	  24.45401
 1936	  12.11222	 -13.88335	  23.92593	  24.41866
 1937	  12.11013	 -13.76917	  23.95686	  24.44958
 1937	  12.11013	 -13.76917	  23.95686	  24.44958
 1936	  12.11222	 -13.88335	  23.92593	  24.41866
 1938	  12.10746	 -13.87703	  23.92255	  24.41528
 1939	  12.12589	 -13.73833	  23.92502	  24.41775
 1940	  12.11013	 -13.76917	  23.95686	  24.44958
 1941	  12.12336	 -13.84094	  23.89638	  24.38912
 1941	  12.12336	 -13.84094	  23.89638	  24.38912
 1940	  12.11013	 -13.76917	  23.95686	  24.44958
 1942	  12.10746	 -13.87703	  23.92255	  24.41528
 1943	  12.13034	 -13.91247	  23.95468	  24.4474
 1944	  12.13198	 -13.92872	  23.95427	  24.44698
 1945	  12.11659	 -13.90619	  23.942	  24.43472
 1945	  12.11659	 -13.90619	  23.942	  24.43472
 1944	  12.13198	 -13.92872	  23.95427	  24.44698
 1946	  12.11264	 -13.92114	  23.93783	  24.43056
 1947	  12.12196	 -13.49631	  23.93309	  24.42582
 1948	  12.12917	 -13.59075	  23.97332	  24.46603
 1949	  12.10962	 -13.51011	  23.92172	  24.41445
 1949	  12.10962	 -13.51011	  23.92172	  24.41445
 1948	  12.12917	 -13.59075	  23.97332	  24.46603
 1950	  12.11656	 -13.61508	  23.96693	  24.45964
 1951	  12.10962	 -13.51011	  23.92172	  24.41445
 1952	  12.11656	 -13.61508	  23.96693	  24.45964
 1953	  12.10593	 -13.53786	  23.90911	  24.40184
 1953	  12.10593	 -13.53786	  23.90911	  24.40184
 1952	  12.11656	 -13.61508	  23.96693	  24.45964
 1954	  12.11274	 -13.63886	  23.95112	  24.44384
 1955	  12.10593	 -13.53786	  23.90911	  24.40184
 1956	  12.11274	 -13.63886	  23.95112	  24.44384
 1957	  12.10121	 -13.54611	  23.90641	  24.39914
 1957	  12.10121	 -13.54611	  23.90641	  24.39914
 1956	  12.11274	 -13.63886	  23.95112	  24.44384
 1958	  12.10804	 -13.64412	  23.94725	  24.43997
 1959	  12.11864	 -13.59318	  23.88086	  24.3736
 1960	  12.10121	 -13.54611	  23.90641	  24.39914
 1961	  12.12471	 -13.67894	  23.92097	  24.4137
 1961	  12.12471	 -13.67894	  23.92097	  24.4137
 1960	  12.10121	 -13.54611	  23.90641	  24.39914
 1962	  12.10804	 -13.64412	  23.94725	  24.43997
 1963	  12.46534	 -12.74493	  23.53815	  24.03099
 1964	  12.49129	 -13.15121	  23.6549	  24.14771
 1965	  12.47575	 -12.66261	  23.62703	  24.11984
 1965	  12.47575	 -12.66261	  23.62703	  24.11984
 1964	  12.49129	 -13.15121	  23.6549	  24.14771
 1966	  12.49734	 -13.10341	  23.70651	  24.1993
 1963	  12.46534	 -12.74493	  23.53815	  24.03099
 1967	  12.48608	 -13.21611	  23.60823	  24.10105
 1964	  12.49129	 -13.15121	  23.6549	  24.14771
 1968	  12.50402	 -13.07417	  23.76148	  24.25425
 1965	  12.47575	 -12.66261	  23.62703	  24.11984
 1966	  12.49734	 -13.10341	  23.70651	  24.1993
 1969	  12.45636	 -12.8567	  23.45777	  23.95063
 1967	  12.48608	 -13.21611	  23.60823	  24.10105
 1963	  12.46534	 -12.74493	  23.53815	  24.03099
 1969	  12.45636	 -12.8567	  23.45777	  23.95063
 1970	  12.48185	 -13.29613	  23.56791	  24.06075
 1967	  12.48608	 -13.21611	  23.60823	  24.10105
 1971	  12.48726	 -12.61224	  23.7217	  24.21449
 1965	  12.47575	 -12.66261	  23.62703	  24.11984
 1968	  12.50402	 -13.07417	  23.76148	  24.25425
 1972	  12.51115	 -13.06436	  23.81815	  24.3109
 1971	  12.48726	 -12.61224	  23.7217	  24.21449
 1968	  12.50402	 -13.07417	  23.76148	  24.25425
 1973	  12.44907	 -12.99452	  23.38833	  23.88122
 1970	  12.48185	 -13.29613	  23.56791	  24.06075
 1969	  12.45636	 -12.8567	  23.45777	  23.95063
 1973	  12.44907	 -12.99452	  23.38833	  23.88122
 1974	  12.47873	 -13.38885	  23.53518	  24.02802
 1970	  12.48185	 -13.29613	  23.56791	  24.06075
 1975	  12.49953	 -12.59535	  23.8193	  24.31206
 1971	  12.48726	 -12.61224	  23.7217	  24.21449
 1972	  12.51115	 -13.06436	  23.81815	  24.3109
 1976	  12.5185	 -13.07429	  23.87479	  24.36753
 1975	  12.49953	 -12.59535	  23.8193	  24.31206
 1972	  12.51115	 -13.06436	  23.81815	  24.3109
 1977	  12.51219	 -12.61245	  23.91686	  24.40959
 1975	  12.49953	 -12.59535	  23.8193	  24.31206
 1976	  12.5185	 -13.07429	  23.87479	  24.36753
 1978	  12.4987	 -12.59345	  23.91979	  24.41252
 1975	  12.49953	 -12.59535	  23.8193	  24.31206
 1977	  12.51219	 -12.61245	  23.91686	  24.40959
 1979	  12.26947	 -12.58679	  23.83957	  24.33232
 1978	  12.4987	 -12.59345	  23.91979	  24.41252
 1980	  12.2823	 -12.60414	  23.9385	  24.43122
 1981	  12.48582	 -12.57604	  23.82052	  24.31327
 1975	  12.49953	 -12.59535	  23.8193	  24.31206
 1978	  12.4987	 -12.59345	  23.91979	  24.41252
 1981	  12.48582	 -12.57604	  23.82052	  24.31327
 1978	  12.4987	 -12.59345	  23.91979	  24.41252
 1979	  12.26947	 -12.58679	  23.83957	  24.33232
 1981	  12.48582	 -12.57604	  23.82052	  24.31327
 1971	  12.48726	 -12.61224	  23.7217	  24.21449
 1975	  12.49953	 -12.59535	  23.8193	  24.31206
 1982	  12.25702	 -12.60391	  23.7406	  24.23338
 1981	  12.48582	 -12.57604	  23.82052	  24.31327
 1979	  12.26947	 -12.58679	  23.83957	  24.33232
 1983	  12.47333	 -12.59322	  23.7212	  24.21398
 1971	  12.48726	 -12.61224	  23.7217	  24.21449
 1981	  12.48582	 -12.57604	  23.82052	  24.31327
 1983	  12.47333	 -12.59322	  23.7212	  24.21398
 1981	  12.48582	 -12.57604	  23.82052	  24.31327
 1982	  12.25702	 -12.60391	  23.7406	  24.23338
 1983	  12.47333	 -12.59322	  23.7212	  24.21398
 1965	  12.47575	 -12.66261	  23.62703	  24.11984
 1971	  12.48726	 -12.61224	  23.7217	  24.21449
 1984	  12.24535	 -12.65499	  23.6446	  24.13741
 1983	  12.47333	 -12.59322	  23.7212	  24.21398
 1982	  12.25702	 -12.60391	  23.7406	  24.23338
 1985	  12.46162	 -12.64448	  23.62485	  24.11766
 1965	  12.47575	 -12.66261	  23.62703	  24.11984
 1983	  12.47333	 -12.59322	  23.7212	  24.21398
 1985	  12.46162	 -12.64448	  23.62485	  24.11766
 1983	  12.47333	 -12.59322	  23.7212	  24.21398
 1984	  12.24535	 -12.65499	  23.6446	  24.13741
 1985	  12.46162	 -12.64448	  23.62485	  24.11766
 1963	  12.46534	 -12.74493	  23.53815	  24.03099
 1965	  12.47575	 -12.66261	  23.62703	  24.11984
 1986	  12.23479	 -12.73847	  23.55447	  24.04731
 1985	  12.46162	 -12.64448	  23.62485	  24.11766
 1984	  12.24535	 -12.65499	  23.6446	  24.13741
 1987	  12.45103	 -12.72825	  23.5344	  24.02724
 1963	  12.46534	 -12.74493	  23.53815	  24.03099
 1985	  12.46162	 -12.64448	  23.62485	  24.11766
 1987	  12.45103	 -12.72825	  23.5344	  24.02724
 1985	  12.46162	 -12.64448	  23.62485	  24.11766
 1986	  12.23479	 -12.73847	  23.55447	  24.04731
 1987	  12.45103	 -12.72825	  23.5344	  24.02724
 1969	  12.45636	 -12.8567	  23.45777	  23.95063
 1963	  12.46534	 -12.74493	  23.53815	  24.03099
 1988	  12.22568	 -12.8518	  23.47296	  23.96583
 1987	  12.45103	 -12.72825	  23.5344	  24.02724
 1986	  12.23479	 -12.73847	  23.55447	  24.04731
 1989	  12.44188	 -12.842	  23.45261	  23.94547
 1969	  12.45636	 -12.8567	  23.45777	  23.95063
 1987	  12.45103	 -12.72825	  23.5344	  24.02724
 1989	  12.44188	 -12.842	  23.45261	  23.94547
 1987	  12.45103	 -12.72825	  23.5344	  24.02724
 1988	  12.22568	 -12.8518	  23.47296	  23.96583
 1989	  12.44188	 -12.842	  23.45261	  23.94547
 1973	  12.44907	 -12.99452	  23.38833	  23.88122
 1969	  12.45636	 -12.8567	  23.45777	  23.95063
 1990	  12.2183	 -12.99156	  23.40255	  23.89543
 1989	  12.44188	 -12.842	  23.45261	  23.94547
 1988	  12.22568	 -12.8518	  23.47296	  23.96583
 1991	  12.43447	 -12.98225	  23.38194	  23.87483
 1989	  12.44188	 -12.842	  23.45261	  23.94547
 1990	  12.2183	 -12.99156	  23.40255	  23.89543
 1991	  12.43447	 -12.98225	  23.38194	  23.87483
 1973	  12.44907	 -12.99452	  23.38833	  23.88122
 1989	  12.44188	 -12.842	  23.45261	  23.94547
 1992	  12.21285	 -13.15349	  23.34538	  23.83827
 1991	  12.43447	 -12.98225	  23.38194	  23.87483
 1990	  12.2183	 -12.99156	  23.40255	  23.89543
 1991	  12.43447	 -12.98225	  23.38194	  23.87483
 1993	  12.4437	 -13.15421	  23.33194	  23.82485
 1973	  12.44907	 -12.99452	  23.38833	  23.88122
 1993	  12.4437	 -13.15421	  23.33194	  23.82485
 1974	  12.47873	 -13.38885	  23.53518	  24.02802
 1973	  12.44907	 -12.99452	  23.38833	  23.88122
 1993	  12.4437	 -13.15421	  23.33194	  23.82485
 1994	  12.47682	 -13.49145	  23.51101	  24.00386
 1974	  12.47873	 -13.38885	  23.53518	  24.02802
 1995	  12.429	 -13.14476	  23.32456	  23.81747
 1991	  12.43447	 -12.98225	  23.38194	  23.87483
 1992	  12.21285	 -13.15349	  23.34538	  23.83827
 1995	  12.429	 -13.14476	  23.32456	  23.81747
 1993	  12.4437	 -13.15421	  23.33194	  23.82485
 1991	  12.43447	 -12.98225	  23.38194	  23.87483
 1996	  12.20952	 -13.33268	  23.30317	  23.79608
 1995	  12.429	 -13.14476	  23.32456	  23.81747
 1992	  12.21285	 -13.15349	  23.34538	  23.83827
 1997	  12.44041	 -13.33092	  23.29032	  23.78324
 1994	  12.47682	 -13.49145	  23.51101	  24.00386
 1993	  12.4437	 -13.15421	  23.33194	  23.82485
 1995	  12.429	 -13.14476	  23.32456	  23.81747
 1997	  12.44041	 -13.33092	  23.29032	  23.78324
 1993	  12.4437	 -13.15421	  23.33194	  23.82485
 1997	  12.44041	 -13.33092	  23.29032	  23.78324
 1998	  12.47618	 -13.60081	  23.49615	  23.989
 1994	  12.47682	 -13.49145	  23.51101	  24.00386
 1999	  12.4393	 -13.51927	  23.26473	  23.75765
 1998	  12.47618	 -13.60081	  23.49615	  23.989
 1997	  12.44041	 -13.33092	  23.29032	  23.78324
 2000	  12.42566	 -13.32458	  23.28221	  23.77512
 1995	  12.429	 -13.14476	  23.32456	  23.81747
 1996	  12.20952	 -13.33268	  23.30317	  23.79608
 2000	  12.42566	 -13.32458	  23.28221	  23.77512
 1997	  12.44041	 -13.33092	  23.29032	  23.78324
 1995	  12.429	 -13.14476	  23.32456	  23.81747
 2000	  12.42566	 -13.32458	  23.28221	  23.77512
 1999	  12.4393	 -13.51927	  23.26473	  23.75765
 1997	  12.44041	 -13.33092	  23.29032	  23.78324
 2001	  12.20839	 -13.52367	  23.27722	  23.77014
 2000	  12.42566	 -13.32458	  23.28221	  23.77512
 1996	  12.20952	 -13.33268	  23.30317	  23.79608
 2002	  12.42453	 -13.51625	  23.25616	  23.74909
 1999	  12.4393	 -13.51927	  23.26473	  23.75765
 2000	  12.42566	 -13.32458	  23.28221	  23.77512
 2002	  12.42453	 -13.51625	  23.25616	  23.74909
 2000	  12.42566	 -13.32458	  23.28221	  23.77512
 2001	  12.20839	 -13.52367	  23.27722	  23.77014
 2003	  12.56802	 -13.1553	  24.30523	  24.79784
 2004	  12.55091	 -13.38948	  24.10028	  24.59296
 2005	  12.57531	 -13.3321	  24.3464	  24.839
 2005	  12.57531	 -13.3321	  24.3464	  24.839
 2004	  12.55091	 -13.38948	  24.10028	  24.59296
 2006	  12.55514	 -13.49213	  24.12419	  24.61685
 2003	  12.56802	 -13.1553	  24.30523	  24.79784
 2007	  12.5457	 -13.29669	  24.06778	  24.56046
 2004	  12.55091	 -13.38948	  24.10028	  24.59296
 2008	  12.55826	 -13.60152	  24.13877	  24.63143
 2005	  12.57531	 -13.3321	  24.3464	  24.839
 2006	  12.55514	 -13.49213	  24.12419	  24.61685
 2009	  12.55904	 -12.99548	  24.24925	  24.74188
 2007	  12.5457	 -13.29669	  24.06778	  24.56046
 2003	  12.56802	 -13.1553	  24.30523	  24.79784
 2009	  12.55904	 -12.99548	  24.24925	  24.74188
 2010	  12.53966	 -13.21658	  24.02767	  24.52036
 2007	  12.5457	 -13.29669	  24.06778	  24.56046
 2011	  12.58068	 -13.5205	  24.37151	  24.8641
 2005	  12.57531	 -13.3321	  24.3464	  24.839
 2008	  12.55826	 -13.60152	  24.13877	  24.63143
 2012	  12.56017	 -13.71434	  24.14358	  24.63624
 2011	  12.58068	 -13.5205	  24.37151	  24.8641
 2008	  12.55826	 -13.60152	  24.13877	  24.63143
 2013	  12.54863	 -12.8575	  24.18017	  24.67282
 2010	  12.53966	 -13.21658	  24.02767	  24.52036
 2009	  12.55904	 -12.99548	  24.24925	  24.74188
 2013	  12.54863	 -12.8575	  24.18017	  24.67282
 2014	  12.53297	 -13.15158	  23.98117	  24.47388
 2010	  12.53966	 -13.21658	  24.02767	  24.52036
 2015	  12.58396	 -13.7148	  24.3798	  24.87239
 2011	  12.58068	 -13.5205	  24.37151	  24.8641
 2012	  12.56017	 -13.71434	  24.14358	  24.63624
 2016	  12.56081	 -13.82714	  24.13848	  24.63114
 2015	  12.58396	 -13.7148	  24.3798	  24.87239
 2012	  12.56017	 -13.71434	  24.14358	  24.63624
 2017	  12.58507	 -13.90907	  24.37101	  24.8636
 2015	  12.58396	 -13.7148	  24.3798	  24.87239
 2016	  12.56081	 -13.82714	  24.13848	  24.63114
 2018	  12.57287	 -13.91292	  24.38195	  24.87454
 2015	  12.58396	 -13.7148	  24.3798	  24.87239
 2017	  12.58507	 -13.90907	  24.37101	  24.8636
 2019	  12.35508	 -13.72194	  24.40792	  24.90051
 2018	  12.57287	 -13.91292	  24.38195	  24.87454
 2020	  12.3562	 -13.91894	  24.39902	  24.8916
 2021	  12.57174	 -13.71523	  24.39089	  24.88348
 2015	  12.58396	 -13.7148	  24.3798	  24.87239
 2018	  12.57287	 -13.91292	  24.38195	  24.87454
 2021	  12.57174	 -13.71523	  24.39089	  24.88348
 2018	  12.57287	 -13.91292	  24.38195	  24.87454
 2019	  12.35508	 -13.72194	  24.40792	  24.90051
 2021	  12.57174	 -13.71523	  24.39089	  24.88348
 2011	  12.58068	 -13.5205	  24.37151	  24.8641
 2015	  12.58396	 -13.7148	  24.3798	  24.87239
 2022	  12.35175	 -13.52492	  24.39952	  24.89211
 2021	  12.57174	 -13.71523	  24.39089	  24.88348
 2019	  12.35508	 -13.72194	  24.40792	  24.90051
 2023	  12.5684	 -13.51751	  24.38246	  24.87505
 2011	  12.58068	 -13.5205	  24.37151	  24.8641
 2021	  12.57174	 -13.71523	  24.39089	  24.88348
 2023	  12.5684	 -13.51751	  24.38246	  24.87505
 2021	  12.57174	 -13.71523	  24.39089	  24.88348
 2022	  12.35175	 -13.52492	  24.39952	  24.89211
 2023	  12.5684	 -13.51751	  24.38246	  24.87505
 2005	  12.57531	 -13.3321	  24.3464	  24.839
 2011	  12.58068	 -13.5205	  24.37151	  24.8641
 2024	  12.3463	 -13.33387	  24.37406	  24.86665
 2023	  12.5684	 -13.51751	  24.38246	  24.87505
 2022	  12.35175	 -13.52492	  24.39952	  24.89211
 2025	  12.56293	 -13.32578	  24.35691	  24.8495
 2005	  12.57531	 -13.3321	  24.3464	  24.839
 2023	  12.5684	 -13.51751	  24.38246	  24.87505
 2025	  12.56293	 -13.32578	  24.35691	  24.8495
 2023	  12.5684	 -13.51751	  24.38246	  24.87505
 2024	  12.3463	 -13.33387	  24.37406	  24.86665
 2025	  12.56293	 -13.32578	  24.35691	  24.8495
 2003	  12.56802	 -13.1553	  24.30523	  24.79784
 2005	  12.57531	 -13.3321	  24.3464	  24.839
 2026	  12.33891	 -13.1546	  24.33231	  24.82491
 2025	  12.56293	 -13.32578	  24.35691	  24.8495
 2024	  12.3463	 -13.33387	  24.37406	  24.86665
 2027	  12.55552	 -13.14586	  24.31501	  24.80762
 2003	  12.56802	 -13.1553	  24.30523	  24.79784
 2025	  12.56293	 -13.32578	  24.35691	  24.8495
 2027	  12.55552	 -13.14586	  24.31501	  24.80762
 2025	  12.56293	 -13.32578	  24.35691	  24.8495
 2026	  12.33891	 -13.1546	  24.33231	  24.82491
 2027	  12.55552	 -13.14586	  24.31501	  24.80762
 2009	  12.55904	 -12.99548	  24.24925	  24.74188
 2003	  12.56802	 -13.1553	  24.30523	  24.79784
 2028	  12.3298	 -12.99254	  24.27555	  24.76817
 2027	  12.55552	 -13.14586	  24.31501	  24.80762
 2026	  12.33891	 -13.1546	  24.33231	  24.82491
 2029	  12.54637	 -12.98323	  24.25805	  24.75067
 2009	  12.55904	 -12.99548	  24.24925	  24.74188
 2027	  12.55552	 -13.14586	  24.31501	  24.80762
 2029	  12.54637	 -12.98323	  24.25805	  24.75067
 2027	  12.55552	 -13.14586	  24.31501	  24.80762
 2028	  12.3298	 -12.99254	  24.27555	  24.76817
 2029	  12.54637	 -12.98323	  24.25805	  24.75067
 2013	  12.54863	 -12.8575	  24.18017	  24.67282
 2009	  12.55904	 -12.99548	  24.24925	  24.74188
 2030	  12.31925	 -12.85262	  24.2055	  24.69814
 2029	  12.54637	 -12.98323	  24.25805	  24.75067
 2028	  12.3298	 -12.99254	  24.27555	  24.76817
 2031	  12.53578	 -12.84282	  24.18774	  24.68039
 2029	  12.54637	 -12.98323	  24.25805	  24.75067
 2030	  12.31925	 -12.85262	  24.2055	  24.69814
 2031	  12.53578	 -12.84282	  24.18774	  24.68039
 2013	  12.54863	 -12.8575	  24.18017	  24.67282
 2029	  12.54637	 -12.98323	  24.25805	  24.75067
 2032	  12.30758	 -12.7391	  24.12428	  24.61695
 2031	  12.53578	 -12.84282	  24.18774	  24.68039
 2030	  12.31925	 -12.85262	  24.2055	  24.69814
 2031	  12.53578	 -12.84282	  24.18774	  24.68039
 2033	  12.53712	 -12.74555	  24.10007	  24.59275
 2013	  12.54863	 -12.8575	  24.18017	  24.67282
 2033	  12.53712	 -12.74555	  24.10007	  24.59275
 2014	  12.53297	 -13.15158	  23.98117	  24.47388
 2013	  12.54863	 -12.8575	  24.18017	  24.67282
 2033	  12.53712	 -12.74555	  24.10007	  24.59275
 2034	  12.52584	 -13.10366	  23.92969	  24.42241
 2014	  12.53297	 -13.15158	  23.98117	  24.47388
 2035	  12.52407	 -12.72889	  24.10624	  24.59891
 2031	  12.53578	 -12.84282	  24.18774	  24.68039
 2032	  12.30758	 -12.7391	  24.12428	  24.61695
 2035	  12.52407	 -12.72889	  24.10624	  24.59891
 2033	  12.53712	 -12.74555	  24.10007	  24.59275
 2031	  12.53578	 -12.84282	  24.18774	  24.68039
 2036	  12.29513	 -12.65543	  24.03437	  24.52706
 2035	  12.52407	 -12.72889	  24.10624	  24.59891
 2032	  12.30758	 -12.7391	  24.12428	  24.61695
 2037	  12.52484	 -12.66304	  24.01141	  24.50411
 2034	  12.52584	 -13.10366	  23.92969	  24.42241
 2033	  12.53712	 -12.74555	  24.10007	  24.59275
 2035	  12.52407	 -12.72889	  24.10624	  24.59891
 2037	  12.52484	 -12.66304	  24.01141	  24.50411
 2033	  12.53712	 -12.74555	  24.10007	  24.59275
 2037	  12.52484	 -12.66304	  24.01141	  24.50411
 2038	  12.5185	 -13.07429	  23.87479	  24.36753
 2034	  12.52584	 -13.10366	  23.92969	  24.42241
 2039	  12.51219	 -12.61245	  23.91686	  24.40959
 2038	  12.5185	 -13.07429	  23.87479	  24.36753
 2037	  12.52484	 -12.66304	  24.01141	  24.50411
 2040	  12.51158	 -12.64492	  24.01601	  24.50871
 2035	  12.52407	 -12.72889	  24.10624	  24.59891
 2036	  12.29513	 -12.65543	  24.03437	  24.52706
 2040	  12.51158	 -12.64492	  24.01601	  24.50871
 2037	  12.52484	 -12.66304	  24.01141	  24.50411
 2035	  12.52407	 -12.72889	  24.10624	  24.59891
 2040	  12.51158	 -12.64492	  24.01601	  24.50871
 2039	  12.51219	 -12.61245	  23.91686	  24.40959
 2037	  12.52484	 -12.66304	  24.01141	  24.50411
 2041	  12.2823	 -12.60414	  23.9385	  24.43122
 2040	  12.51158	 -12.64492	  24.01601	  24.50871
 2036	  12.29513	 -12.65543	  24.03437	  24.52706
 2042	  12.4987	 -12.59345	  23.91979	  24.41252
 2039	  12.51219	 -12.61245	  23.91686	  24.40959
 2040	  12.51158	 -12.64492	  24.01601	  24.50871
 2042	  12.4987	 -12.59345	  23.91979	  24.41252
 2040	  12.51158	 -12.64492	  24.01601	  24.50871
 2041	  12.2823	 -12.60414	  23.9385	  24.43122
 2043	  12.45636	 -14.27303	  23.33051	  23.82341
 2044	  12.48608	 -14.03846	  23.53434	  24.02719
 2045	  12.44907	 -14.09623	  23.28934	  23.78226
 2045	  12.44907	 -14.09623	  23.28934	  23.78226
 2044	  12.48608	 -14.03846	  23.53434	  24.02719
 2046	  12.48185	 -13.93581	  23.51044	  24.00329
 2043	  12.45636	 -14.27303	  23.33051	  23.82341
 2047	  12.49129	 -14.13125	  23.56684	  24.05968
 2044	  12.48608	 -14.03846	  23.53434	  24.02719
 2048	  12.47873	 -13.82642	  23.49586	  23.98871
 2045	  12.44907	 -14.09623	  23.28934	  23.78226
 2046	  12.48185	 -13.93581	  23.51044	  24.00329
 2049	  12.46534	 -14.43284	  23.38648	  23.87937
 2047	  12.49129	 -14.13125	  23.56684	  24.05968
 2043	  12.45636	 -14.27303	  23.33051	  23.82341
 2049	  12.46534	 -14.43284	  23.38648	  23.87937
 2050	  12.49734	 -14.21136	  23.60695	  24.09978
 2047	  12.49129	 -14.13125	  23.56684	  24.05968
 2051	  12.4437	 -13.90783	  23.26423	  23.75715
 2045	  12.44907	 -14.09623	  23.28934	  23.78226
 2048	  12.47873	 -13.82642	  23.49586	  23.98871
 2052	  12.47682	 -13.71361	  23.49105	  23.9839
 2051	  12.4437	 -13.90783	  23.26423	  23.75715
 2048	  12.47873	 -13.82642	  23.49586	  23.98871
 2053	  12.47575	 -14.57082	  23.45557	  23.94843
 2050	  12.49734	 -14.21136	  23.60695	  24.09978
 2049	  12.46534	 -14.43284	  23.38648	  23.87937
 2053	  12.47575	 -14.57082	  23.45557	  23.94843
 2054	  12.50402	 -14.27636	  23.65346	  24.14627
 2050	  12.49734	 -14.21136	  23.60695	  24.09978
 2055	  12.44041	 -13.71354	  23.25594	  23.74887
 2051	  12.4437	 -13.90783	  23.26423	  23.75715
 2052	  12.47682	 -13.71361	  23.49105	  23.9839
 2056	  12.47618	 -13.60081	  23.49615	  23.989
 2055	  12.44041	 -13.71354	  23.25594	  23.74887
 2052	  12.47682	 -13.71361	  23.49105	  23.9839
 2057	  12.4393	 -13.51927	  23.26473	  23.75765
 2055	  12.44041	 -13.71354	  23.25594	  23.74887
 2056	  12.47618	 -13.60081	  23.49615	  23.989
 2058	  12.42453	 -13.51625	  23.25616	  23.74909
 2055	  12.44041	 -13.71354	  23.25594	  23.74887
 2057	  12.4393	 -13.51927	  23.26473	  23.75765
 2059	  12.20952	 -13.72066	  23.26831	  23.76123
 2058	  12.42453	 -13.51625	  23.25616	  23.74909
 2060	  12.20839	 -13.52367	  23.27722	  23.77014
 2061	  12.42566	 -13.71395	  23.24722	  23.74015
 2055	  12.44041	 -13.71354	  23.25594	  23.74887
 2058	  12.42453	 -13.51625	  23.25616	  23.74909
 2061	  12.42566	 -13.71395	  23.24722	  23.74015
 2058	  12.42453	 -13.51625	  23.25616	  23.74909
 2059	  12.20952	 -13.72066	  23.26831	  23.76123
 2061	  12.42566	 -13.71395	  23.24722	  23.74015
 2051	  12.4437	 -13.90783	  23.26423	  23.75715
 2055	  12.44041	 -13.71354	  23.25594	  23.74887
 2062	  12.21285	 -13.91768	  23.27671	  23.76963
 2061	  12.42566	 -13.71395	  23.24722	  23.74015
 2059	  12.20952	 -13.72066	  23.26831	  23.76123
 2063	  12.429	 -13.91166	  23.25565	  23.74858
 2051	  12.4437	 -13.90783	  23.26423	  23.75715
 2061	  12.42566	 -13.71395	  23.24722	  23.74015
 2063	  12.429	 -13.91166	  23.25565	  23.74858
 2061	  12.42566	 -13.71395	  23.24722	  23.74015
 2062	  12.21285	 -13.91768	  23.27671	  23.76963
 2063	  12.429	 -13.91166	  23.25565	  23.74858
 2045	  12.44907	 -14.09623	  23.28934	  23.78226
 2051	  12.4437	 -13.90783	  23.26423	  23.75715
 2064	  12.21829	 -14.10872	  23.30217	  23.79509
 2063	  12.429	 -13.91166	  23.25565	  23.74858
 2062	  12.21285	 -13.91768	  23.27671	  23.76963
 2065	  12.43447	 -14.10339	  23.28121	  23.77413
 2045	  12.44907	 -14.09623	  23.28934	  23.78226
 2063	  12.429	 -13.91166	  23.25565	  23.74858
 2065	  12.43447	 -14.10339	  23.28121	  23.77413
 2063	  12.429	 -13.91166	  23.25565	  23.74858
 2064	  12.21829	 -14.10872	  23.30217	  23.79509
 2065	  12.43447	 -14.10339	  23.28121	  23.77413
 2043	  12.45636	 -14.27303	  23.33051	  23.82341
 2045	  12.44907	 -14.09623	  23.28934	  23.78226
 2066	  12.22568	 -14.288	  23.34392	  23.83682
 2065	  12.43447	 -14.10339	  23.28121	  23.77413
 2064	  12.21829	 -14.10872	  23.30217	  23.79509
 2067	  12.44188	 -14.2833	  23.3231	  23.81601
 2043	  12.45636	 -14.27303	  23.33051	  23.82341
 2065	  12.43447	 -14.10339	  23.28121	  23.77413
 2067	  12.44188	 -14.2833	  23.3231	  23.81601
 2065	  12.43447	 -14.10339	  23.28121	  23.77413
 2066	  12.22568	 -14.288	  23.34392	  23.83682
 2067	  12.44188	 -14.2833	  23.3231	  23.81601
 2049	  12.46534	 -14.43284	  23.38648	  23.87937
 2043	  12.45636	 -14.27303	  23.33051	  23.82341
 2068	  12.23479	 -14.45006	  23.40068	  23.89356
 2067	  12.44188	 -14.2833	  23.3231	  23.81601
 2066	  12.22568	 -14.288	  23.34392	  23.83682
 2069	  12.45103	 -14.44593	  23.38007	  23.87296
 2049	  12.46534	 -14.43284	  23.38648	  23.87937
 2067	  12.44188	 -14.2833	  23.3231	  23.81601
 2069	  12.45103	 -14.44593	  23.38007	  23.87296
 2067	  12.44188	 -14.2833	  23.3231	  23.81601
 2068	  12.23479	 -14.45006	  23.40068	  23.89356
 2069	  12.45103	 -14.44593	  23.38007	  23.87296
 2053	  12.47575	 -14.57082	  23.45557	  23.94843
 2049	  12.46534	 -14.43284	  23.38648	  23.87937
 2070	  12.24535	 -14.58997	  23.47074	  23.9636
 2069	  12.45103	 -14.44593	  23.38007	  23.87296
 2068	  12.23479	 -14.45006	  23.40068	  23.89356
 2071	  12.46161	 -14.58635	  23.45037	  23.94324
 2069	  12.45103	 -14.44593	  23.38007	  23.87296
 2070	  12.24535	 -14.58997	  23.47074	  23.9636
 2071	  12.46161	 -14.58635	  23.45037	  23.94324
 2053	  12.47575	 -14.57082	  23.45557	  23.94843
 2069	  12.45103	 -14.44593	  23.38007	  23.87296
 2072	  12.25702	 -14.70349	  23.55195	  24.04479
 2071	  12.46161	 -14.58635	  23.45037	  23.94324
 2070	  12.24535	 -14.58997	  23.47074	  23.9636
 2071	  12.46161	 -14.58635	  23.45037	  23.94324
 2073	  12.48726	 -14.68277	  23.53566	  24.02851
 2053	  12.47575	 -14.57082	  23.45557	  23.94843
 2073	  12.48726	 -14.68277	  23.53566	  24.02851
 2054	  12.50402	 -14.27636	  23.65346	  24.14627
 2053	  12.47575	 -14.57082	  23.45557	  23.94843
 2073	  12.48726	 -14.68277	  23.53566	  24.02851
 2074	  12.51115	 -14.32427	  23.70494	  24.19773
 2054	  12.50402	 -14.27636	  23.65346	  24.14627
 2075	  12.47333	 -14.70027	  23.53187	  24.02472
 2071	  12.46161	 -14.58635	  23.45037	  23.94324
