 5369	  7.67299	 -15.9127	  33.99442	  34.48412
 5370	  7.6044	 -16.1401	  33.99989	  34.48959
 5371	  7.6033	 -16.13249	  33.97829	  34.46799
 5372	  7.60406	 -16.08876	  33.98217	  34.47186
 5370	  7.6044	 -16.1401	  33.99989	  34.48959
 5372	  7.60406	 -16.08876	  33.98217	  34.47186
 5373	  7.60517	 -16.09639	  34.00382	  34.49352
 5374	  7.6033	 -16.13249	  33.97829	  34.46799
 5375	  7.61604	 -16.13234	  33.97785	  34.46755
 5376	  7.61683	 -16.08861	  33.98174	  34.47143
 5374	  7.6033	 -16.13249	  33.97829	  34.46799
 5376	  7.61683	 -16.08861	  33.98174	  34.47143
 5377	  7.60406	 -16.08876	  33.98217	  34.47186
 5378	  7.61604	 -16.13234	  33.97785	  34.46755
 5379	  7.61714	 -16.13995	  33.99946	  34.48915
 5380	  7.61794	 -16.09624	  34.00338	  34.49307
 5378	  7.61604	 -16.13234	  33.97785	  34.46755
 5380	  7.61794	 -16.09624	  34.00338	  34.49307
 5381	  7.61683	 -16.08861	  33.98174	  34.47143
 5382	  7.61714	 -16.13995	  33.99946	  34.48915
 5383	  7.6044	 -16.1401	  33.99989	  34.48959
 5384	  7.60517	 -16.09639	  34.00382	  34.49352
 5382	  7.61714	 -16.13995	  33.99946	  34.48915
 5384	  7.60517	 -16.09639	  34.00382	  34.49352
 5385	  7.61794	 -16.09624	  34.00338	  34.49307
 5386	  6.93616	 -16.08422	  33.96928	  34.45898
 5387	  6.9338	 -16.09183	  33.99087	  34.48057
 5388	  6.92845	 -16.04804	  33.99458	  34.48428
 5386	  6.93616	 -16.08422	  33.96928	  34.45898
 5388	  6.92845	 -16.04804	  33.99458	  34.48428
 5389	  6.93085	 -16.04031	  33.97265	  34.46235
 5390	  6.93085	 -16.04031	  33.97265	  34.46235
 5391	  6.92845	 -16.04804	  33.99458	  34.48428
 5392	  6.91414	 -16.00413	  33.99792	  34.48762
 5390	  6.93085	 -16.04031	  33.97265	  34.46235
 5392	  6.91414	 -16.00413	  33.99792	  34.48762
 5393	  6.91664	 -15.99607	  33.97507	  34.46478
 5394	  6.9338	 -16.09183	  33.99087	  34.48057
 5395	  6.92107	 -16.0915	  33.98994	  34.47964
 5396	  6.91552	 -16.04771	  33.99364	  34.48333
 5394	  6.9338	 -16.09183	  33.99087	  34.48057
 5396	  6.91552	 -16.04771	  33.99364	  34.48333
 5397	  6.92845	 -16.04804	  33.99458	  34.48428
 5398	  6.92845	 -16.04804	  33.99458	  34.48428
 5399	  6.91552	 -16.04771	  33.99364	  34.48333
 5400	  6.90067	 -16.00378	  33.99694	  34.48663
 5398	  6.92845	 -16.04804	  33.99458	  34.48428
 5400	  6.90067	 -16.00378	  33.99694	  34.48663
 5401	  6.91414	 -16.00413	  33.99792	  34.48762
 5402	  6.92107	 -16.0915	  33.98994	  34.47964
 5403	  6.92343	 -16.0839	  33.96835	  34.45806
 5404	  6.91791	 -16.03999	  33.97171	  34.46141
 5402	  6.92107	 -16.0915	  33.98994	  34.47964
 5404	  6.91791	 -16.03999	  33.97171	  34.46141
 5405	  6.91552	 -16.04771	  33.99364	  34.48333
 5406	  6.91552	 -16.04771	  33.99364	  34.48333
 5407	  6.91791	 -16.03999	  33.97171	  34.46141
 5408	  6.90316	 -15.99573	  33.97409	  34.46379
 5406	  6.91552	 -16.04771	  33.99364	  34.48333
 5408	  6.90316	 -15.99573	  33.97409	  34.46379
 5409	  6.90067	 -16.00378	  33.99694	  34.48663
 5410	  6.92343	 -16.0839	  33.96835	  34.45806
 5411	  6.93616	 -16.08422	  33.96928	  34.45898
 5412	  6.93085	 -16.04031	  33.97265	  34.46235
 5410	  6.92343	 -16.0839	  33.96835	  34.45806
 5412	  6.93085	 -16.04031	  33.97265	  34.46235
 5413	  6.91791	 -16.03999	  33.97171	  34.46141
 5414	  6.91791	 -16.03999	  33.97171	  34.46141
 5415	  6.93085	 -16.04031	  33.97265	  34.46235
 5416	  6.91664	 -15.99607	  33.97507	  34.46478
 5414	  6.91791	 -16.03999	  33.97171	  34.46141
 5416	  6.91664	 -15.99607	  33.97507	  34.46478
 5417	  6.90316	 -15.99573	  33.97409	  34.46379
 5418	  6.86737	 -15.9071	  33.97852	  34.46822
 5419	  6.86483	 -15.91553	  34.00246	  34.49215
 5420	  6.84962	 -15.91513	  34.00132	  34.49101
 5418	  6.86737	 -15.9071	  33.97852	  34.46822
 5420	  6.84962	 -15.91513	  34.00132	  34.49101
 5421	  6.85215	 -15.9067	  33.97739	  34.46709
 5422	  6.93692	 -16.12796	  33.96544	  34.45515
 5423	  6.93456	 -16.13555	  33.98698	  34.47667
 5424	  6.9338	 -16.09183	  33.99087	  34.48057
 5422	  6.93692	 -16.12796	  33.96544	  34.45515
 5424	  6.9338	 -16.09183	  33.99087	  34.48057
 5425	  6.93616	 -16.08422	  33.96928	  34.45898
 5426	  6.93456	 -16.13555	  33.98698	  34.47667
 5427	  6.92186	 -16.13522	  33.98605	  34.47574
 5428	  6.92107	 -16.0915	  33.98994	  34.47964
 5426	  6.93456	 -16.13555	  33.98698	  34.47667
 5428	  6.92107	 -16.0915	  33.98994	  34.47964
 5429	  6.9338	 -16.09183	  33.99087	  34.48057
 5430	  6.92186	 -16.13522	  33.98605	  34.47574
 5431	  6.92421	 -16.12764	  33.96451	  34.45422
 5432	  6.92343	 -16.0839	  33.96835	  34.45806
 5430	  6.92186	 -16.13522	  33.98605	  34.47574
 5432	  6.92343	 -16.0839	  33.96835	  34.45806
 5433	  6.92107	 -16.0915	  33.98994	  34.47964
 5434	  6.92421	 -16.12764	  33.96451	  34.45422
 5435	  6.93692	 -16.12796	  33.96544	  34.45515
 5436	  6.93616	 -16.08422	  33.96928	  34.45898
 5434	  6.92421	 -16.12764	  33.96451	  34.45422
 5436	  6.93616	 -16.08422	  33.96928	  34.45898
 5437	  6.92343	 -16.0839	  33.96835	  34.45806
 5438	  6.86737	 -15.9071	  33.97852	  34.46822
 5439	  6.91664	 -15.99607	  33.97507	  34.46478
 5440	  6.91414	 -16.00413	  33.99792	  34.48762
 5438	  6.86737	 -15.9071	  33.97852	  34.46822
 5440	  6.91414	 -16.00413	  33.99792	  34.48762
 5441	  6.86483	 -15.91553	  34.00246	  34.49215
 5442	  6.86483	 -15.91553	  34.00246	  34.49215
 5443	  6.91414	 -16.00413	  33.99792	  34.48762
 5444	  6.90067	 -16.00378	  33.99694	  34.48663
 5442	  6.86483	 -15.91553	  34.00246	  34.49215
 5444	  6.90067	 -16.00378	  33.99694	  34.48663
 5445	  6.84962	 -15.91513	  34.00132	  34.49101
 5446	  6.84962	 -15.91513	  34.00132	  34.49101
 5447	  6.90067	 -16.00378	  33.99694	  34.48663
 5448	  6.90316	 -15.99573	  33.97409	  34.46379
 5446	  6.84962	 -15.91513	  34.00132	  34.49101
 5448	  6.90316	 -15.99573	  33.97409	  34.46379
 5449	  6.85215	 -15.9067	  33.97739	  34.46709
 5450	  6.85215	 -15.9067	  33.97739	  34.46709
 5451	  6.90316	 -15.99573	  33.97409	  34.46379
 5452	  6.91664	 -15.99607	  33.97507	  34.46478
 5450	  6.85215	 -15.9067	  33.97739	  34.46709
 5452	  6.91664	 -15.99607	  33.97507	  34.46478
 5453	  6.86737	 -15.9071	  33.97852	  34.46822
 5454	  7.6024	 -16.10902	  34.03967	  34.52935
 5455	  7.60476	 -16.10142	  34.01809	  34.50777
 5456	  7.6101	 -16.05779	  34.02223	  34.51192
 5454	  7.6024	 -16.10902	  34.03967	  34.52935
 5456	  7.6101	 -16.05779	  34.02223	  34.51192
 5457	  7.60771	 -16.06551	  34.04416	  34.53384
 5458	  7.60476	 -16.10142	  34.01809	  34.50777
 5459	  7.61749	 -16.10175	  34.01901	  34.5087
 5460	  7.62304	 -16.05812	  34.02318	  34.51286
 5458	  7.60476	 -16.10142	  34.01809	  34.50777
 5460	  7.62304	 -16.05812	  34.02318	  34.51286
 5461	  7.6101	 -16.05779	  34.02223	  34.51192
 5462	  7.61749	 -16.10175	  34.01901	  34.5087
 5463	  7.61513	 -16.10935	  34.0406	  34.53028
 5464	  7.62064	 -16.06584	  34.0451	  34.53478
 5462	  7.61749	 -16.10175	  34.01901	  34.5087
 5464	  7.62064	 -16.06584	  34.0451	  34.53478
 5465	  7.62304	 -16.05812	  34.02318	  34.51286
 5466	  7.61513	 -16.10935	  34.0406	  34.53028
 5467	  7.6024	 -16.10902	  34.03967	  34.52935
 5468	  7.60771	 -16.06551	  34.04416	  34.53384
 5466	  7.61513	 -16.10935	  34.0406	  34.53028
 5468	  7.60771	 -16.06551	  34.04416	  34.53384
 5469	  7.62064	 -16.06584	  34.0451	  34.53478
 5470	  7.60771	 -16.06551	  34.04416	  34.53384
 5471	  7.6101	 -16.05779	  34.02223	  34.51192
 5472	  7.62441	 -16.01428	  34.02674	  34.51643
 5470	  7.60771	 -16.06551	  34.04416	  34.53384
 5472	  7.62441	 -16.01428	  34.02674	  34.51643
 5473	  7.62192	 -16.02233	  34.04959	  34.53927
 5474	  7.6101	 -16.05779	  34.02223	  34.51192
 5475	  7.62304	 -16.05812	  34.02318	  34.51286
 5476	  7.63789	 -16.01463	  34.02773	  34.51741
 5474	  7.6101	 -16.05779	  34.02223	  34.51192
 5476	  7.63789	 -16.01463	  34.02773	  34.51741
 5477	  7.62441	 -16.01428	  34.02674	  34.51643
 5478	  7.62304	 -16.05812	  34.02318	  34.51286
 5479	  7.62064	 -16.06584	  34.0451	  34.53478
 5480	  7.6354	 -16.02268	  34.05058	  34.54025
 5478	  7.62304	 -16.05812	  34.02318	  34.51286
 5480	  7.6354	 -16.02268	  34.05058	  34.54025
 5481	  7.63789	 -16.01463	  34.02773	  34.51741
 5482	  7.62064	 -16.06584	  34.0451	  34.53478
 5483	  7.60771	 -16.06551	  34.04416	  34.53384
 5484	  7.62192	 -16.02233	  34.04959	  34.53927
 5482	  7.62064	 -16.06584	  34.0451	  34.53478
 5484	  7.62192	 -16.02233	  34.04959	  34.53927
 5485	  7.6354	 -16.02268	  34.05058	  34.54025
 5486	  7.67118	 -15.93646	  34.06185	  34.55153
 5487	  7.67373	 -15.92803	  34.03792	  34.5276
 5488	  7.68894	 -15.92843	  34.03905	  34.52874
 5486	  7.67118	 -15.93646	  34.06185	  34.55153
 5488	  7.68894	 -15.92843	  34.03905	  34.52874
 5489	  7.6864	 -15.93686	  34.06299	  34.55266
 5490	  7.6864	 -15.93686	  34.06299	  34.55266
 5491	  7.6354	 -16.02268	  34.05058	  34.54025
 5492	  7.62192	 -16.02233	  34.04959	  34.53927
 5490	  7.6864	 -15.93686	  34.06299	  34.55266
 5492	  7.62192	 -16.02233	  34.04959	  34.53927
 5493	  7.67118	 -15.93646	  34.06185	  34.55153
 5494	  7.68894	 -15.92843	  34.03905	  34.52874
 5495	  7.63789	 -16.01463	  34.02773	  34.51741
 5496	  7.6354	 -16.02268	  34.05058	  34.54025
 5494	  7.68894	 -15.92843	  34.03905	  34.52874
 5496	  7.6354	 -16.02268	  34.05058	  34.54025
 5497	  7.6864	 -15.93686	  34.06299	  34.55266
 5498	  7.67373	 -15.92803	  34.03792	  34.5276
 5499	  7.62441	 -16.01428	  34.02674	  34.51643
 5500	  7.63789	 -16.01463	  34.02773	  34.51741
 5498	  7.67373	 -15.92803	  34.03792	  34.5276
 5500	  7.63789	 -16.01463	  34.02773	  34.51741
 5501	  7.68894	 -15.92843	  34.03905	  34.52874
 5502	  7.67118	 -15.93646	  34.06185	  34.55153
 5503	  7.62192	 -16.02233	  34.04959	  34.53927
 5504	  7.62441	 -16.01428	  34.02674	  34.51643
 5502	  7.67118	 -15.93646	  34.06185	  34.55153
 5504	  7.62441	 -16.01428	  34.02674	  34.51643
 5505	  7.67373	 -15.92803	  34.03792	  34.5276
 5506	  7.60164	 -16.15271	  34.03566	  34.52534
 5507	  7.60399	 -16.14512	  34.01413	  34.50381
 5508	  7.60476	 -16.10142	  34.01809	  34.50777
 5506	  7.60164	 -16.15271	  34.03566	  34.52534
 5508	  7.60476	 -16.10142	  34.01809	  34.50777
 5509	  7.6024	 -16.10902	  34.03967	  34.52935
 5510	  7.60399	 -16.14512	  34.01413	  34.50381
 5511	  7.61669	 -16.14544	  34.01505	  34.50474
 5512	  7.61749	 -16.10175	  34.01901	  34.5087
 5510	  7.60399	 -16.14512	  34.01413	  34.50381
 5512	  7.61749	 -16.10175	  34.01901	  34.5087
 5513	  7.60476	 -16.10142	  34.01809	  34.50777
 5514	  7.61669	 -16.14544	  34.01505	  34.50474
 5515	  7.61434	 -16.15303	  34.03659	  34.52628
 5516	  7.61513	 -16.10935	  34.0406	  34.53028
 5514	  7.61669	 -16.14544	  34.01505	  34.50474
 5516	  7.61513	 -16.10935	  34.0406	  34.53028
 5517	  7.61749	 -16.10175	  34.01901	  34.5087
 5518	  7.61434	 -16.15303	  34.03659	  34.52628
 5519	  7.60164	 -16.15271	  34.03566	  34.52534
 5520	  7.6024	 -16.10902	  34.03967	  34.52935
 5518	  7.61434	 -16.15303	  34.03659	  34.52628
 5520	  7.6024	 -16.10902	  34.03967	  34.52935
 5521	  7.61513	 -16.10935	  34.0406	  34.53028
 5522	  6.94463	 -16.0718	  33.93404	  34.42375
 5523	  6.93884	 -16.07925	  33.95518	  34.44489
 5524	  6.93358	 -16.03527	  33.95833	  34.44804
 5522	  6.94463	 -16.0718	  33.93404	  34.42375
 5524	  6.93358	 -16.03527	  33.95833	  34.44804
 5525	  6.93945	 -16.0277	  33.93684	  34.42655
 5526	  6.93945	 -16.0277	  33.93684	  34.42655
 5527	  6.93358	 -16.03527	  33.95833	  34.44804
 5528	  6.91948	 -15.99082	  33.96015	  34.44986
 5526	  6.93945	 -16.0277	  33.93684	  34.42655
 5528	  6.91948	 -15.99082	  33.96015	  34.44986
 5529	  6.9256	 -15.98293	  33.93777	  34.42747
 5530	  6.93884	 -16.07925	  33.95518	  34.44489
 5531	  6.92637	 -16.07845	  33.9529	  34.44261
 5532	  6.9209	 -16.03445	  33.95602	  34.44572
 5530	  6.93884	 -16.07925	  33.95518	  34.44489
 5532	  6.9209	 -16.03445	  33.95602	  34.44572
 5533	  6.93358	 -16.03527	  33.95833	  34.44804
 5534	  6.93358	 -16.03527	  33.95833	  34.44804
 5535	  6.9209	 -16.03445	  33.95602	  34.44572
 5536	  6.90627	 -15.98997	  33.95774	  34.44745
 5534	  6.93358	 -16.03527	  33.95833	  34.44804
 5536	  6.90627	 -15.98997	  33.95774	  34.44745
 5537	  6.91948	 -15.99082	  33.96015	  34.44986
 5538	  6.92637	 -16.07845	  33.9529	  34.44261
 5539	  6.93215	 -16.071	  33.93176	  34.42147
 5540	  6.92678	 -16.02688	  33.93452	  34.42424
 5538	  6.92637	 -16.07845	  33.9529	  34.44261
 5540	  6.92678	 -16.02688	  33.93452	  34.42424
 5541	  6.9209	 -16.03445	  33.95602	  34.44572
 5542	  6.9209	 -16.03445	  33.95602	  34.44572
 5543	  6.92678	 -16.02688	  33.93452	  34.42424
 5544	  6.9124	 -15.98207	  33.93535	  34.42506
 5542	  6.9209	 -16.03445	  33.95602	  34.44572
 5544	  6.9124	 -15.98207	  33.93535	  34.42506
 5545	  6.90627	 -15.98997	  33.95774	  34.44745
 5546	  6.93215	 -16.071	  33.93176	  34.42147
 5547	  6.94463	 -16.0718	  33.93404	  34.42375
 5548	  6.93945	 -16.0277	  33.93684	  34.42655
 5546	  6.93215	 -16.071	  33.93176	  34.42147
 5548	  6.93945	 -16.0277	  33.93684	  34.42655
 5549	  6.92678	 -16.02688	  33.93452	  34.42424
 5550	  6.92678	 -16.02688	  33.93452	  34.42424
 5551	  6.93945	 -16.0277	  33.93684	  34.42655
 5552	  6.9256	 -15.98293	  33.93777	  34.42747
 5550	  6.92678	 -16.02688	  33.93452	  34.42424
 5552	  6.9256	 -15.98293	  33.93777	  34.42747
 5553	  6.9124	 -15.98207	  33.93535	  34.42506
 5554	  6.87727	 -15.89207	  33.93587	  34.42558
 5555	  6.87096	 -15.90033	  33.9593	  34.44901
 5556	  6.85604	 -15.89935	  33.95654	  34.44624
 5554	  6.87727	 -15.89207	  33.93587	  34.42558
 5556	  6.85604	 -15.89935	  33.95654	  34.44624
 5557	  6.86234	 -15.8911	  33.93311	  34.42282
 5558	  6.94537	 -16.11557	  33.93027	  34.41998
 5559	  6.9396	 -16.123	  33.95137	  34.44107
 5560	  6.93884	 -16.07925	  33.95518	  34.44489
 5558	  6.94537	 -16.11557	  33.93027	  34.41998
 5560	  6.93884	 -16.07925	  33.95518	  34.44489
 5561	  6.94463	 -16.0718	  33.93404	  34.42375
 5562	  6.9396	 -16.123	  33.95137	  34.44107
 5563	  6.92715	 -16.1222	  33.94909	  34.4388
 5564	  6.92637	 -16.07845	  33.9529	  34.44261
 5562	  6.9396	 -16.123	  33.95137	  34.44107
 5564	  6.92637	 -16.07845	  33.9529	  34.44261
 5565	  6.93884	 -16.07925	  33.95518	  34.44489
 5566	  6.92715	 -16.1222	  33.94909	  34.4388
 5567	  6.93292	 -16.11477	  33.928	  34.41771
 5568	  6.93215	 -16.071	  33.93176	  34.42147
 5566	  6.92715	 -16.1222	  33.94909	  34.4388
 5568	  6.93215	 -16.071	  33.93176	  34.42147
 5569	  6.92637	 -16.07845	  33.9529	  34.44261
 5570	  6.93292	 -16.11477	  33.928	  34.41771
 5571	  6.94537	 -16.11557	  33.93027	  34.41998
 5572	  6.94463	 -16.0718	  33.93404	  34.42375
 5570	  6.93292	 -16.11477	  33.928	  34.41771
 5572	  6.94463	 -16.0718	  33.93404	  34.42375
 5573	  6.93215	 -16.071	  33.93176	  34.42147
 5574	  6.87727	 -15.89207	  33.93587	  34.42558
 5575	  6.9256	 -15.98293	  33.93777	  34.42747
 5576	  6.91948	 -15.99082	  33.96015	  34.44986
 5574	  6.87727	 -15.89207	  33.93587	  34.42558
 5576	  6.91948	 -15.99082	  33.96015	  34.44986
 5577	  6.87096	 -15.90033	  33.9593	  34.44901
 5578	  6.87096	 -15.90033	  33.9593	  34.44901
 5579	  6.91948	 -15.99082	  33.96015	  34.44986
 5580	  6.90627	 -15.98997	  33.95774	  34.44745
 5578	  6.87096	 -15.90033	  33.9593	  34.44901
 5580	  6.90627	 -15.98997	  33.95774	  34.44745
 5581	  6.85604	 -15.89935	  33.95654	  34.44624
 5582	  6.85604	 -15.89935	  33.95654	  34.44624
 5583	  6.90627	 -15.98997	  33.95774	  34.44745
 5584	  6.9124	 -15.98207	  33.93535	  34.42506
 5582	  6.85604	 -15.89935	  33.95654	  34.44624
 5584	  6.9124	 -15.98207	  33.93535	  34.42506
 5585	  6.86234	 -15.8911	  33.93311	  34.42282
 5586	  6.86234	 -15.8911	  33.93311	  34.42282
 5587	  6.9124	 -15.98207	  33.93535	  34.42506
 5588	  6.9256	 -15.98293	  33.93777	  34.42747
 5586	  6.86234	 -15.8911	  33.93311	  34.42282
 5588	  6.9256	 -15.98293	  33.93777	  34.42747
 5589	  6.87727	 -15.89207	  33.93587	  34.42558
 5590	  7.59393	 -16.12144	  34.07492	  34.56459
 5591	  7.59971	 -16.11399	  34.05377	  34.54345
 5592	  7.60498	 -16.07056	  34.05848	  34.54816
 5590	  7.59393	 -16.12144	  34.07492	  34.56459
 5592	  7.60498	 -16.07056	  34.05848	  34.54816
 5593	  7.59911	 -16.07813	  34.07997	  34.56963
 5594	  7.59971	 -16.11399	  34.05377	  34.54345
 5595	  7.61219	 -16.1148	  34.05605	  34.54572
 5596	  7.61765	 -16.07138	  34.06081	  34.55048
 5594	  7.59971	 -16.11399	  34.05377	  34.54345
 5596	  7.61765	 -16.07138	  34.06081	  34.55048
 5597	  7.60498	 -16.07056	  34.05848	  34.54816
 5598	  7.61219	 -16.1148	  34.05605	  34.54572
 5599	  7.6064	 -16.12225	  34.07719	  34.56686
 5600	  7.61178	 -16.07895	  34.08228	  34.57195
 5598	  7.61219	 -16.1148	  34.05605	  34.54572
 5600	  7.61178	 -16.07895	  34.08228	  34.57195
 5601	  7.61765	 -16.07138	  34.06081	  34.55048
 5602	  7.6064	 -16.12225	  34.07719	  34.56686
 5603	  7.59393	 -16.12144	  34.07492	  34.56459
 5604	  7.59911	 -16.07813	  34.07997	  34.56963
 5602	  7.6064	 -16.12225	  34.07719	  34.56686
 5604	  7.59911	 -16.07813	  34.07997	  34.56963
 5605	  7.61178	 -16.07895	  34.08228	  34.57195
 5606	  7.59911	 -16.07813	  34.07997	  34.56963
 5607	  7.60498	 -16.07056	  34.05848	  34.54816
 5608	  7.61908	 -16.02759	  34.06451	  34.55418
 5606	  7.59911	 -16.07813	  34.07997	  34.56963
 5608	  7.61908	 -16.02759	  34.06451	  34.55418
 5609	  7.61296	 -16.03548	  34.08691	  34.57658
 5610	  7.60498	 -16.07056	  34.05848	  34.54816
 5611	  7.61765	 -16.07138	  34.06081	  34.55048
 5612	  7.63228	 -16.02844	  34.06693	  34.5566
 5610	  7.60498	 -16.07056	  34.05848	  34.54816
 5612	  7.63228	 -16.02844	  34.06693	  34.5566
 5613	  7.61908	 -16.02759	  34.06451	  34.55418
 5614	  7.61765	 -16.07138	  34.06081	  34.55048
 5615	  7.61178	 -16.07895	  34.08228	  34.57195
 5616	  7.62616	 -16.03633	  34.08932	  34.57899
 5614	  7.61765	 -16.07138	  34.06081	  34.55048
 5616	  7.62616	 -16.03633	  34.08932	  34.57899
 5617	  7.63228	 -16.02844	  34.06693	  34.5566
 5618	  7.61178	 -16.07895	  34.08228	  34.57195
 5619	  7.59911	 -16.07813	  34.07997	  34.56963
 5620	  7.61296	 -16.03548	  34.08691	  34.57658
 5618	  7.61178	 -16.07895	  34.08228	  34.57195
 5620	  7.61296	 -16.03548	  34.08691	  34.57658
 5621	  7.62616	 -16.03633	  34.08932	  34.57899
 5622	  7.66129	 -15.95149	  34.1045	  34.59416
 5623	  7.66759	 -15.94323	  34.08107	  34.57074
 5624	  7.68251	 -15.94421	  34.08384	  34.57351
 5622	  7.66129	 -15.95149	  34.1045	  34.59416
 5624	  7.68251	 -15.94421	  34.08384	  34.57351
 5625	  7.67621	 -15.95247	  34.10727	  34.59693
 5626	  7.67621	 -15.95247	  34.10727	  34.59693
 5627	  7.62616	 -16.03633	  34.08932	  34.57899
 5628	  7.61296	 -16.03548	  34.08691	  34.57658
 5626	  7.67621	 -15.95247	  34.10727	  34.59693
 5628	  7.61296	 -16.03548	  34.08691	  34.57658
 5629	  7.66129	 -15.95149	  34.1045	  34.59416
 5630	  7.68251	 -15.94421	  34.08384	  34.57351
 5631	  7.63228	 -16.02844	  34.06693	  34.5566
 5632	  7.62616	 -16.03633	  34.08932	  34.57899
 5630	  7.68251	 -15.94421	  34.08384	  34.57351
 5632	  7.62616	 -16.03633	  34.08932	  34.57899
 5633	  7.67621	 -15.95247	  34.10727	  34.59693
 5634	  7.66759	 -15.94323	  34.08107	  34.57074
 5635	  7.61908	 -16.02759	  34.06451	  34.55418
 5636	  7.63228	 -16.02844	  34.06693	  34.5566
 5634	  7.66759	 -15.94323	  34.08107	  34.57074
 5636	  7.63228	 -16.02844	  34.06693	  34.5566
 5637	  7.68251	 -15.94421	  34.08384	  34.57351
 5638	  7.66129	 -15.95149	  34.1045	  34.59416
 5639	  7.61296	 -16.03548	  34.08691	  34.57658
 5640	  7.61908	 -16.02759	  34.06451	  34.55418
 5638	  7.66129	 -15.95149	  34.1045	  34.59416
 5640	  7.61908	 -16.02759	  34.06451	  34.55418
 5641	  7.66759	 -15.94323	  34.08107	  34.57074
 5642	  7.59319	 -16.1651	  34.07083	  34.5605
 5643	  7.59896	 -16.15766	  34.04973	  34.53941
 5644	  7.59971	 -16.11399	  34.05377	  34.54345
 5642	  7.59319	 -16.1651	  34.07083	  34.5605
 5644	  7.59971	 -16.11399	  34.05377	  34.54345
 5645	  7.59393	 -16.12144	  34.07492	  34.56459
 5646	  7.59896	 -16.15766	  34.04973	  34.53941
 5647	  7.6114	 -16.15846	  34.052	  34.54168
 5648	  7.61219	 -16.1148	  34.05605	  34.54572
 5646	  7.59896	 -16.15766	  34.04973	  34.53941
 5648	  7.61219	 -16.1148	  34.05605	  34.54572
 5649	  7.59971	 -16.11399	  34.05377	  34.54345
 5650	  7.6114	 -16.15846	  34.052	  34.54168
 5651	  7.60563	 -16.1659	  34.0731	  34.56277
 5652	  7.6064	 -16.12225	  34.07719	  34.56686
 5650	  7.6114	 -16.15846	  34.052	  34.54168
 5652	  7.6064	 -16.12225	  34.07719	  34.56686
 5653	  7.61219	 -16.1148	  34.05605	  34.54572
 5654	  7.60563	 -16.1659	  34.0731	  34.56277
 5655	  7.59319	 -16.1651	  34.07083	  34.5605
 5656	  7.59393	 -16.12144	  34.07492	  34.56459
 5654	  7.60563	 -16.1659	  34.0731	  34.56277
 5656	  7.59393	 -16.12144	  34.07492	  34.56459
 5657	  7.6064	 -16.12225	  34.07719	  34.56686
 5658	  6.95865	 -16.05981	  33.89999	  34.38972
 5659	  6.94954	 -16.06698	  33.92034	  34.41006
 5660	  6.94444	 -16.0228	  33.92293	  34.41264
 5658	  6.95865	 -16.05981	  33.89999	  34.38972
 5660	  6.94444	 -16.0228	  33.92293	  34.41264
 5661	  6.9537	 -16.01551	  33.90225	  34.39198
 5662	  6.9537	 -16.01551	  33.90225	  34.39198
 5663	  6.94444	 -16.0228	  33.92293	  34.41264
 5664	  6.9308	 -15.97782	  33.92326	  34.41298
 5662	  6.9537	 -16.01551	  33.90225	  34.39198
 5664	  6.9308	 -15.97782	  33.92326	  34.41298
 5665	  6.94044	 -15.97023	  33.90173	  34.39145
 5666	  6.94954	 -16.06698	  33.92034	  34.41006
 5667	  6.93754	 -16.06571	  33.91676	  34.40647
 5668	  6.93225	 -16.02151	  33.91929	  34.409
 5666	  6.94954	 -16.06698	  33.92034	  34.41006
 5668	  6.93225	 -16.02151	  33.91929	  34.409
 5669	  6.94444	 -16.0228	  33.92293	  34.41264
 5670	  6.94444	 -16.0228	  33.92293	  34.41264
 5671	  6.93225	 -16.02151	  33.91929	  34.409
 5672	  6.91809	 -15.97648	  33.91946	  34.40918
 5670	  6.94444	 -16.0228	  33.92293	  34.41264
 5672	  6.91809	 -15.97648	  33.91946	  34.40918
 5673	  6.9308	 -15.97782	  33.92326	  34.41298
 5674	  6.93754	 -16.06571	  33.91676	  34.40647
 5675	  6.94665	 -16.05854	  33.89641	  34.38613
 5676	  6.9415	 -16.01423	  33.89861	  34.38834
 5674	  6.93754	 -16.06571	  33.91676	  34.40647
 5676	  6.9415	 -16.01423	  33.89861	  34.38834
 5677	  6.93225	 -16.02151	  33.91929	  34.409
 5678	  6.93225	 -16.02151	  33.91929	  34.409
 5679	  6.9415	 -16.01423	  33.89861	  34.38834
 5680	  6.92774	 -15.96889	  33.89792	  34.38764
 5678	  6.93225	 -16.02151	  33.91929	  34.409
 5680	  6.92774	 -15.96889	  33.89792	  34.38764
 5681	  6.91809	 -15.97648	  33.91946	  34.40918
 5682	  6.94665	 -16.05854	  33.89641	  34.38613
 5683	  6.95865	 -16.05981	  33.89999	  34.38972
 5684	  6.9537	 -16.01551	  33.90225	  34.39198
 5682	  6.94665	 -16.05854	  33.89641	  34.38613
 5684	  6.9537	 -16.01551	  33.90225	  34.39198
 5685	  6.9415	 -16.01423	  33.89861	  34.38834
 5686	  6.9415	 -16.01423	  33.89861	  34.38834
 5687	  6.9537	 -16.01551	  33.90225	  34.39198
 5688	  6.94044	 -15.97023	  33.90173	  34.39145
 5686	  6.9415	 -16.01423	  33.89861	  34.38834
 5688	  6.94044	 -15.97023	  33.90173	  34.39145
 5689	  6.92774	 -15.96889	  33.89792	  34.38764
 5690	  6.89385	 -15.87757	  33.89471	  34.38444
 5691	  6.88387	 -15.88551	  33.91723	  34.40694
 5692	  6.8695	 -15.88397	  33.91288	  34.4026
 5690	  6.89385	 -15.87757	  33.89471	  34.38444
 5692	  6.8695	 -15.88397	  33.91288	  34.4026
 5693	  6.87947	 -15.87604	  33.89037	  34.3801
 5694	  6.95936	 -16.1036	  33.8963	  34.38602
 5695	  6.95027	 -16.11076	  33.91661	  34.40633
 5696	  6.94954	 -16.06698	  33.92034	  34.41006
 5694	  6.95936	 -16.1036	  33.8963	  34.38602
 5696	  6.94954	 -16.06698	  33.92034	  34.41006
 5697	  6.95865	 -16.05981	  33.89999	  34.38972
 5698	  6.95027	 -16.11076	  33.91661	  34.40633
 5699	  6.93829	 -16.1095	  33.91303	  34.40275
 5700	  6.93754	 -16.06571	  33.91676	  34.40647
 5698	  6.95027	 -16.11076	  33.91661	  34.40633
 5700	  6.93754	 -16.06571	  33.91676	  34.40647
 5701	  6.94954	 -16.06698	  33.92034	  34.41006
 5702	  6.93829	 -16.1095	  33.91303	  34.40275
 5703	  6.94738	 -16.10234	  33.89272	  34.38245
 5704	  6.94665	 -16.05854	  33.89641	  34.38613
 5702	  6.93829	 -16.1095	  33.91303	  34.40275
 5704	  6.94665	 -16.05854	  33.89641	  34.38613
 5705	  6.93754	 -16.06571	  33.91676	  34.40647
 5706	  6.94738	 -16.10234	  33.89272	  34.38245
 5707	  6.95936	 -16.1036	  33.8963	  34.38602
 5708	  6.95865	 -16.05981	  33.89999	  34.38972
 5706	  6.94738	 -16.10234	  33.89272	  34.38245
 5708	  6.95865	 -16.05981	  33.89999	  34.38972
 5709	  6.94665	 -16.05854	  33.89641	  34.38613
 5710	  6.89385	 -15.87757	  33.89471	  34.38444
 5711	  6.94044	 -15.97023	  33.90173	  34.39145
 5712	  6.9308	 -15.97782	  33.92326	  34.41298
 5710	  6.89385	 -15.87757	  33.89471	  34.38444
 5712	  6.9308	 -15.97782	  33.92326	  34.41298
 5713	  6.88387	 -15.88551	  33.91723	  34.40694
 5714	  6.88387	 -15.88551	  33.91723	  34.40694
 5715	  6.9308	 -15.97782	  33.92326	  34.41298
 5716	  6.91809	 -15.97648	  33.91946	  34.40918
 5714	  6.88387	 -15.88551	  33.91723	  34.40694
 5716	  6.91809	 -15.97648	  33.91946	  34.40918
 5717	  6.8695	 -15.88397	  33.91288	  34.4026
 5718	  6.8695	 -15.88397	  33.91288	  34.4026
 5719	  6.91809	 -15.97648	  33.91946	  34.40918
 5720	  6.92774	 -15.96889	  33.89792	  34.38764
 5718	  6.8695	 -15.88397	  33.91288	  34.4026
 5720	  6.92774	 -15.96889	  33.89792	  34.38764
 5721	  6.87947	 -15.87604	  33.89037	  34.3801
 5722	  6.87947	 -15.87604	  33.89037	  34.3801
 5723	  6.92774	 -15.96889	  33.89792	  34.38764
 5724	  6.94044	 -15.97023	  33.90173	  34.39145
 5722	  6.87947	 -15.87604	  33.89037	  34.3801
 5724	  6.94044	 -15.97023	  33.90173	  34.39145
 5725	  6.89385	 -15.87757	  33.89471	  34.38444
 5726	  7.57991	 -16.13344	  34.10896	  34.59862
 5727	  7.58902	 -16.12627	  34.08862	  34.57828
 5728	  7.59411	 -16.08303	  34.09387	  34.58354
 5726	  7.57991	 -16.13344	  34.10896	  34.59862
 5728	  7.59411	 -16.08303	  34.09387	  34.58354
 5729	  7.58486	 -16.09031	  34.11455	  34.60421
 5730	  7.58902	 -16.12627	  34.08862	  34.57828
 5731	  7.60102	 -16.12753	  34.09219	  34.58186
 5732	  7.60631	 -16.08431	  34.09753	  34.58719
 5730	  7.58902	 -16.12627	  34.08862	  34.57828
 5732	  7.60631	 -16.08431	  34.09753	  34.58719
 5733	  7.59411	 -16.08303	  34.09387	  34.58354
 5734	  7.60102	 -16.12753	  34.09219	  34.58186
 5735	  7.59191	 -16.1347	  34.11255	  34.60221
 5736	  7.59705	 -16.0916	  34.1182	  34.60786
 5734	  7.60102	 -16.12753	  34.09219	  34.58186
 5736	  7.59705	 -16.0916	  34.1182	  34.60786
 5737	  7.60631	 -16.08431	  34.09753	  34.58719
 5738	  7.59191	 -16.1347	  34.11255	  34.60221
 5739	  7.57991	 -16.13344	  34.10896	  34.59862
 5740	  7.58486	 -16.09031	  34.11455	  34.60421
 5738	  7.59191	 -16.1347	  34.11255	  34.60221
 5740	  7.58486	 -16.09031	  34.11455	  34.60421
 5741	  7.59705	 -16.0916	  34.1182	  34.60786
 5742	  7.58486	 -16.09031	  34.11455	  34.60421
 5743	  7.59411	 -16.08303	  34.09387	  34.58354
 5744	  7.60776	 -16.04058	  34.1014	  34.59106
 5742	  7.58486	 -16.09031	  34.11455	  34.60421
 5744	  7.60776	 -16.04058	  34.1014	  34.59106
 5745	  7.59811	 -16.04818	  34.12294	  34.61259
 5746	  7.59411	 -16.08303	  34.09387	  34.58354
 5747	  7.60631	 -16.08431	  34.09753	  34.58719
 5748	  7.62046	 -16.04192	  34.1052	  34.59486
 5746	  7.59411	 -16.08303	  34.09387	  34.58354
 5748	  7.62046	 -16.04192	  34.1052	  34.59486
 5749	  7.60776	 -16.04058	  34.1014	  34.59106
 5750	  7.60631	 -16.08431	  34.09753	  34.58719
 5751	  7.59705	 -16.0916	  34.1182	  34.60786
 5752	  7.61082	 -16.04951	  34.12674	  34.61639
 5750	  7.60631	 -16.08431	  34.09753	  34.58719
 5752	  7.61082	 -16.04951	  34.12674	  34.61639
 5753	  7.62046	 -16.04192	  34.1052	  34.59486
 5754	  7.59705	 -16.0916	  34.1182	  34.60786
 5755	  7.58486	 -16.09031	  34.11455	  34.60421
 5756	  7.59811	 -16.04818	  34.12294	  34.61259
 5754	  7.59705	 -16.0916	  34.1182	  34.60786
 5756	  7.59811	 -16.04818	  34.12294	  34.61259
 5757	  7.61082	 -16.04951	  34.12674	  34.61639
 5758	  7.6447	 -15.96599	  34.14566	  34.63531
 5759	  7.65468	 -15.95806	  34.12315	  34.6128
 5760	  7.66906	 -15.95959	  34.12749	  34.61714
 5758	  7.6447	 -15.96599	  34.14566	  34.63531
 5760	  7.66906	 -15.95959	  34.12749	  34.61714
 5761	  7.65909	 -15.96752	  34.15	  34.63965
 5762	  7.65909	 -15.96752	  34.15	  34.63965
 5763	  7.61082	 -16.04951	  34.12674	  34.61639
 5764	  7.59811	 -16.04818	  34.12294	  34.61259
 5762	  7.65909	 -15.96752	  34.15	  34.63965
 5764	  7.59811	 -16.04818	  34.12294	  34.61259
 5765	  7.6447	 -15.96599	  34.14566	  34.63531
 5766	  7.66906	 -15.95959	  34.12749	  34.61714
 5767	  7.62046	 -16.04192	  34.1052	  34.59486
 5768	  7.61082	 -16.04951	  34.12674	  34.61639
 5766	  7.66906	 -15.95959	  34.12749	  34.61714
 5768	  7.61082	 -16.04951	  34.12674	  34.61639
 5769	  7.65909	 -15.96752	  34.15	  34.63965
 5770	  7.65468	 -15.95806	  34.12315	  34.6128
 5771	  7.60776	 -16.04058	  34.1014	  34.59106
 5772	  7.62046	 -16.04192	  34.1052	  34.59486
 5770	  7.65468	 -15.95806	  34.12315	  34.6128
 5772	  7.62046	 -16.04192	  34.1052	  34.59486
 5773	  7.66906	 -15.95959	  34.12749	  34.61714
 5774	  7.6447	 -15.96599	  34.14566	  34.63531
 5775	  7.59811	 -16.04818	  34.12294	  34.61259
 5776	  7.60776	 -16.04058	  34.1014	  34.59106
 5774	  7.6447	 -15.96599	  34.14566	  34.63531
 5776	  7.60776	 -16.04058	  34.1014	  34.59106
 5777	  7.65468	 -15.95806	  34.12315	  34.6128
 5778	  7.5792	 -16.17706	  34.10479	  34.59445
 5779	  7.58829	 -16.16991	  34.0845	  34.57416
 5780	  7.58902	 -16.12627	  34.08862	  34.57828
 5778	  7.5792	 -16.17706	  34.10479	  34.59445
 5780	  7.58902	 -16.12627	  34.08862	  34.57828
 5781	  7.57991	 -16.13344	  34.10896	  34.59862
 5782	  7.58829	 -16.16991	  34.0845	  34.57416
 5783	  7.60026	 -16.17117	  34.08807	  34.57774
 5784	  7.60102	 -16.12753	  34.09219	  34.58186
 5782	  7.58829	 -16.16991	  34.0845	  34.57416
 5784	  7.60102	 -16.12753	  34.09219	  34.58186
 5785	  7.58902	 -16.12627	  34.08862	  34.57828
 5786	  7.60026	 -16.17117	  34.08807	  34.57774
 5787	  7.59118	 -16.17833	  34.10838	  34.59804
 5788	  7.59191	 -16.1347	  34.11255	  34.60221
 5786	  7.60026	 -16.17117	  34.08807	  34.57774
 5788	  7.59191	 -16.1347	  34.11255	  34.60221
 5789	  7.60102	 -16.12753	  34.09219	  34.58186
 5790	  7.59118	 -16.17833	  34.10838	  34.59804
 5791	  7.5792	 -16.17706	  34.10479	  34.59445
 5792	  7.57991	 -16.13344	  34.10896	  34.59862
 5790	  7.59118	 -16.17833	  34.10838	  34.59804
 5792	  7.57991	 -16.13344	  34.10896	  34.59862
 5793	  7.59191	 -16.1347	  34.11255	  34.60221
 5794	  6.97799	 -16.04844	  33.86774	  34.35748
 5795	  6.96571	 -16.05521	  33.88695	  34.37667
 5796	  6.96087	 -16.01084	  33.889	  34.37873
 5794	  6.97799	 -16.04844	  33.86774	  34.35748
 5796	  6.96087	 -16.01084	  33.889	  34.37873
 5797	  6.97334	 -16.00396	  33.86948	  34.35921
 5798	  6.97334	 -16.00396	  33.86948	  34.35921
 5799	  6.96087	 -16.01084	  33.889	  34.37873
 5800	  6.94791	 -15.96536	  33.88791	  34.37764
 5798	  6.97334	 -16.00396	  33.86948	  34.35921
 5800	  6.94791	 -15.96536	  33.88791	  34.37764
 5801	  6.96091	 -15.9582	  33.86758	  34.35731
 5802	  6.96571	 -16.05521	  33.88695	  34.37667
 5803	  6.95438	 -16.0535	  33.8821	  34.37183
 5804	  6.94936	 -16.00911	  33.88408	  34.3738
 5802	  6.96571	 -16.05521	  33.88695	  34.37667
 5804	  6.94936	 -16.00911	  33.88408	  34.3738
 5805	  6.96087	 -16.01084	  33.889	  34.37873
 5806	  6.96087	 -16.01084	  33.889	  34.37873
 5807	  6.94936	 -16.00911	  33.88408	  34.3738
 5808	  6.93592	 -15.96355	  33.88278	  34.37251
 5806	  6.96087	 -16.01084	  33.889	  34.37873
 5808	  6.93592	 -15.96355	  33.88278	  34.37251
 5809	  6.94791	 -15.96536	  33.88791	  34.37764
 5810	  6.95438	 -16.0535	  33.8821	  34.37183
 5811	  6.96666	 -16.04674	  33.8629	  34.35263
 5812	  6.96184	 -16.00223	  33.86457	  34.3543
 5810	  6.95438	 -16.0535	  33.8821	  34.37183
 5812	  6.96184	 -16.00223	  33.86457	  34.3543
 5813	  6.94936	 -16.00911	  33.88408	  34.3738
 5814	  6.94936	 -16.00911	  33.88408	  34.3738
 5815	  6.96184	 -16.00223	  33.86457	  34.3543
 5816	  6.94892	 -15.95639	  33.86245	  34.35219
 5814	  6.94936	 -16.00911	  33.88408	  34.3738
 5816	  6.94892	 -15.95639	  33.86245	  34.35219
 5817	  6.93592	 -15.96355	  33.88278	  34.37251
 5818	  6.96666	 -16.04674	  33.8629	  34.35263
 5819	  6.97799	 -16.04844	  33.86774	  34.35748
 5820	  6.97334	 -16.00396	  33.86948	  34.35921
 5818	  6.96666	 -16.04674	  33.8629	  34.35263
 5820	  6.97334	 -16.00396	  33.86948	  34.35921
 5821	  6.96184	 -16.00223	  33.86457	  34.3543
 5822	  6.96184	 -16.00223	  33.86457	  34.3543
 5823	  6.97334	 -16.00396	  33.86948	  34.35921
 5824	  6.96091	 -15.9582	  33.86758	  34.35731
 5822	  6.96184	 -16.00223	  33.86457	  34.3543
 5824	  6.96091	 -15.9582	  33.86758	  34.35731
 5825	  6.94892	 -15.95639	  33.86245	  34.35219
 5826	  6.91686	 -15.86384	  33.85575	  34.34549
 5827	  6.90337	 -15.87132	  33.87697	  34.3667
 5828	  6.88978	 -15.86926	  33.87112	  34.36086
 5826	  6.91686	 -15.86384	  33.85575	  34.34549
 5828	  6.88978	 -15.86926	  33.87112	  34.36086
 5829	  6.90326	 -15.86179	  33.84992	  34.33966
 5830	  6.97865	 -16.09227	  33.86413	  34.35386
 5831	  6.9664	 -16.09902	  33.88329	  34.37302
 5832	  6.96571	 -16.05521	  33.88695	  34.37667
 5830	  6.97865	 -16.09227	  33.86413	  34.35386
 5832	  6.96571	 -16.05521	  33.88695	  34.37667
 5833	  6.97799	 -16.04844	  33.86774	  34.35748
 5834	  6.9664	 -16.09902	  33.88329	  34.37302
 5835	  6.9551	 -16.09731	  33.87845	  34.36818
 5836	  6.95438	 -16.0535	  33.8821	  34.37183
 5834	  6.9664	 -16.09902	  33.88329	  34.37302
 5836	  6.95438	 -16.0535	  33.8821	  34.37183
 5837	  6.96571	 -16.05521	  33.88695	  34.37667
 5838	  6.9551	 -16.09731	  33.87845	  34.36818
 5839	  6.96735	 -16.09056	  33.85929	  34.34903
 5840	  6.96666	 -16.04674	  33.8629	  34.35263
 5838	  6.9551	 -16.09731	  33.87845	  34.36818
 5840	  6.96666	 -16.04674	  33.8629	  34.35263
 5841	  6.95438	 -16.0535	  33.8821	  34.37183
 5842	  6.96735	 -16.09056	  33.85929	  34.34903
 5843	  6.97865	 -16.09227	  33.86413	  34.35386
 5844	  6.97799	 -16.04844	  33.86774	  34.35748
 5842	  6.96735	 -16.09056	  33.85929	  34.34903
 5844	  6.97799	 -16.04844	  33.86774	  34.35748
 5845	  6.96666	 -16.04674	  33.8629	  34.35263
 5846	  6.91686	 -15.86384	  33.85575	  34.34549
 5847	  6.96091	 -15.9582	  33.86758	  34.35731
 5848	  6.94791	 -15.96536	  33.88791	  34.37764
 5846	  6.91686	 -15.86384	  33.85575	  34.34549
 5848	  6.94791	 -15.96536	  33.88791	  34.37764
 5849	  6.90337	 -15.87132	  33.87697	  34.3667
 5850	  6.90337	 -15.87132	  33.87697	  34.3667
 5851	  6.94791	 -15.96536	  33.88791	  34.37764
 5852	  6.93592	 -15.96355	  33.88278	  34.37251
 5850	  6.90337	 -15.87132	  33.87697	  34.3667
 5852	  6.93592	 -15.96355	  33.88278	  34.37251
 5853	  6.88978	 -15.86926	  33.87112	  34.36086
 5854	  6.88978	 -15.86926	  33.87112	  34.36086
 5855	  6.93592	 -15.96355	  33.88278	  34.37251
 5856	  6.94892	 -15.95639	  33.86245	  34.35219
 5854	  6.88978	 -15.86926	  33.87112	  34.36086
 5856	  6.94892	 -15.95639	  33.86245	  34.35219
 5857	  6.90326	 -15.86179	  33.84992	  34.33966
 5858	  6.90326	 -15.86179	  33.84992	  34.33966
 5859	  6.94892	 -15.95639	  33.86245	  34.35219
 5860	  6.96091	 -15.9582	  33.86758	  34.35731
 5858	  6.90326	 -15.86179	  33.84992	  34.33966
 5860	  6.96091	 -15.9582	  33.86758	  34.35731
 5861	  6.91686	 -15.86384	  33.85575	  34.34549
 5862	  7.56057	 -16.1448	  34.14121	  34.63087
 5863	  7.57285	 -16.13803	  34.12201	  34.61166
 5864	  7.57769	 -16.09499	  34.12781	  34.61746
 5862	  7.56057	 -16.1448	  34.14121	  34.63087
 5864	  7.57769	 -16.09499	  34.12781	  34.61746
 5865	  7.56521	 -16.10186	  34.14732	  34.63697
 5866	  7.57285	 -16.13803	  34.12201	  34.61166
 5867	  7.58418	 -16.13974	  34.12685	  34.61651
 5868	  7.5892	 -16.09672	  34.13273	  34.62238
 5866	  7.57285	 -16.13803	  34.12201	  34.61166
 5868	  7.5892	 -16.09672	  34.13273	  34.62238
 5869	  7.57769	 -16.09499	  34.12781	  34.61746
 5870	  7.58418	 -16.13974	  34.12685	  34.61651
 5871	  7.5719	 -16.14651	  34.14606	  34.6357
 5872	  7.57672	 -16.10359	  34.15224	  34.64188
 5870	  7.58418	 -16.13974	  34.12685	  34.61651
 5872	  7.57672	 -16.10359	  34.15224	  34.64188
 5873	  7.5892	 -16.09672	  34.13273	  34.62238
 5874	  7.5719	 -16.14651	  34.14606	  34.6357
 5875	  7.56057	 -16.1448	  34.14121	  34.63087
 5876	  7.56521	 -16.10186	  34.14732	  34.63697
 5874	  7.5719	 -16.14651	  34.14606	  34.6357
 5876	  7.56521	 -16.10186	  34.14732	  34.63697
 5877	  7.57672	 -16.10359	  34.15224	  34.64188
 5878	  7.56521	 -16.10186	  34.14732	  34.63697
 5879	  7.57769	 -16.09499	  34.12781	  34.61746
 5880	  7.59064	 -16.05304	  34.13676	  34.6264
 5878	  7.56521	 -16.10186	  34.14732	  34.63697
 5880	  7.59064	 -16.05304	  34.13676	  34.6264
 5881	  7.57764	 -16.06021	  34.15709	  34.64674
 5882	  7.57769	 -16.09499	  34.12781	  34.61746
 5883	  7.5892	 -16.09672	  34.13273	  34.62238
 5884	  7.60263	 -16.05485	  34.14188	  34.63153
 5882	  7.57769	 -16.09499	  34.12781	  34.61746
 5884	  7.60263	 -16.05485	  34.14188	  34.63153
 5885	  7.59064	 -16.05304	  34.13676	  34.6264
 5886	  7.5892	 -16.09672	  34.13273	  34.62238
 5887	  7.57672	 -16.10359	  34.15224	  34.64188
 5888	  7.58963	 -16.06201	  34.16222	  34.65186
 5886	  7.5892	 -16.09672	  34.13273	  34.62238
 5888	  7.58963	 -16.06201	  34.16222	  34.65186
 5889	  7.60263	 -16.05485	  34.14188	  34.63153
 5890	  7.57672	 -16.10359	  34.15224	  34.64188
 5891	  7.56521	 -16.10186	  34.14732	  34.63697
 5892	  7.57764	 -16.06021	  34.15709	  34.64674
 5890	  7.57672	 -16.10359	  34.15224	  34.64188
 5892	  7.57764	 -16.06021	  34.15709	  34.64674
 5893	  7.58963	 -16.06201	  34.16222	  34.65186
 5894	  7.6217	 -15.97972	  34.18462	  34.67426
 5895	  7.63519	 -15.97224	  34.16341	  34.65305
 5896	  7.64877	 -15.9743	  34.16925	  34.65889
 5894	  7.6217	 -15.97972	  34.18462	  34.67426
 5896	  7.64877	 -15.9743	  34.16925	  34.65889
 5897	  7.6353	 -15.98178	  34.19046	  34.68009
 5898	  7.6353	 -15.98178	  34.19046	  34.68009
 5899	  7.58963	 -16.06201	  34.16222	  34.65186
 5900	  7.57764	 -16.06021	  34.15709	  34.64674
 5898	  7.6353	 -15.98178	  34.19046	  34.68009
 5900	  7.57764	 -16.06021	  34.15709	  34.64674
 5901	  7.6217	 -15.97972	  34.18462	  34.67426
 5902	  7.64877	 -15.9743	  34.16925	  34.65889
 5903	  7.60263	 -16.05485	  34.14188	  34.63153
 5904	  7.58963	 -16.06201	  34.16222	  34.65186
 5902	  7.64877	 -15.9743	  34.16925	  34.65889
 5904	  7.58963	 -16.06201	  34.16222	  34.65186
 5905	  7.6353	 -15.98178	  34.19046	  34.68009
 5906	  7.63519	 -15.97224	  34.16341	  34.65305
 5907	  7.59064	 -16.05304	  34.13676	  34.6264
 5908	  7.60263	 -16.05485	  34.14188	  34.63153
 5906	  7.63519	 -15.97224	  34.16341	  34.65305
 5908	  7.60263	 -16.05485	  34.14188	  34.63153
 5909	  7.64877	 -15.9743	  34.16925	  34.65889
 5910	  7.6217	 -15.97972	  34.18462	  34.67426
 5911	  7.57764	 -16.06021	  34.15709	  34.64674
 5912	  7.59064	 -16.05304	  34.13676	  34.6264
 5910	  7.6217	 -15.97972	  34.18462	  34.67426
 5912	  7.59064	 -16.05304	  34.13676	  34.6264
 5913	  7.63519	 -15.97224	  34.16341	  34.65305
 5914	  7.55991	 -16.1884	  34.13698	  34.62663
 5915	  7.57216	 -16.18165	  34.11781	  34.60747
 5916	  7.57285	 -16.13803	  34.12201	  34.61166
 5914	  7.55991	 -16.1884	  34.13698	  34.62663
 5916	  7.57285	 -16.13803	  34.12201	  34.61166
 5917	  7.56057	 -16.1448	  34.14121	  34.63087
 5918	  7.57216	 -16.18165	  34.11781	  34.60747
 5919	  7.58346	 -16.18335	  34.12264	  34.6123
 5920	  7.58418	 -16.13974	  34.12685	  34.61651
 5918	  7.57216	 -16.18165	  34.11781	  34.60747
 5920	  7.58418	 -16.13974	  34.12685	  34.61651
 5921	  7.57285	 -16.13803	  34.12201	  34.61166
 5922	  7.58346	 -16.18335	  34.12264	  34.6123
 5923	  7.57121	 -16.19011	  34.14181	  34.63145
 5924	  7.5719	 -16.14651	  34.14606	  34.6357
 5922	  7.58346	 -16.18335	  34.12264	  34.6123
 5924	  7.5719	 -16.14651	  34.14606	  34.6357
 5925	  7.58418	 -16.13974	  34.12685	  34.61651
 5926	  7.57121	 -16.19011	  34.14181	  34.63145
 5927	  7.55991	 -16.1884	  34.13698	  34.62663
 5928	  7.56057	 -16.1448	  34.14121	  34.63087
 5926	  7.57121	 -16.19011	  34.14181	  34.63145
 5928	  7.56057	 -16.1448	  34.14121	  34.63087
 5929	  7.5719	 -16.14651	  34.14606	  34.6357
 5930	  7.00231	 -16.0379	  33.83783	  34.32757
 5931	  6.98707	 -16.04415	  33.85555	  34.34529
 5932	  6.98257	 -15.9996	  33.8571	  34.34684
 5930	  7.00231	 -16.0379	  33.83783	  34.32757
 5932	  6.98257	 -15.9996	  33.8571	  34.34684
 5933	  6.99805	 -15.99326	  33.8391	  34.32884
 5934	  6.99805	 -15.99326	  33.8391	  34.32884
 5935	  6.98257	 -15.9996	  33.8571	  34.34684
 5936	  6.97053	 -15.95365	  33.85468	  34.34441
 5934	  6.99805	 -15.99326	  33.8391	  34.32884
 5936	  6.97053	 -15.95365	  33.85468	  34.34441
 5937	  6.98666	 -15.94704	  33.83591	  34.32565
 5938	  6.98707	 -16.04415	  33.85555	  34.34529
 5939	  6.97661	 -16.04203	  33.84954	  34.33928
 5940	  6.97194	 -15.99745	  33.85101	  34.34074
 5938	  6.98707	 -16.04415	  33.85555	  34.34529
 5940	  6.97194	 -15.99745	  33.85101	  34.34074
 5941	  6.98257	 -15.9996	  33.8571	  34.34684
 5942	  6.98257	 -15.9996	  33.8571	  34.34684
 5943	  6.97194	 -15.99745	  33.85101	  34.34074
 5944	  6.95946	 -15.95141	  33.84831	  34.33805
 5942	  6.98257	 -15.9996	  33.8571	  34.34684
 5944	  6.95946	 -15.95141	  33.84831	  34.33805
 5945	  6.97053	 -15.95365	  33.85468	  34.34441
 5946	  6.97661	 -16.04203	  33.84954	  34.33928
 5947	  6.99185	 -16.03579	  33.83182	  34.32156
 5948	  6.98743	 -15.9911	  33.83299	  34.32273
 5946	  6.97661	 -16.04203	  33.84954	  34.33928
 5948	  6.98743	 -15.9911	  33.83299	  34.32273
 5949	  6.97194	 -15.99745	  33.85101	  34.34074
 5950	  6.97194	 -15.99745	  33.85101	  34.34074
 5951	  6.98743	 -15.9911	  33.83299	  34.32273
 5952	  6.97559	 -15.9448	  33.82955	  34.3193
 5950	  6.97194	 -15.99745	  33.85101	  34.34074
 5952	  6.97559	 -15.9448	  33.82955	  34.3193
 5953	  6.95946	 -15.95141	  33.84831	  34.33805
 5954	  6.99185	 -16.03579	  33.83182	  34.32156
 5955	  7.00231	 -16.0379	  33.83783	  34.32757
 5956	  6.99805	 -15.99326	  33.8391	  34.32884
 5954	  6.99185	 -16.03579	  33.83182	  34.32156
 5956	  6.99805	 -15.99326	  33.8391	  34.32884
 5957	  6.98743	 -15.9911	  33.83299	  34.32273
 5958	  6.98743	 -15.9911	  33.83299	  34.32273
 5959	  6.99805	 -15.99326	  33.8391	  34.32884
 5960	  6.98666	 -15.94704	  33.83591	  34.32565
 5958	  6.98743	 -15.9911	  33.83299	  34.32273
 5960	  6.98666	 -15.94704	  33.83591	  34.32565
 5961	  6.97559	 -15.9448	  33.82955	  34.3193
 5962	  6.94592	 -15.85112	  33.81965	  34.3094
 5963	  6.92914	 -15.85802	  33.83921	  34.32896
 5964	  6.91658	 -15.85546	  33.83197	  34.32172
 5962	  6.94592	 -15.85112	  33.81965	  34.3094
 5964	  6.91658	 -15.85546	  33.83197	  34.32172
 5965	  6.93335	 -15.84858	  33.81242	  34.30217
 5966	  7.00292	 -16.08175	  33.83427	  34.32402
 5967	  6.98771	 -16.08798	  33.85197	  34.34171
 5968	  6.98707	 -16.04415	  33.85555	  34.34529
 5966	  7.00292	 -16.08175	  33.83427	  34.32402
 5968	  6.98707	 -16.04415	  33.85555	  34.34529
 5969	  7.00231	 -16.0379	  33.83783	  34.32757
 5970	  6.98771	 -16.08798	  33.85197	  34.34171
 5971	  6.97728	 -16.08587	  33.84597	  34.33572
 5972	  6.97661	 -16.04203	  33.84954	  34.33928
 5970	  6.98771	 -16.08798	  33.85197	  34.34171
 5972	  6.97661	 -16.04203	  33.84954	  34.33928
 5973	  6.98707	 -16.04415	  33.85555	  34.34529
 5974	  6.97728	 -16.08587	  33.84597	  34.33572
 5975	  6.99248	 -16.07964	  33.82828	  34.31802
 5976	  6.99185	 -16.03579	  33.83182	  34.32156
 5974	  6.97728	 -16.08587	  33.84597	  34.33572
 5976	  6.99185	 -16.03579	  33.83182	  34.32156
 5977	  6.97661	 -16.04203	  33.84954	  34.33928
 5978	  6.99248	 -16.07964	  33.82828	  34.31802
 5979	  7.00292	 -16.08175	  33.83427	  34.32402
 5980	  7.00231	 -16.0379	  33.83783	  34.32757
 5978	  6.99248	 -16.07964	  33.82828	  34.31802
 5980	  7.00231	 -16.0379	  33.83783	  34.32757
 5981	  6.99185	 -16.03579	  33.83182	  34.32156
 5982	  6.94592	 -15.85112	  33.81965	  34.3094
 5983	  6.98666	 -15.94704	  33.83591	  34.32565
 5984	  6.97053	 -15.95365	  33.85468	  34.34441
 5982	  6.94592	 -15.85112	  33.81965	  34.3094
 5984	  6.97053	 -15.95365	  33.85468	  34.34441
 5985	  6.92914	 -15.85802	  33.83921	  34.32896
 5986	  6.92914	 -15.85802	  33.83921	  34.32896
 5987	  6.97053	 -15.95365	  33.85468	  34.34441
 5988	  6.95946	 -15.95141	  33.84831	  34.33805
 5986	  6.92914	 -15.85802	  33.83921	  34.32896
 5988	  6.95946	 -15.95141	  33.84831	  34.33805
 5989	  6.91658	 -15.85546	  33.83197	  34.32172
 5990	  6.91658	 -15.85546	  33.83197	  34.32172
 5991	  6.95946	 -15.95141	  33.84831	  34.33805
 5992	  6.97559	 -15.9448	  33.82955	  34.3193
 5990	  6.91658	 -15.85546	  33.83197	  34.32172
 5992	  6.97559	 -15.9448	  33.82955	  34.3193
 5993	  6.93335	 -15.84858	  33.81242	  34.30217
 5994	  6.93335	 -15.84858	  33.81242	  34.30217
 5995	  6.97559	 -15.9448	  33.82955	  34.3193
 5996	  6.98666	 -15.94704	  33.83591	  34.32565
 5994	  6.93335	 -15.84858	  33.81242	  34.30217
 5996	  6.98666	 -15.94704	  33.83591	  34.32565
 5997	  6.94592	 -15.85112	  33.81965	  34.3094
 5998	  7.53625	 -16.15534	  34.17113	  34.66077
 5999	  7.55149	 -16.1491	  34.1534	  34.64305
 6000	  7.55599	 -16.10622	  34.1597	  34.64935
 5998	  7.53625	 -16.15534	  34.17113	  34.66077
 6000	  7.55599	 -16.10622	  34.1597	  34.64935
 6001	  7.5405	 -16.11257	  34.17771	  34.66735
 6002	  7.55149	 -16.1491	  34.1534	  34.64305
 6003	  7.56194	 -16.15121	  34.15941	  34.64905
 6004	  7.56661	 -16.10838	  34.16581	  34.65545
 6002	  7.55149	 -16.1491	  34.1534	  34.64305
 6004	  7.56661	 -16.10838	  34.16581	  34.65545
 6005	  7.55599	 -16.10622	  34.1597	  34.64935
 6006	  7.56194	 -16.15121	  34.15941	  34.64905
 6007	  7.5467	 -16.15746	  34.17714	  34.66678
 6008	  7.55113	 -16.11472	  34.18382	  34.67345
 6006	  7.56194	 -16.15121	  34.15941	  34.64905
 6008	  7.55113	 -16.11472	  34.18382	  34.67345
 6009	  7.56661	 -16.10838	  34.16581	  34.65545
 6010	  7.5467	 -16.15746	  34.17714	  34.66678
 6011	  7.53625	 -16.15534	  34.17113	  34.66077
 6012	  7.5405	 -16.11257	  34.17771	  34.66735
 6010	  7.5467	 -16.15746	  34.17714	  34.66678
 6012	  7.5405	 -16.11257	  34.17771	  34.66735
 6013	  7.55113	 -16.11472	  34.18382	  34.67345
 6014	  7.5405	 -16.11257	  34.17771	  34.66735
 6015	  7.55599	 -16.10622	  34.1597	  34.64935
 6016	  7.56803	 -16.06475	  34.16999	  34.65963
 6014	  7.5405	 -16.11257	  34.17771	  34.66735
 6016	  7.56803	 -16.06475	  34.16999	  34.65963
 6017	  7.5519	 -16.07137	  34.18875	  34.67839
 6018	  7.55599	 -16.10622	  34.1597	  34.64935
 6019	  7.56661	 -16.10838	  34.16581	  34.65545
 6020	  7.5791	 -16.06699	  34.17635	  34.66599
 6018	  7.55599	 -16.10622	  34.1597	  34.64935
 6020	  7.5791	 -16.06699	  34.17635	  34.66599
 6021	  7.56803	 -16.06475	  34.16999	  34.65963
 6022	  7.56661	 -16.10838	  34.16581	  34.65545
 6023	  7.55113	 -16.11472	  34.18382	  34.67345
 6024	  7.56297	 -16.0736	  34.19511	  34.68475
 6022	  7.56661	 -16.10838	  34.16581	  34.65545
 6024	  7.56297	 -16.0736	  34.19511	  34.68475
 6025	  7.5791	 -16.06699	  34.17635	  34.66599
 6026	  7.55113	 -16.11472	  34.18382	  34.67345
 6027	  7.5405	 -16.11257	  34.17771	  34.66735
 6028	  7.5519	 -16.07137	  34.18875	  34.67839
 6026	  7.55113	 -16.11472	  34.18382	  34.67345
 6028	  7.5519	 -16.07137	  34.18875	  34.67839
 6029	  7.56297	 -16.0736	  34.19511	  34.68475
 6030	  7.59264	 -15.99244	  34.22072	  34.71034
 6031	  7.60942	 -15.98555	  34.20116	  34.6908
 6032	  7.62198	 -15.9881	  34.2084	  34.69803
 6030	  7.59264	 -15.99244	  34.22072	  34.71034
 6032	  7.62198	 -15.9881	  34.2084	  34.69803
 6033	  7.60521	 -15.99499	  34.22795	  34.71758
 6034	  7.60521	 -15.99499	  34.22795	  34.71758
 6035	  7.56297	 -16.0736	  34.19511	  34.68475
 6036	  7.5519	 -16.07137	  34.18875	  34.67839
 6034	  7.60521	 -15.99499	  34.22795	  34.71758
 6036	  7.5519	 -16.07137	  34.18875	  34.67839
 6037	  7.59264	 -15.99244	  34.22072	  34.71034
 6038	  7.62198	 -15.9881	  34.2084	  34.69803
 6039	  7.5791	 -16.06699	  34.17635	  34.66599
 6040	  7.56297	 -16.0736	  34.19511	  34.68475
 6038	  7.62198	 -15.9881	  34.2084	  34.69803
 6040	  7.56297	 -16.0736	  34.19511	  34.68475
 6041	  7.60521	 -15.99499	  34.22795	  34.71758
 6042	  7.60942	 -15.98555	  34.20116	  34.6908
 6043	  7.56803	 -16.06475	  34.16999	  34.65963
 6044	  7.5791	 -16.06699	  34.17635	  34.66599
 6042	  7.60942	 -15.98555	  34.20116	  34.6908
 6044	  7.5791	 -16.06699	  34.17635	  34.66599
 6045	  7.62198	 -15.9881	  34.2084	  34.69803
 6046	  7.59264	 -15.99244	  34.22072	  34.71034
 6047	  7.5519	 -16.07137	  34.18875	  34.67839
 6048	  7.56803	 -16.06475	  34.16999	  34.65963
 6046	  7.59264	 -15.99244	  34.22072	  34.71034
 6048	  7.56803	 -16.06475	  34.16999	  34.65963
 6049	  7.60942	 -15.98555	  34.20116	  34.6908
 6050	  7.53564	 -16.19892	  34.16682	  34.65647
 6051	  7.55085	 -16.19269	  34.14913	  34.63878
 6052	  7.55149	 -16.1491	  34.1534	  34.64305
 6050	  7.53564	 -16.19892	  34.16682	  34.65647
 6052	  7.55149	 -16.1491	  34.1534	  34.64305
 6053	  7.53625	 -16.15534	  34.17113	  34.66077
 6054	  7.55085	 -16.19269	  34.14913	  34.63878
 6055	  7.56128	 -16.1948	  34.15513	  34.64478
 6056	  7.56194	 -16.15121	  34.15941	  34.64905
 6054	  7.55085	 -16.19269	  34.14913	  34.63878
 6056	  7.56194	 -16.15121	  34.15941	  34.64905
 6057	  7.55149	 -16.1491	  34.1534	  34.64305
 6058	  7.56128	 -16.1948	  34.15513	  34.64478
 6059	  7.54607	 -16.20103	  34.17282	  34.66246
 6060	  7.5467	 -16.15746	  34.17714	  34.66678
 6058	  7.56128	 -16.1948	  34.15513	  34.64478
 6060	  7.5467	 -16.15746	  34.17714	  34.66678
 6061	  7.56194	 -16.15121	  34.15941	  34.64905
 6062	  7.54607	 -16.20103	  34.17282	  34.66246
 6063	  7.53564	 -16.19892	  34.16682	  34.65647
 6064	  7.53625	 -16.15534	  34.17113	  34.66077
 6062	  7.54607	 -16.20103	  34.17282	  34.66246
 6064	  7.53625	 -16.15534	  34.17113	  34.66077
 6065	  7.5467	 -16.15746	  34.17714	  34.66678
 6066	  7.0312	 -16.02837	  33.81076	  34.30051
 6067	  7.01326	 -16.03399	  33.82671	  34.31646
 6068	  7.00918	 -15.98928	  33.8278	  34.31755
 6066	  7.0312	 -16.02837	  33.81076	  34.30051
 6068	  7.00918	 -15.98928	  33.8278	  34.31755
 6069	  7.0274	 -15.98357	  33.8116	  34.30135
 6070	  7.0274	 -15.98357	  33.8116	  34.30135
 6071	  7.00918	 -15.98928	  33.8278	  34.31755
 6072	  6.99825	 -15.94289	  33.82415	  34.31389
 6070	  7.0274	 -15.98357	  33.8116	  34.30135
 6072	  6.99825	 -15.94289	  33.82415	  34.31389
 6073	  7.01724	 -15.93695	  33.80726	  34.29701
 6074	  7.01326	 -16.03399	  33.82671	  34.31646
 6075	  7.00385	 -16.03149	  33.81963	  34.30939
 6076	  6.99962	 -15.98675	  33.82062	  34.31036
 6074	  7.01326	 -16.03399	  33.82671	  34.31646
 6076	  6.99962	 -15.98675	  33.82062	  34.31036
 6077	  7.00918	 -15.98928	  33.8278	  34.31755
 6078	  7.00918	 -15.98928	  33.8278	  34.31755
 6079	  6.99962	 -15.98675	  33.82062	  34.31036
 6080	  6.98829	 -15.94026	  33.81666	  34.3064
 6078	  7.00918	 -15.98928	  33.8278	  34.31755
 6080	  6.98829	 -15.94026	  33.81666	  34.3064
 6081	  6.99825	 -15.94289	  33.82415	  34.31389
 6082	  7.00385	 -16.03149	  33.81963	  34.30939
 6083	  7.02179	 -16.02588	  33.80368	  34.29343
 6084	  7.01785	 -15.98104	  33.80441	  34.29417
 6082	  7.00385	 -16.03149	  33.81963	  34.30939
 6084	  7.01785	 -15.98104	  33.80441	  34.29417
 6085	  6.99962	 -15.98675	  33.82062	  34.31036
 6086	  6.99962	 -15.98675	  33.82062	  34.31036
 6087	  7.01785	 -15.98104	  33.80441	  34.29417
 6088	  7.00728	 -15.93431	  33.79977	  34.28953
 6086	  6.99962	 -15.98675	  33.82062	  34.31036
 6088	  7.00728	 -15.93431	  33.79977	  34.28953
 6089	  6.98829	 -15.94026	  33.81666	  34.3064
 6090	  7.02179	 -16.02588	  33.80368	  34.29343
 6091	  7.0312	 -16.02837	  33.81076	  34.30051
 6092	  7.0274	 -15.98357	  33.8116	  34.30135
 6090	  7.02179	 -16.02588	  33.80368	  34.29343
 6092	  7.0274	 -15.98357	  33.8116	  34.30135
 6093	  7.01785	 -15.98104	  33.80441	  34.29417
 6094	  7.01785	 -15.98104	  33.80441	  34.29417
 6095	  7.0274	 -15.98357	  33.8116	  34.30135
 6096	  7.01724	 -15.93695	  33.80726	  34.29701
 6094	  7.01785	 -15.98104	  33.80441	  34.29417
 6096	  7.01724	 -15.93695	  33.80726	  34.29701
 6097	  7.00728	 -15.93431	  33.79977	  34.28953
 6098	  6.98056	 -15.83963	  33.78703	  34.27678
 6099	  6.96076	 -15.84582	  33.80459	  34.29434
 6100	  6.94944	 -15.84282	  33.79609	  34.28584
 6098	  6.98056	 -15.83963	  33.78703	  34.27678
 6100	  6.94944	 -15.84282	  33.79609	  34.28584
 6101	  6.96923	 -15.83663	  33.77853	  34.26829
 6102	  7.03174	 -16.07224	  33.80727	  34.29703
 6103	  7.01384	 -16.07784	  33.82319	  34.31293
 6104	  7.01326	 -16.03399	  33.82671	  34.31646
 6102	  7.03174	 -16.07224	  33.80727	  34.29703
 6104	  7.01326	 -16.03399	  33.82671	  34.31646
 6105	  7.0312	 -16.02837	  33.81076	  34.30051
 6106	  7.01384	 -16.07784	  33.82319	  34.31293
 6107	  7.00445	 -16.07536	  33.81613	  34.30588
 6108	  7.00385	 -16.03149	  33.81963	  34.30939
 6106	  7.01384	 -16.07784	  33.82319	  34.31293
 6108	  7.00385	 -16.03149	  33.81963	  34.30939
 6109	  7.01326	 -16.03399	  33.82671	  34.31646
 6110	  7.00445	 -16.07536	  33.81613	  34.30588
 6111	  7.02236	 -16.06975	  33.80022	  34.28997
 6112	  7.02179	 -16.02588	  33.80368	  34.29343
 6110	  7.00445	 -16.07536	  33.81613	  34.30588
 6112	  7.02179	 -16.02588	  33.80368	  34.29343
 6113	  7.00385	 -16.03149	  33.81963	  34.30939
 6114	  7.02236	 -16.06975	  33.80022	  34.28997
 6115	  7.03174	 -16.07224	  33.80727	  34.29703
 6116	  7.0312	 -16.02837	  33.81076	  34.30051
 6114	  7.02236	 -16.06975	  33.80022	  34.28997
 6116	  7.0312	 -16.02837	  33.81076	  34.30051
 6117	  7.02179	 -16.02588	  33.80368	  34.29343
 6118	  6.98056	 -15.83963	  33.78703	  34.27678
 6119	  7.01724	 -15.93695	  33.80726	  34.29701
 6120	  6.99825	 -15.94289	  33.82415	  34.31389
 6118	  6.98056	 -15.83963	  33.78703	  34.27678
 6120	  6.99825	 -15.94289	  33.82415	  34.31389
 6121	  6.96076	 -15.84582	  33.80459	  34.29434
 6122	  6.96076	 -15.84582	  33.80459	  34.29434
 6123	  6.99825	 -15.94289	  33.82415	  34.31389
 6124	  6.98829	 -15.94026	  33.81666	  34.3064
 6122	  6.96076	 -15.84582	  33.80459	  34.29434
 6124	  6.98829	 -15.94026	  33.81666	  34.3064
 6125	  6.94944	 -15.84282	  33.79609	  34.28584
 6126	  6.94944	 -15.84282	  33.79609	  34.28584
 6127	  6.98829	 -15.94026	  33.81666	  34.3064
 6128	  7.00728	 -15.93431	  33.79977	  34.28953
 6126	  6.94944	 -15.84282	  33.79609	  34.28584
 6128	  7.00728	 -15.93431	  33.79977	  34.28953
 6129	  6.96923	 -15.83663	  33.77853	  34.26829
 6130	  6.96923	 -15.83663	  33.77853	  34.26829
 6131	  7.00728	 -15.93431	  33.79977	  34.28953
 6132	  7.01724	 -15.93695	  33.80726	  34.29701
 6130	  6.96923	 -15.83663	  33.77853	  34.26829
 6132	  7.01724	 -15.93695	  33.80726	  34.29701
 6133	  6.98056	 -15.83963	  33.78703	  34.27678
 6134	  7.50736	 -16.16488	  34.19819	  34.68782
 6135	  7.5253	 -16.15926	  34.18224	  34.67188
 6136	  7.52938	 -16.11655	  34.18901	  34.67864
 6134	  7.50736	 -16.16488	  34.19819	  34.68782
 6136	  7.52938	 -16.11655	  34.18901	  34.67864
 6137	  7.51115	 -16.12226	  34.20522	  34.69485
 6138	  7.5253	 -16.15926	  34.18224	  34.67188
 6139	  7.53471	 -16.16175	  34.18931	  34.67895
 6140	  7.53894	 -16.11908	  34.19619	  34.68583
 6138	  7.5253	 -16.15926	  34.18224	  34.67188
 6140	  7.53894	 -16.11908	  34.19619	  34.68583
 6141	  7.52938	 -16.11655	  34.18901	  34.67864
 6142	  7.53471	 -16.16175	  34.18931	  34.67895
 6143	  7.51676	 -16.16737	  34.20527	  34.69489
 6144	  7.52071	 -16.12479	  34.21239	  34.70203
 6142	  7.53471	 -16.16175	  34.18931	  34.67895
 6144	  7.52071	 -16.12479	  34.21239	  34.70203
 6145	  7.53894	 -16.11908	  34.19619	  34.68583
 6146	  7.51676	 -16.16737	  34.20527	  34.69489
 6147	  7.50736	 -16.16488	  34.19819	  34.68782
 6148	  7.51115	 -16.12226	  34.20522	  34.69485
 6146	  7.51676	 -16.16737	  34.20527	  34.69489
 6148	  7.51115	 -16.12226	  34.20522	  34.69485
 6149	  7.52071	 -16.12479	  34.21239	  34.70203
 6150	  7.51115	 -16.12226	  34.20522	  34.69485
 6151	  7.52938	 -16.11655	  34.18901	  34.67864
 6152	  7.54031	 -16.07551	  34.20052	  34.69016
 6150	  7.51115	 -16.12226	  34.20522	  34.69485
 6152	  7.54031	 -16.07551	  34.20052	  34.69016
 6153	  7.52131	 -16.08146	  34.21741	  34.70703
 6154	  7.52938	 -16.11655	  34.18901	  34.67864
 6155	  7.53894	 -16.11908	  34.19619	  34.68583
 6156	  7.55027	 -16.07815	  34.20801	  34.69764
 6154	  7.52938	 -16.11655	  34.18901	  34.67864
 6156	  7.55027	 -16.07815	  34.20801	  34.69764
 6157	  7.54031	 -16.07551	  34.20052	  34.69016
 6158	  7.53894	 -16.11908	  34.19619	  34.68583
 6159	  7.52071	 -16.12479	  34.21239	  34.70203
 6160	  7.53127	 -16.0841	  34.22488	  34.71451
 6158	  7.53894	 -16.11908	  34.19619	  34.68583
 6160	  7.53127	 -16.0841	  34.22488	  34.71451
 6161	  7.55027	 -16.07815	  34.20801	  34.69764
 6162	  7.52071	 -16.12479	  34.21239	  34.70203
 6163	  7.51115	 -16.12226	  34.20522	  34.69485
 6164	  7.52131	 -16.08146	  34.21741	  34.70703
 6162	  7.52071	 -16.12479	  34.21239	  34.70203
 6164	  7.52131	 -16.08146	  34.21741	  34.70703
 6165	  7.53127	 -16.0841	  34.22488	  34.71451
 6166	  7.558	 -16.00394	  34.25336	  34.74297
 6167	  7.5778	 -15.99775	  34.23578	  34.7254
 6168	  7.58911	 -16.00074	  34.24429	  34.73391
 6166	  7.558	 -16.00394	  34.25336	  34.74297
 6168	  7.58911	 -16.00074	  34.24429	  34.73391
 6169	  7.56932	 -16.00693	  34.26184	  34.75146
 6170	  7.56932	 -16.00693	  34.26184	  34.75146
 6171	  7.53127	 -16.0841	  34.22488	  34.71451
 6172	  7.52131	 -16.08146	  34.21741	  34.70703
 6170	  7.56932	 -16.00693	  34.26184	  34.75146
 6172	  7.52131	 -16.08146	  34.21741	  34.70703
 6173	  7.558	 -16.00394	  34.25336	  34.74297
 6174	  7.58911	 -16.00074	  34.24429	  34.73391
 6175	  7.55027	 -16.07815	  34.20801	  34.69764
 6176	  7.53127	 -16.0841	  34.22488	  34.71451
 6174	  7.58911	 -16.00074	  34.24429	  34.73391
 6176	  7.53127	 -16.0841	  34.22488	  34.71451
 6177	  7.56932	 -16.00693	  34.26184	  34.75146
 6178	  7.5778	 -15.99775	  34.23578	  34.7254
 6179	  7.54031	 -16.07551	  34.20052	  34.69016
 6180	  7.55027	 -16.07815	  34.20801	  34.69764
 6178	  7.5778	 -15.99775	  34.23578	  34.7254
 6180	  7.55027	 -16.07815	  34.20801	  34.69764
 6181	  7.58911	 -16.00074	  34.24429	  34.73391
 6182	  7.558	 -16.00394	  34.25336	  34.74297
 6183	  7.52131	 -16.08146	  34.21741	  34.70703
 6184	  7.54031	 -16.07551	  34.20052	  34.69016
 6182	  7.558	 -16.00394	  34.25336	  34.74297
 6184	  7.54031	 -16.07551	  34.20052	  34.69016
 6185	  7.5778	 -15.99775	  34.23578	  34.7254
 6186	  7.50681	 -16.20844	  34.19382	  34.68346
 6187	  7.52472	 -16.20282	  34.17791	  34.66754
 6188	  7.5253	 -16.15926	  34.18224	  34.67188
 6186	  7.50681	 -16.20844	  34.19382	  34.68346
 6188	  7.5253	 -16.15926	  34.18224	  34.67188
 6189	  7.50736	 -16.16488	  34.19819	  34.68782
 6190	  7.52472	 -16.20282	  34.17791	  34.66754
 6191	  7.5341	 -16.20531	  34.18497	  34.67461
 6192	  7.53471	 -16.16175	  34.18931	  34.67895
 6190	  7.52472	 -16.20282	  34.17791	  34.66754
 6192	  7.53471	 -16.16175	  34.18931	  34.67895
 6193	  7.5253	 -16.15926	  34.18224	  34.67188
 6194	  7.5341	 -16.20531	  34.18497	  34.67461
 6195	  7.5162	 -16.21092	  34.20088	  34.69051
 6196	  7.51676	 -16.16737	  34.20527	  34.69489
 6194	  7.5341	 -16.20531	  34.18497	  34.67461
 6196	  7.51676	 -16.16737	  34.20527	  34.69489
 6197	  7.53471	 -16.16175	  34.18931	  34.67895
 6198	  7.5162	 -16.21092	  34.20088	  34.69051
 6199	  7.50681	 -16.20844	  34.19382	  34.68346
 6200	  7.50736	 -16.16488	  34.19819	  34.68782
 6198	  7.5162	 -16.21092	  34.20088	  34.69051
 6200	  7.50736	 -16.16488	  34.19819	  34.68782
 6201	  7.51676	 -16.16737	  34.20527	  34.69489
 6202	  7.06416	 -16.02	  33.78701	  34.27677
 6203	  7.04383	 -16.0249	  33.80091	  34.29066
 6204	  7.04023	 -15.98005	  33.8016	  34.29135
 6202	  7.06416	 -16.02	  33.78701	  34.27677
 6204	  7.04023	 -15.98005	  33.8016	  34.29135
 6205	  7.06089	 -15.97507	  33.78748	  34.27723
 6206	  7.06089	 -15.97507	  33.78748	  34.27723
 6207	  7.04023	 -15.98005	  33.8016	  34.29135
 6208	  7.03061	 -15.93327	  33.79684	  34.28659
 6206	  7.06089	 -15.97507	  33.78748	  34.27723
 6208	  7.03061	 -15.93327	  33.79684	  34.28659
 6209	  7.05214	 -15.92809	  33.78212	  34.27188
 6210	  7.04383	 -16.0249	  33.80091	  34.29066
 6211	  7.03563	 -16.02207	  33.7929	  34.28265
 6212	  7.0319	 -15.97717	  33.79345	  34.2832
 6210	  7.04383	 -16.0249	  33.80091	  34.29066
 6212	  7.0319	 -15.97717	  33.79345	  34.2832
 6213	  7.04023	 -15.98005	  33.8016	  34.29135
 6214	  7.04023	 -15.98005	  33.8016	  34.29135
 6215	  7.0319	 -15.97717	  33.79345	  34.2832
 6216	  7.02193	 -15.93028	  33.78835	  34.27811
 6214	  7.04023	 -15.98005	  33.8016	  34.29135
 6216	  7.02193	 -15.93028	  33.78835	  34.27811
 6217	  7.03061	 -15.93327	  33.79684	  34.28659
 6218	  7.03563	 -16.02207	  33.7929	  34.28265
 6219	  7.05597	 -16.01718	  33.779	  34.26876
 6220	  7.05256	 -15.9722	  33.77933	  34.26909
 6218	  7.03563	 -16.02207	  33.7929	  34.28265
 6220	  7.05256	 -15.9722	  33.77933	  34.26909
 6221	  7.0319	 -15.97717	  33.79345	  34.2832
 6222	  7.0319	 -15.97717	  33.79345	  34.2832
 6223	  7.05256	 -15.9722	  33.77933	  34.26909
 6224	  7.04346	 -15.9251	  33.77364	  34.2634
 6222	  7.0319	 -15.97717	  33.79345	  34.2832
 6224	  7.04346	 -15.9251	  33.77364	  34.2634
 6225	  7.02193	 -15.93028	  33.78835	  34.27811
 6226	  7.05597	 -16.01718	  33.779	  34.26876
 6227	  7.06416	 -16.02	  33.78701	  34.27677
 6228	  7.06089	 -15.97507	  33.78748	  34.27723
 6226	  7.05597	 -16.01718	  33.779	  34.26876
 6228	  7.06089	 -15.97507	  33.78748	  34.27723
 6229	  7.05256	 -15.9722	  33.77933	  34.26909
 6230	  7.05256	 -15.9722	  33.77933	  34.26909
 6231	  7.06089	 -15.97507	  33.78748	  34.27723
 6232	  7.05214	 -15.92809	  33.78212	  34.27188
 6230	  7.05256	 -15.9722	  33.77933	  34.26909
 6232	  7.05214	 -15.92809	  33.78212	  34.27188
 6233	  7.04346	 -15.9251	  33.77364	  34.2634
 6234	  7.02019	 -15.82954	  33.7584	  34.24816
 6235	  6.99771	 -15.83493	  33.77369	  34.26345
 6236	  6.98784	 -15.83154	  33.76407	  34.25384
 6234	  7.02019	 -15.82954	  33.7584	  34.24816
 6236	  6.98784	 -15.83154	  33.76407	  34.25384
 6237	  7.01032	 -15.82616	  33.74879	  34.23856
 6238	  7.06463	 -16.06388	  33.78358	  34.27334
 6239	  7.04434	 -16.06877	  33.79745	  34.28721
 6240	  7.04383	 -16.0249	  33.80091	  34.29066
 6238	  7.06463	 -16.06388	  33.78358	  34.27334
 6240	  7.04383	 -16.0249	  33.80091	  34.29066
 6241	  7.06416	 -16.02	  33.78701	  34.27677
 6242	  7.04434	 -16.06877	  33.79745	  34.28721
 6243	  7.03616	 -16.06595	  33.78945	  34.27921
 6244	  7.03563	 -16.02207	  33.7929	  34.28265
 6242	  7.04434	 -16.06877	  33.79745	  34.28721
 6244	  7.03563	 -16.02207	  33.7929	  34.28265
 6245	  7.04383	 -16.0249	  33.80091	  34.29066
 6246	  7.03616	 -16.06595	  33.78945	  34.27921
 6247	  7.05645	 -16.06107	  33.77558	  34.26534
 6248	  7.05597	 -16.01718	  33.779	  34.26876
 6246	  7.03616	 -16.06595	  33.78945	  34.27921
 6248	  7.05597	 -16.01718	  33.779	  34.26876
 6249	  7.03563	 -16.02207	  33.7929	  34.28265
 6250	  7.05645	 -16.06107	  33.77558	  34.26534
 6251	  7.06463	 -16.06388	  33.78358	  34.27334
 6252	  7.06416	 -16.02	  33.78701	  34.27677
 6250	  7.05645	 -16.06107	  33.77558	  34.26534
 6252	  7.06416	 -16.02	  33.78701	  34.27677
 6253	  7.05597	 -16.01718	  33.779	  34.26876
 6254	  7.02019	 -15.82954	  33.7584	  34.24816
 6255	  7.05214	 -15.92809	  33.78212	  34.27188
 6256	  7.03061	 -15.93327	  33.79684	  34.28659
 6254	  7.02019	 -15.82954	  33.7584	  34.24816
 6256	  7.03061	 -15.93327	  33.79684	  34.28659
 6257	  6.99771	 -15.83493	  33.77369	  34.26345
 6258	  6.99771	 -15.83493	  33.77369	  34.26345
 6259	  7.03061	 -15.93327	  33.79684	  34.28659
 6260	  7.02193	 -15.93028	  33.78835	  34.27811
 6258	  6.99771	 -15.83493	  33.77369	  34.26345
 6260	  7.02193	 -15.93028	  33.78835	  34.27811
 6261	  6.98784	 -15.83154	  33.76407	  34.25384
 6262	  6.98784	 -15.83154	  33.76407	  34.25384
 6263	  7.02193	 -15.93028	  33.78835	  34.27811
 6264	  7.04346	 -15.9251	  33.77364	  34.2634
 6262	  6.98784	 -15.83154	  33.76407	  34.25384
 6264	  7.04346	 -15.9251	  33.77364	  34.2634
 6265	  7.01032	 -15.82616	  33.74879	  34.23856
 6266	  7.01032	 -15.82616	  33.74879	  34.23856
 6267	  7.04346	 -15.9251	  33.77364	  34.2634
 6268	  7.05214	 -15.92809	  33.78212	  34.27188
 6266	  7.01032	 -15.82616	  33.74879	  34.23856
 6268	  7.05214	 -15.92809	  33.78212	  34.27188
 6269	  7.02019	 -15.82954	  33.7584	  34.24816
 6270	  7.47439	 -16.17325	  34.22195	  34.71157
 6271	  7.49473	 -16.16835	  34.20805	  34.69768
 6272	  7.49832	 -16.12578	  34.21522	  34.70484
 6270	  7.47439	 -16.17325	  34.22195	  34.71157
 6272	  7.49832	 -16.12578	  34.21522	  34.70484
 6273	  7.47766	 -16.13076	  34.22934	  34.71896
 6274	  7.49473	 -16.16835	  34.20805	  34.69768
 6275	  7.50293	 -16.17117	  34.21606	  34.70569
 6276	  7.50665	 -16.12865	  34.22336	  34.71299
 6274	  7.49473	 -16.16835	  34.20805	  34.69768
 6276	  7.50665	 -16.12865	  34.22336	  34.71299
 6277	  7.49832	 -16.12578	  34.21522	  34.70484
 6278	  7.50293	 -16.17117	  34.21606	  34.70569
 6279	  7.48259	 -16.17607	  34.22996	  34.71958
 6280	  7.48599	 -16.13363	  34.23749	  34.7271
 6278	  7.50293	 -16.17117	  34.21606	  34.70569
 6280	  7.48599	 -16.13363	  34.23749	  34.7271
 6281	  7.50665	 -16.12865	  34.22336	  34.71299
 6282	  7.48259	 -16.17607	  34.22996	  34.71958
 6283	  7.47439	 -16.17325	  34.22195	  34.71157
 6284	  7.47766	 -16.13076	  34.22934	  34.71896
 6282	  7.48259	 -16.17607	  34.22996	  34.71958
 6284	  7.47766	 -16.13076	  34.22934	  34.71896
 6285	  7.48599	 -16.13363	  34.23749	  34.7271
 6286	  7.47766	 -16.13076	  34.22934	  34.71896
 6287	  7.49832	 -16.12578	  34.21522	  34.70484
 6288	  7.50794	 -16.08513	  34.22784	  34.71746
 6286	  7.47766	 -16.13076	  34.22934	  34.71896
 6288	  7.50794	 -16.08513	  34.22784	  34.71746
 6289	  7.48642	 -16.09032	  34.24255	  34.73216
 6290	  7.49832	 -16.12578	  34.21522	  34.70484
 6291	  7.50665	 -16.12865	  34.22336	  34.71299
 6292	  7.51662	 -16.08812	  34.23632	  34.72594
 6290	  7.49832	 -16.12578	  34.21522	  34.70484
 6292	  7.51662	 -16.08812	  34.23632	  34.72594
 6293	  7.50794	 -16.08513	  34.22784	  34.71746
 6294	  7.50665	 -16.12865	  34.22336	  34.71299
 6295	  7.48599	 -16.13363	  34.23749	  34.7271
 6296	  7.4951	 -16.09331	  34.25103	  34.74065
 6294	  7.50665	 -16.12865	  34.22336	  34.71299
 6296	  7.4951	 -16.09331	  34.25103	  34.74065
 6297	  7.51662	 -16.08812	  34.23632	  34.72594
 6298	  7.48599	 -16.13363	  34.23749	  34.7271
 6299	  7.47766	 -16.13076	  34.22934	  34.71896
 6300	  7.48642	 -16.09032	  34.24255	  34.73216
 6298	  7.48599	 -16.13363	  34.23749	  34.7271
 6300	  7.48642	 -16.09032	  34.24255	  34.73216
 6301	  7.4951	 -16.09331	  34.25103	  34.74065
 6302	  7.51836	 -16.01402	  34.28198	  34.77159
 6303	  7.54085	 -16.00863	  34.26669	  34.75629
 6304	  7.55072	 -16.01202	  34.27631	  34.76591
 6302	  7.51836	 -16.01402	  34.28198	  34.77159
 6304	  7.55072	 -16.01202	  34.27631	  34.76591
 6305	  7.52824	 -16.01741	  34.29159	  34.78119
 6306	  7.52824	 -16.01741	  34.29159	  34.78119
 6307	  7.4951	 -16.09331	  34.25103	  34.74065
 6308	  7.48642	 -16.09032	  34.24255	  34.73216
 6306	  7.52824	 -16.01741	  34.29159	  34.78119
 6308	  7.48642	 -16.09032	  34.24255	  34.73216
 6309	  7.51836	 -16.01402	  34.28198	  34.77159
 6310	  7.55072	 -16.01202	  34.27631	  34.76591
 6311	  7.51662	 -16.08812	  34.23632	  34.72594
 6312	  7.4951	 -16.09331	  34.25103	  34.74065
 6310	  7.55072	 -16.01202	  34.27631	  34.76591
 6312	  7.4951	 -16.09331	  34.25103	  34.74065
 6313	  7.52824	 -16.01741	  34.29159	  34.78119
 6314	  7.54085	 -16.00863	  34.26669	  34.75629
 6315	  7.50794	 -16.08513	  34.22784	  34.71746
 6316	  7.51662	 -16.08812	  34.23632	  34.72594
 6314	  7.54085	 -16.00863	  34.26669	  34.75629
 6316	  7.51662	 -16.08812	  34.23632	  34.72594
 6317	  7.55072	 -16.01202	  34.27631	  34.76591
 6318	  7.51836	 -16.01402	  34.28198	  34.77159
 6319	  7.48642	 -16.09032	  34.24255	  34.73216
 6320	  7.50794	 -16.08513	  34.22784	  34.71746
 6318	  7.51836	 -16.01402	  34.28198	  34.77159
 6320	  7.50794	 -16.08513	  34.22784	  34.71746
 6321	  7.54085	 -16.00863	  34.26669	  34.75629
 6322	  7.47392	 -16.21678	  34.21752	  34.70715
 6323	  7.49421	 -16.21189	  34.20365	  34.69328
 6324	  7.49473	 -16.16835	  34.20805	  34.69768
 6322	  7.47392	 -16.21678	  34.21752	  34.70715
 6324	  7.49473	 -16.16835	  34.20805	  34.69768
 6325	  7.47439	 -16.17325	  34.22195	  34.71157
 6326	  7.49421	 -16.21189	  34.20365	  34.69328
 6327	  7.50239	 -16.21471	  34.21165	  34.70128
 6328	  7.50293	 -16.17117	  34.21606	  34.70569
 6326	  7.49421	 -16.21189	  34.20365	  34.69328
 6328	  7.50293	 -16.17117	  34.21606	  34.70569
 6329	  7.49473	 -16.16835	  34.20805	  34.69768
 6330	  7.50239	 -16.21471	  34.21165	  34.70128
 6331	  7.48211	 -16.2196	  34.22552	  34.71515
 6332	  7.48259	 -16.17607	  34.22996	  34.71958
 6330	  7.50239	 -16.21471	  34.21165	  34.70128
 6332	  7.48259	 -16.17607	  34.22996	  34.71958
 6333	  7.50293	 -16.17117	  34.21606	  34.70569
 6334	  7.48211	 -16.2196	  34.22552	  34.71515
 6335	  7.47392	 -16.21678	  34.21752	  34.70715
 6336	  7.47439	 -16.17325	  34.22195	  34.71157
 6334	  7.48211	 -16.2196	  34.22552	  34.71515
 6336	  7.47439	 -16.17325	  34.22195	  34.71157
 6337	  7.48259	 -16.17607	  34.22996	  34.71958
 6338	  7.10064	 -16.01294	  33.76698	  34.25674
 6339	  7.07825	 -16.01703	  33.77859	  34.26835
 6340	  7.07521	 -15.97205	  33.77892	  34.26868
 6338	  7.10064	 -16.01294	  33.76698	  34.25674
 6340	  7.07521	 -15.97205	  33.77892	  34.26868
 6341	  7.09795	 -15.9679	  33.76712	  34.25689
 6342	  7.09795	 -15.9679	  33.76712	  34.25689
 6343	  7.07521	 -15.97205	  33.77892	  34.26868
 6344	  7.06706	 -15.92495	  33.77321	  34.26297
 6342	  7.09795	 -15.9679	  33.76712	  34.25689
 6344	  7.06706	 -15.92495	  33.77321	  34.26297
 6345	  7.09075	 -15.92062	  33.76093	  34.25069
 6346	  7.07825	 -16.01703	  33.77859	  34.26835
 6347	  7.07141	 -16.01392	  33.76978	  34.25954
 6348	  7.06825	 -15.96889	  33.76996	  34.25972
 6346	  7.07825	 -16.01703	  33.77859	  34.26835
 6348	  7.06825	 -15.96889	  33.76996	  34.25972
 6349	  7.07521	 -15.97205	  33.77892	  34.26868
 6350	  7.07521	 -15.97205	  33.77892	  34.26868
 6351	  7.06825	 -15.96889	  33.76996	  34.25972
 6352	  7.05981	 -15.92166	  33.76388	  34.25364
 6350	  7.07521	 -15.97205	  33.77892	  34.26868
 6352	  7.05981	 -15.92166	  33.76388	  34.25364
 6353	  7.06706	 -15.92495	  33.77321	  34.26297
 6354	  7.07141	 -16.01392	  33.76978	  34.25954
 6355	  7.09379	 -16.00983	  33.75816	  34.24792
 6356	  7.09099	 -15.96474	  33.75816	  34.24792
 6354	  7.07141	 -16.01392	  33.76978	  34.25954
 6356	  7.09099	 -15.96474	  33.75816	  34.24792
 6357	  7.06825	 -15.96889	  33.76996	  34.25972
 6358	  7.06825	 -15.96889	  33.76996	  34.25972
 6359	  7.09099	 -15.96474	  33.75816	  34.24792
 6360	  7.0835	 -15.91732	  33.75158	  34.24135
 6358	  7.06825	 -15.96889	  33.76996	  34.25972
 6360	  7.0835	 -15.91732	  33.75158	  34.24135
 6361	  7.05981	 -15.92166	  33.76388	  34.25364
 6362	  7.09379	 -16.00983	  33.75816	  34.24792
 6363	  7.10064	 -16.01294	  33.76698	  34.25674
 6364	  7.09795	 -15.9679	  33.76712	  34.25689
 6362	  7.09379	 -16.00983	  33.75816	  34.24792
 6364	  7.09795	 -15.9679	  33.76712	  34.25689
 6365	  7.09099	 -15.96474	  33.75816	  34.24792
 6366	  7.09099	 -15.96474	  33.75816	  34.24792
 6367	  7.09795	 -15.9679	  33.76712	  34.25689
 6368	  7.09075	 -15.92062	  33.76093	  34.25069
 6366	  7.09099	 -15.96474	  33.75816	  34.24792
 6368	  7.09075	 -15.92062	  33.76093	  34.25069
