 1892	 -2.25703	 -12.52178	  37.04105	  37.52983
 1892	 -2.25703	 -12.52178	  37.04105	  37.52983
 1894	 -2.20465	 -12.56466	  37.02276	  37.51154
 1889	 -2.15091	 -12.57428	  37.00757	  37.49635
 1889	 -2.15091	 -12.57428	  37.00757	  37.49635
 1894	 -2.20465	 -12.56466	  37.02276	  37.51154
 1895	 -2.18261	 -12.57331	  37.0107	  37.49949
 1896	 -2.17176	 -12.57497	  37.00872	  37.49751
 1889	 -2.15091	 -12.57428	  37.00757	  37.49635
 1895	 -2.18261	 -12.57331	  37.0107	  37.49949
 1897	 -2.16401	 -12.57535	  37.00787	  37.49665
 1889	 -2.15091	 -12.57428	  37.00757	  37.49635
 1896	 -2.17176	 -12.57497	  37.00872	  37.49751
 1889	 -2.15091	 -12.57428	  37.00757	  37.49635
 1897	 -2.16401	 -12.57535	  37.00787	  37.49665
 1898	 -2.15724	 -12.57508	  37.00752	  37.49632
 1899	 -2.13992	 -12.57128	  37.00861	  37.49741
 1900	 -2.11108	 -12.55432	  37.01742	  37.5062
 1889	 -2.15091	 -12.57428	  37.00757	  37.49635
 1901	 -2.12844	 -12.56615	  37.01092	  37.4997
 1900	 -2.11108	 -12.55432	  37.01742	  37.5062
 1899	 -2.13992	 -12.57128	  37.00861	  37.49741
 1902	 -2.12057	 -12.56123	  37.01344	  37.50222
 1900	 -2.11108	 -12.55432	  37.01742	  37.5062
 1901	 -2.12844	 -12.56615	  37.01092	  37.4997
 1889	 -2.15091	 -12.57428	  37.00757	  37.49635
 1900	 -2.11108	 -12.55432	  37.01742	  37.5062
 1903	 -2.15495	 -12.40668	  36.98933	  37.47812
 1884	 -2.22851	 -12.23399	  36.99864	  37.48743
 1889	 -2.15091	 -12.57428	  37.00757	  37.49635
 1903	 -2.15495	 -12.40668	  36.98933	  37.47812
 1900	 -2.11108	 -12.55432	  37.01742	  37.5062
 1904	 -2.09975	 -12.3935	  37.00184	  37.49063
 1903	 -2.15495	 -12.40668	  36.98933	  37.47812
 1903	 -2.15495	 -12.40668	  36.98933	  37.47812
 1905	 -2.14023	 -12.37236	  36.97798	  37.46678
 1884	 -2.22851	 -12.23399	  36.99864	  37.48743
 1903	 -2.15495	 -12.40668	  36.98933	  37.47812
 1904	 -2.09975	 -12.3935	  37.00184	  37.49063
 1905	 -2.14023	 -12.37236	  36.97798	  37.46678
 1905	 -2.14023	 -12.37236	  36.97798	  37.46678
 1906	 -2.12024	 -12.28971	  36.98434	  37.47313
 1884	 -2.22851	 -12.23399	  36.99864	  37.48743
 1906	 -2.12024	 -12.28971	  36.98434	  37.47313
 1905	 -2.14023	 -12.37236	  36.97798	  37.46678
 1904	 -2.09975	 -12.3935	  37.00184	  37.49063
 1907	 -2.03846	 -12.44198	  37.05116	  37.53994
 1904	 -2.09975	 -12.3935	  37.00184	  37.49063
 1900	 -2.11108	 -12.55432	  37.01742	  37.5062
 1907	 -2.03846	 -12.44198	  37.05116	  37.53994
 1900	 -2.11108	 -12.55432	  37.01742	  37.5062
 1908	 -2.06859	 -12.55259	  37.01756	  37.50635
 1907	 -2.03846	 -12.44198	  37.05116	  37.53994
 1908	 -2.06859	 -12.55259	  37.01756	  37.50635
 1909	 -2.03093	 -12.51645	  37.09673	  37.58549
 1909	 -2.03093	 -12.51645	  37.09673	  37.58549
 1910	 -2.01864	 -12.48244	  37.08547	  37.57424
 1907	 -2.03846	 -12.44198	  37.05116	  37.53994
 1911	 -2.0097	 -12.44697	  37.07227	  37.56104
 1907	 -2.03846	 -12.44198	  37.05116	  37.53994
 1910	 -2.01864	 -12.48244	  37.08547	  37.57424
 1911	 -2.0097	 -12.44697	  37.07227	  37.56104
 1912	 -2.00175	 -12.40966	  37.05994	  37.54871
 1907	 -2.03846	 -12.44198	  37.05116	  37.53994
 1907	 -2.03846	 -12.44198	  37.05116	  37.53994
 1912	 -2.00175	 -12.40966	  37.05994	  37.54871
 1913	 -1.99772	 -12.38706	  37.05341	  37.54218
 1914	 -1.99386	 -12.3619	  37.04716	  37.53593
 1907	 -2.03846	 -12.44198	  37.05116	  37.53994
 1913	 -1.99772	 -12.38706	  37.05341	  37.54218
 1907	 -2.03846	 -12.44198	  37.05116	  37.53994
 1914	 -1.99386	 -12.3619	  37.04716	  37.53593
 1915	 -1.98926	 -12.32583	  37.03999	  37.52877
 1907	 -2.03846	 -12.44198	  37.05116	  37.53994
 1915	 -1.98926	 -12.32583	  37.03999	  37.52877
 1916	 -1.94421	 -11.90001	  37.04399	  37.53277
 1916	 -1.94421	 -11.90001	  37.04399	  37.53277
 1915	 -1.98926	 -12.32583	  37.03999	  37.52877
 1917	 -1.98585	 -12.29422	  37.03512	  37.5239
 1917	 -1.98585	 -12.29422	  37.03512	  37.5239
 1918	 -1.98413	 -12.27578	  37.033	  37.52177
 1916	 -1.94421	 -11.90001	  37.04399	  37.53277
 1918	 -1.98413	 -12.27578	  37.033	  37.52177
 1919	 -1.97431	 -12.2125	  37.02223	  37.51102
 1916	 -1.94421	 -11.90001	  37.04399	  37.53277
 1916	 -1.94421	 -11.90001	  37.04399	  37.53277
 1904	 -2.09975	 -12.3935	  37.00184	  37.49063
 1907	 -2.03846	 -12.44198	  37.05116	  37.53994
 1920	 -1.9726	 -12.12795	  37.02844	  37.51723
 1921	 -1.95706	 -11.9986	  37.03529	  37.52406
 1916	 -1.94421	 -11.90001	  37.04399	  37.53277
 1916	 -1.94421	 -11.90001	  37.04399	  37.53277
 1921	 -1.95706	 -11.9986	  37.03529	  37.52406
 1922	 -1.94783	 -11.93513	  37.04079	  37.52957
 1916	 -1.94421	 -11.90001	  37.04399	  37.53277
 1923	 -2.05976	 -12.25821	  36.99497	  37.48376
 1904	 -2.09975	 -12.3935	  37.00184	  37.49063
 1906	 -2.12024	 -12.28971	  36.98434	  37.47313
 1904	 -2.09975	 -12.3935	  37.00184	  37.49063
 1923	 -2.05976	 -12.25821	  36.99497	  37.48376
 1923	 -2.05976	 -12.25821	  36.99497	  37.48376
 1916	 -1.94421	 -11.90001	  37.04399	  37.53277
 1924	 -2.02072	 -12.06705	  37.00591	  37.49469
 1925	 -2.07285	 -12.11892	  36.98647	  37.47526
 1906	 -2.12024	 -12.28971	  36.98434	  37.47313
 1923	 -2.05976	 -12.25821	  36.99497	  37.48376
 1925	 -2.07285	 -12.11892	  36.98647	  37.47526
 1923	 -2.05976	 -12.25821	  36.99497	  37.48376
 1924	 -2.02072	 -12.06705	  37.00591	  37.49469
 1916	 -1.94421	 -11.90001	  37.04399	  37.53277
 1926	 -1.97583	 -11.84348	  37.03343	  37.52222
 1924	 -2.02072	 -12.06705	  37.00591	  37.49469
 1916	 -1.94421	 -11.90001	  37.04399	  37.53277
 1927	 -1.94326	 -11.8676	  37.04659	  37.53537
 1926	 -1.97583	 -11.84348	  37.03343	  37.52222
 1928	 -1.94551	 -11.83958	  37.04813	  37.5369
 1926	 -1.97583	 -11.84348	  37.03343	  37.52222
 1927	 -1.94326	 -11.8676	  37.04659	  37.53537
 1928	 -1.94551	 -11.83958	  37.04813	  37.5369
 1929	 -1.95251	 -11.81333	  37.04821	  37.53699
 1926	 -1.97583	 -11.84348	  37.03343	  37.52222
 1926	 -1.97583	 -11.84348	  37.03343	  37.52222
 1929	 -1.95251	 -11.81333	  37.04821	  37.53699
 1930	 -1.97592	 -11.78028	  37.05196	  37.54073
 1931	 -2.00199	 -11.69043	  37.04942	  37.53819
 1926	 -1.97583	 -11.84348	  37.03343	  37.52222
 1930	 -1.97592	 -11.78028	  37.05196	  37.54073
 1924	 -2.02072	 -12.06705	  37.00591	  37.49469
 1926	 -1.97583	 -11.84348	  37.03343	  37.52222
 1932	 -2.07081	 -11.92413	  36.99461	  37.4834
 1925	 -2.07285	 -12.11892	  36.98647	  37.47526
 1924	 -2.02072	 -12.06705	  37.00591	  37.49469
 1932	 -2.07081	 -11.92413	  36.99461	  37.4834
 1933	 -2.04566	 -11.74898	  37.02604	  37.51482
 1926	 -1.97583	 -11.84348	  37.03343	  37.52222
 1931	 -2.00199	 -11.69043	  37.04942	  37.53819
 1933	 -2.04566	 -11.74898	  37.02604	  37.51482
 1932	 -2.07081	 -11.92413	  36.99461	  37.4834
 1926	 -1.97583	 -11.84348	  37.03343	  37.52222
 1934	 -2.00918	 -11.56489	  37.06719	  37.55597
 1933	 -2.04566	 -11.74898	  37.02604	  37.51482
 1931	 -2.00199	 -11.69043	  37.04942	  37.53819
 1935	 -2.10836	 -11.81377	  36.99635	  37.48515
 1925	 -2.07285	 -12.11892	  36.98647	  37.47526
 1932	 -2.07081	 -11.92413	  36.99461	  37.4834
 1932	 -2.07081	 -11.92413	  36.99461	  37.4834
 1933	 -2.04566	 -11.74898	  37.02604	  37.51482
 1935	 -2.10836	 -11.81377	  36.99635	  37.48515
 1925	 -2.07285	 -12.11892	  36.98647	  37.47526
 1935	 -2.10836	 -11.81377	  36.99635	  37.48515
 1936	 -2.13277	 -12.19099	  36.97916	  37.46796
 1906	 -2.12024	 -12.28971	  36.98434	  37.47313
 1925	 -2.07285	 -12.11892	  36.98647	  37.47526
 1936	 -2.13277	 -12.19099	  36.97916	  37.46796
 1937	 -2.19439	 -12.03939	  36.99051	  37.4793
 1906	 -2.12024	 -12.28971	  36.98434	  37.47313
 1936	 -2.13277	 -12.19099	  36.97916	  37.46796
 1936	 -2.13277	 -12.19099	  36.97916	  37.46796
 1935	 -2.10836	 -11.81377	  36.99635	  37.48515
 1937	 -2.19439	 -12.03939	  36.99051	  37.4793
 1884	 -2.22851	 -12.23399	  36.99864	  37.48743
 1906	 -2.12024	 -12.28971	  36.98434	  37.47313
 1937	 -2.19439	 -12.03939	  36.99051	  37.4793
 1884	 -2.22851	 -12.23399	  36.99864	  37.48743
 1937	 -2.19439	 -12.03939	  36.99051	  37.4793
 1888	 -2.26537	 -12.10017	  37.00333	  37.49211
 1888	 -2.26537	 -12.10017	  37.00333	  37.49211
 1937	 -2.19439	 -12.03939	  36.99051	  37.4793
 1938	 -2.26057	 -12.08158	  37.01472	  37.5035
 1937	 -2.19439	 -12.03939	  36.99051	  37.4793
 1939	 -2.26254	 -12.0231	  37.00567	  37.49445
 1938	 -2.26057	 -12.08158	  37.01472	  37.5035
 1939	 -2.26254	 -12.0231	  37.00567	  37.49445
 1937	 -2.19439	 -12.03939	  36.99051	  37.4793
 1940	 -2.26096	 -11.97422	  37.00863	  37.49741
 1937	 -2.19439	 -12.03939	  36.99051	  37.4793
 1941	 -2.2599	 -11.93389	  37.0115	  37.50029
 1940	 -2.26096	 -11.97422	  37.00863	  37.49741
 1937	 -2.19439	 -12.03939	  36.99051	  37.4793
 1942	 -2.21521	 -11.81965	  37.01101	  37.49979
 1941	 -2.2599	 -11.93389	  37.0115	  37.50029
 1941	 -2.2599	 -11.93389	  37.0115	  37.50029
 1942	 -2.21521	 -11.81965	  37.01101	  37.49979
 1943	 -2.25847	 -11.87233	  37.01681	  37.50559
 1942	 -2.21521	 -11.81965	  37.01101	  37.49979
 1944	 -2.25678	 -11.81625	  37.02277	  37.51156
 1943	 -2.25847	 -11.87233	  37.01681	  37.50559
 1942	 -2.21521	 -11.81965	  37.01101	  37.49979
 1945	 -2.19707	 -11.80452	  37.12088	  37.60963
 1944	 -2.25678	 -11.81625	  37.02277	  37.51156
 1942	 -2.21521	 -11.81965	  37.01101	  37.49979
 1946	 -2.17673	 -11.70393	  37.02571	  37.5145
 1945	 -2.19707	 -11.80452	  37.12088	  37.60963
 1946	 -2.17673	 -11.70393	  37.02571	  37.5145
 1947	 -2.20231	 -11.5859	  37.05299	  37.54176
 1945	 -2.19707	 -11.80452	  37.12088	  37.60963
 1947	 -2.20231	 -11.5859	  37.05299	  37.54176
 1946	 -2.17673	 -11.70393	  37.02571	  37.5145
 1948	 -2.22041	 -11.40599	  37.08617	  37.57493
 1949	 -2.16754	 -11.83453	  37.00417	  37.49295
 1946	 -2.17673	 -11.70393	  37.02571	  37.5145
 1942	 -2.21521	 -11.81965	  37.01101	  37.49979
 1948	 -2.22041	 -11.40599	  37.08617	  37.57493
 1950	 -2.21329	 -11.46553	  37.07262	  37.56139
 1951	 -2.206	 -11.52078	  37.0636	  37.55237
 1937	 -2.19439	 -12.03939	  36.99051	  37.4793
 1949	 -2.16754	 -11.83453	  37.00417	  37.49295
 1942	 -2.21521	 -11.81965	  37.01101	  37.49979
 1937	 -2.19439	 -12.03939	  36.99051	  37.4793
 1935	 -2.10836	 -11.81377	  36.99635	  37.48515
 1949	 -2.16754	 -11.83453	  37.00417	  37.49295
 1949	 -2.16754	 -11.83453	  37.00417	  37.49295
 1935	 -2.10836	 -11.81377	  36.99635	  37.48515
 1952	 -2.10204	 -11.61448	  37.03686	  37.52563
 1935	 -2.10836	 -11.81377	  36.99635	  37.48515
 1933	 -2.04566	 -11.74898	  37.02604	  37.51482
 1952	 -2.10204	 -11.61448	  37.03686	  37.52563
 1948	 -2.22041	 -11.40599	  37.08617	  37.57493
 1949	 -2.16754	 -11.83453	  37.00417	  37.49295
 1953	 -2.12738	 -11.4902	  37.05032	  37.5391
 1949	 -2.16754	 -11.83453	  37.00417	  37.49295
 1952	 -2.10204	 -11.61448	  37.03686	  37.52563
 1953	 -2.12738	 -11.4902	  37.05032	  37.5391
 1954	 -2.07575	 -11.50132	  37.05709	  37.54586
 1952	 -2.10204	 -11.61448	  37.03686	  37.52563
 1933	 -2.04566	 -11.74898	  37.02604	  37.51482
 1953	 -2.12738	 -11.4902	  37.05032	  37.5391
 1952	 -2.10204	 -11.61448	  37.03686	  37.52563
 1954	 -2.07575	 -11.50132	  37.05709	  37.54586
 1933	 -2.04566	 -11.74898	  37.02604	  37.51482
 1955	 -2.00918	 -11.56489	  37.06719	  37.55597
 1956	 -2.04951	 -11.35516	  37.0943	  37.58306
 1956	 -2.04951	 -11.35516	  37.0943	  37.58306
 1954	 -2.07575	 -11.50132	  37.05709	  37.54586
 1933	 -2.04566	 -11.74898	  37.02604	  37.51482
 1953	 -2.12738	 -11.4902	  37.05032	  37.5391
 1954	 -2.07575	 -11.50132	  37.05709	  37.54586
 1957	 -2.09202	 -11.36745	  37.08591	  37.57468
 1954	 -2.07575	 -11.50132	  37.05709	  37.54586
 1956	 -2.04951	 -11.35516	  37.0943	  37.58306
 1957	 -2.09202	 -11.36745	  37.08591	  37.57468
 1956	 -2.04951	 -11.35516	  37.0943	  37.58306
 1934	 -2.00918	 -11.56489	  37.06719	  37.55597
 1958	 -2.00966	 -11.51611	  37.07573	  37.5645
 1958	 -2.00966	 -11.51611	  37.07573	  37.5645
 1959	 -2.01098	 -11.46508	  37.08586	  37.57462
 1956	 -2.04951	 -11.35516	  37.0943	  37.58306
 1957	 -2.09202	 -11.36745	  37.08591	  37.57468
 1960	 -2.15583	 -11.34997	  37.0875	  37.57627
 1953	 -2.12738	 -11.4902	  37.05032	  37.5391
 1953	 -2.12738	 -11.4902	  37.05032	  37.5391
 1960	 -2.15583	 -11.34997	  37.0875	  37.57627
 1948	 -2.22041	 -11.40599	  37.08617	  37.57493
 1948	 -2.22041	 -11.40599	  37.08617	  37.57493
 1960	 -2.15583	 -11.34997	  37.0875	  37.57627
 1961	 -2.22392	 -11.36958	  37.10543	  37.59419
 1962	 -2.26925	 -11.23786	  37.12524	  37.614
 1963	 -2.24696	 -11.32566	  37.12334	  37.61209
 1961	 -2.22392	 -11.36958	  37.10543	  37.59419
 1960	 -2.15583	 -11.34997	  37.0875	  37.57627
 1957	 -2.09202	 -11.36745	  37.08591	  37.57468
 1964	 -2.12551	 -11.20979	  37.11737	  37.60613
 1962	 -2.26925	 -11.23786	  37.12524	  37.614
 1961	 -2.22392	 -11.36958	  37.10543	  37.59419
 1965	 -2.26676	 -11.20077	  37.16156	  37.6503
 1962	 -2.26925	 -11.23786	  37.12524	  37.614
 1965	 -2.26676	 -11.20077	  37.16156	  37.6503
 1966	 -2.27526	 -11.22742	  37.15375	  37.64249
 1965	 -2.26676	 -11.20077	  37.16156	  37.6503
 1967	 -2.28155	 -11.21051	  37.1599	  37.64864
 1966	 -2.27526	 -11.22742	  37.15375	  37.64249
 1967	 -2.28155	 -11.21051	  37.1599	  37.64864
 1965	 -2.26676	 -11.20077	  37.16156	  37.6503
 1968	 -2.2834	 -11.19024	  37.16766	  37.65639
 1965	 -2.26676	 -11.20077	  37.16156	  37.6503
 1969	 -2.28194	 -11.17302	  37.17515	  37.66388
 1968	 -2.2834	 -11.19024	  37.16766	  37.65639
 1970	 -2.28963	 -11.13887	  37.19798	  37.68671
 1969	 -2.28194	 -11.17302	  37.17515	  37.66388
 1965	 -2.26676	 -11.20077	  37.16156	  37.6503
 1961	 -2.22392	 -11.36958	  37.10543	  37.59419
 1971	 -2.21327	 -11.13143	  37.18082	  37.66956
 1965	 -2.26676	 -11.20077	  37.16156	  37.6503
 1971	 -2.21327	 -11.13143	  37.18082	  37.66956
 1970	 -2.28963	 -11.13887	  37.19798	  37.68671
 1965	 -2.26676	 -11.20077	  37.16156	  37.6503
 1971	 -2.21327	 -11.13143	  37.18082	  37.66956
 1961	 -2.22392	 -11.36958	  37.10543	  37.59419
 1972	 -2.1633	 -11.20082	  37.14054	  37.6293
 1960	 -2.15583	 -11.34997	  37.0875	  37.57627
 1972	 -2.1633	 -11.20082	  37.14054	  37.6293
 1961	 -2.22392	 -11.36958	  37.10543	  37.59419
 1960	 -2.15583	 -11.34997	  37.0875	  37.57627
 1973	 -2.15963	 -11.11773	  37.16285	  37.65159
 1972	 -2.1633	 -11.20082	  37.14054	  37.6293
 1971	 -2.21327	 -11.13143	  37.18082	  37.66956
 1972	 -2.1633	 -11.20082	  37.14054	  37.6293
 1973	 -2.15963	 -11.11773	  37.16285	  37.65159
 1973	 -2.15963	 -11.11773	  37.16285	  37.65159
 1960	 -2.15583	 -11.34997	  37.0875	  37.57627
 1964	 -2.12551	 -11.20979	  37.11737	  37.60613
 1971	 -2.21327	 -11.13143	  37.18082	  37.66956
 1974	 -2.23927	 -11.09215	  37.21302	  37.70174
 1970	 -2.28963	 -11.13887	  37.19798	  37.68671
 1975	 -2.2923	 -11.13043	  37.21033	  37.69905
 1970	 -2.28963	 -11.13887	  37.19798	  37.68671
 1974	 -2.23927	 -11.09215	  37.21302	  37.70174
 1975	 -2.2923	 -11.13043	  37.21033	  37.69905
 1974	 -2.23927	 -11.09215	  37.21302	  37.70174
 1976	 -2.28045	 -11.11368	  37.22762	  37.71635
 1977	 -2.2808	 -11.10777	  37.2284	  37.71712
 1976	 -2.28045	 -11.11368	  37.22762	  37.71635
 1974	 -2.23927	 -11.09215	  37.21302	  37.70174
 1974	 -2.23927	 -11.09215	  37.21302	  37.70174
 1978	 -2.2745	 -11.09934	  37.23364	  37.72237
 1977	 -2.2808	 -11.10777	  37.2284	  37.71712
 1978	 -2.2745	 -11.09934	  37.23364	  37.72237
 1974	 -2.23927	 -11.09215	  37.21302	  37.70174
 1979	 -2.27055	 -11.10111	  37.23578	  37.72449
 1979	 -2.27055	 -11.10111	  37.23578	  37.72449
 1974	 -2.23927	 -11.09215	  37.21302	  37.70174
 1980	 -2.24875	 -11.06937	  37.24987	  37.73859
 1974	 -2.23927	 -11.09215	  37.21302	  37.70174
 1981	 -2.22851	 -11.04562	  37.26413	  37.75284
 1980	 -2.24875	 -11.06937	  37.24987	  37.73859
 1982	 -2.22312	 -11.03152	  37.28062	  37.76933
 1983	 -2.22675	 -11.03588	  37.2724	  37.76111
 1981	 -2.22851	 -11.04562	  37.26413	  37.75284
 1981	 -2.22851	 -11.04562	  37.26413	  37.75284
 1974	 -2.23927	 -11.09215	  37.21302	  37.70174
 1982	 -2.22312	 -11.03152	  37.28062	  37.76933
 1974	 -2.23927	 -11.09215	  37.21302	  37.70174
 1984	 -2.21163	 -10.9712	  37.2044	  37.69313
 1982	 -2.22312	 -11.03152	  37.28062	  37.76933
 1974	 -2.23927	 -11.09215	  37.21302	  37.70174
 1971	 -2.21327	 -11.13143	  37.18082	  37.66956
 1984	 -2.21163	 -10.9712	  37.2044	  37.69313
 1985	 -2.1632	 -10.97439	  37.17809	  37.66683
 1984	 -2.21163	 -10.9712	  37.2044	  37.69313
 1971	 -2.21327	 -11.13143	  37.18082	  37.66956
 1971	 -2.21327	 -11.13143	  37.18082	  37.66956
 1973	 -2.15963	 -11.11773	  37.16285	  37.65159
 1985	 -2.1632	 -10.97439	  37.17809	  37.66683
 1984	 -2.21163	 -10.9712	  37.2044	  37.69313
 1986	 -2.12774	 -11.01813	  37.26051	  37.74922
 1982	 -2.22312	 -11.03152	  37.28062	  37.76933
 1985	 -2.1632	 -10.97439	  37.17809	  37.66683
 1973	 -2.15963	 -11.11773	  37.16285	  37.65159
 1987	 -2.14058	 -11.0832	  37.14943	  37.63818
 1964	 -2.12551	 -11.20979	  37.11737	  37.60613
 1987	 -2.14058	 -11.0832	  37.14943	  37.63818
 1973	 -2.15963	 -11.11773	  37.16285	  37.65159
 1985	 -2.1632	 -10.97439	  37.17809	  37.66683
 1988	 -2.06635	 -10.96122	  37.23457	  37.72328
 1984	 -2.21163	 -10.9712	  37.2044	  37.69313
 1984	 -2.21163	 -10.9712	  37.2044	  37.69313
 1988	 -2.06635	 -10.96122	  37.23457	  37.72328
 1986	 -2.12774	 -11.01813	  37.26051	  37.74922
 1985	 -2.1632	 -10.97439	  37.17809	  37.66683
 1987	 -2.14058	 -11.0832	  37.14943	  37.63818
 1989	 -2.133	 -10.96727	  37.16289	  37.65163
 1989	 -2.133	 -10.96727	  37.16289	  37.65163
 1988	 -2.06635	 -10.96122	  37.23457	  37.72328
 1985	 -2.1632	 -10.97439	  37.17809	  37.66683
 1964	 -2.12551	 -11.20979	  37.11737	  37.60613
 1990	 -2.10346	 -11.18037	  37.13622	  37.62498
 1987	 -2.14058	 -11.0832	  37.14943	  37.63818
 1990	 -2.10346	 -11.18037	  37.13622	  37.62498
 1964	 -2.12551	 -11.20979	  37.11737	  37.60613
 1957	 -2.09202	 -11.36745	  37.08591	  37.57468
 1989	 -2.133	 -10.96727	  37.16289	  37.65163
 1987	 -2.14058	 -11.0832	  37.14943	  37.63818
 1991	 -2.10175	 -10.97446	  37.16424	  37.65298
 1987	 -2.14058	 -11.0832	  37.14943	  37.63818
 1990	 -2.10346	 -11.18037	  37.13622	  37.62498
 1991	 -2.10175	 -10.97446	  37.16424	  37.65298
 1988	 -2.06635	 -10.96122	  37.23457	  37.72328
 1989	 -2.133	 -10.96727	  37.16289	  37.65163
 1991	 -2.10175	 -10.97446	  37.16424	  37.65298
 1956	 -2.04951	 -11.35516	  37.0943	  37.58306
 1990	 -2.10346	 -11.18037	  37.13622	  37.62498
 1957	 -2.09202	 -11.36745	  37.08591	  37.57468
 1991	 -2.10175	 -10.97446	  37.16424	  37.65298
 1990	 -2.10346	 -11.18037	  37.13622	  37.62498
 1992	 -2.0292	 -11.07927	  37.16809	  37.65683
 1990	 -2.10346	 -11.18037	  37.13622	  37.62498
 1956	 -2.04951	 -11.35516	  37.0943	  37.58306
 1993	 -2.03496	 -11.1979	  37.13748	  37.62623
 1990	 -2.10346	 -11.18037	  37.13622	  37.62498
 1993	 -2.03496	 -11.1979	  37.13748	  37.62623
 1992	 -2.0292	 -11.07927	  37.16809	  37.65683
 1992	 -2.0292	 -11.07927	  37.16809	  37.65683
 1994	 -2.03356	 -10.96219	  37.2019	  37.69063
 1991	 -2.10175	 -10.97446	  37.16424	  37.65298
 1988	 -2.06635	 -10.96122	  37.23457	  37.72328
 1991	 -2.10175	 -10.97446	  37.16424	  37.65298
 1994	 -2.03356	 -10.96219	  37.2019	  37.69063
 1993	 -2.03496	 -11.1979	  37.13748	  37.62623
 1995	 -1.99263	 -11.09539	  37.18179	  37.67053
 1992	 -2.0292	 -11.07927	  37.16809	  37.65683
 1994	 -2.03356	 -10.96219	  37.2019	  37.69063
 1996	 -2.0049	 -10.99815	  37.23956	  37.72828
 1988	 -2.06635	 -10.96122	  37.23457	  37.72328
 1994	 -2.03356	 -10.96219	  37.2019	  37.69063
 1997	 -2.00053	 -11.0163	  37.22462	  37.71335
 1996	 -2.0049	 -10.99815	  37.23956	  37.72828
 1988	 -2.06635	 -10.96122	  37.23457	  37.72328
 1996	 -2.0049	 -10.99815	  37.23956	  37.72828
 1998	 -2.00964	 -10.99393	  37.26459	  37.7533
 1997	 -2.00053	 -11.0163	  37.22462	  37.71335
 1994	 -2.03356	 -10.96219	  37.2019	  37.69063
 1999	 -2.00361	 -11.04179	  37.20686	  37.69559
 2000	 -1.99251	 -11.03904	  37.2216	  37.71032
 1997	 -2.00053	 -11.0163	  37.22462	  37.71335
 1999	 -2.00361	 -11.04179	  37.20686	  37.69559
 1999	 -2.00361	 -11.04179	  37.20686	  37.69559
 1994	 -2.03356	 -10.96219	  37.2019	  37.69063
 1992	 -2.0292	 -11.07927	  37.16809	  37.65683
 1999	 -2.00361	 -11.04179	  37.20686	  37.69559
 2001	 -1.98548	 -11.07609	  37.23063	  37.71935
 2000	 -1.99251	 -11.03904	  37.2216	  37.71032
 1992	 -2.0292	 -11.07927	  37.16809	  37.65683
 1995	 -1.99263	 -11.09539	  37.18179	  37.67053
 1999	 -2.00361	 -11.04179	  37.20686	  37.69559
 1999	 -2.00361	 -11.04179	  37.20686	  37.69559
 2002	 -1.94084	 -11.19712	  37.19427	  37.683
 2001	 -1.98548	 -11.07609	  37.23063	  37.71935
 1995	 -1.99263	 -11.09539	  37.18179	  37.67053
 2002	 -1.94084	 -11.19712	  37.19427	  37.683
 1999	 -2.00361	 -11.04179	  37.20686	  37.69559
 2002	 -1.94084	 -11.19712	  37.19427	  37.683
 2003	 -1.95077	 -11.10455	  37.23159	  37.72031
 2001	 -1.98548	 -11.07609	  37.23063	  37.71935
 2003	 -1.95077	 -11.10455	  37.23159	  37.72031
 2002	 -1.94084	 -11.19712	  37.19427	  37.683
 2004	 -1.93844	 -11.13405	  37.22276	  37.71148
 2002	 -1.94084	 -11.19712	  37.19427	  37.683
 1995	 -1.99263	 -11.09539	  37.18179	  37.67053
 1993	 -2.03496	 -11.1979	  37.13748	  37.62623
 2002	 -1.94084	 -11.19712	  37.19427	  37.683
 1993	 -2.03496	 -11.1979	  37.13748	  37.62623
 2005	 -1.94165	 -11.22488	  37.18426	  37.67299
 1993	 -2.03496	 -11.1979	  37.13748	  37.62623
 2006	 -1.96032	 -11.25692	  37.16133	  37.65007
 2005	 -1.94165	 -11.22488	  37.18426	  37.67299
 1993	 -2.03496	 -11.1979	  37.13748	  37.62623
 2007	 -2.00262	 -11.32334	  37.11884	  37.6076
 2006	 -1.96032	 -11.25692	  37.16133	  37.65007
 2007	 -2.00262	 -11.32334	  37.11884	  37.6076
 1993	 -2.03496	 -11.1979	  37.13748	  37.62623
 1956	 -2.04951	 -11.35516	  37.0943	  37.58306
 2007	 -2.00262	 -11.32334	  37.11884	  37.6076
 2008	 -1.96043	 -11.30147	  37.14536	  37.63411
 2006	 -1.96032	 -11.25692	  37.16133	  37.65007
 1956	 -2.04951	 -11.35516	  37.0943	  37.58306
 1959	 -2.01098	 -11.46508	  37.08586	  37.57462
 2007	 -2.00262	 -11.32334	  37.11884	  37.6076
 2009	 -1.96601	 -11.33056	  37.13388	  37.62263
 2008	 -1.96043	 -11.30147	  37.14536	  37.63411
 2007	 -2.00262	 -11.32334	  37.11884	  37.6076
 2007	 -2.00262	 -11.32334	  37.11884	  37.6076
 1959	 -2.01098	 -11.46508	  37.08586	  37.57462
 2010	 -2.00404	 -11.38092	  37.1054	  37.59416
 2011	 -1.97967	 -11.34969	  37.11877	  37.60754
 2009	 -1.96601	 -11.33056	  37.13388	  37.62263
 2007	 -2.00262	 -11.32334	  37.11884	  37.6076
 2010	 -2.00404	 -11.38092	  37.1054	  37.59416
 2011	 -1.97967	 -11.34969	  37.11877	  37.60754
 2007	 -2.00262	 -11.32334	  37.11884	  37.6076
 2012	 -2.17302	 -12.70594	  36.90695	  37.39577
 2013	 -2.16639	 -12.63937	  36.98146	  37.47025
 2014	 -2.15916	 -12.4863	  36.99751	  37.4863
 2012	 -2.17302	 -12.70594	  36.90695	  37.39577
 2015	 -2.17062	 -12.69846	  36.97127	  37.46007
 2013	 -2.16639	 -12.63937	  36.98146	  37.47025
 2015	 -2.17062	 -12.69846	  36.97127	  37.46007
 2012	 -2.17302	 -12.70594	  36.90695	  37.39577
 2016	 -2.1784	 -12.79086	  36.95068	  37.43948
 2012	 -2.17302	 -12.70594	  36.90695	  37.39577
 2017	 -2.19595	 -12.84375	  36.93482	  37.42363
 2016	 -2.1784	 -12.79086	  36.95068	  37.43948
 2018	 -2.19833	 -12.91725	  36.9063	  37.39513
 2017	 -2.19595	 -12.84375	  36.93482	  37.42363
 2012	 -2.17302	 -12.70594	  36.90695	  37.39577
 2014	 -2.15916	 -12.4863	  36.99751	  37.4863
 2019	 -2.15932	 -12.4541	  36.9994	  37.4882
 2020	 -2.16115	 -12.42768	  37.00049	  37.48927
 2021	 -2.16206	 -12.40889	  37.0014	  37.4902
 2022	 -2.16185	 -12.38456	  37.00303	  37.49182
 2020	 -2.16115	 -12.42768	  37.00049	  37.48927
 2020	 -2.16115	 -12.42768	  37.00049	  37.48927
 2022	 -2.16185	 -12.38456	  37.00303	  37.49182
 2023	 -2.16123	 -12.294	  37.00998	  37.49876
 2024	 -2.16099	 -12.33776	  37.00655	  37.49534
 2023	 -2.16123	 -12.294	  37.00998	  37.49876
 2022	 -2.16185	 -12.38456	  37.00303	  37.49182
 2014	 -2.15916	 -12.4863	  36.99751	  37.4863
 2023	 -2.16123	 -12.294	  37.00998	  37.49876
 2025	 -2.1632	 -12.24741	  37.01385	  37.50263
 2025	 -2.1632	 -12.24741	  37.01385	  37.50263
 2026	 -2.16502	 -12.21333	  37.01672	  37.50551
 2027	 -2.16706	 -12.17896	  37.01975	  37.50854
 2027	 -2.16706	 -12.17896	  37.01975	  37.50854
 2028	 -2.17044	 -12.12604	  37.02466	  37.51344
 2025	 -2.1632	 -12.24741	  37.01385	  37.50263
 2029	 -2.1996	 -12.43681	  36.92869	  37.4175
 2014	 -2.15916	 -12.4863	  36.99751	  37.4863
 2025	 -2.1632	 -12.24741	  37.01385	  37.50263
 2012	 -2.17302	 -12.70594	  36.90695	  37.39577
 2014	 -2.15916	 -12.4863	  36.99751	  37.4863
 2029	 -2.1996	 -12.43681	  36.92869	  37.4175
 2030	 -2.20469	 -11.93757	  36.97836	  37.46715
 2029	 -2.1996	 -12.43681	  36.92869	  37.4175
 2025	 -2.1632	 -12.24741	  37.01385	  37.50263
 2029	 -2.1996	 -12.43681	  36.92869	  37.4175
 2031	 -2.26397	 -12.73666	  36.89759	  37.38641
 2012	 -2.17302	 -12.70594	  36.90695	  37.39577
 2032	 -2.18842	 -11.93351	  36.97887	  37.46767
 2030	 -2.20469	 -11.93757	  36.97836	  37.46715
 2025	 -2.1632	 -12.24741	  37.01385	  37.50263
 2025	 -2.1632	 -12.24741	  37.01385	  37.50263
 2033	 -2.17753	 -12.01929	  37.03555	  37.52432
 2032	 -2.18842	 -11.93351	  36.97887	  37.46767
 2033	 -2.17753	 -12.01929	  37.03555	  37.52432
 2034	 -2.17878	 -11.99164	  37.03899	  37.52777
 2032	 -2.18842	 -11.93351	  36.97887	  37.46767
 2034	 -2.17878	 -11.99164	  37.03899	  37.52777
 2035	 -2.17817	 -11.96133	  37.04173	  37.5305
 2032	 -2.18842	 -11.93351	  36.97887	  37.46767
 2036	 -2.18103	 -11.82743	  37.00103	  37.48981
 2032	 -2.18842	 -11.93351	  36.97887	  37.46767
 2035	 -2.17817	 -11.96133	  37.04173	  37.5305
 2036	 -2.18103	 -11.82743	  37.00103	  37.48981
 2035	 -2.17817	 -11.96133	  37.04173	  37.5305
 2037	 -2.17766	 -11.92154	  37.04542	  37.53419
 2038	 -2.17769	 -11.88931	  37.0489	  37.53767
 2036	 -2.18103	 -11.82743	  37.00103	  37.48981
 2037	 -2.17766	 -11.92154	  37.04542	  37.53419
 2039	 -2.17817	 -11.86151	  37.05225	  37.54103
 2036	 -2.18103	 -11.82743	  37.00103	  37.48981
 2038	 -2.17769	 -11.88931	  37.0489	  37.53767
 2036	 -2.18103	 -11.82743	  37.00103	  37.48981
 2039	 -2.17817	 -11.86151	  37.05225	  37.54103
 2040	 -2.17889	 -11.83929	  37.05519	  37.54397
 2036	 -2.18103	 -11.82743	  37.00103	  37.48981
 2040	 -2.17889	 -11.83929	  37.05519	  37.54397
 2041	 -2.22126	 -11.80509	  37.06118	  37.54995
 2041	 -2.22126	 -11.80509	  37.06118	  37.54995
 2042	 -2.19476	 -11.73162	  37.07267	  37.56144
 2036	 -2.18103	 -11.82743	  37.00103	  37.48981
 2036	 -2.18103	 -11.82743	  37.00103	  37.48981
 2042	 -2.19476	 -11.73162	  37.07267	  37.56144
 2043	 -2.18694	 -11.67227	  37.03373	  37.52251
 2044	 -2.19898	 -11.60151	  37.09762	  37.58638
 2043	 -2.18694	 -11.67227	  37.03373	  37.52251
 2042	 -2.19476	 -11.73162	  37.07267	  37.56144
 2044	 -2.19898	 -11.60151	  37.09762	  37.58638
 2045	 -2.20396	 -11.54459	  37.10899	  37.59775
 2046	 -2.20362	 -11.54194	  37.08846	  37.57722
 2046	 -2.20362	 -11.54194	  37.08846	  37.57722
 2043	 -2.18694	 -11.67227	  37.03373	  37.52251
 2044	 -2.19898	 -11.60151	  37.09762	  37.58638
 2047	 -2.20576	 -11.5644	  37.03828	  37.52706
 2043	 -2.18694	 -11.67227	  37.03373	  37.52251
 2046	 -2.20362	 -11.54194	  37.08846	  37.57722
 2043	 -2.18694	 -11.67227	  37.03373	  37.52251
 2047	 -2.20576	 -11.5644	  37.03828	  37.52706
 2036	 -2.18103	 -11.82743	  37.00103	  37.48981
 2048	 -2.20838	 -11.49108	  37.07863	  37.56739
 2047	 -2.20576	 -11.5644	  37.03828	  37.52706
 2046	 -2.20362	 -11.54194	  37.08846	  37.57722
 2049	 -2.20847	 -11.48476	  37.07172	  37.56049
 2047	 -2.20576	 -11.5644	  37.03828	  37.52706
 2048	 -2.20838	 -11.49108	  37.07863	  37.56739
 2050	 -2.2105	 -11.43845	  37.06113	  37.5499
 2051	 -2.21599	 -11.43636	  37.06042	  37.54919
 2047	 -2.20576	 -11.5644	  37.03828	  37.52706
 2050	 -2.2105	 -11.43845	  37.06113	  37.5499
 2047	 -2.20576	 -11.5644	  37.03828	  37.52706
 2052	 -2.21009	 -11.45592	  37.06475	  37.55352
 2053	 -2.23813	 -11.47984	  37.04975	  37.53853
 2047	 -2.20576	 -11.5644	  37.03828	  37.52706
 2054	 -2.219	 -11.42598	  37.07181	  37.56058
 2055	 -2.21273	 -11.74755	  36.99593	  37.48473
 2047	 -2.20576	 -11.5644	  37.03828	  37.52706
 2053	 -2.23813	 -11.47984	  37.04975	  37.53853
 2055	 -2.21273	 -11.74755	  36.99593	  37.48473
 2036	 -2.18103	 -11.82743	  37.00103	  37.48981
 2047	 -2.20576	 -11.5644	  37.03828	  37.52706
 2036	 -2.18103	 -11.82743	  37.00103	  37.48981
 2055	 -2.21273	 -11.74755	  36.99593	  37.48473
 2032	 -2.18842	 -11.93351	  36.97887	  37.46767
 2030	 -2.20469	 -11.93757	  36.97836	  37.46715
 2032	 -2.18842	 -11.93351	  36.97887	  37.46767
 2055	 -2.21273	 -11.74755	  36.99593	  37.48473
 2056	 -2.25894	 -11.52966	  37.04399	  37.53277
 2055	 -2.21273	 -11.74755	  36.99593	  37.48473
 2053	 -2.23813	 -11.47984	  37.04975	  37.53853
 2057	 -2.24625	 -11.44343	  37.05876	  37.54754
 2056	 -2.25894	 -11.52966	  37.04399	  37.53277
 2053	 -2.23813	 -11.47984	  37.04975	  37.53853
 2058	 -2.25845	 -11.43895	  37.06232	  37.55109
 2056	 -2.25894	 -11.52966	  37.04399	  37.53277
 2057	 -2.24625	 -11.44343	  37.05876	  37.54754
 2059	 -2.24527	 -11.76726	  37.00096	  37.48975
 2030	 -2.20469	 -11.93757	  36.97836	  37.46715
 2055	 -2.21273	 -11.74755	  36.99593	  37.48473
 2059	 -2.24527	 -11.76726	  37.00096	  37.48975
 2055	 -2.21273	 -11.74755	  36.99593	  37.48473
 2056	 -2.25894	 -11.52966	  37.04399	  37.53277
 2060	 -2.2716	 -11.43502	  37.06641	  37.55518
 2061	 -2.27257	 -11.4351	  37.06973	  37.55849
 2056	 -2.25894	 -11.52966	  37.04399	  37.53277
 2062	 -2.31357	 -11.53226	  37.04489	  37.53367
 2056	 -2.25894	 -11.52966	  37.04399	  37.53277
 2061	 -2.27257	 -11.4351	  37.06973	  37.55849
 2059	 -2.24527	 -11.76726	  37.00096	  37.48975
 2056	 -2.25894	 -11.52966	  37.04399	  37.53277
 2062	 -2.31357	 -11.53226	  37.04489	  37.53367
 2063	 -2.2777	 -11.43074	  37.07087	  37.55964
 2062	 -2.31357	 -11.53226	  37.04489	  37.53367
 2061	 -2.27257	 -11.4351	  37.06973	  37.55849
 2064	 -2.31197	 -11.39855	  37.07815	  37.56692
 2062	 -2.31357	 -11.53226	  37.04489	  37.53367
 2063	 -2.2777	 -11.43074	  37.07087	  37.55964
 2062	 -2.31357	 -11.53226	  37.04489	  37.53367
 2064	 -2.31197	 -11.39855	  37.07815	  37.56692
 2065	 -2.34477	 -11.39588	  37.08229	  37.57105
 2066	 -2.38916	 -11.3285	  37.10564	  37.5944
 2067	 -2.37442	 -11.4516	  37.08601	  37.57477
 2065	 -2.34477	 -11.39588	  37.08229	  37.57105
 2059	 -2.24527	 -11.76726	  37.00096	  37.48975
 2062	 -2.31357	 -11.53226	  37.04489	  37.53367
 2068	 -2.29899	 -11.82003	  36.99787	  37.48666
 2059	 -2.24527	 -11.76726	  37.00096	  37.48975
 2068	 -2.29899	 -11.82003	  36.99787	  37.48666
 2030	 -2.20469	 -11.93757	  36.97836	  37.46715
 2069	 -2.36817	 -11.58964	  37.06863	  37.5574
 2062	 -2.31357	 -11.53226	  37.04489	  37.53367
 2065	 -2.34477	 -11.39588	  37.08229	  37.57105
 2065	 -2.34477	 -11.39588	  37.08229	  37.57105
 2067	 -2.37442	 -11.4516	  37.08601	  37.57477
 2069	 -2.36817	 -11.58964	  37.06863	  37.5574
 2069	 -2.36817	 -11.58964	  37.06863	  37.5574
 2068	 -2.29899	 -11.82003	  36.99787	  37.48666
 2062	 -2.31357	 -11.53226	  37.04489	  37.53367
 2070	 -2.38834	 -11.42904	  37.09261	  37.58138
 2069	 -2.36817	 -11.58964	  37.06863	  37.5574
 2067	 -2.37442	 -11.4516	  37.08601	  37.57477
 2070	 -2.38834	 -11.42904	  37.09261	  37.58138
 2071	 -2.38048	 -11.4786	  37.0877	  37.57646
 2069	 -2.36817	 -11.58964	  37.06863	  37.5574
 2072	 -2.38185	 -11.50176	  37.09013	  37.57889
 2069	 -2.36817	 -11.58964	  37.06863	  37.5574
 2071	 -2.38048	 -11.4786	  37.0877	  37.57646
 2073	 -2.38296	 -11.52077	  37.09402	  37.58278
 2069	 -2.36817	 -11.58964	  37.06863	  37.5574
 2072	 -2.38185	 -11.50176	  37.09013	  37.57889
 2073	 -2.38296	 -11.52077	  37.09402	  37.58278
 2074	 -2.38685	 -11.54564	  37.1069	  37.59566
 2075	 -2.38405	 -11.55481	  37.10494	  37.5937
 1729	 -2.38325	 -11.65062	  37.12154	  37.61028
 2075	 -2.38405	 -11.55481	  37.10494	  37.5937
 2076	 -2.38433	 -11.57914	  37.1155	  37.60426
 2077	 -2.38522	 -11.67921	  37.10214	  37.5909
 2073	 -2.38296	 -11.52077	  37.09402	  37.58278
 2075	 -2.38405	 -11.55481	  37.10494	  37.5937
 1729	 -2.38325	 -11.65062	  37.12154	  37.61028
 2077	 -2.38522	 -11.67921	  37.10214	  37.5909
 2075	 -2.38405	 -11.55481	  37.10494	  37.5937
 2073	 -2.38296	 -11.52077	  37.09402	  37.58278
 2077	 -2.38522	 -11.67921	  37.10214	  37.5909
 2069	 -2.36817	 -11.58964	  37.06863	  37.5574
 1724	 -2.38981	 -11.72264	  37.12505	  37.6138
 2077	 -2.38522	 -11.67921	  37.10214	  37.5909
 1729	 -2.38325	 -11.65062	  37.12154	  37.61028
 1724	 -2.38981	 -11.72264	  37.12505	  37.6138
 1719	 -2.40495	 -11.81186	  37.0862	  37.57496
 2077	 -2.38522	 -11.67921	  37.10214	  37.5909
 1719	 -2.40495	 -11.81186	  37.0862	  37.57496
 2069	 -2.36817	 -11.58964	  37.06863	  37.5574
 2077	 -2.38522	 -11.67921	  37.10214	  37.5909
 1719	 -2.40495	 -11.81186	  37.0862	  37.57496
 2078	 -2.35181	 -11.83784	  37.0196	  37.50838
 2069	 -2.36817	 -11.58964	  37.06863	  37.5574
 2078	 -2.35181	 -11.83784	  37.0196	  37.50838
 2068	 -2.29899	 -11.82003	  36.99787	  37.48666
 2069	 -2.36817	 -11.58964	  37.06863	  37.5574
 1717	 -2.36975	 -12.0661	  37.01082	  37.4996
 2078	 -2.35181	 -11.83784	  37.0196	  37.50838
 1719	 -2.40495	 -11.81186	  37.0862	  37.57496
 2078	 -2.35181	 -11.83784	  37.0196	  37.50838
 1717	 -2.36975	 -12.0661	  37.01082	  37.4996
 2079	 -2.3294	 -12.01265	  36.98353	  37.47232
 2078	 -2.35181	 -11.83784	  37.0196	  37.50838
 2079	 -2.3294	 -12.01265	  36.98353	  37.47232
 2080	 -2.29689	 -12.09533	  36.9615	  37.4503
 2079	 -2.3294	 -12.01265	  36.98353	  37.47232
 1717	 -2.36975	 -12.0661	  37.01082	  37.4996
 2080	 -2.29689	 -12.09533	  36.9615	  37.4503
 2078	 -2.35181	 -11.83784	  37.0196	  37.50838
 2080	 -2.29689	 -12.09533	  36.9615	  37.4503
 2068	 -2.29899	 -11.82003	  36.99787	  37.48666
 2080	 -2.29689	 -12.09533	  36.9615	  37.4503
 1717	 -2.36975	 -12.0661	  37.01082	  37.4996
 2081	 -2.32934	 -12.33245	  36.95366	  37.44247
 1717	 -2.36975	 -12.0661	  37.01082	  37.4996
 1714	 -2.38648	 -12.24551	  37.00117	  37.48996
 2081	 -2.32934	 -12.33245	  36.95366	  37.44247
 1716	 -2.33727	 -12.39314	  36.94592	  37.43473
 2081	 -2.32934	 -12.33245	  36.95366	  37.44247
 1714	 -2.38648	 -12.24551	  37.00117	  37.48996
 2082	 -2.24844	 -12.06018	  36.95676	  37.44556
 2068	 -2.29899	 -11.82003	  36.99787	  37.48666
 2080	 -2.29689	 -12.09533	  36.9615	  37.4503
 2082	 -2.24844	 -12.06018	  36.95676	  37.44556
 2030	 -2.20469	 -11.93757	  36.97836	  37.46715
 2068	 -2.29899	 -11.82003	  36.99787	  37.48666
 2029	 -2.1996	 -12.43681	  36.92869	  37.4175
 2030	 -2.20469	 -11.93757	  36.97836	  37.46715
 2082	 -2.24844	 -12.06018	  36.95676	  37.44556
 2083	 -2.25128	 -12.31641	  36.93239	  37.4212
 2082	 -2.24844	 -12.06018	  36.95676	  37.44556
 2080	 -2.29689	 -12.09533	  36.9615	  37.4503
 2029	 -2.1996	 -12.43681	  36.92869	  37.4175
 2082	 -2.24844	 -12.06018	  36.95676	  37.44556
 2083	 -2.25128	 -12.31641	  36.93239	  37.4212
 2084	 -2.28426	 -12.529	  36.92003	  37.40884
 2083	 -2.25128	 -12.31641	  36.93239	  37.4212
 2080	 -2.29689	 -12.09533	  36.9615	  37.4503
 2029	 -2.1996	 -12.43681	  36.92869	  37.4175
 2083	 -2.25128	 -12.31641	  36.93239	  37.4212
 2084	 -2.28426	 -12.529	  36.92003	  37.40884
 2080	 -2.29689	 -12.09533	  36.9615	  37.4503
 2081	 -2.32934	 -12.33245	  36.95366	  37.44247
 2084	 -2.28426	 -12.529	  36.92003	  37.40884
 2031	 -2.26397	 -12.73666	  36.89759	  37.38641
 2029	 -2.1996	 -12.43681	  36.92869	  37.4175
 2084	 -2.28426	 -12.529	  36.92003	  37.40884
 2084	 -2.28426	 -12.529	  36.92003	  37.40884
 2081	 -2.32934	 -12.33245	  36.95366	  37.44247
 2085	 -2.32756	 -12.46255	  36.93989	  37.4287
 2081	 -2.32934	 -12.33245	  36.95366	  37.44247
 1716	 -2.33727	 -12.39314	  36.94592	  37.43473
 2085	 -2.32756	 -12.46255	  36.93989	  37.4287
 1712	 -2.39019	 -12.44771	  36.98218	  37.47097
 2085	 -2.32756	 -12.46255	  36.93989	  37.4287
 1716	 -2.33727	 -12.39314	  36.94592	  37.43473
 1712	 -2.39019	 -12.44771	  36.98218	  37.47097
 2086	 -2.32933	 -12.59548	  36.93034	  37.41916
 2085	 -2.32756	 -12.46255	  36.93989	  37.4287
 2086	 -2.32933	 -12.59548	  36.93034	  37.41916
 2084	 -2.28426	 -12.529	  36.92003	  37.40884
 2085	 -2.32756	 -12.46255	  36.93989	  37.4287
 1710	 -2.3931	 -12.6538	  37.00285	  37.49163
 2086	 -2.32933	 -12.59548	  36.93034	  37.41916
 1712	 -2.39019	 -12.44771	  36.98218	  37.47097
 2087	 -2.37898	 -12.77324	  36.94567	  37.43448
 2084	 -2.28426	 -12.529	  36.92003	  37.40884
 2086	 -2.32933	 -12.59548	  36.93034	  37.41916
 1710	 -2.3931	 -12.6538	  37.00285	  37.49163
 2087	 -2.37898	 -12.77324	  36.94567	  37.43448
 2086	 -2.32933	 -12.59548	  36.93034	  37.41916
 2031	 -2.26397	 -12.73666	  36.89759	  37.38641
 2084	 -2.28426	 -12.529	  36.92003	  37.40884
 2087	 -2.37898	 -12.77324	  36.94567	  37.43448
 1710	 -2.3931	 -12.6538	  37.00285	  37.49163
 1701	 -2.47774	 -12.91411	  37.03593	  37.52471
 2087	 -2.37898	 -12.77324	  36.94567	  37.43448
 1701	 -2.47774	 -12.91411	  37.03593	  37.52471
 2088	 -2.39564	 -12.89798	  36.92035	  37.40916
 2087	 -2.37898	 -12.77324	  36.94567	  37.43448
 2031	 -2.26397	 -12.73666	  36.89759	  37.38641
 2087	 -2.37898	 -12.77324	  36.94567	  37.43448
 2088	 -2.39564	 -12.89798	  36.92035	  37.40916
 2088	 -2.39564	 -12.89798	  36.92035	  37.40916
 1701	 -2.47774	 -12.91411	  37.03593	  37.52471
 1696	 -2.36242	 -12.94963	  36.95282	  37.44163
 2088	 -2.39564	 -12.89798	  36.92035	  37.40916
 2089	 -2.28589	 -12.92724	  36.85681	  37.34564
 2031	 -2.26397	 -12.73666	  36.89759	  37.38641
 2031	 -2.26397	 -12.73666	  36.89759	  37.38641
 2089	 -2.28589	 -12.92724	  36.85681	  37.34564
 2012	 -2.17302	 -12.70594	  36.90695	  37.39577
 2012	 -2.17302	 -12.70594	  36.90695	  37.39577
 2089	 -2.28589	 -12.92724	  36.85681	  37.34564
 2018	 -2.19833	 -12.91725	  36.9063	  37.39513
 2090	 -2.365	 -13.00469	  36.87165	  37.36048
 2088	 -2.39564	 -12.89798	  36.92035	  37.40916
 1696	 -2.36242	 -12.94963	  36.95282	  37.44163
 2090	 -2.365	 -13.00469	  36.87165	  37.36048
 2089	 -2.28589	 -12.92724	  36.85681	  37.34564
 2088	 -2.39564	 -12.89798	  36.92035	  37.40916
 1696	 -2.36242	 -12.94963	  36.95282	  37.44163
 2091	 -2.35124	 -12.94759	  36.94534	  37.43414
 2090	 -2.365	 -13.00469	  36.87165	  37.36048
 2092	 -2.34189	 -12.94626	  36.94044	  37.42925
 2090	 -2.365	 -13.00469	  36.87165	  37.36048
 2091	 -2.35124	 -12.94759	  36.94534	  37.43414
 2092	 -2.34189	 -12.94626	  36.94044	  37.42925
 2093	 -2.2887	 -12.978	  36.92864	  37.41746
 2090	 -2.365	 -13.00469	  36.87165	  37.36048
 2090	 -2.365	 -13.00469	  36.87165	  37.36048
 2094	 -2.28527	 -12.97684	  36.8541	  37.34294
 2089	 -2.28589	 -12.92724	  36.85681	  37.34564
 2090	 -2.365	 -13.00469	  36.87165	  37.36048
 2093	 -2.2887	 -12.978	  36.92864	  37.41746
 2094	 -2.28527	 -12.97684	  36.8541	  37.34294
 2094	 -2.28527	 -12.97684	  36.8541	  37.34294
 2093	 -2.2887	 -12.978	  36.92864	  37.41746
 2095	 -2.24246	 -12.93632	  36.90301	  37.39182
 2094	 -2.28527	 -12.97684	  36.8541	  37.34294
 2018	 -2.19833	 -12.91725	  36.9063	  37.39513
 2089	 -2.28589	 -12.92724	  36.85681	  37.34564
 2018	 -2.19833	 -12.91725	  36.9063	  37.39513
 2094	 -2.28527	 -12.97684	  36.8541	  37.34294
 2096	 -2.24358	 -12.95093	  36.9239	  37.41272
 2097	 -2.21906	 -11.02747	  37.2906	  37.77931
 2098	 -2.20037	 -10.9289	  37.30814	  37.79683
 2099	 -2.21072	 -11.02239	  37.30392	  37.79262
 2098	 -2.20037	 -10.9289	  37.30814	  37.79683
 2097	 -2.21906	 -11.02747	  37.2906	  37.77931
 1982	 -2.22312	 -11.03152	  37.28062	  37.76933
 2099	 -2.21072	 -11.02239	  37.30392	  37.79262
 2098	 -2.20037	 -10.9289	  37.30814	  37.79683
 2100	 -2.2061	 -11.02011	  37.30998	  37.79868
 2100	 -2.2061	 -11.02011	  37.30998	  37.79868
 2098	 -2.20037	 -10.9289	  37.30814	  37.79683
 2101	 -2.19868	 -11.01674	  37.31784	  37.80653
 1982	 -2.22312	 -11.03152	  37.28062	  37.76933
 1986	 -2.12774	 -11.01813	  37.26051	  37.74922
 2098	 -2.20037	 -10.9289	  37.30814	  37.79683
 2101	 -2.19868	 -11.01674	  37.31784	  37.80653
 2098	 -2.20037	 -10.9289	  37.30814	  37.79683
 2102	 -2.18447	 -10.97654	  37.32903	  37.81773
 2101	 -2.19868	 -11.01674	  37.31784	  37.80653
 2102	 -2.18447	 -10.97654	  37.32903	  37.81773
 2103	 -2.18855	 -11.01234	  37.32656	  37.81525
 2102	 -2.18447	 -10.97654	  37.32903	  37.81773
 2104	 -2.17363	 -11.00719	  37.33362	  37.82231
 2103	 -2.18855	 -11.01234	  37.32656	  37.81525
 2102	 -2.18447	 -10.97654	  37.32903	  37.81773
 2105	 -2.17102	 -11.00258	  37.34259	  37.83128
 2104	 -2.17363	 -11.00719	  37.33362	  37.82231
 2098	 -2.20037	 -10.9289	  37.30814	  37.79683
 2106	 -2.14823	 -10.90487	  37.3353	  37.824
 2102	 -2.18447	 -10.97654	  37.32903	  37.81773
 2098	 -2.20037	 -10.9289	  37.30814	  37.79683
 1986	 -2.12774	 -11.01813	  37.26051	  37.74922
 2106	 -2.14823	 -10.90487	  37.3353	  37.824
 2102	 -2.18447	 -10.97654	  37.32903	  37.81773
 2107	 -2.1062	 -10.96113	  37.33833	  37.82701
 2105	 -2.17102	 -11.00258	  37.34259	  37.83128
 2102	 -2.18447	 -10.97654	  37.32903	  37.81773
 2106	 -2.14823	 -10.90487	  37.3353	  37.824
 2107	 -2.1062	 -10.96113	  37.33833	  37.82701
 2105	 -2.17102	 -11.00258	  37.34259	  37.83128
 2107	 -2.1062	 -10.96113	  37.33833	  37.82701
 2108	 -2.12527	 -10.99396	  37.3534	  37.84209
 2107	 -2.1062	 -10.96113	  37.33833	  37.82701
 2109	 -2.09859	 -11.00064	  37.34499	  37.83367
 2108	 -2.12527	 -10.99396	  37.3534	  37.84209
 2109	 -2.09859	 -11.00064	  37.34499	  37.83367
 2107	 -2.1062	 -10.96113	  37.33833	  37.82701
 2110	 -2.08827	 -10.99587	  37.34395	  37.83263
 2110	 -2.08827	 -10.99587	  37.34395	  37.83263
 2107	 -2.1062	 -10.96113	  37.33833	  37.82701
 2111	 -2.07968	 -10.99027	  37.34089	  37.82957
 2107	 -2.1062	 -10.96113	  37.33833	  37.82701
 2112	 -2.07223	 -10.98917	  37.3371	  37.82579
 2111	 -2.07968	 -10.99027	  37.34089	  37.82957
 2113	 -2.06246	 -10.98916	  37.33085	  37.81953
 2112	 -2.07223	 -10.98917	  37.3371	  37.82579
 2107	 -2.1062	 -10.96113	  37.33833	  37.82701
 2113	 -2.06246	 -10.98916	  37.33085	  37.81953
 2107	 -2.1062	 -10.96113	  37.33833	  37.82701
 2114	 -2.07182	 -10.93734	  37.32388	  37.81257
 2115	 -2.04874	 -10.99452	  37.31989	  37.80859
 2113	 -2.06246	 -10.98916	  37.33085	  37.81953
 2114	 -2.07182	 -10.93734	  37.32388	  37.81257
 2114	 -2.07182	 -10.93734	  37.32388	  37.81257
 2107	 -2.1062	 -10.96113	  37.33833	  37.82701
 2106	 -2.14823	 -10.90487	  37.3353	  37.824
 2116	 -2.03131	 -11.00193	  37.31616	  37.80486
 2115	 -2.04874	 -10.99452	  37.31989	  37.80859
 2114	 -2.07182	 -10.93734	  37.32388	  37.81257
 2106	 -2.14823	 -10.90487	  37.3353	  37.824
 1986	 -2.12774	 -11.01813	  37.26051	  37.74922
 2114	 -2.07182	 -10.93734	  37.32388	  37.81257
 2117	 -2.02773	 -10.9973	  37.29225	  37.78095
 2116	 -2.03131	 -11.00193	  37.31616	  37.80486
 2114	 -2.07182	 -10.93734	  37.32388	  37.81257
 2114	 -2.07182	 -10.93734	  37.32388	  37.81257
 1986	 -2.12774	 -11.01813	  37.26051	  37.74922
 2118	 -2.04046	 -10.92768	  37.29793	  37.78663
 2114	 -2.07182	 -10.93734	  37.32388	  37.81257
 2118	 -2.04046	 -10.92768	  37.29793	  37.78663
 2117	 -2.02773	 -10.9973	  37.29225	  37.78095
 2118	 -2.04046	 -10.92768	  37.29793	  37.78663
 1986	 -2.12774	 -11.01813	  37.26051	  37.74922
 1988	 -2.06635	 -10.96122	  37.23457	  37.72328
 2119	 -2.0243	 -10.99258	  37.28991	  37.77861
 2117	 -2.02773	 -10.9973	  37.29225	  37.78095
 2118	 -2.04046	 -10.92768	  37.29793	  37.78663
 1988	 -2.06635	 -10.96122	  37.23457	  37.72328
 1998	 -2.00964	 -10.99393	  37.26459	  37.7533
 2118	 -2.04046	 -10.92768	  37.29793	  37.78663
 2118	 -2.04046	 -10.92768	  37.29793	  37.78663
 2120	 -2.01666	 -10.99247	  37.28035	  37.76906
 2119	 -2.0243	 -10.99258	  37.28991	  37.77861
 1998	 -2.00964	 -10.99393	  37.26459	  37.7533
 2120	 -2.01666	 -10.99247	  37.28035	  37.76906
 2118	 -2.04046	 -10.92768	  37.29793	  37.78663
 2121	 -1.89331	 -12.60375	  36.97009	  37.45889
 2122	 -1.8431	 -12.4948	  37.04397	  37.53275
 2123	 -1.93353	 -12.28992	  36.97294	  37.46174
 2124	 -1.81095	 -12.67122	  37.06806	  37.55683
 2122	 -1.8431	 -12.4948	  37.04397	  37.53275
 2121	 -1.89331	 -12.60375	  36.97009	  37.45889
 2122	 -1.8431	 -12.4948	  37.04397	  37.53275
 2124	 -1.81095	 -12.67122	  37.06806	  37.55683
 2125	 -1.83078	 -12.52878	  37.06885	  37.55762
 2125	 -1.83078	 -12.52878	  37.06885	  37.55762
 2124	 -1.81095	 -12.67122	  37.06806	  37.55683
 2126	 -1.80355	 -12.66899	  37.14085	  37.6296
 2125	 -1.83078	 -12.52878	  37.06885	  37.55762
 2127	 -1.81478	 -12.52977	  37.14325	  37.632
 2122	 -1.8431	 -12.4948	  37.04397	  37.53275
 2125	 -1.83078	 -12.52878	  37.06885	  37.55762
 2126	 -1.80355	 -12.66899	  37.14085	  37.6296
 2127	 -1.81478	 -12.52977	  37.14325	  37.632
 2128	 -1.80474	 -12.83649	  37.05526	  37.54404
 2126	 -1.80355	 -12.66899	  37.14085	  37.6296
 2124	 -1.81095	 -12.67122	  37.06806	  37.55683
 2121	 -1.89331	 -12.60375	  36.97009	  37.45889
 2128	 -1.80474	 -12.83649	  37.05526	  37.54404
 2124	 -1.81095	 -12.67122	  37.06806	  37.55683
 2126	 -1.80355	 -12.66899	  37.14085	  37.6296
 2129	 -1.8125	 -12.65676	  37.18632	  37.67506
 2127	 -1.81478	 -12.52977	  37.14325	  37.632
 2129	 -1.8125	 -12.65676	  37.18632	  37.67506
 2130	 -1.8215	 -12.54004	  37.20165	  37.69038
 2127	 -1.81478	 -12.52977	  37.14325	  37.632
 2131	 -1.78461	 -12.89306	  37.11158	  37.60033
 2126	 -1.80355	 -12.66899	  37.14085	  37.6296
 2128	 -1.80474	 -12.83649	  37.05526	  37.54404
 2126	 -1.80355	 -12.66899	  37.14085	  37.6296
 2131	 -1.78461	 -12.89306	  37.11158	  37.60033
 2132	 -1.82759	 -12.814	  37.13753	  37.62627
 2127	 -1.81478	 -12.52977	  37.14325	  37.632
 2130	 -1.8215	 -12.54004	  37.20165	  37.69038
 2133	 -1.80839	 -12.4186	  37.10622	  37.59499
 2127	 -1.81478	 -12.52977	  37.14325	  37.632
 2133	 -1.80839	 -12.4186	  37.10622	  37.59499
 2122	 -1.8431	 -12.4948	  37.04397	  37.53275
 2128	 -1.80474	 -12.83649	  37.05526	  37.54404
 2134	 -1.80618	 -12.90792	  37.02962	  37.51841
 2131	 -1.78461	 -12.89306	  37.11158	  37.60033
 2131	 -1.78461	 -12.89306	  37.11158	  37.60033
 2134	 -1.80618	 -12.90792	  37.02962	  37.51841
 2135	 -1.77644	 -13.02581	  37.1189	  37.60766
 2134	 -1.80618	 -12.90792	  37.02962	  37.51841
 2136	 -1.77345	 -13.06147	  37.11707	  37.60583
 2135	 -1.77644	 -13.02581	  37.1189	  37.60766
 2134	 -1.80618	 -12.90792	  37.02962	  37.51841
 2137	 -1.77031	 -13.08052	  37.10646	  37.59521
 2136	 -1.77345	 -13.06147	  37.11707	  37.60583
 2137	 -1.77031	 -13.08052	  37.10646	  37.59521
 2134	 -1.80618	 -12.90792	  37.02962	  37.51841
 2138	 -1.76924	 -13.09835	  37.10153	  37.59029
 2134	 -1.80618	 -12.90792	  37.02962	  37.51841
 2139	 -1.78148	 -13.03935	  37.10308	  37.59184
 2138	 -1.76924	 -13.09835	  37.10153	  37.59029
 2134	 -1.80618	 -12.90792	  37.02962	  37.51841
 2128	 -1.80474	 -12.83649	  37.05526	  37.54404
 2121	 -1.89331	 -12.60375	  36.97009	  37.45889
 2140	 -1.88058	 -12.93014	  36.92653	  37.41534
 2134	 -1.80618	 -12.90792	  37.02962	  37.51841
 2121	 -1.89331	 -12.60375	  36.97009	  37.45889
 2140	 -1.88058	 -12.93014	  36.92653	  37.41534
 2141	 -1.84831	 -13.02489	  36.96127	  37.45007
 2134	 -1.80618	 -12.90792	  37.02962	  37.51841
 2141	 -1.84831	 -13.02489	  36.96127	  37.45007
 2142	 -1.80096	 -13.03448	  37.03332	  37.52209
 2134	 -1.80618	 -12.90792	  37.02962	  37.51841
 2143	 -1.9589	 -12.84712	  36.88301	  37.37183
 2140	 -1.88058	 -12.93014	  36.92653	  37.41534
 2121	 -1.89331	 -12.60375	  36.97009	  37.45889
 2142	 -1.80096	 -13.03448	  37.03332	  37.52209
 2144	 -1.81039	 -12.93746	  37.08415	  37.57291
 2139	 -1.78148	 -13.03935	  37.10308	  37.59184
 2145	 -1.80812	 -12.93277	  37.12038	  37.60914
 2139	 -1.78148	 -13.03935	  37.10308	  37.59184
 2144	 -1.81039	 -12.93746	  37.08415	  37.57291
 2146	 -1.82774	 -12.8484	  37.12917	  37.61792
 2145	 -1.80812	 -12.93277	  37.12038	  37.60914
 2144	 -1.81039	 -12.93746	  37.08415	  37.57291
 2144	 -1.81039	 -12.93746	  37.08415	  37.57291
 2147	 -1.82788	 -12.84552	  37.12064	  37.60939
 2146	 -1.82774	 -12.8484	  37.12917	  37.61792
 2144	 -1.81039	 -12.93746	  37.08415	  37.57291
 2148	 -1.82936	 -12.84237	  37.1104	  37.59917
 2149	 -1.82788	 -12.84552	  37.12064	  37.60939
 2144	 -1.81039	 -12.93746	  37.08415	  37.57291
 2150	 -1.83212	 -12.84	  37.10103	  37.58978
 2148	 -1.82936	 -12.84237	  37.1104	  37.59917
 2150	 -1.83212	 -12.84	  37.10103	  37.58978
 2144	 -1.81039	 -12.93746	  37.08415	  37.57291
 2151	 -1.83575	 -12.83908	  37.09319	  37.58195
 2151	 -1.83575	 -12.83908	  37.09319	  37.58195
 2144	 -1.81039	 -12.93746	  37.08415	  37.57291
 2152	 -1.84136	 -12.83983	  37.08389	  37.57265
 2153	 -1.861	 -12.85851	  37.05794	  37.54671
 2152	 -1.84136	 -12.83983	  37.08389	  37.57265
 2144	 -1.81039	 -12.93746	  37.08415	  37.57291
 2154	 -1.84646	 -12.84241	  37.07668	  37.56544
 2152	 -1.84136	 -12.83983	  37.08389	  37.57265
 2153	 -1.861	 -12.85851	  37.05794	  37.54671
 2153	 -1.861	 -12.85851	  37.05794	  37.54671
 2144	 -1.81039	 -12.93746	  37.08415	  37.57291
 2142	 -1.80096	 -13.03448	  37.03332	  37.52209
 2154	 -1.84646	 -12.84241	  37.07668	  37.56544
 2153	 -1.861	 -12.85851	  37.05794	  37.54671
 2155	 -1.85224	 -12.84723	  37.069	  37.55777
 2155	 -1.85224	 -12.84723	  37.069	  37.55777
 2153	 -1.861	 -12.85851	  37.05794	  37.54671
 2156	 -1.85694	 -12.85269	  37.063	  37.55177
 2153	 -1.861	 -12.85851	  37.05794	  37.54671
 2142	 -1.80096	 -13.03448	  37.03332	  37.52209
 2141	 -1.84831	 -13.02489	  36.96127	  37.45007
 2157	 -1.86884	 -12.87281	  37.04825	  37.53703
 2153	 -1.861	 -12.85851	  37.05794	  37.54671
 2158	 -1.87709	 -12.88991	  37.03825	  37.52702
 2159	 -1.89778	 -12.92958	  37.00869	  37.49748
 2158	 -1.87709	 -12.88991	  37.03825	  37.52702
 2153	 -1.861	 -12.85851	  37.05794	  37.54671
 2141	 -1.84831	 -13.02489	  36.96127	  37.45007
 2159	 -1.89778	 -12.92958	  37.00869	  37.49748
 2153	 -1.861	 -12.85851	  37.05794	  37.54671
 2160	 -1.92507	 -12.97285	  36.98557	  37.47436
 2161	 -1.91029	 -12.93547	  36.98725	  37.47604
 2159	 -1.89778	 -12.92958	  37.00869	  37.49748
 2162	 -1.93254	 -12.97763	  36.97844	  37.46724
 2160	 -1.92507	 -12.97285	  36.98557	  37.47436
 2159	 -1.89778	 -12.92958	  37.00869	  37.49748
 2141	 -1.84831	 -13.02489	  36.96127	  37.45007
 2162	 -1.93254	 -12.97763	  36.97844	  37.46724
 2159	 -1.89778	 -12.92958	  37.00869	  37.49748
 2163	 -1.94024	 -12.947	  36.9577	  37.4465
 2162	 -1.93254	 -12.97763	  36.97844	  37.46724
 2141	 -1.84831	 -13.02489	  36.96127	  37.45007
 2163	 -1.94024	 -12.947	  36.9577	  37.4465
 2141	 -1.84831	 -13.02489	  36.96127	  37.45007
 2164	 -1.95302	 -12.98175	  36.95959	  37.44839
 2141	 -1.84831	 -13.02489	  36.96127	  37.45007
 2165	 -1.96761	 -12.98024	  36.94617	  37.43497
 2164	 -1.95302	 -12.98175	  36.95959	  37.44839
 2166	 -1.95605	 -13.01893	  36.88647	  37.3753
 2165	 -1.96761	 -12.98024	  36.94617	  37.43497
 2141	 -1.84831	 -13.02489	  36.96127	  37.45007
 2166	 -1.95605	 -13.01893	  36.88647	  37.3753
 2167	 -1.97661	 -12.97685	  36.93774	  37.42654
 2165	 -1.96761	 -12.98024	  36.94617	  37.43497
 2141	 -1.84831	 -13.02489	  36.96127	  37.45007
 2140	 -1.88058	 -12.93014	  36.92653	  37.41534
 2166	 -1.95605	 -13.01893	  36.88647	  37.3753
 2168	 -1.98155	 -12.97059	  36.93348	  37.42229
 2167	 -1.97661	 -12.97685	  36.93774	  37.42654
 2166	 -1.95605	 -13.01893	  36.88647	  37.3753
 2169	 -1.98499	 -12.96022	  36.93131	  37.42013
 2168	 -1.98155	 -12.97059	  36.93348	  37.42229
 2166	 -1.95605	 -13.01893	  36.88647	  37.3753
 2166	 -1.95605	 -13.01893	  36.88647	  37.3753
 2170	 -1.98865	 -12.94228	  36.93059	  37.4194
 2169	 -1.98499	 -12.96022	  36.93131	  37.42013
 2143	 -1.9589	 -12.84712	  36.88301	  37.37183
 2166	 -1.95605	 -13.01893	  36.88647	  37.3753
 2140	 -1.88058	 -12.93014	  36.92653	  37.41534
 2166	 -1.95605	 -13.01893	  36.88647	  37.3753
 2171	 -1.99997	 -12.87937	  36.93279	  37.42159
 2172	 -1.98865	 -12.94228	  36.93059	  37.4194
 2143	 -1.9589	 -12.84712	  36.88301	  37.37183
 2171	 -1.99997	 -12.87937	  36.93279	  37.42159
 2166	 -1.95605	 -13.01893	  36.88647	  37.3753
 2173	 -2.01331	 -12.80606	  36.93777	  37.42658
 2171	 -1.99997	 -12.87937	  36.93279	  37.42159
 2143	 -1.9589	 -12.84712	  36.88301	  37.37183
 2173	 -2.01331	 -12.80606	  36.93777	  37.42658
 2143	 -1.9589	 -12.84712	  36.88301	  37.37183
 2174	 -2.01946	 -12.77159	  36.94054	  37.42935
 2143	 -1.9589	 -12.84712	  36.88301	  37.37183
 2175	 -2.0243	 -12.74342	  36.94315	  37.43195
 2174	 -2.01946	 -12.77159	  36.94054	  37.42935
 2175	 -2.0243	 -12.74342	  36.94315	  37.43195
 2143	 -1.9589	 -12.84712	  36.88301	  37.37183
 2176	 -2.03035	 -12.70639	  36.94674	  37.43555
 2176	 -2.03035	 -12.70639	  36.94674	  37.43555
 2143	 -1.9589	 -12.84712	  36.88301	  37.37183
 2177	 -2.03581	 -12.67075	  36.95044	  37.43925
 2178	 -1.99005	 -12.59822	  36.90647	  37.39529
 2177	 -2.03581	 -12.67075	  36.95044	  37.43925
 2143	 -1.9589	 -12.84712	  36.88301	  37.37183
 2121	 -1.89331	 -12.60375	  36.97009	  37.45889
 2178	 -1.99005	 -12.59822	  36.90647	  37.39529
 2143	 -1.9589	 -12.84712	  36.88301	  37.37183
 2178	 -1.99005	 -12.59822	  36.90647	  37.39529
 2179	 -2.04328	 -12.61444	  36.95685	  37.44566
 2177	 -2.03581	 -12.67075	  36.95044	  37.43925
 2121	 -1.89331	 -12.60375	  36.97009	  37.45889
 2123	 -1.93353	 -12.28992	  36.97294	  37.46174
 2178	 -1.99005	 -12.59822	  36.90647	  37.39529
 2179	 -2.04328	 -12.61444	  36.95685	  37.44566
 2178	 -1.99005	 -12.59822	  36.90647	  37.39529
 2180	 -2.0311	 -12.49237	  36.90588	  37.3947
 2180	 -2.0311	 -12.49237	  36.90588	  37.3947
 2181	 -2.04926	 -12.56261	  36.96338	  37.45218
 2179	 -2.04328	 -12.61444	  36.95685	  37.44566
 2181	 -2.04926	 -12.56261	  36.96338	  37.45218
 2180	 -2.0311	 -12.49237	  36.90588	  37.3947
 2182	 -2.0529	 -12.52637	  36.96818	  37.45698
 2183	 -2.05596	 -12.49186	  36.97301	  37.46181
 2184	 -2.0529	 -12.52637	  36.96818	  37.45698
 2180	 -2.0311	 -12.49237	  36.90588	  37.3947
 2180	 -2.0311	 -12.49237	  36.90588	  37.3947
 2185	 -2.0509	 -12.44234	  36.98255	  37.47135
 2183	 -2.05596	 -12.49186	  36.97301	  37.46181
 2186	 -2.06144	 -12.28914	  36.99744	  37.48624
 2187	 -2.06116	 -12.33859	  36.99539	  37.48418
 2185	 -2.0509	 -12.44234	  36.98255	  37.47135
 2180	 -2.0311	 -12.49237	  36.90588	  37.3947
 2186	 -2.06144	 -12.28914	  36.99744	  37.48624
 2185	 -2.0509	 -12.44234	  36.98255	  37.47135
 2180	 -2.0311	 -12.49237	  36.90588	  37.3947
 2188	 -2.03941	 -12.17379	  36.95123	  37.44003
 2186	 -2.06144	 -12.28914	  36.99744	  37.48624
 2180	 -2.0311	 -12.49237	  36.90588	  37.3947
 2178	 -1.99005	 -12.59822	  36.90647	  37.39529
 2188	 -2.03941	 -12.17379	  36.95123	  37.44003
 2189	 -2.06106	 -12.07605	  37.02193	  37.51072
 2186	 -2.06144	 -12.28914	  36.99744	  37.48624
 2188	 -2.03941	 -12.17379	  36.95123	  37.44003
 2189	 -2.06106	 -12.07605	  37.02193	  37.51072
 2190	 -2.07081	 -12.23673	  37.00576	  37.49455
 2186	 -2.06144	 -12.28914	  36.99744	  37.48624
 2189	 -2.06106	 -12.07605	  37.02193	  37.51072
 2191	 -2.06324	 -12.1874	  37.01239	  37.50118
 2190	 -2.07081	 -12.23673	  37.00576	  37.49455
 2188	 -2.03941	 -12.17379	  36.95123	  37.44003
 2192	 -2.07346	 -12.0118	  37.02534	  37.51412
 2189	 -2.06106	 -12.07605	  37.02193	  37.51072
 2193	 -2.00738	 -12.13871	  36.9593	  37.4481
 2188	 -2.03941	 -12.17379	  36.95123	  37.44003
 2178	 -1.99005	 -12.59822	  36.90647	  37.39529
 2178	 -1.99005	 -12.59822	  36.90647	  37.39529
 2123	 -1.93353	 -12.28992	  36.97294	  37.46174
 2193	 -2.00738	 -12.13871	  36.9593	  37.4481
 2188	 -2.03941	 -12.17379	  36.95123	  37.44003
 2194	 -2.03768	 -11.76097	  36.99902	  37.48782
 2192	 -2.07346	 -12.0118	  37.02534	  37.51412
 2192	 -2.07346	 -12.0118	  37.02534	  37.51412
 2194	 -2.03768	 -11.76097	  36.99902	  37.48782
 2195	 -2.04225	 -11.91376	  37.04093	  37.52972
 2195	 -2.04225	 -11.91376	  37.04093	  37.52972
 2194	 -2.03768	 -11.76097	  36.99902	  37.48782
 2196	 -2.05487	 -11.84281	  37.04582	  37.5346
 2197	 -2.05473	 -11.71871	  37.06282	  37.55159
 2196	 -2.05487	 -11.84281	  37.04582	  37.5346
 2194	 -2.03768	 -11.76097	  36.99902	  37.48782
 2198	 -2.01682	 -11.92656	  36.97192	  37.46072
 2194	 -2.03768	 -11.76097	  36.99902	  37.48782
 2188	 -2.03941	 -12.17379	  36.95123	  37.44003
 2194	 -2.03768	 -11.76097	  36.99902	  37.48782
 2199	 -2.04807	 -11.5076	  37.07246	  37.56123
 2197	 -2.05473	 -11.71871	  37.06282	  37.55159
 2199	 -2.04807	 -11.5076	  37.07246	  37.56123
 2200	 -2.05573	 -11.61543	  37.07954	  37.56831
 2197	 -2.05473	 -11.71871	  37.06282	  37.55159
 2201	 -2.05553	 -11.56233	  37.08891	  37.57767
 2200	 -2.05573	 -11.61543	  37.07954	  37.56831
 2199	 -2.04807	 -11.5076	  37.07246	  37.56123
 2202	 -2.05448	 -11.50861	  37.09939	  37.58815
 2201	 -2.05553	 -11.56233	  37.08891	  37.57767
 2199	 -2.04807	 -11.5076	  37.07246	  37.56123
 2199	 -2.04807	 -11.5076	  37.07246	  37.56123
 826	 -2.07846	 -11.39373	  37.12263	  37.61138
 2202	 -2.05448	 -11.50861	  37.09939	  37.58815
 824	 -2.03417	 -11.27466	  37.09506	  37.58382
 826	 -2.07846	 -11.39373	  37.12263	  37.61138
 2199	 -2.04807	 -11.5076	  37.07246	  37.56123
 2199	 -2.04807	 -11.5076	  37.07246	  37.56123
 835	 -2.03695	 -11.58334	  37.01458	  37.50336
 824	 -2.03417	 -11.27466	  37.09506	  37.58382
 835	 -2.03695	 -11.58334	  37.01458	  37.50336
 2199	 -2.04807	 -11.5076	  37.07246	  37.56123
 2194	 -2.03768	 -11.76097	  36.99902	  37.48782
 835	 -2.03695	 -11.58334	  37.01458	  37.50336
 2194	 -2.03768	 -11.76097	  36.99902	  37.48782
 839	 -1.99736	 -11.65981	  37.01008	  37.49887
 839	 -1.99736	 -11.65981	  37.01008	  37.49887
 2194	 -2.03768	 -11.76097	  36.99902	  37.48782
 2198	 -2.01682	 -11.92656	  36.97192	  37.46072
 2198	 -2.01682	 -11.92656	  36.97192	  37.46072
 843	 -1.93497	 -11.58654	  37.05914	  37.54792
 839	 -1.99736	 -11.65981	  37.01008	  37.49887
 2198	 -2.01682	 -11.92656	  36.97192	  37.46072
 2203	 -1.98901	 -11.9806	  36.98531	  37.47411
 843	 -1.93497	 -11.58654	  37.05914	  37.54792
 2198	 -2.01682	 -11.92656	  36.97192	  37.46072
 2188	 -2.03941	 -12.17379	  36.95123	  37.44003
 2203	 -1.98901	 -11.9806	  36.98531	  37.47411
 2203	 -1.98901	 -11.9806	  36.98531	  37.47411
 2188	 -2.03941	 -12.17379	  36.95123	  37.44003
 2193	 -2.00738	 -12.13871	  36.9593	  37.4481
 2203	 -1.98901	 -11.9806	  36.98531	  37.47411
 2193	 -2.00738	 -12.13871	  36.9593	  37.4481
 2204	 -1.96744	 -12.06783	  36.98347	  37.47226
 2204	 -1.96744	 -12.06783	  36.98347	  37.47226
 2193	 -2.00738	 -12.13871	  36.9593	  37.4481
 2123	 -1.93353	 -12.28992	  36.97294	  37.46174
 2203	 -1.98901	 -11.9806	  36.98531	  37.47411
 2205	 -1.89912	 -11.84707	  37.04658	  37.53535
 843	 -1.93497	 -11.58654	  37.05914	  37.54792
 2204	 -1.96744	 -12.06783	  36.98347	  37.47226
 2205	 -1.89912	 -11.84707	  37.04658	  37.53535
 2203	 -1.98901	 -11.9806	  36.98531	  37.47411
 2206	 -1.89429	 -12.15663	  37.02088	  37.50967
 2204	 -1.96744	 -12.06783	  36.98347	  37.47226
 2123	 -1.93353	 -12.28992	  36.97294	  37.46174
 2204	 -1.96744	 -12.06783	  36.98347	  37.47226
 2206	 -1.89429	 -12.15663	  37.02088	  37.50967
 2205	 -1.89912	 -11.84707	  37.04658	  37.53535
 2123	 -1.93353	 -12.28992	  36.97294	  37.46174
 2207	 -1.86177	 -12.20187	  37.06369	  37.55246
 2206	 -1.89429	 -12.15663	  37.02088	  37.50967
 2205	 -1.89912	 -11.84707	  37.04658	  37.53535
 2208	 -1.88969	 -11.60208	  37.0772	  37.56597
 843	 -1.93497	 -11.58654	  37.05914	  37.54792
 841	 -1.85156	 -11.3983	  37.14692	  37.63567
 843	 -1.93497	 -11.58654	  37.05914	  37.54792
 2208	 -1.88969	 -11.60208	  37.0772	  37.56597
 2209	 -1.84252	 -12.02775	  37.08939	  37.57815
 2205	 -1.89912	 -11.84707	  37.04658	  37.53535
 2206	 -1.89429	 -12.15663	  37.02088	  37.50967
 2209	 -1.84252	 -12.02775	  37.08939	  37.57815
 2206	 -1.89429	 -12.15663	  37.02088	  37.50967
 2207	 -1.86177	 -12.20187	  37.06369	  37.55246
 2210	 -1.84825	 -11.51631	  37.14095	  37.6297
 841	 -1.85156	 -11.3983	  37.14692	  37.63567
 2208	 -1.88969	 -11.60208	  37.0772	  37.56597
 2205	 -1.89912	 -11.84707	  37.04658	  37.53535
 2211	 -1.84879	 -11.62361	  37.14388	  37.63262
 2208	 -1.88969	 -11.60208	  37.0772	  37.56597
 2211	 -1.84879	 -11.62361	  37.14388	  37.63262
 2210	 -1.84825	 -11.51631	  37.14095	  37.6297
 2208	 -1.88969	 -11.60208	  37.0772	  37.56597
 2205	 -1.89912	 -11.84707	  37.04658	  37.53535
 2209	 -1.84252	 -12.02775	  37.08939	  37.57815
 2212	 -1.84592	 -11.77266	  37.12728	  37.61604
 2212	 -1.84592	 -11.77266	  37.12728	  37.61604
 2211	 -1.84879	 -11.62361	  37.14388	  37.63262
 2205	 -1.89912	 -11.84707	  37.04658	  37.53535
 2210	 -1.84825	 -11.51631	  37.14095	  37.6297
 2213	 -1.80152	 -11.36338	  37.17764	  37.66637
 841	 -1.85156	 -11.3983	  37.14692	  37.63567
 837	 -1.83342	 -11.23107	  37.18454	  37.67327
 841	 -1.85156	 -11.3983	  37.14692	  37.63567
 2213	 -1.80152	 -11.36338	  37.17764	  37.66637
 837	 -1.83342	 -11.23107	  37.18454	  37.67327
 2213	 -1.80152	 -11.36338	  37.17764	  37.66637
 840	 -1.71898	 -11.29818	  37.23324	  37.72196
 2210	 -1.84825	 -11.51631	  37.14095	  37.6297
 2211	 -1.84879	 -11.62361	  37.14388	  37.63262
 2214	 -1.83776	 -11.52348	  37.19292	  37.68166
 2214	 -1.83776	 -11.52348	  37.19292	  37.68166
 2213	 -1.80152	 -11.36338	  37.17764	  37.66637
 2210	 -1.84825	 -11.51631	  37.14095	  37.6297
 2211	 -1.84879	 -11.62361	  37.14388	  37.63262
 2215	 -1.84813	 -11.65154	  37.24915	  37.73786
 2214	 -1.83776	 -11.52348	  37.19292	  37.68166
 2214	 -1.83776	 -11.52348	  37.19292	  37.68166
 2216	 -1.82218	 -11.58982	  37.20371	  37.69244
 2213	 -1.80152	 -11.36338	  37.17764	  37.66637
 2216	 -1.82218	 -11.58982	  37.20371	  37.69244
 2214	 -1.83776	 -11.52348	  37.19292	  37.68166
 2215	 -1.84813	 -11.65154	  37.24915	  37.73786
 2215	 -1.84813	 -11.65154	  37.24915	  37.73786
 2211	 -1.84879	 -11.62361	  37.14388	  37.63262
 2212	 -1.84592	 -11.77266	  37.12728	  37.61604
 2217	 -1.82438	 -11.75269	  37.21673	  37.70545
 2216	 -1.82218	 -11.58982	  37.20371	  37.69244
 2215	 -1.84813	 -11.65154	  37.24915	  37.73786
 2215	 -1.84813	 -11.65154	  37.24915	  37.73786
 2212	 -1.84592	 -11.77266	  37.12728	  37.61604
 2218	 -1.82365	 -11.80746	  37.24727	  37.73598
 2212	 -1.84592	 -11.77266	  37.12728	  37.61604
 2219	 -1.82522	 -11.93921	  37.14156	  37.63032
 2218	 -1.82365	 -11.80746	  37.24727	  37.73598
 2219	 -1.82522	 -11.93921	  37.14156	  37.63032
 2212	 -1.84592	 -11.77266	  37.12728	  37.61604
 2209	 -1.84252	 -12.02775	  37.08939	  37.57815
 2220	 -1.83116	 -12.16222	  37.14413	  37.63288
 2219	 -1.82522	 -11.93921	  37.14156	  37.63032
 2209	 -1.84252	 -12.02775	  37.08939	  37.57815
 2219	 -1.82522	 -11.93921	  37.14156	  37.63032
 2220	 -1.83116	 -12.16222	  37.14413	  37.63288
 2218	 -1.82365	 -11.80746	  37.24727	  37.73598
 2220	 -1.83116	 -12.16222	  37.14413	  37.63288
 2209	 -1.84252	 -12.02775	  37.08939	  37.57815
 2207	 -1.86177	 -12.20187	  37.06369	  37.55246
 2215	 -1.84813	 -11.65154	  37.24915	  37.73786
 2218	 -1.82365	 -11.80746	  37.24727	  37.73598
 2221	 -1.82687	 -11.71289	  37.31226	  37.80096
 2220	 -1.83116	 -12.16222	  37.14413	  37.63288
 2222	 -1.81888	 -11.86728	  37.27053	  37.75924
 2218	 -1.82365	 -11.80746	  37.24727	  37.73598
 2218	 -1.82365	 -11.80746	  37.24727	  37.73598
 2222	 -1.81888	 -11.86728	  37.27053	  37.75924
 2223	 -1.80492	 -11.70806	  37.34286	  37.83155
 2223	 -1.80492	 -11.70806	  37.34286	  37.83155
 2222	 -1.81888	 -11.86728	  37.27053	  37.75924
 2224	 -1.80594	 -11.71652	  37.34052	  37.82921
 2224	 -1.80594	 -11.71652	  37.34052	  37.82921
 2222	 -1.81888	 -11.86728	  37.27053	  37.75924
 2225	 -1.82016	 -11.81609	  37.31601	  37.8047
 2225	 -1.82016	 -11.81609	  37.31601	  37.8047
 2222	 -1.81888	 -11.86728	  37.27053	  37.75924
 2226	 -1.8244	 -11.87328	  37.29842	  37.78712
 2226	 -1.8244	 -11.87328	  37.29842	  37.78712
 2222	 -1.81888	 -11.86728	  37.27053	  37.75924
 2227	 -1.8304	 -11.93651	  37.28536	  37.77406
 2228	 -1.84307	 -12.0609	  37.26949	  37.7582
 2227	 -1.8304	 -11.93651	  37.28536	  37.77406
 2222	 -1.81888	 -11.86728	  37.27053	  37.75924
 2228	 -1.84307	 -12.0609	  37.26949	  37.7582
 2222	 -1.81888	 -11.86728	  37.27053	  37.75924
 2229	 -1.83261	 -12.07734	  37.22667	  37.71539
 2222	 -1.81888	 -11.86728	  37.27053	  37.75924
 2220	 -1.83116	 -12.16222	  37.14413	  37.63288
 2229	 -1.83261	 -12.07734	  37.22667	  37.71539
 2230	 -1.83663	 -12.22819	  37.20815	  37.69687
 2229	 -1.83261	 -12.07734	  37.22667	  37.71539
 2220	 -1.83116	 -12.16222	  37.14413	  37.63288
 2230	 -1.83663	 -12.22819	  37.20815	  37.69687
 2231	 -1.84468	 -12.16289	  37.24821	  37.73693
 2229	 -1.83261	 -12.07734	  37.22667	  37.71539
 2231	 -1.84468	 -12.16289	  37.24821	  37.73693
 2230	 -1.83663	 -12.22819	  37.20815	  37.69687
 2232	 -1.84602	 -12.21363	  37.23902	  37.72774
 2233	 -1.84869	 -12.2568	  37.23985	  37.72857
 2234	 -1.84784	 -12.23224	  37.24021	  37.72893
 2232	 -1.84602	 -12.21363	  37.23902	  37.72774
 2233	 -1.84869	 -12.2568	  37.23985	  37.72857
 2232	 -1.84602	 -12.21363	  37.23902	  37.72774
 2230	 -1.83663	 -12.22819	  37.20815	  37.69687
 2233	 -1.84869	 -12.2568	  37.23985	  37.72857
 2230	 -1.83663	 -12.22819	  37.20815	  37.69687
 2235	 -1.84283	 -12.29868	  37.23271	  37.72143
 2230	 -1.83663	 -12.22819	  37.20815	  37.69687
 2236	 -1.84177	 -12.33439	  37.2169	  37.70564
 2235	 -1.84283	 -12.29868	  37.23271	  37.72143
 2236	 -1.84177	 -12.33439	  37.2169	  37.70564
 2237	 -1.84073	 -12.37617	  37.22242	  37.71114
 2238	 -1.84442	 -12.3584	  37.22797	  37.71669
 2239	 -1.83889	 -12.40023	  37.22582	  37.71455
 2237	 -1.84073	 -12.37617	  37.22242	  37.71114
 2236	 -1.84177	 -12.33439	  37.2169	  37.70564
 2239	 -1.83889	 -12.40023	  37.22582	  37.71455
 2236	 -1.84177	 -12.33439	  37.2169	  37.70564
 2240	 -1.833	 -12.4359	  37.21845	  37.70718
 2241	 -1.8215	 -12.54004	  37.20165	  37.69038
 2242	 -1.82744	 -12.50857	  37.21088	  37.69962
 2240	 -1.833	 -12.4359	  37.21845	  37.70718
 2240	 -1.833	 -12.4359	  37.21845	  37.70718
 2236	 -1.84177	 -12.33439	  37.2169	  37.70564
 2243	 -1.82108	 -12.40258	  37.17909	  37.66783
 2243	 -1.82108	 -12.40258	  37.17909	  37.66783
 2130	 -1.8215	 -12.54004	  37.20165	  37.69038
 2240	 -1.833	 -12.4359	  37.21845	  37.70718
 2133	 -1.80839	 -12.4186	  37.10622	  37.59499
 2241	 -1.8215	 -12.54004	  37.20165	  37.69038
 2243	 -1.82108	 -12.40258	  37.17909	  37.66783
 2236	 -1.84177	 -12.33439	  37.2169	  37.70564
 2244	 -1.8297	 -12.32101	  37.14053	  37.62928
 2243	 -1.82108	 -12.40258	  37.17909	  37.66783
 2133	 -1.80839	 -12.4186	  37.10622	  37.59499
 2243	 -1.82108	 -12.40258	  37.17909	  37.66783
 2244	 -1.8297	 -12.32101	  37.14053	  37.62928
 2244	 -1.8297	 -12.32101	  37.14053	  37.62928
 2236	 -1.84177	 -12.33439	  37.2169	  37.70564
 2230	 -1.83663	 -12.22819	  37.20815	  37.69687
 2244	 -1.8297	 -12.32101	  37.14053	  37.62928
 2230	 -1.83663	 -12.22819	  37.20815	  37.69687
 2220	 -1.83116	 -12.16222	  37.14413	  37.63288
 2207	 -1.86177	 -12.20187	  37.06369	  37.55246
 2244	 -1.8297	 -12.32101	  37.14053	  37.62928
 2220	 -1.83116	 -12.16222	  37.14413	  37.63288
 2244	 -1.8297	 -12.32101	  37.14053	  37.62928
 2245	 -1.87326	 -12.36898	  37.02627	  37.51505
 2133	 -1.80839	 -12.4186	  37.10622	  37.59499
 2207	 -1.86177	 -12.20187	  37.06369	  37.55246
 2245	 -1.87326	 -12.36898	  37.02627	  37.51505
 2244	 -1.8297	 -12.32101	  37.14053	  37.62928
 2122	 -1.8431	 -12.4948	  37.04397	  37.53275
 2133	 -1.80839	 -12.4186	  37.10622	  37.59499
 2245	 -1.87326	 -12.36898	  37.02627	  37.51505
 2123	 -1.93353	 -12.28992	  36.97294	  37.46174
 2245	 -1.87326	 -12.36898	  37.02627	  37.51505
 2207	 -1.86177	 -12.20187	  37.06369	  37.55246
 2245	 -1.87326	 -12.36898	  37.02627	  37.51505
 2123	 -1.93353	 -12.28992	  36.97294	  37.46174
 2122	 -1.8431	 -12.4948	  37.04397	  37.53275
 2246	 -1.65174	 -13.12389	  37.1422	  37.63094
 2247	 -1.66877	 -12.96297	  37.15219	  37.64094
 2248	 -1.66152	 -12.96006	  37.14904	  37.63778
 2249	 -1.65745	 -12.95794	  37.14637	  37.63512
 2246	 -1.65174	 -13.12389	  37.1422	  37.63094
 2248	 -1.66152	 -12.96006	  37.14904	  37.63778
 2246	 -1.65174	 -13.12389	  37.1422	  37.63094
 2249	 -1.65745	 -12.95794	  37.14637	  37.63512
 2250	 -1.65406	 -12.95572	  37.14317	  37.63192
 2246	 -1.65174	 -13.12389	  37.1422	  37.63094
 2251	 -1.6757	 -12.96503	  37.15385	  37.64259
 2247	 -1.66877	 -12.96297	  37.15219	  37.64094
 2246	 -1.65174	 -13.12389	  37.1422	  37.63094
 2250	 -1.65406	 -12.95572	  37.14317	  37.63192
 2252	 -1.65216	 -12.95404	  37.14028	  37.62903
 2251	 -1.6757	 -12.96503	  37.15385	  37.64259
 2246	 -1.65174	 -13.12389	  37.1422	  37.63094
 2253	 -1.68197	 -13.11755	  37.15061	  37.63936
 2251	 -1.6757	 -12.96503	  37.15385	  37.64259
 2253	 -1.68197	 -13.11755	  37.15061	  37.63936
 2254	 -1.68274	 -12.96662	  37.15441	  37.64316
 2254	 -1.68274	 -12.96662	  37.15441	  37.64316
 2253	 -1.68197	 -13.11755	  37.15061	  37.63936
 2255	 -1.69065	 -12.96801	  37.15396	  37.64271
 2253	 -1.68197	 -13.11755	  37.15061	  37.63936
 2256	 -1.69683	 -12.96883	  37.15295	  37.6417
 2255	 -1.69065	 -12.96801	  37.15396	  37.64271
 2257	 -1.64334	 -13.14884	  37.12134	  37.61009
 2246	 -1.65174	 -13.12389	  37.1422	  37.63094
 2252	 -1.65216	 -12.95404	  37.14028	  37.62903
 2257	 -1.64334	 -13.14884	  37.12134	  37.61009
 2252	 -1.65216	 -12.95404	  37.14028	  37.62903
 2258	 -1.65151	 -12.95273	  37.13737	  37.62611
 2259	 -1.65386	 -13.22171	  37.13744	  37.6262
 2253	 -1.68197	 -13.11755	  37.15061	  37.63936
 2246	 -1.65174	 -13.12389	  37.1422	  37.63094
 2246	 -1.65174	 -13.12389	  37.1422	  37.63094
 2257	 -1.64334	 -13.14884	  37.12134	  37.61009
 2259	 -1.65386	 -13.22171	  37.13744	  37.6262
 2258	 -1.65151	 -12.95273	  37.13737	  37.62611
 2260	 -1.65394	 -13.06635	  37.11443	  37.60319
 2257	 -1.64334	 -13.14884	  37.12134	  37.61009
 2261	 -1.65259	 -12.95135	  37.13277	  37.62153
 2260	 -1.65394	 -13.06635	  37.11443	  37.60319
 2258	 -1.65151	 -12.95273	  37.13737	  37.62611
 2262	 -1.65507	 -12.9506	  37.12878	  37.61753
 2260	 -1.65394	 -13.06635	  37.11443	  37.60319
 2261	 -1.65259	 -12.95135	  37.13277	  37.62153
 2260	 -1.65394	 -13.06635	  37.11443	  37.60319
 2262	 -1.65507	 -12.9506	  37.12878	  37.61753
 2263	 -1.67507	 -13.09159	  37.08922	  37.57798
 2263	 -1.67507	 -13.09159	  37.08922	  37.57798
 2262	 -1.65507	 -12.9506	  37.12878	  37.61753
 2264	 -1.66815	 -12.95013	  37.11908	  37.60783
 2265	 -1.68295	 -12.94761	  37.10664	  37.59539
 2263	 -1.67507	 -13.09159	  37.08922	  37.57798
 2264	 -1.66815	 -12.95013	  37.11908	  37.60783
 2257	 -1.64334	 -13.14884	  37.12134	  37.61009
 2260	 -1.65394	 -13.06635	  37.11443	  37.60319
 2266	 -1.66091	 -13.2868	  37.07331	  37.56208
 2263	 -1.67507	 -13.09159	  37.08922	  37.57798
 2266	 -1.66091	 -13.2868	  37.07331	  37.56208
 2260	 -1.65394	 -13.06635	  37.11443	  37.60319
 2267	 -1.72945	 -13.11038	  37.06326	  37.55202
 2263	 -1.67507	 -13.09159	  37.08922	  37.57798
 2265	 -1.68295	 -12.94761	  37.10664	  37.59539
 2266	 -1.66091	 -13.2868	  37.07331	  37.56208
 2268	 -1.65735	 -13.2966	  37.10249	  37.59125
 2257	 -1.64334	 -13.14884	  37.12134	  37.61009
 2259	 -1.65386	 -13.22171	  37.13744	  37.6262
 2257	 -1.64334	 -13.14884	  37.12134	  37.61009
 2268	 -1.65735	 -13.2966	  37.10249	  37.59125
 2267	 -1.72945	 -13.11038	  37.06326	  37.55202
 2265	 -1.68295	 -12.94761	  37.10664	  37.59539
 2269	 -1.7155	 -13.03548	  37.08989	  37.57865
 2269	 -1.7155	 -13.03548	  37.08989	  37.57865
 2265	 -1.68295	 -12.94761	  37.10664	  37.59539
 2270	 -1.6961	 -12.94715	  37.10139	  37.59015
 2270	 -1.6961	 -12.94715	  37.10139	  37.59015
 2271	 -1.70195	 -12.94781	  37.10156	  37.59032
 2269	 -1.7155	 -13.03548	  37.08989	  37.57865
 2272	 -1.70728	 -12.94875	  37.10276	  37.59152
 2269	 -1.7155	 -13.03548	  37.08989	  37.57865
 2271	 -1.70195	 -12.94781	  37.10156	  37.59032
 2273	 -1.71216	 -12.94979	  37.10453	  37.59329
 2269	 -1.7155	 -13.03548	  37.08989	  37.57865
 2272	 -1.70728	 -12.94875	  37.10276	  37.59152
 2273	 -1.71216	 -12.94979	  37.10453	  37.59329
 2274	 -1.71844	 -12.95152	  37.1079	  37.59666
