 5144	  54.63929	  32.68432	  73.87369	  74.35139
 5144	  54.63929	  32.68432	  73.87369	  74.35139
 5143	  55.14714	  32.06416	  73.80791	  74.28563
 5145	  55.13464	  31.92543	  73.81554	  74.29324
 5146	  55.09466	  32.06416	  73.1976	  73.67551
 5147	  55.14547	  32.15536	  73.15883	  73.63675
 5148	  54.62811	  32.44109	  73.22784	  73.70573
 5148	  54.62811	  32.44109	  73.22784	  73.70573
 5147	  55.14547	  32.15536	  73.15883	  73.63675
 5149	  54.65365	  32.92214	  73.19823	  73.67613
 5150	  54.71436	  32.75648	  73.85005	  74.32776
 5151	  54.63929	  32.68432	  73.87369	  74.35139
 5152	  54.72701	  32.96989	  73.23554	  73.71344
 5152	  54.72701	  32.96989	  73.23554	  73.71344
 5151	  54.63929	  32.68432	  73.87369	  74.35139
 5153	  54.65365	  32.92214	  73.19823	  73.67613
 5154	  55.09466	  32.06416	  73.1976	  73.67551
 5155	  55.10824	  31.91831	  73.25526	  73.73314
 5156	  55.08418	  31.87203	  73.73428	  74.21202
 5156	  55.08418	  31.87203	  73.73428	  74.21202
 5155	  55.10824	  31.91831	  73.25526	  73.73314
 5157	  55.10112	  31.77712	  73.65894	  74.1367
 5158	  55.14547	  32.15536	  73.15883	  73.63675
 5159	  55.13464	  31.92543	  73.81554	  74.29324
 5160	  55.16008	  32.27375	  73.19084	  73.66875
 5160	  55.16008	  32.27375	  73.19084	  73.66875
 5159	  55.13464	  31.92543	  73.81554	  74.29324
 5161	  55.14714	  32.06416	  73.80791	  74.28563
 5162	  54.72279	  32.18418	  73.31693	  73.7948
 5163	  54.71722	  32.07328	  73.63449	  74.11227
 5164	  55.0228	  31.85982	  73.28534	  73.76321
 5164	  55.0228	  31.85982	  73.28534	  73.76321
 5163	  54.71722	  32.07328	  73.63449	  74.11227
 5165	  55.01683	  31.74361	  73.61813	  74.09592
 5166	  55.10112	  31.77712	  73.65894	  74.1367
 5167	  55.10824	  31.91831	  73.25526	  73.73314
 5168	  55.01683	  31.74361	  73.61813	  74.09592
 5168	  55.01683	  31.74361	  73.61813	  74.09592
 5167	  55.10824	  31.91831	  73.25526	  73.73314
 5169	  55.0228	  31.85982	  73.28534	  73.76321
 5170	  54.72701	  32.96989	  73.23554	  73.71344
 5171	  55.16008	  32.27375	  73.19084	  73.66875
 5172	  54.71436	  32.75648	  73.85005	  74.32776
 5172	  54.71436	  32.75648	  73.85005	  74.32776
 5171	  55.16008	  32.27375	  73.19084	  73.66875
 5173	  55.14714	  32.06416	  73.80791	  74.28563
 5174	  54.62811	  32.44109	  73.22784	  73.70573
 5175	  54.72279	  32.18418	  73.31693	  73.7948
 5176	  55.09466	  32.06416	  73.1976	  73.67551
 5176	  55.09466	  32.06416	  73.1976	  73.67551
 5175	  54.72279	  32.18418	  73.31693	  73.7948
 5177	  55.10824	  31.91831	  73.25526	  73.73314
 5175	  54.72279	  32.18418	  73.31693	  73.7948
 5178	  55.0228	  31.85982	  73.28534	  73.76321
 5177	  55.10824	  31.91831	  73.25526	  73.73314
 5179	  54.72701	  32.96989	  73.23554	  73.71344
 5180	  54.65365	  32.92214	  73.19823	  73.67613
 5181	  55.16008	  32.27375	  73.19084	  73.66875
 5181	  55.16008	  32.27375	  73.19084	  73.66875
 5180	  54.65365	  32.92214	  73.19823	  73.67613
 5182	  55.14547	  32.15536	  73.15883	  73.63675
 5183	  55.32841	  33.11565	  70.71269	  71.19135
 5184	  55.31906	  32.95882	  70.62478	  71.10345
 5185	  55.09504	  33.11823	  70.71516	  71.19382
 5185	  55.09504	  33.11823	  70.71516	  71.19382
 5184	  55.31906	  32.95882	  70.62478	  71.10345
 5186	  55.08828	  32.95831	  70.62614	  71.10483
 5187	  55.09504	  33.11823	  70.71516	  71.19382
 5188	  55.10036	  33.29444	  70.63428	  71.11296
 5189	  55.32841	  33.11565	  70.71269	  71.19135
 5189	  55.32841	  33.11565	  70.71269	  71.19135
 5188	  55.10036	  33.29444	  70.63428	  71.11296
 5190	  55.33506	  33.28931	  70.63258	  71.11125
 5191	  55.08828	  32.95831	  70.62614	  71.10483
 5192	  55.31906	  32.95882	  70.62478	  71.10345
 5193	  55.0936	  33.13451	  70.54526	  71.02396
 5193	  55.0936	  33.13451	  70.54526	  71.02396
 5192	  55.31906	  32.95882	  70.62478	  71.10345
 5194	  55.32597	  33.13219	  70.54457	  71.02327
 5195	  55.35499	  32.96335	  70.62315	  71.10184
 5196	  55.31906	  32.95882	  70.62478	  71.10345
 5197	  55.36465	  33.0939	  70.69639	  71.17504
 5197	  55.36465	  33.0939	  70.69639	  71.17504
 5196	  55.31906	  32.95882	  70.62478	  71.10345
 5198	  55.32841	  33.11565	  70.71269	  71.19135
 5199	  55.0936	  33.13451	  70.54526	  71.02396
 5200	  55.32597	  33.13219	  70.54457	  71.02327
 5201	  55.10036	  33.29444	  70.63428	  71.11296
 5201	  55.10036	  33.29444	  70.63428	  71.11296
 5200	  55.32597	  33.13219	  70.54457	  71.02327
 5202	  55.33506	  33.28931	  70.63258	  71.11125
 5203	  55.36465	  33.0939	  70.69639	  71.17504
 5204	  55.32841	  33.11565	  70.71269	  71.19135
 5205	  55.37091	  33.23848	  70.62952	  71.1082
 5205	  55.37091	  33.23848	  70.62952	  71.1082
 5204	  55.32841	  33.11565	  70.71269	  71.19135
 5206	  55.33506	  33.28931	  70.63258	  71.11125
 5207	  55.35499	  32.96335	  70.62315	  71.10184
 5208	  55.3615	  33.10764	  70.55629	  71.03499
 5209	  55.31906	  32.95882	  70.62478	  71.10345
 5209	  55.31906	  32.95882	  70.62478	  71.10345
 5208	  55.3615	  33.10764	  70.55629	  71.03499
 5210	  55.32597	  33.13219	  70.54457	  71.02327
 5211	  60.66115	  33.11796	  70.18512	  70.66393
 5212	  55.35499	  32.96335	  70.62315	  71.10184
 5213	  60.66167	  33.25165	  70.25951	  70.7383
 5213	  60.66167	  33.25165	  70.25951	  70.7383
 5212	  55.35499	  32.96335	  70.62315	  71.10184
 5214	  55.36465	  33.0939	  70.69639	  71.17504
 5215	  55.3615	  33.10764	  70.55629	  71.03499
 5216	  55.37091	  33.23848	  70.62952	  71.1082
 5217	  55.32597	  33.13219	  70.54457	  71.02327
 5217	  55.32597	  33.13219	  70.54457	  71.02327
 5216	  55.37091	  33.23848	  70.62952	  71.1082
 5218	  55.33506	  33.28931	  70.63258	  71.11125
 5219	  55.36465	  33.0939	  70.69639	  71.17504
 5220	  55.37091	  33.23848	  70.62952	  71.1082
 5221	  60.66167	  33.25165	  70.25951	  70.7383
 5221	  60.66167	  33.25165	  70.25951	  70.7383
 5220	  55.37091	  33.23848	  70.62952	  71.1082
 5222	  60.661	  33.39895	  70.19199	  70.67079
 5223	  60.66047	  33.26524	  70.11761	  70.59644
 5224	  55.3615	  33.10764	  70.55629	  71.03499
 5225	  60.66115	  33.11796	  70.18512	  70.66393
 5225	  60.66115	  33.11796	  70.18512	  70.66393
 5224	  55.3615	  33.10764	  70.55629	  71.03499
 5226	  55.35499	  32.96335	  70.62315	  71.10184
 5227	  60.66047	  33.26524	  70.11761	  70.59644
 5228	  60.661	  33.39895	  70.19199	  70.67079
 5229	  55.3615	  33.10764	  70.55629	  71.03499
 5229	  55.3615	  33.10764	  70.55629	  71.03499
 5228	  60.661	  33.39895	  70.19199	  70.67079
 5230	  55.37091	  33.23848	  70.62952	  71.1082
 5231	  55.18573	  32.87453	  70.88911	  71.36771
 5232	  54.72032	  33.25613	  70.91871	  71.39729
 5233	  55.23621	  32.92792	  70.97038	  71.44894
 5233	  55.23621	  32.92792	  70.97038	  71.44894
 5232	  54.72032	  33.25613	  70.91871	  71.39729
 5234	  54.74084	  33.68681	  71.02853	  71.5071
 5235	  54.75521	  33.92463	  70.35307	  70.83183
 5236	  54.74084	  33.68681	  71.02853	  71.5071
 5237	  54.72967	  33.44359	  70.38268	  70.86143
 5237	  54.72967	  33.44359	  70.38268	  70.86143
 5236	  54.74084	  33.68681	  71.02853	  71.5071
 5238	  54.72032	  33.25613	  70.91871	  71.39729
 5238	  54.72032	  33.25613	  70.91871	  71.39729
 5239	  54.81878	  33.07578	  70.78934	  71.26797
 5240	  54.72967	  33.44359	  70.38268	  70.86143
 5240	  54.72967	  33.44359	  70.38268	  70.86143
 5239	  54.81878	  33.07578	  70.78934	  71.26797
 5241	  54.82435	  33.18667	  70.47178	  70.9505
 5242	  55.23621	  32.92792	  70.97038	  71.44894
 5243	  55.24703	  33.15786	  70.31367	  70.79243
 5244	  55.18573	  32.87453	  70.88911	  71.36771
 5244	  55.18573	  32.87453	  70.88911	  71.36771
 5243	  55.24703	  33.15786	  70.31367	  70.79243
 5245	  55.19622	  33.06665	  70.35246	  70.83121
 5246	  54.72032	  33.25613	  70.91871	  71.39729
 5247	  55.18573	  32.87453	  70.88911	  71.36771
 5248	  54.81878	  33.07578	  70.78934	  71.26797
 5247	  55.18573	  32.87453	  70.88911	  71.36771
 5249	  55.20268	  32.77962	  70.81378	  71.2924
 5248	  54.81878	  33.07578	  70.78934	  71.26797
 5249	  55.20268	  32.77962	  70.81378	  71.2924
 5250	  55.11839	  32.7461	  70.77299	  71.25162
 5248	  54.81878	  33.07578	  70.78934	  71.26797
 5251	  54.81593	  33.75897	  71.00488	  71.48344
 5252	  55.24871	  33.06666	  70.96275	  71.44132
 5253	  54.74084	  33.68681	  71.02853	  71.5071
 5253	  54.74084	  33.68681	  71.02853	  71.5071
 5252	  55.24871	  33.06666	  70.96275	  71.44132
 5254	  55.23621	  32.92792	  70.97038	  71.44894
 5255	  55.19622	  33.06665	  70.35246	  70.83121
 5256	  55.24703	  33.15786	  70.31367	  70.79243
 5257	  54.72967	  33.44359	  70.38268	  70.86143
 5257	  54.72967	  33.44359	  70.38268	  70.86143
 5256	  55.24703	  33.15786	  70.31367	  70.79243
 5258	  54.75521	  33.92463	  70.35307	  70.83183
 5259	  54.81593	  33.75897	  71.00488	  71.48344
 5260	  54.74084	  33.68681	  71.02853	  71.5071
 5261	  54.82858	  33.97238	  70.39038	  70.86913
 5261	  54.82858	  33.97238	  70.39038	  70.86913
 5260	  54.74084	  33.68681	  71.02853	  71.5071
 5262	  54.75521	  33.92463	  70.35307	  70.83183
 5263	  55.19622	  33.06665	  70.35246	  70.83121
 5264	  55.20979	  32.9208	  70.4101	  70.88884
 5265	  55.18573	  32.87453	  70.88911	  71.36771
 5265	  55.18573	  32.87453	  70.88911	  71.36771
 5264	  55.20979	  32.9208	  70.4101	  70.88884
 5266	  55.20268	  32.77962	  70.81378	  71.2924
 5267	  55.24703	  33.15786	  70.31367	  70.79243
 5268	  55.23621	  32.92792	  70.97038	  71.44894
 5269	  55.26165	  33.27625	  70.34568	  70.82444
 5269	  55.26165	  33.27625	  70.34568	  70.82444
 5268	  55.23621	  32.92792	  70.97038	  71.44894
 5270	  55.24871	  33.06666	  70.96275	  71.44132
 5271	  54.82435	  33.18667	  70.47178	  70.9505
 5272	  54.81878	  33.07578	  70.78934	  71.26797
 5273	  55.12435	  32.8623	  70.44019	  70.91891
 5273	  55.12435	  32.8623	  70.44019	  70.91891
 5272	  54.81878	  33.07578	  70.78934	  71.26797
 5274	  55.11839	  32.7461	  70.77299	  71.25162
 5275	  55.20268	  32.77962	  70.81378	  71.2924
 5276	  55.20979	  32.9208	  70.4101	  70.88884
 5277	  55.11839	  32.7461	  70.77299	  71.25162
 5277	  55.11839	  32.7461	  70.77299	  71.25162
 5276	  55.20979	  32.9208	  70.4101	  70.88884
 5278	  55.12435	  32.8623	  70.44019	  70.91891
 5279	  54.82858	  33.97238	  70.39038	  70.86913
 5280	  55.26165	  33.27625	  70.34568	  70.82444
 5281	  54.81593	  33.75897	  71.00488	  71.48344
 5281	  54.81593	  33.75897	  71.00488	  71.48344
 5280	  55.26165	  33.27625	  70.34568	  70.82444
 5282	  55.24871	  33.06666	  70.96275	  71.44132
 5283	  54.72967	  33.44359	  70.38268	  70.86143
 5284	  54.82435	  33.18667	  70.47178	  70.9505
 5285	  55.19622	  33.06665	  70.35246	  70.83121
 5285	  55.19622	  33.06665	  70.35246	  70.83121
 5284	  54.82435	  33.18667	  70.47178	  70.9505
 5286	  55.20979	  32.9208	  70.4101	  70.88884
 5284	  54.82435	  33.18667	  70.47178	  70.9505
 5287	  55.12435	  32.8623	  70.44019	  70.91891
 5286	  55.20979	  32.9208	  70.4101	  70.88884
 5288	  54.82858	  33.97238	  70.39038	  70.86913
 5289	  54.75521	  33.92463	  70.35307	  70.83183
 5290	  55.26165	  33.27625	  70.34568	  70.82444
 5290	  55.26165	  33.27625	  70.34568	  70.82444
 5289	  54.75521	  33.92463	  70.35307	  70.83183
 5291	  55.24703	  33.15786	  70.31367	  70.79243
 5292	  50.85459	 -12.92357	  66.38501	  66.86497
 5293	  50.86499	 -12.97209	  66.4621	  66.94204
 5294	  50.86499	 -12.36452	  66.5167	  66.99661
 5295	  50.8449	 -12.83695	  66.31689	  66.79687
 5292	  50.85459	 -12.92357	  66.38501	  66.86497
 5294	  50.86499	 -12.36452	  66.5167	  66.99661
 5296	  50.83657	 -12.71814	  66.2624	  66.74239
 5295	  50.8449	 -12.83695	  66.31689	  66.79687
 5294	  50.86499	 -12.36452	  66.5167	  66.99661
 5297	  50.83018	 -12.57523	  66.22523	  66.70523
 5296	  50.83657	 -12.71814	  66.2624	  66.74239
 5294	  50.86499	 -12.36452	  66.5167	  66.99661
 5298	  50.82617	 -12.41795	  66.20792	  66.68793
 5297	  50.83018	 -12.57523	  66.22523	  66.70523
 5294	  50.86499	 -12.36452	  66.5167	  66.99661
 5299	  50.8248	 -12.25704	  66.21165	  66.69166
 5298	  50.82617	 -12.41795	  66.20792	  66.68793
 5294	  50.86499	 -12.36452	  66.5167	  66.99661
 5300	  50.82617	 -12.10345	  66.23618	  66.71618
 5299	  50.8248	 -12.25704	  66.21165	  66.69166
 5294	  50.86499	 -12.36452	  66.5167	  66.99661
 5301	  50.83018	 -11.96766	  66.27982	  66.75981
 5300	  50.82617	 -12.10345	  66.23618	  66.71618
 5294	  50.86499	 -12.36452	  66.5167	  66.99661
 5302	  50.83657	 -11.8589	  66.3396	  66.81956
 5301	  50.83018	 -11.96766	  66.27982	  66.75981
 5294	  50.86499	 -12.36452	  66.5167	  66.99661
 5303	  50.8449	 -11.78461	  66.41145	  66.8914
 5302	  50.83657	 -11.8589	  66.3396	  66.81956
 5294	  50.86499	 -12.36452	  66.5167	  66.99661
 5304	  50.85459	 -11.74983	  66.49048	  66.9704
 5303	  50.8449	 -11.78461	  66.41145	  66.8914
 5294	  50.86499	 -12.36452	  66.5167	  66.99661
 5305	  50.86499	 -11.75695	  66.57129	  67.05119
 5304	  50.85459	 -11.74983	  66.49048	  66.9704
 5294	  50.86499	 -12.36452	  66.5167	  66.99661
 5294	  50.86499	 -12.36452	  66.5167	  66.99661
 5306	  51.05465	 -12.26411	  68.01067	  68.49014
 5305	  50.86499	 -11.75695	  66.57129	  67.05119
 5307	  51.05465	 -12.87169	  67.95609	  68.43556
 5306	  51.05465	 -12.26411	  68.01067	  68.49014
 5294	  50.86499	 -12.36452	  66.5167	  66.99661
 5308	  51.06506	 -12.31264	  68.08777	  68.5672
 5306	  51.05465	 -12.26411	  68.01067	  68.49014
 5307	  51.05465	 -12.87169	  67.95609	  68.43556
 5293	  50.86499	 -12.97209	  66.4621	  66.94204
 5307	  51.05465	 -12.87169	  67.95609	  68.43556
 5294	  50.86499	 -12.36452	  66.5167	  66.99661
 5309	  51.05465	 -13.47926	  67.90149	  68.38098
 5307	  51.05465	 -12.87169	  67.95609	  68.43556
 5293	  50.86499	 -12.97209	  66.4621	  66.94204
 5309	  51.05465	 -13.47926	  67.90149	  68.38098
 5310	  51.06506	 -13.48637	  67.9823	  68.46178
 5307	  51.05465	 -12.87169	  67.95609	  68.43556
 5310	  51.06506	 -13.48637	  67.9823	  68.46178
 5311	  51.07475	 -13.4516	  68.06133	  68.54077
 5307	  51.05465	 -12.87169	  67.95609	  68.43556
 5311	  51.07475	 -13.4516	  68.06133	  68.54077
 5312	  51.08307	 -13.3773	  68.13318	  68.61259
 5307	  51.05465	 -12.87169	  67.95609	  68.43556
 5312	  51.08307	 -13.3773	  68.13318	  68.61259
 5313	  51.08946	 -13.26855	  68.19296	  68.67236
 5307	  51.05465	 -12.87169	  67.95609	  68.43556
 5313	  51.08946	 -13.26855	  68.19296	  68.67236
 5314	  51.09348	 -13.13276	  68.2366	  68.716
 5307	  51.05465	 -12.87169	  67.95609	  68.43556
 5314	  51.09348	 -13.13276	  68.2366	  68.716
 5315	  51.09484	 -12.97917	  68.26112	  68.74051
 5307	  51.05465	 -12.87169	  67.95609	  68.43556
 5315	  51.09484	 -12.97917	  68.26112	  68.74051
 5316	  51.09348	 -12.81826	  68.26486	  68.74425
 5307	  51.05465	 -12.87169	  67.95609	  68.43556
 5316	  51.09348	 -12.81826	  68.26486	  68.74425
 5317	  51.08946	 -12.66098	  68.24755	  68.72694
 5307	  51.05465	 -12.87169	  67.95609	  68.43556
 5317	  51.08946	 -12.66098	  68.24755	  68.72694
 5318	  51.08307	 -12.51807	  68.21037	  68.68978
 5307	  51.05465	 -12.87169	  67.95609	  68.43556
 5319	  50.86499	 -12.97209	  66.4621	  66.94204
 5320	  50.85459	 -12.92357	  66.38501	  66.86497
 5321	  50.76197	 -12.97529	  66.47118	  66.95111
 5321	  50.76197	 -12.97529	  66.47118	  66.95111
 5320	  50.85459	 -12.92357	  66.38501	  66.86497
 5322	  50.75156	 -12.92677	  66.39409	  66.87404
 5323	  50.76197	 -12.97529	  66.47118	  66.95111
 5324	  50.75156	 -12.92677	  66.39409	  66.87404
 5325	  50.76197	 -12.36772	  66.52577	  67.00568
 5324	  50.75156	 -12.92677	  66.39409	  66.87404
 5326	  50.74187	 -12.84015	  66.32597	  66.80594
 5325	  50.76197	 -12.36772	  66.52577	  67.00568
 5326	  50.74187	 -12.84015	  66.32597	  66.80594
 5327	  50.73354	 -12.72133	  66.27147	  66.75146
 5325	  50.76197	 -12.36772	  66.52577	  67.00568
 5327	  50.73354	 -12.72133	  66.27147	  66.75146
 5328	  50.72716	 -12.57842	  66.23431	  66.7143
 5325	  50.76197	 -12.36772	  66.52577	  67.00568
 5328	  50.72716	 -12.57842	  66.23431	  66.7143
 5329	  50.72314	 -12.42115	  66.217	  66.697
 5325	  50.76197	 -12.36772	  66.52577	  67.00568
 5329	  50.72314	 -12.42115	  66.217	  66.697
 5330	  50.72177	 -12.26023	  66.22073	  66.70073
 5325	  50.76197	 -12.36772	  66.52577	  67.00568
 5330	  50.72177	 -12.26023	  66.22073	  66.70073
 5331	  50.72314	 -12.10665	  66.24525	  66.72524
 5325	  50.76197	 -12.36772	  66.52577	  67.00568
 5331	  50.72314	 -12.10665	  66.24525	  66.72524
 5332	  50.72716	 -11.97085	  66.28889	  66.76888
 5325	  50.76197	 -12.36772	  66.52577	  67.00568
 5332	  50.72716	 -11.97085	  66.28889	  66.76888
 5333	  50.73354	 -11.8621	  66.34867	  66.82864
 5325	  50.76197	 -12.36772	  66.52577	  67.00568
 5333	  50.73354	 -11.8621	  66.34867	  66.82864
 5334	  50.74187	 -11.78781	  66.42052	  66.90047
 5325	  50.76197	 -12.36772	  66.52577	  67.00568
 5334	  50.74187	 -11.78781	  66.42052	  66.90047
 5335	  50.75156	 -11.75303	  66.49955	  66.97947
 5325	  50.76197	 -12.36772	  66.52577	  67.00568
 5335	  50.75156	 -11.75303	  66.49955	  66.97947
 5336	  50.76197	 -11.76015	  66.58036	  67.06026
 5325	  50.76197	 -12.36772	  66.52577	  67.00568
 5325	  50.76197	 -12.36772	  66.52577	  67.00568
 5337	  50.95162	 -13.48245	  67.91057	  68.39006
 5323	  50.76197	 -12.97529	  66.47118	  66.95111
 5336	  50.76197	 -11.76015	  66.58036	  67.06026
 5338	  50.95162	 -12.87489	  67.96515	  68.44463
 5325	  50.76197	 -12.36772	  66.52577	  67.00568
 5338	  50.95162	 -12.87489	  67.96515	  68.44463
 5337	  50.95162	 -13.48245	  67.91057	  68.39006
 5325	  50.76197	 -12.36772	  66.52577	  67.00568
 5339	  50.95162	 -12.26731	  68.01974	  68.49921
 5338	  50.95162	 -12.87489	  67.96515	  68.44463
 5336	  50.76197	 -11.76015	  66.58036	  67.06026
 5340	  50.96203	 -13.48957	  67.99138	  68.47084
 5337	  50.95162	 -13.48245	  67.91057	  68.39006
 5338	  50.95162	 -12.87489	  67.96515	  68.44463
 5341	  50.97172	 -13.4548	  68.07039	  68.54984
 5340	  50.96203	 -13.48957	  67.99138	  68.47084
 5338	  50.95162	 -12.87489	  67.96515	  68.44463
 5339	  50.95162	 -12.26731	  68.01974	  68.49921
 5342	  50.96203	 -12.31583	  68.09683	  68.57628
 5338	  50.95162	 -12.87489	  67.96515	  68.44463
 5342	  50.96203	 -12.31583	  68.09683	  68.57628
 5343	  50.97172	 -12.40245	  68.16495	  68.64436
 5338	  50.95162	 -12.87489	  67.96515	  68.44463
 5343	  50.97172	 -12.40245	  68.16495	  68.64436
 5344	  50.98005	 -12.52127	  68.21945	  68.69885
 5338	  50.95162	 -12.87489	  67.96515	  68.44463
 5344	  50.98005	 -12.52127	  68.21945	  68.69885
 5345	  50.98643	 -12.66418	  68.25662	  68.73601
 5338	  50.95162	 -12.87489	  67.96515	  68.44463
 5345	  50.98643	 -12.66418	  68.25662	  68.73601
 5346	  50.99045	 -12.82146	  68.27393	  68.75332
 5338	  50.95162	 -12.87489	  67.96515	  68.44463
 5346	  50.99045	 -12.82146	  68.27393	  68.75332
 5347	  50.99182	 -12.98237	  68.2702	  68.74959
 5338	  50.95162	 -12.87489	  67.96515	  68.44463
 5347	  50.99182	 -12.98237	  68.2702	  68.74959
 5348	  50.99045	 -13.13596	  68.24567	  68.72507
 5338	  50.95162	 -12.87489	  67.96515	  68.44463
 5348	  50.99045	 -13.13596	  68.24567	  68.72507
 5349	  50.98643	 -13.27175	  68.20203	  68.68144
 5338	  50.95162	 -12.87489	  67.96515	  68.44463
 5349	  50.98643	 -13.27175	  68.20203	  68.68144
 5350	  50.98005	 -13.3805	  68.14224	  68.62167
 5338	  50.95162	 -12.87489	  67.96515	  68.44463
 5351	  50.85459	 -12.92357	  66.38501	  66.86497
 5352	  50.8449	 -12.83695	  66.31689	  66.79687
 5353	  50.75156	 -12.92677	  66.39409	  66.87404
 5353	  50.75156	 -12.92677	  66.39409	  66.87404
 5352	  50.8449	 -12.83695	  66.31689	  66.79687
 5354	  50.74187	 -12.84015	  66.32597	  66.80594
 5355	  50.8449	 -12.83695	  66.31689	  66.79687
 5356	  50.83657	 -12.71814	  66.2624	  66.74239
 5357	  50.74187	 -12.84015	  66.32597	  66.80594
 5357	  50.74187	 -12.84015	  66.32597	  66.80594
 5356	  50.83657	 -12.71814	  66.2624	  66.74239
 5358	  50.73354	 -12.72133	  66.27147	  66.75146
 5359	  50.83657	 -12.71814	  66.2624	  66.74239
 5360	  50.83018	 -12.57523	  66.22523	  66.70523
 5361	  50.73354	 -12.72133	  66.27147	  66.75146
 5361	  50.73354	 -12.72133	  66.27147	  66.75146
 5360	  50.83018	 -12.57523	  66.22523	  66.70523
 5362	  50.72716	 -12.57842	  66.23431	  66.7143
 5363	  50.83018	 -12.57523	  66.22523	  66.70523
 5364	  50.82617	 -12.41795	  66.20792	  66.68793
 5365	  50.72716	 -12.57842	  66.23431	  66.7143
 5365	  50.72716	 -12.57842	  66.23431	  66.7143
 5364	  50.82617	 -12.41795	  66.20792	  66.68793
 5366	  50.72314	 -12.42115	  66.217	  66.697
 5367	  50.82617	 -12.41795	  66.20792	  66.68793
 5368	  50.8248	 -12.25704	  66.21165	  66.69166
 5369	  50.72314	 -12.42115	  66.217	  66.697
 5369	  50.72314	 -12.42115	  66.217	  66.697
 5368	  50.8248	 -12.25704	  66.21165	  66.69166
 5370	  50.72177	 -12.26023	  66.22073	  66.70073
 5371	  50.8248	 -12.25704	  66.21165	  66.69166
 5372	  50.82617	 -12.10345	  66.23618	  66.71618
 5373	  50.72177	 -12.26023	  66.22073	  66.70073
 5373	  50.72177	 -12.26023	  66.22073	  66.70073
 5372	  50.82617	 -12.10345	  66.23618	  66.71618
 5374	  50.72314	 -12.10665	  66.24525	  66.72524
 5375	  50.82617	 -12.10345	  66.23618	  66.71618
 5376	  50.83018	 -11.96766	  66.27982	  66.75981
 5377	  50.72314	 -12.10665	  66.24525	  66.72524
 5377	  50.72314	 -12.10665	  66.24525	  66.72524
 5376	  50.83018	 -11.96766	  66.27982	  66.75981
 5378	  50.72716	 -11.97085	  66.28889	  66.76888
 5379	  50.83018	 -11.96766	  66.27982	  66.75981
 5380	  50.83657	 -11.8589	  66.3396	  66.81956
 5381	  50.72716	 -11.97085	  66.28889	  66.76888
 5381	  50.72716	 -11.97085	  66.28889	  66.76888
 5380	  50.83657	 -11.8589	  66.3396	  66.81956
 5382	  50.73354	 -11.8621	  66.34867	  66.82864
 5383	  50.83657	 -11.8589	  66.3396	  66.81956
 5384	  50.8449	 -11.78461	  66.41145	  66.8914
 5385	  50.73354	 -11.8621	  66.34867	  66.82864
 5385	  50.73354	 -11.8621	  66.34867	  66.82864
 5384	  50.8449	 -11.78461	  66.41145	  66.8914
 5386	  50.74187	 -11.78781	  66.42052	  66.90047
 5387	  50.8449	 -11.78461	  66.41145	  66.8914
 5388	  50.85459	 -11.74983	  66.49048	  66.9704
 5389	  50.74187	 -11.78781	  66.42052	  66.90047
 5389	  50.74187	 -11.78781	  66.42052	  66.90047
 5388	  50.85459	 -11.74983	  66.49048	  66.9704
 5390	  50.75156	 -11.75303	  66.49955	  66.97947
 5391	  50.85459	 -11.74983	  66.49048	  66.9704
 5392	  50.86499	 -11.75695	  66.57129	  67.05119
 5393	  50.75156	 -11.75303	  66.49955	  66.97947
 5393	  50.75156	 -11.75303	  66.49955	  66.97947
 5392	  50.86499	 -11.75695	  66.57129	  67.05119
 5394	  50.76197	 -11.76015	  66.58036	  67.06026
 5395	  51.05465	 -12.26411	  68.01067	  68.49014
 5396	  51.06506	 -12.31264	  68.08777	  68.5672
 5397	  50.95162	 -12.26731	  68.01974	  68.49921
 5397	  50.95162	 -12.26731	  68.01974	  68.49921
 5396	  51.06506	 -12.31264	  68.08777	  68.5672
 5398	  50.96203	 -12.31583	  68.09683	  68.57628
 5399	  51.07475	 -12.39926	  68.15588	  68.6353
 5400	  51.06506	 -12.31264	  68.08777	  68.5672
 5401	  51.05465	 -12.87169	  67.95609	  68.43556
 5402	  51.08307	 -12.51807	  68.21037	  68.68978
 5399	  51.07475	 -12.39926	  68.15588	  68.6353
 5401	  51.05465	 -12.87169	  67.95609	  68.43556
 5403	  51.06506	 -12.31264	  68.08777	  68.5672
 5404	  51.07475	 -12.39926	  68.15588	  68.6353
 5405	  50.96203	 -12.31583	  68.09683	  68.57628
 5405	  50.96203	 -12.31583	  68.09683	  68.57628
 5404	  51.07475	 -12.39926	  68.15588	  68.6353
 5406	  50.97172	 -12.40245	  68.16495	  68.64436
 5407	  51.07475	 -12.39926	  68.15588	  68.6353
 5408	  51.08307	 -12.51807	  68.21037	  68.68978
 5409	  50.97172	 -12.40245	  68.16495	  68.64436
 5409	  50.97172	 -12.40245	  68.16495	  68.64436
 5408	  51.08307	 -12.51807	  68.21037	  68.68978
 5410	  50.98005	 -12.52127	  68.21945	  68.69885
 5411	  51.08307	 -12.51807	  68.21037	  68.68978
 5412	  51.08946	 -12.66098	  68.24755	  68.72694
 5413	  50.98005	 -12.52127	  68.21945	  68.69885
 5413	  50.98005	 -12.52127	  68.21945	  68.69885
 5412	  51.08946	 -12.66098	  68.24755	  68.72694
 5414	  50.98643	 -12.66418	  68.25662	  68.73601
 5415	  51.08946	 -12.66098	  68.24755	  68.72694
 5416	  51.09348	 -12.81826	  68.26486	  68.74425
 5417	  50.98643	 -12.66418	  68.25662	  68.73601
 5417	  50.98643	 -12.66418	  68.25662	  68.73601
 5416	  51.09348	 -12.81826	  68.26486	  68.74425
 5418	  50.99045	 -12.82146	  68.27393	  68.75332
 5419	  51.09348	 -12.81826	  68.26486	  68.74425
 5420	  51.09484	 -12.97917	  68.26112	  68.74051
 5421	  50.99045	 -12.82146	  68.27393	  68.75332
 5421	  50.99045	 -12.82146	  68.27393	  68.75332
 5420	  51.09484	 -12.97917	  68.26112	  68.74051
 5422	  50.99182	 -12.98237	  68.2702	  68.74959
 5423	  51.09484	 -12.97917	  68.26112	  68.74051
 5424	  51.09348	 -13.13276	  68.2366	  68.716
 5425	  50.99182	 -12.98237	  68.2702	  68.74959
 5425	  50.99182	 -12.98237	  68.2702	  68.74959
 5424	  51.09348	 -13.13276	  68.2366	  68.716
 5426	  50.99045	 -13.13596	  68.24567	  68.72507
 5427	  51.09348	 -13.13276	  68.2366	  68.716
 5428	  51.08946	 -13.26855	  68.19296	  68.67236
 5429	  50.99045	 -13.13596	  68.24567	  68.72507
 5429	  50.99045	 -13.13596	  68.24567	  68.72507
 5428	  51.08946	 -13.26855	  68.19296	  68.67236
 5430	  50.98643	 -13.27175	  68.20203	  68.68144
 5431	  51.08946	 -13.26855	  68.19296	  68.67236
 5432	  51.08307	 -13.3773	  68.13318	  68.61259
 5433	  50.98643	 -13.27175	  68.20203	  68.68144
 5433	  50.98643	 -13.27175	  68.20203	  68.68144
 5432	  51.08307	 -13.3773	  68.13318	  68.61259
 5434	  50.98005	 -13.3805	  68.14224	  68.62167
 5435	  51.08307	 -13.3773	  68.13318	  68.61259
 5436	  51.07475	 -13.4516	  68.06133	  68.54077
 5437	  50.98005	 -13.3805	  68.14224	  68.62167
 5437	  50.98005	 -13.3805	  68.14224	  68.62167
 5436	  51.07475	 -13.4516	  68.06133	  68.54077
 5438	  50.97172	 -13.4548	  68.07039	  68.54984
 5439	  50.98005	 -13.3805	  68.14224	  68.62167
 5440	  50.97172	 -13.4548	  68.07039	  68.54984
 5441	  50.95162	 -12.87489	  67.96515	  68.44463
 5442	  51.07475	 -13.4516	  68.06133	  68.54077
 5443	  51.06506	 -13.48637	  67.9823	  68.46178
 5444	  50.97172	 -13.4548	  68.07039	  68.54984
 5444	  50.97172	 -13.4548	  68.07039	  68.54984
 5443	  51.06506	 -13.48637	  67.9823	  68.46178
 5445	  50.96203	 -13.48957	  67.99138	  68.47084
 5446	  51.06506	 -13.48637	  67.9823	  68.46178
 5447	  51.05465	 -13.47926	  67.90149	  68.38098
 5448	  50.96203	 -13.48957	  67.99138	  68.47084
 5448	  50.96203	 -13.48957	  67.99138	  68.47084
 5447	  51.05465	 -13.47926	  67.90149	  68.38098
 5449	  50.95162	 -13.48245	  67.91057	  68.39006
 5450	  51.05465	 -12.26411	  68.01067	  68.49014
 5451	  50.95162	 -12.26731	  68.01974	  68.49921
 5452	  50.86499	 -11.75695	  66.57129	  67.05119
 5452	  50.86499	 -11.75695	  66.57129	  67.05119
 5451	  50.95162	 -12.26731	  68.01974	  68.49921
 5453	  50.76197	 -11.76015	  66.58036	  67.06026
 5454	  50.95162	 -13.48245	  67.91057	  68.39006
 5455	  51.05465	 -13.47926	  67.90149	  68.38098
 5456	  50.76197	 -12.97529	  66.47118	  66.95111
 5456	  50.76197	 -12.97529	  66.47118	  66.95111
 5455	  51.05465	 -13.47926	  67.90149	  68.38098
 5457	  50.86499	 -12.97209	  66.4621	  66.94204
 5458	  48.31933	  54.26009	  58.50918	  58.9915
 5459	  48.31933	  54.57592	  58.53756	  59.01987
 5460	  48.70948	  54.27233	  58.47443	  58.95676
 5460	  48.70948	  54.27233	  58.47443	  58.95676
 5459	  48.31933	  54.57592	  58.53756	  59.01987
 5461	  48.70948	  54.58816	  58.50281	  58.98513
 5462	  48.31933	  54.26009	  58.50918	  58.9915
 5463	  48.70948	  54.27233	  58.47443	  58.95676
 5464	  48.09474	  54.95774	  56.5292	  57.01211
 5464	  48.09474	  54.95774	  56.5292	  57.01211
 5463	  48.70948	  54.27233	  58.47443	  58.95676
 5465	  48.4849	  54.96998	  56.49445	  56.97738
 5466	  48.31933	  54.26009	  58.50918	  58.9915
 5467	  48.09474	  54.95774	  56.5292	  57.01211
 5468	  48.31933	  54.57592	  58.53756	  59.01987
 5468	  48.31933	  54.57592	  58.53756	  59.01987
 5467	  48.09474	  54.95774	  56.5292	  57.01211
 5469	  48.09474	  55.27357	  56.55757	  57.04048
 5470	  48.31933	  54.57592	  58.53756	  59.01987
 5471	  48.09474	  55.27357	  56.55757	  57.04048
 5472	  48.70948	  54.58816	  58.50281	  58.98513
 5472	  48.70948	  54.58816	  58.50281	  58.98513
 5471	  48.09474	  55.27357	  56.55757	  57.04048
 5473	  48.4849	  55.2858	  56.52283	  57.00575
 5474	  48.09474	  54.95774	  56.5292	  57.01211
 5475	  48.4849	  54.96998	  56.49445	  56.97738
 5476	  48.09474	  55.27357	  56.55757	  57.04048
 5476	  48.09474	  55.27357	  56.55757	  57.04048
 5475	  48.4849	  54.96998	  56.49445	  56.97738
 5477	  48.4849	  55.2858	  56.52283	  57.00575
 5478	  47.14847	  77.89844	  50.16386	  50.64868
 5479	  47.14847	  78.21428	  50.19223	  50.67706
 5480	  47.53867	  77.91055	  50.12949	  50.61433
 5480	  47.53867	  77.91055	  50.12949	  50.61433
 5479	  47.14847	  78.21428	  50.19223	  50.67706
 5481	  47.53867	  78.22639	  50.15787	  50.6427
 5482	  47.14847	  77.89844	  50.16386	  50.64868
 5483	  47.53867	  77.91055	  50.12949	  50.61433
 5484	  46.94262	  78.53891	  48.34618	  48.83155
 5484	  46.94262	  78.53891	  48.34618	  48.83155
 5483	  47.53867	  77.91055	  50.12949	  50.61433
 5485	  47.33282	  78.55101	  48.31181	  48.7972
 5486	  47.14847	  77.89844	  50.16386	  50.64868
 5487	  46.94262	  78.53891	  48.34618	  48.83155
 5488	  47.14847	  78.21428	  50.19223	  50.67706
 5488	  47.14847	  78.21428	  50.19223	  50.67706
 5487	  46.94262	  78.53891	  48.34618	  48.83155
 5489	  46.94262	  78.85474	  48.37456	  48.85992
 5490	  47.14847	  78.21428	  50.19223	  50.67706
 5491	  46.94262	  78.85474	  48.37456	  48.85992
 5492	  47.53867	  78.22639	  50.15787	  50.6427
 5492	  47.53867	  78.22639	  50.15787	  50.6427
 5491	  46.94262	  78.85474	  48.37456	  48.85992
 5493	  47.33282	  78.86685	  48.34019	  48.82557
 5494	  46.94262	  78.53891	  48.34618	  48.83155
 5495	  47.33282	  78.55101	  48.31181	  48.7972
 5496	  46.94262	  78.85474	  48.37456	  48.85992
 5496	  46.94262	  78.85474	  48.37456	  48.85992
 5495	  47.33282	  78.55101	  48.31181	  48.7972
 5497	  47.33282	  78.86685	  48.34019	  48.82557
 5498	  47.53409	  76.72081	  53.50608	  53.98991
 5499	  47.53409	  77.03664	  53.53446	  54.01828
 5500	  47.92423	  76.73309	  53.47123	  53.95507
 5500	  47.92423	  76.73309	  53.47123	  53.95507
 5499	  47.53409	  77.03664	  53.53446	  54.01828
 5501	  47.92423	  77.04892	  53.49961	  53.98344
 5502	  47.53409	  76.72081	  53.50608	  53.98991
 5503	  47.92423	  76.73309	  53.47123	  53.95507
 5504	  47.30374	  77.43607	  51.47613	  51.96056
 5504	  47.30374	  77.43607	  51.47613	  51.96056
 5503	  47.92423	  76.73309	  53.47123	  53.95507
 5505	  47.69389	  77.44835	  51.44125	  51.9257
 5506	  47.53409	  76.72081	  53.50608	  53.98991
 5507	  47.30374	  77.43607	  51.47613	  51.96056
 5508	  47.53409	  77.03664	  53.53446	  54.01828
 5508	  47.53409	  77.03664	  53.53446	  54.01828
 5507	  47.30374	  77.43607	  51.47613	  51.96056
 5509	  47.30374	  77.75191	  51.5045	  51.98893
 5510	  47.53409	  77.03664	  53.53446	  54.01828
 5511	  47.30374	  77.75191	  51.5045	  51.98893
 5512	  47.92423	  77.04892	  53.49961	  53.98344
 5512	  47.92423	  77.04892	  53.49961	  53.98344
 5511	  47.30374	  77.75191	  51.5045	  51.98893
 5513	  47.69389	  77.76419	  51.46964	  51.95407
 5514	  47.30374	  77.43607	  51.47613	  51.96056
 5515	  47.69389	  77.44835	  51.44125	  51.9257
 5516	  47.30374	  77.75191	  51.5045	  51.98893
 5516	  47.30374	  77.75191	  51.5045	  51.98893
 5515	  47.69389	  77.44835	  51.44125	  51.9257
 5517	  47.69389	  77.76419	  51.46964	  51.95407
 5518	  47.9295	  75.51329	  56.93314	  57.41594
 5519	  47.9295	  75.82912	  56.96152	  57.44431
 5520	  48.31964	  75.52557	  56.89828	  57.38109
 5520	  48.31964	  75.52557	  56.89828	  57.38109
 5519	  47.9295	  75.82912	  56.96152	  57.44431
 5521	  48.31964	  75.8414	  56.92666	  57.40946
 5522	  47.9295	  75.51329	  56.93314	  57.41594
 5523	  48.31964	  75.52557	  56.89828	  57.38109
 5524	  47.69915	  76.22855	  54.90316	  55.38657
 5524	  47.69915	  76.22855	  54.90316	  55.38657
 5523	  48.31964	  75.52557	  56.89828	  57.38109
 5525	  48.08929	  76.24083	  54.8683	  55.35172
 5526	  47.9295	  75.51329	  56.93314	  57.41594
 5527	  47.69915	  76.22855	  54.90316	  55.38657
 5528	  47.9295	  75.82912	  56.96152	  57.44431
 5528	  47.9295	  75.82912	  56.96152	  57.44431
 5527	  47.69915	  76.22855	  54.90316	  55.38657
 5529	  47.69915	  76.54439	  54.93154	  55.41494
 5530	  47.9295	  75.82912	  56.96152	  57.44431
 5531	  47.69915	  76.54439	  54.93154	  55.41494
 5532	  48.31964	  75.8414	  56.92666	  57.40946
 5532	  48.31964	  75.8414	  56.92666	  57.40946
 5531	  47.69915	  76.54439	  54.93154	  55.41494
 5533	  48.08929	  76.55667	  54.89668	  55.38009
 5534	  47.69915	  76.22855	  54.90316	  55.38657
 5535	  48.08929	  76.24083	  54.8683	  55.35172
 5536	  47.69915	  76.54439	  54.93154	  55.41494
 5536	  47.69915	  76.54439	  54.93154	  55.41494
 5535	  48.08929	  76.24083	  54.8683	  55.35172
 5537	  48.08929	  76.55667	  54.89668	  55.38009
 5538	  48.31933	  74.3228	  60.31184	  60.79362
 5539	  48.31933	  74.63863	  60.34023	  60.82199
 5540	  48.70949	  74.33504	  60.2771	  60.75889
 5540	  48.70949	  74.33504	  60.2771	  60.75889
 5539	  48.31933	  74.63863	  60.34023	  60.82199
 5541	  48.70949	  74.65087	  60.30547	  60.78725
 5542	  48.31933	  74.3228	  60.31184	  60.79362
 5543	  48.70949	  74.33504	  60.2771	  60.75889
 5544	  48.09474	  75.02045	  58.33186	  58.81423
 5544	  48.09474	  75.02045	  58.33186	  58.81423
 5543	  48.70949	  74.33504	  60.2771	  60.75889
 5545	  48.48491	  75.03268	  58.29712	  58.7795
 5546	  48.31933	  74.3228	  60.31184	  60.79362
 5547	  48.09474	  75.02045	  58.33186	  58.81423
 5548	  48.31933	  74.63863	  60.34023	  60.82199
 5548	  48.31933	  74.63863	  60.34023	  60.82199
 5547	  48.09474	  75.02045	  58.33186	  58.81423
 5549	  48.09474	  75.33628	  58.36024	  58.84261
 5550	  48.31933	  74.63863	  60.34023	  60.82199
 5551	  48.09474	  75.33628	  58.36024	  58.84261
 5552	  48.70949	  74.65087	  60.30547	  60.78725
 5552	  48.70949	  74.65087	  60.30547	  60.78725
 5551	  48.09474	  75.33628	  58.36024	  58.84261
 5553	  48.48491	  75.34852	  58.3255	  58.80788
 5554	  48.09474	  75.02045	  58.33186	  58.81423
 5555	  48.48491	  75.03268	  58.29712	  58.7795
 5556	  48.09474	  75.33628	  58.36024	  58.84261
 5556	  48.09474	  75.33628	  58.36024	  58.84261
 5555	  48.48491	  75.03268	  58.29712	  58.7795
 5557	  48.48491	  75.34852	  58.3255	  58.80788
 5558	  48.71538	  73.11333	  63.74445	  64.22519
 5559	  48.71538	  73.42916	  63.77282	  64.25356
 5560	  49.10553	  73.12558	  63.70965	  64.19041
 5560	  49.10553	  73.12558	  63.70965	  64.19041
 5559	  48.71538	  73.42916	  63.77282	  64.25356
 5561	  49.10553	  73.44141	  63.73803	  64.21877
 5562	  48.71538	  73.11333	  63.74445	  64.22519
 5563	  49.10553	  73.12558	  63.70965	  64.19041
 5564	  48.48835	  73.81846	  61.74321	  62.22456
 5564	  48.48835	  73.81846	  61.74321	  62.22456
 5563	  49.10553	  73.12558	  63.70965	  64.19041
 5565	  48.87849	  73.83071	  61.70842	  62.18977
 5566	  48.71538	  73.11333	  63.74445	  64.22519
 5567	  48.48835	  73.81846	  61.74321	  62.22456
 5568	  48.71538	  73.42916	  63.77282	  64.25356
 5568	  48.71538	  73.42916	  63.77282	  64.25356
 5567	  48.48835	  73.81846	  61.74321	  62.22456
 5569	  48.48835	  74.13429	  61.77159	  62.25293
 5570	  48.71538	  73.42916	  63.77282	  64.25356
 5571	  48.48835	  74.13429	  61.77159	  62.25293
 5572	  49.10553	  73.44141	  63.73803	  64.21877
 5572	  49.10553	  73.44141	  63.73803	  64.21877
 5571	  48.48835	  74.13429	  61.77159	  62.25293
 5573	  48.87849	  74.14655	  61.73679	  62.21815
 5574	  48.48835	  73.81846	  61.74321	  62.22456
 5575	  48.87849	  73.83071	  61.70842	  62.18977
 5576	  48.48835	  74.13429	  61.77159	  62.25293
 5576	  48.48835	  74.13429	  61.77159	  62.25293
 5575	  48.87849	  73.83071	  61.70842	  62.18977
 5577	  48.87849	  74.14655	  61.73679	  62.21815
 5578	  49.07639	  72.01086	  66.87334	  67.35314
 5579	  49.07639	  72.32669	  66.90171	  67.38151
 5580	  49.46653	  72.02312	  66.83854	  67.31836
 5580	  49.46653	  72.02312	  66.83854	  67.31836
 5579	  49.07639	  72.32669	  66.90171	  67.38151
 5581	  49.46653	  72.33895	  66.86692	  67.34673
 5582	  49.07639	  72.01086	  66.87334	  67.35314
 5583	  49.46653	  72.02312	  66.83854	  67.31836
 5584	  48.84935	  72.71599	  64.8721	  65.35251
 5584	  48.84935	  72.71599	  64.8721	  65.35251
 5583	  49.46653	  72.02312	  66.83854	  67.31836
 5585	  49.23951	  72.72825	  64.83731	  65.31773
 5586	  49.07639	  72.01086	  66.87334	  67.35314
 5587	  48.84935	  72.71599	  64.8721	  65.35251
 5588	  49.07639	  72.32669	  66.90171	  67.38151
 5588	  49.07639	  72.32669	  66.90171	  67.38151
 5587	  48.84935	  72.71599	  64.8721	  65.35251
 5589	  48.84935	  73.03182	  64.90048	  65.38088
 5590	  49.07639	  72.32669	  66.90171	  67.38151
 5591	  48.84935	  73.03182	  64.90048	  65.38088
 5592	  49.46653	  72.33895	  66.86692	  67.34673
 5592	  49.46653	  72.33895	  66.86692	  67.34673
 5591	  48.84935	  73.03182	  64.90048	  65.38088
 5593	  49.23951	  73.04408	  64.86568	  65.3461
 5594	  48.84935	  72.71599	  64.8721	  65.35251
 5595	  49.23951	  72.72825	  64.83731	  65.31773
 5596	  48.84935	  73.03182	  64.90048	  65.38088
 5596	  48.84935	  73.03182	  64.90048	  65.38088
 5595	  49.23951	  72.72825	  64.83731	  65.31773
 5597	  49.23951	  73.04408	  64.86568	  65.3461
 5598	  47.14847	  97.979	  51.96812	  52.45241
 5599	  47.14847	  98.29483	  51.99651	  52.48078
 5600	  47.53867	  97.99112	  51.93375	  52.41805
 5600	  47.53867	  97.99112	  51.93375	  52.41805
 5599	  47.14847	  98.29483	  51.99651	  52.48078
 5601	  47.53867	  98.30695	  51.96214	  52.44643
 5602	  47.14847	  97.979	  51.96812	  52.45241
 5603	  47.53867	  97.99112	  51.93375	  52.41805
 5604	  46.94262	  98.61946	  50.15044	  50.63528
 5604	  46.94262	  98.61946	  50.15044	  50.63528
 5603	  47.53867	  97.99112	  51.93375	  52.41805
 5605	  47.33282	  98.63158	  50.11608	  50.60093
 5606	  47.14847	  97.979	  51.96812	  52.45241
 5607	  46.94262	  98.61946	  50.15044	  50.63528
 5608	  47.14847	  98.29483	  51.99651	  52.48078
 5608	  47.14847	  98.29483	  51.99651	  52.48078
 5607	  46.94262	  98.61946	  50.15044	  50.63528
 5609	  46.94262	  98.9353	  50.17883	  50.66365
 5610	  47.14847	  98.29483	  51.99651	  52.48078
 5611	  46.94262	  98.9353	  50.17883	  50.66365
 5612	  47.53867	  98.30695	  51.96214	  52.44643
 5612	  47.53867	  98.30695	  51.96214	  52.44643
 5611	  46.94262	  98.9353	  50.17883	  50.66365
 5613	  47.33282	  98.9474	  50.14446	  50.6293
 5614	  46.94262	  98.61946	  50.15044	  50.63528
 5615	  47.33282	  98.63158	  50.11608	  50.60093
 5616	  46.94262	  98.9353	  50.17883	  50.66365
 5616	  46.94262	  98.9353	  50.17883	  50.66365
 5615	  47.33282	  98.63158	  50.11608	  50.60093
 5617	  47.33282	  98.9474	  50.14446	  50.6293
 5618	  56.24376	  81.43964	  69.36968	  69.84874
 5619	  54.55324	  81.39369	  69.50005	  69.97906
 5620	  56.25868	  81.39403	  69.4991	  69.97812
 5620	  56.25868	  81.39403	  69.4991	  69.97812
 5619	  54.55324	  81.39369	  69.50005	  69.97906
 5621	  54.56818	  81.3481	  69.62947	  70.10844
 5622	  52.42403	  61.55949	  68.00266	  68.48212
 5623	  54.56552	  61.61768	  67.83749	  68.317
 5624	  52.42403	  61.18969	  67.96942	  68.4489
 5624	  52.42403	  61.18969	  67.96942	  68.4489
 5623	  54.56552	  61.61768	  67.83749	  68.317
 5625	  54.56552	  61.24788	  67.80426	  68.28379
 5626	  54.56552	  61.61768	  67.83749	  68.317
 5627	  56.25603	  61.66362	  67.70712	  68.18668
 5628	  54.56552	  61.24788	  67.80426	  68.28379
 5628	  54.56552	  61.24788	  67.80426	  68.28379
 5627	  56.25603	  61.66362	  67.70712	  68.18668
 5629	  56.25603	  61.29382	  67.67389	  68.15346
 5630	  56.25603	  61.66362	  67.70712	  68.18668
 5631	  58.64705	  61.72859	  67.52272	  68.00233
 5632	  56.25603	  61.29382	  67.67389	  68.15346
 5632	  56.25603	  61.29382	  67.67389	  68.15346
 5631	  58.64705	  61.72859	  67.52272	  68.00233
 5633	  58.64705	  61.35879	  67.48949	  67.96911
 5634	  56.24376	  81.7737	  69.3997	  69.87874
 5635	  58.63478	  81.83865	  69.21529	  69.69439
 5636	  56.2587	  81.72809	  69.52911	  70.00812
 5636	  56.2587	  81.72809	  69.52911	  70.00812
 5635	  58.63478	  81.83865	  69.21529	  69.69439
 5637	  58.64971	  81.79306	  69.34471	  69.82378
 5638	  54.55324	  81.72775	  69.53007	  70.00907
 5639	  56.24376	  81.7737	  69.3997	  69.87874
 5640	  54.56818	  81.68216	  69.65948	  70.13846
 5640	  54.56818	  81.68216	  69.65948	  70.13846
 5639	  56.24376	  81.7737	  69.3997	  69.87874
 5641	  56.2587	  81.72809	  69.52911	  70.00812
 5642	  52.41125	  81.66954	  69.69527	  70.17422
 5643	  54.55324	  81.72775	  69.53007	  70.00907
 5644	  52.42619	  81.62395	  69.82468	  70.3036
 5644	  52.42619	  81.62395	  69.82468	  70.3036
 5643	  54.55324	  81.72775	  69.53007	  70.00907
 5645	  54.56818	  81.68216	  69.65948	  70.13846
 5646	  52.45016	  118.28358	  73.28967	  73.76755
 5647	  49.55965	  118.20503	  73.51259	  73.9904
 5648	  52.45016	  120.17291	  73.45943	  73.93726
 5648	  52.45016	  120.17291	  73.45943	  73.93726
 5647	  49.55965	  118.20503	  73.51259	  73.9904
 5649	  49.55965	  120.09436	  73.68235	  74.16011
 5649	  49.55965	  120.09436	  73.68235	  74.16011
 5650	  49.6141	  121.49028	  74.23413	  74.71172
 5648	  52.45016	  120.17291	  73.45943	  73.93726
 5648	  52.45016	  120.17291	  73.45943	  73.93726
 5650	  49.6141	  121.49028	  74.23413	  74.71172
 5651	  52.5046	  121.56883	  74.0112	  74.48886
 5650	  49.6141	  121.49028	  74.23413	  74.71172
 5652	  52.5046	  121.91664	  74.04246	  74.52011
 5651	  52.5046	  121.56883	  74.0112	  74.48886
 5653	  49.6141	  121.83809	  74.26538	  74.74296
 5652	  52.5046	  121.91664	  74.04246	  74.52011
 5650	  49.6141	  121.49028	  74.23413	  74.71172
 5654	  54.59312	  118.34181	  73.1244	  73.60233
 5655	  52.45016	  118.28358	  73.28967	  73.76755
 5656	  54.593	  120.23112	  73.29417	  73.77204
 5656	  54.593	  120.23112	  73.29417	  73.77204
 5655	  52.45016	  118.28358	  73.28967	  73.76755
 5657	  52.45016	  120.17291	  73.45943	  73.93726
 5658	  52.5046	  121.56883	  74.0112	  74.48886
 5656	  54.593	  120.23112	  73.29417	  73.77204
 5657	  52.45016	  120.17291	  73.45943	  73.93726
 5659	  54.64737	  121.62704	  73.84595	  74.32365
 5656	  54.593	  120.23112	  73.29417	  73.77204
 5658	  52.5046	  121.56883	  74.0112	  74.48886
 5658	  52.5046	  121.56883	  74.0112	  74.48886
 5660	  54.64734	  121.97485	  73.8772	  74.3549
 5659	  54.64737	  121.62704	  73.84595	  74.32365
 5661	  52.5046	  121.91664	  74.04246	  74.52011
 5660	  54.64734	  121.97485	  73.8772	  74.3549
 5658	  52.5046	  121.56883	  74.0112	  74.48886
 5662	  56.28364	  118.38776	  72.99402	  73.47198
 5663	  54.59312	  118.34181	  73.1244	  73.60233
 5664	  56.28352	  120.27708	  73.16379	  73.64171
 5664	  56.28352	  120.27708	  73.16379	  73.64171
 5663	  54.59312	  118.34181	  73.1244	  73.60233
 5665	  54.593	  120.23112	  73.29417	  73.77204
 5666	  54.64737	  121.62704	  73.84595	  74.32365
 5664	  56.28352	  120.27708	  73.16379	  73.64171
 5665	  54.593	  120.23112	  73.29417	  73.77204
 5667	  56.33788	  121.67299	  73.71558	  74.19332
 5664	  56.28352	  120.27708	  73.16379	  73.64171
 5666	  54.64737	  121.62704	  73.84595	  74.32365
 5666	  54.64737	  121.62704	  73.84595	  74.32365
 5668	  56.33785	  122.0208	  73.74683	  74.22456
 5667	  56.33788	  121.67299	  73.71558	  74.19332
 5669	  54.64734	  121.97485	  73.8772	  74.3549
 5668	  56.33785	  122.0208	  73.74683	  74.22456
 5666	  54.64737	  121.62704	  73.84595	  74.32365
 5670	  58.67467	  118.45273	  72.80962	  73.28764
 5671	  56.28364	  118.38776	  72.99402	  73.47198
 5672	  58.67455	  120.34204	  72.97939	  73.45736
 5672	  58.67455	  120.34204	  72.97939	  73.45736
 5671	  56.28364	  118.38776	  72.99402	  73.47198
 5673	  56.28352	  120.27708	  73.16379	  73.64171
 5674	  56.33788	  121.67299	  73.71558	  74.19332
 5672	  58.67455	  120.34204	  72.97939	  73.45736
 5673	  56.28352	  120.27708	  73.16379	  73.64171
 5675	  58.72891	  121.73796	  73.53117	  74.00897
 5672	  58.67455	  120.34204	  72.97939	  73.45736
 5674	  56.33788	  121.67299	  73.71558	  74.19332
 5674	  56.33788	  121.67299	  73.71558	  74.19332
 5676	  58.72889	  122.08577	  73.56242	  74.04022
 5675	  58.72891	  121.73796	  73.53117	  74.00897
 5677	  56.33785	  122.0208	  73.74683	  74.22456
 5676	  58.72889	  122.08577	  73.56242	  74.04022
 5674	  56.33788	  121.67299	  73.71558	  74.19332
 5678	  60.53483	  118.50327	  72.66617	  73.14423
 5679	  58.67467	  118.45273	  72.80962	  73.28764
 5680	  60.5316	  120.39252	  72.83617	  73.31418
 5680	  60.5316	  120.39252	  72.83617	  73.31418
 5679	  58.67467	  118.45273	  72.80962	  73.28764
 5681	  58.67455	  120.34204	  72.97939	  73.45736
 5682	  58.72891	  121.73796	  73.53117	  74.00897
 5680	  60.5316	  120.39252	  72.83617	  73.31418
 5681	  58.67455	  120.34204	  72.97939	  73.45736
 5683	  60.58343	  121.78835	  73.38814	  73.86599
 5680	  60.5316	  120.39252	  72.83617	  73.31418
 5682	  58.72891	  121.73796	  73.53117	  74.00897
 5682	  58.72891	  121.73796	  73.53117	  74.00897
 5684	  60.58283	  122.13614	  73.41945	  73.89729
 5683	  60.58343	  121.78835	  73.38814	  73.86599
 5685	  58.72889	  122.08577	  73.56242	  74.04022
 5684	  60.58283	  122.13614	  73.41945	  73.89729
 5682	  58.72891	  121.73796	  73.53117	  74.00897
 5686	  62.87547	  118.56688	  72.48565	  72.96376
 5687	  60.53483	  118.50327	  72.66617	  73.14423
 5688	  62.87536	  120.45621	  72.65541	  73.13348
 5688	  62.87536	  120.45621	  72.65541	  73.13348
 5687	  60.53483	  118.50327	  72.66617	  73.14423
 5689	  60.5316	  120.39252	  72.83617	  73.31418
 5690	  60.58343	  121.78835	  73.38814	  73.86599
 5688	  62.87536	  120.45621	  72.65541	  73.13348
 5689	  60.5316	  120.39252	  72.83617	  73.31418
 5691	  62.92971	  121.85211	  73.2072	  73.6851
 5688	  62.87536	  120.45621	  72.65541	  73.13348
 5690	  60.58343	  121.78835	  73.38814	  73.86599
 5690	  60.58343	  121.78835	  73.38814	  73.86599
 5692	  62.9297	  122.19992	  73.23845	  73.71635
 5691	  62.92971	  121.85211	  73.2072	  73.6851
 5693	  60.58283	  122.13614	  73.41945	  73.89729
 5692	  62.9297	  122.19992	  73.23845	  73.71635
 5690	  60.58343	  121.78835	  73.38814	  73.86599
 5694	  64.68268	  118.61598	  72.34627	  72.82443
 5695	  62.87547	  118.56688	  72.48565	  72.96376
 5696	  64.68256	  120.50531	  72.51604	  72.99415
 5696	  64.68256	  120.50531	  72.51604	  72.99415
 5695	  62.87547	  118.56688	  72.48565	  72.96376
 5697	  62.87536	  120.45621	  72.65541	  73.13348
 5698	  62.92971	  121.85211	  73.2072	  73.6851
 5696	  64.68256	  120.50531	  72.51604	  72.99415
 5697	  62.87536	  120.45621	  72.65541	  73.13348
 5699	  64.73692	  121.90123	  73.06783	  73.54578
 5696	  64.68256	  120.50531	  72.51604	  72.99415
 5698	  62.92971	  121.85211	  73.2072	  73.6851
 5698	  62.92971	  121.85211	  73.2072	  73.6851
 5700	  64.7369	  122.24904	  73.09909	  73.57702
 5699	  64.73692	  121.90123	  73.06783	  73.54578
 5701	  62.9297	  122.19992	  73.23845	  73.71635
 5700	  64.7369	  122.24904	  73.09909	  73.57702
 5698	  62.92971	  121.85211	  73.2072	  73.6851
 5702	  66.99706	  118.67886	  72.16779	  72.646
 5703	  64.68268	  118.61598	  72.34627	  72.82443
 5704	  66.99693	  120.56821	  72.33755	  72.8157
 5704	  66.99693	  120.56821	  72.33755	  72.8157
 5703	  64.68268	  118.61598	  72.34627	  72.82443
 5705	  64.68256	  120.50531	  72.51604	  72.99415
 5706	  64.73692	  121.90123	  73.06783	  73.54578
 5704	  66.99693	  120.56821	  72.33755	  72.8157
 5705	  64.68256	  120.50531	  72.51604	  72.99415
 5707	  67.05129	  121.96413	  72.88933	  73.36732
 5704	  66.99693	  120.56821	  72.33755	  72.8157
 5706	  64.73692	  121.90123	  73.06783	  73.54578
 5706	  64.73692	  121.90123	  73.06783	  73.54578
 5708	  67.05127	  122.31194	  72.92058	  73.39857
 5707	  67.05129	  121.96413	  72.88933	  73.36732
 5709	  64.7369	  122.24904	  73.09909	  73.57702
 5708	  67.05127	  122.31194	  72.92058	  73.39857
 5706	  64.73692	  121.90123	  73.06783	  73.54578
 5710	  49.52074	  118.30905	  73.21735	  73.69525
 5711	  52.41125	  118.3876	  72.99443	  73.4724
 5712	  49.52075	  111.69756	  72.6233	  73.10137
 5712	  49.52075	  111.69756	  72.6233	  73.10137
 5711	  52.41125	  118.3876	  72.99443	  73.4724
 5713	  52.41125	  111.77611	  72.40038	  72.87852
 5714	  52.39525	  118.4304	  72.87296	  73.35097
 5715	  54.53822	  118.48865	  72.7077	  73.18575
 5716	  52.39525	  111.81891	  72.27892	  72.7571
 5716	  52.39525	  111.81891	  72.27892	  72.7571
 5715	  54.53822	  118.48865	  72.7077	  73.18575
 5717	  54.53802	  111.87714	  72.11366	  72.59189
 5718	  54.55422	  118.44585	  72.82916	  73.30717
 5719	  56.24474	  118.49178	  72.69879	  73.17684
 5720	  54.55402	  111.83434	  72.23512	  72.71332
 5720	  54.55402	  111.83434	  72.23512	  72.71332
 5719	  56.24474	  118.49178	  72.69879	  73.17684
 5721	  56.24453	  111.88026	  72.10475	  72.58298
 5722	  56.22873	  118.53458	  72.57732	  73.0554
 5723	  58.61977	  118.59955	  72.39291	  72.87106
 5724	  56.22852	  111.92307	  71.98328	  72.46155
 5724	  56.22852	  111.92307	  71.98328	  72.46155
 5723	  58.61977	  118.59955	  72.39291	  72.87106
 5725	  58.61956	  111.98804	  71.79888	  72.27721
 5726	  60.49593	  118.60728	  72.37093	  72.84908
 5727	  60.49016	  111.99565	  71.77731	  72.25565
 5728	  58.63577	  118.55675	  72.51438	  72.99249
 5728	  58.63577	  118.55675	  72.51438	  72.99249
 5727	  60.49016	  111.99565	  71.77731	  72.25565
 5729	  58.63557	  111.94524	  71.92035	  72.39864
 5730	  62.82057	  118.7137	  72.06894	  72.54718
 5731	  62.82037	  112.10219	  71.4749	  71.95332
 5732	  60.47992	  118.65009	  72.24945	  72.72765
 5732	  60.47992	  118.65009	  72.24945	  72.72765
 5731	  62.82037	  112.10219	  71.4749	  71.95332
 5733	  60.47415	  112.03845	  71.65585	  72.13422
 5734	  62.83658	  118.6709	  72.19041	  72.66861
 5735	  64.64378	  118.72	  72.05103	  72.52928
 5736	  62.83637	  112.05939	  71.59637	  72.07475
 5736	  62.83637	  112.05939	  71.59637	  72.07475
 5735	  64.64378	  118.72	  72.05103	  72.52928
 5737	  64.64358	  112.10851	  71.457	  71.93542
 5738	  64.62778	  118.7628	  71.92957	  72.40785
 5739	  66.94215	  118.8257	  71.75108	  72.22942
 5740	  64.62757	  112.15131	  71.33553	  71.81399
 5740	  64.62757	  112.15131	  71.33553	  71.81399
 5739	  66.94215	  118.8257	  71.75108	  72.22942
 5741	  66.94194	  112.2142	  71.15704	  71.63556
 5742	  52.41125	  31.49197	  65.18674	  65.66706
 5743	  49.5208	  31.41344	  65.40965	  65.8899
 5744	  52.41125	  38.15604	  65.78552	  66.26566
 5744	  52.41125	  38.15604	  65.78552	  66.26566
 5743	  49.5208	  31.41344	  65.40965	  65.8899
 5745	  49.52079	  38.0775	  66.00843	  66.48849
 5744	  52.41125	  38.15604	  65.78552	  66.26566
 5745	  49.52079	  38.0775	  66.00843	  66.48849
 5746	  52.41125	  41.11183	  66.05109	  66.53114
 5746	  52.41125	  41.11183	  66.05109	  66.53114
 5745	  49.52079	  38.0775	  66.00843	  66.48849
 5747	  49.52079	  41.03329	  66.27402	  66.75401
 5748	  54.53596	  31.59295	  64.90018	  65.38058
 5749	  52.39525	  31.53477	  65.06528	  65.54562
 5750	  54.53614	  38.25702	  65.49894	  65.97916
 5750	  54.53614	  38.25702	  65.49894	  65.97916
 5749	  52.39525	  31.53477	  65.06528	  65.54562
 5751	  52.39525	  38.19884	  65.66405	  66.14422
 5752	  56.24248	  31.59608	  64.89127	  65.37167
 5753	  54.55197	  31.55015	  65.02164	  65.502
 5754	  56.24265	  38.26015	  65.49004	  65.97025
 5754	  56.24265	  38.26015	  65.49004	  65.97025
 5753	  54.55197	  31.55015	  65.02164	  65.502
 5755	  54.55214	  38.21423	  65.6204	  66.10059
 5754	  56.24265	  38.26015	  65.49004	  65.97025
 5755	  54.55214	  38.21423	  65.6204	  66.10059
 5756	  56.24273	  41.21594	  65.75562	  66.23576
 5756	  56.24273	  41.21594	  65.75562	  66.23576
 5755	  54.55214	  38.21423	  65.6204	  66.10059
 5757	  54.55222	  41.17001	  65.88598	  66.36608
 5758	  58.61749	  31.70386	  64.5854	  65.0659
 5759	  56.22647	  31.63889	  64.76981	  65.25024
 5760	  58.61766	  38.36793	  65.18417	  65.66448
 5760	  58.61766	  38.36793	  65.18417	  65.66448
 5759	  56.22647	  31.63889	  64.76981	  65.25024
 5761	  56.22665	  38.30296	  65.36857	  65.84882
 5762	  60.43196	  31.70993	  64.56816	  65.04866
 5763	  58.6335	  31.66106	  64.70686	  65.18732
 5764	  60.43677	  38.37412	  65.16657	  65.6469
 5764	  60.43677	  38.37412	  65.16657	  65.6469
 5763	  58.6335	  31.66106	  64.70686	  65.18732
 5765	  58.63367	  38.32513	  65.30563	  65.7859
 5766	  60.41595	  31.75273	  64.4467	  64.92724
 5767	  60.42076	  38.41692	  65.0451	  65.52546
 5768	  62.81828	  31.81801	  64.26143	  64.74201
 5768	  62.81828	  31.81801	  64.26143	  64.74201
 5767	  60.42076	  38.41692	  65.0451	  65.52546
 5769	  62.81846	  38.48208	  64.86018	  65.3406
 5770	  52.41125	  41.52748	  66.08844	  66.56848
 5771	  49.52079	  41.44894	  66.31136	  66.79134
 5772	  52.41125	  48.19155	  66.68722	  67.16708
 5772	  52.41125	  48.19155	  66.68722	  67.16708
 5771	  49.52079	  41.44894	  66.31136	  66.79134
 5773	  49.52079	  48.11301	  66.91013	  67.38993
 5772	  52.41125	  48.19155	  66.68722	  67.16708
 5773	  49.52079	  48.11301	  66.91013	  67.38993
 5774	  52.41125	  51.563	  66.99015	  67.46992
 5774	  52.41125	  51.563	  66.99015	  67.46992
 5773	  49.52079	  48.11301	  66.91013	  67.38993
 5775	  49.52079	  51.48447	  67.21307	  67.69276
 5776	  54.53622	  41.62846	  65.80186	  66.28199
 5777	  52.39525	  41.57028	  65.96698	  66.44705
 5778	  54.53639	  48.29253	  66.40063	  66.88057
 5778	  54.53639	  48.29253	  66.40063	  66.88057
 5777	  52.39525	  41.57028	  65.96698	  66.44705
 5779	  52.39525	  48.23435	  66.56576	  67.04565
 5780	  56.24273	  41.63159	  65.79296	  66.27309
 5781	  54.55222	  41.58566	  65.92332	  66.40341
 5782	  56.2429	  48.29567	  66.39172	  66.87167
 5782	  56.2429	  48.29567	  66.39172	  66.87167
 5781	  54.55222	  41.58566	  65.92332	  66.40341
 5783	  54.55239	  48.24974	  66.52209	  67.002
 5782	  56.2429	  48.29567	  66.39172	  66.87167
 5783	  54.55239	  48.24974	  66.52209	  67.002
 5784	  56.24299	  51.66713	  66.69464	  67.1745
 5784	  56.24299	  51.66713	  66.69464	  67.1745
 5783	  54.55239	  48.24974	  66.52209	  67.002
 5785	  54.55248	  51.62119	  66.82501	  67.30483
 5786	  58.61775	  41.73936	  65.48708	  65.96731
 5787	  56.22672	  41.67439	  65.67149	  66.15166
 5788	  58.61792	  48.40344	  66.08585	  66.5659
 5788	  58.61792	  48.40344	  66.08585	  66.5659
 5787	  56.22672	  41.67439	  65.67149	  66.15166
 5789	  56.2269	  48.33847	  66.27025	  66.75024
 5790	  52.41125	  51.563	  66.99015	  67.46992
 5791	  49.52079	  51.48447	  67.21307	  67.69276
 5792	  52.41125	  58.22707	  67.58893	  68.06851
 5792	  52.41125	  58.22707	  67.58893	  68.06851
 5791	  49.52079	  51.48447	  67.21307	  67.69276
 5793	  49.52078	  58.14854	  67.81184	  68.29137
 5792	  52.41125	  58.22707	  67.58893	  68.06851
 5793	  49.52078	  58.14854	  67.81184	  68.29137
 5794	  52.41125	  61.22872	  67.85863	  68.33813
 5794	  52.41125	  61.22872	  67.85863	  68.33813
 5793	  49.52078	  58.14854	  67.81184	  68.29137
 5795	  49.52078	  61.15018	  68.08154	  68.56099
 5796	  54.53648	  51.66399	  66.70355	  67.1834
 5797	  52.39525	  51.6058	  66.86868	  67.34849
 5798	  54.53664	  58.32806	  67.30231	  67.78198
 5798	  54.53664	  58.32806	  67.30231	  67.78198
 5797	  52.39525	  51.6058	  66.86868	  67.34849
 5799	  52.39525	  58.26987	  67.46746	  67.94709
 5800	  56.24299	  51.66713	  66.69464	  67.1745
 5801	  54.55248	  51.62119	  66.82501	  67.30483
 5802	  56.24316	  58.3312	  67.29341	  67.77309
 5802	  56.24316	  58.3312	  67.29341	  67.77309
 5801	  54.55248	  51.62119	  66.82501	  67.30483
 5803	  54.55265	  58.28527	  67.42377	  67.90341
 5802	  56.24316	  58.3312	  67.29341	  67.77309
 5803	  54.55265	  58.28527	  67.42377	  67.90341
 5804	  56.24325	  61.33286	  67.5631	  68.04269
 5804	  56.24325	  61.33286	  67.5631	  68.04269
 5803	  54.55265	  58.28527	  67.42377	  67.90341
 5805	  54.55273	  61.28692	  67.69347	  68.17303
 5806	  58.61801	  51.77489	  66.38877	  66.86872
 5807	  56.22698	  51.70993	  66.57317	  67.05307
 5808	  58.61818	  58.43897	  66.98753	  67.46731
 5808	  58.61818	  58.43897	  66.98753	  67.46731
 5807	  56.22698	  51.70993	  66.57317	  67.05307
 5809	  56.22716	  58.374	  67.17194	  67.65166
 5810	  52.41125	  61.59853	  67.89185	  68.37135
 5811	  49.52078	  61.51999	  68.11478	  68.59421
 5812	  52.41125	  68.26257	  68.49063	  68.96995
 5812	  52.41125	  68.26257	  68.49063	  68.96995
 5811	  49.52078	  61.51999	  68.11478	  68.59421
 5813	  49.52077	  68.18404	  68.71355	  69.19279
 5812	  52.41125	  68.26257	  68.49063	  68.96995
 5813	  49.52077	  68.18404	  68.71355	  69.19279
 5814	  52.41125	  71.63403	  68.79356	  69.27279
 5814	  52.41125	  71.63403	  68.79356	  69.27279
 5813	  49.52077	  68.18404	  68.71355	  69.19279
 5815	  49.52077	  71.5555	  69.01648	  69.49564
 5816	  54.53674	  61.69952	  67.60523	  68.08482
 5817	  52.39525	  61.64133	  67.77039	  68.24992
 5818	  54.5369	  68.36357	  68.20399	  68.6834
 5818	  54.5369	  68.36357	  68.20399	  68.6834
 5817	  52.39525	  61.64133	  67.77039	  68.24992
 5819	  52.39525	  68.30537	  68.36916	  68.84851
 5820	  56.24325	  61.70266	  67.59633	  68.07591
 5821	  54.55274	  61.65672	  67.7267	  68.20625
 5822	  56.24342	  68.36671	  68.19509	  68.6745
 5822	  56.24342	  68.36671	  68.19509	  68.6745
 5821	  54.55274	  61.65672	  67.7267	  68.20625
 5823	  54.55291	  68.32078	  68.32545	  68.80482
 5822	  56.24342	  68.36671	  68.19509	  68.6745
 5823	  54.55291	  68.32078	  68.32545	  68.80482
 5824	  56.24351	  71.73817	  68.49802	  68.97733
 5824	  56.24351	  71.73817	  68.49802	  68.97733
 5823	  54.55291	  68.32078	  68.32545	  68.80482
 5825	  54.55299	  71.69224	  68.62838	  69.10766
 5826	  58.61826	  61.81042	  67.29046	  67.77014
 5827	  56.22724	  61.74546	  67.47485	  67.95448
 5828	  58.61843	  68.47448	  67.88922	  68.36871
 5828	  58.61843	  68.47448	  67.88922	  68.36871
 5827	  56.22724	  61.74546	  67.47485	  67.95448
 5829	  56.22741	  68.40951	  68.07362	  68.55306
 5830	  52.41125	  71.63403	  68.79356	  69.27279
 5831	  49.52077	  71.5555	  69.01648	  69.49564
 5832	  52.41125	  78.29811	  69.39233	  69.87138
 5832	  52.41125	  78.29811	  69.39233	  69.87138
 5831	  49.52077	  71.5555	  69.01648	  69.49564
 5833	  49.52077	  78.21956	  69.61525	  70.09423
 5832	  52.41125	  78.29811	  69.39233	  69.87138
 5833	  49.52077	  78.21956	  69.61525	  70.09423
 5834	  52.41125	  81.33548	  69.66525	  70.14422
 5834	  52.41125	  81.33548	  69.66525	  70.14422
 5833	  49.52077	  78.21956	  69.61525	  70.09423
 5835	  49.52077	  81.25694	  69.88817	  70.36707
 5836	  54.53699	  71.73503	  68.50692	  68.98624
 5837	  52.39525	  71.67683	  68.67209	  69.15135
 5838	  54.53716	  78.39911	  69.10568	  69.58482
 5838	  54.53716	  78.39911	  69.10568	  69.58482
 5837	  52.39525	  71.67683	  68.67209	  69.15135
 5839	  52.39525	  78.34091	  69.27087	  69.74995
 5840	  56.24351	  71.73817	  68.49802	  68.97733
 5841	  54.55299	  71.69224	  68.62838	  69.10766
 5842	  56.24367	  78.40225	  69.09677	  69.57591
 5842	  56.24367	  78.40225	  69.09677	  69.57591
 5841	  54.55299	  71.69224	  68.62838	  69.10766
 5843	  54.55316	  78.35631	  69.22714	  69.70624
 5842	  56.24367	  78.40225	  69.09677	  69.57591
 5843	  54.55316	  78.35631	  69.22714	  69.70624
 5844	  56.24376	  81.43964	  69.36968	  69.84874
 5844	  56.24376	  81.43964	  69.36968	  69.84874
 5843	  54.55316	  78.35631	  69.22714	  69.70624
 5845	  54.55324	  81.39369	  69.50005	  69.97906
 5846	  58.61852	  71.84594	  68.19214	  68.67155
 5847	  56.2275	  71.78098	  68.37654	  68.8559
 5848	  58.61869	  78.51003	  68.79091	  69.27013
 5848	  58.61869	  78.51003	  68.79091	  69.27013
 5847	  56.2275	  71.78098	  68.37654	  68.8559
 5849	  56.22766	  78.44504	  68.97531	  69.45448
 5850	  52.41125	  81.66954	  69.69527	  70.17422
 5851	  49.52077	  81.591	  69.91818	  70.39706
 5852	  52.41126	  88.33362	  70.29404	  70.77283
 5852	  52.41126	  88.33362	  70.29404	  70.77283
 5851	  49.52077	  81.591	  69.91818	  70.39706
 5853	  49.52077	  88.25508	  70.51696	  70.99567
 5852	  52.41126	  88.33362	  70.29404	  70.77283
 5853	  49.52077	  88.25508	  70.51696	  70.99567
 5854	  52.41126	  91.70508	  70.59698	  71.07566
 5854	  52.41126	  91.70508	  70.59698	  71.07566
 5853	  49.52077	  88.25508	  70.51696	  70.99567
 5855	  49.52076	  91.62653	  70.81989	  71.29851
 5856	  54.53724	  81.77055	  69.4086	  69.88765
 5857	  52.39525	  81.71234	  69.5738	  70.0528
 5858	  54.53741	  88.43463	  70.00737	  70.48623
 5858	  54.53741	  88.43463	  70.00737	  70.48623
 5857	  52.39525	  81.71234	  69.5738	  70.0528
 5859	  52.39525	  88.37642	  70.17257	  70.65138
 5860	  56.24376	  81.7737	  69.3997	  69.87874
 5861	  54.55324	  81.72775	  69.53007	  70.00907
 5862	  56.24393	  88.43777	  69.99846	  70.47733
 5862	  56.24393	  88.43777	  69.99846	  70.47733
 5861	  54.55324	  81.72775	  69.53007	  70.00907
 5863	  54.55342	  88.39183	  70.12883	  70.60765
 5862	  56.24393	  88.43777	  69.99846	  70.47733
 5863	  54.55342	  88.39183	  70.12883	  70.60765
 5864	  56.24401	  91.80923	  70.30138	  70.78016
 5864	  56.24401	  91.80923	  70.30138	  70.78016
 5863	  54.55342	  88.39183	  70.12883	  70.60765
 5865	  54.55349	  91.76329	  70.43175	  70.91049
 5866	  58.61877	  81.88145	  69.09383	  69.57297
 5867	  56.22775	  81.81648	  69.27823	  69.75731
 5868	  58.61895	  88.54555	  69.69259	  70.17155
 5868	  58.61895	  88.54555	  69.69259	  70.17155
 5867	  56.22775	  81.81648	  69.27823	  69.75731
 5869	  56.22793	  88.48056	  69.87699	  70.3559
 5870	  52.41126	  91.70508	  70.59698	  71.07566
 5871	  49.52076	  91.62653	  70.81989	  71.29851
 5872	  52.41125	  98.36914	  71.19574	  71.67424
 5872	  52.41125	  98.36914	  71.19574	  71.67424
 5871	  49.52076	  91.62653	  70.81989	  71.29851
 5873	  49.52076	  98.29059	  71.41867	  71.89711
 5872	  52.41125	  98.36914	  71.19574	  71.67424
 5873	  49.52076	  98.29059	  71.41867	  71.89711
 5874	  52.41125	  101.42604	  71.47041	  71.94883
 5874	  52.41125	  101.42604	  71.47041	  71.94883
 5873	  49.52076	  98.29059	  71.41867	  71.89711
 5875	  49.52075	  101.34749	  71.69333	  72.17168
 5876	  54.53749	  91.80609	  70.31029	  70.78906
 5877	  52.39525	  91.74788	  70.47549	  70.95422
 5878	  54.53767	  98.47015	  70.90905	  71.38764
 5878	  54.53767	  98.47015	  70.90905	  71.38764
 5877	  52.39525	  91.74788	  70.47549	  70.95422
 5879	  52.39525	  98.41194	  71.07428	  71.55282
 5880	  56.24401	  91.80923	  70.30138	  70.78016
 5881	  54.55349	  91.76329	  70.43175	  70.91049
 5882	  56.24419	  98.4733	  70.90015	  71.37874
 5882	  56.24419	  98.4733	  70.90015	  71.37874
 5881	  54.55349	  91.76329	  70.43175	  70.91049
 5883	  54.55367	  98.42735	  71.03052	  71.50906
 5882	  56.24419	  98.4733	  70.90015	  71.37874
 5883	  54.55367	  98.42735	  71.03052	  71.50906
 5884	  56.24427	  101.5302	  71.1748	  71.65332
 5884	  56.24427	  101.5302	  71.1748	  71.65332
 5883	  54.55367	  98.42735	  71.03052	  71.50906
 5885	  54.55376	  101.48427	  71.30518	  71.78365
 5886	  58.61903	  91.91699	  69.99551	  70.47438
 5887	  56.228	  91.85202	  70.17992	  70.65872
 5888	  58.6192	  98.58107	  70.59428	  71.07296
 5888	  58.6192	  98.58107	  70.59428	  71.07296
 5887	  56.228	  91.85202	  70.17992	  70.65872
 5889	  56.22818	  98.51608	  70.77867	  71.25731
 5890	  60.47542	  91.92421	  69.97504	  70.45392
 5891	  58.63504	  91.87419	  70.11697	  70.5958
 5892	  60.48023	  98.58841	  70.57345	  71.05214
 5892	  60.48023	  98.58841	  70.57345	  71.05214
 5891	  58.63504	  91.87419	  70.11697	  70.5958
 5893	  58.63521	  98.53827	  70.71574	  71.19438
 5893	  58.63521	  98.53827	  70.71574	  71.19438
 5894	  58.6353	  101.59517	  70.9904	  71.46896
 5892	  60.48023	  98.58841	  70.57345	  71.05214
 5892	  60.48023	  98.58841	  70.57345	  71.05214
 5894	  58.6353	  101.59517	  70.9904	  71.46896
 5895	  60.48263	  101.64537	  70.84793	  71.32655
 5896	  60.45941	  91.96701	  69.85358	  70.33249
 5897	  60.46423	  98.63121	  70.45198	  70.93071
 5898	  62.81983	  92.03116	  69.67153	  70.1505
 5898	  62.81983	  92.03116	  69.67153	  70.1505
 5897	  60.46423	  98.63121	  70.45198	  70.93071
 5899	  62.82001	  98.69522	  70.27029	  70.74908
 5900	  64.64304	  92.03746	  69.65363	  70.1326
 5901	  62.83584	  91.98836	  69.793	  70.27193
 5902	  64.64322	  98.70152	  70.25239	  70.73118
 5902	  64.64322	  98.70152	  70.25239	  70.73118
 5901	  62.83584	  91.98836	  69.793	  70.27193
 5903	  62.83601	  98.65242	  70.39177	  70.87051
 5902	  64.64322	  98.70152	  70.25239	  70.73118
 5903	  62.83601	  98.65242	  70.39177	  70.87051
 5904	  64.6433	  101.75842	  70.52705	  71.00575
 5904	  64.6433	  101.75842	  70.52705	  71.00575
 5903	  62.83601	  98.65242	  70.39177	  70.87051
 5905	  62.8361	  101.70932	  70.66643	  71.14509
 5906	  66.94141	  92.14314	  69.35367	  69.83273
 5907	  64.62704	  92.08026	  69.53216	  70.01116
 5908	  66.94158	  98.80722	  69.95243	  70.43131
 5908	  66.94158	  98.80722	  69.95243	  70.43131
 5907	  64.62704	  92.08026	  69.53216	  70.01116
 5909	  64.62721	  98.74432	  70.13092	  70.60974
 5910	  52.41125	  101.74059	  71.49867	  71.97708
 5911	  49.52075	  101.66203	  71.72159	  72.19994
 5912	  52.41125	  108.40465	  72.09744	  72.57568
 5912	  52.41125	  108.40465	  72.09744	  72.57568
 5911	  49.52075	  101.66203	  71.72159	  72.19994
 5913	  49.52075	  108.3261	  72.32037	  72.79854
 5912	  52.41125	  108.40465	  72.09744	  72.57568
 5913	  49.52075	  108.3261	  72.32037	  72.79854
 5914	  52.41125	  111.77611	  72.40038	  72.87852
 5914	  52.41125	  111.77611	  72.40038	  72.87852
 5913	  49.52075	  108.3261	  72.32037	  72.79854
 5915	  49.52075	  111.69756	  72.6233	  73.10137
 5916	  54.53775	  101.84161	  71.21198	  71.69048
 5917	  52.39525	  101.78339	  71.3772	  71.85565
 5918	  54.53792	  108.50568	  71.81073	  72.28905
 5918	  54.53792	  108.50568	  71.81073	  72.28905
 5917	  52.39525	  101.78339	  71.3772	  71.85565
 5919	  52.39525	  108.44745	  71.97598	  72.45425
 5920	  56.24427	  101.84474	  71.20306	  71.68157
 5921	  54.55376	  101.79881	  71.33344	  71.8119
 5922	  56.24444	  108.5088	  71.80183	  72.28015
 5922	  56.24444	  108.5088	  71.80183	  72.28015
 5921	  54.55376	  101.79881	  71.33344	  71.8119
 5923	  54.55392	  108.46288	  71.9322	  72.41048
 5922	  56.24444	  108.5088	  71.80183	  72.28015
 5923	  54.55392	  108.46288	  71.9322	  72.41048
 5924	  56.24453	  111.88026	  72.10475	  72.58298
 5924	  56.24453	  111.88026	  72.10475	  72.58298
 5923	  54.55392	  108.46288	  71.9322	  72.41048
 5925	  54.55402	  111.83434	  72.23512	  72.71332
 5926	  58.61929	  101.95251	  70.8972	  71.37579
 5927	  56.22826	  101.88754	  71.0816	  71.56013
 5928	  58.61946	  108.61658	  71.49596	  71.97437
 5928	  58.61946	  108.61658	  71.49596	  71.97437
 5927	  56.22826	  101.88754	  71.0816	  71.56013
 5929	  56.22843	  108.55161	  71.68036	  72.15872
 5930	  60.48267	  101.95992	  70.87619	  71.3548
 5931	  58.6353	  101.90971	  71.01866	  71.49722
 5932	  60.48747	  108.6241	  71.47459	  71.95302
 5932	  60.48747	  108.6241	  71.47459	  71.95302
 5931	  58.6353	  101.90971	  71.01866	  71.49722
 5933	  58.63547	  108.57378	  71.61742	  72.09579
 5933	  58.63547	  108.57378	  71.61742	  72.09579
 5934	  58.63557	  111.94524	  71.92035	  72.39864
 5932	  60.48747	  108.6241	  71.47459	  71.95302
 5932	  60.48747	  108.6241	  71.47459	  71.95302
 5934	  58.63557	  111.94524	  71.92035	  72.39864
 5935	  60.49016	  111.99565	  71.77731	  72.25565
 5936	  60.46666	  102.0027	  70.75472	  71.23336
 5937	  60.47147	  108.6669	  71.35312	  71.83158
 5938	  62.82009	  102.06667	  70.57322	  71.05191
 5938	  62.82009	  102.06667	  70.57322	  71.05191
 5937	  60.47147	  108.6669	  71.35312	  71.83158
 5939	  62.82027	  108.73073	  71.17198	  71.65049
 5940	  64.6433	  102.07297	  70.55531	  71.03401
 5941	  62.8361	  102.02386	  70.69469	  71.17334
 5942	  64.64348	  108.73703	  71.15407	  71.63259
 5942	  64.64348	  108.73703	  71.15407	  71.63259
 5941	  62.8361	  102.02386	  70.69469	  71.17334
 5943	  62.83627	  108.68793	  71.29345	  71.77193
 5942	  64.64348	  108.73703	  71.15407	  71.63259
 5943	  62.83627	  108.68793	  71.29345	  71.77193
 5944	  64.64358	  112.10851	  71.457	  71.93542
 5944	  64.64358	  112.10851	  71.457	  71.93542
 5943	  62.83627	  108.68793	  71.29345	  71.77193
 5945	  62.83637	  112.05939	  71.59637	  72.07475
 5946	  66.94167	  102.17867	  70.25536	  70.73415
 5947	  64.6273	  102.11577	  70.43384	  70.91257
 5948	  66.94184	  108.84274	  70.85411	  71.33272
 5948	  66.94184	  108.84274	  70.85411	  71.33272
 5947	  64.6273	  102.11577	  70.43384	  70.91257
 5949	  64.62748	  108.77983	  71.03261	  71.51115
 5950	  54.55214	  38.21423	  65.6204	  66.10059
 5951	  52.41125	  38.15604	  65.78552	  66.26566
 5952	  54.55222	  41.17001	  65.88598	  66.36608
 5952	  54.55222	  41.17001	  65.88598	  66.36608
 5951	  52.41125	  38.15604	  65.78552	  66.26566
 5953	  52.41125	  41.11183	  66.05109	  66.53114
 5954	  58.63367	  38.32513	  65.30563	  65.7859
 5955	  56.24265	  38.26015	  65.49004	  65.97025
 5956	  58.63375	  41.28092	  65.57121	  66.0514
 5956	  58.63375	  41.28092	  65.57121	  66.0514
 5955	  56.24265	  38.26015	  65.49004	  65.97025
 5957	  56.24273	  41.21594	  65.75562	  66.23576
 5958	  54.55239	  48.24974	  66.52209	  67.002
 5959	  52.41125	  48.19155	  66.68722	  67.16708
 5960	  54.55248	  51.62119	  66.82501	  67.30483
 5960	  54.55248	  51.62119	  66.82501	  67.30483
 5959	  52.41125	  48.19155	  66.68722	  67.16708
 5961	  52.41125	  51.563	  66.99015	  67.46992
 5962	  58.63393	  48.36065	  66.20731	  66.68732
 5963	  56.2429	  48.29567	  66.39172	  66.87167
 5964	  58.63402	  51.7321	  66.51024	  66.99015
 5964	  58.63402	  51.7321	  66.51024	  66.99015
 5963	  56.2429	  48.29567	  66.39172	  66.87167
 5965	  56.24299	  51.66713	  66.69464	  67.1745
 5966	  54.55265	  58.28527	  67.42377	  67.90341
 5967	  52.41125	  58.22707	  67.58893	  68.06851
 5968	  54.55273	  61.28692	  67.69347	  68.17303
 5968	  54.55273	  61.28692	  67.69347	  68.17303
 5967	  52.41125	  58.22707	  67.58893	  68.06851
 5969	  52.41125	  61.22872	  67.85863	  68.33813
 5970	  58.63419	  58.39618	  67.10899	  67.58873
 5971	  56.24316	  58.3312	  67.29341	  67.77309
 5972	  58.63427	  61.39783	  67.37869	  67.85835
 5972	  58.63427	  61.39783	  67.37869	  67.85835
 5971	  56.24316	  58.3312	  67.29341	  67.77309
 5973	  56.24325	  61.33286	  67.5631	  68.04269
 5974	  54.55291	  68.32078	  68.32545	  68.80482
 5975	  52.41125	  68.26257	  68.49063	  68.96995
 5976	  54.55299	  71.69224	  68.62838	  69.10766
 5976	  54.55299	  71.69224	  68.62838	  69.10766
 5975	  52.41125	  68.26257	  68.49063	  68.96995
 5977	  52.41125	  71.63403	  68.79356	  69.27279
 5978	  58.63444	  68.43169	  68.01068	  68.49014
 5979	  56.24342	  68.36671	  68.19509	  68.6745
 5980	  58.63453	  71.80315	  68.31361	  68.79298
 5980	  58.63453	  71.80315	  68.31361	  68.79298
 5979	  56.24342	  68.36671	  68.19509	  68.6745
 5981	  56.24351	  71.73817	  68.49802	  68.97733
 5982	  54.55316	  78.35631	  69.22714	  69.70624
 5983	  52.41125	  78.29811	  69.39233	  69.87138
 5984	  54.55324	  81.39369	  69.50005	  69.97906
 5984	  54.55324	  81.39369	  69.50005	  69.97906
 5983	  52.41125	  78.29811	  69.39233	  69.87138
 5985	  52.41125	  81.33548	  69.66525	  70.14422
 5986	  58.6347	  78.46722	  68.91237	  69.39156
 5987	  56.24367	  78.40225	  69.09677	  69.57591
 5988	  58.63478	  81.50459	  69.18527	  69.66438
 5988	  58.63478	  81.50459	  69.18527	  69.66438
 5987	  56.24367	  78.40225	  69.09677	  69.57591
 5989	  56.24376	  81.43964	  69.36968	  69.84874
 5990	  54.55342	  88.39183	  70.12883	  70.60765
 5991	  52.41126	  88.33362	  70.29404	  70.77283
 5992	  54.55349	  91.76329	  70.43175	  70.91049
 5992	  54.55349	  91.76329	  70.43175	  70.91049
 5991	  52.41126	  88.33362	  70.29404	  70.77283
 5993	  52.41126	  91.70508	  70.59698	  71.07566
 5994	  58.63496	  88.50275	  69.81406	  70.29297
 5995	  56.24393	  88.43777	  69.99846	  70.47733
 5996	  58.63504	  91.87419	  70.11697	  70.5958
 5996	  58.63504	  91.87419	  70.11697	  70.5958
 5995	  56.24393	  88.43777	  69.99846	  70.47733
 5997	  56.24401	  91.80923	  70.30138	  70.78016
 5998	  58.63496	  88.50275	  69.81406	  70.29297
 5999	  58.63504	  91.87419	  70.11697	  70.5958
 6000	  60.47298	  88.55269	  69.6723	  70.15126
 6000	  60.47298	  88.55269	  69.6723	  70.15126
 5999	  58.63504	  91.87419	  70.11697	  70.5958
 6001	  60.47542	  91.92421	  69.97504	  70.45392
 6002	  60.47298	  88.55269	  69.6723	  70.15126
 6003	  60.47542	  91.92421	  69.97504	  70.45392
 6004	  62.83575	  88.6169	  69.49008	  69.9691
 6004	  62.83575	  88.6169	  69.49008	  69.9691
 6003	  60.47542	  91.92421	  69.97504	  70.45392
 6005	  62.83584	  91.98836	  69.793	  70.27193
 6006	  64.64296	  88.666	  69.35071	  69.82977
 6007	  62.83575	  88.6169	  69.49008	  69.9691
 6008	  64.64304	  92.03746	  69.65363	  70.1326
 6008	  64.64304	  92.03746	  69.65363	  70.1326
 6007	  62.83575	  88.6169	  69.49008	  69.9691
 6009	  62.83584	  91.98836	  69.793	  70.27193
 6010	  66.95733	  88.7289	  69.17221	  69.65132
 6011	  64.64296	  88.666	  69.35071	  69.82977
 6012	  66.95741	  92.10036	  69.47513	  69.95415
 6012	  66.95741	  92.10036	  69.47513	  69.95415
 6011	  64.64296	  88.666	  69.35071	  69.82977
 6013	  64.64304	  92.03746	  69.65363	  70.1326
 6014	  54.55367	  98.42735	  71.03052	  71.50906
 6015	  52.41125	  98.36914	  71.19574	  71.67424
 6016	  54.55376	  101.48427	  71.30518	  71.78365
 6016	  54.55376	  101.48427	  71.30518	  71.78365
 6015	  52.41125	  98.36914	  71.19574	  71.67424
