 4377	 -122.37872	  410.47064	  115.42194	  115.88715
 4377	 -122.37872	  410.47064	  115.42194	  115.88715
 4376	 -122.22027	  407.61365	  121.88969	  122.35295
 4378	 -122.22027	  408.17398	  121.94003	  122.40328
 4379	 -122.58994	  407.63159	  121.83878	  122.30205
 4380	 -122.86698	  409.92969	  115.31667	  115.78189
 4381	 -122.58994	  408.19193	  121.88912	  122.35238
 4381	 -122.58994	  408.19193	  121.88912	  122.35238
 4380	 -122.86698	  409.92969	  115.31667	  115.78189
 4382	 -122.86698	  410.49002	  115.367	  115.83223
 4383	 -122.86698	  410.49002	  115.367	  115.83223
 4384	 -122.37872	  410.47064	  115.42194	  115.88715
 4385	 -122.58994	  408.19193	  121.88912	  122.35238
 4385	 -122.58994	  408.19193	  121.88912	  122.35238
 4384	 -122.37872	  410.47064	  115.42194	  115.88715
 4386	 -122.22027	  408.17398	  121.94003	  122.40328
 4387	 -100.05598	  410.60306	  113.40555	  113.87136
 4388	 -100.05598	  411.16339	  113.45589	  113.92169
 4389	 -98.50848	  408.34601	  119.81123	  120.27512
 4389	 -98.50848	  408.34601	  119.81123	  120.27512
 4388	 -100.05598	  411.16339	  113.45589	  113.92169
 4390	 -98.50848	  408.90634	  119.86157	  120.32544
 4391	 -99.59325	  410.65192	  113.26686	  113.73271
 4392	 -100.05598	  410.60306	  113.40555	  113.87136
 4393	 -98.25072	  408.40164	  119.65332	  120.11725
 4393	 -98.25072	  408.40164	  119.65332	  120.11725
 4392	 -100.05598	  410.60306	  113.40555	  113.87136
 4394	 -98.50848	  408.34601	  119.81123	  120.27512
 4395	 -98.50848	  408.90634	  119.86157	  120.32544
 4396	 -100.05598	  411.16339	  113.45589	  113.92169
 4397	 -98.25072	  408.96198	  119.70367	  120.16758
 4397	 -98.25072	  408.96198	  119.70367	  120.16758
 4396	 -100.05598	  411.16339	  113.45589	  113.92169
 4398	 -99.59325	  411.21225	  113.3172	  113.78304
 4399	 -98.25072	  408.40164	  119.65332	  120.11725
 4400	 -98.25072	  408.96198	  119.70367	  120.16758
 4401	 -99.59325	  410.65192	  113.26686	  113.73271
 4401	 -99.59325	  410.65192	  113.26686	  113.73271
 4400	 -98.25072	  408.96198	  119.70367	  120.16758
 4402	 -99.59325	  411.21225	  113.3172	  113.78304
 4403	 -126.29185	  401.49252	  139.26198	  139.72
 4404	 -120.24279	  401.58731	  138.99303	  139.45114
 4405	 -126.24627	  401.61215	  138.92249	  139.38063
 4405	 -126.24627	  401.61215	  138.92249	  139.38063
 4404	 -120.24279	  401.58731	  138.99303	  139.45114
 4406	 -120.02065	  401.65344	  138.80534	  139.2635
 4407	 -126.24627	  401.61215	  138.92249	  139.38063
 4408	 -120.02065	  401.65344	  138.80534	  139.2635
 4409	 -126.24627	  402.17249	  138.97284	  139.43095
 4409	 -126.24627	  402.17249	  138.97284	  139.43095
 4408	 -120.02065	  401.65344	  138.80534	  139.2635
 4410	 -120.02065	  402.21378	  138.85568	  139.31384
 4411	 -120.24279	  401.58731	  138.99303	  139.45114
 4412	 -126.29185	  401.49252	  139.26198	  139.72
 4413	 -120.24279	  402.14764	  139.04338	  139.50148
 4413	 -120.24279	  402.14764	  139.04338	  139.50148
 4412	 -126.29185	  401.49252	  139.26198	  139.72
 4414	 -126.29185	  402.05286	  139.31232	  139.77034
 4415	 -126.29185	  402.05286	  139.31232	  139.77034
 4416	 -126.24627	  402.17249	  138.97284	  139.43095
 4417	 -120.24279	  402.14764	  139.04338	  139.50148
 4417	 -120.24279	  402.14764	  139.04338	  139.50148
 4416	 -126.24627	  402.17249	  138.97284	  139.43095
 4418	 -120.02065	  402.21378	  138.85568	  139.31384
 4419	 -128.29764	  407.09772	  123.35398	  123.8168
 4420	 -128.29764	  407.65805	  123.40432	  123.86713
 4421	 -122.34333	  407.61417	  121.88824	  122.3515
 4421	 -122.34333	  407.61417	  121.88824	  122.3515
 4420	 -128.29764	  407.65805	  123.40432	  123.86713
 4422	 -122.34333	  408.1745	  121.93859	  122.40183
 4423	 -128.43059	  407.21179	  123.03021	  123.49313
 4424	 -128.29764	  407.09772	  123.35398	  123.8168
 4425	 -122.43993	  407.70056	  121.64307	  122.10639
 4425	 -122.43993	  407.70056	  121.64307	  122.10639
 4424	 -128.29764	  407.09772	  123.35398	  123.8168
 4426	 -122.34333	  407.61417	  121.88824	  122.3515
 4427	 -122.34333	  408.1745	  121.93859	  122.40183
 4428	 -128.29764	  407.65805	  123.40432	  123.86713
 4429	 -122.43993	  408.26089	  121.69341	  122.15672
 4429	 -122.43993	  408.26089	  121.69341	  122.15672
 4428	 -128.29764	  407.65805	  123.40432	  123.86713
 4430	 -128.43059	  407.77213	  123.08056	  123.54346
 4431	 -122.43993	  407.70056	  121.64307	  122.10639
 4432	 -122.43993	  408.26089	  121.69341	  122.15672
 4433	 -128.43059	  407.21179	  123.03021	  123.49313
 4433	 -128.43059	  407.21179	  123.03021	  123.49313
 4432	 -122.43993	  408.26089	  121.69341	  122.15672
 4434	 -128.43059	  407.77213	  123.08056	  123.54346
 4435	 -95.66992	  400.16043	  143.04257	  143.49947
 4436	 -96.03952	  402.30515	  136.95572	  137.41446
 4437	 -96.1573	  400.17752	  142.99413	  143.45103
 4437	 -96.1573	  400.17752	  142.99413	  143.45103
 4436	 -96.03952	  402.30515	  136.95572	  137.41446
 4438	 -96.25091	  402.36826	  136.77655	  137.23532
 4439	 -96.1573	  400.17752	  142.99413	  143.45103
 4440	 -96.25091	  402.36826	  136.77655	  137.23532
 4441	 -96.1573	  400.73785	  143.04446	  143.50137
 4441	 -96.1573	  400.73785	  143.04446	  143.50137
 4440	 -96.25091	  402.36826	  136.77655	  137.23532
 4442	 -96.25091	  402.92859	  136.82689	  137.28566
 4443	 -96.03952	  402.30515	  136.95572	  137.41446
 4444	 -95.66992	  400.16043	  143.04257	  143.49947
 4445	 -96.03952	  402.86548	  137.00607	  137.46478
 4445	 -96.03952	  402.86548	  137.00607	  137.46478
 4444	 -95.66992	  400.16043	  143.04257	  143.49947
 4446	 -95.66992	  400.72076	  143.09291	  143.54979
 4447	 -95.66992	  400.72076	  143.09291	  143.54979
 4448	 -96.1573	  400.73785	  143.04446	  143.50137
 4449	 -96.03952	  402.86548	  137.00607	  137.46478
 4449	 -96.03952	  402.86548	  137.00607	  137.46478
 4448	 -96.1573	  400.73785	  143.04446	  143.50137
 4450	 -96.25091	  402.92859	  136.82689	  137.28566
 4451	 -118.48003	  399.48477	  144.96017	  145.41649
 4452	 -118.48003	  400.0451	  145.01051	  145.46683
 4453	 -120.03861	  401.63428	  138.85962	  139.31778
 4453	 -120.03861	  401.63428	  138.85962	  139.31778
 4452	 -118.48003	  400.0451	  145.01051	  145.46683
 4454	 -120.03861	  402.19461	  138.90997	  139.3681
 4455	 -118.94364	  399.4382	  145.09238	  145.54865
 4456	 -118.48003	  399.48477	  144.96017	  145.41649
 4457	 -120.33343	  401.61182	  138.92349	  139.38162
 4457	 -120.33343	  401.61182	  138.92349	  139.38162
 4456	 -118.48003	  399.48477	  144.96017	  145.41649
 4458	 -120.03861	  401.63428	  138.85962	  139.31778
 4459	 -120.03861	  402.19461	  138.90997	  139.3681
 4460	 -118.48003	  400.0451	  145.01051	  145.46683
 4461	 -120.33343	  402.17215	  138.97383	  139.43196
 4461	 -120.33343	  402.17215	  138.97383	  139.43196
 4460	 -118.48003	  400.0451	  145.01051	  145.46683
 4462	 -118.94364	  399.99854	  145.14272	  145.59898
 4463	 -120.33343	  401.61182	  138.92349	  139.38162
 4464	 -120.33343	  402.17215	  138.97383	  139.43196
 4465	 -118.94364	  399.4382	  145.09238	  145.54865
 4465	 -118.94364	  399.4382	  145.09238	  145.54865
 4464	 -120.33343	  402.17215	  138.97383	  139.43196
 4466	 -118.94364	  399.99854	  145.14272	  145.59898
 4467	 -89.83298	  402.74216	  135.71544	  136.17453
 4468	 -95.91586	  402.37378	  136.76086	  137.21965
 4469	 -89.69319	  402.6283	  136.03859	  136.49759
 4469	 -89.69319	  402.6283	  136.03859	  136.49759
 4468	 -95.91586	  402.37378	  136.76086	  137.21965
 4470	 -96.03933	  402.29242	  136.99174	  137.45047
 4471	 -89.83298	  402.74216	  135.71544	  136.17453
 4472	 -89.83298	  403.30249	  135.76578	  136.22485
 4473	 -95.91586	  402.37378	  136.76086	  137.21965
 4473	 -95.91586	  402.37378	  136.76086	  137.21965
 4472	 -89.83298	  403.30249	  135.76578	  136.22485
 4474	 -95.91586	  402.93411	  136.81122	  137.26997
 4475	 -96.03933	  402.29242	  136.99174	  137.45047
 4476	 -96.03933	  402.85275	  137.0421	  137.50079
 4477	 -89.69319	  402.6283	  136.03859	  136.49759
 4477	 -89.69319	  402.6283	  136.03859	  136.49759
 4476	 -96.03933	  402.85275	  137.0421	  137.50079
 4478	 -89.69319	  403.18863	  136.08894	  136.54793
 4479	 -96.03933	  402.85275	  137.0421	  137.50079
 4480	 -95.91586	  402.93411	  136.81122	  137.26997
 4481	 -89.69319	  403.18863	  136.08894	  136.54793
 4481	 -89.69319	  403.18863	  136.08894	  136.54793
 4480	 -95.91586	  402.93411	  136.81122	  137.26997
 4482	 -89.83298	  403.30249	  135.76578	  136.22485
 4483	 -91.88432	  408.22772	  120.14692	  120.6107
 4484	 -98.16598	  408.38229	  119.70824	  120.17215
 4485	 -91.88432	  408.78806	  120.19727	  120.66103
 4485	 -91.88432	  408.78806	  120.19727	  120.66103
 4484	 -98.16598	  408.38229	  119.70824	  120.17215
 4486	 -98.16598	  408.94263	  119.75858	  120.22248
 4487	 -98.35216	  408.44925	  119.51818	  119.98215
 4488	 -98.16598	  408.38229	  119.70824	  120.17215
 4489	 -91.83193	  408.34756	  119.80684	  120.27071
 4489	 -91.83193	  408.34756	  119.80684	  120.27071
 4488	 -98.16598	  408.38229	  119.70824	  120.17215
 4490	 -91.88432	  408.22772	  120.14692	  120.6107
 4491	 -98.35216	  409.00958	  119.56853	  120.03248
 4492	 -91.83193	  408.9079	  119.85718	  120.32104
 4493	 -98.16598	  408.94263	  119.75858	  120.22248
 4493	 -98.16598	  408.94263	  119.75858	  120.22248
 4492	 -91.83193	  408.9079	  119.85718	  120.32104
 4494	 -91.88432	  408.78806	  120.19727	  120.66103
 4495	 -98.35216	  408.44925	  119.51818	  119.98215
 4496	 -91.83193	  408.34756	  119.80684	  120.27071
 4497	 -98.35216	  409.00958	  119.56853	  120.03248
 4497	 -98.35216	  409.00958	  119.56853	  120.03248
 4496	 -91.83193	  408.34756	  119.80684	  120.27071
 4498	 -91.83193	  408.9079	  119.85718	  120.32104
 4499	 -122.57499	  399.33569	  116.65096	  117.1158
 4500	 -122.58994	  397.81842	  120.95705	  121.42059
 4501	 -122.08674	  399.31631	  116.70591	  117.17073
 4501	 -122.08674	  399.31631	  116.70591	  117.17073
 4500	 -122.58994	  397.81842	  120.95705	  121.42059
 4502	 -122.22027	  397.80048	  121.00796	  121.47148
 4503	 -122.08674	  399.31631	  116.70591	  117.17073
 4504	 -122.22027	  397.80048	  121.00796	  121.47148
 4505	 -122.08674	  399.87659	  116.75626	  117.22105
 4505	 -122.08674	  399.87659	  116.75626	  117.22105
 4504	 -122.22027	  397.80048	  121.00796	  121.47148
 4506	 -122.22027	  398.36075	  121.0583	  121.52181
 4507	 -122.58994	  397.81842	  120.95705	  121.42059
 4508	 -122.57499	  399.33569	  116.65096	  117.1158
 4509	 -122.58994	  398.37869	  121.00739	  121.47091
 4509	 -122.58994	  398.37869	  121.00739	  121.47091
 4508	 -122.57499	  399.33569	  116.65096	  117.1158
 4510	 -122.57499	  399.89597	  116.70131	  117.16612
 4511	 -122.57499	  399.89597	  116.70131	  117.16612
 4512	 -122.08674	  399.87659	  116.75626	  117.22105
 4513	 -122.58994	  398.37869	  121.00739	  121.47091
 4513	 -122.58994	  398.37869	  121.00739	  121.47091
 4512	 -122.08674	  399.87659	  116.75626	  117.22105
 4514	 -122.22027	  398.36075	  121.0583	  121.52181
 4515	 -99.76398	  400.00906	  114.73987	  115.20527
 4516	 -99.76398	  400.56934	  114.79021	  115.2556
 4517	 -98.50848	  398.53284	  118.9295	  119.39365
 4517	 -98.50848	  398.53284	  118.9295	  119.39365
 4516	 -99.76398	  400.56934	  114.79021	  115.2556
 4518	 -98.50848	  399.09311	  118.97984	  119.44397
 4519	 -99.30125	  400.05792	  114.60117	  115.06661
 4520	 -99.76398	  400.00906	  114.73987	  115.20527
 4521	 -98.25072	  398.58847	  118.77159	  119.23578
 4521	 -98.25072	  398.58847	  118.77159	  119.23578
 4520	 -99.76398	  400.00906	  114.73987	  115.20527
 4522	 -98.50848	  398.53284	  118.9295	  119.39365
 4523	 -98.50848	  399.09311	  118.97984	  119.44397
 4524	 -99.76398	  400.56934	  114.79021	  115.2556
 4525	 -98.25072	  399.14874	  118.82193	  119.28611
 4525	 -98.25072	  399.14874	  118.82193	  119.28611
 4524	 -99.76398	  400.56934	  114.79021	  115.2556
 4526	 -99.30125	  400.61819	  114.6515	  115.11694
 4527	 -98.25072	  398.58847	  118.77159	  119.23578
 4528	 -98.25072	  399.14874	  118.82193	  119.28611
 4529	 -99.30125	  400.05792	  114.60117	  115.06661
 4529	 -99.30125	  400.05792	  114.60117	  115.06661
 4528	 -98.25072	  399.14874	  118.82193	  119.28611
 4530	 -99.30125	  400.61819	  114.6515	  115.11694
 4531	 -124.1827	  391.74481	  138.19449	  138.65283
 4532	 -120.24279	  391.77414	  138.1113	  138.56967
 4533	 -124.13711	  391.86444	  137.855	  138.31345
 4533	 -124.13711	  391.86444	  137.855	  138.31345
 4532	 -120.24279	  391.77414	  138.1113	  138.56967
 4534	 -120.02065	  391.84027	  137.92361	  138.38203
 4535	 -124.13711	  391.86444	  137.855	  138.31345
 4536	 -120.02065	  391.84027	  137.92361	  138.38203
 4537	 -124.13711	  392.42471	  137.90533	  138.36378
 4537	 -124.13711	  392.42471	  137.90533	  138.36378
 4536	 -120.02065	  391.84027	  137.92361	  138.38203
 4538	 -120.02065	  392.40054	  137.97395	  138.43237
 4539	 -120.24279	  391.77414	  138.1113	  138.56967
 4540	 -124.1827	  391.74481	  138.19449	  138.65283
 4541	 -120.24279	  392.33441	  138.16164	  138.62001
 4541	 -120.24279	  392.33441	  138.16164	  138.62001
 4540	 -124.1827	  391.74481	  138.19449	  138.65283
 4542	 -124.1827	  392.30508	  138.24483	  138.70317
 4543	 -124.1827	  392.30508	  138.24483	  138.70317
 4544	 -124.13711	  392.42471	  137.90533	  138.36378
 4545	 -120.24279	  392.33441	  138.16164	  138.62001
 4545	 -120.24279	  392.33441	  138.16164	  138.62001
 4544	 -124.13711	  392.42471	  137.90533	  138.36378
 4546	 -120.02065	  392.40054	  137.97395	  138.43237
 4547	 -126.18847	  397.35001	  122.28648	  122.74963
 4548	 -126.18847	  397.91028	  122.33683	  122.79995
 4549	 -122.34335	  397.80099	  121.00652	  121.47003
 4549	 -122.34335	  397.80099	  121.00652	  121.47003
 4548	 -126.18847	  397.91028	  122.33683	  122.79995
 4550	 -122.34335	  398.36127	  121.05685	  121.52036
 4551	 -126.18847	  397.35001	  122.28648	  122.74963
 4552	 -122.34335	  397.80099	  121.00652	  121.47003
 4553	 -126.32143	  397.46408	  121.96272	  122.42596
 4553	 -126.32143	  397.46408	  121.96272	  122.42596
 4552	 -122.34335	  397.80099	  121.00652	  121.47003
 4554	 -122.43995	  397.88739	  120.76133	  121.22493
 4555	 -122.43995	  398.44766	  120.81168	  121.27525
 4556	 -122.34335	  398.36127	  121.05685	  121.52036
 4557	 -126.32143	  398.02435	  122.01306	  122.47629
 4557	 -126.32143	  398.02435	  122.01306	  122.47629
 4556	 -122.34335	  398.36127	  121.05685	  121.52036
 4558	 -126.18847	  397.91028	  122.33683	  122.79995
 4559	 -122.43995	  397.88739	  120.76133	  121.22493
 4560	 -122.43995	  398.44766	  120.81168	  121.27525
 4561	 -126.32143	  397.46408	  121.96272	  122.42596
 4561	 -126.32143	  397.46408	  121.96272	  122.42596
 4560	 -122.43995	  398.44766	  120.81168	  121.27525
 4562	 -126.32143	  398.02435	  122.01306	  122.47629
 4563	 -95.95679	  391.11438	  139.98366	  140.44147
 4564	 -96.03952	  392.49197	  136.07399	  136.53299
 4565	 -96.44418	  391.13147	  139.93523	  140.39305
 4565	 -96.44418	  391.13147	  139.93523	  140.39305
 4564	 -96.03952	  392.49197	  136.07399	  136.53299
 4566	 -96.25091	  392.55508	  135.89482	  136.35387
 4567	 -96.44418	  391.13147	  139.93523	  140.39305
 4568	 -96.25091	  392.55508	  135.89482	  136.35387
 4569	 -96.44418	  391.69174	  139.98557	  140.44337
 4569	 -96.44418	  391.69174	  139.98557	  140.44337
 4568	 -96.25091	  392.55508	  135.89482	  136.35387
 4570	 -96.25091	  393.11536	  135.94516	  136.40419
 4571	 -96.03952	  392.49197	  136.07399	  136.53299
 4572	 -95.95679	  391.11438	  139.98366	  140.44147
 4573	 -96.03952	  393.05225	  136.12433	  136.58331
 4573	 -96.03952	  393.05225	  136.12433	  136.58331
 4572	 -95.95679	  391.11438	  139.98366	  140.44147
 4574	 -95.95679	  391.67465	  140.034	  140.49181
 4575	 -95.95679	  391.67465	  140.034	  140.49181
 4576	 -96.44418	  391.69174	  139.98557	  140.44337
 4577	 -96.03952	  393.05225	  136.12433	  136.58331
 4577	 -96.03952	  393.05225	  136.12433	  136.58331
 4576	 -96.44418	  391.69174	  139.98557	  140.44337
 4578	 -96.25091	  393.11536	  135.94516	  136.40419
 4579	 -118.76691	  390.43872	  141.90128	  142.35851
 4580	 -118.76691	  390.99899	  141.95161	  142.40884
 4581	 -120.03861	  391.82111	  137.97789	  138.43631
 4581	 -120.03861	  391.82111	  137.97789	  138.43631
 4580	 -118.76691	  390.99899	  141.95161	  142.40884
 4582	 -120.03861	  392.38138	  138.02823	  138.48663
 4583	 -119.23052	  390.39215	  142.03346	  142.49066
 4584	 -118.76691	  390.43872	  141.90128	  142.35851
 4585	 -120.33343	  391.79865	  138.04176	  138.50015
 4585	 -120.33343	  391.79865	  138.04176	  138.50015
 4584	 -118.76691	  390.43872	  141.90128	  142.35851
 4586	 -120.03861	  391.82111	  137.97789	  138.43631
 4587	 -120.03861	  392.38138	  138.02823	  138.48663
 4588	 -118.76691	  390.99899	  141.95161	  142.40884
 4589	 -120.33343	  392.35892	  138.0921	  138.55049
 4589	 -120.33343	  392.35892	  138.0921	  138.55049
 4588	 -118.76691	  390.99899	  141.95161	  142.40884
 4590	 -119.23052	  390.95242	  142.0838	  142.54099
 4591	 -120.33343	  391.79865	  138.04176	  138.50015
 4592	 -120.33343	  392.35892	  138.0921	  138.55049
 4593	 -119.23052	  390.39215	  142.03346	  142.49066
 4593	 -119.23052	  390.39215	  142.03346	  142.49066
 4592	 -120.33343	  392.35892	  138.0921	  138.55049
 4594	 -119.23052	  390.95242	  142.0838	  142.54099
 4595	 -91.98702	  392.86212	  135.02342	  135.48273
 4596	 -95.91586	  392.56061	  135.87914	  136.33818
 4597	 -91.84722	  392.74826	  135.34657	  135.80579
 4597	 -91.84722	  392.74826	  135.34657	  135.80579
 4596	 -95.91586	  392.56061	  135.87914	  136.33818
 4598	 -96.03933	  392.47925	  136.11002	  136.569
 4599	 -91.98702	  392.86212	  135.02342	  135.48273
 4600	 -91.98702	  393.42239	  135.07376	  135.53305
 4601	 -95.91586	  392.56061	  135.87914	  136.33818
 4601	 -95.91586	  392.56061	  135.87914	  136.33818
 4600	 -91.98702	  393.42239	  135.07376	  135.53305
 4602	 -95.91586	  393.12088	  135.92947	  136.3885
 4603	 -96.03933	  392.47925	  136.11002	  136.569
 4604	 -96.03933	  393.03952	  136.16035	  136.61932
 4605	 -91.84722	  392.74826	  135.34657	  135.80579
 4605	 -91.84722	  392.74826	  135.34657	  135.80579
 4604	 -96.03933	  393.03952	  136.16035	  136.61932
 4606	 -91.84722	  393.30853	  135.39691	  135.85611
 4607	 -96.03933	  393.03952	  136.16035	  136.61932
 4608	 -95.91586	  393.12088	  135.92947	  136.3885
 4609	 -91.84722	  393.30853	  135.39691	  135.85611
 4609	 -91.84722	  393.30853	  135.39691	  135.85611
 4608	 -95.91586	  393.12088	  135.92947	  136.3885
 4610	 -91.98702	  393.42239	  135.07376	  135.53305
 4611	 -94.03837	  398.34769	  119.4549	  119.91889
 4612	 -98.16598	  398.56912	  118.8265	  119.29068
 4613	 -94.03837	  398.90796	  119.50525	  119.96922
 4613	 -94.03837	  398.90796	  119.50525	  119.96922
 4612	 -98.16598	  398.56912	  118.8265	  119.29068
 4614	 -98.16598	  399.12939	  118.87685	  119.34101
 4615	 -98.35217	  398.63608	  118.63645	  119.10069
 4616	 -98.16598	  398.56912	  118.8265	  119.29068
 4617	 -93.98596	  398.46753	  119.11481	  119.5789
 4617	 -93.98596	  398.46753	  119.11481	  119.5789
 4616	 -98.16598	  398.56912	  118.8265	  119.29068
 4618	 -94.03837	  398.34769	  119.4549	  119.91889
 4619	 -98.35217	  399.19635	  118.68679	  119.15101
 4620	 -93.98596	  399.0278	  119.16516	  119.62923
 4621	 -98.16598	  399.12939	  118.87685	  119.34101
 4621	 -98.16598	  399.12939	  118.87685	  119.34101
 4620	 -93.98596	  399.0278	  119.16516	  119.62923
 4622	 -94.03837	  398.90796	  119.50525	  119.96922
 4623	 -98.35217	  398.63608	  118.63645	  119.10069
 4624	 -93.98596	  398.46753	  119.11481	  119.5789
 4625	 -98.35217	  399.19635	  118.68679	  119.15101
 4625	 -98.35217	  399.19635	  118.68679	  119.15101
 4624	 -93.98596	  398.46753	  119.11481	  119.5789
 4626	 -93.98596	  399.0278	  119.16516	  119.62923
 4627	 -122.32397	  388.85123	  117.67426	  118.13878
 4628	 -122.58994	  388.00519	  120.07531	  120.53912
 4629	 -121.83572	  388.83185	  117.7292	  118.19372
 4629	 -121.83572	  388.83185	  117.7292	  118.19372
 4628	 -122.58994	  388.00519	  120.07531	  120.53912
 4630	 -122.22027	  387.98724	  120.12623	  120.59002
 4631	 -121.83572	  388.83185	  117.7292	  118.19372
 4632	 -122.22027	  387.98724	  120.12623	  120.59002
 4633	 -121.83572	  389.39215	  117.77955	  118.24404
 4633	 -121.83572	  389.39215	  117.77955	  118.24404
 4632	 -122.22027	  387.98724	  120.12623	  120.59002
 4634	 -122.22027	  388.54755	  120.17657	  120.64034
 4635	 -122.58994	  388.00519	  120.07531	  120.53912
 4636	 -122.32397	  388.85123	  117.67426	  118.13878
 4637	 -122.58994	  388.56549	  120.12566	  120.58945
 4637	 -122.58994	  388.56549	  120.12566	  120.58945
 4636	 -122.32397	  388.85123	  117.67426	  118.13878
 4638	 -122.32397	  389.41153	  117.72459	  118.1891
 4639	 -122.32397	  389.41153	  117.72459	  118.1891
 4640	 -121.83572	  389.39215	  117.77955	  118.24404
 4641	 -122.58994	  388.56549	  120.12566	  120.58945
 4641	 -122.58994	  388.56549	  120.12566	  120.58945
 4640	 -121.83572	  389.39215	  117.77955	  118.24404
 4642	 -122.22027	  388.54755	  120.17657	  120.64034
 4643	 -99.51298	  389.5246	  115.76315	  116.22826
 4644	 -99.51298	  390.0849	  115.8135	  116.27859
 4645	 -98.50848	  388.7196	  118.04777	  118.51218
 4645	 -98.50848	  388.7196	  118.04777	  118.51218
 4644	 -99.51298	  390.0849	  115.8135	  116.27859
 4646	 -98.50848	  389.27991	  118.09811	  118.56251
 4647	 -99.05025	  389.57346	  115.62445	  116.08959
 4648	 -99.51298	  389.5246	  115.76315	  116.22826
 4649	 -98.25073	  388.77524	  117.88985	  118.35432
 4649	 -98.25073	  388.77524	  117.88985	  118.35432
 4648	 -99.51298	  389.5246	  115.76315	  116.22826
 4650	 -98.50848	  388.7196	  118.04777	  118.51218
 4651	 -98.50848	  389.27991	  118.09811	  118.56251
 4652	 -99.51298	  390.0849	  115.8135	  116.27859
 4653	 -98.25073	  389.33554	  117.9402	  118.40465
 4653	 -98.25073	  389.33554	  117.9402	  118.40465
 4652	 -99.51298	  390.0849	  115.8135	  116.27859
 4654	 -99.05025	  390.13376	  115.67479	  116.13992
 4655	 -98.25073	  388.77524	  117.88985	  118.35432
 4656	 -98.25073	  389.33554	  117.9402	  118.40465
 4657	 -99.05025	  389.57346	  115.62445	  116.08959
 4657	 -99.05025	  389.57346	  115.62445	  116.08959
 4656	 -98.25073	  389.33554	  117.9402	  118.40465
 4658	 -99.05025	  390.13376	  115.67479	  116.13992
 4659	 -122.02868	  381.99841	  137.12303	  137.58171
 4660	 -120.24279	  381.96091	  137.22957	  137.68822
 4661	 -121.98309	  382.11804	  136.78355	  137.24232
 4661	 -121.98309	  382.11804	  136.78355	  137.24232
 4660	 -120.24279	  381.96091	  137.22957	  137.68822
 4662	 -120.02065	  382.02704	  137.04187	  137.50058
 4663	 -121.98309	  382.11804	  136.78355	  137.24232
 4664	 -120.02065	  382.02704	  137.04187	  137.50058
 4665	 -121.98309	  382.67834	  136.83389	  137.29266
 4665	 -121.98309	  382.67834	  136.83389	  137.29266
 4664	 -120.02065	  382.02704	  137.04187	  137.50058
 4666	 -120.02065	  382.58734	  137.09222	  137.5509
 4667	 -120.24279	  381.96091	  137.22957	  137.68822
 4668	 -122.02868	  381.99841	  137.12303	  137.58171
 4669	 -120.24279	  382.52121	  137.27991	  137.73854
 4669	 -120.24279	  382.52121	  137.27991	  137.73854
 4668	 -122.02868	  381.99841	  137.12303	  137.58171
 4670	 -122.02868	  382.55872	  137.17339	  137.63203
 4671	 -122.02868	  382.55872	  137.17339	  137.63203
 4672	 -121.98309	  382.67834	  136.83389	  137.29266
 4673	 -120.24279	  382.52121	  137.27991	  137.73854
 4673	 -120.24279	  382.52121	  137.27991	  137.73854
 4672	 -121.98309	  382.67834	  136.83389	  137.29266
 4674	 -120.02065	  382.58734	  137.09222	  137.5509
 4675	 -124.03445	  387.60361	  121.21504	  121.6785
 4676	 -124.03445	  388.16391	  121.26538	  121.72883
 4677	 -122.34335	  387.98776	  120.12478	  120.58857
 4677	 -122.34335	  387.98776	  120.12478	  120.58857
 4676	 -124.03445	  388.16391	  121.26538	  121.72883
 4678	 -122.34335	  388.54807	  120.17513	  120.63889
 4679	 -124.03445	  387.60361	  121.21504	  121.6785
 4680	 -122.34335	  387.98776	  120.12478	  120.58857
 4681	 -124.16741	  387.71768	  120.89128	  121.35484
 4681	 -124.16741	  387.71768	  120.89128	  121.35484
 4680	 -122.34335	  387.98776	  120.12478	  120.58857
 4682	 -122.43995	  388.07416	  119.8796	  120.34346
 4683	 -122.43995	  388.63446	  119.92994	  120.39379
 4684	 -122.34335	  388.54807	  120.17513	  120.63889
 4685	 -124.16741	  388.27798	  120.94162	  121.40516
 4685	 -124.16741	  388.27798	  120.94162	  121.40516
 4684	 -122.34335	  388.54807	  120.17513	  120.63889
 4686	 -124.03445	  388.16391	  121.26538	  121.72883
 4687	 -122.43995	  388.07416	  119.8796	  120.34346
 4688	 -122.43995	  388.63446	  119.92994	  120.39379
 4689	 -124.16741	  387.71768	  120.89128	  121.35484
 4689	 -124.16741	  387.71768	  120.89128	  121.35484
 4688	 -122.43995	  388.63446	  119.92994	  120.39379
 4690	 -124.16741	  388.27798	  120.94162	  121.40516
 4691	 -96.21805	  381.99979	  137.11916	  137.57784
 4692	 -96.03952	  382.67874	  135.19226	  135.65152
 4693	 -96.70543	  382.01688	  137.07071	  137.5294
 4693	 -96.70543	  382.01688	  137.07071	  137.5294
 4692	 -96.03952	  382.67874	  135.19226	  135.65152
 4694	 -96.25091	  382.74185	  135.01309	  135.4724
 4695	 -96.70543	  382.01688	  137.07071	  137.5294
 4696	 -96.25091	  382.74185	  135.01309	  135.4724
 4697	 -96.70543	  382.57718	  137.12105	  137.57973
 4697	 -96.70543	  382.57718	  137.12105	  137.57973
 4696	 -96.25091	  382.74185	  135.01309	  135.4724
 4698	 -96.25091	  383.30215	  135.06343	  135.52272
 4699	 -96.03952	  382.67874	  135.19226	  135.65152
 4700	 -96.21805	  381.99979	  137.11916	  137.57784
 4701	 -96.03952	  383.23904	  135.2426	  135.70184
 4701	 -96.03952	  383.23904	  135.2426	  135.70184
 4700	 -96.21805	  381.99979	  137.11916	  137.57784
 4702	 -96.21805	  382.56009	  137.16949	  137.62816
 4703	 -96.21805	  382.56009	  137.16949	  137.62816
 4704	 -96.70543	  382.57718	  137.12105	  137.57973
 4705	 -96.03952	  383.23904	  135.2426	  135.70184
 4705	 -96.03952	  383.23904	  135.2426	  135.70184
 4704	 -96.70543	  382.57718	  137.12105	  137.57973
 4706	 -96.25091	  383.30215	  135.06343	  135.52272
 4707	 -119.02818	  381.32413	  139.03676	  139.49486
 4708	 -119.02818	  381.88443	  139.0871	  139.5452
 4709	 -120.03861	  382.00787	  137.09616	  137.55484
 4709	 -120.03861	  382.00787	  137.09616	  137.55484
 4708	 -119.02818	  381.88443	  139.0871	  139.5452
 4710	 -120.03861	  382.56818	  137.1465	  137.60518
 4711	 -119.02818	  381.32413	  139.03676	  139.49486
 4712	 -120.03861	  382.00787	  137.09616	  137.55484
 4713	 -119.49177	  381.27756	  139.16896	  139.62701
 4713	 -119.49177	  381.27756	  139.16896	  139.62701
 4712	 -120.03861	  382.00787	  137.09616	  137.55484
 4714	 -120.33343	  381.98541	  137.16002	  137.6187
 4715	 -120.33343	  382.54572	  137.21037	  137.66902
 4716	 -120.03861	  382.56818	  137.1465	  137.60518
 4717	 -119.49177	  381.83786	  139.2193	  139.67734
 4717	 -119.49177	  381.83786	  139.2193	  139.67734
 4716	 -120.03861	  382.56818	  137.1465	  137.60518
 4718	 -119.02818	  381.88443	  139.0871	  139.5452
 4719	 -120.33343	  381.98541	  137.16002	  137.6187
 4720	 -120.33343	  382.54572	  137.21037	  137.66902
 4721	 -119.49177	  381.27756	  139.16896	  139.62701
 4721	 -119.49177	  381.27756	  139.16896	  139.62701
 4720	 -120.33343	  382.54572	  137.21037	  137.66902
 4722	 -119.49177	  381.83786	  139.2193	  139.67734
 4723	 -94.14104	  382.98206	  134.33139	  134.79091
 4724	 -95.91586	  382.74738	  134.99741	  135.45671
 4725	 -94.00125	  382.86819	  134.65456	  135.11397
 4725	 -94.00125	  382.86819	  134.65456	  135.11397
 4724	 -95.91586	  382.74738	  134.99741	  135.45671
 4726	 -96.03933	  382.66602	  135.22829	  135.68753
 4727	 -94.14104	  382.98206	  134.33139	  134.79091
 4728	 -94.14104	  383.54236	  134.38174	  134.84123
 4729	 -95.91586	  382.74738	  134.99741	  135.45671
 4729	 -95.91586	  382.74738	  134.99741	  135.45671
 4728	 -94.14104	  383.54236	  134.38174	  134.84123
 4730	 -95.91586	  383.30768	  135.04774	  135.50705
 4731	 -96.03933	  382.66602	  135.22829	  135.68753
 4732	 -96.03933	  383.22632	  135.27863	  135.73785
 4733	 -94.00125	  382.86819	  134.65456	  135.11397
 4733	 -94.00125	  382.86819	  134.65456	  135.11397
 4732	 -96.03933	  383.22632	  135.27863	  135.73785
 4734	 -94.00125	  383.4285	  134.7049	  135.16431
 4735	 -96.03933	  383.22632	  135.27863	  135.73785
 4736	 -95.91586	  383.30768	  135.04774	  135.50705
 4737	 -94.00125	  383.4285	  134.7049	  135.16431
 4737	 -94.00125	  383.4285	  134.7049	  135.16431
 4736	 -95.91586	  383.30768	  135.04774	  135.50705
 4738	 -94.14104	  383.54236	  134.38174	  134.84123
 4739	 -96.19238	  388.46762	  118.76289	  119.22708
 4740	 -98.16598	  388.75589	  117.94477	  118.40922
 4741	 -96.19238	  389.02792	  118.81322	  119.27741
 4741	 -96.19238	  389.02792	  118.81322	  119.27741
 4740	 -98.16598	  388.75589	  117.94477	  118.40922
 4742	 -98.16598	  389.31619	  117.99511	  118.45954
 4743	 -98.35217	  388.82285	  117.75471	  118.21922
 4744	 -98.16598	  388.75589	  117.94477	  118.40922
 4745	 -96.13999	  388.58746	  118.42279	  118.88709
 4745	 -96.13999	  388.58746	  118.42279	  118.88709
 4744	 -98.16598	  388.75589	  117.94477	  118.40922
 4746	 -96.19238	  388.46762	  118.76289	  119.22708
 4747	 -98.35217	  389.38315	  117.80506	  118.26955
 4748	 -96.13999	  389.14777	  118.47314	  118.93742
 4749	 -98.16598	  389.31619	  117.99511	  118.45954
 4749	 -98.16598	  389.31619	  117.99511	  118.45954
 4748	 -96.13999	  389.14777	  118.47314	  118.93742
 4750	 -96.19238	  389.02792	  118.81322	  119.27741
 4751	 -98.35217	  388.82285	  117.75471	  118.21922
 4752	 -96.13999	  388.58746	  118.42279	  118.88709
 4753	 -98.35217	  389.38315	  117.80506	  118.26955
 4753	 -98.35217	  389.38315	  117.80506	  118.26955
 4752	 -96.13999	  388.58746	  118.42279	  118.88709
 4754	 -96.13999	  389.14777	  118.47314	  118.93742
