 458	 -87.62366	  49.74653	  60.97166	  62.02566
 450	 -86.95618	  46.41683	  60.68146	  61.73754
 457	 -87.37297	  49.78737	  60.78539	  61.84072
 449	 -87.18121	  46.39582	  60.89922	  61.95373
 450	 -86.95618	  46.41683	  60.68146	  61.73754
 451	 -86.55593	  46.4923	  60.82431	  61.87937
 457	 -87.37297	  49.78737	  60.78539	  61.84072
 457	 -87.37297	  49.78737	  60.78539	  61.84072
 451	 -86.55593	  46.4923	  60.82431	  61.87937
 459	 -87.04526	  49.93794	  60.94531	  61.99949
 451	 -86.55593	  46.4923	  60.82431	  61.87937
 452	 -86.78082	  46.47143	  61.04248	  62.09595
 459	 -87.04526	  49.93794	  60.94531	  61.99949
 459	 -87.04526	  49.93794	  60.94531	  61.99949
 452	 -86.78082	  46.47143	  61.04248	  62.09595
 460	 -87.29542	  49.89837	  61.13193	  62.18475
 460	 -87.29542	  49.89837	  61.13193	  62.18475
 466	 -88.08634	  54.47377	  61.27992	  62.33169
 459	 -87.04526	  49.93794	  60.94531	  61.99949
 465	 -88.33565	  54.25914	  61.38417	  62.43519
 466	 -88.08634	  54.47377	  61.27992	  62.33169
 460	 -87.29542	  49.89837	  61.13193	  62.18475
 466	 -88.08634	  54.47377	  61.27992	  62.33169
 465	 -88.33565	  54.25914	  61.38417	  62.43519
 471	 -89.49512	  57.53069	  61.83942	  62.88714
 471	 -89.49512	  57.53069	  61.83942	  62.88714
 465	 -88.33565	  54.25914	  61.38417	  62.43519
 472	 -89.59653	  57.09274	  61.89365	  62.94097
 472	 -89.59653	  57.09274	  61.89365	  62.94097
 477	 -90.22644	  59.83263	  62.2084	  63.25346
 471	 -89.49512	  57.53069	  61.83942	  62.88714
 472	 -89.59653	  57.09274	  61.89365	  62.94097
 478	 -90.33899	  59.86906	  62.13397	  63.17956
 477	 -90.22644	  59.83263	  62.2084	  63.25346
 473	 -89.77702	  57.04588	  61.77081	  62.81902
 478	 -90.33899	  59.86906	  62.13397	  63.17956
 472	 -89.59653	  57.09274	  61.89365	  62.94097
 465	 -88.33565	  54.25914	  61.38417	  62.43519
 473	 -89.77702	  57.04588	  61.77081	  62.81902
 472	 -89.59653	  57.09274	  61.89365	  62.94097
 464	 -88.5547	  54.23287	  61.21608	  62.2683
 473	 -89.77702	  57.04588	  61.77081	  62.81902
 465	 -88.33565	  54.25914	  61.38417	  62.43519
 460	 -87.29542	  49.89837	  61.13193	  62.18475
 464	 -88.5547	  54.23287	  61.21608	  62.2683
 465	 -88.33565	  54.25914	  61.38417	  62.43519
 463	 -87.62366	  49.74653	  60.97166	  62.02566
 464	 -88.5547	  54.23287	  61.21608	  62.2683
 460	 -87.29542	  49.89837	  61.13193	  62.18475
 430	 -87.00249	  38.24944	  61.44273	  62.49332
 436	 -87.00621	  40.46513	  61.55072	  62.60052
 435	 -86.88782	  40.21598	  61.26559	  62.31745
 435	 -86.88782	  40.21598	  61.26559	  62.31745
 436	 -87.00621	  40.46513	  61.55072	  62.60052
 443	 -86.9072	  42.11454	  61.11836	  62.17129
 443	 -86.9072	  42.11454	  61.11836	  62.17129
 436	 -87.00621	  40.46513	  61.55072	  62.60052
 446	 -87.07867	  42.34592	  61.37402	  62.4251
 446	 -87.07867	  42.34592	  61.37402	  62.4251
 452	 -86.78082	  46.47143	  61.04248	  62.09595
 443	 -86.9072	  42.11454	  61.11836	  62.17129
 443	 -86.9072	  42.11454	  61.11836	  62.17129
 452	 -86.78082	  46.47143	  61.04248	  62.09595
 451	 -86.55593	  46.4923	  60.82431	  61.87937
 450	 -86.95618	  46.41683	  60.68146	  61.73754
 443	 -86.9072	  42.11454	  61.11836	  62.17129
 451	 -86.55593	  46.4923	  60.82431	  61.87937
 442	 -87.35541	  42.07834	  61.00745	  62.06118
 443	 -86.9072	  42.11454	  61.11836	  62.17129
 450	 -86.95618	  46.41683	  60.68146	  61.73754
 436	 -87.00621	  40.46513	  61.55072	  62.60052
 447	 -87.50534	  40.42557	  61.47427	  62.52462
 446	 -87.07867	  42.34592	  61.37402	  62.4251
 446	 -87.07867	  42.34592	  61.37402	  62.4251
 447	 -87.50534	  40.42557	  61.47427	  62.52462
 448	 -87.53022	  42.30217	  61.25949	  62.31139
 435	 -86.88782	  40.21598	  61.26559	  62.31745
 443	 -86.9072	  42.11454	  61.11836	  62.17129
 444	 -87.3849	  40.18428	  61.19254	  62.24493
 444	 -87.3849	  40.18428	  61.19254	  62.24493
 443	 -86.9072	  42.11454	  61.11836	  62.17129
 445	 -87.35541	  42.07834	  61.00745	  62.06118
 404	 -84.93138	  26.08407	  62.78777	  63.82862
 405	 -85.30658	  22.51012	  62.91435	  63.95431
 406	 -85.68443	  26.11334	  63.00778	  64.04705
 403	 -84.6097	  22.52389	  62.6087	  63.65086
 405	 -85.30658	  22.51012	  62.91435	  63.95431
 404	 -84.93138	  26.08407	  62.78777	  63.82862
 402	 -85.54904	  26.10228	  62.39409	  63.43778
 403	 -84.6097	  22.52389	  62.6087	  63.65086
 404	 -84.93138	  26.08407	  62.78777	  63.82862
 401	 -85.29611	  22.48437	  62.21486	  63.25985
 403	 -84.6097	  22.52389	  62.6087	  63.65086
 402	 -85.54904	  26.10228	  62.39409	  63.43778
 401	 -85.29611	  22.48437	  62.21486	  63.25985
 402	 -85.54904	  26.10228	  62.39409	  63.43778
 398	 -85.98242	  22.47152	  62.52258	  63.56536
 398	 -85.98242	  22.47152	  62.52258	  63.56536
 402	 -85.54904	  26.10228	  62.39409	  63.43778
 400	 -86.28658	  26.13928	  62.6174	  63.65949
 402	 -85.54904	  26.10228	  62.39409	  63.43778
 409	 -85.77129	  28.62037	  62.46443	  63.50764
 400	 -86.28658	  26.13928	  62.6174	  63.65949
 400	 -86.28658	  26.13928	  62.6174	  63.65949
 409	 -85.77129	  28.62037	  62.46443	  63.50764
 408	 -86.51385	  28.74635	  62.62512	  63.66715
 409	 -85.77129	  28.62037	  62.46443	  63.50764
 415	 -86.21016	  31.33733	  62.16269	  63.20806
 408	 -86.51385	  28.74635	  62.62512	  63.66715
 408	 -86.51385	  28.74635	  62.62512	  63.66715
 415	 -86.21016	  31.33733	  62.16269	  63.20806
 414	 -86.93054	  31.55294	  62.25676	  63.30145
 415	 -86.21016	  31.33733	  62.16269	  63.20806
 420	 -86.92268	  33.84283	  61.73497	  62.78344
 414	 -86.93054	  31.55294	  62.25676	  63.30145
 414	 -86.93054	  31.55294	  62.25676	  63.30145
 420	 -86.92268	  33.84283	  61.73497	  62.78344
 419	 -87.57851	  33.89962	  61.79483	  62.84287
 419	 -87.57851	  33.89962	  61.79483	  62.84287
 420	 -86.92268	  33.84283	  61.73497	  62.78344
 424	 -87.5343	  36.06558	  61.58443	  62.63398
 424	 -87.5343	  36.06558	  61.58443	  62.63398
 420	 -86.92268	  33.84283	  61.73497	  62.78344
 425	 -86.93301	  36.13974	  61.57135	  62.62099
 424	 -87.5343	  36.06558	  61.58443	  62.63398
 425	 -86.93301	  36.13974	  61.57135	  62.62099
 429	 -87.55219	  38.23644	  61.41159	  62.46239
 429	 -87.55219	  38.23644	  61.41159	  62.46239
 425	 -86.93301	  36.13974	  61.57135	  62.62099
 430	 -87.00249	  38.24944	  61.44273	  62.49332
 429	 -87.55219	  38.23644	  61.41159	  62.46239
 430	 -87.00249	  38.24944	  61.44273	  62.49332
 434	 -87.3849	  40.18428	  61.19254	  62.24493
 434	 -87.3849	  40.18428	  61.19254	  62.24493
 430	 -87.00249	  38.24944	  61.44273	  62.49332
 435	 -86.88782	  40.21598	  61.26559	  62.31745
 404	 -84.93138	  26.08407	  62.78777	  63.82862
 410	 -85.25781	  28.59177	  62.85046	  63.89086
 402	 -85.54904	  26.10228	  62.39409	  63.43778
 402	 -85.54904	  26.10228	  62.39409	  63.43778
 410	 -85.25781	  28.59177	  62.85046	  63.89086
 409	 -85.77129	  28.62037	  62.46443	  63.50764
 410	 -85.25781	  28.59177	  62.85046	  63.89086
 416	 -85.87585	  31.32747	  62.52882	  63.57156
 409	 -85.77129	  28.62037	  62.46443	  63.50764
 409	 -85.77129	  28.62037	  62.46443	  63.50764
 416	 -85.87585	  31.32747	  62.52882	  63.57156
 415	 -86.21016	  31.33733	  62.16269	  63.20806
 416	 -85.87585	  31.32747	  62.52882	  63.57156
 421	 -86.75256	  33.79353	  62.09148	  63.13737
 415	 -86.21016	  31.33733	  62.16269	  63.20806
 415	 -86.21016	  31.33733	  62.16269	  63.20806
 421	 -86.75256	  33.79353	  62.09148	  63.13737
 420	 -86.92268	  33.84283	  61.73497	  62.78344
 421	 -86.75256	  33.79353	  62.09148	  63.13737
 426	 -86.89554	  36.13741	  61.91481	  62.96197
 420	 -86.92268	  33.84283	  61.73497	  62.78344
 420	 -86.92268	  33.84283	  61.73497	  62.78344
 426	 -86.89554	  36.13741	  61.91481	  62.96197
 425	 -86.93301	  36.13974	  61.57135	  62.62099
 426	 -86.89554	  36.13741	  61.91481	  62.96197
 431	 -87.04662	  38.32742	  61.76526	  62.8135
 425	 -86.93301	  36.13974	  61.57135	  62.62099
 425	 -86.93301	  36.13974	  61.57135	  62.62099
 431	 -87.04662	  38.32742	  61.76526	  62.8135
 430	 -87.00249	  38.24944	  61.44273	  62.49332
 431	 -87.04662	  38.32742	  61.76526	  62.8135
 436	 -87.00621	  40.46513	  61.55072	  62.60052
 430	 -87.00249	  38.24944	  61.44273	  62.49332
 411	 -84.93138	  26.08407	  62.78777	  63.82862
 406	 -85.68443	  26.11334	  63.00778	  64.04705
 410	 -85.25781	  28.59177	  62.85046	  63.89086
 410	 -85.25781	  28.59177	  62.85046	  63.89086
 406	 -85.68443	  26.11334	  63.00778	  64.04705
 412	 -86.015	  28.70059	  63.01054	  64.0498
 410	 -85.25781	  28.59177	  62.85046	  63.89086
 412	 -86.015	  28.70059	  63.01054	  64.0498
 416	 -85.87585	  31.32747	  62.52882	  63.57156
 416	 -85.87585	  31.32747	  62.52882	  63.57156
 412	 -86.015	  28.70059	  63.01054	  64.0498
 417	 -86.60977	  31.52911	  62.62415	  63.66619
 416	 -85.87585	  31.32747	  62.52882	  63.57156
 417	 -86.60977	  31.52911	  62.62415	  63.66619
 421	 -86.75256	  33.79353	  62.09148	  63.13737
 421	 -86.75256	  33.79353	  62.09148	  63.13737
 417	 -86.60977	  31.52911	  62.62415	  63.66619
 422	 -87.42014	  33.8462	  62.15016	  63.19563
 421	 -86.75256	  33.79353	  62.09148	  63.13737
 422	 -87.42014	  33.8462	  62.15016	  63.19563
 426	 -86.89554	  36.13741	  61.91481	  62.96197
 426	 -86.89554	  36.13741	  61.91481	  62.96197
 422	 -87.42014	  33.8462	  62.15016	  63.19563
 427	 -87.49892	  36.05899	  61.92993	  62.977
 426	 -86.89554	  36.13741	  61.91481	  62.96197
 427	 -87.49892	  36.05899	  61.92993	  62.977
 431	 -87.04662	  38.32742	  61.76526	  62.8135
 431	 -87.04662	  38.32742	  61.76526	  62.8135
 427	 -87.49892	  36.05899	  61.92993	  62.977
 432	 -87.59927	  38.30586	  61.73125	  62.77973
 397	 -85.30658	  22.51012	  62.91435	  63.95431
 398	 -85.98242	  22.47152	  62.52258	  63.56536
 399	 -85.68443	  26.11334	  63.00778	  64.04705
 399	 -85.68443	  26.11334	  63.00778	  64.04705
 398	 -85.98242	  22.47152	  62.52258	  63.56536
 400	 -86.28658	  26.13928	  62.6174	  63.65949
 399	 -85.68443	  26.11334	  63.00778	  64.04705
 400	 -86.28658	  26.13928	  62.6174	  63.65949
 407	 -86.015	  28.70059	  63.01054	  64.0498
 407	 -86.015	  28.70059	  63.01054	  64.0498
 400	 -86.28658	  26.13928	  62.6174	  63.65949
 408	 -86.51385	  28.74635	  62.62512	  63.66715
 407	 -86.015	  28.70059	  63.01054	  64.0498
 408	 -86.51385	  28.74635	  62.62512	  63.66715
 413	 -86.60977	  31.52911	  62.62415	  63.66619
 413	 -86.60977	  31.52911	  62.62415	  63.66619
 408	 -86.51385	  28.74635	  62.62512	  63.66715
 414	 -86.93054	  31.55294	  62.25676	  63.30145
 413	 -86.60977	  31.52911	  62.62415	  63.66619
 414	 -86.93054	  31.55294	  62.25676	  63.30145
 418	 -87.42014	  33.8462	  62.15016	  63.19563
 418	 -87.42014	  33.8462	  62.15016	  63.19563
 414	 -86.93054	  31.55294	  62.25676	  63.30145
 419	 -87.57851	  33.89962	  61.79483	  62.84287
 418	 -87.42014	  33.8462	  62.15016	  63.19563
 419	 -87.57851	  33.89962	  61.79483	  62.84287
 423	 -87.49892	  36.05899	  61.92993	  62.977
 423	 -87.49892	  36.05899	  61.92993	  62.977
 419	 -87.57851	  33.89962	  61.79483	  62.84287
 424	 -87.5343	  36.06558	  61.58443	  62.63398
 423	 -87.49892	  36.05899	  61.92993	  62.977
 424	 -87.5343	  36.06558	  61.58443	  62.63398
 428	 -87.59927	  38.30586	  61.73125	  62.77973
 428	 -87.59927	  38.30586	  61.73125	  62.77973
 424	 -87.5343	  36.06558	  61.58443	  62.63398
 429	 -87.55219	  38.23644	  61.41159	  62.46239
 428	 -87.59927	  38.30586	  61.73125	  62.77973
 429	 -87.55219	  38.23644	  61.41159	  62.46239
 433	 -87.50534	  40.42557	  61.47427	  62.52462
 433	 -87.50534	  40.42557	  61.47427	  62.52462
 429	 -87.55219	  38.23644	  61.41159	  62.46239
 434	 -87.3849	  40.18428	  61.19254	  62.24493
 433	 -87.50534	  40.42557	  61.47427	  62.52462
 434	 -87.3849	  40.18428	  61.19254	  62.24493
 441	 -87.53022	  42.30217	  61.25949	  62.31139
 441	 -87.53022	  42.30217	  61.25949	  62.31139
 434	 -87.3849	  40.18428	  61.19254	  62.24493
 442	 -87.35541	  42.07834	  61.00745	  62.06118
 441	 -87.53022	  42.30217	  61.25949	  62.31139
 442	 -87.35541	  42.07834	  61.00745	  62.06118
 449	 -87.18121	  46.39582	  60.89922	  61.95373
 449	 -87.18121	  46.39582	  60.89922	  61.95373
 442	 -87.35541	  42.07834	  61.00745	  62.06118
 450	 -86.95618	  46.41683	  60.68146	  61.73754
 347	 -87.59059	  46.25438	  65.45764	  66.47921
 395	 -87.69286	  46.44487	  65.31177	  66.33439
 396	 -87.69757	  46.43824	  65.42114	  66.44297
 346	 -87.59668	  46.28593	  65.25125	  66.27431
 395	 -87.69286	  46.44487	  65.31177	  66.33439
 347	 -87.59059	  46.25438	  65.45764	  66.47921
 346	 -87.59668	  46.28593	  65.25125	  66.27431
 347	 -87.59059	  46.25438	  65.45764	  66.47921
 348	 -87.70637	  45.85867	  65.21941	  66.2427
 348	 -87.70637	  45.85867	  65.21941	  66.2427
 347	 -87.59059	  46.25438	  65.45764	  66.47921
 349	 -87.68393	  45.80914	  65.47865	  66.50007
 453	 -87.53022	  42.30217	  61.25949	  62.31139
 454	 -87.18121	  46.39582	  60.89922	  61.95373
 455	 -87.07867	  42.34592	  61.37402	  62.4251
 455	 -87.07867	  42.34592	  61.37402	  62.4251
 454	 -87.18121	  46.39582	  60.89922	  61.95373
 456	 -86.78082	  46.47143	  61.04248	  62.09595
 454	 -87.18121	  46.39582	  60.89922	  61.95373
 461	 -87.62366	  49.74653	  60.97166	  62.02566
 456	 -86.78082	  46.47143	  61.04248	  62.09595
 456	 -86.78082	  46.47143	  61.04248	  62.09595
 461	 -87.62366	  49.74653	  60.97166	  62.02566
 462	 -87.29542	  49.89837	  61.13193	  62.18475
 310	 -83.15146	  36.72035	  64.73254	  65.75935
 311	 -83.58728	  37.95889	  66.01891	  67.03642
 312	 -82.71205	  36.78544	  64.85658	  65.8825
 312	 -82.71205	  36.78544	  64.85658	  65.8825
 311	 -83.58728	  37.95889	  66.01891	  67.03642
 313	 -83.20464	  38.13712	  66.14305	  67.15968
 311	 -83.58728	  37.95889	  66.01891	  67.03642
 270	 -84.57896	  40.15154	  66.91098	  67.92205
 313	 -83.20464	  38.13712	  66.14305	  67.15968
 313	 -83.20464	  38.13712	  66.14305	  67.15968
 270	 -84.57896	  40.15154	  66.91098	  67.92205
 272	 -84.28145	  40.31436	  66.96748	  67.97814
 270	 -84.57896	  40.15154	  66.91098	  67.92205
 271	 -84.72356	  42.49306	  68.21062	  69.2123
 272	 -84.28145	  40.31436	  66.96748	  67.97814
 272	 -84.28145	  40.31436	  66.96748	  67.97814
 271	 -84.72356	  42.49306	  68.21062	  69.2123
 269	 -84.50473	  42.60836	  68.24355	  69.24499
 437	 -87.59927	  38.30586	  61.73125	  62.77973
 438	 -87.50534	  40.42557	  61.47427	  62.52462
 439	 -87.04662	  38.32742	  61.76526	  62.8135
 439	 -87.04662	  38.32742	  61.76526	  62.8135
 438	 -87.50534	  40.42557	  61.47427	  62.52462
 440	 -87.00621	  40.46513	  61.55072	  62.60052
