 1377	 -8.56201	 -1.12739	  82.05272	  82.95437
 1376	 -9.72461	 -1.42654	  81.51328	  82.41882
 1499	 -9.86427	 -2.05673	  80.49689	  81.40978
 1372	 -8.68323	 -1.84902	  81.06337	  81.97216
 1499	 -9.86427	 -2.05673	  80.49689	  81.40978
 1505	 -8.79796	 -2.43836	  80.03174	  80.94799
 1372	 -8.68323	 -1.84902	  81.06337	  81.97216
 1499	 -9.86427	 -2.05673	  80.49689	  81.40978
 1510	 -9.95511	 -2.55527	  79.453	  80.37345
 1505	 -8.79796	 -2.43836	  80.03174	  80.94799
 1510	 -9.95511	 -2.55527	  79.453	  80.37345
 1515	 -8.87454	 -2.88014	  78.97021	  79.89413
 1505	 -8.79796	 -2.43836	  80.03174	  80.94799
 1510	 -9.95511	 -2.55527	  79.453	  80.37345
 1519	 -10.00308	 -3.00026	  78.38251	  79.31068
 1515	 -8.87454	 -2.88014	  78.97021	  79.89413
 1519	 -10.00308	 -3.00026	  78.38251	  79.31068
 1524	 -8.89612	 -3.30785	  77.90416	  78.83578
 1515	 -8.87454	 -2.88014	  78.97021	  79.89413
 1519	 -10.00308	 -3.00026	  78.38251	  79.31068
 1527	 -9.90723	 -3.56993	  77.35457	  78.29017
 1524	 -8.89612	 -3.30785	  77.90416	  78.83578
 1522	 -11.02924	 -3.25074	  77.82384	  78.75605
 1527	 -9.90723	 -3.56993	  77.35457	  78.29017
 1519	 -10.00308	 -3.00026	  78.38251	  79.31068
 1514	 -11.0586	 -2.73382	  78.8584	  79.78313
 1522	 -11.02924	 -3.25074	  77.82384	  78.75605
 1519	 -10.00308	 -3.00026	  78.38251	  79.31068
 1517	 -12.07592	 -3.18567	  78.26071	  79.18975
 1522	 -11.02924	 -3.25074	  77.82384	  78.75605
 1514	 -11.0586	 -2.73382	  78.8584	  79.78313
 1509	 -12.06893	 -2.57321	  79.31204	  80.2335
 1517	 -12.07592	 -3.18567	  78.26071	  79.18975
 1514	 -11.0586	 -2.73382	  78.8584	  79.78313
 1509	 -12.06893	 -2.57321	  79.31204	  80.2335
 1514	 -11.0586	 -2.73382	  78.8584	  79.78313
 1504	 -11.00233	 -2.19755	  79.92387	  80.8409
 1497	 -12.03119	 -1.81001	  80.37886	  81.29259
 1509	 -12.06893	 -2.57321	  79.31204	  80.2335
 1504	 -11.00233	 -2.19755	  79.92387	  80.8409
 1497	 -12.03119	 -1.81001	  80.37886	  81.29259
 1504	 -11.00233	 -2.19755	  79.92387	  80.8409
 1495	 -10.89494	 -1.64337	  80.94928	  81.85891
 1495	 -10.89494	 -1.64337	  80.94928	  81.85891
 1496	 -11.93437	 -1.2266	  81.39957	  82.30595
 1497	 -12.03119	 -1.81001	  80.37886	  81.29259
 1495	 -10.89494	 -1.64337	  80.94928	  81.85891
 1476	 -10.78125	 -0.98272	  81.95389	  82.85625
 1496	 -11.93437	 -1.2266	  81.39957	  82.30595
 1392	 -4.23566	 -2.09329	  81.15366	  82.06179
 1381	 -4.26891	 -2.67006	  80.14651	  81.06194
 1393	 -3.14041	 -2.47124	  80.66605	  81.57771
 1380	 -5.36455	 -2.3293	  80.63947	  81.55134
 1381	 -4.26891	 -2.67006	  80.14651	  81.06194
 1392	 -4.23566	 -2.09329	  81.15366	  82.06179
 1384	 -5.31841	 -1.6877	  81.63266	  82.53735
 1380	 -5.36455	 -2.3293	  80.63947	  81.55134
 1392	 -4.23566	 -2.09329	  81.15366	  82.06179
 1375	 -6.45026	 -1.9573	  81.12392	  82.03228
 1380	 -5.36455	 -2.3293	  80.63947	  81.55134
 1384	 -5.31841	 -1.6877	  81.63266	  82.53735
 1383	 -6.3857	 -1.26327	  82.1001	  83.00141
 1375	 -6.45026	 -1.9573	  81.12392	  82.03228
 1384	 -5.31841	 -1.6877	  81.63266	  82.53735
 1374	 -7.51525	 -1.55384	  81.59698	  82.50191
 1375	 -6.45026	 -1.9573	  81.12392	  82.03228
 1383	 -6.3857	 -1.26327	  82.1001	  83.00141
 1382	 -7.44519	 -0.83411	  82.5504	  83.44845
 1374	 -7.51525	 -1.55384	  81.59698	  82.50191
 1383	 -6.3857	 -1.26327	  82.1001	  83.00141
 1377	 -8.56201	 -1.12739	  82.05272	  82.95437
 1374	 -7.51525	 -1.55384	  81.59698	  82.50191
 1382	 -7.44519	 -0.83411	  82.5504	  83.44845
 1382	 -7.44519	 -0.83411	  82.5504	  83.44845
 1477	 -8.52155	 -0.40611	  82.98434	  83.87925
 1377	 -8.56201	 -1.12739	  82.05272	  82.95437
 1377	 -8.56201	 -1.12739	  82.05272	  82.95437
 1477	 -8.52155	 -0.40611	  82.98434	  83.87925
 1475	 -9.63865	 -0.69728	  82.48135	  83.37991
 1742	 -9.63813	  0.04221	  83.43849	  84.33012
 1475	 -9.63865	 -0.69728	  82.48135	  83.37991
 1477	 -8.52155	 -0.40611	  82.98434	  83.87925
 1741	 -10.76558	 -0.21762	  82.93253	  83.82783
 1475	 -9.63865	 -0.69728	  82.48135	  83.37991
 1742	 -9.63813	  0.04221	  83.43849	  84.33012
 1741	 -10.76558	 -0.21762	  82.93253	  83.82783
 1476	 -10.78125	 -0.98272	  81.95389	  82.85625
 1475	 -9.63865	 -0.69728	  82.48135	  83.37991
 1376	 -9.72461	 -1.42654	  81.51328	  82.41882
 1475	 -9.63865	 -0.69728	  82.48135	  83.37991
 1476	 -10.78125	 -0.98272	  81.95389	  82.85625
 1376	 -9.72461	 -1.42654	  81.51328	  82.41882
 1476	 -10.78125	 -0.98272	  81.95389	  82.85625
 1495	 -10.89494	 -1.64337	  80.94928	  81.85891
 1495	 -10.89494	 -1.64337	  80.94928	  81.85891
 1499	 -9.86427	 -2.05673	  80.49689	  81.40978
 1376	 -9.72461	 -1.42654	  81.51328	  82.41882
 1495	 -10.89494	 -1.64337	  80.94928	  81.85891
 1504	 -11.00233	 -2.19755	  79.92387	  80.8409
 1499	 -9.86427	 -2.05673	  80.49689	  81.40978
 1504	 -11.00233	 -2.19755	  79.92387	  80.8409
 1510	 -9.95511	 -2.55527	  79.453	  80.37345
 1499	 -9.86427	 -2.05673	  80.49689	  81.40978
 1504	 -11.00233	 -2.19755	  79.92387	  80.8409
 1514	 -11.0586	 -2.73382	  78.8584	  79.78313
 1510	 -9.95511	 -2.55527	  79.453	  80.37345
 1514	 -11.0586	 -2.73382	  78.8584	  79.78313
 1519	 -10.00308	 -3.00026	  78.38251	  79.31068
 1510	 -9.95511	 -2.55527	  79.453	  80.37345
 1743	 -11.89136	 -0.49194	  82.41232	  83.31136
 1496	 -11.93437	 -1.2266	  81.39957	  82.30595
 1476	 -10.78125	 -0.98272	  81.95389	  82.85625
 1743	 -11.89136	 -0.49194	  82.41232	  83.31136
 1476	 -10.78125	 -0.98272	  81.95389	  82.85625
 1741	 -10.76558	 -0.21762	  82.93253	  83.82783
 1759	 -11.9321	  0.33351	  83.42006	  84.31182
 1743	 -11.89136	 -0.49194	  82.41232	  83.31136
 1741	 -10.76558	 -0.21762	  82.93253	  83.82783
 1759	 -11.9321	  0.33351	  83.42006	  84.31182
 1741	 -10.76558	 -0.21762	  82.93253	  83.82783
 1772	 -10.80256	  0.55102	  83.93079	  84.81886
 1772	 -10.80256	  0.55102	  83.93079	  84.81886
 1741	 -10.76558	 -0.21762	  82.93253	  83.82783
 1742	 -9.63813	  0.04221	  83.43849	  84.33012
 1772	 -10.80256	  0.55102	  83.93079	  84.81886
 1742	 -9.63813	  0.04221	  83.43849	  84.33012
 1773	 -9.65864	  0.71457	  84.46182	  85.34606
 1773	 -9.65864	  0.71457	  84.46182	  85.34606
 1742	 -9.63813	  0.04221	  83.43849	  84.33012
 1732	 -8.50539	  0.24799	  83.96785	  84.85566
 1742	 -9.63813	  0.04221	  83.43849	  84.33012
 1477	 -8.52155	 -0.40611	  82.98434	  83.87925
 1732	 -8.50539	  0.24799	  83.96785	  84.85566
 1732	 -8.50539	  0.24799	  83.96785	  84.85566
 1477	 -8.52155	 -0.40611	  82.98434	  83.87925
 1478	 -7.40414	 -0.185	  83.51129	  84.40241
 1382	 -7.44519	 -0.83411	  82.5504	  83.44845
 1478	 -7.40414	 -0.185	  83.51129	  84.40241
 1477	 -8.52155	 -0.40611	  82.98434	  83.87925
 1387	 -6.33416	 -0.60569	  83.06519	  83.95951
 1478	 -7.40414	 -0.185	  83.51129	  84.40241
 1382	 -7.44519	 -0.83411	  82.5504	  83.44845
 1382	 -7.44519	 -0.83411	  82.5504	  83.44845
 1383	 -6.3857	 -1.26327	  82.1001	  83.00141
 1387	 -6.33416	 -0.60569	  83.06519	  83.95951
 1387	 -6.33416	 -0.60569	  83.06519	  83.95951
 1383	 -6.3857	 -1.26327	  82.1001	  83.00141
 1385	 -5.27458	 -1.03378	  82.61134	  83.50896
 1383	 -6.3857	 -1.26327	  82.1001	  83.00141
 1384	 -5.31841	 -1.6877	  81.63266	  82.53735
 1385	 -5.27458	 -1.03378	  82.61134	  83.50896
 1385	 -5.27458	 -1.03378	  82.61134	  83.50896
 1384	 -5.31841	 -1.6877	  81.63266	  82.53735
 1386	 -4.20876	 -1.46021	  82.14478	  83.04575
 1384	 -5.31841	 -1.6877	  81.63266	  82.53735
 1392	 -4.23566	 -2.09329	  81.15366	  82.06179
 1386	 -4.20876	 -1.46021	  82.14478	  83.04575
 1386	 -4.20876	 -1.46021	  82.14478	  83.04575
 1392	 -4.23566	 -2.09329	  81.15366	  82.06179
 1394	 -3.12808	 -1.88259	  81.66794	  82.57236
 1392	 -4.23566	 -2.09329	  81.15366	  82.06179
 1393	 -3.14041	 -2.47124	  80.66605	  81.57771
 1394	 -3.12808	 -1.88259	  81.66794	  82.57236
 1394	 -3.12808	 -1.88259	  81.66794	  82.57236
 1393	 -3.14041	 -2.47124	  80.66605	  81.57771
 1395	 -2.03257	 -2.27498	  81.18213	  82.09008
 1460	 -3.11611	 -1.21439	  82.66321	  83.56045
 1394	 -3.12808	 -1.88259	  81.66794	  82.57236
 1467	 -2.04295	 -1.63529	  82.18225	  83.08297
 1386	 -4.20876	 -1.46021	  82.14478	  83.04575
 1394	 -3.12808	 -1.88259	  81.66794	  82.57236
 1460	 -3.11611	 -1.21439	  82.66321	  83.56045
 1459	 -4.17868	 -0.8133	  83.13467	  84.02851
 1386	 -4.20876	 -1.46021	  82.14478	  83.04575
 1460	 -3.11611	 -1.21439	  82.66321	  83.56045
 1385	 -5.27458	 -1.03378	  82.61134	  83.50896
 1386	 -4.20876	 -1.46021	  82.14478	  83.04575
 1459	 -4.17868	 -0.8133	  83.13467	  84.02851
 1458	 -5.23801	 -0.4335	  83.59802	  84.4885
 1385	 -5.27458	 -1.03378	  82.61134	  83.50896
 1459	 -4.17868	 -0.8133	  83.13467	  84.02851
 1387	 -6.33416	 -0.60569	  83.06519	  83.95951
 1385	 -5.27458	 -1.03378	  82.61134	  83.50896
 1458	 -5.23801	 -0.4335	  83.59802	  84.4885
 1458	 -5.23801	 -0.4335	  83.59802	  84.4885
 1479	 -6.29698	 -0.05721	  84.06139	  84.94852
 1387	 -6.33416	 -0.60569	  83.06519	  83.95951
 1387	 -6.33416	 -0.60569	  83.06519	  83.95951
 1479	 -6.29698	 -0.05721	  84.06139	  84.94852
 1478	 -7.40414	 -0.185	  83.51129	  84.40241
 1733	 -7.38593	  0.30656	  84.53519	  85.41889
 1478	 -7.40414	 -0.185	  83.51129	  84.40241
 1479	 -6.29698	 -0.05721	  84.06139	  84.94852
 1732	 -8.50539	  0.24799	  83.96785	  84.85566
 1478	 -7.40414	 -0.185	  83.51129	  84.40241
 1733	 -7.38593	  0.30656	  84.53519	  85.41889
 1806	 -8.52007	  0.66678	  85.03889	  85.91897
 1732	 -8.50539	  0.24799	  83.96785	  84.85566
 1733	 -7.38593	  0.30656	  84.53519	  85.41889
 1773	 -9.65864	  0.71457	  84.46182	  85.34606
 1732	 -8.50539	  0.24799	  83.96785	  84.85566
 1806	 -8.52007	  0.66678	  85.03889	  85.91897
 1805	 -9.67921	  1.04617	  85.58984	  86.46593
 1773	 -9.65864	  0.71457	  84.46182	  85.34606
 1806	 -8.52007	  0.66678	  85.03889	  85.91897
 1771	 -10.85293	  1.23599	  85.00552	  85.88584
 1773	 -9.65864	  0.71457	  84.46182	  85.34606
 1805	 -9.67921	  1.04617	  85.58984	  86.46593
 1771	 -10.85293	  1.23599	  85.00552	  85.88584
 1772	 -10.80256	  0.55102	  83.93079	  84.81886
 1773	 -9.65864	  0.71457	  84.46182	  85.34606
 1769	 -12.00968	  1.12183	  84.46486	  85.34907
 1772	 -10.80256	  0.55102	  83.93079	  84.81886
 1771	 -10.85293	  1.23599	  85.00552	  85.88584
 1769	 -12.00968	  1.12183	  84.46486	  85.34907
 1759	 -11.9321	  0.33351	  83.42006	  84.31182
 1772	 -10.80256	  0.55102	  83.93079	  84.81886
 1757	 -13.14239	  0.93419	  83.94478	  84.83276
 1759	 -11.9321	  0.33351	  83.42006	  84.31182
 1769	 -12.00968	  1.12183	  84.46486	  85.34907
 1454	 -0.97967	 -1.22564	  82.69737	  83.59435
 1468	 -0.94675	 -2.00688	  81.69533	  82.59956
 1455	  0.11905	 -1.60074	  82.20973	  83.11024
 1467	 -2.04295	 -1.63529	  82.18225	  83.08297
 1468	 -0.94675	 -2.00688	  81.69533	  82.59956
 1454	 -0.97967	 -1.22564	  82.69737	  83.59435
 1449	 -2.03727	 -0.82471	  83.18642	  84.07987
 1467	 -2.04295	 -1.63529	  82.18225	  83.08297
 1454	 -0.97967	 -1.22564	  82.69737	  83.59435
 1460	 -3.11611	 -1.21439	  82.66321	  83.56045
 1467	 -2.04295	 -1.63529	  82.18225	  83.08297
 1449	 -2.03727	 -0.82471	  83.18642	  84.07987
 1448	 -3.09125	 -0.47753	  83.66724	  84.55723
 1460	 -3.11611	 -1.21439	  82.66321	  83.56045
 1449	 -2.03727	 -0.82471	  83.18642	  84.07987
 1459	 -4.17868	 -0.8133	  83.13467	  84.02851
 1460	 -3.11611	 -1.21439	  82.66321	  83.56045
 1448	 -3.09125	 -0.47753	  83.66724	  84.55723
 1444	 -4.15187	 -0.19322	  84.14011	  85.02668
 1459	 -4.17868	 -0.8133	  83.13467	  84.02851
 1448	 -3.09125	 -0.47753	  83.66724	  84.55723
 1458	 -5.23801	 -0.4335	  83.59802	  84.4885
 1459	 -4.17868	 -0.8133	  83.13467	  84.02851
 1444	 -4.15187	 -0.19322	  84.14011	  85.02668
 1444	 -4.15187	 -0.19322	  84.14011	  85.02668
 1445	 -5.20576	  0.1023	  84.61794	  85.50105
 1458	 -5.23801	 -0.4335	  83.59802	  84.4885
 1458	 -5.23801	 -0.4335	  83.59802	  84.4885
 1445	 -5.20576	  0.1023	  84.61794	  85.50105
 1479	 -6.29698	 -0.05721	  84.06139	  84.94852
 1734	 -6.2787	  0.34582	  85.10785	  85.98742
 1479	 -6.29698	 -0.05721	  84.06139	  84.94852
 1445	 -5.20576	  0.1023	  84.61794	  85.50105
 1733	 -7.38593	  0.30656	  84.53519	  85.41889
 1479	 -6.29698	 -0.05721	  84.06139	  84.94852
 1734	 -6.2787	  0.34582	  85.10785	  85.98742
 1799	 -7.37796	  0.5279	  85.62566	  86.50149
 1733	 -7.38593	  0.30656	  84.53519	  85.41889
 1734	 -6.2787	  0.34582	  85.10785	  85.98742
 1806	 -8.52007	  0.66678	  85.03889	  85.91897
 1733	 -7.38593	  0.30656	  84.53519	  85.41889
 1799	 -7.37796	  0.5279	  85.62566	  86.50149
 1794	 -8.47988	  0.6394	  86.19159	  87.06333
 1806	 -8.52007	  0.66678	  85.03889	  85.91897
 1799	 -7.37796	  0.5279	  85.62566	  86.50149
 1805	 -9.67921	  1.04617	  85.58984	  86.46593
 1806	 -8.52007	  0.66678	  85.03889	  85.91897
 1794	 -8.47988	  0.6394	  86.19159	  87.06333
 1793	 -9.53505	  0.64138	  86.82663	  87.69378
 1805	 -9.67921	  1.04617	  85.58984	  86.46593
 1794	 -8.47988	  0.6394	  86.19159	  87.06333
 1804	 -10.80929	  1.23034	  86.21402	  87.08559
 1805	 -9.67921	  1.04617	  85.58984	  86.46593
 1793	 -9.53505	  0.64138	  86.82663	  87.69378
 1442	 -3.10574	  0.32827	  84.67134	  85.55405
 1443	 -4.16096	  0.54404	  85.15427	  86.0335
 1444	 -4.15187	 -0.19322	  84.14011	  85.02668
 1444	 -4.15187	 -0.19322	  84.14011	  85.02668
 1443	 -4.16096	  0.54404	  85.15427	  86.0335
 1445	 -5.20576	  0.1023	  84.61794	  85.50105
 1735	 -5.2186	  0.6969	  85.65231	  86.52795
 1445	 -5.20576	  0.1023	  84.61794	  85.50105
 1443	 -4.16096	  0.54404	  85.15427	  86.0335
 1734	 -6.2787	  0.34582	  85.10785	  85.98742
 1445	 -5.20576	  0.1023	  84.61794	  85.50105
 1735	 -5.2186	  0.6969	  85.65231	  86.52795
 1797	 -6.27547	  0.78701	  86.18359	  87.05538
 1734	 -6.2787	  0.34582	  85.10785	  85.98742
 1735	 -5.2186	  0.6969	  85.65231	  86.52795
 1799	 -7.37796	  0.5279	  85.62566	  86.50149
 1734	 -6.2787	  0.34582	  85.10785	  85.98742
 1797	 -6.27547	  0.78701	  86.18359	  87.05538
 1795	 -7.3044	  0.81724	  86.76846	  87.63604
 1799	 -7.37796	  0.5279	  85.62566	  86.50149
 1797	 -6.27547	  0.78701	  86.18359	  87.05538
 1794	 -8.47988	  0.6394	  86.19159	  87.06333
 1799	 -7.37796	  0.5279	  85.62566	  86.50149
 1795	 -7.3044	  0.81724	  86.76846	  87.63604
 1792	 -8.27744	  0.57494	  87.41241	  88.27534
 1794	 -8.47988	  0.6394	  86.19159	  87.06333
 1795	 -7.3044	  0.81724	  86.76846	  87.63604
 1793	 -9.53505	  0.64138	  86.82663	  87.69378
 1794	 -8.47988	  0.6394	  86.19159	  87.06333
 1792	 -8.27744	  0.57494	  87.41241	  88.27534
 1792	 -8.27744	  0.57494	  87.41241	  88.27534
 1789	 -10.53006	  0.53145	  87.52155	  88.38367
 1793	 -9.53505	  0.64138	  86.82663	  87.69378
 1789	 -10.53006	  0.53145	  87.52155	  88.38367
 1804	 -10.80929	  1.23034	  86.21402	  87.08559
 1793	 -9.53505	  0.64138	  86.82663	  87.69378
 1803	 -11.90049	  1.20166	  86.88887	  87.75558
 1804	 -10.80929	  1.23034	  86.21402	  87.08559
 1789	 -10.53006	  0.53145	  87.52155	  88.38367
 1803	 -11.90049	  1.20166	  86.88887	  87.75558
 1770	 -12.06204	  1.72311	  85.59502	  86.47106
 1804	 -10.80929	  1.23034	  86.21402	  87.08559
 1767	 -13.25342	  1.81852	  86.23865	  87.11005
 1770	 -12.06204	  1.72311	  85.59502	  86.47106
 1803	 -11.90049	  1.20166	  86.88887	  87.75558
 1767	 -13.25342	  1.81852	  86.23865	  87.11005
 1768	 -13.24581	  1.61809	  85.03772	  85.91779
 1770	 -12.06204	  1.72311	  85.59502	  86.47106
 1765	 -14.49667	  1.78408	  85.64211	  86.51781
 1768	 -13.24581	  1.61809	  85.03772	  85.91779
 1767	 -13.25342	  1.81852	  86.23865	  87.11005
 1765	 -14.49667	  1.78408	  85.64211	  86.51781
 1756	 -14.39129	  1.46551	  84.50102	  85.38497
 1768	 -13.24581	  1.61809	  85.03772	  85.91779
 1764	 -15.77364	  1.55873	  86.24904	  87.12035
 1753	 -15.67152	  1.74713	  85.07977	  85.95956
 1765	 -14.49667	  1.78408	  85.64211	  86.51781
 1764	 -15.77364	  1.55873	  86.24904	  87.12035
 1765	 -14.49667	  1.78408	  85.64211	  86.51781
 1766	 -14.43739	  1.45653	  86.89952	  87.76614
 1766	 -14.43739	  1.45653	  86.89952	  87.76614
 1765	 -14.49667	  1.78408	  85.64211	  86.51781
 1767	 -13.25342	  1.81852	  86.23865	  87.11005
 1442	 -3.10574	  0.32827	  84.67134	  85.55405
 1441	 -3.23728	  1.40365	  85.62668	  86.50249
 1443	 -4.16096	  0.54404	  85.15427	  86.0335
 1736	 -4.28671	  1.54742	  86.12228	  86.99453
 1443	 -4.16096	  0.54404	  85.15427	  86.0335
 1441	 -3.23728	  1.40365	  85.62668	  86.50249
 1735	 -5.2186	  0.6969	  85.65231	  86.52795
 1443	 -4.16096	  0.54404	  85.15427	  86.0335
 1736	 -4.28671	  1.54742	  86.12228	  86.99453
 1798	 -5.30916	  1.65134	  86.66214	  87.53048
 1735	 -5.2186	  0.6969	  85.65231	  86.52795
 1736	 -4.28671	  1.54742	  86.12228	  86.99453
 1797	 -6.27547	  0.78701	  86.18359	  87.05538
 1735	 -5.2186	  0.6969	  85.65231	  86.52795
 1798	 -5.30916	  1.65134	  86.66214	  87.53048
 1796	 -6.27089	  1.61431	  87.26323	  88.12724
 1797	 -6.27547	  0.78701	  86.18359	  87.05538
 1798	 -5.30916	  1.65134	  86.66214	  87.53048
 1795	 -7.3044	  0.81724	  86.76846	  87.63604
 1797	 -6.27547	  0.78701	  86.18359	  87.05538
 1796	 -6.27089	  1.61431	  87.26323	  88.12724
 1791	 -7.12985	  1.30679	  87.93878	  88.79789
 1795	 -7.3044	  0.81724	  86.76846	  87.63604
 1796	 -6.27089	  1.61431	  87.26323	  88.12724
 1792	 -8.27744	  0.57494	  87.41241	  88.27534
 1795	 -7.3044	  0.81724	  86.76846	  87.63604
 1791	 -7.12985	  1.30679	  87.93878	  88.79789
 1791	 -7.12985	  1.30679	  87.93878	  88.79789
 1788	 -9.20178	  0.37854	  88.1132	  88.97106
 1792	 -8.27744	  0.57494	  87.41241	  88.27534
 1788	 -9.20178	  0.37854	  88.1132	  88.97106
 1789	 -10.53006	  0.53145	  87.52155	  88.38367
 1792	 -8.27744	  0.57494	  87.41241	  88.27534
 1788	 -9.20178	  0.37854	  88.1132	  88.97106
 1787	 -11.52614	  0.27912	  88.23845	  89.09539
 1789	 -10.53006	  0.53145	  87.52155	  88.38367
 1787	 -11.52614	  0.27912	  88.23845	  89.09539
 1802	 -12.97638	  0.91213	  87.59142	  88.45304
 1789	 -10.53006	  0.53145	  87.52155	  88.38367
 1780	 -12.57875	 -0.1238	  88.94287	  89.79473
 1802	 -12.97638	  0.91213	  87.59142	  88.45304
 1787	 -11.52614	  0.27912	  88.23845	  89.09539
 1801	 -14.09267	  0.38029	  88.27565	  89.13232
 1802	 -12.97638	  0.91213	  87.59142	  88.45304
 1780	 -12.57875	 -0.1238	  88.94287	  89.79473
 1779	 -13.71002	 -0.60554	  89.6178	  90.46478
 1801	 -14.09267	  0.38029	  88.27565	  89.13232
 1780	 -12.57875	 -0.1238	  88.94287	  89.79473
 1800	 -15.25677	 -0.22449	  88.93719	  89.7891
 1801	 -14.09267	  0.38029	  88.27565	  89.13232
 1779	 -13.71002	 -0.60554	  89.6178	  90.46478
 1800	 -15.25677	 -0.22449	  88.93719	  89.7891
 1763	 -15.66939	  0.80854	  87.52689	  88.38897
 1801	 -14.09267	  0.38029	  88.27565	  89.13232
 1790	 -7.94027	  1.00504	  88.66121	  89.5151
 1788	 -9.20178	  0.37854	  88.1132	  88.97106
 1791	 -7.12985	  1.30679	  87.93878	  88.79789
 1790	 -7.94027	  1.00504	  88.66121	  89.5151
 1785	 -10.10967	  0.05258	  88.84782	  89.70037
 1788	 -9.20178	  0.37854	  88.1132	  88.97106
 1785	 -10.10967	  0.05258	  88.84782	  89.70037
 1787	 -11.52614	  0.27912	  88.23845	  89.09539
 1788	 -9.20178	  0.37854	  88.1132	  88.97106
 1782	 -11.09227	 -0.29	  89.57602	  90.4233
 1787	 -11.52614	  0.27912	  88.23845	  89.09539
 1785	 -10.10967	  0.05258	  88.84782	  89.70037
 1780	 -12.57875	 -0.1238	  88.94287	  89.79473
 1787	 -11.52614	  0.27912	  88.23845	  89.09539
 1782	 -11.09227	 -0.29	  89.57602	  90.4233
 1781	 -12.17171	 -0.67332	  90.27802	  91.12023
 1780	 -12.57875	 -0.1238	  88.94287	  89.79473
 1782	 -11.09227	 -0.29	  89.57602	  90.4233
 1779	 -13.71002	 -0.60554	  89.6178	  90.46478
 1780	 -12.57875	 -0.1238	  88.94287	  89.79473
 1781	 -12.17171	 -0.67332	  90.27802	  91.12023
 1781	 -12.17171	 -0.67332	  90.27802	  91.12023
 1782	 -11.09227	 -0.29	  89.57602	  90.4233
 1783	 -10.7001	 -0.10364	  90.89719	  91.73492
 1783	 -10.7001	 -0.10364	  90.89719	  91.73492
 1782	 -11.09227	 -0.29	  89.57602	  90.4233
 1784	 -9.67748	  0.22885	  90.16289	  91.00593
 1782	 -11.09227	 -0.29	  89.57602	  90.4233
 1785	 -10.10967	  0.05258	  88.84782	  89.70037
 1784	 -9.67748	  0.22885	  90.16289	  91.00593
 1784	 -9.67748	  0.22885	  90.16289	  91.00593
 1785	 -10.10967	  0.05258	  88.84782	  89.70037
 1786	 -8.76504	  0.58694	  89.41026	  90.25875
 1786	 -8.76504	  0.58694	  89.41026	  90.25875
 1785	 -10.10967	  0.05258	  88.84782	  89.70037
 1790	 -7.94027	  1.00504	  88.66121	  89.5151
 1777	 -18.77622	 -2.323	  81.02827	  81.93732
 1744	 -17.52852	 -2.4307	  80.52328	  81.43598
 1778	 -17.6679	 -1.22545	  81.68019	  82.58453
 1811	 -18.94268	 -1.16047	  82.20712	  83.10766
 1777	 -18.77622	 -2.323	  81.02827	  81.93732
 1778	 -17.6679	 -1.22545	  81.68019	  82.58453
 1811	 -18.94268	 -1.16047	  82.20712	  83.10766
 1778	 -17.6679	 -1.22545	  81.68019	  82.58453
 1814	 -17.7876	  0.24808	  82.83099	  83.72703
 1819	 -19.08838	  0.15878	  83.38275	  84.27479
 1811	 -18.94268	 -1.16047	  82.20712	  83.10766
 1814	 -17.7876	  0.24808	  82.83099	  83.72703
 1819	 -19.08838	  0.15878	  83.38275	  84.27479
 1814	 -17.7876	  0.24808	  82.83099	  83.72703
 1823	 -17.93188	  1.31021	  83.9789	  84.86662
 1828	 -19.23858	  1.40675	  84.56239	  85.44592
 1819	 -19.08838	  0.15878	  83.38275	  84.27479
 1823	 -17.93188	  1.31021	  83.9789	  84.86662
 1828	 -19.23858	  1.40675	  84.56239	  85.44592
 1823	 -17.93188	  1.31021	  83.9789	  84.86662
 1750	 -18.11351	  1.60941	  85.11632	  85.99583
 1747	 -19.43288	  1.24891	  85.68916	  86.56452
 1828	 -19.23858	  1.40675	  84.56239	  85.44592
 1750	 -18.11351	  1.60941	  85.11632	  85.99583
 1747	 -19.43288	  1.24891	  85.68916	  86.56452
 1750	 -18.11351	  1.60941	  85.11632	  85.99583
 1749	 -18.31749	  1.14139	  86.23714	  87.10854
 1749	 -18.31749	  1.14139	  86.23714	  87.10854
 1750	 -18.11351	  1.60941	  85.11632	  85.99583
 1752	 -16.98098	  1.63494	  85.66687	  86.54241
 1749	 -18.31749	  1.14139	  86.23714	  87.10854
 1752	 -16.98098	  1.63494	  85.66687	  86.54241
 1761	 -17.11534	  1.01268	  86.81554	  87.68278
 1761	 -17.11534	  1.01268	  86.81554	  87.68278
 1752	 -16.98098	  1.63494	  85.66687	  86.54241
 1764	 -15.77364	  1.55873	  86.24904	  87.12035
 1761	 -17.11534	  1.01268	  86.81554	  87.68278
 1764	 -15.77364	  1.55873	  86.24904	  87.12035
 1763	 -15.66939	  0.80854	  87.52689	  88.38897
 1763	 -15.66939	  0.80854	  87.52689	  88.38897
 1764	 -15.77364	  1.55873	  86.24904	  87.12035
 1766	 -14.43739	  1.45653	  86.89952	  87.76614
 1763	 -15.66939	  0.80854	  87.52689	  88.38897
 1766	 -14.43739	  1.45653	  86.89952	  87.76614
 1801	 -14.09267	  0.38029	  88.27565	  89.13232
 1801	 -14.09267	  0.38029	  88.27565	  89.13232
 1766	 -14.43739	  1.45653	  86.89952	  87.76614
 1802	 -12.97638	  0.91213	  87.59142	  88.45304
 1766	 -14.43739	  1.45653	  86.89952	  87.76614
 1767	 -13.25342	  1.81852	  86.23865	  87.11005
 1802	 -12.97638	  0.91213	  87.59142	  88.45304
 1802	 -12.97638	  0.91213	  87.59142	  88.45304
 1767	 -13.25342	  1.81852	  86.23865	  87.11005
 1803	 -11.90049	  1.20166	  86.88887	  87.75558
 1789	 -10.53006	  0.53145	  87.52155	  88.38367
 1802	 -12.97638	  0.91213	  87.59142	  88.45304
 1803	 -11.90049	  1.20166	  86.88887	  87.75558
 1739	 -17.36713	 -3.4497	  79.33667	  80.25794
 1151	 -17.22226	 -3.86136	  78.15253	  79.08236
 1501	 -16.22968	 -3.54877	  78.86427	  79.78896
 1739	 -17.36713	 -3.4497	  79.33667	  80.25794
 1501	 -16.22968	 -3.54877	  78.86427	  79.78896
 1737	 -16.34318	 -2.68297	  80.0481	  80.96423
 1744	 -17.52852	 -2.4307	  80.52328	  81.43598
 1739	 -17.36713	 -3.4497	  79.33667	  80.25794
 1737	 -16.34318	 -2.68297	  80.0481	  80.96423
 1744	 -17.52852	 -2.4307	  80.52328	  81.43598
 1737	 -16.34318	 -2.68297	  80.0481	  80.96423
 1745	 -16.44185	 -1.43567	  81.17543	  82.08341
 1778	 -17.6679	 -1.22545	  81.68019	  82.58453
 1744	 -17.52852	 -2.4307	  80.52328	  81.43598
 1745	 -16.44185	 -1.43567	  81.17543	  82.08341
 1778	 -17.6679	 -1.22545	  81.68019	  82.58453
 1745	 -16.44185	 -1.43567	  81.17543	  82.08341
 1809	 -16.528	 -0.16094	  82.29842	  83.1983
 1814	 -17.7876	  0.24808	  82.83099	  83.72703
 1778	 -17.6679	 -1.22545	  81.68019	  82.58453
 1809	 -16.528	 -0.16094	  82.29842	  83.1983
 1814	 -17.7876	  0.24808	  82.83099	  83.72703
 1809	 -16.528	 -0.16094	  82.29842	  83.1983
 1818	 -16.64142	  0.96249	  83.41524	  84.30703
 1823	 -17.93188	  1.31021	  83.9789	  84.86662
 1814	 -17.7876	  0.24808	  82.83099	  83.72703
 1818	 -16.64142	  0.96249	  83.41524	  84.30703
 1823	 -17.93188	  1.31021	  83.9789	  84.86662
 1818	 -16.64142	  0.96249	  83.41524	  84.30703
 1751	 -16.80088	  1.66281	  84.53543	  85.41914
 1750	 -18.11351	  1.60941	  85.11632	  85.99583
 1823	 -17.93188	  1.31021	  83.9789	  84.86662
 1751	 -16.80088	  1.66281	  84.53543	  85.41914
 1750	 -18.11351	  1.60941	  85.11632	  85.99583
 1751	 -16.80088	  1.66281	  84.53543	  85.41914
 1752	 -16.98098	  1.63494	  85.66687	  86.54241
 1752	 -16.98098	  1.63494	  85.66687	  86.54241
 1753	 -15.67152	  1.74713	  85.07977	  85.95956
 1764	 -15.77364	  1.55873	  86.24904	  87.12035
 1752	 -16.98098	  1.63494	  85.66687	  86.54241
 1751	 -16.80088	  1.66281	  84.53543	  85.41914
 1753	 -15.67152	  1.74713	  85.07977	  85.95956
 1751	 -16.80088	  1.66281	  84.53543	  85.41914
 1754	 -15.51169	  1.31634	  83.96609	  84.85392
 1753	 -15.67152	  1.74713	  85.07977	  85.95956
 1751	 -16.80088	  1.66281	  84.53543	  85.41914
 1818	 -16.64142	  0.96249	  83.41524	  84.30703
 1754	 -15.51169	  1.31634	  83.96609	  84.85392
 1818	 -16.64142	  0.96249	  83.41524	  84.30703
 1813	 -15.38551	  0.40422	  82.8764	  83.7721
 1754	 -15.51169	  1.31634	  83.96609	  84.85392
 1818	 -16.64142	  0.96249	  83.41524	  84.30703
 1809	 -16.528	 -0.16094	  82.29842	  83.1983
 1813	 -15.38551	  0.40422	  82.8764	  83.7721
 1809	 -16.528	 -0.16094	  82.29842	  83.1983
 1776	 -15.31275	 -0.62646	  81.78647	  82.69004
 1813	 -15.38551	  0.40422	  82.8764	  83.7721
 1809	 -16.528	 -0.16094	  82.29842	  83.1983
 1745	 -16.44185	 -1.43567	  81.17543	  82.08341
 1776	 -15.31275	 -0.62646	  81.78647	  82.69004
 1745	 -16.44185	 -1.43567	  81.17543	  82.08341
 1738	 -15.2764	 -1.72609	  80.69502	  81.60648
 1776	 -15.31275	 -0.62646	  81.78647	  82.69004
 1745	 -16.44185	 -1.43567	  81.17543	  82.08341
 1737	 -16.34318	 -2.68297	  80.0481	  80.96423
 1738	 -15.2764	 -1.72609	  80.69502	  81.60648
 1737	 -16.34318	 -2.68297	  80.0481	  80.96423
 1507	 -15.22097	 -2.8399	  79.56891	  80.48852
 1738	 -15.2764	 -1.72609	  80.69502	  81.60648
 1737	 -16.34318	 -2.68297	  80.0481	  80.96423
 1501	 -16.22968	 -3.54877	  78.86427	  79.78896
 1507	 -15.22097	 -2.8399	  79.56891	  80.48852
 1500	 -15.12717	 -3.73236	  78.41051	  79.33848
 1507	 -15.22097	 -2.8399	  79.56891	  80.48852
 1501	 -16.22968	 -3.54877	  78.86427	  79.78896
 1151	 -17.22226	 -3.86136	  78.15253	  79.08236
 1500	 -15.12717	 -3.73236	  78.41051	  79.33848
 1501	 -16.22968	 -3.54877	  78.86427	  79.78896
 1150	 -16.07887	 -4.38432	  77.67523	  78.60851
 1500	 -15.12717	 -3.73236	  78.41051	  79.33848
 1151	 -17.22226	 -3.86136	  78.15253	  79.08236
 1150	 -16.07887	 -4.38432	  77.67523	  78.60851
 1151	 -17.22226	 -3.86136	  78.15253	  79.08236
 1152	 -17.07509	 -3.94124	  77.00162	  77.93977
 1152	 -17.07509	 -3.94124	  77.00162	  77.93977
 1160	 -15.94909	 -4.31001	  76.54631	  77.48775
 1150	 -16.07887	 -4.38432	  77.67523	  78.60851
 1152	 -17.07509	 -3.94124	  77.00162	  77.93977
 1165	 -16.92669	 -3.47245	  75.90578	  76.85184
 1160	 -15.94909	 -4.31001	  76.54631	  77.48775
 1753	 -15.67152	  1.74713	  85.07977	  85.95956
 1756	 -14.39129	  1.46551	  84.50102	  85.38497
 1765	 -14.49667	  1.78408	  85.64211	  86.51781
 1753	 -15.67152	  1.74713	  85.07977	  85.95956
 1754	 -15.51169	  1.31634	  83.96609	  84.85392
 1756	 -14.39129	  1.46551	  84.50102	  85.38497
 1754	 -15.51169	  1.31634	  83.96609	  84.85392
 1755	 -14.26249	  0.70777	  83.42081	  84.31257
 1756	 -14.39129	  1.46551	  84.50102	  85.38497
 1754	 -15.51169	  1.31634	  83.96609	  84.85392
 1813	 -15.38551	  0.40422	  82.8764	  83.7721
 1755	 -14.26249	  0.70777	  83.42081	  84.31257
 1813	 -15.38551	  0.40422	  82.8764	  83.7721
 1808	 -14.17884	 -0.21592	  82.35977	  83.25921
 1755	 -14.26249	  0.70777	  83.42081	  84.31257
 1813	 -15.38551	  0.40422	  82.8764	  83.7721
 1776	 -15.31275	 -0.62646	  81.78647	  82.69004
 1808	 -14.17884	 -0.21592	  82.35977	  83.25921
 1776	 -15.31275	 -0.62646	  81.78647	  82.69004
 1740	 -14.16006	 -1.09702	  81.29559	  82.20272
 1808	 -14.17884	 -0.21592	  82.35977	  83.25921
 1776	 -15.31275	 -0.62646	  81.78647	  82.69004
 1738	 -15.2764	 -1.72609	  80.69502	  81.60648
 1740	 -14.16006	 -1.09702	  81.29559	  82.20272
 1738	 -15.2764	 -1.72609	  80.69502	  81.60648
 1503	 -14.17684	 -1.98754	  80.23282	  81.14762
 1740	 -14.16006	 -1.09702	  81.29559	  82.20272
 1738	 -15.2764	 -1.72609	  80.69502	  81.60648
 1507	 -15.22097	 -2.8399	  79.56891	  80.48852
 1503	 -14.17684	 -1.98754	  80.23282	  81.14762
 1506	 -14.13611	 -3.02599	  79.10835	  80.03127
 1503	 -14.17684	 -1.98754	  80.23282	  81.14762
 1507	 -15.22097	 -2.8399	  79.56891	  80.48852
 1506	 -14.13611	 -3.02599	  79.10835	  80.03127
 1507	 -15.22097	 -2.8399	  79.56891	  80.48852
 1500	 -15.12717	 -3.73236	  78.41051	  79.33848
 1500	 -15.12717	 -3.73236	  78.41051	  79.33848
 1508	 -14.06416	 -3.87436	  77.99045	  78.92144
 1506	 -14.13611	 -3.02599	  79.10835	  80.03127
 1500	 -15.12717	 -3.73236	  78.41051	  79.33848
 1161	 -15.0003	 -4.51706	  77.25261	  78.18894
 1508	 -14.06416	 -3.87436	  77.99045	  78.92144
 1161	 -15.0003	 -4.51706	  77.25261	  78.18894
 1167	 -13.93029	 -4.51511	  76.84518	  77.78446
 1508	 -14.06416	 -3.87436	  77.99045	  78.92144
 1161	 -15.0003	 -4.51706	  77.25261	  78.18894
 1166	 -14.82923	 -4.57811	  76.09129	  77.03602
 1167	 -13.93029	 -4.51511	  76.84518	  77.78446
 1167	 -13.93029	 -4.51511	  76.84518	  77.78446
 1166	 -14.82923	 -4.57811	  76.09129	  77.03602
 1172	 -12.81296	 -4.59139	  76.39278	  77.33533
 1172	 -12.81296	 -4.59139	  76.39278	  77.33533
 1166	 -14.82923	 -4.57811	  76.09129	  77.03602
 1173	 -13.69675	 -4.77764	  75.61475	  76.56292
 1166	 -14.82923	 -4.57811	  76.09129	  77.03602
 1177	 -14.69518	 -4.25262	  74.94164	  75.89466
 1173	 -13.69675	 -4.77764	  75.61475	  76.56292
 1171	 -15.80726	 -3.85473	  75.433	  76.38248
 1177	 -14.69518	 -4.25262	  74.94164	  75.89466
 1166	 -14.82923	 -4.57811	  76.09129	  77.03602
 1160	 -15.94909	 -4.31001	  76.54631	  77.48775
 1171	 -15.80726	 -3.85473	  75.433	  76.38248
 1166	 -14.82923	 -4.57811	  76.09129	  77.03602
 1160	 -15.94909	 -4.31001	  76.54631	  77.48775
 1166	 -14.82923	 -4.57811	  76.09129	  77.03602
 1161	 -15.0003	 -4.51706	  77.25261	  78.18894
 1150	 -16.07887	 -4.38432	  77.67523	  78.60851
 1160	 -15.94909	 -4.31001	  76.54631	  77.48775
 1161	 -15.0003	 -4.51706	  77.25261	  78.18894
 1150	 -16.07887	 -4.38432	  77.67523	  78.60851
 1161	 -15.0003	 -4.51706	  77.25261	  78.18894
 1500	 -15.12717	 -3.73236	  78.41051	  79.33848
 1804	 -10.80929	  1.23034	  86.21402	  87.08559
 1771	 -10.85293	  1.23599	  85.00552	  85.88584
 1805	 -9.67921	  1.04617	  85.58984	  86.46593
 1770	 -12.06204	  1.72311	  85.59502	  86.47106
 1771	 -10.85293	  1.23599	  85.00552	  85.88584
 1804	 -10.80929	  1.23034	  86.21402	  87.08559
 1770	 -12.06204	  1.72311	  85.59502	  86.47106
 1769	 -12.00968	  1.12183	  84.46486	  85.34907
 1771	 -10.85293	  1.23599	  85.00552	  85.88584
 1768	 -13.24581	  1.61809	  85.03772	  85.91779
 1769	 -12.00968	  1.12183	  84.46486	  85.34907
 1770	 -12.06204	  1.72311	  85.59502	  86.47106
 1768	 -13.24581	  1.61809	  85.03772	  85.91779
 1757	 -13.14239	  0.93419	  83.94478	  84.83276
 1769	 -12.00968	  1.12183	  84.46486	  85.34907
 1756	 -14.39129	  1.46551	  84.50102	  85.38497
 1757	 -13.14239	  0.93419	  83.94478	  84.83276
 1768	 -13.24581	  1.61809	  85.03772	  85.91779
 1756	 -14.39129	  1.46551	  84.50102	  85.38497
 1755	 -14.26249	  0.70777	  83.42081	  84.31257
 1757	 -13.14239	  0.93419	  83.94478	  84.83276
 1755	 -14.26249	  0.70777	  83.42081	  84.31257
 1758	 -13.05425	  0.07359	  82.90207	  83.79757
 1757	 -13.14239	  0.93419	  83.94478	  84.83276
 1755	 -14.26249	  0.70777	  83.42081	  84.31257
 1808	 -14.17884	 -0.21592	  82.35977	  83.25921
 1758	 -13.05425	  0.07359	  82.90207	  83.79757
 1808	 -14.17884	 -0.21592	  82.35977	  83.25921
 1775	 -13.02953	 -0.76473	  81.86716	  82.77013
 1758	 -13.05425	  0.07359	  82.90207	  83.79757
 1808	 -14.17884	 -0.21592	  82.35977	  83.25921
 1740	 -14.16006	 -1.09702	  81.29559	  82.20272
 1775	 -13.02953	 -0.76473	  81.86716	  82.77013
 1740	 -14.16006	 -1.09702	  81.29559	  82.20272
 1498	 -13.06985	 -1.46547	  80.82913	  81.73962
 1775	 -13.02953	 -0.76473	  81.86716	  82.77013
 1740	 -14.16006	 -1.09702	  81.29559	  82.20272
 1503	 -14.17684	 -1.98754	  80.23282	  81.14762
 1498	 -13.06985	 -1.46547	  80.82913	  81.73962
 1502	 -13.10706	 -2.31978	  79.76656	  80.68472
 1498	 -13.06985	 -1.46547	  80.82913	  81.73962
 1503	 -14.17684	 -1.98754	  80.23282	  81.14762
 1502	 -13.10706	 -2.31978	  79.76656	  80.68472
 1503	 -14.17684	 -1.98754	  80.23282	  81.14762
 1506	 -14.13611	 -3.02599	  79.10835	  80.03127
 1506	 -14.13611	 -3.02599	  79.10835	  80.03127
 1512	 -13.08806	 -3.16083	  78.67311	  79.59917
 1502	 -13.10706	 -2.31978	  79.76656	  80.68472
 1506	 -14.13611	 -3.02599	  79.10835	  80.03127
 1508	 -14.06416	 -3.87436	  77.99045	  78.92144
 1512	 -13.08806	 -3.16083	  78.67311	  79.59917
 1508	 -14.06416	 -3.87436	  77.99045	  78.92144
 1513	 -13.03795	 -3.92358	  77.60526	  78.53904
 1512	 -13.08806	 -3.16083	  78.67311	  79.59917
 1757	 -13.14239	  0.93419	  83.94478	  84.83276
 1758	 -13.05425	  0.07359	  82.90207	  83.79757
 1759	 -11.9321	  0.33351	  83.42006	  84.31182
 1758	 -13.05425	  0.07359	  82.90207	  83.79757
 1743	 -11.89136	 -0.49194	  82.41232	  83.31136
 1759	 -11.9321	  0.33351	  83.42006	  84.31182
 1758	 -13.05425	  0.07359	  82.90207	  83.79757
 1775	 -13.02953	 -0.76473	  81.86716	  82.77013
 1743	 -11.89136	 -0.49194	  82.41232	  83.31136
 1775	 -13.02953	 -0.76473	  81.86716	  82.77013
 1496	 -11.93437	 -1.2266	  81.39957	  82.30595
 1743	 -11.89136	 -0.49194	  82.41232	  83.31136
 1775	 -13.02953	 -0.76473	  81.86716	  82.77013
 1498	 -13.06985	 -1.46547	  80.82913	  81.73962
 1496	 -11.93437	 -1.2266	  81.39957	  82.30595
 1497	 -12.03119	 -1.81001	  80.37886	  81.29259
 1496	 -11.93437	 -1.2266	  81.39957	  82.30595
 1498	 -13.06985	 -1.46547	  80.82913	  81.73962
 1497	 -12.03119	 -1.81001	  80.37886	  81.29259
 1498	 -13.06985	 -1.46547	  80.82913	  81.73962
 1502	 -13.10706	 -2.31978	  79.76656	  80.68472
 1502	 -13.10706	 -2.31978	  79.76656	  80.68472
 1509	 -12.06893	 -2.57321	  79.31204	  80.2335
 1497	 -12.03119	 -1.81001	  80.37886	  81.29259
 1502	 -13.10706	 -2.31978	  79.76656	  80.68472
 1512	 -13.08806	 -3.16083	  78.67311	  79.59917
 1509	 -12.06893	 -2.57321	  79.31204	  80.2335
 1512	 -13.08806	 -3.16083	  78.67311	  79.59917
 1517	 -12.07592	 -3.18567	  78.26071	  79.18975
 1509	 -12.06893	 -2.57321	  79.31204	  80.2335
 1512	 -13.08806	 -3.16083	  78.67311	  79.59917
 1513	 -13.03795	 -3.92358	  77.60526	  78.53904
 1517	 -12.07592	 -3.18567	  78.26071	  79.18975
 1513	 -13.03795	 -3.92358	  77.60526	  78.53904
 1518	 -11.98471	 -4.10785	  77.21107	  78.14771
 1517	 -12.07592	 -3.18567	  78.26071	  79.18975
 1517	 -12.07592	 -3.18567	  78.26071	  79.18975
 1518	 -11.98471	 -4.10785	  77.21107	  78.14771
 1522	 -11.02924	 -3.25074	  77.82384	  78.75605
 1518	 -11.98471	 -4.10785	  77.21107	  78.14771
 1523	 -10.83546	 -4.28104	  76.71178	  77.65202
 1522	 -11.02924	 -3.25074	  77.82384	  78.75605
 1522	 -11.02924	 -3.25074	  77.82384	  78.75605
 1523	 -10.83546	 -4.28104	  76.71178	  77.65202
 1527	 -9.90723	 -3.56993	  77.35457	  78.29017
 1523	 -10.83546	 -4.28104	  76.71178	  77.65202
 1532	 -8.79162	 -3.87011	  76.86577	  77.80489
 1527	 -9.90723	 -3.56993	  77.35457	  78.29017
 1527	 -9.90723	 -3.56993	  77.35457	  78.29017
 1532	 -8.79162	 -3.87011	  76.86577	  77.80489
 1524	 -8.89612	 -3.30785	  77.90416	  78.83578
 1524	 -8.89612	 -3.30785	  77.90416	  78.83578
 1532	 -8.79162	 -3.87011	  76.86577	  77.80489
 1529	 -7.7886	 -3.5886	  77.42175	  78.35686
 1388	 -4.32582	 -3.14567	  79.11752	  80.04038
 1389	 -3.24062	 -3.37512	  78.61995	  79.54639
 1390	 -3.17088	 -2.97129	  79.65073	  80.56973
 1388	 -4.32582	 -3.14567	  79.11752	  80.04038
 1526	 -4.42318	 -3.52258	  78.07022	  79.00065
 1389	 -3.24062	 -3.37512	  78.61995	  79.54639
 1521	 -5.50313	 -3.30103	  78.56462	  79.49146
 1526	 -4.42318	 -3.52258	  78.07022	  79.00065
 1388	 -4.32582	 -3.14567	  79.11752	  80.04038
 1521	 -5.50313	 -3.30103	  78.56462	  79.49146
 1530	 -5.58298	 -3.66127	  77.50912	  78.44361
 1526	 -4.42318	 -3.52258	  78.07022	  79.00065
 1525	 -6.66771	 -3.42914	  77.99609	  78.92706
 1530	 -5.58298	 -3.66127	  77.50912	  78.44361
 1521	 -5.50313	 -3.30103	  78.56462	  79.49146
 1525	 -6.66771	 -3.42914	  77.99609	  78.92706
 1534	 -6.70499	 -3.83612	  76.93839	  77.87699
 1530	 -5.58298	 -3.66127	  77.50912	  78.44361
 1529	 -7.7886	 -3.5886	  77.42175	  78.35686
 1534	 -6.70499	 -3.83612	  76.93839	  77.87699
 1525	 -6.66771	 -3.42914	  77.99609	  78.92706
 1529	 -7.7886	 -3.5886	  77.42175	  78.35686
 1537	 -7.7082	 -4.11665	  76.3799	  77.32255
 1534	 -6.70499	 -3.83612	  76.93839	  77.87699
 1532	 -8.79162	 -3.87011	  76.86577	  77.80489
 1537	 -7.7082	 -4.11665	  76.3799	  77.32255
 1529	 -7.7886	 -3.5886	  77.42175	  78.35686
 1528	 -9.70869	 -4.44603	  76.20372	  77.14762
 1537	 -7.7082	 -4.11665	  76.3799	  77.32255
 1532	 -8.79162	 -3.87011	  76.86577	  77.80489
 1528	 -9.70869	 -4.44603	  76.20372	  77.14762
 1532	 -8.79162	 -3.87011	  76.86577	  77.80489
 1523	 -10.83546	 -4.28104	  76.71178	  77.65202
 1533	 -8.6281	 -4.62222	  75.71347	  76.66093
 1537	 -7.7082	 -4.11665	  76.3799	  77.32255
 1528	 -9.70869	 -4.44603	  76.20372	  77.14762
 1533	 -8.6281	 -4.62222	  75.71347	  76.66093
 1542	 -6.66783	 -4.34537	  75.89882	  76.84493
 1537	 -7.7082	 -4.11665	  76.3799	  77.32255
 1537	 -7.7082	 -4.11665	  76.3799	  77.32255
 1542	 -6.66783	 -4.34537	  75.89882	  76.84493
 1534	 -6.70499	 -3.83612	  76.93839	  77.87699
 1534	 -6.70499	 -3.83612	  76.93839	  77.87699
 1542	 -6.66783	 -4.34537	  75.89882	  76.84493
 1539	 -5.65601	 -4.09274	  76.4528	  77.39492
 1534	 -6.70499	 -3.83612	  76.93839	  77.87699
 1539	 -5.65601	 -4.09274	  76.4528	  77.39492
 1530	 -5.58298	 -3.66127	  77.50912	  78.44361
 1530	 -5.58298	 -3.66127	  77.50912	  78.44361
 1539	 -5.65601	 -4.09274	  76.4528	  77.39492
 1535	 -4.52373	 -3.90726	  77.01979	  77.9578
 1530	 -5.58298	 -3.66127	  77.50912	  78.44361
 1535	 -4.52373	 -3.90726	  77.01979	  77.9578
 1526	 -4.42318	 -3.52258	  78.07022	  79.00065
 1526	 -4.42318	 -3.52258	  78.07022	  79.00065
 1535	 -4.52373	 -3.90726	  77.01979	  77.9578
 1531	 -3.35646	 -3.74382	  77.57562	  78.50962
 1526	 -4.42318	 -3.52258	  78.07022	  79.00065
 1531	 -3.35646	 -3.74382	  77.57562	  78.50962
 1389	 -3.24062	 -3.37512	  78.61995	  79.54639
 1389	 -3.24062	 -3.37512	  78.61995	  79.54639
 1531	 -3.35646	 -3.74382	  77.57562	  78.50962
 1396	 -2.1577	 -3.58647	  78.12682	  79.05685
 1389	 -3.24062	 -3.37512	  78.61995	  79.54639
 1396	 -2.1577	 -3.58647	  78.12682	  79.05685
 1391	 -2.07035	 -3.21987	  79.15681	  80.07938
 1391	 -2.07035	 -3.21987	  79.15681	  80.07938
 1396	 -2.1577	 -3.58647	  78.12682	  79.05685
 1397	 -0.96872	 -3.43326	  78.6671	  79.59322
 1396	 -2.1577	 -3.58647	  78.12682	  79.05685
 1311	 -1.07753	 -3.83326	  77.63869	  78.57224
 1397	 -0.96872	 -3.43326	  78.6671	  79.59322
 1396	 -2.1577	 -3.58647	  78.12682	  79.05685
 1536	 -2.29143	 -4.00569	  77.08423	  78.02178
 1311	 -1.07753	 -3.83326	  77.63869	  78.57224
 1536	 -2.29143	 -4.00569	  77.08423	  78.02178
 1541	 -1.22731	 -4.31599	  76.601	  77.54203
 1311	 -1.07753	 -3.83326	  77.63869	  78.57224
 1536	 -2.29143	 -4.00569	  77.08423	  78.02178
 1545	 -2.44835	 -4.50923	  76.04082	  76.98591
 1541	 -1.22731	 -4.31599	  76.601	  77.54203
 1545	 -2.44835	 -4.50923	  76.04082	  76.98591
 1550	 -1.40531	 -4.84842	  75.57077	  76.51925
 1541	 -1.22731	 -4.31599	  76.601	  77.54203
 1545	 -2.44835	 -4.50923	  76.04082	  76.98591
 1554	 -2.62278	 -5.05872	  74.98976	  75.94245
 1550	 -1.40531	 -4.84842	  75.57077	  76.51925
 1538	 -7.61119	 -4.78965	  75.2253	  76.17628
 1542	 -6.66783	 -4.34537	  75.89882	  76.84493
 1533	 -8.6281	 -4.62222	  75.71347	  76.66093
 1543	 -6.67552	 -5.00935	  74.74246	  75.69692
 1547	 -5.6974	 -4.64332	  75.38899	  76.3388
 1538	 -7.61119	 -4.78965	  75.2253	  76.17628
 1538	 -7.61119	 -4.78965	  75.2253	  76.17628
 1547	 -5.6974	 -4.64332	  75.38899	  76.3388
 1542	 -6.66783	 -4.34537	  75.89882	  76.84493
 1542	 -6.66783	 -4.34537	  75.89882	  76.84493
 1547	 -5.6974	 -4.64332	  75.38899	  76.3388
 1539	 -5.65601	 -4.09274	  76.4528	  77.39492
 1531	 -3.35646	 -3.74382	  77.57562	  78.50962
 1536	 -2.29143	 -4.00569	  77.08423	  78.02178
 1396	 -2.1577	 -3.58647	  78.12682	  79.05685
 1531	 -3.35646	 -3.74382	  77.57562	  78.50962
 1540	 -3.48706	 -4.18642	  76.5257	  77.46728
 1536	 -2.29143	 -4.00569	  77.08423	  78.02178
 1540	 -3.48706	 -4.18642	  76.5257	  77.46728
 1545	 -2.44835	 -4.50923	  76.04082	  76.98591
 1536	 -2.29143	 -4.00569	  77.08423	  78.02178
 1540	 -3.48706	 -4.18642	  76.5257	  77.46728
 1549	 -3.63937	 -4.71708	  75.46362	  76.41288
 1545	 -2.44835	 -4.50923	  76.04082	  76.98591
 1549	 -3.63937	 -4.71708	  75.46362	  76.41288
 1554	 -2.62278	 -5.05872	  74.98976	  75.94245
 1545	 -2.44835	 -4.50923	  76.04082	  76.98591
 1549	 -3.63937	 -4.71708	  75.46362	  76.41288
 1557	 -3.75176	 -5.26825	  74.4213	  75.37807
 1554	 -2.62278	 -5.05872	  74.98976	  75.94245
 1557	 -3.75176	 -5.26825	  74.4213	  75.37807
 1562	 -2.77063	 -5.6049	  73.96088	  74.921
 1554	 -2.62278	 -5.05872	  74.98976	  75.94245
 1557	 -3.75176	 -5.26825	  74.4213	  75.37807
 1558	 -3.91534	 -5.87702	  73.30975	  74.27457
 1562	 -2.77063	 -5.6049	  73.96088	  74.921
 1558	 -3.91534	 -5.87702	  73.30975	  74.27457
 1563	 -3.00237	 -6.19489	  72.83794	  73.80618
 1562	 -2.77063	 -5.6049	  73.96088	  74.921
 1554	 -2.62278	 -5.05872	  74.98976	  75.94245
 1559	 -1.60536	 -5.39728	  74.52646	  75.48249
 1550	 -1.40531	 -4.84842	  75.57077	  76.51925
 1554	 -2.62278	 -5.05872	  74.98976	  75.94245
 1562	 -2.77063	 -5.6049	  73.96088	  74.921
 1559	 -1.60536	 -5.39728	  74.52646	  75.48249
 1562	 -2.77063	 -5.6049	  73.96088	  74.921
 1567	 -1.80455	 -5.9412	  73.49051	  74.45403
 1559	 -1.60536	 -5.39728	  74.52646	  75.48249
 1562	 -2.77063	 -5.6049	  73.96088	  74.921
 1563	 -3.00237	 -6.19489	  72.83794	  73.80618
 1567	 -1.80455	 -5.9412	  73.49051	  74.45403
 1563	 -3.00237	 -6.19489	  72.83794	  73.80618
 1568	 -2.09195	 -6.52056	  72.37523	  73.34681
 1567	 -1.80455	 -5.9412	  73.49051	  74.45403
 1535	 -4.52373	 -3.90726	  77.01979	  77.9578
 1540	 -3.48706	 -4.18642	  76.5257	  77.46728
 1531	 -3.35646	 -3.74382	  77.57562	  78.50962
 1535	 -4.52373	 -3.90726	  77.01979	  77.9578
 1544	 -4.65197	 -4.3906	  75.95195	  76.89768
 1540	 -3.48706	 -4.18642	  76.5257	  77.46728
 1544	 -4.65197	 -4.3906	  75.95195	  76.89768
 1549	 -3.63937	 -4.71708	  75.46362	  76.41288
 1540	 -3.48706	 -4.18642	  76.5257	  77.46728
 1544	 -4.65197	 -4.3906	  75.95195	  76.89768
 1552	 -4.72544	 -4.93721	  74.89793	  75.85128
 1549	 -3.63937	 -4.71708	  75.46362	  76.41288
 1552	 -4.72544	 -4.93721	  74.89793	  75.85128
 1557	 -3.75176	 -5.26825	  74.4213	  75.37807
 1549	 -3.63937	 -4.71708	  75.46362	  76.41288
 1552	 -4.72544	 -4.93721	  74.89793	  75.85128
 1553	 -4.83137	 -5.50686	  73.77176	  74.73325
 1557	 -3.75176	 -5.26825	  74.4213	  75.37807
 1553	 -4.83137	 -5.50686	  73.77176	  74.73325
 1558	 -3.91534	 -5.87702	  73.30975	  74.27457
 1557	 -3.75176	 -5.26825	  74.4213	  75.37807
 1539	 -5.65601	 -4.09274	  76.4528	  77.39492
 1544	 -4.65197	 -4.3906	  75.95195	  76.89768
 1535	 -4.52373	 -3.90726	  77.01979	  77.9578
 1539	 -5.65601	 -4.09274	  76.4528	  77.39492
 1547	 -5.6974	 -4.64332	  75.38899	  76.3388
 1544	 -4.65197	 -4.3906	  75.95195	  76.89768
 1547	 -5.6974	 -4.64332	  75.38899	  76.3388
 1552	 -4.72544	 -4.93721	  74.89793	  75.85128
 1544	 -4.65197	 -4.3906	  75.95195	  76.89768
 1543	 -6.67552	 -5.00935	  74.74246	  75.69692
 1552	 -4.72544	 -4.93721	  74.89793	  75.85128
 1547	 -5.6974	 -4.64332	  75.38899	  76.3388
 1548	 -5.75025	 -5.19516	  74.24792	  75.20597
 1552	 -4.72544	 -4.93721	  74.89793	  75.85128
 1543	 -6.67552	 -5.00935	  74.74246	  75.69692
 1548	 -5.75025	 -5.19516	  74.24792	  75.20597
 1553	 -4.83137	 -5.50686	  73.77176	  74.73325
 1552	 -4.72544	 -4.93721	  74.89793	  75.85128
 1508	 -14.06416	 -3.87436	  77.99045	  78.92144
 1167	 -13.93029	 -4.51511	  76.84518	  77.78446
 1513	 -13.03795	 -3.92358	  77.60526	  78.53904
 1167	 -13.93029	 -4.51511	  76.84518	  77.78446
 1518	 -11.98471	 -4.10785	  77.21107	  78.14771
 1513	 -13.03795	 -3.92358	  77.60526	  78.53904
 1172	 -12.81296	 -4.59139	  76.39278	  77.33533
 1518	 -11.98471	 -4.10785	  77.21107	  78.14771
 1167	 -13.93029	 -4.51511	  76.84518	  77.78446
 1172	 -12.81296	 -4.59139	  76.39278	  77.33533
 1523	 -10.83546	 -4.28104	  76.71178	  77.65202
 1518	 -11.98471	 -4.10785	  77.21107	  78.14771
 1178	 -11.67826	 -4.71208	  75.9063	  76.85236
 1523	 -10.83546	 -4.28104	  76.71178	  77.65202
 1172	 -12.81296	 -4.59139	  76.39278	  77.33533
 1178	 -11.67826	 -4.71208	  75.9063	  76.85236
 1528	 -9.70869	 -4.44603	  76.20372	  77.14762
 1523	 -10.83546	 -4.28104	  76.71178	  77.65202
 1184	 -10.56104	 -4.83441	  75.41048	  76.36012
 1528	 -9.70869	 -4.44603	  76.20372	  77.14762
 1178	 -11.67826	 -4.71208	  75.9063	  76.85236
 1184	 -10.56104	 -4.83441	  75.41048	  76.36012
 1533	 -8.6281	 -4.62222	  75.71347	  76.66093
 1528	 -9.70869	 -4.44603	  76.20372	  77.14762
 1190	 -9.48325	 -4.95312	  74.92017	  75.87334
 1533	 -8.6281	 -4.62222	  75.71347	  76.66093
 1184	 -10.56104	 -4.83441	  75.41048	  76.36012
 1190	 -9.48325	 -4.95312	  74.92017	  75.87334
 1538	 -7.61119	 -4.78965	  75.2253	  76.17628
 1533	 -8.6281	 -4.62222	  75.71347	  76.66093
 1196	 -8.47295	 -5.0517	  74.4359	  75.39259
 1538	 -7.61119	 -4.78965	  75.2253	  76.17628
 1190	 -9.48325	 -4.95312	  74.92017	  75.87334
 1196	 -8.47295	 -5.0517	  74.4359	  75.39259
 1543	 -6.67552	 -5.00935	  74.74246	  75.69692
 1538	 -7.61119	 -4.78965	  75.2253	  76.17628
 1202	 -7.53156	 -5.17648	  73.95737	  74.9175
 1543	 -6.67552	 -5.00935	  74.74246	  75.69692
 1196	 -8.47295	 -5.0517	  74.4359	  75.39259
 1202	 -7.53156	 -5.17648	  73.95737	  74.9175
 1548	 -5.75025	 -5.19516	  74.24792	  75.20597
 1543	 -6.67552	 -5.00935	  74.74246	  75.69692
 1208	 -6.63453	 -5.3482	  73.48489	  74.44845
 1548	 -5.75025	 -5.19516	  74.24792	  75.20597
 1202	 -7.53156	 -5.17648	  73.95737	  74.9175
 1208	 -6.63453	 -5.3482	  73.48489	  74.44845
 1553	 -4.83137	 -5.50686	  73.77176	  74.73325
 1548	 -5.75025	 -5.19516	  74.24792	  75.20597
 1214	 -5.78623	 -5.69678	  73.0322	  73.99903
 1553	 -4.83137	 -5.50686	  73.77176	  74.73325
 1208	 -6.63453	 -5.3482	  73.48489	  74.44845
 1214	 -5.78623	 -5.69678	  73.0322	  73.99903
 1558	 -3.91534	 -5.87702	  73.30975	  74.27457
 1553	 -4.83137	 -5.50686	  73.77176	  74.73325
 1172	 -12.81296	 -4.59139	  76.39278	  77.33533
 1173	 -13.69675	 -4.77764	  75.61475	  76.56292
 1178	 -11.67826	 -4.71208	  75.9063	  76.85236
 1178	 -11.67826	 -4.71208	  75.9063	  76.85236
 1173	 -13.69675	 -4.77764	  75.61475	  76.56292
 1179	 -12.56168	 -4.97402	  75.11986	  76.0716
 1178	 -11.67826	 -4.71208	  75.9063	  76.85236
 1179	 -12.56168	 -4.97402	  75.11986	  76.0716
 1184	 -10.56104	 -4.83441	  75.41048	  76.36012
 1184	 -10.56104	 -4.83441	  75.41048	  76.36012
 1179	 -12.56168	 -4.97402	  75.11986	  76.0716
 1185	 -11.43979	 -5.14124	  74.61871	  75.57407
 1184	 -10.56104	 -4.83441	  75.41048	  76.36012
 1185	 -11.43979	 -5.14124	  74.61871	  75.57407
 1190	 -9.48325	 -4.95312	  74.92017	  75.87334
 1190	 -9.48325	 -4.95312	  74.92017	  75.87334
 1185	 -11.43979	 -5.14124	  74.61871	  75.57407
 1191	 -10.33583	 -5.30599	  74.11024	  75.06928
 1190	 -9.48325	 -4.95312	  74.92017	  75.87334
 1191	 -10.33583	 -5.30599	  74.11024	  75.06928
 1196	 -8.47295	 -5.0517	  74.4359	  75.39259
 1196	 -8.47295	 -5.0517	  74.4359	  75.39259
 1191	 -10.33583	 -5.30599	  74.11024	  75.06928
 1197	 -9.29865	 -5.3525	  73.61711	  74.57972
 1196	 -8.47295	 -5.0517	  74.4359	  75.39259
 1197	 -9.29865	 -5.3525	  73.61711	  74.57972
 1202	 -7.53156	 -5.17648	  73.95737	  74.9175
 1202	 -7.53156	 -5.17648	  73.95737	  74.9175
 1197	 -9.29865	 -5.3525	  73.61711	  74.57972
 1203	 -8.32989	 -5.37975	  73.13541	  74.10149
 1202	 -7.53156	 -5.17648	  73.95737	  74.9175
 1203	 -8.32989	 -5.37975	  73.13541	  74.10149
 1208	 -6.63453	 -5.3482	  73.48489	  74.44845
 1208	 -6.63453	 -5.3482	  73.48489	  74.44845
 1203	 -8.32989	 -5.37975	  73.13541	  74.10149
 1209	 -7.41729	 -5.42644	  72.66653	  73.63601
 1208	 -6.63453	 -5.3482	  73.48489	  74.44845
 1209	 -7.41729	 -5.42644	  72.66653	  73.63601
 1214	 -5.78623	 -5.69678	  73.0322	  73.99903
 1214	 -5.78623	 -5.69678	  73.0322	  73.99903
 1209	 -7.41729	 -5.42644	  72.66653	  73.63601
 1215	 -6.64147	 -5.72505	  72.24579	  73.2183
 1214	 -5.78623	 -5.69678	  73.0322	  73.99903
 1215	 -6.64147	 -5.72505	  72.24579	  73.2183
 1220	 -4.98713	 -6.25473	  72.59457	  73.56457
 1220	 -4.98713	 -6.25473	  72.59457	  73.56457
 1215	 -6.64147	 -5.72505	  72.24579	  73.2183
 1221	 -5.87029	 -6.20107	  71.8298	  72.80534
 1220	 -4.98713	 -6.25473	  72.59457	  73.56457
 1221	 -5.87029	 -6.20107	  71.8298	  72.80534
 1226	 -4.11965	 -6.50315	  72.13281	  73.10615
 1226	 -4.11965	 -6.50315	  72.13281	  73.10615
 1221	 -5.87029	 -6.20107	  71.8298	  72.80534
 1227	 -5.09306	 -6.73954	  71.4268	  72.40524
 1179	 -12.56168	 -4.97402	  75.11986	  76.0716
 1189	 -12.44885	 -5.10353	  73.90338	  74.86391
 1185	 -11.43979	 -5.14124	  74.61871	  75.57407
 1185	 -11.43979	 -5.14124	  74.61871	  75.57407
 1189	 -12.44885	 -5.10353	  73.90338	  74.86391
 1191	 -10.33583	 -5.30599	  74.11024	  75.06928
 1191	 -10.33583	 -5.30599	  74.11024	  75.06928
 1189	 -12.44885	 -5.10353	  73.90338	  74.86391
 1195	 -11.34111	 -5.41879	  73.38245	  74.34675
 1191	 -10.33583	 -5.30599	  74.11024	  75.06928
 1195	 -11.34111	 -5.41879	  73.38245	  74.34675
 1197	 -9.29865	 -5.3525	  73.61711	  74.57972
 1197	 -9.29865	 -5.3525	  73.61711	  74.57972
 1195	 -11.34111	 -5.41879	  73.38245	  74.34675
 1201	 -10.28806	 -5.56608	  72.88414	  73.85204
 1197	 -9.29865	 -5.3525	  73.61711	  74.57972
 1201	 -10.28806	 -5.56608	  72.88414	  73.85204
 1203	 -8.32989	 -5.37975	  73.13541	  74.10149
 1203	 -8.32989	 -5.37975	  73.13541	  74.10149
 1201	 -10.28806	 -5.56608	  72.88414	  73.85204
 1207	 -9.25615	 -5.71002	  72.37335	  73.34495
 1203	 -8.32989	 -5.37975	  73.13541	  74.10149
 1207	 -9.25615	 -5.71002	  72.37335	  73.34495
 1209	 -7.41729	 -5.42644	  72.66653	  73.63601
 1209	 -7.41729	 -5.42644	  72.66653	  73.63601
 1207	 -9.25615	 -5.71002	  72.37335	  73.34495
 1213	 -8.35333	 -5.76342	  71.91296	  72.88789
 1209	 -7.41729	 -5.42644	  72.66653	  73.63601
 1213	 -8.35333	 -5.76342	  71.91296	  72.88789
 1215	 -6.64147	 -5.72505	  72.24579	  73.2183
 1215	 -6.64147	 -5.72505	  72.24579	  73.2183
 1213	 -8.35333	 -5.76342	  71.91296	  72.88789
 1219	 -7.53894	 -5.93155	  71.46695	  72.44509
 1215	 -6.64147	 -5.72505	  72.24579	  73.2183
 1219	 -7.53894	 -5.93155	  71.46695	  72.44509
 1221	 -5.87029	 -6.20107	  71.8298	  72.80534
 1233	 -4.33735	 -7.0921	  70.99252	  71.9741
 1237	 -5.39451	 -7.13623	  70.17752	  71.16499
 1239	 -3.60018	 -7.42514	  70.53735	  71.52221
 1233	 -4.33735	 -7.0921	  70.99252	  71.9741
 1231	 -6.10505	 -6.73534	  70.62154	  71.6058
 1237	 -5.39451	 -7.13623	  70.17752	  71.16499
 1227	 -5.09306	 -6.73954	  71.4268	  72.40524
 1231	 -6.10505	 -6.73534	  70.62154	  71.6058
 1233	 -4.33735	 -7.0921	  70.99252	  71.9741
 1227	 -5.09306	 -6.73954	  71.4268	  72.40524
 1225	 -6.83561	 -6.31261	  71.05585	  72.03695
 1231	 -6.10505	 -6.73534	  70.62154	  71.6058
 1221	 -5.87029	 -6.20107	  71.8298	  72.80534
 1225	 -6.83561	 -6.31261	  71.05585	  72.03695
 1227	 -5.09306	 -6.73954	  71.4268	  72.40524
 1221	 -5.87029	 -6.20107	  71.8298	  72.80534
 1219	 -7.53894	 -5.93155	  71.46695	  72.44509
 1225	 -6.83561	 -6.31261	  71.05585	  72.03695
 1219	 -7.53894	 -5.93155	  71.46695	  72.44509
 1216	 -8.67476	 -6.31936	  70.85002	  71.83262
 1225	 -6.83561	 -6.31261	  71.05585	  72.03695
 1213	 -8.35333	 -5.76342	  71.91296	  72.88789
 1216	 -8.67476	 -6.31936	  70.85002	  71.83262
 1219	 -7.53894	 -5.93155	  71.46695	  72.44509
 1210	 -9.47755	 -6.09038	  71.2661	  72.24569
 1216	 -8.67476	 -6.31936	  70.85002	  71.83262
 1213	 -8.35333	 -5.76342	  71.91296	  72.88789
 1207	 -9.25615	 -5.71002	  72.37335	  73.34495
 1210	 -9.47755	 -6.09038	  71.2661	  72.24569
 1213	 -8.35333	 -5.76342	  71.91296	  72.88789
 1204	 -10.43269	 -5.88785	  71.7422	  72.71835
 1210	 -9.47755	 -6.09038	  71.2661	  72.24569
 1207	 -9.25615	 -5.71002	  72.37335	  73.34495
 1201	 -10.28806	 -5.56608	  72.88414	  73.85204
 1204	 -10.43269	 -5.88785	  71.7422	  72.71835
 1207	 -9.25615	 -5.71002	  72.37335	  73.34495
 1198	 -11.46832	 -5.59506	  72.25598	  73.22842
 1204	 -10.43269	 -5.88785	  71.7422	  72.71835
 1201	 -10.28806	 -5.56608	  72.88414	  73.85204
 1195	 -11.34111	 -5.41879	  73.38245	  74.34675
 1198	 -11.46832	 -5.59506	  72.25598	  73.22842
 1201	 -10.28806	 -5.56608	  72.88414	  73.85204
 1192	 -12.53841	 -5.18658	  72.78517	  73.75379
 1198	 -11.46832	 -5.59506	  72.25598	  73.22842
 1195	 -11.34111	 -5.41879	  73.38245	  74.34675
 1189	 -12.44885	 -5.10353	  73.90338	  74.86391
 1192	 -12.53841	 -5.18658	  72.78517	  73.75379
 1195	 -11.34111	 -5.41879	  73.38245	  74.34675
 1186	 -13.6053	 -4.67624	  73.31143	  74.27624
 1192	 -12.53841	 -5.18658	  72.78517	  73.75379
 1189	 -12.44885	 -5.10353	  73.90338	  74.86391
 1183	 -13.57061	 -4.69708	  74.42543	  75.38219
 1186	 -13.6053	 -4.67624	  73.31143	  74.27624
 1189	 -12.44885	 -5.10353	  73.90338	  74.86391
 1183	 -13.57061	 -4.69708	  74.42543	  75.38219
 1189	 -12.44885	 -5.10353	  73.90338	  74.86391
 1179	 -12.56168	 -4.97402	  75.11986	  76.0716
 1173	 -13.69675	 -4.77764	  75.61475	  76.56292
 1183	 -13.57061	 -4.69708	  74.42543	  75.38219
 1179	 -12.56168	 -4.97402	  75.11986	  76.0716
 1210	 -9.47755	 -6.09038	  71.2661	  72.24569
 1211	 -9.99244	 -6.44266	  70.3838	  71.36977
 1216	 -8.67476	 -6.31936	  70.85002	  71.83262
 1186	 -13.6053	 -4.67624	  73.31143	  74.27624
 1187	 -13.85313	 -4.74458	  72.31697	  73.28898
 1192	 -12.53841	 -5.18658	  72.78517	  73.75379
 1187	 -13.85313	 -4.74458	  72.31697	  73.28898
 1193	 -12.83729	 -5.25102	  71.79007	  72.76588
 1192	 -12.53841	 -5.18658	  72.78517	  73.75379
 1192	 -12.53841	 -5.18658	  72.78517	  73.75379
 1193	 -12.83729	 -5.25102	  71.79007	  72.76588
 1198	 -11.46832	 -5.59506	  72.25598	  73.22842
 1193	 -12.83729	 -5.25102	  71.79007	  72.76588
 1199	 -11.81702	 -5.68532	  71.27425	  72.25378
 1198	 -11.46832	 -5.59506	  72.25598	  73.22842
 1198	 -11.46832	 -5.59506	  72.25598	  73.22842
 1199	 -11.81702	 -5.68532	  71.27425	  72.25378
 1204	 -10.43269	 -5.88785	  71.7422	  72.71835
 1199	 -11.81702	 -5.68532	  71.27425	  72.25378
 1205	 -10.85859	 -6.07435	  70.80806	  71.79096
 1204	 -10.43269	 -5.88785	  71.7422	  72.71835
 1204	 -10.43269	 -5.88785	  71.7422	  72.71835
 1205	 -10.85859	 -6.07435	  70.80806	  71.79096
 1210	 -9.47755	 -6.09038	  71.2661	  72.24569
 1193	 -12.83729	 -5.25102	  71.79007	  72.76588
 1194	 -13.3109	 -5.17541	  71.01057	  71.99201
 1199	 -11.81702	 -5.68532	  71.27425	  72.25378
 1194	 -13.3109	 -5.17541	  71.01057	  71.99201
 1200	 -12.33874	 -5.74934	  70.569	  71.55363
 1199	 -11.81702	 -5.68532	  71.27425	  72.25378
 1199	 -11.81702	 -5.68532	  71.27425	  72.25378
 1200	 -12.33874	 -5.74934	  70.569	  71.55363
 1205	 -10.85859	 -6.07435	  70.80806	  71.79096
 1194	 -13.3109	 -5.17541	  71.01057	  71.99201
 959	 -13.99634	 -5.26722	  70.52335	  71.50831
 1200	 -12.33874	 -5.74934	  70.569	  71.55363
 1205	 -10.85859	 -6.07435	  70.80806	  71.79096
 1211	 -9.99244	 -6.44266	  70.3838	  71.36977
 1210	 -9.47755	 -6.09038	  71.2661	  72.24569
 1205	 -10.85859	 -6.07435	  70.80806	  71.79096
 1206	 -11.38395	 -6.30689	  70.11774	  71.10563
 1211	 -9.99244	 -6.44266	  70.3838	  71.36977
 1200	 -12.33874	 -5.74934	  70.569	  71.55363
 1206	 -11.38395	 -6.30689	  70.11774	  71.10563
 1205	 -10.85859	 -6.07435	  70.80806	  71.79096
 1200	 -12.33874	 -5.74934	  70.569	  71.55363
 960	 -13.02265	 -6.09277	  70.08324	  71.07139
 1206	 -11.38395	 -6.30689	  70.11774	  71.10563
 959	 -13.99634	 -5.26722	  70.52335	  71.50831
 960	 -13.02265	 -6.09277	  70.08324	  71.07139
 1200	 -12.33874	 -5.74934	  70.569	  71.55363
 959	 -13.99634	 -5.26722	  70.52335	  71.50831
 958	 -14.97755	 -5.473	  70.11646	  71.10436
 960	 -13.02265	 -6.09277	  70.08324	  71.07139
 958	 -14.97755	 -5.473	  70.11646	  71.10436
 963	 -14.058	 -6.46664	  69.63295	  70.62435
 960	 -13.02265	 -6.09277	  70.08324	  71.07139
 958	 -14.97755	 -5.473	  70.11646	  71.10436
 981	 -16.00514	 -5.61523	  69.58272	  70.57449
 963	 -14.058	 -6.46664	  69.63295	  70.62435
 981	 -16.00514	 -5.61523	  69.58272	  70.57449
 982	 -15.07387	 -6.82793	  69.06271	  70.05824
 963	 -14.058	 -6.46664	  69.63295	  70.62435
 981	 -16.00514	 -5.61523	  69.58272	  70.57449
 984	 -16.93733	 -5.35545	  68.99564	  69.99163
 982	 -15.07387	 -6.82793	  69.06271	  70.05824
 984	 -16.93733	 -5.35545	  68.99564	  69.99163
 987	 -16.01048	 -6.53097	  68.44218	  69.44218
 982	 -15.07387	 -6.82793	  69.06271	  70.05824
 982	 -15.07387	 -6.82793	  69.06271	  70.05824
 987	 -16.01048	 -6.53097	  68.44218	  69.44218
 985	 -14.15581	 -7.89732	  68.4866	  69.48629
 987	 -16.01048	 -6.53097	  68.44218	  69.44218
 988	 -15.14738	 -7.71827	  67.89835	  68.90228
 985	 -14.15581	 -7.89732	  68.4866	  69.48629
 985	 -14.15581	 -7.89732	  68.4866	  69.48629
 988	 -15.14738	 -7.71827	  67.89835	  68.90228
 986	 -13.33053	 -8.70462	  67.90082	  68.90473
 988	 -15.14738	 -7.71827	  67.89835	  68.90228
 991	 -14.38495	 -8.86895	  67.35841	  68.36625
 986	 -13.33053	 -8.70462	  67.90082	  68.90473
 986	 -13.33053	 -8.70462	  67.90082	  68.90473
 991	 -14.38495	 -8.86895	  67.35841	  68.36625
 989	 -12.69421	 -9.22957	  67.36946	  68.37722
 991	 -14.38495	 -8.86895	  67.35841	  68.36625
 992	 -13.78408	 -9.84992	  66.8607	  67.87214
 989	 -12.69421	 -9.22957	  67.36946	  68.37722
 989	 -12.69421	 -9.22957	  67.36946	  68.37722
 992	 -13.78408	 -9.84992	  66.8607	  67.87214
 990	 -12.1635	 -9.84467	  66.87408	  67.88541
 1187	 -13.85313	 -4.74458	  72.31697	  73.28898
 1188	 -14.31547	 -4.63562	  71.49258	  72.47054
 1193	 -12.83729	 -5.25102	  71.79007	  72.76588
 1188	 -14.31547	 -4.63562	  71.49258	  72.47054
 1194	 -13.3109	 -5.17541	  71.01057	  71.99201
 1193	 -12.83729	 -5.25102	  71.79007	  72.76588
 1188	 -14.31547	 -4.63562	  71.49258	  72.47054
 962	 -15.00581	 -4.48642	  70.9397	  71.92164
 1194	 -13.3109	 -5.17541	  71.01057	  71.99201
 962	 -15.00581	 -4.48642	  70.9397	  71.92164
 959	 -13.99634	 -5.26722	  70.52335	  71.50831
 1194	 -13.3109	 -5.17541	  71.01057	  71.99201
 962	 -15.00581	 -4.48642	  70.9397	  71.92164
 957	 -15.93415	 -4.4058	  70.55238	  71.53713
 959	 -13.99634	 -5.26722	  70.52335	  71.50831
 957	 -15.93415	 -4.4058	  70.55238	  71.53713
 958	 -14.97755	 -5.473	  70.11646	  71.10436
 959	 -13.99634	 -5.26722	  70.52335	  71.50831
 957	 -15.93415	 -4.4058	  70.55238	  71.53713
 977	 -16.93771	 -4.4627	  70.07458	  71.0628
 958	 -14.97755	 -5.473	  70.11646	  71.10436
 977	 -16.93771	 -4.4627	  70.07458	  71.0628
 981	 -16.00514	 -5.61523	  69.58272	  70.57449
 958	 -14.97755	 -5.473	  70.11646	  71.10436
 977	 -16.93771	 -4.4627	  70.07458	  71.0628
 983	 -17.88068	 -4.04432	  69.53384	  70.52596
 981	 -16.00514	 -5.61523	  69.58272	  70.57449
 983	 -17.88068	 -4.04432	  69.53384	  70.52596
 984	 -16.93733	 -5.35545	  68.99564	  69.99163
 981	 -16.00514	 -5.61523	  69.58272	  70.57449
 983	 -17.88068	 -4.04432	  69.53384	  70.52596
 1085	 -18.74687	 -3.19661	  69.0298	  70.02555
 984	 -16.93733	 -5.35545	  68.99564	  69.99163
 1085	 -18.74687	 -3.19661	  69.0298	  70.02555
 1086	 -17.74008	 -4.52705	  68.42792	  69.42802
 984	 -16.93733	 -5.35545	  68.99564	  69.99163
 984	 -16.93733	 -5.35545	  68.99564	  69.99163
 1086	 -17.74008	 -4.52705	  68.42792	  69.42802
 987	 -16.01048	 -6.53097	  68.44218	  69.44218
 1086	 -17.74008	 -4.52705	  68.42792	  69.42802
 1087	 -16.89998	 -6.27983	  67.90131	  68.9052
 987	 -16.01048	 -6.53097	  68.44218	  69.44218
 987	 -16.01048	 -6.53097	  68.44218	  69.44218
 1087	 -16.89998	 -6.27983	  67.90131	  68.9052
 988	 -15.14738	 -7.71827	  67.89835	  68.90228
 1087	 -16.89998	 -6.27983	  67.90131	  68.9052
 1088	 -16.13177	 -7.93924	  67.39757	  68.40513
 988	 -15.14738	 -7.71827	  67.89835	  68.90228
 988	 -15.14738	 -7.71827	  67.89835	  68.90228
 1088	 -16.13177	 -7.93924	  67.39757	  68.40513
 991	 -14.38495	 -8.86895	  67.35841	  68.36625
 1088	 -16.13177	 -7.93924	  67.39757	  68.40513
 1089	 -15.45908	 -9.48499	  66.91235	  67.92341
 991	 -14.38495	 -8.86895	  67.35841	  68.36625
 1084	 -19.85416	 -2.24579	  69.60974	  70.60131
 1067	 -20.81936	 -1.79736	  69.17874	  70.17342
 1085	 -18.74687	 -3.19661	  69.0298	  70.02555
 1084	 -19.85416	 -2.24579	  69.60974	  70.60131
 1085	 -18.74687	 -3.19661	  69.0298	  70.02555
 983	 -17.88068	 -4.04432	  69.53384	  70.52596
 979	 -18.84839	 -2.6714	  70.03996	  71.02842
 1084	 -19.85416	 -2.24579	  69.60974	  70.60131
 983	 -17.88068	 -4.04432	  69.53384	  70.52596
 979	 -18.84839	 -2.6714	  70.03996	  71.02842
 983	 -17.88068	 -4.04432	  69.53384	  70.52596
 977	 -16.93771	 -4.4627	  70.07458	  71.0628
 976	 -17.88569	 -3.17127	  70.53175	  71.51665
 979	 -18.84839	 -2.6714	  70.03996	  71.02842
 977	 -16.93771	 -4.4627	  70.07458	  71.0628
 976	 -17.88569	 -3.17127	  70.53175	  71.51665
 977	 -16.93771	 -4.4627	  70.07458	  71.0628
 957	 -15.93415	 -4.4058	  70.55238	  71.53713
 961	 -16.93074	 -3.44086	  70.94563	  71.92754
 976	 -17.88569	 -3.17127	  70.53175	  71.51665
 957	 -15.93415	 -4.4058	  70.55238	  71.53713
 961	 -16.93074	 -3.44086	  70.94563	  71.92754
 957	 -15.93415	 -4.4058	  70.55238	  71.53713
 962	 -15.00581	 -4.48642	  70.9397	  71.92164
 1047	 -16.05108	 -3.79842	  71.38702	  72.36575
 961	 -16.93074	 -3.44086	  70.94563	  71.92754
 962	 -15.00581	 -4.48642	  70.9397	  71.92164
 1047	 -16.05108	 -3.79842	  71.38702	  72.36575
 962	 -15.00581	 -4.48642	  70.9397	  71.92164
 1188	 -14.31547	 -4.63562	  71.49258	  72.47054
 1182	 -15.3063	 -4.11457	  71.99274	  72.96708
 1047	 -16.05108	 -3.79842	  71.38702	  72.36575
 1188	 -14.31547	 -4.63562	  71.49258	  72.47054
 1182	 -15.3063	 -4.11457	  71.99274	  72.96708
 1188	 -14.31547	 -4.63562	  71.49258	  72.47054
 1187	 -13.85313	 -4.74458	  72.31697	  73.28898
 1181	 -14.90872	 -4.12292	  72.87	  73.83801
 1182	 -15.3063	 -4.11457	  71.99274	  72.96708
 1187	 -13.85313	 -4.74458	  72.31697	  73.28898
 1181	 -14.90872	 -4.12292	  72.87	  73.83801
 1187	 -13.85313	 -4.74458	  72.31697	  73.28898
 1186	 -13.6053	 -4.67624	  73.31143	  74.27624
 1180	 -14.69416	 -4.05829	  73.85115	  74.81207
 1181	 -14.90872	 -4.12292	  72.87	  73.83801
 1186	 -13.6053	 -4.67624	  73.31143	  74.27624
 1180	 -14.69416	 -4.05829	  73.85115	  74.81207
 1186	 -13.6053	 -4.67624	  73.31143	  74.27624
 1183	 -13.57061	 -4.69708	  74.42543	  75.38219
 1177	 -14.69518	 -4.25262	  74.94164	  75.89466
 1180	 -14.69416	 -4.05829	  73.85115	  74.81207
 1183	 -13.57061	 -4.69708	  74.42543	  75.38219
 1177	 -14.69518	 -4.25262	  74.94164	  75.89466
 1183	 -13.57061	 -4.69708	  74.42543	  75.38219
 1173	 -13.69675	 -4.77764	  75.61475	  76.56292
 1171	 -15.80726	 -3.85473	  75.433	  76.38248
 1174	 -15.76896	 -3.41135	  74.37956	  75.33666
 1177	 -14.69518	 -4.25262	  74.94164	  75.89466
 1174	 -15.76896	 -3.41135	  74.37956	  75.33666
 1180	 -14.69416	 -4.05829	  73.85115	  74.81207
 1177	 -14.69518	 -4.25262	  74.94164	  75.89466
 1174	 -15.76896	 -3.41135	  74.37956	  75.33666
 1175	 -15.94168	 -3.39317	  73.40126	  74.36543
 1180	 -14.69416	 -4.05829	  73.85115	  74.81207
 1175	 -15.94168	 -3.39317	  73.40126	  74.36543
 1181	 -14.90872	 -4.12292	  72.87	  73.83801
 1180	 -14.69416	 -4.05829	  73.85115	  74.81207
 1175	 -15.94168	 -3.39317	  73.40126	  74.36543
 1176	 -16.36428	 -3.53672	  72.54486	  73.51521
 1181	 -14.90872	 -4.12292	  72.87	  73.83801
 1176	 -16.36428	 -3.53672	  72.54486	  73.51521
 1182	 -15.3063	 -4.11457	  71.99274	  72.96708
 1181	 -14.90872	 -4.12292	  72.87	  73.83801
 1165	 -16.92669	 -3.47245	  75.90578	  76.85184
 1171	 -15.80726	 -3.85473	  75.433	  76.38248
 1160	 -15.94909	 -4.31001	  76.54631	  77.48775
 1165	 -16.92669	 -3.47245	  75.90578	  76.85184
 1168	 -16.86621	 -2.78574	  74.89992	  75.85325
 1171	 -15.80726	 -3.85473	  75.433	  76.38248
 1168	 -16.86621	 -2.78574	  74.89992	  75.85325
 1174	 -15.76896	 -3.41135	  74.37956	  75.33666
 1171	 -15.80726	 -3.85473	  75.433	  76.38248
 1168	 -16.86621	 -2.78574	  74.89992	  75.85325
 1169	 -17.03314	 -2.75991	  73.92947	  74.88982
 1174	 -15.76896	 -3.41135	  74.37956	  75.33666
 1169	 -17.03314	 -2.75991	  73.92947	  74.88982
 1175	 -15.94168	 -3.39317	  73.40126	  74.36543
 1174	 -15.76896	 -3.41135	  74.37956	  75.33666
 1169	 -17.03314	 -2.75991	  73.92947	  74.88982
 1170	 -17.5162	 -2.85378	  73.1291	  74.09524
 1175	 -15.94168	 -3.39317	  73.40126	  74.36543
 1170	 -17.5162	 -2.85378	  73.1291	  74.09524
 1176	 -16.36428	 -3.53672	  72.54486	  73.51521
 1175	 -15.94168	 -3.39317	  73.40126	  74.36543
 1170	 -17.5162	 -2.85378	  73.1291	  74.09524
 1040	 -18.27188	 -2.75383	  72.43991	  73.41103
 1176	 -16.36428	 -3.53672	  72.54486	  73.51521
 1040	 -18.27188	 -2.75383	  72.43991	  73.41103
 1041	 -17.11617	 -3.23612	  71.87405	  72.84925
 1176	 -16.36428	 -3.53672	  72.54486	  73.51521
 1040	 -18.27188	 -2.75383	  72.43991	  73.41103
 1039	 -19.11374	 -1.87451	  71.92012	  72.89498
 1041	 -17.11617	 -3.23612	  71.87405	  72.84925
 1039	 -19.11374	 -1.87451	  71.92012	  72.89498
 1046	 -17.99653	 -2.5654	  71.39168	  72.37037
 1041	 -17.11617	 -3.23612	  71.87405	  72.84925
 1039	 -19.11374	 -1.87451	  71.92012	  72.89498
 1052	 -19.91508	 -0.76225	  71.50429	  72.48215
 1046	 -17.99653	 -2.5654	  71.39168	  72.37037
 1052	 -19.91508	 -0.76225	  71.50429	  72.48215
 975	 -18.86681	 -1.80208	  70.97801	  71.95969
 1046	 -17.99653	 -2.5654	  71.39168	  72.37037
 1052	 -19.91508	 -0.76225	  71.50429	  72.48215
 980	 -20.90761	 -0.37494	  71.06334	  72.0444
 975	 -18.86681	 -1.80208	  70.97801	  71.95969
 980	 -20.90761	 -0.37494	  71.06334	  72.0444
 978	 -19.85156	 -1.39209	  70.53195	  71.51685
 975	 -18.86681	 -1.80208	  70.97801	  71.95969
 980	 -20.90761	 -0.37494	  71.06334	  72.0444
 1082	 -22.02227	 -0.65335	  70.70753	  71.69115
 978	 -19.85156	 -1.39209	  70.53195	  71.51685
 1082	 -22.02227	 -0.65335	  70.70753	  71.69115
 1083	 -20.93985	 -1.35981	  70.16298	  71.15055
 978	 -19.85156	 -1.39209	  70.53195	  71.51685
 1082	 -22.02227	 -0.65335	  70.70753	  71.69115
 1061	 -23.11318	 -0.54679	  70.34644	  71.33268
 1083	 -20.93985	 -1.35981	  70.16298	  71.15055
 1176	 -16.36428	 -3.53672	  72.54486	  73.51521
 1041	 -17.11617	 -3.23612	  71.87405	  72.84925
 1182	 -15.3063	 -4.11457	  71.99274	  72.96708
 1041	 -17.11617	 -3.23612	  71.87405	  72.84925
 1047	 -16.05108	 -3.79842	  71.38702	  72.36575
 1182	 -15.3063	 -4.11457	  71.99274	  72.96708
 1041	 -17.11617	 -3.23612	  71.87405	  72.84925
 1046	 -17.99653	 -2.5654	  71.39168	  72.37037
 1047	 -16.05108	 -3.79842	  71.38702	  72.36575
 1046	 -17.99653	 -2.5654	  71.39168	  72.37037
 961	 -16.93074	 -3.44086	  70.94563	  71.92754
 1047	 -16.05108	 -3.79842	  71.38702	  72.36575
 1046	 -17.99653	 -2.5654	  71.39168	  72.37037
 975	 -18.86681	 -1.80208	  70.97801	  71.95969
 961	 -16.93074	 -3.44086	  70.94563	  71.92754
 975	 -18.86681	 -1.80208	  70.97801	  71.95969
 976	 -17.88569	 -3.17127	  70.53175	  71.51665
 961	 -16.93074	 -3.44086	  70.94563	  71.92754
 975	 -18.86681	 -1.80208	  70.97801	  71.95969
 978	 -19.85156	 -1.39209	  70.53195	  71.51685
 976	 -17.88569	 -3.17127	  70.53175	  71.51665
 978	 -19.85156	 -1.39209	  70.53195	  71.51685
 979	 -18.84839	 -2.6714	  70.03996	  71.02842
 976	 -17.88569	 -3.17127	  70.53175	  71.51665
 978	 -19.85156	 -1.39209	  70.53195	  71.51685
 1083	 -20.93985	 -1.35981	  70.16298	  71.15055
 979	 -18.84839	 -2.6714	  70.03996	  71.02842
 1083	 -20.93985	 -1.35981	  70.16298	  71.15055
 1084	 -19.85416	 -2.24579	  69.60974	  70.60131
 979	 -18.84839	 -2.6714	  70.03996	  71.02842
 1083	 -20.93985	 -1.35981	  70.16298	  71.15055
 1065	 -22.0112	 -1.25092	  69.77869	  70.76904
 1084	 -19.85416	 -2.24579	  69.60974	  70.60131
 1065	 -22.0112	 -1.25092	  69.77869	  70.76904
 1067	 -20.81936	 -1.79736	  69.17874	  70.17342
 1084	 -19.85416	 -2.24579	  69.60974	  70.60131
 1065	 -22.0112	 -1.25092	  69.77869	  70.76904
 1066	 -22.84621	 -0.5474	  69.33089	  70.32447
 1067	 -20.81936	 -1.79736	  69.17874	  70.17342
 1066	 -22.84621	 -0.5474	  69.33089	  70.32447
 1070	 -21.69077	 -1.62346	  68.72165	  69.71963
 1067	 -20.81936	 -1.79736	  69.17874	  70.17342
 1067	 -20.81936	 -1.79736	  69.17874	  70.17342
 1070	 -21.69077	 -1.62346	  68.72165	  69.71963
 1071	 -19.75829	 -3.06547	  68.57883	  69.57784
 1070	 -21.69077	 -1.62346	  68.72165	  69.71963
 1072	 -20.59214	 -2.91032	  68.13484	  69.13706
 1071	 -19.75829	 -3.06547	  68.57883	  69.57784
 1071	 -19.75829	 -3.06547	  68.57883	  69.57784
 1072	 -20.59214	 -2.91032	  68.13484	  69.13706
 1073	 -18.80194	 -4.66028	  68.02591	  69.02892
 1072	 -20.59214	 -2.91032	  68.13484	  69.13706
 1076	 -19.68182	 -4.53418	  67.60545	  68.6115
 1073	 -18.80194	 -4.66028	  68.02591	  69.02892
 1061	 -23.11318	 -0.54679	  70.34644	  71.33268
 1065	 -22.0112	 -1.25092	  69.77869	  70.76904
 1083	 -20.93985	 -1.35981	  70.16298	  71.15055
 1061	 -23.11318	 -0.54679	  70.34644	  71.33268
 1064	 -24.05017	 -0.03549	  69.94221	  70.93137
 1065	 -22.0112	 -1.25092	  69.77869	  70.76904
 1064	 -24.05017	 -0.03549	  69.94221	  70.93137
 1066	 -22.84621	 -0.5474	  69.33089	  70.32447
 1065	 -22.0112	 -1.25092	  69.77869	  70.76904
 1064	 -24.05017	 -0.03549	  69.94221	  70.93137
 1068	 -24.79847	  0.27233	  69.45378	  70.44648
 1066	 -22.84621	 -0.5474	  69.33089	  70.32447
 1068	 -24.79847	  0.27233	  69.45378	  70.44648
 1069	 -23.55449	 -0.58015	  68.85271	  69.84974
 1066	 -22.84621	 -0.5474	  69.33089	  70.32447
 1066	 -22.84621	 -0.5474	  69.33089	  70.32447
 1069	 -23.55449	 -0.58015	  68.85271	  69.84974
 1070	 -21.69077	 -1.62346	  68.72165	  69.71963
 1069	 -23.55449	 -0.58015	  68.85271	  69.84974
 1074	 -22.33108	 -1.49733	  68.25977	  69.26107
 1070	 -21.69077	 -1.62346	  68.72165	  69.71963
 1070	 -21.69077	 -1.62346	  68.72165	  69.71963
 1074	 -22.33108	 -1.49733	  68.25977	  69.26107
 1072	 -20.59214	 -2.91032	  68.13484	  69.13706
 1074	 -22.33108	 -1.49733	  68.25977	  69.26107
 1075	 -21.29076	 -2.76571	  67.70056	  68.70592
 1072	 -20.59214	 -2.91032	  68.13484	  69.13706
 1072	 -20.59214	 -2.91032	  68.13484	  69.13706
 1075	 -21.29076	 -2.76571	  67.70056	  68.70592
 1076	 -19.68182	 -4.53418	  67.60545	  68.6115
 1075	 -21.29076	 -2.76571	  67.70056	  68.70592
 1080	 -20.51704	 -4.35459	  67.2251	  68.23389
 1076	 -19.68182	 -4.53418	  67.60545	  68.6115
 1076	 -19.68182	 -4.53418	  67.60545	  68.6115
 1080	 -20.51704	 -4.35459	  67.2251	  68.23389
 1078	 -18.96609	 -6.27836	  67.13805	  68.14747
 1080	 -20.51704	 -4.35459	  67.2251	  68.23389
 1021	 -19.79887	 -5.65409	  66.73894	  67.75124
