 9728	  25050.49023	 -5613.00244	  919.56952	 -899.56952
 9617	  25323.66211	 -5576.25439	  655.97089	 -635.97089
 2852	  25087.20313	 -5737.87793	  692.31573	 -672.31573
 9728	  25050.49023	 -5613.00244	  919.56952	 -899.56952
 9793	  24814.03516	 -5788.52881	  962.91595	 -942.91595
 2916	  24540.86719	 -5796.43359	  1211.98962	 -1191.98962
 9794	  24777.32227	 -5623.3042	  1169.8501	 -1149.8501
 9728	  25050.49023	 -5613.00244	  919.56952	 -899.56952
 9793	  24814.03516	 -5788.52881	  962.91595	 -942.91595
 9794	  24777.32227	 -5623.3042	  1169.8501	 -1149.8501
 9617	  25323.66211	 -5576.25439	  655.97089	 -635.97089
 9728	  25050.49023	 -5613.00244	  919.56952	 -899.56952
 9618	  25286.94922	 -5430.11865	  872.51813	 -852.51813
 2788	  25560.11523	 -5420.06445	  622.36169	 -602.36169
 9617	  25323.66211	 -5576.25439	  655.97089	 -635.97089
 9618	  25286.94922	 -5430.11865	  872.51813	 -852.51813
 9728	  25050.49023	 -5613.00244	  919.56952	 -899.56952
 9794	  24777.32227	 -5623.3042	  1169.8501	 -1149.8501
 2853	  25013.77734	 -5444.53369	  1124.86987	 -1104.86987
 9618	  25286.94922	 -5430.11865	  872.51813	 -852.51813
 9728	  25050.49023	 -5613.00244	  919.56952	 -899.56952
 2853	  25013.77734	 -5444.53369	  1124.86987	 -1104.86987
 2788	  25560.11523	 -5420.06445	  622.36169	 -602.36169
 9618	  25286.94922	 -5430.11865	  872.51813	 -852.51813
 9552	  25523.40234	 -5239.43262	  821.53674	 -801.53674
 682	  25796.57227	 -5302.39746	  608.15356	 -588.15356
 2788	  25560.11523	 -5420.06445	  622.36169	 -602.36169
 9552	  25523.40234	 -5239.43262	  821.53674	 -801.53674
 9618	  25286.94922	 -5430.11865	  872.51813	 -852.51813
 2853	  25013.77734	 -5444.53369	  1124.86987	 -1104.86987
 9619	  25250.23633	 -5255.83887	  1074.89209	 -1054.89209
 9552	  25523.40234	 -5239.43262	  821.53674	 -801.53674
 9618	  25286.94922	 -5430.11865	  872.51813	 -852.51813
 9619	  25250.23633	 -5255.83887	  1074.89209	 -1054.89209
 682	  25796.57227	 -5302.39746	  608.15356	 -588.15356
 9552	  25523.40234	 -5239.43262	  821.53674	 -801.53674
 9457	  25759.85938	 -5074.48535	  783.51837	 -763.51837
 2724	  26033.0293	 -5295.05176	  649.50238	 -629.50238
 682	  25796.57227	 -5302.39746	  608.15356	 -588.15356
 9457	  25759.85938	 -5074.48535	  783.51837	 -763.51837
 9552	  25523.40234	 -5239.43262	  821.53674	 -801.53674
 9619	  25250.23633	 -5255.83887	  1074.89209	 -1054.89209
 2789	  25486.68945	 -5076.74463	  1029.74841	 -1009.74841
 9457	  25759.85938	 -5074.48535	  783.51837	 -763.51837
 9552	  25523.40234	 -5239.43262	  821.53674	 -801.53674
 2789	  25486.68945	 -5076.74463	  1029.74841	 -1009.74841
 2724	  26033.0293	 -5295.05176	  649.50238	 -629.50238
 9457	  25759.85938	 -5074.48535	  783.51837	 -763.51837
 9392	  25996.31641	 -5021.61133	  801.93903	 -781.93903
 9266	  26269.48438	 -5293.36621	  693.7016	 -673.7016
 2724	  26033.0293	 -5295.05176	  649.50238	 -629.50238
 9392	  25996.31641	 -5021.61133	  801.93903	 -781.93903
 9457	  25759.85938	 -5074.48535	  783.51837	 -763.51837
 2789	  25486.68945	 -5076.74463	  1029.74841	 -1009.74841
 9458	  25723.14648	 -4933.08398	  1002.44971	 -982.44971
 9392	  25996.31641	 -5021.61133	  801.93903	 -781.93903
 9457	  25759.85938	 -5074.48535	  783.51837	 -763.51837
 9458	  25723.14648	 -4933.08398	  1002.44971	 -982.44971
 9266	  26269.48438	 -5293.36621	  693.7016	 -673.7016
 9392	  25996.31641	 -5021.61133	  801.93903	 -781.93903
 9267	  26232.77148	 -5020.03857	  846.19525	 -826.19525
 2660	  26505.93945	 -5288.7002	  736.39996	 -716.39996
 9266	  26269.48438	 -5293.36621	  693.7016	 -673.7016
 9267	  26232.77148	 -5020.03857	  846.19525	 -826.19525
 9392	  25996.31641	 -5021.61133	  801.93903	 -781.93903
 9458	  25723.14648	 -4933.08398	  1002.44971	 -982.44971
 2725	  25959.60352	 -4804.20605	  982.59509	 -962.59509
 9267	  26232.77148	 -5020.03857	  846.19525	 -826.19525
 9392	  25996.31641	 -5021.61133	  801.93903	 -781.93903
 2725	  25959.60352	 -4804.20605	  982.59509	 -962.59509
 2660	  26505.93945	 -5288.7002	  736.39996	 -716.39996
 9267	  26232.77148	 -5020.03857	  846.19525	 -826.19525
 9200	  26469.22656	 -5017.53369	  889.98199	 -869.98199
 650	  26742.39648	 -5271.15674	  772.6131	 -752.6131
 2660	  26505.93945	 -5288.7002	  736.39996	 -716.39996
 9200	  26469.22656	 -5017.53369	  889.98199	 -869.98199
 9267	  26232.77148	 -5020.03857	  846.19525	 -826.19525
 2725	  25959.60352	 -4804.20605	  982.59509	 -962.59509
 9268	  26196.05859	 -4772.11377	  1011.48169	 -991.48169
 9200	  26469.22656	 -5017.53369	  889.98199	 -869.98199
 9267	  26232.77148	 -5020.03857	  846.19525	 -826.19525
 9268	  26196.05859	 -4772.11377	  1011.48169	 -991.48169
 650	  26742.39648	 -5271.15674	  772.6131	 -752.6131
 9200	  26469.22656	 -5017.53369	  889.98199	 -869.98199
 9105	  26705.68359	 -4995.88867	  924.12952	 -904.12952
 2596	  26978.85352	 -5248.14404	  806.07263	 -786.07263
 650	  26742.39648	 -5271.15674	  772.6131	 -752.6131
 9105	  26705.68359	 -4995.88867	  924.12952	 -904.12952
 9200	  26469.22656	 -5017.53369	  889.98199	 -869.98199
 9268	  26196.05859	 -4772.11377	  1011.48169	 -991.48169
 2661	  26432.51367	 -4765.50781	  1053.20313	 -1033.20313
 9105	  26705.68359	 -4995.88867	  924.12952	 -904.12952
 9200	  26469.22656	 -5017.53369	  889.98199	 -869.98199
 2661	  26432.51367	 -4765.50781	  1053.20313	 -1033.20313
 2596	  26978.85352	 -5248.14404	  806.07263	 -786.07263
 9105	  26705.68359	 -4995.88867	  924.12952	 -904.12952
 9040	  26942.14063	 -4971.50928	  956.90076	 -936.90076
 8914	  27215.30664	 -5211.46094	  832.64655	 -812.64655
 2596	  26978.85352	 -5248.14404	  806.07263	 -786.07263
 9040	  26942.14063	 -4971.50928	  956.90076	 -936.90076
 9105	  26705.68359	 -4995.88867	  924.12952	 -904.12952
 2661	  26432.51367	 -4765.50781	  1053.20313	 -1033.20313
 9106	  26668.96875	 -4737.02734	  1083.90845	 -1063.90845
 9040	  26942.14063	 -4971.50928	  956.90076	 -936.90076
 9105	  26705.68359	 -4995.88867	  924.12952	 -904.12952
 9106	  26668.96875	 -4737.02734	  1083.90845	 -1063.90845
 8914	  27215.30664	 -5211.46094	  832.64655	 -812.64655
 9040	  26942.14063	 -4971.50928	  956.90076	 -936.90076
 8915	  27178.59375	 -4938.92773	  985.54028	 -965.54028
 2539	  27451.76563	 -5170.67529	  857.15558	 -837.15558
 8914	  27215.30664	 -5211.46094	  832.64655	 -812.64655
 8915	  27178.59375	 -4938.92773	  985.54028	 -965.54028
 9040	  26942.14063	 -4971.50928	  956.90076	 -936.90076
 9106	  26668.96875	 -4737.02734	  1083.90845	 -1063.90845
 2597	  26905.42773	 -4701.71045	  1111.17139	 -1091.17139
 8915	  27178.59375	 -4938.92773	  985.54028	 -965.54028
 9040	  26942.14063	 -4971.50928	  956.90076	 -936.90076
 2597	  26905.42773	 -4701.71045	  1111.17139	 -1091.17139
 2539	  27451.76563	 -5170.67529	  857.15558	 -837.15558
 8915	  27178.59375	 -4938.92773	  985.54028	 -965.54028
 8856	  27415.05273	 -4898.14111	  1010.04895	 -990.04895
 618	  27688.2207	 -5139.46045	  886.48395	 -866.48395
 2539	  27451.76563	 -5170.67529	  857.15558	 -837.15558
 8856	  27415.05273	 -4898.14111	  1010.04895	 -990.04895
 8915	  27178.59375	 -4938.92773	  985.54028	 -965.54028
 2597	  26905.42773	 -4701.71045	  1111.17139	 -1091.17139
 8916	  27141.88086	 -4662.29248	  1136.36841	 -1116.36841
 8856	  27415.05273	 -4898.14111	  1010.04895	 -990.04895
 8915	  27178.59375	 -4938.92773	  985.54028	 -965.54028
 8916	  27141.88086	 -4662.29248	  1136.36841	 -1116.36841
 618	  27688.2207	 -5139.46045	  886.48395	 -866.48395
 8856	  27415.05273	 -4898.14111	  1010.04895	 -990.04895
 8761	  27651.50781	 -4858.72363	  1035.24634	 -1015.2464
 2476	  27924.67578	 -5123.28369	  923.3855	 -903.3855
 618	  27688.2207	 -5139.46045	  886.48395	 -866.48395
 8761	  27651.50781	 -4858.72363	  1035.24634	 -1015.2464
 8856	  27415.05273	 -4898.14111	  1010.04895	 -990.04895
 8916	  27141.88086	 -4662.29248	  1136.36841	 -1116.36841
 2540	  27378.33984	 -4621.50732	  1160.87744	 -1140.87744
 8761	  27651.50781	 -4858.72363	  1035.24634	 -1015.2464
 8856	  27415.05273	 -4898.14111	  1010.04895	 -990.04895
 2540	  27378.33984	 -4621.50732	  1160.87744	 -1140.87744
 2476	  27924.67578	 -5123.28369	  923.3855	 -903.3855
 8761	  27651.50781	 -4858.72363	  1035.24634	 -1015.2464
 8696	  27887.96289	 -4826.1416	  1063.88623	 -1043.88623
 8570	  28161.13281	 -5113.72998	  963.62231	 -943.62231
 2476	  27924.67578	 -5123.28369	  923.3855	 -903.3855
 8696	  27887.96289	 -4826.1416	  1063.88623	 -1043.88623
 8761	  27651.50781	 -4858.72363	  1035.24634	 -1015.2464
 2540	  27378.33984	 -4621.50732	  1160.87744	 -1140.87744
 8762	  27614.79492	 -4582.08887	  1186.07458	 -1166.07458
 8696	  27887.96289	 -4826.1416	  1063.88623	 -1043.88623
 8761	  27651.50781	 -4858.72363	  1035.24634	 -1015.2464
 8762	  27614.79492	 -4582.08887	  1186.07458	 -1166.07458
 8570	  28161.13281	 -5113.72998	  963.62231	 -943.62231
 8696	  27887.96289	 -4826.1416	  1063.88623	 -1043.88623
 8571	  28124.41992	 -4801.34473	  1096.44653	 -1076.44653
 2412	  28397.58789	 -5105.81885	  1004.68646	 -984.68646
 8570	  28161.13281	 -5113.72998	  963.62231	 -943.62231
 8571	  28124.41992	 -4801.34473	  1096.44653	 -1076.44653
 8696	  27887.96289	 -4826.1416	  1063.88623	 -1043.88623
 8762	  27614.79492	 -4582.08887	  1186.07458	 -1166.07458
 2477	  27851.25	 -4542.67041	  1211.27173	 -1191.27173
 8571	  28124.41992	 -4801.34473	  1096.44653	 -1076.44653
 8696	  27887.96289	 -4826.1416	  1063.88623	 -1043.88623
 2477	  27851.25	 -4542.67041	  1211.27173	 -1191.27173
 2412	  28397.58789	 -5105.81885	  1004.68646	 -984.68646
 8571	  28124.41992	 -4801.34473	  1096.44653	 -1076.44653
 8504	  28360.875	 -4777.83301	  1129.65442	 -1109.65442
 586	  28634.04492	 -5096.48926	  1045.03638	 -1025.03638
 2412	  28397.58789	 -5105.81885	  1004.68646	 -984.68646
 8504	  28360.875	 -4777.83301	  1129.65442	 -1109.65442
 8571	  28124.41992	 -4801.34473	  1096.44653	 -1076.44653
 2477	  27851.25	 -4542.67041	  1211.27173	 -1191.27173
 8572	  28087.70508	 -4505.97803	  1237.84155	 -1217.84155
 8504	  28360.875	 -4777.83301	  1129.65442	 -1109.65442
 8571	  28124.41992	 -4801.34473	  1096.44653	 -1076.44653
 8572	  28087.70508	 -4505.97803	  1237.84155	 -1217.84155
 586	  28634.04492	 -5096.48926	  1045.03638	 -1025.03638
 8504	  28360.875	 -4777.83301	  1129.65442	 -1109.65442
 8409	  28597.33203	 -4754.32178	  1162.86267	 -1142.86267
 2355	  28870.50195	 -5078.65039	  1081.10107	 -1061.10107
 586	  28634.04492	 -5096.48926	  1045.03638	 -1025.03638
 8409	  28597.33203	 -4754.32178	  1162.86267	 -1142.86267
 8504	  28360.875	 -4777.83301	  1129.65442	 -1109.65442
 8572	  28087.70508	 -4505.97803	  1237.84155	 -1217.84155
 2413	  28324.16211	 -4472.53906	  1266.0498	 -1246.0498
 8409	  28597.33203	 -4754.32178	  1162.86267	 -1142.86267
 8504	  28360.875	 -4777.83301	  1129.65442	 -1109.65442
 2413	  28324.16211	 -4472.53906	  1266.0498	 -1246.0498
 2355	  28870.50195	 -5078.65039	  1081.10107	 -1061.10107
 8409	  28597.33203	 -4754.32178	  1162.86267	 -1142.86267
 8344	  28833.78906	 -4719.46436	  1190.35669	 -1170.35669
 8218	  29106.95703	 -5056.55664	  1115.02283	 -1095.02283
 2355	  28870.50195	 -5078.65039	  1081.10107	 -1061.10107
 8344	  28833.78906	 -4719.46436	  1190.35669	 -1170.35669
 8409	  28597.33203	 -4754.32178	  1162.86267	 -1142.86267
 2413	  28324.16211	 -4472.53906	  1266.0498	 -1246.0498
 8410	  28560.61914	 -4436.2627	  1292.82971	 -1272.82971
 8344	  28833.78906	 -4719.46436	  1190.35669	 -1170.35669
 8409	  28597.33203	 -4754.32178	  1162.86267	 -1142.86267
 8410	  28560.61914	 -4436.2627	  1292.82971	 -1272.82971
 8218	  29106.95703	 -5056.55664	  1115.02283	 -1095.02283
 8344	  28833.78906	 -4719.46436	  1190.35669	 -1170.35669
 8219	  29070.24414	 -4684.60693	  1217.85059	 -1197.85059
 2299	  29343.41211	 -5028.7915	  1146.08838	 -1126.08838
 8218	  29106.95703	 -5056.55664	  1115.02283	 -1095.02283
 8219	  29070.24414	 -4684.60693	  1217.85059	 -1197.85059
 8344	  28833.78906	 -4719.46436	  1190.35669	 -1170.35669
 8410	  28560.61914	 -4436.2627	  1292.82971	 -1272.82971
 2356	  28797.07617	 -4392.89697	  1316.03894	 -1296.03894
 8219	  29070.24414	 -4684.60693	  1217.85059	 -1197.85059
 8344	  28833.78906	 -4719.46436	  1190.35669	 -1170.35669
 2356	  28797.07617	 -4392.89697	  1316.03894	 -1296.03894
 2299	  29343.41211	 -5028.7915	  1146.08838	 -1126.08838
 8219	  29070.24414	 -4684.60693	  1217.85059	 -1197.85059
 8160	  29306.69922	 -4661.0957	  1251.05847	 -1231.05847
 554	  29579.86914	 -5002.44287	  1177.86743	 -1157.86743
 2299	  29343.41211	 -5028.7915	  1146.08838	 -1126.08838
 8160	  29306.69922	 -4661.0957	  1251.05847	 -1231.05847
 8219	  29070.24414	 -4684.60693	  1217.85059	 -1197.85059
 2356	  28797.07617	 -4392.89697	  1316.03894	 -1296.03894
 8220	  29033.53125	 -4349.53076	  1339.24768	 -1319.24768
 8160	  29306.69922	 -4661.0957	  1251.05847	 -1231.05847
 8219	  29070.24414	 -4684.60693	  1217.85059	 -1197.85059
 8220	  29033.53125	 -4349.53076	  1339.24768	 -1319.24768
 554	  29579.86914	 -5002.44287	  1177.86743	 -1157.86743
 8160	  29306.69922	 -4661.0957	  1251.05847	 -1231.05847
 8065	  29543.1543	 -4647.51172	  1289.26563	 -1269.26563
 2236	  29816.32422	 -4969.00391	  1206.07581	 -1186.07581
 554	  29579.86914	 -5002.44287	  1177.86743	 -1157.86743
 8065	  29543.1543	 -4647.51172	  1289.26563	 -1269.26563
 8160	  29306.69922	 -4661.0957	  1251.05847	 -1231.05847
 8220	  29033.53125	 -4349.53076	  1339.24768	 -1319.24768
 2300	  29269.98633	 -4321.76465	  1370.31287	 -1350.31287
 8065	  29543.1543	 -4647.51172	  1289.26563	 -1269.26563
 8160	  29306.69922	 -4661.0957	  1251.05847	 -1231.05847
 2300	  29269.98633	 -4321.76465	  1370.31287	 -1350.31287
 2236	  29816.32422	 -4969.00391	  1206.07581	 -1186.07581
 8065	  29543.1543	 -4647.51172	  1289.26563	 -1269.26563
 8000	  29779.61133	 -4625.41797	  1323.18738	 -1303.18738
 7874	  30052.7793	 -4933.82031	  1233.40552	 -1213.40552
 2236	  29816.32422	 -4969.00391	  1206.07581	 -1186.07581
 8000	  29779.61133	 -4625.41797	  1323.18738	 -1303.18738
 8065	  29543.1543	 -4647.51172	  1289.26563	 -1269.26563
 2300	  29269.98633	 -4321.76465	  1370.31287	 -1350.31287
 8066	  29506.44141	 -4308.18066	  1408.52014	 -1388.52014
 8000	  29779.61133	 -4625.41797	  1323.18738	 -1303.18738
 8065	  29543.1543	 -4647.51172	  1289.26563	 -1269.26563
 8066	  29506.44141	 -4308.18066	  1408.52014	 -1388.52014
 7874	  30052.7793	 -4933.82031	  1233.40552	 -1213.40552
 8000	  29779.61133	 -4625.41797	  1323.18738	 -1303.18738
 7875	  30016.06641	 -4589.56006	  1350.17761	 -1330.17761
 2172	  30289.23828	 -4886.76514	  1254.75696	 -1234.75696
 7874	  30052.7793	 -4933.82031	  1233.40552	 -1213.40552
 7875	  30016.06641	 -4589.56006	  1350.17761	 -1330.17761
 8000	  29779.61133	 -4625.41797	  1323.18738	 -1303.18738
 8066	  29506.44141	 -4308.18066	  1408.52014	 -1388.52014
 2237	  29742.89844	 -4293.17822	  1446.01306	 -1426.01306
 7875	  30016.06641	 -4589.56006	  1350.17761	 -1330.17761
 8000	  29779.61133	 -4625.41797	  1323.18738	 -1303.18738
 2237	  29742.89844	 -4293.17822	  1446.01306	 -1426.01306
 2172	  30289.23828	 -4886.76514	  1254.75696	 -1234.75696
 7875	  30016.06641	 -4589.56006	  1350.17761	 -1330.17761
 7808	  30252.52539	 -4579.48682	  1390.1532	 -1370.1532
 522	  30525.69336	 -4835.18213	  1273.82813	 -1253.82813
 2172	  30289.23828	 -4886.76514	  1254.75696	 -1234.75696
 7808	  30252.52539	 -4579.48682	  1390.1532	 -1370.1532
 7875	  30016.06641	 -4589.56006	  1350.17761	 -1330.17761
 2237	  29742.89844	 -4293.17822	  1446.01306	 -1426.01306
 7876	  29979.35352	 -4279.46533	  1484.1554	 -1464.1554
 7808	  30252.52539	 -4579.48682	  1390.1532	 -1370.1532
 7875	  30016.06641	 -4589.56006	  1350.17761	 -1330.17761
 7876	  29979.35352	 -4279.46533	  1484.1554	 -1464.1554
 522	  30525.69336	 -4835.18213	  1273.82813	 -1253.82813
 7808	  30252.52539	 -4579.48682	  1390.1532	 -1370.1532
 7713	  30488.98047	 -4534.12939	  1412.35938	 -1392.35938
 2108	  30762.14844	 -4787.56104	  1294.89441	 -1274.89441
 522	  30525.69336	 -4835.18213	  1273.82813	 -1253.82813
 7713	  30488.98047	 -4534.12939	  1412.35938	 -1392.35938
 7808	  30252.52539	 -4579.48682	  1390.1532	 -1370.1532
 7876	  29979.35352	 -4279.46533	  1484.1554	 -1464.1554
 2173	  30215.8125	 -4269.37842	  1524.12427	 -1504.12427
 7713	  30488.98047	 -4534.12939	  1412.35938	 -1392.35938
 7808	  30252.52539	 -4579.48682	  1390.1532	 -1370.1532
 2173	  30215.8125	 -4269.37842	  1524.12427	 -1504.12427
 2108	  30762.14844	 -4787.56104	  1294.89441	 -1274.89441
 7713	  30488.98047	 -4534.12939	  1412.35938	 -1392.35938
 7648	  30725.43555	 -4494.99756	  1437.70081	 -1417.70081
 7522	  30998.60352	 -4731.45068	  1311.68542	 -1291.68542
 2108	  30762.14844	 -4787.56104	  1294.89441	 -1274.89441
 7648	  30725.43555	 -4494.99756	  1437.70081	 -1417.70081
 7713	  30488.98047	 -4534.12939	  1412.35938	 -1392.35938
 2173	  30215.8125	 -4269.37842	  1524.12427	 -1504.12427
 7714	  30452.26758	 -4254.0166	  1561.43616	 -1541.43616
 7648	  30725.43555	 -4494.99756	  1437.70081	 -1417.70081
 7713	  30488.98047	 -4534.12939	  1412.35938	 -1392.35938
 7714	  30452.26758	 -4254.0166	  1561.43616	 -1541.43616
 7522	  30998.60352	 -4731.45068	  1311.68542	 -1291.68542
 7648	  30725.43555	 -4494.99756	  1437.70081	 -1417.70081
 7523	  30961.89063	 -4453.03613	  1461.61719	 -1441.61719
 2044	  31235.06055	 -4679.86816	  1330.75659	 -1310.75659
 7522	  30998.60352	 -4731.45068	  1311.68542	 -1291.68542
 7523	  30961.89063	 -4453.03613	  1461.61719	 -1441.61719
 7648	  30725.43555	 -4494.99756	  1437.70081	 -1417.70081
 7714	  30452.26758	 -4254.0166	  1561.43616	 -1541.43616
 2109	  30688.72266	 -4209.22559	  1583.92749	 -1563.92749
 7523	  30961.89063	 -4453.03613	  1461.61719	 -1441.61719
 7648	  30725.43555	 -4494.99756	  1437.70081	 -1417.70081
 2109	  30688.72266	 -4209.22559	  1583.92749	 -1563.92749
 2044	  31235.06055	 -4679.86816	  1330.75659	 -1310.75659
 7523	  30961.89063	 -4453.03613	  1461.61719	 -1441.61719
 7456	  31198.34766	 -4408.81055	  1484.39355	 -1464.39355
 496	  31471.51563	 -4628.85156	  1350.11279	 -1330.11279
 2044	  31235.06055	 -4679.86816	  1330.75659	 -1310.75659
 7456	  31198.34766	 -4408.81055	  1484.39355	 -1464.39355
 7523	  30961.89063	 -4453.03613	  1461.61719	 -1441.61719
 2109	  30688.72266	 -4209.22559	  1583.92749	 -1563.92749
 7524	  30925.17773	 -4189.33594	  1618.95935	 -1598.95935
 7456	  31198.34766	 -4408.81055	  1484.39355	 -1464.39355
 7523	  30961.89063	 -4453.03613	  1461.61719	 -1441.61719
 7524	  30925.17773	 -4189.33594	  1618.95935	 -1598.95935
 496	  31471.51563	 -4628.85156	  1350.11279	 -1330.11279
 7456	  31198.34766	 -4408.81055	  1484.39355	 -1464.39355
 7371	  31434.80273	 -4362.32178	  1506.02979	 -1486.02979
 1980	  31707.9707	 -4581.23047	  1371.17908	 -1351.17908
 496	  31471.51563	 -4628.85156	  1350.11279	 -1330.11279
 7371	  31434.80273	 -4362.32178	  1506.02979	 -1486.02979
 7456	  31198.34766	 -4408.81055	  1484.39355	 -1464.39355
 7524	  30925.17773	 -4189.33594	  1618.95935	 -1598.95935
 2045	  31161.63477	 -4141.71484	  1640.02551	 -1620.02551
 7371	  31434.80273	 -4362.32178	  1506.02979	 -1486.02979
 7456	  31198.34766	 -4408.81055	  1484.39355	 -1464.39355
 2045	  31161.63477	 -4141.71484	  1640.02551	 -1620.02551
 1980	  31707.9707	 -4581.23047	  1371.17908	 -1351.17908
 7371	  31434.80273	 -4362.32178	  1506.02979	 -1486.02979
 7306	  31671.25781	 -4321.49219	  1530.51624	 -1510.51624
 7180	  31944.42969	 -4530.7793	  1390.82043	 -1370.82043
 1980	  31707.9707	 -4581.23047	  1371.17908	 -1351.17908
 7306	  31671.25781	 -4321.49219	  1530.51624	 -1510.51624
 7371	  31434.80273	 -4362.32178	  1506.02979	 -1486.02979
 2045	  31161.63477	 -4141.71484	  1640.02551	 -1620.02551
 7372	  31398.08984	 -4109.37451	  1668.78711	 -1648.78711
 7306	  31671.25781	 -4321.49219	  1530.51624	 -1510.51624
 7371	  31434.80273	 -4362.32178	  1506.02979	 -1486.02979
 7372	  31398.08984	 -4109.37451	  1668.78711	 -1648.78711
 7180	  31944.42969	 -4530.7793	  1390.82043	 -1370.82043
 7306	  31671.25781	 -4321.49219	  1530.51624	 -1510.51624
 7181	  31907.7168	 -4281.79395	  1555.57288	 -1535.57288
 1916	  32180.88477	 -4483.1582	  1411.88672	 -1391.88672
 7180	  31944.42969	 -4530.7793	  1390.82043	 -1370.82043
 7181	  31907.7168	 -4281.79395	  1555.57288	 -1535.57288
 7306	  31671.25781	 -4321.49219	  1530.51624	 -1510.51624
 7372	  31398.08984	 -4109.37451	  1668.78711	 -1648.78711
 1981	  31634.54492	 -4062.31958	  1690.13843	 -1670.13843
 7181	  31907.7168	 -4281.79395	  1555.57288	 -1535.57288
 7306	  31671.25781	 -4321.49219	  1530.51624	 -1510.51624
 1981	  31634.54492	 -4062.31958	  1690.13843	 -1670.13843
 1916	  32180.88477	 -4483.1582	  1411.88672	 -1391.88672
 7181	  31907.7168	 -4281.79395	  1555.57288	 -1535.57288
 7114	  32144.17188	 -4229.64502	  1574.35901	 -1554.35901
 6988	  32417.33984	 -4431.00928	  1430.67285	 -1410.67285
 1916	  32180.88477	 -4483.1582	  1411.88672	 -1391.88672
 7114	  32144.17188	 -4229.64502	  1574.35901	 -1554.35901
 7181	  31907.7168	 -4281.79395	  1555.57288	 -1535.57288
 1981	  31634.54492	 -4062.31958	  1690.13843	 -1670.13843
 7182	  31871.00391	 -4018.65967	  1713.19995	 -1693.19995
 7114	  32144.17188	 -4229.64502	  1574.35901	 -1554.35901
 7181	  31907.7168	 -4281.79395	  1555.57288	 -1535.57288
 7182	  31871.00391	 -4018.65967	  1713.19995	 -1693.19995
 6988	  32417.33984	 -4431.00928	  1430.67285	 -1410.67285
 7114	  32144.17188	 -4229.64502	  1574.35901	 -1554.35901
 6989	  32380.62695	 -4176.93066	  1592.86011	 -1572.86011
 464	  32653.79688	 -4383.38818	  1451.73914	 -1431.73914
 6988	  32417.33984	 -4431.00928	  1430.67285	 -1410.67285
 6989	  32380.62695	 -4176.93066	  1592.86011	 -1572.86011
 7114	  32144.17188	 -4229.64502	  1574.35901	 -1554.35901
 7182	  31871.00391	 -4018.65967	  1713.19995	 -1693.19995
 1917	  32107.45898	 -3971.03857	  1734.26624	 -1714.26624
 6989	  32380.62695	 -4176.93066	  1592.86011	 -1572.86011
 7114	  32144.17188	 -4229.64502	  1574.35901	 -1554.35901
 1917	  32107.45898	 -3971.03857	  1734.26624	 -1714.26624
 464	  32653.79688	 -4383.38818	  1451.73914	 -1431.73914
 6989	  32380.62695	 -4176.93066	  1592.86011	 -1572.86011
 6942	  32617.08398	 -4128.17773	  1613.35632	 -1593.35632
 6816	  32890.25391	 -4329.54199	  1469.67029	 -1449.67029
 464	  32653.79688	 -4383.38818	  1451.73914	 -1431.73914
 6942	  32617.08398	 -4128.17773	  1613.35632	 -1593.35632
 6989	  32380.62695	 -4176.93066	  1592.86011	 -1572.86011
 1917	  32107.45898	 -3971.03857	  1734.26624	 -1714.26624
 6990	  32343.91406	 -3924.54956	  1755.90247	 -1735.90247
 6942	  32617.08398	 -4128.17773	  1613.35632	 -1593.35632
 6989	  32380.62695	 -4176.93066	  1592.86011	 -1572.86011
 6990	  32343.91406	 -3924.54956	  1755.90247	 -1735.90247
 6816	  32890.25391	 -4329.54199	  1469.67029	 -1449.67029
 6942	  32617.08398	 -4128.17773	  1613.35632	 -1593.35632
 6817	  32853.53906	 -4082.25439	  1635.27771	 -1615.27771
 1807	  33126.70703	 -4281.9209	  1490.73645	 -1470.73645
 6816	  32890.25391	 -4329.54199	  1469.67029	 -1449.67029
 6817	  32853.53906	 -4082.25439	  1635.27771	 -1615.27771
 6942	  32617.08398	 -4128.17773	  1613.35632	 -1593.35632
 6990	  32343.91406	 -3924.54956	  1755.90247	 -1735.90247
 1863	  32580.37109	 -3876.92847	  1776.96875	 -1756.96875
 6817	  32853.53906	 -4082.25439	  1635.27771	 -1615.27771
 6942	  32617.08398	 -4128.17773	  1613.35632	 -1593.35632
 1863	  32580.37109	 -3876.92847	  1776.96875	 -1756.96875
 1807	  33126.70703	 -4281.9209	  1490.73645	 -1470.73645
 6817	  32853.53906	 -4082.25439	  1635.27771	 -1615.27771
 6750	  33089.99609	 -4038.59497	  1658.33899	 -1638.33899
 6639	  33363.16406	 -4233.73389	  1511.5177	 -1491.5177
 1807	  33126.70703	 -4281.9209	  1490.73645	 -1470.73645
 6750	  33089.99609	 -4038.59497	  1658.33899	 -1638.33899
 6817	  32853.53906	 -4082.25439	  1635.27771	 -1615.27771
 1863	  32580.37109	 -3876.92847	  1776.96875	 -1756.96875
 6818	  32816.82813	 -3833.83496	  1800.31506	 -1780.31506
 6750	  33089.99609	 -4038.59497	  1658.33899	 -1638.33899
 6817	  32853.53906	 -4082.25439	  1635.27771	 -1615.27771
 6818	  32816.82813	 -3833.83496	  1800.31506	 -1780.31506
 6639	  33363.16406	 -4233.73389	  1511.5177	 -1491.5177
 6750	  33089.99609	 -4038.59497	  1658.33899	 -1638.33899
 6640	  33326.44922	 -3992.10596	  1679.97522	 -1659.97522
 432	  33599.62109	 -4181.01855	  1530.01904	 -1510.01904
 6639	  33363.16406	 -4233.73389	  1511.5177	 -1491.5177
 6640	  33326.44922	 -3992.10596	  1679.97522	 -1659.97522
 6750	  33089.99609	 -4038.59497	  1658.33899	 -1638.33899
 6818	  32816.82813	 -3833.83496	  1800.31506	 -1780.31506
 1808	  33053.28125	 -3786.21411	  1821.38135	 -1801.38135
 6640	  33326.44922	 -3992.10596	  1679.97522	 -1659.97522
 6750	  33089.99609	 -4038.59497	  1658.33899	 -1638.33899
 1808	  33053.28125	 -3786.21411	  1821.38135	 -1801.38135
 432	  33599.62109	 -4181.01855	  1530.01904	 -1510.01904
 6640	  33326.44922	 -3992.10596	  1679.97522	 -1659.97522
 6594	  33562.91016	 -3923.54419	  1690.49634	 -1670.49634
 6468	  33836.07813	 -4059.82397	  1514.03381	 -1494.03381
 432	  33599.62109	 -4181.01855	  1530.01904	 -1510.01904
 6594	  33562.91016	 -3923.54419	  1690.49634	 -1670.49634
 6640	  33326.44922	 -3992.10596	  1679.97522	 -1659.97522
 1808	  33053.28125	 -3786.21411	  1821.38135	 -1801.38135
 6641	  33289.73828	 -3734.63135	  1840.45251	 -1820.45251
 6594	  33562.91016	 -3923.54419	  1690.49634	 -1670.49634
 6640	  33326.44922	 -3992.10596	  1679.97522	 -1659.97522
 6641	  33289.73828	 -3734.63135	  1840.45251	 -1820.45251
 6468	  33836.07813	 -4059.82397	  1514.03381	 -1494.03381
 6594	  33562.91016	 -3923.54419	  1690.49634	 -1670.49634
 6469	  33799.36328	 -3795.55811	  1671.09082	 -1651.09082
 1692	  34072.53125	 -3875.80859	  1466.41211	 -1446.41211
 6468	  33836.07813	 -4059.82397	  1514.03381	 -1494.03381
 6469	  33799.36328	 -3795.55811	  1671.09082	 -1651.09082
 6594	  33562.91016	 -3923.54419	  1690.49634	 -1670.49634
 6641	  33289.73828	 -3734.63135	  1840.45251	 -1820.45251
 1755	  33526.19531	 -3660.97607	  1848.40833	 -1828.40833
 6469	  33799.36328	 -3795.55811	  1671.09082	 -1651.09082
 6594	  33562.91016	 -3923.54419	  1690.49634	 -1670.49634
 1755	  33526.19531	 -3660.97607	  1848.40833	 -1828.40833
 1692	  34072.53125	 -3875.80859	  1466.41211	 -1446.41211
 6469	  33799.36328	 -3795.55811	  1671.09082	 -1651.09082
 6402	  34035.82031	 -3569.09619	  1602.09326	 -1582.09326
 6276	  34308.98828	 -3583.69629	  1364.35327	 -1344.35327
 1692	  34072.53125	 -3875.80859	  1466.41211	 -1446.41211
 6402	  34035.82031	 -3569.09619	  1602.09326	 -1582.09326
 6469	  33799.36328	 -3795.55811	  1671.09082	 -1651.09082
 1755	  33526.19531	 -3660.97607	  1848.40833	 -1828.40833
 6470	  33762.65234	 -3508.65381	  1816.74744	 -1796.74744
 6402	  34035.82031	 -3569.09619	  1602.09326	 -1582.09326
 6469	  33799.36328	 -3795.55811	  1671.09082	 -1651.09082
 6470	  33762.65234	 -3508.65381	  1816.74744	 -1796.74744
 6276	  34308.98828	 -3583.69629	  1364.35327	 -1344.35327
 6402	  34035.82031	 -3569.09619	  1602.09326	 -1582.09326
 6277	  34272.27734	 -3303.01782	  1513.1449	 -1493.1449
 400	  34545.44531	 -3322.7832	  1278.00598	 -1258.00598
 6276	  34308.98828	 -3583.69629	  1364.35327	 -1344.35327
 6277	  34272.27734	 -3303.01782	  1513.1449	 -1493.1449
 6402	  34035.82031	 -3569.09619	  1602.09326	 -1582.09326
 6470	  33762.65234	 -3508.65381	  1816.74744	 -1796.74744
 1693	  33999.10547	 -3238.21191	  1725.60156	 -1705.60156
 6277	  34272.27734	 -3303.01782	  1513.1449	 -1493.1449
 6402	  34035.82031	 -3569.09619	  1602.09326	 -1582.09326
 1693	  33999.10547	 -3238.21191	  1725.60156	 -1705.60156
 400	  34545.44531	 -3322.7832	  1278.00598	 -1258.00598
 6277	  34272.27734	 -3303.01782	  1513.1449	 -1493.1449
 6230	  34508.73047	 -3016.0708	  1413.68713	 -1393.68713
 6104	  34781.89844	 -2708.57275	  1013.73932	 -993.73932
 400	  34545.44531	 -3322.7832	  1278.00598	 -1258.00598
 6230	  34508.73047	 -3016.0708	  1413.68713	 -1393.68713
 6277	  34272.27734	 -3303.01782	  1513.1449	 -1493.1449
 1693	  33999.10547	 -3238.21191	  1725.60156	 -1705.60156
 6278	  34235.5625	 -2949.89722	  1625.45508	 -1605.45508
 6230	  34508.73047	 -3016.0708	  1413.68713	 -1393.68713
 6277	  34272.27734	 -3303.01782	  1513.1449	 -1493.1449
 6278	  34235.5625	 -2949.89722	  1625.45508	 -1605.45508
 6104	  34781.89844	 -2708.57275	  1013.73932	 -993.73932
 6230	  34508.73047	 -3016.0708	  1413.68713	 -1393.68713
 6105	  34745.1875	 -2234.90454	  1065.34192	 -1045.34192
 1576	  35018.35547	 -1887.77063	  645.43341	 -625.43341
 6104	  34781.89844	 -2708.57275	  1013.73932	 -993.73932
 6105	  34745.1875	 -2234.90454	  1065.34192	 -1045.34192
 6230	  34508.73047	 -3016.0708	  1413.68713	 -1393.68713
 6278	  34235.5625	 -2949.89722	  1625.45508	 -1605.45508
 1639	  34472.01953	 -2534.09033	  1461.10388	 -1441.10388
 6105	  34745.1875	 -2234.90454	  1065.34192	 -1045.34192
 6230	  34508.73047	 -3016.0708	  1413.68713	 -1393.68713
 1639	  34472.01953	 -2534.09033	  1461.10388	 -1441.10388
 1576	  35018.35547	 -1887.77063	  645.43341	 -625.43341
 6105	  34745.1875	 -2234.90454	  1065.34192	 -1045.34192
 6038	  34981.64063	 -1653.59106	  817.64191	 -797.64191
 5912	  35254.8125	 -1505.76257	  498.10358	 -478.10358
 1576	  35018.35547	 -1887.77063	  645.43341	 -625.43341
 6038	  34981.64063	 -1653.59106	  817.64191	 -797.64191
 6105	  34745.1875	 -2234.90454	  1065.34192	 -1045.34192
 1639	  34472.01953	 -2534.09033	  1461.10388	 -1441.10388
 6106	  34708.47266	 -1814.43591	  1143.73572	 -1123.73572
 6038	  34981.64063	 -1653.59106	  817.64191	 -797.64191
 6105	  34745.1875	 -2234.90454	  1065.34192	 -1045.34192
 6106	  34708.47266	 -1814.43591	  1143.73572	 -1123.73572
 5912	  35254.8125	 -1505.76257	  498.10358	 -478.10358
 6038	  34981.64063	 -1653.59106	  817.64191	 -797.64191
 5913	  35218.10156	 -935.88257	  501.25418	 -481.25418
 374	  35491.26953	 -556.85333	  65.28328	 -45.28328
 5912	  35254.8125	 -1505.76257	  498.10358	 -478.10358
 5913	  35218.10156	 -935.88257	  501.25418	 -481.25418
 6038	  34981.64063	 -1653.59106	  817.64191	 -797.64191
 6106	  34708.47266	 -1814.43591	  1143.73572	 -1123.73572
 1577	  34944.92969	 -1197.46729	  878.0799	 -858.0799
 5913	  35218.10156	 -935.88257	  501.25418	 -481.25418
 6038	  34981.64063	 -1653.59106	  817.64191	 -797.64191
 1577	  34944.92969	 -1197.46729	  878.0799	 -858.0799
 374	  35491.26953	 -556.85333	  65.28328	 -45.28328
 5913	  35218.10156	 -935.88257	  501.25418	 -481.25418
 5872	  35454.55469	  626.1123	 -240.31458	  260.31458
 5746	  35727.72656	  1217.75977	 -783.3595	  803.3595
 374	  35491.26953	 -556.85333	  65.28328	 -45.28328
 5872	  35454.55469	  626.1123	 -240.31458	  260.31458
 5913	  35218.10156	 -935.88257	  501.25418	 -481.25418
 1577	  34944.92969	 -1197.46729	  878.0799	 -858.0799
 5914	  35181.38672	  407.24734	  114.99797	 -94.99797
 5872	  35454.55469	  626.1123	 -240.31458	  260.31458
 5913	  35218.10156	 -935.88257	  501.25418	 -481.25418
 5914	  35181.38672	  407.24734	  114.99797	 -94.99797
 5746	  35727.72656	  1217.75977	 -783.3595	  803.3595
 5872	  35454.55469	  626.1123	 -240.31458	  260.31458
 5747	  35691.01172	  2081.3689	 -928.13013	  948.13013
 1464	  35964.17969	  2478.45093	 -1373.19238	  1393.19238
 5746	  35727.72656	  1217.75977	 -783.3595	  803.3595
 5747	  35691.01172	  2081.3689	 -928.13013	  948.13013
 1464	  35964.17969	  2478.45093	 -1373.19238	  1393.19238
 5747	  35691.01172	  2081.3689	 -928.13013	  948.13013
 5680	  35927.46875	  2945.46753	 -1318.24011	  1338.24011
 5747	  35691.01172	  2081.3689	 -928.13013	  948.13013
 5872	  35454.55469	  626.1123	 -240.31458	  260.31458
 1527	  35417.84375	  1623.20593	 -452.30777	  472.30777
 5872	  35454.55469	  626.1123	 -240.31458	  260.31458
 5914	  35181.38672	  407.24734	  114.99797	 -94.99797
 1527	  35417.84375	  1623.20593	 -452.30777	  472.30777
 5680	  35927.46875	  2945.46753	 -1318.24011	  1338.24011
 5747	  35691.01172	  2081.3689	 -928.13013	  948.13013
 5748	  35654.29688	  2607.67065	 -903.03363	  923.03363
 5747	  35691.01172	  2081.3689	 -928.13013	  948.13013
 1527	  35417.84375	  1623.20593	 -452.30777	  472.30777
 5748	  35654.29688	  2607.67065	 -903.03363	  923.03363
 5680	  35927.46875	  2945.46753	 -1318.24011	  1338.24011
 5748	  35654.29688	  2607.67065	 -903.03363	  923.03363
 1465	  35890.75391	  3279.09473	 -1196.11316	  1216.11316
 1527	  35417.84375	  1623.20593	 -452.30777	  472.30777
 5914	  35181.38672	  407.24734	  114.99797	 -94.99797
 5915	  35144.67578	  1616.76563	 -203.97221	  223.97221
 1465	  35890.75391	  3279.09473	 -1196.11316	  1216.11316
 5748	  35654.29688	  2607.67065	 -903.03363	  923.03363
 5749	  35617.58594	  3223.39209	 -922.96924	  942.96924
 1465	  35890.75391	  3279.09473	 -1196.11316	  1216.11316
 5749	  35617.58594	  3223.39209	 -922.96924	  942.96924
 5681	  35854.04297	  3786.01611	 -1161.2572	  1181.2572
 5748	  35654.29688	  2607.67065	 -903.03363	  923.03363
 1527	  35417.84375	  1623.20593	 -452.30777	  472.30777
 5873	  35381.12891	  2514.08667	 -610.81287	  630.81287
 5748	  35654.29688	  2607.67065	 -903.03363	  923.03363
 5873	  35381.12891	  2514.08667	 -610.81287	  630.81287
 5749	  35617.58594	  3223.39209	 -922.96924	  942.96924
 1527	  35417.84375	  1623.20593	 -452.30777	  472.30777
 5915	  35144.67578	  1616.76563	 -203.97221	  223.97221
 5873	  35381.12891	  2514.08667	 -610.81287	  630.81287
 5681	  35854.04297	  3786.01611	 -1161.2572	  1181.2572
 5749	  35617.58594	  3223.39209	 -922.96924	  942.96924
 5750	  35580.87109	  3823.26758	 -934.92432	  954.92432
 5681	  35854.04297	  3786.01611	 -1161.2572	  1181.2572
 5750	  35580.87109	  3823.26758	 -934.92432	  954.92432
 1466	  35817.32813	  4256.57959	 -1108.09094	  1128.09094
 5749	  35617.58594	  3223.39209	 -922.96924	  942.96924
 5873	  35381.12891	  2514.08667	 -610.81287	  630.81287
 77	  35344.41797	  3292.84521	 -712.85297	  732.85297
 5749	  35617.58594	  3223.39209	 -922.96924	  942.96924
 77	  35344.41797	  3292.84521	 -712.85297	  732.85297
 5750	  35580.87109	  3823.26758	 -934.92432	  954.92432
 1466	  35817.32813	  4256.57959	 -1108.09094	  1128.09094
 5750	  35580.87109	  3823.26758	 -934.92432	  954.92432
 5751	  35544.16016	  4247.69678	 -858.52588	  878.52588
 1466	  35817.32813	  4256.57959	 -1108.09094	  1128.09094
 5751	  35544.16016	  4247.69678	 -858.52588	  878.52588
 5682	  35780.61719	  4618.44336	 -1000.18469	  1020.18469
 5750	  35580.87109	  3823.26758	 -934.92432	  954.92432
 77	  35344.41797	  3292.84521	 -712.85297	  732.85297
 5874	  35307.70313	  3825.91528	 -691.16565	  711.16565
 5750	  35580.87109	  3823.26758	 -934.92432	  954.92432
 5874	  35307.70313	  3825.91528	 -691.16565	  711.16565
 5751	  35544.16016	  4247.69678	 -858.52588	  878.52588
 5873	  35381.12891	  2514.08667	 -610.81287	  630.81287
 5916	  35107.96094	  2857.18091	 -538.50159	  558.50159
 77	  35344.41797	  3292.84521	 -712.85297	  732.85297
 5873	  35381.12891	  2514.08667	 -610.81287	  630.81287
 5915	  35144.67578	  1616.76563	 -203.97221	  223.97221
 5916	  35107.96094	  2857.18091	 -538.50159	  558.50159
 77	  35344.41797	  3292.84521	 -712.85297	  732.85297
 5917	  35071.25	  3454.9248	 -549.38391	  569.38391
 5874	  35307.70313	  3825.91528	 -691.16565	  711.16565
 77	  35344.41797	  3292.84521	 -712.85297	  732.85297
 5916	  35107.96094	  2857.18091	 -538.50159	  558.50159
 5917	  35071.25	  3454.9248	 -549.38391	  569.38391
 5751	  35544.16016	  4247.69678	 -858.52588	  878.52588
 5874	  35307.70313	  3825.91528	 -691.16565	  711.16565
 1528	  35270.99219	  4100.29053	 -539.19946	  559.19946
 5682	  35780.61719	  4618.44336	 -1000.18469	  1020.18469
 5751	  35544.16016	  4247.69678	 -858.52588	  878.52588
 5752	  35507.44531	  4475.74219	 -683.22784	  703.22784
 5751	  35544.16016	  4247.69678	 -858.52588	  878.52588
 1528	  35270.99219	  4100.29053	 -539.19946	  559.19946
 5752	  35507.44531	  4475.74219	 -683.22784	  703.22784
 5682	  35780.61719	  4618.44336	 -1000.18469	  1020.18469
 5752	  35507.44531	  4475.74219	 -683.22784	  703.22784
 1467	  35743.90234	  4832.34619	 -817.76471	  837.76471
 5874	  35307.70313	  3825.91528	 -691.16565	  711.16565
 5918	  35034.53516	  3810.14258	 -438.12973	  458.12973
 1528	  35270.99219	  4100.29053	 -539.19946	  559.19946
 5874	  35307.70313	  3825.91528	 -691.16565	  711.16565
 5917	  35071.25	  3454.9248	 -549.38391	  569.38391
 5918	  35034.53516	  3810.14258	 -438.12973	  458.12973
 1467	  35743.90234	  4832.34619	 -817.76471	  837.76471
 5752	  35507.44531	  4475.74219	 -683.22784	  703.22784
 5753	  35470.73438	  4418.54688	 -364.28421	  384.28421
 1467	  35743.90234	  4832.34619	 -817.76471	  837.76471
 5753	  35470.73438	  4418.54688	 -364.28421	  384.28421
 5683	  35707.19141	  4798.38184	 -510.52002	  530.52002
 5752	  35507.44531	  4475.74219	 -683.22784	  703.22784
 1528	  35270.99219	  4100.29053	 -539.19946	  559.19946
 5875	  35234.27734	  4002.79102	 -199.95853	  219.95853
 5752	  35507.44531	  4475.74219	 -683.22784	  703.22784
 5875	  35234.27734	  4002.79102	 -199.95853	  219.95853
 5753	  35470.73438	  4418.54688	 -364.28421	  384.28421
 5683	  35707.19141	  4798.38184	 -510.52002	  530.52002
 5753	  35470.73438	  4418.54688	 -364.28421	  384.28421
 5754	  35434.01953	  4254.95361	  8.24188	  11.75812
 5683	  35707.19141	  4798.38184	 -510.52002	  530.52002
 5754	  35434.01953	  4254.95361	  8.24188	  11.75812
 1468	  35670.47656	  4697.48682	 -169.5688	  189.5688
 5753	  35470.73438	  4418.54688	 -364.28421	  384.28421
 5875	  35234.27734	  4002.79102	 -199.95853	  219.95853
 375	  35197.56641	  3822.26514	  181.0945	 -161.0945
 5753	  35470.73438	  4418.54688	 -364.28421	  384.28421
 375	  35197.56641	  3822.26514	  181.0945	 -161.0945
 5754	  35434.01953	  4254.95361	  8.24188	  11.75812
 1528	  35270.99219	  4100.29053	 -539.19946	  559.19946
 5919	  34997.82422	  3652.08594	 -68.39253	  88.39253
 5875	  35234.27734	  4002.79102	 -199.95853	  219.95853
 1528	  35270.99219	  4100.29053	 -539.19946	  559.19946
 5918	  35034.53516	  3810.14258	 -438.12973	  458.12973
 5919	  34997.82422	  3652.08594	 -68.39253	  88.39253
 5875	  35234.27734	  4002.79102	 -199.95853	  219.95853
 5920	  34961.10938	  3096.55884	  501.5105	 -481.5105
 375	  35197.56641	  3822.26514	  181.0945	 -161.0945
 5875	  35234.27734	  4002.79102	 -199.95853	  219.95853
 5919	  34997.82422	  3652.08594	 -68.39253	  88.39253
 5920	  34961.10938	  3096.55884	  501.5105	 -481.5105
 5754	  35434.01953	  4254.95361	  8.24188	  11.75812
 375	  35197.56641	  3822.26514	  181.0945	 -161.0945
 5876	  35160.85156	  2305.13428	  1235.25842	 -1215.25842
 1468	  35670.47656	  4697.48682	 -169.5688	  189.5688
 5754	  35434.01953	  4254.95361	  8.24188	  11.75812
 5755	  35397.30859	  3806.11963	  524.41382	 -504.41382
 5754	  35434.01953	  4254.95361	  8.24188	  11.75812
 5876	  35160.85156	  2305.13428	  1235.25842	 -1215.25842
 5755	  35397.30859	  3806.11963	  524.41382	 -504.41382
 1468	  35670.47656	  4697.48682	 -169.5688	  189.5688
 5755	  35397.30859	  3806.11963	  524.41382	 -504.41382
 5684	  35633.76563	  4427.61572	  256.47797	 -236.47797
 375	  35197.56641	  3822.26514	  181.0945	 -161.0945
 5921	  34924.39844	  1441.97681	  1624.89441	 -1604.89441
 5876	  35160.85156	  2305.13428	  1235.25842	 -1215.25842
 375	  35197.56641	  3822.26514	  181.0945	 -161.0945
 5920	  34961.10938	  3096.55884	  501.5105	 -481.5105
 5921	  34924.39844	  1441.97681	  1624.89441	 -1604.89441
 5684	  35633.76563	  4427.61572	  256.47797	 -236.47797
 5755	  35397.30859	  3806.11963	  524.41382	 -504.41382
 5756	  35360.59375	  1393.99939	  2029.29248	 -2009.29248
 5684	  35633.76563	  4427.61572	  256.47797	 -236.47797
 5756	  35360.59375	  1393.99939	  2029.29248	 -2009.29248
 1469	  35597.05078	  3520.93188	  1003.2226	 -983.2226
 5755	  35397.30859	  3806.11963	  524.41382	 -504.41382
 5876	  35160.85156	  2305.13428	  1235.25842	 -1215.25842
 1529	  35124.14063	  272.46387	  2549.04712	 -2529.04712
 5755	  35397.30859	  3806.11963	  524.41382	 -504.41382
 1529	  35124.14063	  272.46387	  2549.04712	 -2529.04712
 5756	  35360.59375	  1393.99939	  2029.29248	 -2009.29248
 1469	  35597.05078	  3520.93188	  1003.2226	 -983.2226
 5756	  35360.59375	  1393.99939	  2029.29248	 -2009.29248
 5757	  35323.88281	 -873.23743	  3461.20801	 -3441.20801
 1469	  35597.05078	  3520.93188	  1003.2226	 -983.2226
 5757	  35323.88281	 -873.23743	  3461.20801	 -3441.20801
 5685	  35560.33984	 -73.46633	  3103.49316	 -3083.49316
 5756	  35360.59375	  1393.99939	  2029.29248	 -2009.29248
 1529	  35124.14063	  272.46387	  2549.04712	 -2529.04712
 5877	  35087.42578	 -1387.20276	  3674.9917	 -3654.9917
 5756	  35360.59375	  1393.99939	  2029.29248	 -2009.29248
 5877	  35087.42578	 -1387.20276	  3674.9917	 -3654.9917
 5757	  35323.88281	 -873.23743	  3461.20801	 -3441.20801
 5876	  35160.85156	  2305.13428	  1235.25842	 -1215.25842
 5922	  34887.68359	 -257.04391	  2770.65796	 -2750.65796
 1529	  35124.14063	  272.46387	  2549.04712	 -2529.04712
 5876	  35160.85156	  2305.13428	  1235.25842	 -1215.25842
 5921	  34924.39844	  1441.97681	  1624.89441	 -1604.89441
 5922	  34887.68359	 -257.04391	  2770.65796	 -2750.65796
 1529	  35124.14063	  272.46387	  2549.04712	 -2529.04712
 5923	  34850.97266	 -1680.44678	  3777.62061	 -3757.62061
 5877	  35087.42578	 -1387.20276	  3674.9917	 -3654.9917
 1529	  35124.14063	  272.46387	  2549.04712	 -2529.04712
 5922	  34887.68359	 -257.04391	  2770.65796	 -2750.65796
 5923	  34850.97266	 -1680.44678	  3777.62061	 -3757.62061
 5757	  35323.88281	 -873.23743	  3461.20801	 -3441.20801
 5877	  35087.42578	 -1387.20276	  3674.9917	 -3654.9917
 376	  35050.71484	 -1919.45337	  4233.17236	 -4213.17236
 5685	  35560.33984	 -73.46633	  3103.49316	 -3083.49316
 5757	  35323.88281	 -873.23743	  3461.20801	 -3441.20801
 5758	  35287.16797	 -1400.17224	  4016.71167	 -3996.71167
 5757	  35323.88281	 -873.23743	  3461.20801	 -3441.20801
 376	  35050.71484	 -1919.45337	  4233.17236	 -4213.17236
 5758	  35287.16797	 -1400.17224	  4016.71167	 -3996.71167
 5685	  35560.33984	 -73.46633	  3103.49316	 -3083.49316
 5758	  35287.16797	 -1400.17224	  4016.71167	 -3996.71167
 1470	  35523.625	 -807.45966	  3763.27124	 -3743.27124
 5877	  35087.42578	 -1387.20276	  3674.9917	 -3654.9917
 5924	  34814.25781	 -2012.41907	  4234.94141	 -4214.94141
 376	  35050.71484	 -1919.45337	  4233.17236	 -4213.17236
 5877	  35087.42578	 -1387.20276	  3674.9917	 -3654.9917
 5923	  34850.97266	 -1680.44678	  3777.62061	 -3757.62061
 5924	  34814.25781	 -2012.41907	  4234.94141	 -4214.94141
 1470	  35523.625	 -807.45966	  3763.27124	 -3743.27124
 5758	  35287.16797	 -1400.17224	  4016.71167	 -3996.71167
 5759	  35250.45703	 -1489.06067	  4351.61621	 -4331.61621
 1470	  35523.625	 -807.45966	  3763.27124	 -3743.27124
 5759	  35250.45703	 -1489.06067	  4351.61621	 -4331.61621
 5686	  35486.91406	 -928.68726	  4114.46143	 -4094.46143
 5758	  35287.16797	 -1400.17224	  4016.71167	 -3996.71167
 376	  35050.71484	 -1919.45337	  4233.17236	 -4213.17236
 80	  35014.00	 -1863.23596	  4495.00195	 -4475.00195
 5758	  35287.16797	 -1400.17224	  4016.71167	 -3996.71167
 80	  35014.00	 -1863.23596	  4495.00195	 -4475.00195
 5759	  35250.45703	 -1489.06067	  4351.61621	 -4331.61621
 5686	  35486.91406	 -928.68726	  4114.46143	 -4094.46143
 5759	  35250.45703	 -1489.06067	  4351.61621	 -4331.61621
 5760	  35213.74219	 -1506.63892	  4650.60889	 -4630.60889
 5686	  35486.91406	 -928.68726	  4114.46143	 -4094.46143
 5760	  35213.74219	 -1506.63892	  4650.60889	 -4630.60889
 1471	  35450.19922	 -950.7641	  4415.71973	 -4395.71973
 5759	  35250.45703	 -1489.06067	  4351.61621	 -4331.61621
 80	  35014.00	 -1863.23596	  4495.00195	 -4475.00195
 1530	  34977.28906	 -1822.82971	  4764.79395	 -4744.79395
 5759	  35250.45703	 -1489.06067	  4351.61621	 -4331.61621
 1530	  34977.28906	 -1822.82971	  4764.79395	 -4744.79395
 5760	  35213.74219	 -1506.63892	  4650.60889	 -4630.60889
 376	  35050.71484	 -1919.45337	  4233.17236	 -4213.17236
 5925	  34777.54688	 -2061.40015	  4549.74854	 -4529.74854
 80	  35014.00	 -1863.23596	  4495.00195	 -4475.00195
 376	  35050.71484	 -1919.45337	  4233.17236	 -4213.17236
 5924	  34814.25781	 -2012.41907	  4234.94141	 -4214.94141
 5925	  34777.54688	 -2061.40015	  4549.74854	 -4529.74854
 80	  35014.00	 -1863.23596	  4495.00195	 -4475.00195
 5926	  34740.83203	 -2024.08093	  4821.09521	 -4801.09521
 1530	  34977.28906	 -1822.82971	  4764.79395	 -4744.79395
 80	  35014.00	 -1863.23596	  4495.00195	 -4475.00195
 5925	  34777.54688	 -2061.40015	  4549.74854	 -4529.74854
 5926	  34740.83203	 -2024.08093	  4821.09521	 -4801.09521
 5760	  35213.74219	 -1506.63892	  4650.60889	 -4630.60889
 1530	  34977.28906	 -1822.82971	  4764.79395	 -4744.79395
 5878	  34940.57422	 -1735.96411	  5011.18945	 -4991.18945
 1471	  35450.19922	 -950.7641	  4415.71973	 -4395.71973
 5760	  35213.74219	 -1506.63892	  4650.60889	 -4630.60889
 5761	  35177.03125	 -1387.25659	  4880.62939	 -4860.62939
 5760	  35213.74219	 -1506.63892	  4650.60889	 -4630.60889
 5878	  34940.57422	 -1735.96411	  5011.18945	 -4991.18945
 5761	  35177.03125	 -1387.25659	  4880.62939	 -4860.62939
 1471	  35450.19922	 -950.7641	  4415.71973	 -4395.71973
 5761	  35177.03125	 -1387.25659	  4880.62939	 -4860.62939
 5687	  35413.48828	 -878.95074	  4669.6958	 -4649.6958
 1530	  34977.28906	 -1822.82971	  4764.79395	 -4744.79395
 5927	  34704.12109	 -1916.01794	  5056.81592	 -5036.81592
 5878	  34940.57422	 -1735.96411	  5011.18945	 -4991.18945
 1530	  34977.28906	 -1822.82971	  4764.79395	 -4744.79395
 5926	  34740.83203	 -2024.08093	  4821.09521	 -4801.09521
 5927	  34704.12109	 -1916.01794	  5056.81592	 -5036.81592
 5687	  35413.48828	 -878.95074	  4669.6958	 -4649.6958
 5761	  35177.03125	 -1387.25659	  4880.62939	 -4860.62939
 5762	  35140.31641	 -1195.9989	  5074.45264	 -5054.45264
 5687	  35413.48828	 -878.95074	  4669.6958	 -4649.6958
 5762	  35140.31641	 -1195.9989	  5074.45264	 -5054.45264
 1472	  35376.77344	 -760.70288	  4900.28711	 -4880.28711
 5761	  35177.03125	 -1387.25659	  4880.62939	 -4860.62939
 5878	  34940.57422	 -1735.96411	  5011.18945	 -4991.18945
 377	  34903.86328	 -1510.4386	  5187.75586	 -5167.75586
 5761	  35177.03125	 -1387.25659	  4880.62939	 -4860.62939
 377	  34903.86328	 -1510.4386	  5187.75586	 -5167.75586
 5762	  35140.31641	 -1195.9989	  5074.45264	 -5054.45264
 1472	  35376.77344	 -760.70288	  4900.28711	 -4880.28711
 5762	  35140.31641	 -1195.9989	  5074.45264	 -5054.45264
 5763	  35103.60547	 -995.11993	  5263.43066	 -5243.43066
 1472	  35376.77344	 -760.70288	  4900.28711	 -4880.28711
 5763	  35103.60547	 -995.11993	  5263.43066	 -5243.43066
 5688	  35340.0625	 -614.71967	  5116.91016	 -5096.91016
 5762	  35140.31641	 -1195.9989	  5074.45264	 -5054.45264
 377	  34903.86328	 -1510.4386	  5187.75586	 -5167.75586
 5879	  34867.14844	 -1277.61108	  5360.64453	 -5340.64453
 5762	  35140.31641	 -1195.9989	  5074.45264	 -5054.45264
 5879	  34867.14844	 -1277.61108	  5360.64453	 -5340.64453
 5763	  35103.60547	 -995.11993	  5263.43066	 -5243.43066
 5878	  34940.57422	 -1735.96411	  5011.18945	 -4991.18945
 5928	  34667.40625	 -1708.34753	  5242.37402	 -5222.37402
 377	  34903.86328	 -1510.4386	  5187.75586	 -5167.75586
 5878	  34940.57422	 -1735.96411	  5011.18945	 -4991.18945
 5927	  34704.12109	 -1916.01794	  5056.81592	 -5036.81592
 5928	  34667.40625	 -1708.34753	  5242.37402	 -5222.37402
 377	  34903.86328	 -1510.4386	  5187.75586	 -5167.75586
 5929	  34630.69531	 -1435.59277	  5395.15576	 -5375.15576
 5879	  34867.14844	 -1277.61108	  5360.64453	 -5340.64453
 377	  34903.86328	 -1510.4386	  5187.75586	 -5167.75586
 5928	  34667.40625	 -1708.34753	  5242.37402	 -5222.37402
 5929	  34630.69531	 -1435.59277	  5395.15576	 -5375.15576
 5763	  35103.60547	 -995.11993	  5263.43066	 -5243.43066
 5879	  34867.14844	 -1277.61108	  5360.64453	 -5340.64453
 1531	  34830.4375	 -960.71149	  5491.1958	 -5471.1958
 5688	  35340.0625	 -614.71967	  5116.91016	 -5096.91016
 5763	  35103.60547	 -995.11993	  5263.43066	 -5243.43066
 5764	  35066.89063	 -696.89679	  5403.38721	 -5383.38721
 5763	  35103.60547	 -995.11993	  5263.43066	 -5243.43066
 1531	  34830.4375	 -960.71149	  5491.1958	 -5471.1958
 5764	  35066.89063	 -696.89679	  5403.38721	 -5383.38721
 5688	  35340.0625	 -614.71967	  5116.91016	 -5096.91016
 5764	  35066.89063	 -696.89679	  5403.38721	 -5383.38721
 1473	  35303.34766	 -303.47964	  5250.31104	 -5230.31104
 5879	  34867.14844	 -1277.61108	  5360.64453	 -5340.64453
 5930	  34593.98047	 -1114.16565	  5523.42676	 -5503.42676
 1531	  34830.4375	 -960.71149	  5491.1958	 -5471.1958
 5879	  34867.14844	 -1277.61108	  5360.64453	 -5340.64453
 5929	  34630.69531	 -1435.59277	  5395.15576	 -5375.15576
 5930	  34593.98047	 -1114.16565	  5523.42676	 -5503.42676
 1473	  35303.34766	 -303.47964	  5250.31104	 -5230.31104
 5764	  35066.89063	 -696.89679	  5403.38721	 -5383.38721
 5765	  35030.17969	 -322.83615	  5505.15186	 -5485.15186
 1473	  35303.34766	 -303.47964	  5250.31104	 -5230.31104
 5765	  35030.17969	 -322.83615	  5505.15186	 -5485.15186
 5689	  35266.63672	  94.65025	  5339.95459	 -5319.95459
 5764	  35066.89063	 -696.89679	  5403.38721	 -5383.38721
 1531	  34830.4375	 -960.71149	  5491.1958	 -5471.1958
 5880	  34793.72266	 -551.43518	  5575.22559	 -5555.22559
 5764	  35066.89063	 -696.89679	  5403.38721	 -5383.38721
 5880	  34793.72266	 -551.43518	  5575.22559	 -5555.22559
 5765	  35030.17969	 -322.83615	  5505.15186	 -5485.15186
 5689	  35266.63672	  94.65025	  5339.95459	 -5319.95459
 5765	  35030.17969	 -322.83615	  5505.15186	 -5485.15186
 5766	  34993.46484	  149.69917	  5557.32422	 -5537.32422
 5689	  35266.63672	  94.65025	  5339.95459	 -5319.95459
 5766	  34993.46484	  149.69917	  5557.32422	 -5537.32422
 1474	  35229.92188	  547.07849	  5402.25342	 -5382.25342
 5765	  35030.17969	 -322.83615	  5505.15186	 -5485.15186
 5880	  34793.72266	 -551.43518	  5575.22559	 -5555.22559
 1532	  34757.01172	 -158.82571	  5667.64844	 -5647.64844
 5765	  35030.17969	 -322.83615	  5505.15186	 -5485.15186
 1532	  34757.01172	 -158.82571	  5667.64844	 -5647.64844
 5766	  34993.46484	  149.69917	  5557.32422	 -5537.32422
 1531	  34830.4375	 -960.71149	  5491.1958	 -5471.1958
 5931	  34557.26953	 -767.83655	  5639.15674	 -5619.15674
 5880	  34793.72266	 -551.43518	  5575.22559	 -5555.22559
 1531	  34830.4375	 -960.71149	  5491.1958	 -5471.1958
 5930	  34593.98047	 -1114.16565	  5523.42676	 -5503.42676
 5931	  34557.26953	 -767.83655	  5639.15674	 -5619.15674
 5880	  34793.72266	 -551.43518	  5575.22559	 -5555.22559
 5932	  34520.55469	 -397.73853	  5742.9165	 -5722.9165
 1532	  34757.01172	 -158.82571	  5667.64844	 -5647.64844
 5880	  34793.72266	 -551.43518	  5575.22559	 -5555.22559
 5931	  34557.26953	 -767.83655	  5639.15674	 -5619.15674
 5932	  34520.55469	 -397.73853	  5742.9165	 -5722.9165
 5766	  34993.46484	  149.69917	  5557.32422	 -5537.32422
 1532	  34757.01172	 -158.82571	  5667.64844	 -5647.64844
 82	  34720.29688	  248.97205	  5752.42334	 -5732.42334
 1474	  35229.92188	  547.07849	  5402.25342	 -5382.25342
 5766	  34993.46484	  149.69917	  5557.32422	 -5537.32422
 5767	  34956.75391	  596.76764	  5622.32275	 -5602.32275
 5766	  34993.46484	  149.69917	  5557.32422	 -5537.32422
 82	  34720.29688	  248.97205	  5752.42334	 -5732.42334
 5767	  34956.75391	  596.76764	  5622.32275	 -5602.32275
 1474	  35229.92188	  547.07849	  5402.25342	 -5382.25342
 5767	  34956.75391	  596.76764	  5622.32275	 -5602.32275
 5690	  35193.21094	  1000.99146	  5463.80469	 -5443.80469
 1532	  34757.01172	 -158.82571	  5667.64844	 -5647.64844
 5933	  34483.84375	 -18.5843	  5842.11621	 -5822.11621
 82	  34720.29688	  248.97205	  5752.42334	 -5732.42334
 1532	  34757.01172	 -158.82571	  5667.64844	 -5647.64844
 5932	  34520.55469	 -397.73853	  5742.9165	 -5722.9165
 5933	  34483.84375	 -18.5843	  5842.11621	 -5822.11621
 5690	  35193.21094	  1000.99146	  5463.80469	 -5443.80469
 5767	  34956.75391	  596.76764	  5622.32275	 -5602.32275
 5768	  34920.03906	  1017.80133	  5700.43115	 -5680.43115
 5690	  35193.21094	  1000.99146	  5463.80469	 -5443.80469
 5768	  34920.03906	  1017.80133	  5700.43115	 -5680.43115
 1475	  35156.49609	  1460.45679	  5522.55908	 -5502.55908
 5767	  34956.75391	  596.76764	  5622.32275	 -5602.32275
 82	  34720.29688	  248.97205	  5752.42334	 -5732.42334
 1533	  34683.58594	  670.03314	  5830.51855	 -5810.51855
 5767	  34956.75391	  596.76764	  5622.32275	 -5602.32275
 1533	  34683.58594	  670.03314	  5830.51855	 -5810.51855
 5768	  34920.03906	  1017.80133	  5700.43115	 -5680.43115
 1475	  35156.49609	  1460.45679	  5522.55908	 -5502.55908
 5768	  34920.03906	  1017.80133	  5700.43115	 -5680.43115
 5769	  34883.32813	  1437.7041	  5779.10986	 -5759.10986
 1475	  35156.49609	  1460.45679	  5522.55908	 -5502.55908
 5769	  34883.32813	  1437.7041	  5779.10986	 -5759.10986
 5691	  35119.78125	  1857.18237	  5612.90967	 -5592.90967
 5768	  34920.03906	  1017.80133	  5700.43115	 -5680.43115
 1533	  34683.58594	  670.03314	  5830.51855	 -5810.51855
 5881	  34646.87109	  1070.88025	  5918.79395	 -5898.79395
 5768	  34920.03906	  1017.80133	  5700.43115	 -5680.43115
 5881	  34646.87109	  1070.88025	  5918.79395	 -5898.79395
 5769	  34883.32813	  1437.7041	  5779.10986	 -5759.10986
 82	  34720.29688	  248.97205	  5752.42334	 -5732.42334
 5934	  34447.12891	  361.70135	  5940.74561	 -5920.74561
 1533	  34683.58594	  670.03314	  5830.51855	 -5810.51855
 82	  34720.29688	  248.97205	  5752.42334	 -5732.42334
 5933	  34483.84375	 -18.5843	  5842.11621	 -5822.11621
 5934	  34447.12891	  361.70135	  5940.74561	 -5920.74561
 1533	  34683.58594	  670.03314	  5830.51855	 -5810.51855
 5935	  34410.41797	  787.92297	  6016.24219	 -5996.24219
 5881	  34646.87109	  1070.88025	  5918.79395	 -5898.79395
 1533	  34683.58594	  670.03314	  5830.51855	 -5810.51855
 5934	  34447.12891	  361.70135	  5940.74561	 -5920.74561
 5935	  34410.41797	  787.92297	  6016.24219	 -5996.24219
 5769	  34883.32813	  1437.7041	  5779.10986	 -5759.10986
 5881	  34646.87109	  1070.88025	  5918.79395	 -5898.79395
 1534	  34610.16016	  1580.8175	  5952.13135	 -5932.13135
 5691	  35119.78125	  1857.18237	  5612.90967	 -5592.90967
 5769	  34883.32813	  1437.7041	  5779.10986	 -5759.10986
 5770	  34846.61328	  1919.29565	  5826.72217	 -5806.72217
 5769	  34883.32813	  1437.7041	  5779.10986	 -5759.10986
 1534	  34610.16016	  1580.8175	  5952.13135	 -5932.13135
 5770	  34846.61328	  1919.29565	  5826.72217	 -5806.72217
 5691	  35119.78125	  1857.18237	  5612.90967	 -5592.90967
 5770	  34846.61328	  1919.29565	  5826.72217	 -5806.72217
 1476	  35083.07031	  2331.95557	  5663.95605	 -5643.95605
 5881	  34646.87109	  1070.88025	  5918.79395	 -5898.79395
 5936	  34373.70313	  1253.4436	  6071.94775	 -6051.94775
 1534	  34610.16016	  1580.8175	  5952.13135	 -5932.13135
 5881	  34646.87109	  1070.88025	  5918.79395	 -5898.79395
 5935	  34410.41797	  787.92297	  6016.24219	 -5996.24219
 5936	  34373.70313	  1253.4436	  6071.94775	 -6051.94775
 1476	  35083.07031	  2331.95557	  5663.95605	 -5643.95605
 5770	  34846.61328	  1919.29565	  5826.72217	 -5806.72217
 5771	  34809.90234	  2589.91455	  5779.14063	 -5759.14063
 1476	  35083.07031	  2331.95557	  5663.95605	 -5643.95605
 5771	  34809.90234	  2589.91455	  5779.14063	 -5759.14063
 5692	  35046.35547	  3050.11035	  5592.43506	 -5572.43506
 5770	  34846.61328	  1919.29565	  5826.72217	 -5806.72217
 1534	  34610.16016	  1580.8175	  5952.13135	 -5932.13135
 378	  34573.44531	  2213.90845	  5923.44824	 -5903.44824
 5770	  34846.61328	  1919.29565	  5826.72217	 -5806.72217
 378	  34573.44531	  2213.90845	  5923.44824	 -5903.44824
 5771	  34809.90234	  2589.91455	  5779.14063	 -5759.14063
 5692	  35046.35547	  3050.11035	  5592.43506	 -5572.43506
 5771	  34809.90234	  2589.91455	  5779.14063	 -5759.14063
 5772	  34773.1875	  3526.53125	  5597.60352	 -5577.60352
 5692	  35046.35547	  3050.11035	  5592.43506	 -5572.43506
 5772	  34773.1875	  3526.53125	  5597.60352	 -5577.60352
 1477	  35009.64453	  4093.69629	  5357.02881	 -5337.02881
 5771	  34809.90234	  2589.91455	  5779.14063	 -5759.14063
 378	  34573.44531	  2213.90845	  5923.44824	 -5903.44824
 1535	  34536.73438	  3033.50195	  5800.84375	 -5780.84375
 5771	  34809.90234	  2589.91455	  5779.14063	 -5759.14063
 1535	  34536.73438	  3033.50195	  5800.84375	 -5780.84375
 5772	  34773.1875	  3526.53125	  5597.60352	 -5577.60352
 1534	  34610.16016	  1580.8175	  5952.13135	 -5932.13135
 5937	  34336.99219	  1886.53381	  6043.26514	 -6023.26514
 378	  34573.44531	  2213.90845	  5923.44824	 -5903.44824
 1534	  34610.16016	  1580.8175	  5952.13135	 -5932.13135
 5936	  34373.70313	  1253.4436	  6071.94775	 -6051.94775
 5937	  34336.99219	  1886.53381	  6043.26514	 -6023.26514
 378	  34573.44531	  2213.90845	  5923.44824	 -5903.44824
 5938	  34300.27734	  2612.87622	  5967.62207	 -5947.62207
 1535	  34536.73438	  3033.50195	  5800.84375	 -5780.84375
 378	  34573.44531	  2213.90845	  5923.44824	 -5903.44824
 5937	  34336.99219	  1886.53381	  6043.26514	 -6023.26514
 5938	  34300.27734	  2612.87622	  5967.62207	 -5947.62207
 5772	  34773.1875	  3526.53125	  5597.60352	 -5577.60352
 1535	  34536.73438	  3033.50195	  5800.84375	 -5780.84375
 5882	  34500.01953	  3946.34497	  5631.27832	 -5611.27832
 1477	  35009.64453	  4093.69629	  5357.02881	 -5337.02881
 5772	  34773.1875	  3526.53125	  5597.60352	 -5577.60352
 5773	  34736.47656	  4554.92041	  5369.84912	 -5349.84912
 5772	  34773.1875	  3526.53125	  5597.60352	 -5577.60352
 5882	  34500.01953	  3946.34497	  5631.27832	 -5611.27832
 5773	  34736.47656	  4554.92041	  5369.84912	 -5349.84912
 1477	  35009.64453	  4093.69629	  5357.02881	 -5337.02881
 5773	  34736.47656	  4554.92041	  5369.84912	 -5349.84912
 5693	  34972.92969	  5201.60693	  5089.22803	 -5069.22803
 1535	  34536.73438	  3033.50195	  5800.84375	 -5780.84375
 5939	  34263.56641	  3432.46924	  5845.01709	 -5825.01709
 5882	  34500.01953	  3946.34497	  5631.27832	 -5611.27832
 1535	  34536.73438	  3033.50195	  5800.84375	 -5780.84375
 5938	  34300.27734	  2612.87622	  5967.62207	 -5947.62207
 5939	  34263.56641	  3432.46924	  5845.01709	 -5825.01709
 5693	  34972.92969	  5201.60693	  5089.22803	 -5069.22803
 5773	  34736.47656	  4554.92041	  5369.84912	 -5349.84912
 5774	  34699.76172	  5622.18311	  5122.51904	 -5102.51904
 5693	  34972.92969	  5201.60693	  5089.22803	 -5069.22803
 5774	  34699.76172	  5622.18311	  5122.51904	 -5102.51904
 1478	  34936.21875	  6273.6748	  4839.47803	 -4819.47803
 5773	  34736.47656	  4554.92041	  5369.84912	 -5349.84912
 5882	  34500.01953	  3946.34497	  5631.27832	 -5611.27832
 1536	  34463.30859	  4957.6748	  5412.11621	 -5392.11621
 5773	  34736.47656	  4554.92041	  5369.84912	 -5349.84912
 1536	  34463.30859	  4957.6748	  5412.11621	 -5392.11621
 5774	  34699.76172	  5622.18311	  5122.51904	 -5102.51904
 1478	  34936.21875	  6273.6748	  4839.47803	 -4819.47803
 5774	  34699.76172	  5622.18311	  5122.51904	 -5102.51904
 5775	  34663.05078	  6709.34277	  4865.16895	 -4845.16895
 1478	  34936.21875	  6273.6748	  4839.47803	 -4819.47803
 5775	  34663.05078	  6709.34277	  4865.16895	 -4845.16895
 5694	  34899.50391	  7368.89307	  4578.06934	 -4558.06934
 5774	  34699.76172	  5622.18311	  5122.51904	 -5102.51904
 1536	  34463.30859	  4957.6748	  5412.11621	 -5392.11621
 379	  34426.59375	  6004.0459	  5175.30664	 -5155.30664
 5774	  34699.76172	  5622.18311	  5122.51904	 -5102.51904
 379	  34426.59375	  6004.0459	  5175.30664	 -5155.30664
 5775	  34663.05078	  6709.34277	  4865.16895	 -4845.16895
 5882	  34500.01953	  3946.34497	  5631.27832	 -5611.27832
 5940	  34226.85156	  4336.17871	  5680.05225	 -5660.05225
 1536	  34463.30859	  4957.6748	  5412.11621	 -5392.11621
 5882	  34500.01953	  3946.34497	  5631.27832	 -5611.27832
 5939	  34263.56641	  3432.46924	  5845.01709	 -5825.01709
 5940	  34226.85156	  4336.17871	  5680.05225	 -5660.05225
 1536	  34463.30859	  4957.6748	  5412.11621	 -5392.11621
 5941	  34190.13672	  5349.76465	  5459.75342	 -5439.75342
 379	  34426.59375	  6004.0459	  5175.30664	 -5155.30664
 1536	  34463.30859	  4957.6748	  5412.11621	 -5392.11621
 5940	  34226.85156	  4336.17871	  5680.05225	 -5660.05225
 5941	  34190.13672	  5349.76465	  5459.75342	 -5439.75342
 5775	  34663.05078	  6709.34277	  4865.16895	 -4845.16895
 379	  34426.59375	  6004.0459	  5175.30664	 -5155.30664
 84	  34389.88281	  7152.9873	  4886.84277	 -4866.84277
 5694	  34899.50391	  7368.89307	  4578.06934	 -4558.06934
 5775	  34663.05078	  6709.34277	  4865.16895	 -4845.16895
 5776	  34626.33594	  7815.17871	  4598.41309	 -4578.41309
 5775	  34663.05078	  6709.34277	  4865.16895	 -4845.16895
 84	  34389.88281	  7152.9873	  4886.84277	 -4866.84277
 5776	  34626.33594	  7815.17871	  4598.41309	 -4578.41309
 5694	  34899.50391	  7368.89307	  4578.06934	 -4558.06934
 5776	  34626.33594	  7815.17871	  4598.41309	 -4578.41309
 1479	  34862.79297	  8475.16016	  4311.09619	 -4291.09619
 379	  34426.59375	  6004.0459	  5175.30664	 -5155.30664
 5942	  34153.42578	  6443.9082	  5198.88525	 -5178.88525
 84	  34389.88281	  7152.9873	  4886.84277	 -4866.84277
 379	  34426.59375	  6004.0459	  5175.30664	 -5155.30664
 5941	  34190.13672	  5349.76465	  5459.75342	 -5439.75342
 5942	  34153.42578	  6443.9082	  5198.88525	 -5178.88525
 1479	  34862.79297	  8475.16016	  4311.09619	 -4291.09619
 5776	  34626.33594	  7815.17871	  4598.41309	 -4578.41309
 5777	  34589.625	  8933.65234	  4325.29297	 -4305.29297
 1479	  34862.79297	  8475.16016	  4311.09619	 -4291.09619
 5777	  34589.625	  8933.65234	  4325.29297	 -4305.29297
 5695	  34826.07813	  9581.90137	  4043.88452	 -4023.88452
 5776	  34626.33594	  7815.17871	  4598.41309	 -4578.41309
 84	  34389.88281	  7152.9873	  4886.84277	 -4866.84277
 5883	  34353.16797	  8262.89746	  4618.03516	 -4598.03516
 5776	  34626.33594	  7815.17871	  4598.41309	 -4578.41309
 5883	  34353.16797	  8262.89746	  4618.03516	 -4598.03516
 5777	  34589.625	  8933.65234	  4325.29297	 -4305.29297
 5695	  34826.07813	  9581.90137	  4043.88452	 -4023.88452
 5777	  34589.625	  8933.65234	  4325.29297	 -4305.29297
 5778	  34552.91016	  10070.99512	  4042.67041	 -4022.67041
 5695	  34826.07813	  9581.90137	  4043.88452	 -4023.88452
 5778	  34552.91016	  10070.99512	  4042.67041	 -4022.67041
 1480	  34789.36719	  10608.73047	  3816.9165	 -3796.9165
 5777	  34589.625	  8933.65234	  4325.29297	 -4305.29297
 5883	  34353.16797	  8262.89746	  4618.03516	 -4598.03516
 1537	  34316.45703	  9516.87305	  4276.67627	 -4256.67627
 5777	  34589.625	  8933.65234	  4325.29297	 -4305.29297
 1537	  34316.45703	  9516.87305	  4276.67627	 -4256.67627
 5778	  34552.91016	  10070.99512	  4042.67041	 -4022.67041
 84	  34389.88281	  7152.9873	  4886.84277	 -4866.84277
 5943	  34116.71094	  7601.06592	  4906.28418	 -4886.28418
 5883	  34353.16797	  8262.89746	  4618.03516	 -4598.03516
 84	  34389.88281	  7152.9873	  4886.84277	 -4866.84277
 5942	  34153.42578	  6443.9082	  5198.88525	 -5178.88525
 5943	  34116.71094	  7601.06592	  4906.28418	 -4886.28418
 5883	  34353.16797	  8262.89746	  4618.03516	 -4598.03516
 5944	  34080.00	  8852.25781	  4566.32715	 -4546.32715
 1537	  34316.45703	  9516.87305	  4276.67627	 -4256.67627
 5883	  34353.16797	  8262.89746	  4618.03516	 -4598.03516
 5943	  34116.71094	  7601.06592	  4906.28418	 -4886.28418
 5944	  34080.00	  8852.25781	  4566.32715	 -4546.32715
 5778	  34552.91016	  10070.99512	  4042.67041	 -4022.67041
 1537	  34316.45703	  9516.87305	  4276.67627	 -4256.67627
 380	  34279.74219	  10749.07715	  3946.28247	 -3926.28247
 1480	  34789.36719	  10608.73047	  3816.9165	 -3796.9165
 5778	  34552.91016	  10070.99512	  4042.67041	 -4022.67041
 5779	  34516.19922	  11082.1709	  3823.58545	 -3803.58545
 5778	  34552.91016	  10070.99512	  4042.67041	 -4022.67041
 380	  34279.74219	  10749.07715	  3946.28247	 -3926.28247
 5779	  34516.19922	  11082.1709	  3823.58545	 -3803.58545
 1480	  34789.36719	  10608.73047	  3816.9165	 -3796.9165
 5779	  34516.19922	  11082.1709	  3823.58545	 -3803.58545
 5696	  34752.65234	  11509.23242	  3653.56641	 -3633.56641
 1537	  34316.45703	  9516.87305	  4276.67627	 -4256.67627
 5945	  34043.28516	  10216.6748	  4169.35107	 -4149.35107
 380	  34279.74219	  10749.07715	  3946.28247	 -3926.28247
 1537	  34316.45703	  9516.87305	  4276.67627	 -4256.67627
 5944	  34080.00	  8852.25781	  4566.32715	 -4546.32715
 5945	  34043.28516	  10216.6748	  4169.35107	 -4149.35107
 5696	  34752.65234	  11509.23242	  3653.56641	 -3633.56641
 5779	  34516.19922	  11082.1709	  3823.58545	 -3803.58545
 5780	  34479.48438	  12241.75879	  3529.76025	 -3509.76025
 5696	  34752.65234	  11509.23242	  3653.56641	 -3633.56641
 5780	  34479.48438	  12241.75879	  3529.76025	 -3509.76025
 1481	  34715.94141	  12401.93164	  3494.14624	 -3474.14624
 5779	  34516.19922	  11082.1709	  3823.58545	 -3803.58545
 380	  34279.74219	  10749.07715	  3946.28247	 -3926.28247
 1538	  34243.03125	  12025.35059	  3593.69458	 -3573.69458
 5779	  34516.19922	  11082.1709	  3823.58545	 -3803.58545
 1538	  34243.03125	  12025.35059	  3593.69458	 -3573.69458
 5780	  34479.48438	  12241.75879	  3529.76025	 -3509.76025
 1481	  34715.94141	  12401.93164	  3494.14624	 -3474.14624
 5780	  34479.48438	  12241.75879	  3529.76025	 -3509.76025
 5781	  34442.77344	  13364.4668	  3254.50781	 -3234.50781
 1481	  34715.94141	  12401.93164	  3494.14624	 -3474.14624
 5781	  34442.77344	  13364.4668	  3254.50781	 -3234.50781
 5697	  34679.22656	  13271.39941	  3346.42432	 -3326.42432
 5780	  34479.48438	  12241.75879	  3529.76025	 -3509.76025
 1538	  34243.03125	  12025.35059	  3593.69458	 -3573.69458
 5884	  34206.31641	  13477.90918	  3152.33057	 -3132.33057
 5780	  34479.48438	  12241.75879	  3529.76025	 -3509.76025
 5884	  34206.31641	  13477.90918	  3152.33057	 -3132.33057
 5781	  34442.77344	  13364.4668	  3254.50781	 -3234.50781
 380	  34279.74219	  10749.07715	  3946.28247	 -3926.28247
 5946	  34006.57422	  11757.375	  3683.59888	 -3663.59888
 1538	  34243.03125	  12025.35059	  3593.69458	 -3573.69458
 380	  34279.74219	  10749.07715	  3946.28247	 -3926.28247
 5945	  34043.28516	  10216.6748	  4169.35107	 -4149.35107
 5946	  34006.57422	  11757.375	  3683.59888	 -3663.59888
 1538	  34243.03125	  12025.35059	  3593.69458	 -3573.69458
 5947	  33969.85938	  13694.71387	  2998.09985	 -2978.09985
 5884	  34206.31641	  13477.90918	  3152.33057	 -3132.33057
 1538	  34243.03125	  12025.35059	  3593.69458	 -3573.69458
 5946	  34006.57422	  11757.375	  3683.59888	 -3663.59888
 5947	  33969.85938	  13694.71387	  2998.09985	 -2978.09985
 5781	  34442.77344	  13364.4668	  3254.50781	 -3234.50781
 5884	  34206.31641	  13477.90918	  3152.33057	 -3132.33057
 1539	  34169.60547	  14978.37598	  2686.8396	 -2666.8396
 5697	  34679.22656	  13271.39941	  3346.42432	 -3326.42432
 5781	  34442.77344	  13364.4668	  3254.50781	 -3234.50781
 5782	  34406.05859	  14537.91797	  2953.70142	 -2933.70142
 5781	  34442.77344	  13364.4668	  3254.50781	 -3234.50781
 1539	  34169.60547	  14978.37598	  2686.8396	 -2666.8396
 5782	  34406.05859	  14537.91797	  2953.70142	 -2933.70142
 5697	  34679.22656	  13271.39941	  3346.42432	 -3326.42432
 5782	  34406.05859	  14537.91797	  2953.70142	 -2933.70142
 1482	  34642.51563	  14214.84082	  3161.45068	 -3141.45068
 5884	  34206.31641	  13477.90918	  3152.33057	 -3132.33057
 5948	  33933.14844	  15618.15332	  2319.60132	 -2299.60132
 1539	  34169.60547	  14978.37598	  2686.8396	 -2666.8396
 5884	  34206.31641	  13477.90918	  3152.33057	 -3132.33057
 5947	  33969.85938	  13694.71387	  2998.09985	 -2978.09985
 5948	  33933.14844	  15618.15332	  2319.60132	 -2299.60132
 1482	  34642.51563	  14214.84082	  3161.45068	 -3141.45068
 5782	  34406.05859	  14537.91797	  2953.70142	 -2933.70142
 5783	  34369.34766	  16503.83398	  2253.81104	 -2233.81104
 1482	  34642.51563	  14214.84082	  3161.45068	 -3141.45068
 5783	  34369.34766	  16503.83398	  2253.81104	 -2233.81104
 5698	  34605.80078	  16049.68848	  2527.56543	 -2507.56543
 5782	  34406.05859	  14537.91797	  2953.70142	 -2933.70142
 1539	  34169.60547	  14978.37598	  2686.8396	 -2666.8396
 381	  34132.89063	  17163.97656	  1876.31702	 -1856.31702
 5782	  34406.05859	  14537.91797	  2953.70142	 -2933.70142
 381	  34132.89063	  17163.97656	  1876.31702	 -1856.31702
 5783	  34369.34766	  16503.83398	  2253.81104	 -2233.81104
 5698	  34605.80078	  16049.68848	  2527.56543	 -2507.56543
 5783	  34369.34766	  16503.83398	  2253.81104	 -2233.81104
 5784	  34332.63281	  18863.12695	  1355.81726	 -1335.81726
 5698	  34605.80078	  16049.68848	  2527.56543	 -2507.56543
 5784	  34332.63281	  18863.12695	  1355.81726	 -1335.81726
 1483	  34569.08984	  18266.15625	  1701.49756	 -1681.49756
 5783	  34369.34766	  16503.83398	  2253.81104	 -2233.81104
 381	  34132.89063	  17163.97656	  1876.31702	 -1856.31702
 85	  34096.17969	  19670.36328	  904.24628	 -884.24628
 5783	  34369.34766	  16503.83398	  2253.81104	 -2233.81104
 85	  34096.17969	  19670.36328	  904.24628	 -884.24628
 5784	  34332.63281	  18863.12695	  1355.81726	 -1335.81726
 1539	  34169.60547	  14978.37598	  2686.8396	 -2666.8396
 5949	  33896.43359	  17987.06055	  1416.76575	 -1396.76575
 381	  34132.89063	  17163.97656	  1876.31702	 -1856.31702
 1539	  34169.60547	  14978.37598	  2686.8396	 -2666.8396
 5948	  33933.14844	  15618.15332	  2319.60132	 -2299.60132
 5949	  33896.43359	  17987.06055	  1416.76575	 -1396.76575
 381	  34132.89063	  17163.97656	  1876.31702	 -1856.31702
 5950	  33859.72266	  20585.10156	  398.53876	 -378.53876
 85	  34096.17969	  19670.36328	  904.24628	 -884.24628
 381	  34132.89063	  17163.97656	  1876.31702	 -1856.31702
 5949	  33896.43359	  17987.06055	  1416.76575	 -1396.76575
 5950	  33859.72266	  20585.10156	  398.53876	 -378.53876
 5784	  34332.63281	  18863.12695	  1355.81726	 -1335.81726
 85	  34096.17969	  19670.36328	  904.24628	 -884.24628
 5885	  34059.46484	  22292.97266	 -126.35211	  146.35211
 1483	  34569.08984	  18266.15625	  1701.49756	 -1681.49756
 5784	  34332.63281	  18863.12695	  1355.81726	 -1335.81726
 5785	  34295.92188	  21502.41992	  316.81702	 -296.81702
 5784	  34332.63281	  18863.12695	  1355.81726	 -1335.81726
 5885	  34059.46484	  22292.97266	 -126.35211	  146.35211
 5785	  34295.92188	  21502.41992	  316.81702	 -296.81702
 1483	  34569.08984	  18266.15625	  1701.49756	 -1681.49756
 5785	  34295.92188	  21502.41992	  316.81702	 -296.81702
 5699	  34532.375	  20647.64453	  792.32739	 -772.32739
 85	  34096.17969	  19670.36328	  904.24628	 -884.24628
 5951	  33823.00781	  23163.32617	 -609.70795	  629.70795
 5885	  34059.46484	  22292.97266	 -126.35211	  146.35211
 85	  34096.17969	  19670.36328	  904.24628	 -884.24628
 5950	  33859.72266	  20585.10156	  398.53876	 -378.53876
 5951	  33823.00781	  23163.32617	 -609.70795	  629.70795
 5699	  34532.375	  20647.64453	  792.32739	 -772.32739
 5785	  34295.92188	  21502.41992	  316.81702	 -296.81702
 5786	  34259.20703	  24093.12109	 -697.71338	  717.71338
 5699	  34532.375	  20647.64453	  792.32739	 -772.32739
 5786	  34259.20703	  24093.12109	 -697.71338	  717.71338
 1484	  34495.66406	  23008.57227	 -106.48907	  126.48907
 5785	  34295.92188	  21502.41992	  316.81702	 -296.81702
 5885	  34059.46484	  22292.97266	 -126.35211	  146.35211
 1540	  34022.75391	  25063.90625	 -1231.64673	  1251.64673
 5785	  34295.92188	  21502.41992	  316.81702	 -296.81702
 1540	  34022.75391	  25063.90625	 -1231.64673	  1251.64673
 5786	  34259.20703	  24093.12109	 -697.71338	  717.71338
 1484	  34495.66406	  23008.57227	 -106.48907	  126.48907
 5786	  34259.20703	  24093.12109	 -697.71338	  717.71338
 5787	  34222.49609	  27398.4375	 -2072.12256	  2092.12256
 1484	  34495.66406	  23008.57227	 -106.48907	  126.48907
 5787	  34222.49609	  27398.4375	 -2072.12256	  2092.12256
 5700	  34458.94922	  26168.70508	 -1407.78467	  1427.78467
 5786	  34259.20703	  24093.12109	 -697.71338	  717.71338
 1540	  34022.75391	  25063.90625	 -1231.64673	  1251.64673
 382	  33986.03906	  29876.09375	 -3364.91235	  3384.91235
 5786	  34259.20703	  24093.12109	 -697.71338	  717.71338
 382	  33986.03906	  29876.09375	 -3364.91235	  3384.91235
 5787	  34222.49609	  27398.4375	 -2072.12256	  2092.12256
 5885	  34059.46484	  22292.97266	 -126.35211	  146.35211
 5952	  33786.29688	  25698.81055	 -1596.43066	  1616.43066
 1540	  34022.75391	  25063.90625	 -1231.64673	  1251.64673
 5885	  34059.46484	  22292.97266	 -126.35211	  146.35211
 5951	  33823.00781	  23163.32617	 -609.70795	  629.70795
 5952	  33786.29688	  25698.81055	 -1596.43066	  1616.43066
 1540	  34022.75391	  25063.90625	 -1231.64673	  1251.64673
 5953	  33749.58203	  31474.25977	 -4214.79346	  4234.79346
 382	  33986.03906	  29876.09375	 -3364.91235	  3384.91235
 1540	  34022.75391	  25063.90625	 -1231.64673	  1251.64673
 5952	  33786.29688	  25698.81055	 -1596.43066	  1616.43066
 5953	  33749.58203	  31474.25977	 -4214.79346	  4234.79346
 5787	  34222.49609	  27398.4375	 -2072.12256	  2092.12256
 382	  33986.03906	  29876.09375	 -3364.91235	  3384.91235
 1541	  33949.32813	  32067.99219	 -4178.60596	  4198.60596
 5700	  34458.94922	  26168.70508	 -1407.78467	  1427.78467
 5787	  34222.49609	  27398.4375	 -2072.12256	  2092.12256
 5788	  34185.78125	  32115.61328	 -4157.53955	  4177.53955
 5787	  34222.49609	  27398.4375	 -2072.12256	  2092.12256
 1541	  33949.32813	  32067.99219	 -4178.60596	  4198.60596
 5788	  34185.78125	  32115.61328	 -4157.53955	  4177.53955
 5700	  34458.94922	  26168.70508	 -1407.78467	  1427.78467
 5788	  34185.78125	  32115.61328	 -4157.53955	  4177.53955
 1485	  34422.23828	  32153.61133	 -4131.62793	  4151.62793
 382	  33986.03906	  29876.09375	 -3364.91235	  3384.91235
 5954	  33712.87109	  32020.37109	 -4199.67188	  4219.67188
 1541	  33949.32813	  32067.99219	 -4178.60596	  4198.60596
 382	  33986.03906	  29876.09375	 -3364.91235	  3384.91235
 5953	  33749.58203	  31474.25977	 -4214.79346	  4234.79346
 5954	  33712.87109	  32020.37109	 -4199.67188	  4219.67188
 1485	  34422.23828	  32153.61133	 -4131.62793	  4151.62793
 5788	  34185.78125	  32115.61328	 -4157.53955	  4177.53955
 5789	  34149.07031	  32422.32422	 -4021.85864	  4041.85864
 1485	  34422.23828	  32153.61133	 -4131.62793	  4151.62793
 5789	  34149.07031	  32422.32422	 -4021.85864	  4041.85864
 5701	  34385.52344	  32469.94531	 -4000.79272	  4020.79272
 5788	  34185.78125	  32115.61328	 -4157.53955	  4177.53955
 1541	  33949.32813	  32067.99219	 -4178.60596	  4198.60596
 5886	  33912.61328	  32374.70313	 -4042.92505	  4062.92505
 5788	  34185.78125	  32115.61328	 -4157.53955	  4177.53955
 5886	  33912.61328	  32374.70313	 -4042.92505	  4062.92505
 5789	  34149.07031	  32422.32422	 -4021.85864	  4041.85864
 5701	  34385.52344	  32469.94531	 -4000.79272	  4020.79272
 5789	  34149.07031	  32422.32422	 -4021.85864	  4041.85864
 5790	  34112.35547	  32729.03516	 -3886.17798	  3906.17798
 5701	  34385.52344	  32469.94531	 -4000.79272	  4020.79272
 5790	  34112.35547	  32729.03516	 -3886.17798	  3906.17798
 1486	  34348.8125	  32776.65625	 -3865.11157	  3885.11157
 5789	  34149.07031	  32422.32422	 -4021.85864	  4041.85864
 5886	  33912.61328	  32374.70313	 -4042.92505	  4062.92505
 1542	  33875.90234	  32681.41406	 -3907.24438	  3927.24438
 5789	  34149.07031	  32422.32422	 -4021.85864	  4041.85864
 1542	  33875.90234	  32681.41406	 -3907.24438	  3927.24438
 5790	  34112.35547	  32729.03516	 -3886.17798	  3906.17798
 1541	  33949.32813	  32067.99219	 -4178.60596	  4198.60596
 5955	  33676.15625	  32327.08203	 -4063.99146	  4083.99146
 5886	  33912.61328	  32374.70313	 -4042.92505	  4062.92505
 1541	  33949.32813	  32067.99219	 -4178.60596	  4198.60596
 5954	  33712.87109	  32020.37109	 -4199.67188	  4219.67188
 5955	  33676.15625	  32327.08203	 -4063.99146	  4083.99146
 5886	  33912.61328	  32374.70313	 -4042.92505	  4062.92505
 5956	  33639.44531	  32633.79297	 -3928.3103	  3948.3103
 1542	  33875.90234	  32681.41406	 -3907.24438	  3927.24438
 5886	  33912.61328	  32374.70313	 -4042.92505	  4062.92505
 5955	  33676.15625	  32327.08203	 -4063.99146	  4083.99146
 5956	  33639.44531	  32633.79297	 -3928.3103	  3948.3103
 5790	  34112.35547	  32729.03516	 -3886.17798	  3906.17798
 1542	  33875.90234	  32681.41406	 -3907.24438	  3927.24438
 383	  33839.1875	  32988.12891	 -3771.56274	  3791.56274
 1486	  34348.8125	  32776.65625	 -3865.11157	  3885.11157
 5790	  34112.35547	  32729.03516	 -3886.17798	  3906.17798
 5791	  34075.64453	  33035.75	 -3750.49634	  3770.49634
 5790	  34112.35547	  32729.03516	 -3886.17798	  3906.17798
 383	  33839.1875	  32988.12891	 -3771.56274	  3791.56274
 5791	  34075.64453	  33035.75	 -3750.49634	  3770.49634
 1486	  34348.8125	  32776.65625	 -3865.11157	  3885.11157
 5791	  34075.64453	  33035.75	 -3750.49634	  3770.49634
 5702	  34312.09766	  33083.37109	 -3729.42993	  3749.42993
 1542	  33875.90234	  32681.41406	 -3907.24438	  3927.24438
 5957	  33602.73047	  32940.50781	 -3792.62866	  3812.62866
 383	  33839.1875	  32988.12891	 -3771.56274	  3791.56274
 1542	  33875.90234	  32681.41406	 -3907.24438	  3927.24438
 5956	  33639.44531	  32633.79297	 -3928.3103	  3948.3103
 5957	  33602.73047	  32940.50781	 -3792.62866	  3812.62866
 5702	  34312.09766	  33083.37109	 -3729.42993	  3749.42993
 5791	  34075.64453	  33035.75	 -3750.49634	  3770.49634
 5792	  34038.92969	  33342.46094	 -3614.81519	  3634.81519
 5702	  34312.09766	  33083.37109	 -3729.42993	  3749.42993
 5792	  34038.92969	  33342.46094	 -3614.81519	  3634.81519
 1487	  34275.38672	  33390.08203	 -3593.74927	  3613.74927
 5791	  34075.64453	  33035.75	 -3750.49634	  3770.49634
 383	  33839.1875	  32988.12891	 -3771.56274	  3791.56274
 1543	  33802.47656	  33294.83984	 -3635.88159	  3655.88159
 5791	  34075.64453	  33035.75	 -3750.49634	  3770.49634
 1543	  33802.47656	  33294.83984	 -3635.88159	  3655.88159
 5792	  34038.92969	  33342.46094	 -3614.81519	  3634.81519
 1487	  34275.38672	  33390.08203	 -3593.74927	  3613.74927
 5792	  34038.92969	  33342.46094	 -3614.81519	  3634.81519
 5793	  34002.21875	  33649.17188	 -3479.13452	  3499.13452
 1487	  34275.38672	  33390.08203	 -3593.74927	  3613.74927
 5793	  34002.21875	  33649.17188	 -3479.13452	  3499.13452
 5703	  34238.67188	  33696.79297	 -3458.06812	  3478.06812
 5792	  34038.92969	  33342.46094	 -3614.81519	  3634.81519
 1543	  33802.47656	  33294.83984	 -3635.88159	  3655.88159
 87	  33765.76172	  33601.55078	 -3500.20093	  3520.20093
 5792	  34038.92969	  33342.46094	 -3614.81519	  3634.81519
 87	  33765.76172	  33601.55078	 -3500.20093	  3520.20093
 5793	  34002.21875	  33649.17188	 -3479.13452	  3499.13452
 383	  33839.1875	  32988.12891	 -3771.56274	  3791.56274
 5958	  33566.01953	  33247.21875	 -3656.948	  3676.948
 1543	  33802.47656	  33294.83984	 -3635.88159	  3655.88159
 383	  33839.1875	  32988.12891	 -3771.56274	  3791.56274
 5957	  33602.73047	  32940.50781	 -3792.62866	  3812.62866
 5958	  33566.01953	  33247.21875	 -3656.948	  3676.948
 1543	  33802.47656	  33294.83984	 -3635.88159	  3655.88159
 5959	  33529.30469	  33553.92969	 -3521.26685	  3541.26685
 87	  33765.76172	  33601.55078	 -3500.20093	  3520.20093
 1543	  33802.47656	  33294.83984	 -3635.88159	  3655.88159
 5958	  33566.01953	  33247.21875	 -3656.948	  3676.948
 5959	  33529.30469	  33553.92969	 -3521.26685	  3541.26685
 5793	  34002.21875	  33649.17188	 -3479.13452	  3499.13452
 87	  33765.76172	  33601.55078	 -3500.20093	  3520.20093
 1544	  33729.05078	  33908.26172	 -3364.52026	  3384.52026
 5703	  34238.67188	  33696.79297	 -3458.06812	  3478.06812
 5793	  34002.21875	  33649.17188	 -3479.13452	  3499.13452
 5794	  33965.50391	  33955.88281	 -3343.45386	  3363.45386
 5793	  34002.21875	  33649.17188	 -3479.13452	  3499.13452
 1544	  33729.05078	  33908.26172	 -3364.52026	  3384.52026
 5794	  33965.50391	  33955.88281	 -3343.45386	  3363.45386
 5703	  34238.67188	  33696.79297	 -3458.06812	  3478.06812
 5794	  33965.50391	  33955.88281	 -3343.45386	  3363.45386
 1488	  34201.96094	  34003.50391	 -3322.38745	  3342.38745
 87	  33765.76172	  33601.55078	 -3500.20093	  3520.20093
 5960	  33492.59375	  33860.64063	 -3385.58618	  3405.58618
 1544	  33729.05078	  33908.26172	 -3364.52026	  3384.52026
 87	  33765.76172	  33601.55078	 -3500.20093	  3520.20093
 5959	  33529.30469	  33553.92969	 -3521.26685	  3541.26685
 5960	  33492.59375	  33860.64063	 -3385.58618	  3405.58618
 1488	  34201.96094	  34003.50391	 -3322.38745	  3342.38745
 5794	  33965.50391	  33955.88281	 -3343.45386	  3363.45386
 5795	  33928.79297	  34262.59766	 -3207.77222	  3227.77222
 1488	  34201.96094	  34003.50391	 -3322.38745	  3342.38745
 5795	  33928.79297	  34262.59766	 -3207.77222	  3227.77222
 5704	  34165.24609	  34310.21875	 -3186.70581	  3206.70581
 5794	  33965.50391	  33955.88281	 -3343.45386	  3363.45386
 1544	  33729.05078	  33908.26172	 -3364.52026	  3384.52026
 384	  33692.33594	  34214.97656	 -3228.83862	  3248.83862
 5794	  33965.50391	  33955.88281	 -3343.45386	  3363.45386
 384	  33692.33594	  34214.97656	 -3228.83862	  3248.83862
 5795	  33928.79297	  34262.59766	 -3207.77222	  3227.77222
 5704	  34165.24609	  34310.21875	 -3186.70581	  3206.70581
 5795	  33928.79297	  34262.59766	 -3207.77222	  3227.77222
 5796	  33892.07813	  34569.30859	 -3072.09106	  3092.09106
 5704	  34165.24609	  34310.21875	 -3186.70581	  3206.70581
 5796	  33892.07813	  34569.30859	 -3072.09106	  3092.09106
 1489	  34128.53516	  34616.92969	 -3051.02515	  3071.02515
 5795	  33928.79297	  34262.59766	 -3207.77222	  3227.77222
 384	  33692.33594	  34214.97656	 -3228.83862	  3248.83862
 1545	  33655.62109	  34521.6875	 -3093.15747	  3113.15747
 5795	  33928.79297	  34262.59766	 -3207.77222	  3227.77222
 1545	  33655.62109	  34521.6875	 -3093.15747	  3113.15747
 5796	  33892.07813	  34569.30859	 -3072.09106	  3092.09106
 1544	  33729.05078	  33908.26172	 -3364.52026	  3384.52026
 5961	  33455.87891	  34167.35547	 -3249.90454	  3269.90454
 384	  33692.33594	  34214.97656	 -3228.83862	  3248.83862
 1544	  33729.05078	  33908.26172	 -3364.52026	  3384.52026
 5960	  33492.59375	  33860.64063	 -3385.58618	  3405.58618
 5961	  33455.87891	  34167.35547	 -3249.90454	  3269.90454
 384	  33692.33594	  34214.97656	 -3228.83862	  3248.83862
 5962	  33419.16797	  34474.06641	 -3114.22388	  3134.22388
 1545	  33655.62109	  34521.6875	 -3093.15747	  3113.15747
 384	  33692.33594	  34214.97656	 -3228.83862	  3248.83862
 5961	  33455.87891	  34167.35547	 -3249.90454	  3269.90454
 5962	  33419.16797	  34474.06641	 -3114.22388	  3134.22388
 5796	  33892.07813	  34569.30859	 -3072.09106	  3092.09106
 1545	  33655.62109	  34521.6875	 -3093.15747	  3113.15747
 5887	  33618.91016	  34828.39844	 -2957.47681	  2977.47681
 1489	  34128.53516	  34616.92969	 -3051.02515	  3071.02515
 5796	  33892.07813	  34569.30859	 -3072.09106	  3092.09106
 5797	  33855.36719	  34876.01953	 -2936.4104	  2956.4104
 5796	  33892.07813	  34569.30859	 -3072.09106	  3092.09106
 5887	  33618.91016	  34828.39844	 -2957.47681	  2977.47681
 5797	  33855.36719	  34876.01953	 -2936.4104	  2956.4104
 1489	  34128.53516	  34616.92969	 -3051.02515	  3071.02515
 5797	  33855.36719	  34876.01953	 -2936.4104	  2956.4104
 5705	  34091.82031	  34923.64063	 -2915.34399	  2935.34399
 1545	  33655.62109	  34521.6875	 -3093.15747	  3113.15747
 5963	  33382.45313	  34780.77734	 -2978.54272	  2998.54272
 5887	  33618.91016	  34828.39844	 -2957.47681	  2977.47681
 1545	  33655.62109	  34521.6875	 -3093.15747	  3113.15747
 5962	  33419.16797	  34474.06641	 -3114.22388	  3134.22388
 5963	  33382.45313	  34780.77734	 -2978.54272	  2998.54272
 5705	  34091.82031	  34923.64063	 -2915.34399	  2935.34399
 5797	  33855.36719	  34876.01953	 -2936.4104	  2956.4104
 5798	  33818.65234	  35182.73438	 -2800.72876	  2820.72876
 5705	  34091.82031	  34923.64063	 -2915.34399	  2935.34399
 5798	  33818.65234	  35182.73438	 -2800.72876	  2820.72876
 1490	  34055.10938	  35230.35547	 -2779.66235	  2799.66235
 5797	  33855.36719	  34876.01953	 -2936.4104	  2956.4104
 5887	  33618.91016	  34828.39844	 -2957.47681	  2977.47681
 1546	  33582.19531	  35135.11328	 -2821.79517	  2841.79517
 5797	  33855.36719	  34876.01953	 -2936.4104	  2956.4104
 1546	  33582.19531	  35135.11328	 -2821.79517	  2841.79517
 5798	  33818.65234	  35182.73438	 -2800.72876	  2820.72876
 1490	  34055.10938	  35230.35547	 -2779.66235	  2799.66235
 5798	  33818.65234	  35182.73438	 -2800.72876	  2820.72876
 5799	  33781.94141	  35489.44531	 -2665.0481	  2685.0481
 1490	  34055.10938	  35230.35547	 -2779.66235	  2799.66235
 5799	  33781.94141	  35489.44531	 -2665.0481	  2685.0481
 5706	  34018.39453	  35537.06641	 -2643.98169	  2663.98169
 5798	  33818.65234	  35182.73438	 -2800.72876	  2820.72876
 1546	  33582.19531	  35135.11328	 -2821.79517	  2841.79517
 385	  33545.48438	  35441.82422	 -2686.1145	  2706.1145
 5798	  33818.65234	  35182.73438	 -2800.72876	  2820.72876
 385	  33545.48438	  35441.82422	 -2686.1145	  2706.1145
 5799	  33781.94141	  35489.44531	 -2665.0481	  2685.0481
 5887	  33618.91016	  34828.39844	 -2957.47681	  2977.47681
 5964	  33345.74219	  35087.49219	 -2842.86108	  2862.86108
 1546	  33582.19531	  35135.11328	 -2821.79517	  2841.79517
 5887	  33618.91016	  34828.39844	 -2957.47681	  2977.47681
 5963	  33382.45313	  34780.77734	 -2978.54272	  2998.54272
 5964	  33345.74219	  35087.49219	 -2842.86108	  2862.86108
 1546	  33582.19531	  35135.11328	 -2821.79517	  2841.79517
 5965	  33309.02734	  35394.20313	 -2707.18042	  2727.18042
 385	  33545.48438	  35441.82422	 -2686.1145	  2706.1145
 1546	  33582.19531	  35135.11328	 -2821.79517	  2841.79517
 5964	  33345.74219	  35087.49219	 -2842.86108	  2862.86108
 5965	  33309.02734	  35394.20313	 -2707.18042	  2727.18042
 5799	  33781.94141	  35489.44531	 -2665.0481	  2685.0481
 385	  33545.48438	  35441.82422	 -2686.1145	  2706.1145
 1547	  33508.76953	  35748.53516	 -2550.43335	  2570.43335
 5706	  34018.39453	  35537.06641	 -2643.98169	  2663.98169
 5799	  33781.94141	  35489.44531	 -2665.0481	  2685.0481
 5800	  33745.22656	  35796.15625	 -2529.36694	  2549.36694
 5799	  33781.94141	  35489.44531	 -2665.0481	  2685.0481
 1547	  33508.76953	  35748.53516	 -2550.43335	  2570.43335
 5800	  33745.22656	  35796.15625	 -2529.36694	  2549.36694
 5706	  34018.39453	  35537.06641	 -2643.98169	  2663.98169
 5800	  33745.22656	  35796.15625	 -2529.36694	  2549.36694
 1491	  33981.68359	  35843.77734	 -2508.30103	  2528.30103
 385	  33545.48438	  35441.82422	 -2686.1145	  2706.1145
 5966	  33272.31641	  35700.91406	 -2571.49976	  2591.49976
 1547	  33508.76953	  35748.53516	 -2550.43335	  2570.43335
 385	  33545.48438	  35441.82422	 -2686.1145	  2706.1145
 5965	  33309.02734	  35394.20313	 -2707.18042	  2727.18042
 5966	  33272.31641	  35700.91406	 -2571.49976	  2591.49976
 1491	  33981.68359	  35843.77734	 -2508.30103	  2528.30103
 5800	  33745.22656	  35796.15625	 -2529.36694	  2549.36694
