 817	 -5.01061	  137.3103	 -165.58864	  185.58864
 816	 -7.9907	  133.37468	 -164.62642	  184.62642
 814	 -7.50909	  137.15967	 -165.85503	  185.85503
 819	 -6.8233	  136.21814	 -164.8163	  184.8163
 817	 -5.01061	  137.3103	 -165.58864	  185.58864
 819	 -6.8233	  136.21814	 -164.8163	  184.8163
 814	 -7.50909	  137.15967	 -165.85503	  185.85503
 819	 -6.8233	  136.21814	 -164.8163	  184.8163
 817	 -5.01061	  137.3103	 -165.58864	  185.58864
 818	 -5.48808	  135.15891	 -165.61247	  185.61247
 816	 -7.9907	  133.37468	 -164.62642	  184.62642
 819	 -6.8233	  136.21814	 -164.8163	  184.8163
 820	 -6.71164	  133.83054	 -164.9118	  184.9118
 818	 -5.48808	  135.15891	 -165.61247	  185.61247
 820	 -6.71164	  133.83054	 -164.9118	  184.9118
 819	 -6.8233	  136.21814	 -164.8163	  184.8163
 821	  27.27092	  102.466	 -183.77081	  203.77081
 822	  29.30582	  101.70199	 -182.51138	  202.51138
 823	  30.88487	  102.6976	 -182.1418	  202.1418
 821	  27.27092	  102.466	 -183.77081	  203.77081
 823	  30.88487	  102.6976	 -182.1418	  202.1418
 824	  29.28319	  106.65793	 -184.10388	  204.10388
 824	  29.28319	  106.65793	 -184.10388	  204.10388
 823	  30.88487	  102.6976	 -182.1418	  202.1418
 825	  32.04932	  108.00144	 -181.02357	  201.02357
 824	  29.28319	  106.65793	 -184.10388	  204.10388
 826	  26.1073	  108.76555	 -183.66264	  203.66264
 821	  27.27092	  102.466	 -183.77081	  203.77081
 826	  26.1073	  108.76555	 -183.66264	  203.66264
 827	  25.66836	  103.88049	 -182.8457	  202.8457
 821	  27.27092	  102.466	 -183.77081	  203.77081
 828	  24.48089	  107.87217	 -181.34351	  201.34351
 827	  25.66836	  103.88049	 -182.8457	  202.8457
 826	  26.1073	  108.76555	 -183.66264	  203.66264
 825	  32.04932	  108.00144	 -181.02357	  201.02357
 829	  27.70605	  113.44598	 -181.7502	  201.7502
 824	  29.28319	  106.65793	 -184.10388	  204.10388
 824	  29.28319	  106.65793	 -184.10388	  204.10388
 829	  27.70605	  113.44598	 -181.7502	  201.7502
 826	  26.1073	  108.76555	 -183.66264	  203.66264
 828	  24.48089	  107.87217	 -181.34351	  201.34351
 826	  26.1073	  108.76555	 -183.66264	  203.66264
 829	  27.70605	  113.44598	 -181.7502	  201.7502
 830	  29.32401	  110.82222	 -178.72932	  198.72932
 829	  27.70605	  113.44598	 -181.7502	  201.7502
 825	  32.04932	  108.00144	 -181.02357	  201.02357
 829	  27.70605	  113.44598	 -181.7502	  201.7502
 831	  25.60264	  110.06425	 -179.60675	  199.60675
 828	  24.48089	  107.87217	 -181.34351	  201.34351
 829	  27.70605	  113.44598	 -181.7502	  201.7502
 830	  29.32401	  110.82222	 -178.72932	  198.72932
 831	  25.60264	  110.06425	 -179.60675	  199.60675
 832	  3.93773	  88.01684	 -169.58424	  189.58424
 833	  2.08208	  97.02898	 -163.42123	  183.42123
 834	  5.7299	  106.99573	 -158.19495	  178.19495
 832	  3.93773	  88.01684	 -169.58424	  189.58424
 834	  5.7299	  106.99573	 -158.19495	  178.19495
 835	  13.49265	  114.08638	 -155.91818	  175.91818
 832	  3.93773	  88.01684	 -169.58424	  189.58424
 835	  13.49265	  114.08638	 -155.91818	  175.91818
 836	  22.40524	  115.59254	 -157.46057	  177.46057
 832	  3.93773	  88.01684	 -169.58424	  189.58424
 836	  22.40524	  115.59254	 -157.46057	  177.46057
 837	  29.06335	  110.9389	 -162.23299	  182.23299
 832	  3.93773	  88.01684	 -169.58424	  189.58424
 837	  29.06335	  110.9389	 -162.23299	  182.23299
 838	  30.9238	  101.90301	 -168.41252	  188.41252
 832	  3.93773	  88.01684	 -169.58424	  189.58424
 838	  30.9238	  101.90301	 -168.41252	  188.41252
 839	  27.27598	  91.93626	 -173.63879	  193.63879
 832	  3.93773	  88.01684	 -169.58424	  189.58424
 839	  27.27598	  91.93626	 -173.63879	  193.63879
 840	  19.51322	  84.84563	 -175.91559	  195.91559
 832	  3.93773	  88.01684	 -169.58424	  189.58424
 840	  19.51322	  84.84563	 -175.91559	  195.91559
 841	  10.60064	  83.33943	 -174.37318	  194.37318
 842	 -6.71164	  133.83054	 -164.9118	  184.9118
 843	 -4.57784	  124.98315	 -164.10199	  184.10199
 844	 -5.17193	  123.76643	 -163.63007	  183.63007
 844	 -5.17193	  123.76643	 -163.63007	  183.63007
 732	 -7.9907	  133.37468	 -164.62642	  184.62642
 842	 -6.71164	  133.83054	 -164.9118	  184.9118
 843	 -4.57784	  124.98315	 -164.10199	  184.10199
 845	 -4.23976	  124.75346	 -163.92642	  183.92642
 844	 -5.17193	  123.76643	 -163.63007	  183.63007
 732	 -7.9907	  133.37468	 -164.62642	  184.62642
 844	 -5.17193	  123.76643	 -163.63007	  183.63007
 731	 -6.1031	  122.75557	 -164.46442	  184.46442
 846	 -4.41091	  124.07283	 -163.20602	  183.20602
 844	 -5.17193	  123.76643	 -163.63007	  183.63007
 845	 -4.23976	  124.75346	 -163.92642	  183.92642
 847	 -4.31942	  122.23201	 -163.19533	  183.19533
 731	 -6.1031	  122.75557	 -164.46442	  184.46442
 844	 -5.17193	  123.76643	 -163.63007	  183.63007
 844	 -5.17193	  123.76643	 -163.63007	  183.63007
 846	 -4.41091	  124.07283	 -163.20602	  183.20602
 847	 -4.31942	  122.23201	 -163.19533	  183.19533
 848	  2.44626	  133.78357	 -159.08192	  179.08192
 846	 -4.41091	  124.07283	 -163.20602	  183.20602
 845	 -4.23976	  124.75346	 -163.92642	  183.92642
 845	 -4.23976	  124.75346	 -163.92642	  183.92642
 778	  2.77705	  134.65691	 -159.73892	  179.73892
 848	  2.44626	  133.78357	 -159.08192	  179.08192
 778	  2.77705	  134.65691	 -159.73892	  179.73892
 776	  2.85873	  135.13905	 -158.80026	  178.80026
 848	  2.44626	  133.78357	 -159.08192	  179.08192
 846	 -4.41091	  124.07283	 -163.20602	  183.20602
 848	  2.44626	  133.78357	 -159.08192	  179.08192
 849	  3.01446	  132.5612	 -158.79927	  178.79927
 849	  3.01446	  132.5612	 -158.79927	  178.79927
 848	  2.44626	  133.78357	 -159.08192	  179.08192
 776	  2.85873	  135.13905	 -158.80026	  178.80026
 849	  3.01446	  132.5612	 -158.79927	  178.79927
 847	 -4.31942	  122.23201	 -163.19533	  183.19533
 846	 -4.41091	  124.07283	 -163.20602	  183.20602
 776	  2.85873	  135.13905	 -158.80026	  178.80026
 750	  4.00854	  136.41571	 -158.4006	  178.4006
 849	  3.01446	  132.5612	 -158.79927	  178.79927
 850	 -3.47195	  121.79187	 -163.58061	  183.58061
 731	 -6.1031	  122.75557	 -164.46442	  184.46442
 847	 -4.31942	  122.23201	 -163.19533	  183.19533
 850	 -3.47195	  121.79187	 -163.58061	  183.58061
 847	 -4.31942	  122.23201	 -163.19533	  183.19533
 849	  3.01446	  132.5612	 -158.79927	  178.79927
 731	 -6.1031	  122.75557	 -164.46442	  184.46442
 850	 -3.47195	  121.79187	 -163.58061	  183.58061
 733	 -3.43038	  122.31249	 -164.39169	  184.39169
 737	  4.20643	  133.12761	 -159.80698	  179.80698
 733	 -3.43038	  122.31249	 -164.39169	  184.39169
 850	 -3.47195	  121.79187	 -163.58061	  183.58061
 851	  3.76047	  132.03401	 -159.23083	  179.23083
 849	  3.01446	  132.5612	 -158.79927	  178.79927
 750	  4.00854	  136.41571	 -158.4006	  178.4006
 737	  4.20643	  133.12761	 -159.80698	  179.80698
 851	  3.76047	  132.03401	 -159.23083	  179.23083
 750	  4.00854	  136.41571	 -158.4006	  178.4006
 849	  3.01446	  132.5612	 -158.79927	  178.79927
 851	  3.76047	  132.03401	 -159.23083	  179.23083
 850	 -3.47195	  121.79187	 -163.58061	  183.58061
 850	 -3.47195	  121.79187	 -163.58061	  183.58061
 851	  3.76047	  132.03401	 -159.23083	  179.23083
 737	  4.20643	  133.12761	 -159.80698	  179.80698
 852	  16.28648	  154.31741	 -193.35101	  213.35101
 853	  7.9964	  160.06705	 -187.42957	  207.42957
 854	  10.27866	  148.82979	 -195.11307	  215.11307
 854	  10.27866	  148.82979	 -195.11307	  215.11307
 853	  7.9964	  160.06705	 -187.42957	  207.42957
 855	  3.38096	  147.66411	 -193.91937	  213.91937
 856	  19.10963	  162.03098	 -189.30624	  209.30624
 853	  7.9964	  160.06705	 -187.42957	  207.42957
 852	  16.28648	  154.31741	 -193.35101	  213.35101
 855	  3.38096	  147.66411	 -193.91937	  213.91937
 853	  7.9964	  160.06705	 -187.42957	  207.42957
 857	 -1.77194	  151.2657	 -190.22586	  210.22586
 858	  17.66977	  169.02411	 -184.52373	  204.52373
 853	  7.9964	  160.06705	 -187.42957	  207.42957
 856	  19.10963	  162.03098	 -189.30624	  209.30624
 857	 -1.77194	  151.2657	 -190.22586	  210.22586
 853	  7.9964	  160.06705	 -187.42957	  207.42957
 859	 -3.2118	  158.25882	 -185.44334	  205.44334
 860	  12.51687	  172.6257	 -180.83022	  200.83022
 853	  7.9964	  160.06705	 -187.42957	  207.42957
 858	  17.66977	  169.02411	 -184.52373	  204.52373
 859	 -3.2118	  158.25882	 -185.44334	  205.44334
 853	  7.9964	  160.06705	 -187.42957	  207.42957
 861	 -0.38864	  165.9724	 -181.39857	  201.39857
 862	  5.61918	  171.46004	 -179.63651	  199.63651
 853	  7.9964	  160.06705	 -187.42957	  207.42957
 860	  12.51687	  172.6257	 -180.83022	  200.83022
 861	 -0.38864	  165.9724	 -181.39857	  201.39857
 853	  7.9964	  160.06705	 -187.42957	  207.42957
 862	  5.61918	  171.46004	 -179.63651	  199.63651
 863	  25.66836	  103.88049	 -182.8457	  202.8457
 864	  24.48089	  107.87217	 -181.34351	  201.34351
 865	  24.91202	  102.65406	 -180.79634	  200.79634
 865	  24.91202	  102.65406	 -180.79634	  200.79634
 864	  24.48089	  107.87217	 -181.34351	  201.34351
 866	  25.60264	  110.06425	 -179.60675	  199.60675
 867	  25.97974	  100.92679	 -181.15207	  201.15207
 863	  25.66836	  103.88049	 -182.8457	  202.8457
 865	  24.91202	  102.65406	 -180.79634	  200.79634
 868	  29.30582	  101.70199	 -182.51138	  202.51138
 863	  25.66836	  103.88049	 -182.8457	  202.8457
 867	  25.97974	  100.92679	 -181.15207	  201.15207
 866	  25.60264	  110.06425	 -179.60675	  199.60675
 869	  27.08113	  106.63019	 -178.00977	  198.00977
 865	  24.91202	  102.65406	 -180.79634	  200.79634
 869	  27.08113	  106.63019	 -178.00977	  198.00977
 866	  25.60264	  110.06425	 -179.60675	  199.60675
 870	  29.32401	  110.82222	 -178.72932	  198.72932
 867	  25.97974	  100.92679	 -181.15207	  201.15207
 865	  24.91202	  102.65406	 -180.79634	  200.79634
 871	  29.35968	  102.54055	 -179.12538	  199.12538
 868	  29.30582	  101.70199	 -182.51138	  202.51138
 867	  25.97974	  100.92679	 -181.15207	  201.15207
 871	  29.35968	  102.54055	 -179.12538	  199.12538
 865	  24.91202	  102.65406	 -180.79634	  200.79634
 869	  27.08113	  106.63019	 -178.00977	  198.00977
 871	  29.35968	  102.54055	 -179.12538	  199.12538
 871	  29.35968	  102.54055	 -179.12538	  199.12538
 872	  30.88487	  102.6976	 -182.1418	  202.1418
 868	  29.30582	  101.70199	 -182.51138	  202.51138
 873	  32.04932	  108.00144	 -181.02357	  201.02357
 872	  30.88487	  102.6976	 -182.1418	  202.1418
 871	  29.35968	  102.54055	 -179.12538	  199.12538
 869	  27.08113	  106.63019	 -178.00977	  198.00977
 870	  29.32401	  110.82222	 -178.72932	  198.72932
 874	  30.64296	  106.34325	 -178.60747	  198.60747
 870	  29.32401	  110.82222	 -178.72932	  198.72932
 873	  32.04932	  108.00144	 -181.02357	  201.02357
 874	  30.64296	  106.34325	 -178.60747	  198.60747
 874	  30.64296	  106.34325	 -178.60747	  198.60747
 871	  29.35968	  102.54055	 -179.12538	  199.12538
 869	  27.08113	  106.63019	 -178.00977	  198.00977
 873	  32.04932	  108.00144	 -181.02357	  201.02357
 871	  29.35968	  102.54055	 -179.12538	  199.12538
 874	  30.64296	  106.34325	 -178.60747	  198.60747
