 IDX	 gl_Position.x	 gl_Position.y	 gl_Position.z	 gl_Position.w
 0	  0.00818	  13.18409	 -13.29313	  19.29313
 1	  0.00815	  13.18314	 -13.29322	  19.29322
 2	  0.00797	  13.18678	 -13.29315	  19.29315
 3	  0.00293	  13.18409	 -13.29313	  19.29313
 4	  0.00315	  13.18679	 -13.29315	  19.29315
 5	  0.00297	  13.18314	 -13.29321	  19.29321
 6	 -4.6883	 -40.32727	 -26.04261	  32.04261
 7	  4.81195	 -40.32846	 -26.04276	  32.04276
 8	  4.81613	 -40.36541	 -18.00143	  24.00143
 8	  4.81613	 -40.36541	 -18.00143	  24.00143
 9	 -4.68413	 -40.3642	 -18.00128	  24.00128
 6	 -4.6883	 -40.32727	 -26.04261	  32.04261
 10	  7.18728	 -33.40106	 -26.04257	  32.04257
 11	 -3.97757	 -33.39447	 -26.04239	  32.04239
 12	 -3.9734	 -33.4314	 -18.00106	  24.00106
 12	 -3.9734	 -33.4314	 -18.00106	  24.00106
 13	  7.19146	 -33.438	 -18.00124	  24.00124
 10	  7.18728	 -33.40106	 -26.04257	  32.04257
 14	  8.04038	 -46.22764	 -18.00168	  24.00168
 15	  4.81531	 -46.22573	 -18.00163	  24.00163
 16	  4.81114	 -46.18879	 -26.04296	  32.04296
 16	  4.81114	 -46.18879	 -26.04296	  32.04296
 17	  8.03621	 -46.1907	 -26.04301	  32.04301
 14	  8.04038	 -46.22764	 -18.00168	  24.00168
 18	  8.04191	 -35.19661	 -18.00131	  24.00131
 19	  8.04038	 -46.22764	 -18.00168	  24.00168
 20	  8.03621	 -46.1907	 -26.04301	  32.04301
 20	  8.03621	 -46.1907	 -26.04301	  32.04301
 21	  8.03774	 -35.15967	 -26.04264	  32.04264
 18	  8.04191	 -35.19661	 -18.00131	  24.00131
 22	  7.19146	 -33.438	 -18.00124	  24.00124
 23	  8.04191	 -35.19661	 -18.00131	  24.00131
 24	  8.03774	 -35.15967	 -26.04264	  32.04264
 24	  8.03774	 -35.15967	 -26.04264	  32.04264
 25	  7.18728	 -33.40106	 -26.04257	  32.04257
 22	  7.19146	 -33.438	 -18.00124	  24.00124
 26	 -7.43816	 -46.80465	 -18.00145	  24.00145
 27	 -7.4367	 -36.35965	 -18.0011	  24.0011
 28	 -7.44087	 -36.32271	 -26.04243	  32.04243
 28	 -7.44087	 -36.32271	 -26.04243	  32.04243
 29	 -7.44233	 -46.76771	 -26.04278	  32.04278
 26	 -7.43816	 -46.80465	 -18.00145	  24.00145
 30	 -4.82594	 -46.8062	 -18.00149	  24.00149
 31	 -7.43816	 -46.80465	 -18.00145	  24.00145
 32	 -7.44233	 -46.76771	 -26.04278	  32.04278
 32	 -7.44233	 -46.76771	 -26.04278	  32.04278
 33	 -4.83011	 -46.76926	 -26.04282	  32.04282
 30	 -4.82594	 -46.8062	 -18.00149	  24.00149
 34	  0.00363	  13.22535	 -13.28943	  19.28943
 35	  0.00452	  13.22547	 -13.2895	  19.2895
 36	  0.00455	  13.22228	 -13.28951	  19.28951
 36	  0.00455	  13.22228	 -13.28951	  19.28951
 37	  0.0035	  13.22178	 -13.28946	  19.28946
 34	  0.00363	  13.22535	 -13.28943	  19.28943
 38	  0.00371	  13.22379	 -13.28888	  19.28888
 39	  0.00363	  13.22535	 -13.28943	  19.28943
 40	  0.0035	  13.22178	 -13.28946	  19.28946
 40	  0.0035	  13.22178	 -13.28946	  19.28946
 41	  0.00354	  13.22078	 -13.28883	  19.28883
 38	  0.00371	  13.22379	 -13.28888	  19.28888
 42	  0.00679	  13.22395	 -13.28888	  19.28888
 43	  0.00371	  13.22379	 -13.28888	  19.28888
 44	  0.00354	  13.22078	 -13.28883	  19.28883
 44	  0.00354	  13.22078	 -13.28883	  19.28883
 45	  0.00743	  13.22126	 -13.28884	  19.28884
 42	  0.00679	  13.22395	 -13.28888	  19.28888
 46	  0.01254	  13.22063	 -13.28886	  19.28886
 47	  0.01293	  13.22368	 -13.2889	  19.2889
 48	  0.01157	  13.22408	 -13.28889	  19.28889
 48	  0.01157	  13.22408	 -13.28889	  19.28889
 49	  0.01022	  13.22089	 -13.28884	  19.28884
 46	  0.01254	  13.22063	 -13.28886	  19.28886
 50	 -0.00432	  13.20847	 -13.28576	  19.28576
 51	 -0.00141	  13.20845	 -13.2859	  19.2859
 52	 -0.00142	  13.20846	 -13.28649	  19.28649
 52	 -0.00142	  13.20846	 -13.28649	  19.28649
 53	 -0.00472	  13.20844	 -13.28648	  19.28648
 50	 -0.00432	  13.20847	 -13.28576	  19.28576
 54	 -0.00432	  13.20363	 -13.28576	  19.28576
 55	 -0.00432	  13.20847	 -13.28576	  19.28576
 56	 -0.00472	  13.20844	 -13.28648	  19.28648
 56	 -0.00472	  13.20844	 -13.28648	  19.28648
 57	 -0.00472	  13.20361	 -13.28647	  19.28647
 54	 -0.00432	  13.20363	 -13.28576	  19.28576
 58	 -0.00142	  13.20362	 -13.2859	  19.2859
 59	 -0.00432	  13.20363	 -13.28576	  19.28576
 60	 -0.00472	  13.20361	 -13.28647	  19.28647
 60	 -0.00472	  13.20361	 -13.28647	  19.28647
 61	 -0.00142	  13.20362	 -13.28649	  19.28649
 58	 -0.00142	  13.20362	 -13.2859	  19.2859
 62	  9.20073	 -17.44168	 -15.48061	  21.48061
 63	  10.14167	 -16.51139	 -15.4806	  21.4806
 64	  10.59489	 -15.11295	 -15.48055	  21.48055
 64	  10.59489	 -15.11295	 -15.48055	  21.48055
 65	  8.3591	 -16.18674	 -15.48055	  21.48055
 62	  9.20073	 -17.44168	 -15.48061	  21.48061
 64	  10.59489	 -15.11295	 -15.48055	  21.48055
 66	  10.72313	 -13.5133	 -15.4805	  21.4805
 65	  8.3591	 -16.18674	 -15.48055	  21.48055
 67	  7.89244	 -14.38097	 -15.48049	  21.48049
 65	  8.3591	 -16.18674	 -15.48055	  21.48055
 66	  10.72313	 -13.5133	 -15.4805	  21.4805
 66	  10.72313	 -13.5133	 -15.4805	  21.4805
 68	  10.54487	 -11.48634	 -15.47998	  21.47998
 69	  10.11065	 -11.02022	 -15.48041	  21.48041
 70	  9.01492	 -10.90867	 -15.48039	  21.48039
 66	  10.72313	 -13.5133	 -15.4805	  21.4805
 69	  10.11065	 -11.02022	 -15.48041	  21.48041
 66	  10.72313	 -13.5133	 -15.4805	  21.4805
 70	  9.01492	 -10.90867	 -15.48039	  21.48039
 67	  7.89244	 -14.38097	 -15.48049	  21.48049
 71	  7.98943	 -12.84482	 -15.48044	  21.48044
 67	  7.89244	 -14.38097	 -15.48049	  21.48049
 70	  9.01492	 -10.90867	 -15.48039	  21.48039
 70	  9.01492	 -10.90867	 -15.48039	  21.48039
 72	  8.37886	 -11.55896	 -15.4804	  21.4804
 71	  7.98943	 -12.84482	 -15.48044	  21.48044
 73	  10.54487	 -11.48634	 -15.47998	  21.47998
 74	  10.54492	 -11.48675	 -15.39028	  21.39028
 75	  10.42894	 -11.36882	 -15.27467	  21.27467
 75	  10.42894	 -11.36882	 -15.27467	  21.27467
 76	  10.11065	 -11.02022	 -15.48041	  21.48041
 73	  10.54487	 -11.48634	 -15.47998	  21.47998
 77	  9.86317	 -10.78278	 -15.17999	  21.17999
 76	  10.11065	 -11.02022	 -15.48041	  21.48041
 75	  10.42894	 -11.36882	 -15.27467	  21.27467
 78	  9.01492	 -10.90867	 -15.48039	  21.48039
 76	  10.11065	 -11.02022	 -15.48041	  21.48041
 77	  9.86317	 -10.78278	 -15.17999	  21.17999
 77	  9.86317	 -10.78278	 -15.17999	  21.17999
 79	  9.01509	 -10.91016	 -15.1561	  21.1561
 78	  9.01492	 -10.90867	 -15.48039	  21.48039
 78	  9.01492	 -10.90867	 -15.48039	  21.48039
 79	  9.01509	 -10.91016	 -15.1561	  21.1561
 80	  8.37903	 -11.5604	 -15.16561	  21.16561
 80	  8.37903	 -11.5604	 -15.16561	  21.16561
 81	  8.37886	 -11.55896	 -15.4804	  21.4804
 78	  9.01492	 -10.90867	 -15.48039	  21.48039
 81	  8.37886	 -11.55896	 -15.4804	  21.4804
 80	  8.37903	 -11.5604	 -15.16561	  21.16561
 82	  7.98959	 -12.84618	 -15.18438	  21.18438
 82	  7.98959	 -12.84618	 -15.18438	  21.18438
 83	  7.98943	 -12.84482	 -15.48044	  21.48044
 81	  8.37886	 -11.55896	 -15.4804	  21.4804
 83	  7.98943	 -12.84482	 -15.48044	  21.48044
 82	  7.98959	 -12.84618	 -15.18438	  21.18438
 84	  7.89259	 -14.38225	 -15.20316	  21.20316
 84	  7.89259	 -14.38225	 -15.20316	  21.20316
 85	  7.89244	 -14.38097	 -15.48049	  21.48049
 83	  7.98943	 -12.84482	 -15.48044	  21.48044
 85	  7.89244	 -14.38097	 -15.48049	  21.48049
 84	  7.89259	 -14.38225	 -15.20316	  21.20316
 86	  8.16606	 -15.78839	 -15.23997	  21.23997
 86	  8.16606	 -15.78839	 -15.23997	  21.23997
 87	  8.3591	 -16.18674	 -15.48055	  21.48055
 85	  7.89244	 -14.38097	 -15.48049	  21.48049
 86	  8.16606	 -15.78839	 -15.23997	  21.23997
 88	  8.55346	 -16.5886	 -15.26295	  21.26295
 87	  8.3591	 -16.18674	 -15.48055	  21.48055
 89	  9.20073	 -17.44168	 -15.48061	  21.48061
 87	  8.3591	 -16.18674	 -15.48055	  21.48055
 88	  8.55346	 -16.5886	 -15.26295	  21.26295
 88	  8.55346	 -16.5886	 -15.26295	  21.26295
 90	  9.05547	 -17.36897	 -15.36173	  21.36173
 89	  9.20073	 -17.44168	 -15.48061	  21.48061
 91	 -7.46207	 -12.23161	 -15.48067	  21.48067
 92	 -7.75087	 -10.99635	 -15.48063	  21.48063
 93	 -8.5416	 -10.21	 -15.48059	  21.48059
 93	 -8.5416	 -10.21	 -15.48059	  21.48059
 94	 -7.4585	 -13.91178	 -15.48073	  21.48073
 91	 -7.46207	 -12.23161	 -15.48067	  21.48067
 93	 -8.5416	 -10.21	 -15.48059	  21.48059
 95	 -9.5977	 -10.40031	 -15.48058	  21.48058
 94	 -7.4585	 -13.91178	 -15.48073	  21.48073
 95	 -9.5977	 -10.40031	 -15.48058	  21.48058
 96	 -7.84759	 -15.56891	 -15.48078	  21.48078
 94	 -7.4585	 -13.91178	 -15.48073	  21.48073
 95	 -9.5977	 -10.40031	 -15.48058	  21.48058
 97	 -10.54775	 -11.46926	 -15.48258	  21.48258
 96	 -7.84759	 -15.56891	 -15.48078	  21.48078
 96	 -7.84759	 -15.56891	 -15.48078	  21.48078
 97	 -10.54775	 -11.46926	 -15.48258	  21.48258
 98	 -10.77135	 -13.5941	 -15.48067	  21.48067
 98	 -10.77135	 -13.5941	 -15.48067	  21.48067
 99	 -10.5905	 -15.33626	 -15.48073	  21.48073
 96	 -7.84759	 -15.56891	 -15.48078	  21.48078
 96	 -7.84759	 -15.56891	 -15.48078	  21.48078
 99	 -10.5905	 -15.33626	 -15.48073	  21.48073
 100	 -10.0717	 -16.50024	 -15.48077	  21.48077
 100	 -10.0717	 -16.50024	 -15.48077	  21.48077
 101	 -9.16103	 -17.44406	 -15.48082	  21.48082
 96	 -7.84759	 -15.56891	 -15.48078	  21.48078
 102	 -8.97592	  17.5101	 -15.3661	  21.3661
 103	 -9.08764	  17.65792	 -15.47965	  21.47965
 104	 -8.02677	  16.25834	 -15.47971	  21.47971
 104	 -8.02677	  16.25834	 -15.47971	  21.47971
 105	 -8.23344	  16.5301	 -15.25204	  21.25204
 102	 -8.97592	  17.5101	 -15.3661	  21.3661
 105	 -8.23344	  16.5301	 -15.25204	  21.25204
 104	 -8.02677	  16.25834	 -15.47971	  21.47971
 106	 -7.66151	  15.12691	 -15.47976	  21.47976
 106	 -7.66151	  15.12691	 -15.47976	  21.47976
 107	 -7.66137	  15.12566	 -15.20776	  21.20776
 105	 -8.23344	  16.5301	 -15.25204	  21.25204
 107	 -7.66137	  15.12566	 -15.20776	  21.20776
 106	 -7.66151	  15.12691	 -15.47976	  21.47976
 108	 -7.59384	  13.6437	 -15.47981	  21.47981
 108	 -7.59384	  13.6437	 -15.47981	  21.47981
 109	 -7.59368	  13.64234	 -15.18403	  21.18403
 107	 -7.66137	  15.12566	 -15.20776	  21.20776
 109	 -7.59368	  13.64234	 -15.18403	  21.18403
 108	 -7.59384	  13.6437	 -15.47981	  21.47981
 110	 -7.81422	  12.24434	 -15.47985	  21.47985
 110	 -7.81422	  12.24434	 -15.47985	  21.47985
 111	 -7.81405	  12.24292	 -15.17104	  21.17104
 109	 -7.59368	  13.64234	 -15.18403	  21.18403
 111	 -7.81405	  12.24292	 -15.17104	  21.17104
 110	 -7.81422	  12.24434	 -15.47985	  21.47985
 112	 -8.33701	  11.17732	 -15.47988	  21.47988
 112	 -8.33701	  11.17732	 -15.47988	  21.47988
 113	 -8.33685	  11.17586	 -15.16161	  21.16161
 111	 -7.81405	  12.24292	 -15.17104	  21.17104
 114	 -9.13476	  10.84735	 -15.16114	  21.16114
 113	 -8.33685	  11.17586	 -15.16161	  21.16161
 112	 -8.33701	  11.17732	 -15.47988	  21.47988
 112	 -8.33701	  11.17732	 -15.47988	  21.47988
 115	 -9.13492	  10.84881	 -15.47988	  21.47988
 114	 -9.13476	  10.84735	 -15.16114	  21.16114
 116	 -10.36796	  11.61557	 -15.25953	  21.25953
 114	 -9.13476	  10.84735	 -15.16114	  21.16114
 115	 -9.13492	  10.84881	 -15.47988	  21.47988
 115	 -9.13492	  10.84881	 -15.47988	  21.47988
 117	 -9.83277	  10.93116	 -15.47986	  21.47986
 116	 -10.36796	  11.61557	 -15.25953	  21.25953
 116	 -10.36796	  11.61557	 -15.25953	  21.25953
 117	 -9.83277	  10.93116	 -15.47986	  21.47986
 118	 -10.54218	  11.66193	 -15.39568	  21.39568
 117	 -9.83277	  10.93116	 -15.47986	  21.47986
 119	 -10.54222	  11.66232	 -15.48101	  21.48101
 118	 -10.54218	  11.66193	 -15.39568	  21.39568
 120	  9.3602	  8.81254	 -15.35852	  21.35852
 121	  10.54818	  11.6539	 -15.38933	  21.38933
 122	  10.45618	  11.62863	 -15.2754	  21.2754
 122	  10.45618	  11.62863	 -15.2754	  21.2754
 123	  9.32884	  8.98101	 -15.21745	  21.21745
 120	  9.3602	  8.81254	 -15.35852	  21.35852
 123	  9.32884	  8.98101	 -15.21745	  21.21745
 122	  10.45618	  11.62863	 -15.2754	  21.2754
 124	  10.04064	  11.43947	 -15.18228	  21.18228
 124	  10.04064	  11.43947	 -15.18228	  21.18228
 125	  9.16218	  9.59512	 -15.14301	  21.14301
 123	  9.32884	  8.98101	 -15.21745	  21.21745
 126	  9.44602	  11.33621	 -15.16786	  21.16786
 125	  9.16218	  9.59512	 -15.14301	  21.14301
 124	  10.04064	  11.43947	 -15.18228	  21.18228
 125	  9.16218	  9.59512	 -15.14301	  21.14301
 126	  9.44602	  11.33621	 -15.16786	  21.16786
 127	  8.57746	  11.81739	 -15.17017	  21.17017
 127	  8.57746	  11.81739	 -15.17017	  21.17017
 128	  4.14494	  14.16384	 -15.16509	  21.16509
 125	  9.16218	  9.59512	 -15.14301	  21.14301
 127	  8.57746	  11.81739	 -15.17017	  21.17017
 129	  8.04931	  13.43111	 -15.18649	  21.18649
 128	  4.14494	  14.16384	 -15.16509	  21.16509
 129	  8.04931	  13.43111	 -15.18649	  21.18649
 130	  7.85781	  15.31629	 -15.20281	  21.20281
 128	  4.14494	  14.16384	 -15.16509	  21.16509
 128	  4.14494	  14.16384	 -15.16509	  21.16509
 130	  7.85781	  15.31629	 -15.20281	  21.20281
 131	  7.94549	  16.94535	 -15.25743	  21.25743
 131	  7.94549	  16.94535	 -15.25743	  21.25743
 132	  0.6579	  19.20529	 -15.20358	  21.20358
 128	  4.14494	  14.16384	 -15.16509	  21.16509
 132	  0.6579	  19.20529	 -15.20358	  21.20358
 131	  7.94549	  16.94535	 -15.25743	  21.25743
 133	  7.95143	  17.81351	 -15.35876	  21.35876
 134	  7.95261	  17.99486	 -15.47992	  21.47992
 135	  0.69263	  20.07449	 -15.30855	  21.30855
 133	  7.95143	  17.81351	 -15.35876	  21.35876
 133	  7.95143	  17.81351	 -15.35876	  21.35876
 135	  0.69263	  20.07449	 -15.30855	  21.30855
 132	  0.6579	  19.20529	 -15.20358	  21.20358
 132	  0.6579	  19.20529	 -15.20358	  21.20358
 136	  0.00275	  19.28914	 -15.19875	  21.19875
 128	  4.14494	  14.16384	 -15.16509	  21.16509
 136	  0.00275	  19.28914	 -15.19875	  21.19875
 132	  0.6579	  19.20529	 -15.20358	  21.20358
 135	  0.69263	  20.07449	 -15.30855	  21.30855
 135	  0.69263	  20.07449	 -15.30855	  21.30855
 137	  0.00282	  20.162	 -15.29993	  21.29993
 136	  0.00275	  19.28914	 -15.19875	  21.19875
 136	  0.00275	  19.28914	 -15.19875	  21.19875
 138	 -2.42348	  14.33759	 -15.13542	  21.13542
 128	  4.14494	  14.16384	 -15.16509	  21.16509
 136	  0.00275	  19.28914	 -15.19875	  21.19875
 137	  0.00282	  20.162	 -15.29993	  21.29993
 139	 -0.6896	  20.09174	 -15.30795	  21.30795
 140	 -9.08764	  17.65792	 -15.47965	  21.47965
 141	 -8.97592	  17.5101	 -15.3661	  21.3661
 139	 -0.6896	  20.09174	 -15.30795	  21.30795
 139	 -0.6896	  20.09174	 -15.30795	  21.30795
 141	 -8.97592	  17.5101	 -15.3661	  21.3661
 142	 -8.23344	  16.5301	 -15.25204	  21.25204
 139	 -0.6896	  20.09174	 -15.30795	  21.30795
 143	 -0.66412	  19.14716	 -15.20185	  21.20185
 136	  0.00275	  19.28914	 -15.19875	  21.19875
 142	 -8.23344	  16.5301	 -15.25204	  21.25204
 143	 -0.66412	  19.14716	 -15.20185	  21.20185
 139	 -0.6896	  20.09174	 -15.30795	  21.30795
 138	 -2.42348	  14.33759	 -15.13542	  21.13542
 136	  0.00275	  19.28914	 -15.19875	  21.19875
 143	 -0.66412	  19.14716	 -15.20185	  21.20185
 142	 -8.23344	  16.5301	 -15.25204	  21.25204
 144	 -7.66137	  15.12566	 -15.20776	  21.20776
 143	 -0.66412	  19.14716	 -15.20185	  21.20185
 144	 -7.66137	  15.12566	 -15.20776	  21.20776
 138	 -2.42348	  14.33759	 -15.13542	  21.13542
 143	 -0.66412	  19.14716	 -15.20185	  21.20185
 144	 -7.66137	  15.12566	 -15.20776	  21.20776
 145	 -7.59368	  13.64234	 -15.18403	  21.18403
 138	 -2.42348	  14.33759	 -15.13542	  21.13542
 138	 -2.42348	  14.33759	 -15.13542	  21.13542
 145	 -7.59368	  13.64234	 -15.18403	  21.18403
 146	 -7.81405	  12.24292	 -15.17104	  21.17104
 147	 -7.15148	  6.03381	 -15.0359	  21.0359
 138	 -2.42348	  14.33759	 -15.13542	  21.13542
 146	 -7.81405	  12.24292	 -15.17104	  21.17104
 148	 -8.33685	  11.17586	 -15.16161	  21.16161
 147	 -7.15148	  6.03381	 -15.0359	  21.0359
 146	 -7.81405	  12.24292	 -15.17104	  21.17104
 147	 -7.15148	  6.03381	 -15.0359	  21.0359
 148	 -8.33685	  11.17586	 -15.16161	  21.16161
 149	 -9.13476	  10.84735	 -15.16114	  21.16114
 149	 -9.13476	  10.84735	 -15.16114	  21.16114
 150	 -7.50757	  5.7692	 -15.11895	  21.11895
 147	 -7.15148	  6.03381	 -15.0359	  21.0359
 150	 -7.50757	  5.7692	 -15.11895	  21.11895
 149	 -9.13476	  10.84735	 -15.16114	  21.16114
 151	 -10.36796	  11.61557	 -15.25953	  21.25953
 150	 -7.50757	  5.7692	 -15.11895	  21.11895
 151	 -10.36796	  11.61557	 -15.25953	  21.25953
 152	 -8.06935	  6.41509	 -15.3583	  21.3583
 151	 -10.36796	  11.61557	 -15.25953	  21.25953
 153	 -10.54218	  11.66193	 -15.39568	  21.39568
 152	 -8.06935	  6.41509	 -15.3583	  21.3583
 154	 -9.53231	 -8.89335	 -16.0274	  22.0274
 155	 -9.25206	 -8.36659	 -16.49292	  22.49292
 156	 -10.48953	 -11.25068	 -16.48098	  22.48098
 156	 -10.48953	 -11.25068	 -16.48098	  22.48098
 157	 -10.54567	 -11.4652	 -15.99648	  21.99648
 154	 -9.53231	 -8.89335	 -16.0274	  22.0274
 156	 -10.48953	 -11.25068	 -16.48098	  22.48098
 158	 -10.76914	 -13.37524	 -16.47826	  22.47826
 157	 -10.54567	 -11.4652	 -15.99648	  21.99648
 159	 -10.54775	 -11.46926	 -15.48258	  21.48258
 157	 -10.54567	 -11.4652	 -15.99648	  21.99648
 158	 -10.76914	 -13.37524	 -16.47826	  22.47826
 158	 -10.76914	 -13.37524	 -16.47826	  22.47826
 160	 -10.77135	 -13.5941	 -15.48067	  21.48067
 159	 -10.54775	 -11.46926	 -15.48258	  21.48258
 160	 -10.77135	 -13.5941	 -15.48067	  21.48067
 158	 -10.76914	 -13.37524	 -16.47826	  22.47826
 161	 -10.42509	 -15.7992	 -16.48165	  22.48165
 161	 -10.42509	 -15.7992	 -16.48165	  22.48165
 162	 -10.5905	 -15.33626	 -15.48073	  21.48073
 160	 -10.77135	 -13.5941	 -15.48067	  21.48067
 161	 -10.42509	 -15.7992	 -16.48165	  22.48165
 163	 -10.0717	 -16.50024	 -15.48077	  21.48077
 162	 -10.5905	 -15.33626	 -15.48073	  21.48073
 163	 -10.0717	 -16.50024	 -15.48077	  21.48077
 161	 -10.42509	 -15.7992	 -16.48165	  22.48165
 164	 -9.44979	 -17.35158	 -16.49116	  22.49116
 164	 -9.44979	 -17.35158	 -16.49116	  22.49116
 165	 -9.16103	 -17.44406	 -15.48082	  21.48082
 163	 -10.0717	 -16.50024	 -15.48077	  21.48077
 165	 -9.16103	 -17.44406	 -15.48082	  21.48082
 164	 -9.44979	 -17.35158	 -16.49116	  22.49116
 166	 -0.79518	 -20.06061	 -16.56081	  22.56081
 166	 -0.79518	 -20.06061	 -16.56081	  22.56081
 167	 -0.72162	 -20.02746	 -15.30867	  21.30867
 165	 -9.16103	 -17.44406	 -15.48082	  21.48082
 167	 -0.72162	 -20.02746	 -15.30867	  21.30867
 166	 -0.79518	 -20.06061	 -16.56081	  22.56081
 168	 -0.00344	 -20.16457	 -16.56717	  22.56717
 168	 -0.00344	 -20.16457	 -16.56717	  22.56717
 169	 -0.00276	 -20.10813	 -15.30128	  21.30128
 167	 -0.72162	 -20.02746	 -15.30867	  21.30867
 169	 -0.00276	 -20.10813	 -15.30128	  21.30128
 168	 -0.00344	 -20.16457	 -16.56717	  22.56717
 170	  0.82995	 -20.04894	 -16.5605	  22.5605
 170	  0.82995	 -20.04894	 -16.5605	  22.5605
 171	  0.75823	 -20.01191	 -15.30848	  21.30848
 169	 -0.00276	 -20.10813	 -15.30128	  21.30128
 172	  9.20073	 -17.44168	 -15.48061	  21.48061
 171	  0.75823	 -20.01191	 -15.30848	  21.30848
 170	  0.82995	 -20.04894	 -16.5605	  22.5605
 170	  0.82995	 -20.04894	 -16.5605	  22.5605
 173	  9.4449	 -17.36276	 -16.49146	  22.49146
 172	  9.20073	 -17.44168	 -15.48061	  21.48061
 174	  10.14167	 -16.51139	 -15.4806	  21.4806
 172	  9.20073	 -17.44168	 -15.48061	  21.48061
 173	  9.4449	 -17.36276	 -16.49146	  22.49146
 173	  9.4449	 -17.36276	 -16.49146	  22.49146
 175	  10.18314	 -16.46003	 -16.48438	  22.48438
 174	  10.14167	 -16.51139	 -15.4806	  21.4806
 176	  10.59489	 -15.11295	 -15.48055	  21.48055
 174	  10.14167	 -16.51139	 -15.4806	  21.4806
 175	  10.18314	 -16.46003	 -16.48438	  22.48438
 175	  10.18314	 -16.46003	 -16.48438	  22.48438
 177	  10.75634	 -13.99715	 -16.47883	  22.47883
 176	  10.59489	 -15.11295	 -15.48055	  21.48055
 177	  10.75634	 -13.99715	 -16.47883	  22.47883
 178	  10.72313	 -13.5133	 -15.4805	  21.4805
 176	  10.59489	 -15.11295	 -15.48055	  21.48055
 179	  10.54461	 -11.48414	 -15.95342	  21.95342
 178	  10.72313	 -13.5133	 -15.4805	  21.4805
 177	  10.75634	 -13.99715	 -16.47883	  22.47883
 180	  10.54487	 -11.48634	 -15.47998	  21.47998
 178	  10.72313	 -13.5133	 -15.4805	  21.4805
 179	  10.54461	 -11.48414	 -15.95342	  21.95342
 179	  10.54461	 -11.48414	 -15.95342	  21.95342
 177	  10.75634	 -13.99715	 -16.47883	  22.47883
 181	  10.39832	 -11.04938	 -16.48216	  22.48216
 179	  10.54461	 -11.48414	 -15.95342	  21.95342
 181	  10.39832	 -11.04938	 -16.48216	  22.48216
 182	  9.25213	 -8.38184	 -16.49312	  22.49312
 182	  9.25213	 -8.38184	 -16.49312	  22.49312
 183	  9.53717	 -8.91762	 -16.02771	  22.02771
 179	  10.54461	 -11.48414	 -15.95342	  21.95342
 184	 -10.08761	  11.96438	 -15.49794	  21.49794
 185	 -10.08744	  11.96288	 -15.17121	  21.17121
 186	 -10.42381	  13.15841	 -15.17117	  21.17117
 186	 -10.42381	  13.15841	 -15.17117	  21.17117
 187	 -10.42398	  13.15991	 -15.4979	  21.4979
 184	 -10.08761	  11.96438	 -15.49794	  21.49794
 187	 -10.42398	  13.15991	 -15.4979	  21.4979
 186	 -10.42381	  13.15841	 -15.17117	  21.17117
 188	 -10.42587	  14.54136	 -15.17112	  21.17112
 188	 -10.42587	  14.54136	 -15.17112	  21.17112
 189	 -10.42604	  14.54286	 -15.49785	  21.49785
 187	 -10.42398	  13.15991	 -15.4979	  21.4979
 189	 -10.42604	  14.54286	 -15.49785	  21.49785
 188	 -10.42587	  14.54136	 -15.17112	  21.17112
 190	 -10.09308	  15.74117	 -15.17109	  21.17109
 190	 -10.09308	  15.74117	 -15.17109	  21.17109
 191	 -10.09325	  15.74267	 -15.49781	  21.49781
 189	 -10.42604	  14.54286	 -15.49785	  21.49785
 191	 -10.09325	  15.74267	 -15.49781	  21.49781
 190	 -10.09308	  15.74117	 -15.17109	  21.17109
 192	 -9.5146	  16.43633	 -15.17107	  21.17107
 192	 -9.5146	  16.43633	 -15.17107	  21.17107
 193	 -9.51477	  16.43783	 -15.4978	  21.4978
 191	 -10.09325	  15.74267	 -15.49781	  21.49781
 193	 -9.51477	  16.43783	 -15.4978	  21.4978
 192	 -9.5146	  16.43633	 -15.17107	  21.17107
 194	 -8.84543	  16.4406	 -15.17109	  21.17109
 194	 -8.84543	  16.4406	 -15.17109	  21.17109
 195	 -8.8456	  16.4421	 -15.49781	  21.49781
 193	 -9.51477	  16.43783	 -15.4978	  21.4978
 195	 -8.8456	  16.4421	 -15.49781	  21.49781
 194	 -8.84543	  16.4406	 -15.17109	  21.17109
 196	 -8.26487	  15.75282	 -15.17112	  21.17112
 196	 -8.26487	  15.75282	 -15.17112	  21.17112
 197	 -8.26504	  15.75431	 -15.49784	  21.49784
 195	 -8.8456	  16.4421	 -15.49781	  21.49781
 197	 -8.26504	  15.75431	 -15.49784	  21.49784
 196	 -8.26487	  15.75282	 -15.17112	  21.17112
 198	 -7.92851	  14.55729	 -15.17116	  21.17116
 198	 -7.92851	  14.55729	 -15.17116	  21.17116
 199	 -7.92868	  14.55879	 -15.49789	  21.49789
 197	 -8.26504	  15.75431	 -15.49784	  21.49784
 199	 -7.92868	  14.55879	 -15.49789	  21.49789
 198	 -7.92851	  14.55729	 -15.17116	  21.17116
 200	 -7.92644	  13.17434	 -15.17121	  21.17121
 200	 -7.92644	  13.17434	 -15.17121	  21.17121
 201	 -7.92661	  13.17584	 -15.49793	  21.49793
 199	 -7.92868	  14.55879	 -15.49789	  21.49789
 201	 -7.92661	  13.17584	 -15.49793	  21.49793
 200	 -7.92644	  13.17434	 -15.17121	  21.17121
 202	 -8.25924	  11.97453	 -15.17124	  21.17124
 202	 -8.25924	  11.97453	 -15.17124	  21.17124
 203	 -8.25941	  11.97603	 -15.49797	  21.49797
 201	 -7.92661	  13.17584	 -15.49793	  21.49793
 203	 -8.25941	  11.97603	 -15.49797	  21.49797
 202	 -8.25924	  11.97453	 -15.17124	  21.17124
 204	 -8.83772	  11.27936	 -15.17126	  21.17126
 204	 -8.83772	  11.27936	 -15.17126	  21.17126
 205	 -8.83789	  11.28086	 -15.49799	  21.49799
 203	 -8.25941	  11.97603	 -15.49797	  21.49797
 205	 -8.83789	  11.28086	 -15.49799	  21.49799
 204	 -8.83772	  11.27936	 -15.17126	  21.17126
 206	 -9.50689	  11.2751	 -15.17125	  21.17125
 206	 -9.50689	  11.2751	 -15.17125	  21.17125
 207	 -9.50706	  11.2766	 -15.49797	  21.49797
 205	 -8.83789	  11.28086	 -15.49799	  21.49799
 207	 -9.50706	  11.2766	 -15.49797	  21.49797
 206	 -9.50689	  11.2751	 -15.17125	  21.17125
 208	 -10.08744	  11.96288	 -15.17121	  21.17121
 208	 -10.08744	  11.96288	 -15.17121	  21.17121
 209	 -10.08761	  11.96438	 -15.49794	  21.49794
 207	 -9.50706	  11.2766	 -15.49797	  21.49797
 210	  8.07657	  13.8507	 -15.49817	  21.49817
 211	  8.07674	  13.84919	 -15.17145	  21.17145
 212	  8.07151	  15.2321	 -15.1714	  21.1714
 212	  8.07151	  15.2321	 -15.1714	  21.1714
 213	  8.07134	  15.2336	 -15.49813	  21.49813
 210	  8.07657	  13.8507	 -15.49817	  21.49817
 213	  8.07134	  15.2336	 -15.49813	  21.49813
 212	  8.07151	  15.2321	 -15.1714	  21.1714
 214	  8.40156	  16.43513	 -15.17136	  21.17136
 214	  8.40156	  16.43513	 -15.17136	  21.17136
 215	  8.40139	  16.43663	 -15.49809	  21.49809
 213	  8.07134	  15.2336	 -15.49813	  21.49813
 215	  8.40139	  16.43663	 -15.49809	  21.49809
 214	  8.40156	  16.43513	 -15.17136	  21.17136
 216	  8.97846	  17.13594	 -15.17135	  21.17135
 216	  8.97846	  17.13594	 -15.17135	  21.17135
 217	  8.97829	  17.13744	 -15.49808	  21.49808
 215	  8.40139	  16.43663	 -15.49809	  21.49809
 217	  8.97829	  17.13744	 -15.49808	  21.49808
 216	  8.97846	  17.13594	 -15.17135	  21.17135
 218	  9.64761	  17.14674	 -15.17136	  21.17136
 218	  9.64761	  17.14674	 -15.17136	  21.17136
 219	  9.64744	  17.14824	 -15.49809	  21.49809
 217	  8.97829	  17.13744	 -15.49808	  21.49808
 219	  9.64744	  17.14824	 -15.49809	  21.49809
 218	  9.64761	  17.14674	 -15.17136	  21.17136
 220	  10.22972	  16.46463	 -15.17139	  21.17139
 220	  10.22972	  16.46463	 -15.17139	  21.17139
 221	  10.22955	  16.46613	 -15.49812	  21.49812
 219	  9.64744	  17.14824	 -15.49809	  21.49809
 221	  10.22955	  16.46613	 -15.49812	  21.49812
 220	  10.22972	  16.46463	 -15.17139	  21.17139
 222	  10.56882	  15.27239	 -15.17144	  21.17144
 222	  10.56882	  15.27239	 -15.17144	  21.17144
 223	  10.56865	  15.27388	 -15.49817	  21.49817
 221	  10.22955	  16.46613	 -15.49812	  21.49812
 223	  10.56865	  15.27388	 -15.49817	  21.49817
 222	  10.56882	  15.27239	 -15.17144	  21.17144
 224	  10.57405	  13.88949	 -15.17148	  21.17148
 224	  10.57405	  13.88949	 -15.17148	  21.17148
 225	  10.57387	  13.89099	 -15.49821	  21.49821
 223	  10.56865	  15.27388	 -15.49817	  21.49817
 225	  10.57387	  13.89099	 -15.49821	  21.49821
 224	  10.57405	  13.88949	 -15.17148	  21.17148
 226	  10.24399	  12.68644	 -15.17152	  21.17152
 226	  10.24399	  12.68644	 -15.17152	  21.17152
 227	  10.24383	  12.68794	 -15.49825	  21.49825
 225	  10.57387	  13.89099	 -15.49821	  21.49821
 227	  10.24383	  12.68794	 -15.49825	  21.49825
 226	  10.24399	  12.68644	 -15.17152	  21.17152
 228	  9.6671	  11.98564	 -15.17153	  21.17153
 228	  9.6671	  11.98564	 -15.17153	  21.17153
 229	  9.66693	  11.98713	 -15.49826	  21.49826
 227	  10.24383	  12.68794	 -15.49825	  21.49825
 229	  9.66693	  11.98713	 -15.49826	  21.49826
 228	  9.6671	  11.98564	 -15.17153	  21.17153
 230	  8.99796	  11.97484	 -15.17152	  21.17152
 230	  8.99796	  11.97484	 -15.17152	  21.17152
 231	  8.99778	  11.97634	 -15.49825	  21.49825
 229	  9.66693	  11.98713	 -15.49826	  21.49826
 231	  8.99778	  11.97634	 -15.49825	  21.49825
 230	  8.99796	  11.97484	 -15.17152	  21.17152
 232	  8.41584	  12.65695	 -15.17149	  21.17149
 232	  8.41584	  12.65695	 -15.17149	  21.17149
 233	  8.41567	  12.65845	 -15.49822	  21.49822
 231	  8.99778	  11.97634	 -15.49825	  21.49825
 233	  8.41567	  12.65845	 -15.49822	  21.49822
 232	  8.41584	  12.65695	 -15.17149	  21.17149
 234	  8.07674	  13.84919	 -15.17145	  21.17145
 234	  8.07674	  13.84919	 -15.17145	  21.17145
 235	  8.07657	  13.8507	 -15.49817	  21.49817
 233	  8.41567	  12.65845	 -15.49822	  21.49822
 236	  8.03272	 -14.1887	 -15.49911	  21.49911
 237	  8.03289	 -14.1902	 -15.17238	  21.17238
 238	  8.13892	 -12.82472	 -15.17234	  21.17234
 238	  8.13892	 -12.82472	 -15.17234	  21.17234
 239	  8.13875	 -12.82322	 -15.49907	  21.49907
 236	  8.03272	 -14.1887	 -15.49911	  21.49911
 239	  8.13875	 -12.82322	 -15.49907	  21.49907
 238	  8.13892	 -12.82472	 -15.17234	  21.17234
 240	  8.5611	 -11.75175	 -15.17231	  21.17231
 240	  8.5611	 -11.75175	 -15.17231	  21.17231
 241	  8.56094	 -11.75024	 -15.49904	  21.49904
 239	  8.13875	 -12.82322	 -15.49907	  21.49907
 241	  8.56094	 -11.75024	 -15.49904	  21.49904
 240	  8.5611	 -11.75175	 -15.17231	  21.17231
 242	  9.18632	 -11.25878	 -15.1723	  21.1723
 242	  9.18632	 -11.25878	 -15.1723	  21.1723
 243	  9.18615	 -11.25728	 -15.49903	  21.49903
 241	  8.56094	 -11.75024	 -15.49904	  21.49904
 243	  9.18615	 -11.25728	 -15.49903	  21.49903
 242	  9.18632	 -11.25878	 -15.1723	  21.1723
 244	  9.84704	 -11.4779	 -15.17232	  21.17232
 244	  9.84704	 -11.4779	 -15.17232	  21.17232
 245	  9.84687	 -11.4764	 -15.49905	  21.49905
 243	  9.18615	 -11.25728	 -15.49903	  21.49903
 245	  9.84687	 -11.4764	 -15.49905	  21.49905
 244	  9.84704	 -11.4779	 -15.17232	  21.17232
 246	  10.36622	 -12.35042	 -15.17236	  21.17236
 246	  10.36622	 -12.35042	 -15.17236	  21.17236
 247	  10.36605	 -12.34892	 -15.49909	  21.49909
 245	  9.84687	 -11.4764	 -15.49905	  21.49905
 247	  10.36605	 -12.34892	 -15.49909	  21.49909
 246	  10.36622	 -12.35042	 -15.17236	  21.17236
 248	  10.60476	 -13.64253	 -15.1724	  21.1724
 248	  10.60476	 -13.64253	 -15.1724	  21.1724
 249	  10.60459	 -13.64104	 -15.49913	  21.49913
 247	  10.36605	 -12.34892	 -15.49909	  21.49909
 249	  10.60459	 -13.64104	 -15.49913	  21.49913
 248	  10.60476	 -13.64253	 -15.1724	  21.1724
 250	  10.49872	 -15.008	 -15.17245	  21.17245
 250	  10.49872	 -15.008	 -15.17245	  21.17245
 251	  10.49855	 -15.0065	 -15.49918	  21.49918
 249	  10.60459	 -13.64104	 -15.49913	  21.49913
 251	  10.49855	 -15.0065	 -15.49918	  21.49918
 250	  10.49872	 -15.008	 -15.17245	  21.17245
 252	  10.07654	 -16.08099	 -15.17248	  21.17248
 252	  10.07654	 -16.08099	 -15.17248	  21.17248
 253	  10.07637	 -16.07949	 -15.49921	  21.49921
 251	  10.49855	 -15.0065	 -15.49918	  21.49918
 253	  10.07637	 -16.07949	 -15.49921	  21.49921
 252	  10.07654	 -16.08099	 -15.17248	  21.17248
 254	  9.45132	 -16.57396	 -15.17248	  21.17248
 254	  9.45132	 -16.57396	 -15.17248	  21.17248
 255	  9.45115	 -16.57246	 -15.49921	  21.49921
 253	  10.07637	 -16.07949	 -15.49921	  21.49921
 255	  9.45115	 -16.57246	 -15.49921	  21.49921
 254	  9.45132	 -16.57396	 -15.17248	  21.17248
 256	  8.79061	 -16.35483	 -15.17247	  21.17247
 256	  8.79061	 -16.35483	 -15.17247	  21.17247
 257	  8.79044	 -16.35333	 -15.4992	  21.4992
 255	  9.45115	 -16.57246	 -15.49921	  21.49921
 257	  8.79044	 -16.35333	 -15.4992	  21.4992
 256	  8.79061	 -16.35483	 -15.17247	  21.17247
 258	  8.27142	 -15.48231	 -15.17243	  21.17243
 258	  8.27142	 -15.48231	 -15.17243	  21.17243
 259	  8.27125	 -15.48081	 -15.49916	  21.49916
 257	  8.79044	 -16.35333	 -15.4992	  21.4992
 259	  8.27125	 -15.48081	 -15.49916	  21.49916
 258	  8.27142	 -15.48231	 -15.17243	  21.17243
 260	  8.03289	 -14.1902	 -15.17238	  21.17238
 260	  8.03289	 -14.1902	 -15.17238	  21.17238
 261	  8.03272	 -14.1887	 -15.49911	  21.49911
 259	  8.27125	 -15.48081	 -15.49916	  21.49916
 262	 -10.29234	 -14.80466	 -15.49883	  21.49883
 263	 -10.29217	 -14.80616	 -15.17211	  21.17211
 264	 -10.43747	 -13.45621	 -15.17206	  21.17206
 264	 -10.43747	 -13.45621	 -15.17206	  21.17206
 265	 -10.43764	 -13.45471	 -15.49879	  21.49879
 262	 -10.29234	 -14.80466	 -15.49883	  21.49883
 265	 -10.43764	 -13.45471	 -15.49879	  21.49879
 264	 -10.43747	 -13.45621	 -15.17206	  21.17206
 266	 -10.2367	 -12.13696	 -15.17202	  21.17202
 266	 -10.2367	 -12.13696	 -15.17202	  21.17202
 267	 -10.23687	 -12.13546	 -15.49874	  21.49874
 265	 -10.43764	 -13.45471	 -15.49879	  21.49879
 267	 -10.23687	 -12.13546	 -15.49874	  21.49874
 266	 -10.2367	 -12.13696	 -15.17202	  21.17202
 268	 -9.74366	 -11.20192	 -15.17199	  21.17199
 268	 -9.74366	 -11.20192	 -15.17199	  21.17199
 269	 -9.74383	 -11.20042	 -15.49872	  21.49872
 267	 -10.23687	 -12.13546	 -15.49874	  21.49874
 269	 -9.74383	 -11.20042	 -15.49872	  21.49872
 268	 -9.74366	 -11.20192	 -15.17199	  21.17199
 270	 -9.09045	 -10.90163	 -15.17199	  21.17199
 270	 -9.09045	 -10.90163	 -15.17199	  21.17199
 271	 -9.09062	 -10.90013	 -15.49872	  21.49872
 269	 -9.74383	 -11.20042	 -15.49872	  21.49872
 271	 -9.09062	 -10.90013	 -15.49872	  21.49872
 270	 -9.09045	 -10.90163	 -15.17199	  21.17199
 272	 -8.45211	 -11.31656	 -15.17202	  21.17202
 272	 -8.45211	 -11.31656	 -15.17202	  21.17202
 273	 -8.45228	 -11.31506	 -15.49874	  21.49874
 271	 -9.09062	 -10.90013	 -15.49872	  21.49872
 273	 -8.45228	 -11.31506	 -15.49874	  21.49874
 272	 -8.45211	 -11.31656	 -15.17202	  21.17202
 274	 -7.99966	 -12.33552	 -15.17206	  21.17206
 274	 -7.99966	 -12.33552	 -15.17206	  21.17206
 275	 -7.99984	 -12.33402	 -15.49879	  21.49879
 273	 -8.45228	 -11.31506	 -15.49874	  21.49874
 275	 -7.99984	 -12.33402	 -15.49879	  21.49879
 274	 -7.99966	 -12.33552	 -15.17206	  21.17206
 276	 -7.85437	 -13.68548	 -15.17211	  21.17211
 276	 -7.85437	 -13.68548	 -15.17211	  21.17211
 277	 -7.85454	 -13.68397	 -15.49883	  21.49883
 275	 -7.99984	 -12.33402	 -15.49879	  21.49879
 277	 -7.85454	 -13.68397	 -15.49883	  21.49883
 276	 -7.85437	 -13.68548	 -15.17211	  21.17211
 278	 -8.05514	 -15.00472	 -15.17215	  21.17215
 278	 -8.05514	 -15.00472	 -15.17215	  21.17215
 279	 -8.05531	 -15.00322	 -15.49888	  21.49888
 277	 -7.85454	 -13.68397	 -15.49883	  21.49883
 279	 -8.05531	 -15.00322	 -15.49888	  21.49888
 278	 -8.05514	 -15.00472	 -15.17215	  21.17215
 280	 -8.54819	 -15.93976	 -15.17217	  21.17217
 280	 -8.54819	 -15.93976	 -15.17217	  21.17217
 281	 -8.54836	 -15.93826	 -15.4989	  21.4989
 279	 -8.05531	 -15.00322	 -15.49888	  21.49888
 281	 -8.54836	 -15.93826	 -15.4989	  21.4989
 280	 -8.54819	 -15.93976	 -15.17217	  21.17217
 282	 -9.20139	 -16.24004	 -15.17217	  21.17217
 282	 -9.20139	 -16.24004	 -15.17217	  21.17217
 283	 -9.20156	 -16.23854	 -15.4989	  21.4989
 281	 -8.54836	 -15.93826	 -15.4989	  21.4989
 283	 -9.20156	 -16.23854	 -15.4989	  21.4989
 282	 -9.20139	 -16.24004	 -15.17217	  21.17217
 284	 -9.83973	 -15.82512	 -15.17215	  21.17215
 284	 -9.83973	 -15.82512	 -15.17215	  21.17215
 285	 -9.8399	 -15.82362	 -15.49887	  21.49887
 283	 -9.20156	 -16.23854	 -15.4989	  21.4989
 285	 -9.8399	 -15.82362	 -15.49887	  21.49887
 284	 -9.83973	 -15.82512	 -15.17215	  21.17215
 286	 -10.29217	 -14.80616	 -15.17211	  21.17211
 286	 -10.29217	 -14.80616	 -15.17211	  21.17211
 287	 -10.29234	 -14.80466	 -15.49883	  21.49883
 285	 -9.8399	 -15.82362	 -15.49887	  21.49887
 288	  5.20392	  29.98293	 -18.16296	  24.16296
 289	  4.61432	  30.06894	 -18.13509	  24.13509
 290	  4.77702	  30.06784	 -17.91734	  23.91734
 290	  4.77702	  30.06784	 -17.91734	  23.91734
 291	  5.38744	  29.9817	 -17.91735	  23.91735
 288	  5.20392	  29.98293	 -18.16296	  24.16296
 291	  5.38744	  29.9817	 -17.91735	  23.91735
 290	  4.77702	  30.06784	 -17.91734	  23.91734
 292	  4.61454	  30.06693	 -17.69957	  23.69957
 292	  4.61454	  30.06693	 -17.69957	  23.69957
 293	  5.20417	  29.98068	 -17.67173	  23.67173
 291	  5.38744	  29.9817	 -17.91735	  23.91735
 293	  5.20417	  29.98068	 -17.67173	  23.67173
 292	  4.61454	  30.06693	 -17.69957	  23.69957
 294	  4.13796	  30.06628	 -17.49664	  23.49664
 294	  4.13796	  30.06628	 -17.49664	  23.49664
 295	  4.66663	  29.97994	 -17.44284	  23.44284
 293	  5.20417	  29.98068	 -17.67173	  23.67173
 295	  4.66663	  29.97994	 -17.44284	  23.44284
 294	  4.13796	  30.06628	 -17.49664	  23.49664
 296	  3.37975	  30.06593	 -17.32238	  23.32238
 296	  3.37975	  30.06593	 -17.32238	  23.32238
 297	  3.81142	  29.97955	 -17.24628	  23.24628
 295	  4.66663	  29.97994	 -17.44284	  23.44284
 297	  3.81142	  29.97955	 -17.24628	  23.24628
 296	  3.37975	  30.06593	 -17.32238	  23.32238
 298	  2.39159	  30.0659	 -17.18865	  23.18865
 298	  2.39159	  30.0659	 -17.18865	  23.18865
 299	  2.69684	  29.97952	 -17.09545	  23.09545
 297	  3.81142	  29.97955	 -17.24628	  23.24628
 299	  2.69684	  29.97952	 -17.09545	  23.09545
 298	  2.39159	  30.0659	 -17.18865	  23.18865
 300	  1.24081	  30.0662	 -17.10458	  23.10458
 300	  1.24081	  30.0662	 -17.10458	  23.10458
 301	  1.39884	  29.97985	 -17.00062	  23.00062
 299	  2.69684	  29.97952	 -17.09545	  23.09545
 301	  1.39884	  29.97985	 -17.00062	  23.00062
 300	  1.24081	  30.0662	 -17.10458	  23.10458
 302	  0.00584	  30.06679	 -17.07589	  23.07589
 302	  0.00584	  30.06679	 -17.07589	  23.07589
 303	  0.00588	  29.98052	 -16.96826	  22.96826
 301	  1.39884	  29.97985	 -17.00062	  23.00062
 303	  0.00588	  29.98052	 -16.96826	  22.96826
 302	  0.00584	  30.06679	 -17.07589	  23.07589
 304	 -1.22916	  30.06766	 -17.10454	  23.10454
 304	 -1.22916	  30.06766	 -17.10454	  23.10454
 305	 -1.38711	  29.9815	 -17.00058	  23.00058
 303	  0.00588	  29.98052	 -16.96826	  22.96826
 305	 -1.38711	  29.9815	 -17.00058	  23.00058
 304	 -1.22916	  30.06766	 -17.10454	  23.10454
 306	 -2.38003	  30.06873	 -17.18858	  23.18858
 306	 -2.38003	  30.06873	 -17.18858	  23.18858
 307	 -2.6852	  29.9827	 -17.09536	  23.09536
 305	 -1.38711	  29.9815	 -17.00058	  23.00058
 307	 -2.6852	  29.9827	 -17.09536	  23.09536
 306	 -2.38003	  30.06873	 -17.18858	  23.18858
 308	 -3.36833	  30.06992	 -17.32227	  23.32227
 308	 -3.36833	  30.06992	 -17.32227	  23.32227
 309	 -3.79994	  29.98405	 -17.24615	  23.24615
 307	 -2.6852	  29.9827	 -17.09536	  23.09536
 309	 -3.79994	  29.98405	 -17.24615	  23.24615
 308	 -3.36833	  30.06992	 -17.32227	  23.32227
 310	 -4.12672	  30.07118	 -17.49651	  23.49651
 310	 -4.12672	  30.07118	 -17.49651	  23.49651
 311	 -4.65535	  29.98547	 -17.44269	  23.44269
 309	 -3.79994	  29.98405	 -17.24615	  23.24615
 311	 -4.65535	  29.98547	 -17.44269	  23.44269
 310	 -4.12672	  30.07118	 -17.49651	  23.49651
 312	 -4.60351	  30.07239	 -17.69942	  23.69942
 312	 -4.60351	  30.07239	 -17.69942	  23.69942
 313	 -5.19314	  29.98684	 -17.67156	  23.67156
 311	 -4.65535	  29.98547	 -17.44269	  23.44269
 313	 -5.19314	  29.98684	 -17.67156	  23.67156
 312	 -4.60351	  30.07239	 -17.69942	  23.69942
 314	 -4.76621	  30.07349	 -17.91718	  23.91718
 314	 -4.76621	  30.07349	 -17.91718	  23.91718
 315	 -5.37665	  29.98808	 -17.91717	  23.91717
 313	 -5.19314	  29.98684	 -17.67156	  23.67156
 315	 -5.37665	  29.98808	 -17.91717	  23.91717
 314	 -4.76621	  30.07349	 -17.91718	  23.91718
 316	 -4.60374	  30.07439	 -18.13494	  24.13494
 316	 -4.60374	  30.07439	 -18.13494	  24.13494
 317	 -5.19339	  29.98909	 -18.1628	  24.1628
 315	 -5.37665	  29.98808	 -17.91717	  23.91717
 317	 -5.19339	  29.98909	 -18.1628	  24.1628
 316	 -4.60374	  30.07439	 -18.13494	  24.13494
 318	 -4.12716	  30.07504	 -18.33787	  24.33787
 318	 -4.12716	  30.07504	 -18.33787	  24.33787
 319	 -4.65584	  29.98983	 -18.39168	  24.39168
 317	 -5.19339	  29.98909	 -18.1628	  24.1628
 319	 -4.65584	  29.98983	 -18.39168	  24.39168
 318	 -4.12716	  30.07504	 -18.33787	  24.33787
 320	 -3.36895	  30.07539	 -18.51214	  24.51214
 320	 -3.36895	  30.07539	 -18.51214	  24.51214
 321	 -3.80064	  29.99022	 -18.58824	  24.58824
 319	 -4.65584	  29.98983	 -18.39168	  24.39168
 321	 -3.80064	  29.99022	 -18.58824	  24.58824
 320	 -3.36895	  30.07539	 -18.51214	  24.51214
 322	 -2.38078	  30.07542	 -18.64586	  24.64586
 322	 -2.38078	  30.07542	 -18.64586	  24.64586
 323	 -2.68606	  29.99025	 -18.73907	  24.73907
 321	 -3.80064	  29.99022	 -18.58824	  24.58824
 323	 -2.68606	  29.99025	 -18.73907	  24.73907
 322	 -2.38078	  30.07542	 -18.64586	  24.64586
 324	 -1.23	  30.07513	 -18.72993	  24.72993
 324	 -1.23	  30.07513	 -18.72993	  24.72993
 325	 -1.38806	  29.98992	 -18.8339	  24.8339
 323	 -2.68606	  29.99025	 -18.73907	  24.73907
 325	 -1.38806	  29.98992	 -18.8339	  24.8339
 324	 -1.23	  30.07513	 -18.72993	  24.72993
 326	  0.00497	  30.07453	 -18.75862	  24.75862
 326	  0.00497	  30.07453	 -18.75862	  24.75862
 327	  0.0049	  29.98925	 -18.86626	  24.86626
 325	 -1.38806	  29.98992	 -18.8339	  24.8339
 327	  0.0049	  29.98925	 -18.86626	  24.86626
 326	  0.00497	  30.07453	 -18.75862	  24.75862
 328	  1.23997	  30.07366	 -18.72997	  24.72997
 328	  1.23997	  30.07366	 -18.72997	  24.72997
 329	  1.39789	  29.98827	 -18.83395	  24.83395
 327	  0.0049	  29.98925	 -18.86626	  24.86626
 329	  1.39789	  29.98827	 -18.83395	  24.83395
 328	  1.23997	  30.07366	 -18.72997	  24.72997
 330	  2.39083	  30.0726	 -18.64594	  24.64594
 330	  2.39083	  30.0726	 -18.64594	  24.64594
 331	  2.69599	  29.98707	 -18.73916	  24.73916
 329	  1.39789	  29.98827	 -18.83395	  24.83395
 331	  2.69599	  29.98707	 -18.73916	  24.73916
 330	  2.39083	  30.0726	 -18.64594	  24.64594
 332	  3.37914	  30.0714	 -18.51225	  24.51225
 332	  3.37914	  30.0714	 -18.51225	  24.51225
 333	  3.81072	  29.98571	 -18.58837	  24.58837
 331	  2.69599	  29.98707	 -18.73916	  24.73916
 333	  3.81072	  29.98571	 -18.58837	  24.58837
 332	  3.37914	  30.0714	 -18.51225	  24.51225
 334	  4.13753	  30.07015	 -18.33801	  24.33801
 334	  4.13753	  30.07015	 -18.33801	  24.33801
 335	  4.66613	  29.9843	 -18.39184	  24.39184
 333	  3.81072	  29.98571	 -18.58837	  24.58837
 335	  4.66613	  29.9843	 -18.39184	  24.39184
 334	  4.13753	  30.07015	 -18.33801	  24.33801
 336	  4.61432	  30.06894	 -18.13509	  24.13509
 336	  4.61432	  30.06894	 -18.13509	  24.13509
 337	  5.20392	  29.98293	 -18.16296	  24.16296
 335	  4.66613	  29.9843	 -18.39184	  24.39184
 338	  4.96404	  18.11564	 -18.1521	  24.1521
 339	  4.96481	  23.72528	 -18.15191	  24.15191
 340	  5.13992	  23.7241	 -17.91755	  23.91755
 340	  5.13992	  23.7241	 -17.91755	  23.91755
 341	  5.13907	  17.58505	 -17.91776	  23.91776
 338	  4.96404	  18.11564	 -18.1521	  24.1521
 341	  5.13907	  17.58505	 -17.91776	  23.91776
 340	  5.13992	  23.7241	 -17.91755	  23.91755
 342	  4.96506	  23.72313	 -17.68319	  23.68319
 342	  4.96506	  23.72313	 -17.68319	  23.68319
 343	  4.96413	  17.06183	 -17.68341	  23.68341
 341	  5.13907	  17.58505	 -17.91776	  23.91776
 343	  4.96413	  17.06183	 -17.68341	  23.68341
 342	  4.96506	  23.72313	 -17.68319	  23.68319
 344	  4.45214	  23.72243	 -17.46479	  23.46479
 344	  4.45214	  23.72243	 -17.46479	  23.46479
 345	  4.4512	  16.90538	 -17.46501	  23.46501
 343	  4.96413	  17.06183	 -17.68341	  23.68341
 345	  4.4512	  16.90538	 -17.46501	  23.46501
 344	  4.45214	  23.72243	 -17.46479	  23.46479
 346	  3.63613	  23.72205	 -17.27724	  23.27724
 346	  3.63613	  23.72205	 -17.27724	  23.27724
 347	  3.63517	  16.82411	 -17.27747	  23.27747
 345	  4.4512	  16.90538	 -17.46501	  23.46501
 348	  2.57168	  16.87676	 -17.13355	  23.13355
 347	  3.63517	  16.82411	 -17.27747	  23.27747
 346	  3.63613	  23.72205	 -17.27724	  23.27724
 346	  3.63613	  23.72205	 -17.27724	  23.27724
 349	  2.57263	  23.72202	 -17.13332	  23.13332
 348	  2.57168	  16.87676	 -17.13355	  23.13355
 350	  1.33319	  17.03288	 -17.04306	  23.04306
 348	  2.57168	  16.87676	 -17.13355	  23.13355
 349	  2.57263	  23.72202	 -17.13332	  23.13332
 349	  2.57263	  23.72202	 -17.13332	  23.13332
 351	  1.33411	  23.72233	 -17.04284	  23.04284
 350	  1.33319	  17.03288	 -17.04306	  23.04306
 350	  1.33319	  17.03288	 -17.04306	  23.04306
 351	  1.33411	  23.72233	 -17.04284	  23.04284
 352	  0.00499	  23.72298	 -17.01196	  23.01196
 352	  0.00499	  23.72298	 -17.01196	  23.01196
 353	  0.00404	  16.83749	 -17.01219	  23.01219
 350	  1.33319	  17.03288	 -17.04306	  23.04306
 353	  0.00404	  16.83749	 -17.01219	  23.01219
 352	  0.00499	  23.72298	 -17.01196	  23.01196
 354	 -1.32416	  23.72391	 -17.04279	  23.04279
 354	 -1.32416	  23.72391	 -17.04279	  23.04279
 355	 -1.32521	  16.12507	 -17.04305	  23.04305
 353	  0.00404	  16.83749	 -17.01219	  23.01219
 355	 -1.32521	  16.12507	 -17.04305	  23.04305
 354	 -1.32416	  23.72391	 -17.04279	  23.04279
 356	 -2.56277	  23.72506	 -17.13323	  23.13323
 356	 -2.56277	  23.72506	 -17.13323	  23.13323
 357	 -2.5639	  15.53928	 -17.13351	  23.13351
 355	 -1.32521	  16.12507	 -17.04305	  23.04305
 357	 -2.5639	  15.53928	 -17.13351	  23.13351
 356	 -2.56277	  23.72506	 -17.13323	  23.13323
 358	 -3.62642	  23.72634	 -17.27712	  23.27712
 358	 -3.62642	  23.72634	 -17.27712	  23.27712
 359	 -3.62765	  14.82126	 -17.27742	  23.27742
 357	 -2.5639	  15.53928	 -17.13351	  23.13351
 359	 -3.62765	  14.82126	 -17.27742	  23.27742
 358	 -3.62642	  23.72634	 -17.27712	  23.27712
 360	 -4.44262	  23.72769	 -17.46465	  23.46465
 360	 -4.44262	  23.72769	 -17.46465	  23.46465
 361	 -4.44397	  14.02464	 -17.46497	  23.46497
 359	 -3.62765	  14.82126	 -17.27742	  23.27742
 361	 -4.44397	  14.02464	 -17.46497	  23.46497
 360	 -4.44262	  23.72769	 -17.46465	  23.46465
 362	 -4.95576	  23.729	 -17.68303	  23.68303
 362	 -4.95576	  23.729	 -17.68303	  23.68303
 363	 -4.95721	  13.27576	 -17.68338	  23.68338
 361	 -4.44397	  14.02464	 -17.46497	  23.46497
 363	 -4.95721	  13.27576	 -17.68338	  23.68338
 362	 -4.95576	  23.729	 -17.68303	  23.68303
 364	 -5.13087	  23.73018	 -17.91739	  23.91739
 364	 -5.13087	  23.73018	 -17.91739	  23.91739
 365	 -5.13235	  13.08909	 -17.91774	  23.91774
 363	 -4.95721	  13.27576	 -17.68338	  23.68338
 366	 -4.95746	  13.25839	 -18.1521	  24.1521
 365	 -5.13235	  13.08909	 -17.91774	  23.91774
 364	 -5.13087	  23.73018	 -17.91739	  23.91739
 364	 -5.13087	  23.73018	 -17.91739	  23.91739
 367	 -4.95601	  23.73115	 -18.15175	  24.15175
 366	 -4.95746	  13.25839	 -18.1521	  24.1521
 368	 -4.44445	  13.96698	 -18.37048	  24.37048
 366	 -4.95746	  13.25839	 -18.1521	  24.1521
 367	 -4.95601	  23.73115	 -18.15175	  24.15175
 367	 -4.95601	  23.73115	 -18.15175	  24.15175
 369	 -4.44309	  23.73185	 -18.37015	  24.37015
 368	 -4.44445	  13.96698	 -18.37048	  24.37048
 370	 -3.6283	  14.92774	 -18.558	  24.558
 368	 -4.44445	  13.96698	 -18.37048	  24.37048
 369	 -4.44309	  23.73185	 -18.37015	  24.37015
 369	 -4.44309	  23.73185	 -18.37015	  24.37015
 371	 -3.62708	  23.73223	 -18.5577	  24.5577
 370	 -3.6283	  14.92774	 -18.558	  24.558
 370	 -3.6283	  14.92774	 -18.558	  24.558
 371	 -3.62708	  23.73223	 -18.5577	  24.5577
 372	 -2.56358	  23.73226	 -18.70162	  24.70162
 372	 -2.56358	  23.73226	 -18.70162	  24.70162
 373	 -2.56494	  13.93761	 -18.70195	  24.70195
 370	 -3.6283	  14.92774	 -18.558	  24.558
 374	 -1.3263	  14.81927	 -18.7924	  24.7924
 373	 -2.56494	  13.93761	 -18.70195	  24.70195
 372	 -2.56358	  23.73226	 -18.70162	  24.70162
 372	 -2.56358	  23.73226	 -18.70162	  24.70162
 375	 -1.32507	  23.73195	 -18.7921	  24.7921
 374	 -1.3263	  14.81927	 -18.7924	  24.7924
 376	  0.00282	  14.8104	 -18.82328	  24.82328
 374	 -1.3263	  14.81927	 -18.7924	  24.7924
 375	 -1.32507	  23.73195	 -18.7921	  24.7921
 375	 -1.32507	  23.73195	 -18.7921	  24.7921
 377	  0.00405	  23.7313	 -18.82298	  24.82298
 376	  0.00282	  14.8104	 -18.82328	  24.82328
 376	  0.00282	  14.8104	 -18.82328	  24.82328
 377	  0.00405	  23.7313	 -18.82298	  24.82298
 378	  1.33321	  23.73037	 -18.79215	  24.79215
 378	  1.33321	  23.73037	 -18.79215	  24.79215
 379	  1.33196	  14.68575	 -18.79245	  24.79245
 376	  0.00282	  14.8104	 -18.82328	  24.82328
 379	  1.33196	  14.68575	 -18.79245	  24.79245
 378	  1.33321	  23.73037	 -18.79215	  24.79215
 380	  2.57182	  23.72922	 -18.7017	  24.7017
 380	  2.57182	  23.72922	 -18.7017	  24.7017
 381	  2.57055	  14.57462	 -18.70201	  24.70201
 379	  1.33196	  14.68575	 -18.79245	  24.79245
 381	  2.57055	  14.57462	 -18.70201	  24.70201
 380	  2.57182	  23.72922	 -18.7017	  24.7017
 382	  3.63547	  23.72793	 -18.55782	  24.55782
 382	  3.63547	  23.72793	 -18.55782	  24.55782
 383	  3.63411	  13.97337	 -18.55815	  24.55815
 381	  2.57055	  14.57462	 -18.70201	  24.70201
 384	  4.45096	  18.5783	 -18.37047	  24.37047
 383	  3.63411	  13.97337	 -18.55815	  24.55815
 382	  3.63547	  23.72793	 -18.55782	  24.55782
 382	  3.63547	  23.72793	 -18.55782	  24.55782
 385	  4.45167	  23.72659	 -18.37029	  24.37029
 384	  4.45096	  18.5783	 -18.37047	  24.37047
 384	  4.45096	  18.5783	 -18.37047	  24.37047
 385	  4.45167	  23.72659	 -18.37029	  24.37029
 386	  4.96481	  23.72528	 -18.15191	  24.15191
 386	  4.96481	  23.72528	 -18.15191	  24.15191
 387	  4.96404	  18.11564	 -18.1521	  24.1521
 384	  4.45096	  18.5783	 -18.37047	  24.37047
 388	  15.09351	 -11.92991	 -18.17252	  24.17252
 389	  15.13519	 -10.7115	 -18.14463	  24.14463
 390	  15.13526	 -11.04852	 -17.92687	  23.92687
 390	  15.13526	 -11.04852	 -17.92687	  23.92687
 391	  15.09358	 -12.31005	 -17.92692	  23.92692
 388	  15.09351	 -11.92991	 -18.17252	  24.17252
 391	  15.09358	 -12.31005	 -17.92692	  23.92692
 390	  15.13526	 -11.04852	 -17.92687	  23.92687
 392	  15.13542	 -10.7135	 -17.7091	  23.7091
 392	  15.13542	 -10.7135	 -17.7091	  23.7091
 393	  15.09376	 -11.93217	 -17.68129	  23.68129
 391	  15.09358	 -12.31005	 -17.92692	  23.92692
 393	  15.09376	 -11.93217	 -17.68129	  23.68129
 392	  15.13542	 -10.7135	 -17.7091	  23.7091
 394	  15.13566	 -9.72927	 -17.50615	  23.50615
 394	  15.13566	 -9.72927	 -17.50615	  23.50615
 395	  15.09404	 -10.82203	 -17.45237	  23.45237
 393	  15.09376	 -11.93217	 -17.68129	  23.68129
 395	  15.09404	 -10.82203	 -17.45237	  23.45237
 394	  15.13566	 -9.72927	 -17.50615	  23.50615
 396	  15.13597	 -8.16292	 -17.33184	  23.33184
 396	  15.13597	 -8.16292	 -17.33184	  23.33184
 397	  15.09438	 -9.0553	 -17.25576	  23.25576
 395	  15.09404	 -10.82203	 -17.45237	  23.45237
 397	  15.09438	 -9.0553	 -17.25576	  23.25576
 396	  15.13597	 -8.16292	 -17.33184	  23.33184
 398	  15.13632	 -6.12119	 -17.19807	  23.19807
 398	  15.13632	 -6.12119	 -17.19807	  23.19807
 399	  15.09478	 -6.75237	 -17.10487	  23.10487
 397	  15.09438	 -9.0553	 -17.25576	  23.25576
 399	  15.09478	 -6.75237	 -17.10487	  23.10487
 398	  15.13632	 -6.12119	 -17.19807	  23.19807
 400	  15.1367	 -3.7432	 -17.11394	  23.11394
 400	  15.1367	 -3.7432	 -17.11394	  23.11394
 401	  15.0952	 -4.07017	 -17.00998	  23.00998
 399	  15.09478	 -6.75237	 -17.10487	  23.10487
 401	  15.0952	 -4.07017	 -17.00998	  23.00998
 400	  15.1367	 -3.7432	 -17.11394	  23.11394
 402	  15.13707	 -1.19104	 -17.08518	  23.08518
 402	  15.13707	 -1.19104	 -17.08518	  23.08518
 403	  15.09562	 -1.1915	 -16.97755	  22.97755
 401	  15.0952	 -4.07017	 -17.00998	  23.00998
 403	  15.09562	 -1.1915	 -16.97755	  22.97755
 402	  15.13707	 -1.19104	 -17.08518	  23.08518
 404	  15.13741	  1.3614	 -17.11376	  23.11376
 404	  15.13741	  1.3614	 -17.11376	  23.11376
 405	  15.096	  1.68745	 -17.00978	  23.00978
 403	  15.09562	 -1.1915	 -16.97755	  22.97755
 405	  15.096	  1.68745	 -17.00978	  23.00978
 404	  15.13741	  1.3614	 -17.11376	  23.11376
 406	  15.13769	  3.74015	 -17.19774	  23.19774
 406	  15.13769	  3.74015	 -17.19774	  23.19774
 407	  15.09632	  4.37052	 -17.1045	  23.1045
 405	  15.096	  1.68745	 -17.00978	  23.00978
 407	  15.09632	  4.37052	 -17.1045	  23.1045
 406	  15.13769	  3.74015	 -17.19774	  23.19774
 408	  15.1379	  5.78311	 -17.33138	  23.33138
 408	  15.1379	  5.78311	 -17.33138	  23.33138
 409	  15.09656	  6.67484	 -17.25524	  23.25524
 407	  15.09632	  4.37052	 -17.1045	  23.1045
 409	  15.09656	  6.67484	 -17.25524	  23.25524
 408	  15.1379	  5.78311	 -17.33138	  23.33138
 410	  15.13803	  7.35106	 -17.50558	  23.50558
 410	  15.13803	  7.35106	 -17.50558	  23.50558
 411	  15.09671	  8.44338	 -17.45172	  23.45172
 409	  15.09656	  6.67484	 -17.25524	  23.25524
 411	  15.09671	  8.44338	 -17.45172	  23.45172
 410	  15.13803	  7.35106	 -17.50558	  23.50558
 412	  15.13806	  8.33714	 -17.70847	  23.70847
 412	  15.13806	  8.33714	 -17.70847	  23.70847
 413	  15.09674	  9.5556	 -17.68057	  23.68057
 411	  15.09671	  8.44338	 -17.45172	  23.45172
 413	  15.09674	  9.5556	 -17.68057	  23.68057
 412	  15.13806	  8.33714	 -17.70847	  23.70847
 414	  15.13799	  8.67416	 -17.92622	  23.92622
 414	  15.13799	  8.67416	 -17.92622	  23.92622
 415	  15.09667	  9.93575	 -17.92617	  23.92617
 413	  15.09674	  9.5556	 -17.68057	  23.68057
 415	  15.09667	  9.93575	 -17.92617	  23.92617
 414	  15.13799	  8.67416	 -17.92622	  23.92622
 416	  15.13783	  8.33914	 -18.14399	  24.14399
 416	  15.13783	  8.33914	 -18.14399	  24.14399
 417	  15.09649	  9.55787	 -18.1718	  24.1718
 415	  15.09667	  9.93575	 -17.92617	  23.92617
 417	  15.09649	  9.55787	 -18.1718	  24.1718
 416	  15.13783	  8.33914	 -18.14399	  24.14399
 418	  15.13759	  7.35493	 -18.34694	  24.34694
 418	  15.13759	  7.35493	 -18.34694	  24.34694
 419	  15.09621	  8.44773	 -18.40072	  24.40072
 417	  15.09649	  9.55787	 -18.1718	  24.1718
 419	  15.09621	  8.44773	 -18.40072	  24.40072
 418	  15.13759	  7.35493	 -18.34694	  24.34694
 420	  15.13728	  5.78858	 -18.52125	  24.52125
 420	  15.13728	  5.78858	 -18.52125	  24.52125
 421	  15.09587	  6.681	 -18.59733	  24.59733
 419	  15.09621	  8.44773	 -18.40072	  24.40072
 421	  15.09587	  6.681	 -18.59733	  24.59733
 420	  15.13728	  5.78858	 -18.52125	  24.52125
 422	  15.13693	  3.74684	 -18.65502	  24.65502
 422	  15.13693	  3.74684	 -18.65502	  24.65502
 423	  15.09547	  4.37807	 -18.74822	  24.74822
 421	  15.09587	  6.681	 -18.59733	  24.59733
 423	  15.09547	  4.37807	 -18.74822	  24.74822
 422	  15.13693	  3.74684	 -18.65502	  24.65502
 424	  15.13656	  1.36886	 -18.73916	  24.73916
 424	  15.13656	  1.36886	 -18.73916	  24.73916
 425	  15.09505	  1.69587	 -18.84311	  24.84311
 423	  15.09547	  4.37807	 -18.74822	  24.74822
 425	  15.09505	  1.69587	 -18.84311	  24.84311
 424	  15.13656	  1.36886	 -18.73916	  24.73916
 426	  15.13619	 -1.18331	 -18.76791	  24.76791
 426	  15.13619	 -1.18331	 -18.76791	  24.76791
 427	  15.09463	 -1.18279	 -18.87554	  24.87554
 425	  15.09505	  1.69587	 -18.84311	  24.84311
 427	  15.09463	 -1.18279	 -18.87554	  24.87554
 426	  15.13619	 -1.18331	 -18.76791	  24.76791
 428	  15.13585	 -3.73575	 -18.73933	  24.73933
 428	  15.13585	 -3.73575	 -18.73933	  24.73933
 429	  15.09425	 -4.06176	 -18.84331	  24.84331
 427	  15.09463	 -1.18279	 -18.87554	  24.87554
 429	  15.09425	 -4.06176	 -18.84331	  24.84331
 428	  15.13585	 -3.73575	 -18.73933	  24.73933
 430	  15.13556	 -6.1145	 -18.65535	  24.65535
 430	  15.13556	 -6.1145	 -18.65535	  24.65535
 431	  15.09393	 -6.74483	 -18.74859	  24.74859
 429	  15.09425	 -4.06176	 -18.84331	  24.84331
 431	  15.09393	 -6.74483	 -18.74859	  24.74859
 430	  15.13556	 -6.1145	 -18.65535	  24.65535
 432	  15.13535	 -8.15746	 -18.52171	  24.52171
 432	  15.13535	 -8.15746	 -18.52171	  24.52171
 433	  15.09369	 -9.04914	 -18.59785	  24.59785
 431	  15.09393	 -6.74483	 -18.74859	  24.74859
 433	  15.09369	 -9.04914	 -18.59785	  24.59785
 432	  15.13535	 -8.15746	 -18.52171	  24.52171
 434	  15.13522	 -9.72541	 -18.34751	  24.34751
 434	  15.13522	 -9.72541	 -18.34751	  24.34751
 435	  15.09354	 -10.81768	 -18.40137	  24.40137
 433	  15.09369	 -9.04914	 -18.59785	  24.59785
 435	  15.09354	 -10.81768	 -18.40137	  24.40137
 434	  15.13522	 -9.72541	 -18.34751	  24.34751
 436	  15.13519	 -10.7115	 -18.14463	  24.14463
 436	  15.13519	 -10.7115	 -18.14463	  24.14463
 437	  15.09351	 -11.92991	 -18.17252	  24.17252
 435	  15.09354	 -10.81768	 -18.40137	  24.40137
 438	  12.06564	 -11.4358	 -18.1612	  24.1612
 439	  8.20521	 -11.43351	 -18.16114	  24.16114
 440	  8.48322	 -10.37241	 -18.3795	  24.3795
 440	  8.48322	 -10.37241	 -18.3795	  24.3795
 441	  12.06567	 -10.37454	 -18.37956	  24.37956
 438	  12.06564	 -11.4358	 -18.1612	  24.1612
 441	  12.06567	 -10.37454	 -18.37956	  24.37956
 440	  8.48322	 -10.37241	 -18.3795	  24.3795
 442	  8.7195	 -8.68507	 -18.56699	  24.56699
 442	  8.7195	 -8.68507	 -18.56699	  24.56699
 443	  12.06581	 -8.68705	 -18.56704	  24.56704
 441	  12.06567	 -10.37454	 -18.37956	  24.37956
 444	  12.06604	 -6.48834	 -18.71087	  24.71087
 443	  12.06581	 -8.68705	 -18.56704	  24.56704
 442	  8.7195	 -8.68507	 -18.56699	  24.56699
 442	  8.7195	 -8.68507	 -18.56699	  24.56699
 445	  8.48666	 -6.48621	 -18.71081	  24.71081
 444	  12.06604	 -6.48834	 -18.71087	  24.71087
 444	  12.06604	 -6.48834	 -18.71087	  24.71087
 445	  8.48666	 -6.48621	 -18.71081	  24.71081
 446	  8.93851	 -3.92638	 -18.80119	  24.80119
 446	  8.93851	 -3.92638	 -18.80119	  24.80119
 447	  12.06635	 -3.92823	 -18.80124	  24.80124
 444	  12.06604	 -6.48834	 -18.71087	  24.71087
 447	  12.06635	 -3.92823	 -18.80124	  24.80124
 446	  8.93851	 -3.92638	 -18.80119	  24.80119
 448	  9.10584	 -1.17945	 -18.83196	  24.83196
 448	  9.10584	 -1.17945	 -18.83196	  24.83196
 449	  12.06671	 -1.18119	 -18.832	  24.832
 447	  12.06635	 -3.92823	 -18.80124	  24.80124
 450	  12.06711	  1.56554	 -18.80106	  24.80106
 449	  12.06671	 -1.18119	 -18.832	  24.832
 448	  9.10584	 -1.17945	 -18.83196	  24.83196
 448	  9.10584	 -1.17945	 -18.83196	  24.83196
 451	  9.04343	  1.56734	 -18.80101	  24.80101
 450	  12.06711	  1.56554	 -18.80106	  24.80106
 450	  12.06711	  1.56554	 -18.80106	  24.80106
 451	  9.04343	  1.56734	 -18.80101	  24.80101
 452	  9.08965	  4.12658	 -18.71046	  24.71046
 452	  9.08965	  4.12658	 -18.71046	  24.71046
 453	  12.06751	  4.12482	 -18.71051	  24.71051
 450	  12.06711	  1.56554	 -18.80106	  24.80106
 453	  12.06751	  4.12482	 -18.71051	  24.71051
 452	  9.08965	  4.12658	 -18.71046	  24.71046
 454	  9.58319	  6.32368	 -18.5665	  24.5665
 454	  9.58319	  6.32368	 -18.5665	  24.5665
 455	  12.06789	  6.32221	 -18.56654	  24.56654
 453	  12.06751	  4.12482	 -18.71051	  24.71051
 455	  12.06789	  6.32221	 -18.56654	  24.56654
 454	  9.58319	  6.32368	 -18.5665	  24.5665
 456	  9.90284	  8.00926	 -18.37891	  24.37891
 456	  9.90284	  8.00926	 -18.37891	  24.37891
 457	  12.06822	  8.00798	 -18.37894	  24.37894
 455	  12.06789	  6.32221	 -18.56654	  24.56654
 457	  12.06822	  8.00798	 -18.37894	  24.37894
 456	  9.90284	  8.00926	 -18.37891	  24.37891
 458	  10.19025	  9.06834	 -18.16049	  24.16049
 458	  10.19025	  9.06834	 -18.16049	  24.16049
 459	  12.06848	  9.06723	 -18.16051	  24.16051
 457	  12.06822	  8.00798	 -18.37894	  24.37894
 459	  12.06848	  9.06723	 -18.16051	  24.16051
 458	  10.19025	  9.06834	 -18.16049	  24.16049
 460	  10.4166	  9.42877	 -17.92612	  23.92612
 460	  10.4166	  9.42877	 -17.92612	  23.92612
 461	  12.06865	  9.42779	 -17.92614	  23.92614
 459	  12.06848	  9.06723	 -18.16051	  24.16051
 461	  12.06865	  9.42779	 -17.92614	  23.92614
 460	  10.4166	  9.42877	 -17.92612	  23.92612
 462	  10.66115	  9.06591	 -17.69177	  23.69177
 462	  10.66115	  9.06591	 -17.69177	  23.69177
 463	  12.06873	  9.06508	 -17.69179	  23.69179
 461	  12.06865	  9.42779	 -17.92614	  23.92614
 464	  12.06869	  8.00382	 -17.47344	  23.47344
 463	  12.06873	  9.06508	 -17.69179	  23.69179
 462	  10.66115	  9.06591	 -17.69177	  23.69177
 462	  10.66115	  9.06591	 -17.69177	  23.69177
 465	  10.58374	  8.0047	 -17.47341	  23.47341
 464	  12.06869	  8.00382	 -17.47344	  23.47344
 466	  12.06856	  6.31633	 -17.28595	  23.28595
 464	  12.06869	  8.00382	 -17.47344	  23.47344
 465	  10.58374	  8.0047	 -17.47341	  23.47341
 465	  10.58374	  8.0047	 -17.47341	  23.47341
 467	  10.43946	  6.31729	 -17.28593	  23.28593
 466	  12.06856	  6.31633	 -17.28595	  23.28595
 468	  12.06833	  4.11761	 -17.14213	  23.14213
 466	  12.06856	  6.31633	 -17.28595	  23.28595
 467	  10.43946	  6.31729	 -17.28593	  23.28593
 467	  10.43946	  6.31729	 -17.28593	  23.28593
 469	  10.29861	  4.11866	 -17.1421	  23.1421
 468	  12.06833	  4.11761	 -17.14213	  23.14213
 470	  12.06802	  1.55752	 -17.05175	  23.05175
 468	  12.06833	  4.11761	 -17.14213	  23.14213
 469	  10.29861	  4.11866	 -17.1421	  23.1421
 469	  10.29861	  4.11866	 -17.1421	  23.1421
 471	  10.11506	  1.55867	 -17.05172	  23.05172
 470	  12.06802	  1.55752	 -17.05175	  23.05175
 472	  12.06766	 -1.18952	 -17.02098	  23.02098
 470	  12.06802	  1.55752	 -17.05175	  23.05175
 471	  10.11506	  1.55867	 -17.05172	  23.05172
 471	  10.11506	  1.55867	 -17.05172	  23.05172
 473	  9.888	 -1.18823	 -17.02095	  23.02095
 472	  12.06766	 -1.18952	 -17.02098	  23.02098
 474	  12.06726	 -3.93625	 -17.05194	  23.05194
 472	  12.06766	 -1.18952	 -17.02098	  23.02098
 473	  9.888	 -1.18823	 -17.02095	  23.02095
 473	  9.888	 -1.18823	 -17.02095	  23.02095
 475	  9.53557	 -3.93476	 -17.05189	  23.05189
 474	  12.06726	 -3.93625	 -17.05194	  23.05194
 476	  12.06686	 -6.49553	 -17.14248	  23.14248
 474	  12.06726	 -3.93625	 -17.05194	  23.05194
 475	  9.53557	 -3.93476	 -17.05189	  23.05189
 475	  9.53557	 -3.93476	 -17.05189	  23.05189
 477	  9.14336	 -6.4938	 -17.14243	  23.14243
 476	  12.06686	 -6.49553	 -17.14248	  23.14248
 478	  12.06648	 -8.69292	 -17.28646	  23.28646
 476	  12.06686	 -6.49553	 -17.14248	  23.14248
 477	  9.14336	 -6.4938	 -17.14243	  23.14243
 477	  9.14336	 -6.4938	 -17.14243	  23.14243
 479	  8.76709	 -8.69097	 -17.2864	  23.2864
 478	  12.06648	 -8.69292	 -17.28646	  23.28646
 480	  12.06615	 -10.3787	 -17.47405	  23.47405
 478	  12.06648	 -8.69292	 -17.28646	  23.28646
 479	  8.76709	 -8.69097	 -17.2864	  23.2864
 479	  8.76709	 -8.69097	 -17.2864	  23.2864
 481	  8.40166	 -10.37652	 -17.47399	  23.47399
 480	  12.06615	 -10.3787	 -17.47405	  23.47405
 482	  12.06588	 -11.43795	 -17.69247	  23.69247
 480	  12.06615	 -10.3787	 -17.47405	  23.47405
 481	  8.40166	 -10.37652	 -17.47399	  23.47399
 481	  8.40166	 -10.37652	 -17.47399	  23.47399
 483	  8.16254	 -11.43564	 -17.69241	  23.69241
 482	  12.06588	 -11.43795	 -17.69247	  23.69247
 484	  12.06571	 -11.79851	 -17.92685	  23.92685
 482	  12.06588	 -11.43795	 -17.69247	  23.69247
 483	  8.16254	 -11.43564	 -17.69241	  23.69241
 483	  8.16254	 -11.43564	 -17.69241	  23.69241
 485	  8.08445	 -11.79615	 -17.92679	  23.92679
 484	  12.06571	 -11.79851	 -17.92685	  23.92685
 484	  12.06571	 -11.79851	 -17.92685	  23.92685
 485	  8.08445	 -11.79615	 -17.92679	  23.92679
 486	  8.20521	 -11.43351	 -18.16114	  24.16114
 486	  8.20521	 -11.43351	 -18.16114	  24.16114
 487	  12.06564	 -11.4358	 -18.1612	  24.1612
 484	  12.06571	 -11.79851	 -17.92685	  23.92685
 488	 -0.00165	 -20.44421	 -17.82894	  23.82894
 489	 -0.00496	 -20.41518	 -24.14216	  30.14216
 490	  1.07201	 -21.01221	 -24.15159	  30.15159
 490	  1.07201	 -21.01221	 -24.15159	  30.15159
 491	  1.07532	 -21.04128	 -17.82898	  23.82898
 488	 -0.00165	 -20.44421	 -17.82894	  23.82894
 491	  1.07532	 -21.04128	 -17.82898	  23.82898
 490	  1.07201	 -21.01221	 -24.15159	  30.15159
 492	  1.86021	 -22.75003	 -24.20515	  30.20515
 492	  1.86021	 -22.75003	 -24.20515	  30.20515
 493	  1.60981	 -21.98739	 -17.82907	  23.82907
 491	  1.07532	 -21.04128	 -17.82898	  23.82898
 493	  1.60981	 -21.98739	 -17.82907	  23.82907
 492	  1.86021	 -22.75003	 -24.20515	  30.20515
 494	  1.96381	 -23.13877	 -17.82912	  23.82912
 494	  1.96381	 -23.13877	 -17.82912	  23.82912
 492	  1.86021	 -22.75003	 -24.20515	  30.20515
 495	  2.14844	 -24.86736	 -24.35007	  30.35007
 495	  2.14844	 -24.86736	 -24.35007	  30.35007
 496	  2.15186	 -24.89735	 -17.82918	  23.82918
 494	  1.96381	 -23.13877	 -17.82912	  23.82912
 497	  1.88856	 -26.88524	 -17.82924	  23.82924
 496	  2.15186	 -24.89735	 -17.82918	  23.82918
 495	  2.14844	 -24.86736	 -24.35007	  30.35007
 495	  2.14844	 -24.86736	 -24.35007	  30.35007
 498	  1.80842	 -27.22906	 -24.62653	  30.62653
 497	  1.88856	 -26.88524	 -17.82924	  23.82924
 499	  1.38299	 -28.16808	 -17.82927	  23.82927
 497	  1.88856	 -26.88524	 -17.82924	  23.82924
 498	  1.80842	 -27.22906	 -24.62653	  30.62653
 498	  1.80842	 -27.22906	 -24.62653	  30.62653
 500	  1.07014	 -28.71597	 -25.69798	  31.69798
 499	  1.38299	 -28.16808	 -17.82927	  23.82927
 501	  0.77326	 -28.93188	 -17.82929	  23.82929
 499	  1.38299	 -28.16808	 -17.82927	  23.82927
 500	  1.07014	 -28.71597	 -25.69798	  31.69798
 500	  1.07014	 -28.71597	 -25.69798	  31.69798
 502	  0.59273	 -29.12263	 -26.0306	  32.0306
 501	  0.77326	 -28.93188	 -17.82929	  23.82929
 502	  0.59273	 -29.12263	 -26.0306	  32.0306
 503	 -0.00287	 -29.24681	 -17.82928	  23.82928
 501	  0.77326	 -28.93188	 -17.82929	  23.82929
 504	 -0.64939	 -29.08564	 -26.03058	  32.03058
 503	 -0.00287	 -29.24681	 -17.82928	  23.82928
 502	  0.59273	 -29.12263	 -26.0306	  32.0306
 505	 -0.78482	 -28.92507	 -17.82926	  23.82926
 503	 -0.00287	 -29.24681	 -17.82928	  23.82928
 504	 -0.64939	 -29.08564	 -26.03058	  32.03058
 505	 -0.78482	 -28.92507	 -17.82926	  23.82926
 504	 -0.64939	 -29.08564	 -26.03058	  32.03058
 506	 -1.08399	 -28.71469	 -25.69794	  31.69794
 506	 -1.08399	 -28.71469	 -25.69794	  31.69794
 507	 -1.38844	 -28.16644	 -17.82923	  23.82923
 505	 -0.78482	 -28.92507	 -17.82926	  23.82926
 507	 -1.38844	 -28.16644	 -17.82923	  23.82923
 506	 -1.08399	 -28.71469	 -25.69794	  31.69794
 508	 -1.82073	 -27.2269	 -24.62647	  30.62647
 508	 -1.82073	 -27.2269	 -24.62647	  30.62647
 509	 -1.93569	 -26.69681	 -17.82917	  23.82917
 507	 -1.38844	 -28.16644	 -17.82923	  23.82923
 509	 -1.93569	 -26.69681	 -17.82917	  23.82917
 508	 -1.82073	 -27.2269	 -24.62647	  30.62647
 510	 -2.15981	 -24.86481	 -24.34999	  30.34999
 510	 -2.15981	 -24.86481	 -24.34999	  30.34999
 511	 -2.1564	 -24.89481	 -17.82911	  23.82911
 509	 -1.93569	 -26.69681	 -17.82917	  23.82917
 512	 -2.01862	 -23.33455	 -17.82906	  23.82906
 511	 -2.1564	 -24.89481	 -17.82911	  23.82911
 510	 -2.15981	 -24.86481	 -24.34999	  30.34999
 510	 -2.15981	 -24.86481	 -24.34999	  30.34999
 513	 -1.87084	 -22.74782	 -24.20509	  30.20509
 512	 -2.01862	 -23.33455	 -17.82906	  23.82906
 513	 -1.87084	 -22.74782	 -24.20509	  30.20509
 514	 -1.61354	 -21.98549	 -17.82902	  23.82902
 512	 -2.01862	 -23.33455	 -17.82906	  23.82906
 514	 -1.61354	 -21.98549	 -17.82902	  23.82902
 513	 -1.87084	 -22.74782	 -24.20509	  30.20509
 515	 -1.08211	 -21.01093	 -24.15156	  30.15156
 515	 -1.08211	 -21.01093	 -24.15156	  30.15156
 516	 -1.0788	 -21.04001	 -17.82894	  23.82894
 514	 -1.61354	 -21.98549	 -17.82902	  23.82902
 516	 -1.0788	 -21.04001	 -17.82894	  23.82894
 515	 -1.08211	 -21.01093	 -24.15156	  30.15156
 517	 -0.00496	 -20.41518	 -24.14216	  30.14216
 517	 -0.00496	 -20.41518	 -24.14216	  30.14216
 518	 -0.00165	 -20.44421	 -17.82894	  23.82894
 516	 -1.0788	 -21.04001	 -17.82894	  23.82894
 519	  1.60981	 -21.98739	 -17.82907	  23.82907
 520	  1.96381	 -23.13877	 -17.82912	  23.82912
 521	  3.15889	 -21.98831	 -17.8291	  23.8291
 520	  1.96381	 -23.13877	 -17.82912	  23.82912
 522	  2.15186	 -24.89735	 -17.82918	  23.82918
 521	  3.15889	 -21.98831	 -17.8291	  23.8291
 521	  3.15889	 -21.98831	 -17.8291	  23.8291
 522	  2.15186	 -24.89735	 -17.82918	  23.82918
 523	  2.87232	 -34.85624	 -17.82952	  23.82952
 522	  2.15186	 -24.89735	 -17.82918	  23.82918
 524	  1.88856	 -26.88524	 -17.82924	  23.82924
 523	  2.87232	 -34.85624	 -17.82952	  23.82952
 524	  1.88856	 -26.88524	 -17.82924	  23.82924
 525	  1.38299	 -28.16808	 -17.82927	  23.82927
 523	  2.87232	 -34.85624	 -17.82952	  23.82952
 525	  1.38299	 -28.16808	 -17.82927	  23.82927
 526	  0.77326	 -28.93188	 -17.82929	  23.82929
 523	  2.87232	 -34.85624	 -17.82952	  23.82952
 526	  0.77326	 -28.93188	 -17.82929	  23.82929
 527	 -0.00287	 -29.24681	 -17.82928	  23.82928
 523	  2.87232	 -34.85624	 -17.82952	  23.82952
 523	  2.87232	 -34.85624	 -17.82952	  23.82952
 527	 -0.00287	 -29.24681	 -17.82928	  23.82928
 528	  1.73594	 -36.89229	 -17.82957	  23.82957
 528	  1.73594	 -36.89229	 -17.82957	  23.82957
 527	 -0.00287	 -29.24681	 -17.82928	  23.82928
 529	 -1.7283	 -36.89024	 -17.82951	  23.82951
 529	 -1.7283	 -36.89024	 -17.82951	  23.82951
 527	 -0.00287	 -29.24681	 -17.82928	  23.82928
 530	 -2.87182	 -34.85284	 -17.82943	  23.82943
 527	 -0.00287	 -29.24681	 -17.82928	  23.82928
 531	 -0.78482	 -28.92507	 -17.82926	  23.82926
 530	 -2.87182	 -34.85284	 -17.82943	  23.82943
 531	 -0.78482	 -28.92507	 -17.82926	  23.82926
 532	 -1.38844	 -28.16644	 -17.82923	  23.82923
 530	 -2.87182	 -34.85284	 -17.82943	  23.82943
 530	 -2.87182	 -34.85284	 -17.82943	  23.82943
 532	 -1.38844	 -28.16644	 -17.82923	  23.82923
 533	 -1.93569	 -26.69681	 -17.82917	  23.82917
 534	 -2.1564	 -24.89481	 -17.82911	  23.82911
 530	 -2.87182	 -34.85284	 -17.82943	  23.82943
 533	 -1.93569	 -26.69681	 -17.82917	  23.82917
 535	 -3.15864	 -21.98457	 -17.82899	  23.82899
 530	 -2.87182	 -34.85284	 -17.82943	  23.82943
 534	 -2.1564	 -24.89481	 -17.82911	  23.82911
 535	 -3.15864	 -21.98457	 -17.82899	  23.82899
 534	 -2.1564	 -24.89481	 -17.82911	  23.82911
 536	 -2.01862	 -23.33455	 -17.82906	  23.82906
 537	 -1.61354	 -21.98549	 -17.82902	  23.82902
 535	 -3.15864	 -21.98457	 -17.82899	  23.82899
 536	 -2.01862	 -23.33455	 -17.82906	  23.82906
 538	  3.0534	 -29.08783	 -26.03064	  32.03064
 539	  3.05601	 -33.39863	 -26.0425	  32.0425
 540	  0.59273	 -29.12263	 -26.0306	  32.0306
 540	  0.59273	 -29.12263	 -26.0306	  32.0306
 539	  3.05601	 -33.39863	 -26.0425	  32.0425
 541	 -3.06664	 -33.395	 -26.0424	  32.0424
 541	 -3.06664	 -33.395	 -26.0424	  32.0424
 542	 -0.64939	 -29.08564	 -26.03058	  32.03058
 540	  0.59273	 -29.12263	 -26.0306	  32.0306
 542	 -0.64939	 -29.08564	 -26.03058	  32.03058
 541	 -3.06664	 -33.395	 -26.0424	  32.0424
 543	 -3.05986	 -29.0842	 -26.03054	  32.03054
 544	  0.00643	  13.18617	 -13.28757	  19.28757
 545	  0.00643	  13.18609	 -13.29101	  19.29101
 546	  0.00643	  13.18826	 -13.29061	  19.29061
 546	  0.00643	  13.18826	 -13.29061	  19.29061
 547	  0.00643	  13.19071	 -13.28757	  19.28757
 544	  0.00643	  13.18617	 -13.28757	  19.28757
 546	  0.00643	  13.18826	 -13.29061	  19.29061
 548	  0.00643	  13.19218	 -13.28768	  19.28768
 547	  0.00643	  13.19071	 -13.28757	  19.28757
 549	  0.00679	  13.22395	 -13.28888	  19.28888
 550	  0.00743	  13.22126	 -13.28884	  19.28884
 551	  0.00484	  13.22747	 -13.29141	  19.29141
 552	  0.00078	  13.23715	 -13.29441	  19.29441
 549	  0.00679	  13.22395	 -13.28888	  19.28888
 551	  0.00484	  13.22747	 -13.29141	  19.29141
 552	  0.00078	  13.23715	 -13.29441	  19.29441
 551	  0.00484	  13.22747	 -13.29141	  19.29141
 553	  0.0026	  13.23061	 -13.29369	  19.29369
 554	  0.00052	  13.23707	 -13.29474	  19.29474
 552	  0.00078	  13.23715	 -13.29441	  19.29441
 553	  0.0026	  13.23061	 -13.29369	  19.29369
 553	  0.0026	  13.23061	 -13.29369	  19.29369
 555	  0.00053	  13.23606	 -13.29492	  19.29492
 554	  0.00052	  13.23707	 -13.29474	  19.29474
 556	  0.00078	  13.2341	 -13.29499	  19.29499
 555	  0.00053	  13.23606	 -13.29492	  19.29492
 553	  0.0026	  13.23061	 -13.29369	  19.29369
 553	  0.0026	  13.23061	 -13.29369	  19.29369
 557	  0.001	  13.23238	 -13.29502	  19.29502
 556	  0.00078	  13.2341	 -13.29499	  19.29499
 558	  0.00133	  13.23008	 -13.29496	  19.29496
 557	  0.001	  13.23238	 -13.29502	  19.29502
 553	  0.0026	  13.23061	 -13.29369	  19.29369
 559	  0.01157	  13.22408	 -13.28889	  19.28889
 560	  0.01293	  13.22368	 -13.2889	  19.2889
 561	  0.00835	  13.2365	 -13.29435	  19.29435
 561	  0.00835	  13.2365	 -13.29435	  19.29435
 562	  0.00768	  13.23689	 -13.29434	  19.29434
 559	  0.01157	  13.22408	 -13.28889	  19.28889
 562	  0.00768	  13.23689	 -13.29434	  19.29434
 561	  0.00835	  13.2365	 -13.29435	  19.29435
 563	  0.00783	  13.23641	 -13.29481	  19.29481
 563	  0.00783	  13.23641	 -13.29481	  19.29481
 564	  0.00704	  13.23689	 -13.2948	  19.2948
 562	  0.00768	  13.23689	 -13.29434	  19.29434
 564	  0.00704	  13.23689	 -13.2948	  19.2948
 563	  0.00783	  13.23641	 -13.29481	  19.29481
 565	  0.00737	  13.23502	 -13.29496	  19.29496
 565	  0.00737	  13.23502	 -13.29496	  19.29496
 566	  0.00663	  13.236	 -13.29494	  19.29494
 564	  0.00704	  13.23689	 -13.2948	  19.2948
 566	  0.00663	  13.236	 -13.29494	  19.29494
 565	  0.00737	  13.23502	 -13.29496	  19.29496
 567	  0.00685	  13.23325	 -13.29503	  19.29503
 567	  0.00685	  13.23325	 -13.29503	  19.29503
 568	  0.00606	  13.23436	 -13.29502	  19.29502
