 2886	 -591392.00	  7668.5835	 -35961.94922	  35968.01953
 2888	 -593360.9375	  7865.00244	 -36160.49609	  36166.57031
 2887	 -595327.9375	  8058.2915	 -36359.10156	  36365.17578
 2890	 -596029.25	  7733.69971	 -36147.96875	  36154.04297
 2891	 -594074.625	  7536.82861	 -35945.6875	  35951.75781
 2889	 -592117.8125	  7336.80713	 -35743.4375	  35749.50781
 2888	 -593360.9375	  7865.00244	 -36160.49609	  36166.57031
 2890	 -596029.25	  7733.69971	 -36147.96875	  36154.04297
 2891	 -594074.625	  7536.82861	 -35945.6875	  35951.75781
 2888	 -593360.9375	  7865.00244	 -36160.49609	  36166.57031
 2891	 -594074.625	  7536.82861	 -35945.6875	  35951.75781
 2892	 -592827.875	  7024.68018	 -35535.25	  35541.32031
 2889	 -592117.8125	  7336.80713	 -35743.4375	  35749.50781
 2891	 -594074.625	  7536.82861	 -35945.6875	  35951.75781
 2890	 -596029.25	  7733.69971	 -36147.96875	  36154.04297
 2893	 -596710.125	  7429.92334	 -35948.35938	  35954.42969
 2894	 -594769.875	  7228.88818	 -35741.78906	  35747.85938
 2892	 -592827.875	  7024.68018	 -35535.25	  35541.32031
 2891	 -594074.625	  7536.82861	 -35945.6875	  35951.75781
 2893	 -596710.125	  7429.92334	 -35948.35938	  35954.42969
 2894	 -594769.875	  7228.88818	 -35741.78906	  35747.85938
 2891	 -594074.625	  7536.82861	 -35945.6875	  35951.75781
 2894	 -594769.875	  7228.88818	 -35741.78906	  35747.85938
 2895	 -593519.3125	  6734.49854	 -35338.53906	  35344.60938
 2892	 -592827.875	  7024.68018	 -35535.25	  35541.32031
 2896	 -595443.3125	  6943.79541	 -35550.23047	  35556.30078
 2895	 -593519.3125	  6734.49854	 -35338.53906	  35344.60938
 2894	 -594769.875	  7228.88818	 -35741.78906	  35747.85938
 2893	 -596710.125	  7429.92334	 -35948.35938	  35954.42969
 2896	 -595443.3125	  6943.79541	 -35550.23047	  35556.30078
 2894	 -594769.875	  7228.88818	 -35741.78906	  35747.85938
 2897	 -597366.00	  7149.71338	 -35761.8125	  35767.88281
 2896	 -595443.3125	  6943.79541	 -35550.23047	  35556.30078
 2893	 -596710.125	  7429.92334	 -35948.35938	  35954.42969
 2898	 -576072.9375	  17847.52539	 -43056.74219	  43062.82813
 2899	 -574560.875	  17451.29492	 -42643.66016	  42649.74609
 2900	 -573981.0625	  17693.47852	 -42901.82422	  42907.91016
 2901	 -576691.125	  17588.85742	 -42781.64063	  42787.72656
 2899	 -574560.875	  17451.29492	 -42643.66016	  42649.74609
 2898	 -576072.9375	  17847.52539	 -43056.74219	  43062.82813
 2902	 -578163.50	  17998.19336	 -43211.55469	  43217.64063
 2901	 -576691.125	  17588.85742	 -42781.64063	  42787.72656
 2898	 -576072.9375	  17847.52539	 -43056.74219	  43062.82813
 2903	 -578819.125	  17723.25195	 -42919.73438	  42925.82031
 2901	 -576691.125	  17588.85742	 -42781.64063	  42787.72656
 2902	 -578163.50	  17998.19336	 -43211.55469	  43217.64063
 2901	 -576691.125	  17588.85742	 -42781.64063	  42787.72656
 2904	 -575056.8125	  17187.36133	 -42392.98438	  42399.07031
 2899	 -574560.875	  17451.29492	 -42643.66016	  42649.74609
 2901	 -576691.125	  17588.85742	 -42781.64063	  42787.72656
 2903	 -578819.125	  17723.25195	 -42919.73438	  42925.82031
 2905	 -579371.0625	  17431.64844	 -42640.65625	  42646.74219
 2906	 -577214.875	  17311.0625	 -42516.75391	  42522.83984
 2904	 -575056.8125	  17187.36133	 -42392.98438	  42399.07031
 2901	 -576691.125	  17588.85742	 -42781.64063	  42787.72656
 2905	 -579371.0625	  17431.64844	 -42640.65625	  42646.74219
 2906	 -577214.875	  17311.0625	 -42516.75391	  42522.83984
 2901	 -576691.125	  17588.85742	 -42781.64063	  42787.72656
 2906	 -577214.875	  17311.0625	 -42516.75391	  42522.83984
 2907	 -575499.50	  16897.63086	 -42143.4375	  42149.52344
 2904	 -575056.8125	  17187.36133	 -42392.98438	  42399.07031
 2906	 -577214.875	  17311.0625	 -42516.75391	  42522.83984
 2905	 -579371.0625	  17431.64844	 -42640.65625	  42646.74219
 2908	 -579849.50	  17122.25977	 -42370.92969	  42377.01563
 2909	 -577675.50	  17011.49805	 -42257.11719	  42263.20313
 2907	 -575499.50	  16897.63086	 -42143.4375	  42149.52344
 2906	 -577214.875	  17311.0625	 -42516.75391	  42522.83984
 2908	 -579849.50	  17122.25977	 -42370.92969	  42377.01563
 2909	 -577675.50	  17011.49805	 -42257.11719	  42263.20313
 2906	 -577214.875	  17311.0625	 -42516.75391	  42522.83984
 2909	 -577675.50	  17011.49805	 -42257.11719	  42263.20313
 2910	 -575919.4375	  16578.49023	 -41889.08984	  41895.17188
 2907	 -575499.50	  16897.63086	 -42143.4375	  42149.52344
 2909	 -577675.50	  17011.49805	 -42257.11719	  42263.20313
 2908	 -579849.50	  17122.25977	 -42370.92969	  42377.01563
 2911	 -580286.00	  16793.54297	 -42106.75	  42112.83594
 2912	 -578103.6875	  16687.55859	 -41997.85156	  42003.9375
 2910	 -575919.4375	  16578.49023	 -41889.08984	  41895.17188
 2909	 -577675.50	  17011.49805	 -42257.11719	  42263.20313
 2911	 -580286.00	  16793.54297	 -42106.75	  42112.83594
 2912	 -578103.6875	  16687.55859	 -41997.85156	  42003.9375
 2909	 -577675.50	  17011.49805	 -42257.11719	  42263.20313
 2912	 -578103.6875	  16687.55859	 -41997.85156	  42003.9375
 2913	 -576347.1875	  16227.05664	 -41624.75781	  41630.83984
 2910	 -575919.4375	  16578.49023	 -41889.08984	  41895.17188
 2911	 -580286.00	  16793.54297	 -42106.75	  42112.83594
 2914	 -578530.50	  16336.65234	 -41734.08984	  41740.17188
 2912	 -578103.6875	  16687.55859	 -41997.85156	  42003.9375
 2914	 -578530.50	  16336.65234	 -41734.08984	  41740.17188
 2913	 -576347.1875	  16227.05664	 -41624.75781	  41630.83984
 2912	 -578103.6875	  16687.55859	 -41997.85156	  42003.9375
 2915	 -580711.75	  16443.20313	 -41843.57031	  41849.65234
 2914	 -578530.50	  16336.65234	 -41734.08984	  41740.17188
 2911	 -580286.00	  16793.54297	 -42106.75	  42112.83594
 2914	 -578530.50	  16336.65234	 -41734.08984	  41740.17188
 2916	 -576812.50	  15841.15039	 -41346.00	  41352.08203
 2913	 -576347.1875	  16227.05664	 -41624.75781	  41630.83984
 2915	 -580711.75	  16443.20313	 -41843.57031	  41849.65234
 2917	 -578986.50	  15956.15625	 -41460.89844	  41466.98047
 2914	 -578530.50	  16336.65234	 -41734.08984	  41740.17188
 2917	 -578986.50	  15956.15625	 -41460.89844	  41466.98047
 2916	 -576812.50	  15841.15039	 -41346.00	  41352.08203
 2914	 -578530.50	  16336.65234	 -41734.08984	  41740.17188
 2917	 -578986.50	  15956.15625	 -41460.89844	  41466.98047
 2915	 -580711.75	  16443.20313	 -41843.57031	  41849.65234
 2918	 -581158.50	  16068.14453	 -41575.96094	  41582.04297
 2917	 -578986.50	  15956.15625	 -41460.89844	  41466.98047
 2919	 -577345.8125	  15419.26758	 -41049.04297	  41055.125
 2916	 -576812.50	  15841.15039	 -41346.00	  41352.08203
 2917	 -578986.50	  15956.15625	 -41460.89844	  41466.98047
 2918	 -581158.50	  16068.14453	 -41575.96094	  41582.04297
 2920	 -581657.25	  15664.85059	 -41298.12891	  41304.21094
 2921	 -579502.4375	  15543.53809	 -41173.47656	  41179.55859
 2919	 -577345.8125	  15419.26758	 -41049.04297	  41055.125
 2917	 -578986.50	  15956.15625	 -41460.89844	  41466.98047
 2920	 -581657.25	  15664.85059	 -41298.12891	  41304.21094
 2921	 -579502.4375	  15543.53809	 -41173.47656	  41179.55859
 2917	 -578986.50	  15956.15625	 -41460.89844	  41466.98047
 2921	 -579502.4375	  15543.53809	 -41173.47656	  41179.55859
 2922	 -577977.125	  14960.03027	 -40730.26953	  40736.35156
 2919	 -577345.8125	  15419.26758	 -41049.04297	  41055.125
 2921	 -579502.4375	  15543.53809	 -41173.47656	  41179.55859
 2920	 -581657.25	  15664.85059	 -41298.12891	  41304.21094
 2923	 -582240.625	  15229.42188	 -41003.82813	  41009.91016
 2924	 -580110.0625	  15096.23438	 -40866.97656	  40873.05859
 2922	 -577977.125	  14960.03027	 -40730.26953	  40736.35156
 2921	 -579502.4375	  15543.53809	 -41173.47656	  41179.55859
 2923	 -582240.625	  15229.42188	 -41003.82813	  41009.91016
 2924	 -580110.0625	  15096.23438	 -40866.97656	  40873.05859
 2921	 -579502.4375	  15543.53809	 -41173.47656	  41179.55859
 2924	 -580110.0625	  15096.23438	 -40866.97656	  40873.05859
 2925	 -578736.00	  14462.2627	 -40386.24219	  40392.32422
 2922	 -577977.125	  14960.03027	 -40730.26953	  40736.35156
 2924	 -580110.0625	  15096.23438	 -40866.97656	  40873.05859
 2923	 -582240.625	  15229.42188	 -41003.82813	  41009.91016
 2926	 -582939.9375	  14757.97461	 -40686.85938	  40692.94141
 2927	 -580839.0625	  14611.62305	 -40536.47656	  40542.55859
 2925	 -578736.00	  14462.2627	 -40386.24219	  40392.32422
 2924	 -580110.0625	  15096.23438	 -40866.97656	  40873.05859
 2926	 -582939.9375	  14757.97461	 -40686.85938	  40692.94141
 2927	 -580839.0625	  14611.62305	 -40536.47656	  40542.55859
 2924	 -580110.0625	  15096.23438	 -40866.97656	  40873.05859
 2927	 -580839.0625	  14611.62305	 -40536.47656	  40542.55859
 2928	 -579651.9375	  13924.17285	 -40012.98047	  40019.05859
 2925	 -578736.00	  14462.2627	 -40386.24219	  40392.32422
 2929	 -581720.6875	  14087.31055	 -40177.23828	  40183.32031
 2928	 -579651.9375	  13924.17285	 -40012.98047	  40019.05859
 2927	 -580839.0625	  14611.62305	 -40536.47656	  40542.55859
 2926	 -582939.9375	  14757.97461	 -40686.85938	  40692.94141
 2929	 -581720.6875	  14087.31055	 -40177.23828	  40183.32031
 2927	 -580839.0625	  14611.62305	 -40536.47656	  40542.55859
 2930	 -583787.875	  14247.08398	 -40341.40625	  40347.48828
 2929	 -581720.6875	  14087.31055	 -40177.23828	  40183.32031
 2926	 -582939.9375	  14757.97461	 -40686.85938	  40692.94141
 2931	 -568214.8125	  19084.88477	 -45811.80469	  45817.89453
 2932	 -567107.6875	  18830.89648	 -45287.17188	  45293.26172
 2933	 -566151.4375	  18919.71484	 -45645.44531	  45651.53516
 2934	 -569151.5625	  19003.22461	 -45460.69141	  45466.78125
 2932	 -567107.6875	  18830.89648	 -45287.17188	  45293.26172
 2931	 -568214.8125	  19084.88477	 -45811.80469	  45817.89453
 2935	 -570276.625	  19246.68555	 -45978.05078	  45984.14453
 2934	 -569151.5625	  19003.22461	 -45460.69141	  45466.78125
 2931	 -568214.8125	  19084.88477	 -45811.80469	  45817.89453
 2936	 -571193.4375	  19172.24023	 -45634.35938	  45640.44922
 2934	 -569151.5625	  19003.22461	 -45460.69141	  45466.78125
 2935	 -570276.625	  19246.68555	 -45978.05078	  45984.14453
 2934	 -569151.5625	  19003.22461	 -45460.69141	  45466.78125
 2937	 -568019.3125	  18747.53906	 -44962.3125	  44968.40234
 2932	 -567107.6875	  18830.89648	 -45287.17188	  45293.26172
 2934	 -569151.5625	  19003.22461	 -45460.69141	  45466.78125
 2936	 -571193.4375	  19172.24023	 -45634.35938	  45640.44922
 2938	 -572067.75	  19101.80469	 -45322.79688	  45328.88672
 2939	 -570044.50	  18926.33984	 -45142.50391	  45148.59375
 2937	 -568019.3125	  18747.53906	 -44962.3125	  44968.40234
 2934	 -569151.5625	  19003.22461	 -45460.69141	  45466.78125
 2938	 -572067.75	  19101.80469	 -45322.79688	  45328.88672
 2939	 -570044.50	  18926.33984	 -45142.50391	  45148.59375
 2934	 -569151.5625	  19003.22461	 -45460.69141	  45466.78125
 2939	 -570044.50	  18926.33984	 -45142.50391	  45148.59375
 2940	 -568888.1875	  18664.92383	 -44665.54688	  44671.63672
 2937	 -568019.3125	  18747.53906	 -44962.3125	  44968.40234
 2939	 -570044.50	  18926.33984	 -45142.50391	  45148.59375
 2938	 -572067.75	  19101.80469	 -45322.79688	  45328.88672
 2941	 -572905.375	  19029.57813	 -45036.72266	  45042.8125
 2942	 -570897.75	  18848.92969	 -44851.10156	  44857.19141
 2940	 -568888.1875	  18664.92383	 -44665.54688	  44671.63672
 2939	 -570044.50	  18926.33984	 -45142.50391	  45148.59375
 2941	 -572905.375	  19029.57813	 -45036.72266	  45042.8125
 2942	 -570897.75	  18848.92969	 -44851.10156	  44857.19141
 2939	 -570044.50	  18926.33984	 -45142.50391	  45148.59375
 2942	 -570897.75	  18848.92969	 -44851.10156	  44857.19141
 2943	 -569715.8125	  18578.35156	 -44391.48047	  44397.57031
 2940	 -568888.1875	  18664.92383	 -44665.54688	  44671.63672
 2942	 -570897.75	  18848.92969	 -44851.10156	  44857.19141
 2941	 -572905.375	  19029.57813	 -45036.72266	  45042.8125
 2944	 -573712.3125	  18949.63086	 -44769.49219	  44775.58203
 2945	 -571714.9375	  18765.64258	 -44580.44141	  44586.53125
 2943	 -569715.8125	  18578.35156	 -44391.48047	  44397.57031
 2942	 -570897.75	  18848.92969	 -44851.10156	  44857.19141
 2944	 -573712.3125	  18949.63086	 -44769.49219	  44775.58203
 2945	 -571714.9375	  18765.64258	 -44580.44141	  44586.53125
 2942	 -570897.75	  18848.92969	 -44851.10156	  44857.19141
 2945	 -571714.9375	  18765.64258	 -44580.44141	  44586.53125
 2946	 -570503.50	  18482.98828	 -44134.59375	  44140.68359
 2943	 -569715.8125	  18578.35156	 -44391.48047	  44397.57031
 2944	 -573712.3125	  18949.63086	 -44769.49219	  44775.58203
 2947	 -572499.875	  18671.25977	 -44324.57422	  44330.66406
 2945	 -571714.9375	  18765.64258	 -44580.44141	  44586.53125
 2947	 -572499.875	  18671.25977	 -44324.57422	  44330.66406
 2946	 -570503.50	  18482.98828	 -44134.59375	  44140.68359
 2945	 -571714.9375	  18765.64258	 -44580.44141	  44586.53125
 2948	 -574494.0625	  18856.21289	 -44514.61328	  44520.70313
 2947	 -572499.875	  18671.25977	 -44324.57422	  44330.66406
 2944	 -573712.3125	  18949.63086	 -44769.49219	  44775.58203
 2947	 -572499.875	  18671.25977	 -44324.57422	  44330.66406
 2949	 -571254.625	  18373.97461	 -43889.30078	  43895.38672
 2946	 -570503.50	  18482.98828	 -44134.59375	  44140.68359
 2948	 -574494.0625	  18856.21289	 -44514.61328	  44520.70313
 2950	 -573256.25	  18560.47852	 -44077.48047	  44083.57031
 2947	 -572499.875	  18671.25977	 -44324.57422	  44330.66406
 2950	 -573256.25	  18560.47852	 -44077.48047	  44083.57031
 2949	 -571254.625	  18373.97461	 -43889.30078	  43895.38672
 2947	 -572499.875	  18671.25977	 -44324.57422	  44330.66406
 2950	 -573256.25	  18560.47852	 -44077.48047	  44083.57031
 2948	 -574494.0625	  18856.21289	 -44514.61328	  44520.70313
 2951	 -575255.9375	  18743.65039	 -44265.6875	  44271.77734
 2950	 -573256.25	  18560.47852	 -44077.48047	  44083.57031
 2952	 -571972.125	  18246.1582	 -43649.75	  43655.83594
 2949	 -571254.625	  18373.97461	 -43889.30078	  43895.38672
 2950	 -573256.25	  18560.47852	 -44077.48047	  44083.57031
 2951	 -575255.9375	  18743.65039	 -44265.6875	  44271.77734
 2953	 -576002.00	  18606.50781	 -44016.57031	  44022.66016
 2954	 -573988.0625	  18427.97656	 -43833.12891	  43839.21484
 2952	 -571972.125	  18246.1582	 -43649.75	  43655.83594
 2950	 -573256.25	  18560.47852	 -44077.48047	  44083.57031
 2953	 -576002.00	  18606.50781	 -44016.57031	  44022.66016
 2954	 -573988.0625	  18427.97656	 -43833.12891	  43839.21484
 2950	 -573256.25	  18560.47852	 -44077.48047	  44083.57031
 2954	 -573988.0625	  18427.97656	 -43833.12891	  43839.21484
 2955	 -572661.3125	  18094.01563	 -43409.67969	  43415.76563
 2952	 -571972.125	  18246.1582	 -43649.75	  43655.83594
 2954	 -573988.0625	  18427.97656	 -43833.12891	  43839.21484
 2953	 -576002.00	  18606.50781	 -44016.57031	  44022.66016
 2956	 -576734.625	  18439.75977	 -43761.51563	  43767.60156
 2957	 -574698.9375	  18268.5332	 -43585.57813	  43591.66406
 2955	 -572661.3125	  18094.01563	 -43409.67969	  43415.76563
 2954	 -573988.0625	  18427.97656	 -43833.12891	  43839.21484
 2956	 -576734.625	  18439.75977	 -43761.51563	  43767.60156
 2957	 -574698.9375	  18268.5332	 -43585.57813	  43591.66406
 2954	 -573988.0625	  18427.97656	 -43833.12891	  43839.21484
 2957	 -574698.9375	  18268.5332	 -43585.57813	  43591.66406
 2958	 -573328.875	  17911.80469	 -43162.63281	  43168.71875
 2955	 -572661.3125	  18094.01563	 -43409.67969	  43415.76563
 2957	 -574698.9375	  18268.5332	 -43585.57813	  43591.66406
 2956	 -576734.625	  18439.75977	 -43761.51563	  43767.60156
 2959	 -577454.75	  18238.45313	 -43494.87109	  43500.95703
 2960	 -575392.6875	  18076.75781	 -43328.73047	  43334.81641
 2958	 -573328.875	  17911.80469	 -43162.63281	  43168.71875
 2957	 -574698.9375	  18268.5332	 -43585.57813	  43591.66406
 2959	 -577454.75	  18238.45313	 -43494.87109	  43500.95703
 2960	 -575392.6875	  18076.75781	 -43328.73047	  43334.81641
 2957	 -574698.9375	  18268.5332	 -43585.57813	  43591.66406
 2960	 -575392.6875	  18076.75781	 -43328.73047	  43334.81641
 2961	 -573981.0625	  17693.47852	 -42901.82422	  42907.91016
 2958	 -573328.875	  17911.80469	 -43162.63281	  43168.71875
 2962	 -576072.9375	  17847.52539	 -43056.74219	  43062.82813
 2961	 -573981.0625	  17693.47852	 -42901.82422	  42907.91016
 2960	 -575392.6875	  18076.75781	 -43328.73047	  43334.81641
 2959	 -577454.75	  18238.45313	 -43494.87109	  43500.95703
 2962	 -576072.9375	  17847.52539	 -43056.74219	  43062.82813
 2960	 -575392.6875	  18076.75781	 -43328.73047	  43334.81641
 2963	 -578163.50	  17998.19336	 -43211.55469	  43217.64063
 2962	 -576072.9375	  17847.52539	 -43056.74219	  43062.82813
 2959	 -577454.75	  18238.45313	 -43494.87109	  43500.95703
 2964	 -562382.25	  19232.7832	 -48002.16406	  48008.26172
 2965	 -560950.5625	  19061.625	 -47593.29297	  47599.38672
 2966	 -560317.75	  19068.09766	 -47836.31641	  47842.41016
 2967	 -563010.50	  19228.20898	 -47760.93359	  47767.02734
 2965	 -560950.5625	  19061.625	 -47593.29297	  47599.38672
 2964	 -562382.25	  19232.7832	 -48002.16406	  48008.26172
 2968	 -564445.3125	  19394.07617	 -48167.90234	  48174.00
 2967	 -563010.50	  19228.20898	 -47760.93359	  47767.02734
 2964	 -562382.25	  19232.7832	 -48002.16406	  48008.26172
 2969	 -565068.4375	  19391.41602	 -47928.62109	  47934.71875
 2967	 -563010.50	  19228.20898	 -47760.93359	  47767.02734
 2968	 -564445.3125	  19394.07617	 -48167.90234	  48174.00
 2967	 -563010.50	  19228.20898	 -47760.93359	  47767.02734
 2970	 -561582.125	  19056.22461	 -47353.72656	  47359.82031
 2965	 -560950.5625	  19061.625	 -47593.29297	  47599.38672
 2967	 -563010.50	  19228.20898	 -47760.93359	  47767.02734
 2969	 -565068.4375	  19391.41602	 -47928.62109	  47934.71875
 2971	 -565691.625	  19389.10156	 -47692.23828	  47698.33203
 2972	 -563637.9375	  19224.35938	 -47522.96094	  47529.05469
 2970	 -561582.125	  19056.22461	 -47353.72656	  47359.82031
 2967	 -563010.50	  19228.20898	 -47760.93359	  47767.02734
 2971	 -565691.625	  19389.10156	 -47692.23828	  47698.33203
 2972	 -563637.9375	  19224.35938	 -47522.96094	  47529.05469
 2967	 -563010.50	  19228.20898	 -47760.93359	  47767.02734
 2972	 -563637.9375	  19224.35938	 -47522.96094	  47529.05469
 2973	 -562208.9375	  19050.79297	 -47118.37109	  47124.46484
 2970	 -561582.125	  19056.22461	 -47353.72656	  47359.82031
 2972	 -563637.9375	  19224.35938	 -47522.96094	  47529.05469
 2971	 -565691.625	  19389.10156	 -47692.23828	  47698.33203
 2974	 -566312.1875	  19385.99414	 -47459.27734	  47465.37109
 2975	 -564261.5625	  19220.08008	 -47288.79688	  47294.89063
 2973	 -562208.9375	  19050.79297	 -47118.37109	  47124.46484
 2972	 -563637.9375	  19224.35938	 -47522.96094	  47529.05469
 2974	 -566312.1875	  19385.99414	 -47459.27734	  47465.37109
 2975	 -564261.5625	  19220.08008	 -47288.79688	  47294.89063
 2972	 -563637.9375	  19224.35938	 -47522.96094	  47529.05469
 2975	 -564261.5625	  19220.08008	 -47288.79688	  47294.89063
 2976	 -562827.1875	  19044.22461	 -46887.90625	  46894.00
 2973	 -562208.9375	  19050.79297	 -47118.37109	  47124.46484
 2975	 -564261.5625	  19220.08008	 -47288.79688	  47294.89063
 2974	 -566312.1875	  19385.99414	 -47459.27734	  47465.37109
 2977	 -566926.125	  19380.96484	 -47230.39063	  47236.48438
 2978	 -564877.8125	  19214.27344	 -47059.11328	  47065.20703
 2976	 -562827.1875	  19044.22461	 -46887.90625	  46894.00
 2975	 -564261.5625	  19220.08008	 -47288.79688	  47294.89063
 2977	 -566926.125	  19380.96484	 -47230.39063	  47236.48438
 2978	 -564877.8125	  19214.27344	 -47059.11328	  47065.20703
 2975	 -564261.5625	  19220.08008	 -47288.79688	  47294.89063
 2978	 -564877.8125	  19214.27344	 -47059.11328	  47065.20703
 2979	 -563433.4375	  19035.37305	 -46662.93359	  46669.02734
 2976	 -562827.1875	  19044.22461	 -46887.90625	  46894.00
 2977	 -566926.125	  19380.96484	 -47230.39063	  47236.48438
 2980	 -565482.6875	  19205.82031	 -46834.55859	  46840.65234
 2978	 -564877.8125	  19214.27344	 -47059.11328	  47065.20703
 2980	 -565482.6875	  19205.82031	 -46834.55859	  46840.65234
 2979	 -563433.4375	  19035.37305	 -46662.93359	  46669.02734
 2978	 -564877.8125	  19214.27344	 -47059.11328	  47065.20703
 2981	 -567530.0625	  19372.90625	 -47006.24219	  47012.33594
 2980	 -565482.6875	  19205.82031	 -46834.55859	  46840.65234
 2977	 -566926.125	  19380.96484	 -47230.39063	  47236.48438
 2980	 -565482.6875	  19205.82031	 -46834.55859	  46840.65234
 2982	 -564023.75	  19023.18945	 -46444.19141	  46450.28516
 2979	 -563433.4375	  19035.37305	 -46662.93359	  46669.02734
 2981	 -567530.0625	  19372.90625	 -47006.24219	  47012.33594
 2983	 -566073.00	  19193.625	 -46615.8125	  46621.90625
 2980	 -565482.6875	  19205.82031	 -46834.55859	  46840.65234
 2983	 -566073.00	  19193.625	 -46615.8125	  46621.90625
 2982	 -564023.75	  19023.18945	 -46444.19141	  46450.28516
 2980	 -565482.6875	  19205.82031	 -46834.55859	  46840.65234
 2983	 -566073.00	  19193.625	 -46615.8125	  46621.90625
 2981	 -567530.0625	  19372.90625	 -47006.24219	  47012.33594
 2984	 -568120.4375	  19360.67188	 -46787.45313	  46793.54688
 2983	 -566073.00	  19193.625	 -46615.8125	  46621.90625
 2985	 -564594.4375	  19006.58203	 -46232.35547	  46238.44922
 2982	 -564023.75	  19023.18945	 -46444.19141	  46450.28516
 2983	 -566073.00	  19193.625	 -46615.8125	  46621.90625
 2984	 -568120.4375	  19360.67188	 -46787.45313	  46793.54688
 2986	 -568693.8125	  19343.12305	 -46574.65625	  46580.75
 2987	 -566645.125	  19176.54883	 -46403.50	  46409.59375
 2985	 -564594.4375	  19006.58203	 -46232.35547	  46238.44922
 2983	 -566073.00	  19193.625	 -46615.8125	  46621.90625
 2986	 -568693.8125	  19343.12305	 -46574.65625	  46580.75
 2987	 -566645.125	  19176.54883	 -46403.50	  46409.59375
 2983	 -566073.00	  19193.625	 -46615.8125	  46621.90625
 2987	 -566645.125	  19176.54883	 -46403.50	  46409.59375
 2988	 -565141.875	  18984.49609	 -46028.14063	  46034.23438
 2985	 -564594.4375	  19006.58203	 -46232.35547	  46238.44922
 2987	 -566645.125	  19176.54883	 -46403.50	  46409.59375
 2986	 -568693.8125	  19343.12305	 -46574.65625	  46580.75
 2989	 -569246.3125	  19319.04492	 -46368.39844	  46374.49219
 2990	 -567194.8125	  19153.45508	 -46198.25	  46204.34375
 2988	 -565141.875	  18984.49609	 -46028.14063	  46034.23438
 2987	 -566645.125	  19176.54883	 -46403.50	  46409.59375
 2989	 -569246.3125	  19319.04492	 -46368.39844	  46374.49219
 2990	 -567194.8125	  19153.45508	 -46198.25	  46204.34375
 2987	 -566645.125	  19176.54883	 -46403.50	  46409.59375
 2990	 -567194.8125	  19153.45508	 -46198.25	  46204.34375
 2991	 -565662.00	  18955.86328	 -45832.25391	  45838.34375
 2988	 -565141.875	  18984.49609	 -46028.14063	  46034.23438
 2990	 -567194.8125	  19153.45508	 -46198.25	  46204.34375
 2989	 -569246.3125	  19319.04492	 -46368.39844	  46374.49219
 2992	 -569775.125	  19287.30859	 -46169.33984	  46175.43359
 2993	 -567719.50	  19123.26953	 -46000.78906	  46006.88281
 2991	 -565662.00	  18955.86328	 -45832.25391	  45838.34375
 2990	 -567194.8125	  19153.45508	 -46198.25	  46204.34375
 2992	 -569775.125	  19287.30859	 -46169.33984	  46175.43359
 2993	 -567719.50	  19123.26953	 -46000.78906	  46006.88281
 2990	 -567194.8125	  19153.45508	 -46198.25	  46204.34375
 2993	 -567719.50	  19123.26953	 -46000.78906	  46006.88281
 2994	 -566151.4375	  18919.71484	 -45645.44531	  45651.53516
 2991	 -565662.00	  18955.86328	 -45832.25391	  45838.34375
 2995	 -568214.8125	  19084.88477	 -45811.80469	  45817.89453
 2994	 -566151.4375	  18919.71484	 -45645.44531	  45651.53516
 2993	 -567719.50	  19123.26953	 -46000.78906	  46006.88281
 2992	 -569775.125	  19287.30859	 -46169.33984	  46175.43359
 2995	 -568214.8125	  19084.88477	 -45811.80469	  45817.89453
 2993	 -567719.50	  19123.26953	 -46000.78906	  46006.88281
 2996	 -570276.625	  19246.68555	 -45978.05078	  45984.14453
 2995	 -568214.8125	  19084.88477	 -45811.80469	  45817.89453
 2992	 -569775.125	  19287.30859	 -46169.33984	  46175.43359
 2997	 -556882.9375	  19562.70898	 -50443.84766	  50449.94922
 2998	 -555161.125	  19363.71484	 -50080.98438	  50087.08594
 2999	 -554714.6875	  19444.42383	 -50325.66797	  50331.76953
 3000	 -557315.125	  19489.68164	 -50206.92578	  50213.02734
 2998	 -555161.125	  19363.71484	 -50080.98438	  50087.08594
 2997	 -556882.9375	  19562.70898	 -50443.84766	  50449.94922
 3001	 -559049.625	  19677.64258	 -50561.94531	  50568.04688
 3000	 -557315.125	  19489.68164	 -50206.92578	  50213.02734
 2997	 -556882.9375	  19562.70898	 -50443.84766	  50449.94922
 3002	 -559467.125	  19612.36914	 -50332.98828	  50339.08984
 3000	 -557315.125	  19489.68164	 -50206.92578	  50213.02734
 3001	 -559049.625	  19677.64258	 -50561.94531	  50568.04688
 3000	 -557315.125	  19489.68164	 -50206.92578	  50213.02734
 3003	 -555642.75	  19295.73242	 -49833.75	  49839.85156
 2998	 -555161.125	  19363.71484	 -50080.98438	  50087.08594
 3000	 -557315.125	  19489.68164	 -50206.92578	  50213.02734
 3002	 -559467.125	  19612.36914	 -50332.98828	  50339.08984
 3004	 -559921.375	  19558.07031	 -50099.80469	  50105.90625
 3005	 -557783.0625	  19428.56641	 -49966.73438	  49972.83594
 3003	 -555642.75	  19295.73242	 -49833.75	  49839.85156
 3000	 -557315.125	  19489.68164	 -50206.92578	  50213.02734
 3004	 -559921.375	  19558.07031	 -50099.80469	  50105.90625
 3005	 -557783.0625	  19428.56641	 -49966.73438	  49972.83594
 3000	 -557315.125	  19489.68164	 -50206.92578	  50213.02734
 3005	 -557783.0625	  19428.56641	 -49966.73438	  49972.83594
 3006	 -556155.625	  19239.33789	 -49584.64844	  49590.74609
 3003	 -555642.75	  19295.73242	 -49833.75	  49839.85156
 3005	 -557783.0625	  19428.56641	 -49966.73438	  49972.83594
 3004	 -559921.375	  19558.07031	 -50099.80469	  50105.90625
 3007	 -560408.875	  19513.70703	 -49863.05859	  49869.16016
 3008	 -558283.3125	  19378.18359	 -49723.8125	  49729.91016
 3006	 -556155.625	  19239.33789	 -49584.64844	  49590.74609
 3005	 -557783.0625	  19428.56641	 -49966.73438	  49972.83594
 3007	 -560408.875	  19513.70703	 -49863.05859	  49869.16016
 3008	 -558283.3125	  19378.18359	 -49723.8125	  49729.91016
 3005	 -557783.0625	  19428.56641	 -49966.73438	  49972.83594
 3008	 -558283.3125	  19378.18359	 -49723.8125	  49729.91016
 3009	 -556696.0625	  19193.28906	 -49334.21094	  49340.30859
 3006	 -556155.625	  19239.33789	 -49584.64844	  49590.74609
 3008	 -558283.3125	  19378.18359	 -49723.8125	  49729.91016
 3007	 -560408.875	  19513.70703	 -49863.05859	  49869.16016
 3010	 -560925.6875	  19478.25977	 -49623.50781	  49629.60547
 3011	 -558811.875	  19337.44336	 -49478.81641	  49484.91406
 3009	 -556696.0625	  19193.28906	 -49334.21094	  49340.30859
 3008	 -558283.3125	  19378.18359	 -49723.8125	  49729.91016
 3010	 -560925.6875	  19478.25977	 -49623.50781	  49629.60547
 3011	 -558811.875	  19337.44336	 -49478.81641	  49484.91406
 3008	 -558283.3125	  19378.18359	 -49723.8125	  49729.91016
 3011	 -558811.875	  19337.44336	 -49478.81641	  49484.91406
 3012	 -557260.6875	  19156.38281	 -49083.00	  49089.09766
 3009	 -556696.0625	  19193.28906	 -49334.21094	  49340.30859
 3010	 -560925.6875	  19478.25977	 -49623.50781	  49629.60547
 3013	 -559365.5625	  19305.22461	 -49232.41797	  49238.51563
 3011	 -558811.875	  19337.44336	 -49478.81641	  49484.91406
 3013	 -559365.5625	  19305.22461	 -49232.41797	  49238.51563
 3012	 -557260.6875	  19156.38281	 -49083.00	  49089.09766
 3011	 -558811.875	  19337.44336	 -49478.81641	  49484.91406
 3014	 -561468.4375	  19450.69727	 -49381.89063	  49387.98828
 3013	 -559365.5625	  19305.22461	 -49232.41797	  49238.51563
 3010	 -560925.6875	  19478.25977	 -49623.50781	  49629.60547
 3013	 -559365.5625	  19305.22461	 -49232.41797	  49238.51563
 3015	 -557845.625	  19127.43164	 -48831.60156	  48837.69922
 3012	 -557260.6875	  19156.38281	 -49083.00	  49089.09766
 3014	 -561468.4375	  19450.69727	 -49381.89063	  49387.98828
 3016	 -559940.75	  19280.39648	 -48985.25	  48991.34766
 3013	 -559365.5625	  19305.22461	 -49232.41797	  49238.51563
 3016	 -559940.75	  19280.39648	 -48985.25	  48991.34766
 3015	 -557845.625	  19127.43164	 -48831.60156	  48837.69922
 3013	 -559365.5625	  19305.22461	 -49232.41797	  49238.51563
 3016	 -559940.75	  19280.39648	 -48985.25	  48991.34766
 3014	 -561468.4375	  19450.69727	 -49381.89063	  49387.98828
 3017	 -562033.6875	  19429.97461	 -49138.94141	  49145.03906
 3016	 -559940.75	  19280.39648	 -48985.25	  48991.34766
 3018	 -558447.375	  19105.31055	 -48580.65234	  48586.75
 3015	 -557845.625	  19127.43164	 -48831.60156	  48837.69922
 3016	 -559940.75	  19280.39648	 -48985.25	  48991.34766
 3017	 -562033.6875	  19429.97461	 -49138.94141	  49145.03906
 3019	 -562617.75	  19415.02148	 -48895.35156	  48901.44922
 3020	 -560533.5625	  19261.8418	 -48737.96094	  48744.05859
 3018	 -558447.375	  19105.31055	 -48580.65234	  48586.75
 3016	 -559940.75	  19280.39648	 -48985.25	  48991.34766
 3019	 -562617.75	  19415.02148	 -48895.35156	  48901.44922
 3020	 -560533.5625	  19261.8418	 -48737.96094	  48744.05859
 3016	 -559940.75	  19280.39648	 -48985.25	  48991.34766
 3020	 -560533.5625	  19261.8418	 -48737.96094	  48744.05859
 3021	 -559062.1875	  19088.79883	 -48330.70313	  48336.80078
 3018	 -558447.375	  19105.31055	 -48580.65234	  48586.75
 3020	 -560533.5625	  19261.8418	 -48737.96094	  48744.05859
 3019	 -562617.75	  19415.02148	 -48895.35156	  48901.44922
 3022	 -563216.625	  19404.7793	 -48651.84766	  48657.94531
 3023	 -561140.50	  19248.4707	 -48491.24219	  48497.33984
 3021	 -559062.1875	  19088.79883	 -48330.70313	  48336.80078
 3020	 -560533.5625	  19261.8418	 -48737.96094	  48744.05859
 3022	 -563216.625	  19404.7793	 -48651.84766	  48657.94531
 3023	 -561140.50	  19248.4707	 -48491.24219	  48497.33984
 3020	 -560533.5625	  19261.8418	 -48737.96094	  48744.05859
 3023	 -561140.50	  19248.4707	 -48491.24219	  48497.33984
 3024	 -559686.9375	  19076.76563	 -48082.40234	  48088.50
 3021	 -559062.1875	  19088.79883	 -48330.70313	  48336.80078
 3023	 -561140.50	  19248.4707	 -48491.24219	  48497.33984
 3022	 -563216.625	  19404.7793	 -48651.84766	  48657.94531
 3025	 -563827.25	  19398.18359	 -48409.13281	  48415.23047
 3026	 -561758.0625	  19239.17578	 -48245.75	  48251.84766
 3024	 -559686.9375	  19076.76563	 -48082.40234	  48088.50
 3023	 -561140.50	  19248.4707	 -48491.24219	  48497.33984
 3025	 -563827.25	  19398.18359	 -48409.13281	  48415.23047
 3026	 -561758.0625	  19239.17578	 -48245.75	  48251.84766
 3023	 -561140.50	  19248.4707	 -48491.24219	  48497.33984
 3026	 -561758.0625	  19239.17578	 -48245.75	  48251.84766
 3027	 -560317.75	  19068.09766	 -47836.31641	  47842.41016
 3024	 -559686.9375	  19076.76563	 -48082.40234	  48088.50
 3028	 -562382.25	  19232.7832	 -48002.16406	  48008.26172
 3027	 -560317.75	  19068.09766	 -47836.31641	  47842.41016
 3026	 -561758.0625	  19239.17578	 -48245.75	  48251.84766
 3025	 -563827.25	  19398.18359	 -48409.13281	  48415.23047
 3028	 -562382.25	  19232.7832	 -48002.16406	  48008.26172
 3026	 -561758.0625	  19239.17578	 -48245.75	  48251.84766
 3029	 -564445.3125	  19394.07617	 -48167.90234	  48174.00
 3028	 -562382.25	  19232.7832	 -48002.16406	  48008.26172
 3025	 -563827.25	  19398.18359	 -48409.13281	  48415.23047
 3030	 -553368.4375	  20624.38867	 -52915.61328	  52921.71875
 3031	 -551448.125	  20408.99414	 -52582.73047	  52588.83594
 3032	 -551146.0625	  20541.76758	 -52834.08594	  52840.19141
 3033	 -553668.0625	  20493.79883	 -52666.41016	  52672.51563
 3031	 -551448.125	  20408.99414	 -52582.73047	  52588.83594
 3030	 -553368.4375	  20624.38867	 -52915.61328	  52921.71875
 3034	 -555589.00	  20703.69727	 -52997.10938	  53003.21484
 3033	 -553668.0625	  20493.79883	 -52666.41016	  52672.51563
 3030	 -553368.4375	  20624.38867	 -52915.61328	  52921.71875
 3035	 -555885.8125	  20575.36523	 -52750.22656	  52756.33203
 3033	 -553668.0625	  20493.79883	 -52666.41016	  52672.51563
 3034	 -555589.00	  20703.69727	 -52997.10938	  53003.21484
 3033	 -553668.0625	  20493.79883	 -52666.41016	  52672.51563
 3036	 -551761.875	  20281.42578	 -52329.69531	  52335.80078
 3031	 -551448.125	  20408.99414	 -52582.73047	  52588.83594
 3033	 -553668.0625	  20493.79883	 -52666.41016	  52672.51563
 3035	 -555885.8125	  20575.36523	 -52750.22656	  52756.33203
 3037	 -556192.8125	  20452.76758	 -52502.29688	  52508.40234
 3038	 -553978.1875	  20368.7207	 -52415.93359	  52422.03906
 3036	 -551761.875	  20281.42578	 -52329.69531	  52335.80078
 3033	 -553668.0625	  20493.79883	 -52666.41016	  52672.51563
 3037	 -556192.8125	  20452.76758	 -52502.29688	  52508.40234
 3038	 -553978.1875	  20368.7207	 -52415.93359	  52422.03906
 3033	 -553668.0625	  20493.79883	 -52666.41016	  52672.51563
 3038	 -553978.1875	  20368.7207	 -52415.93359	  52422.03906
 3039	 -552086.9375	  20159.02734	 -52075.68359	  52081.78906
 3036	 -551761.875	  20281.42578	 -52329.69531	  52335.80078
 3038	 -553978.1875	  20368.7207	 -52415.93359	  52422.03906
 3037	 -556192.8125	  20452.76758	 -52502.29688	  52508.40234
 3040	 -556510.625	  20335.86523	 -52253.92969	  52260.03516
 3041	 -554299.8125	  20249.05664	 -52164.72656	  52170.83203
 3039	 -552086.9375	  20159.02734	 -52075.68359	  52081.78906
 3038	 -553978.1875	  20368.7207	 -52415.93359	  52422.03906
 3040	 -556510.625	  20335.86523	 -52253.92969	  52260.03516
 3041	 -554299.8125	  20249.05664	 -52164.72656	  52170.83203
 3038	 -553978.1875	  20368.7207	 -52415.93359	  52422.03906
 3041	 -554299.8125	  20249.05664	 -52164.72656	  52170.83203
 3042	 -552424.00	  20041.78906	 -51821.38281	  51827.48828
 3039	 -552086.9375	  20159.02734	 -52075.68359	  52081.78906
 3041	 -554299.8125	  20249.05664	 -52164.72656	  52170.83203
 3040	 -556510.625	  20335.86523	 -52253.92969	  52260.03516
 3043	 -556839.5625	  20224.67969	 -52005.83594	  52011.94141
 3044	 -554632.8125	  20134.86719	 -51913.55469	  51919.66016
 3042	 -552424.00	  20041.78906	 -51821.38281	  51827.48828
 3041	 -554299.8125	  20249.05664	 -52164.72656	  52170.83203
 3043	 -556839.5625	  20224.67969	 -52005.83594	  52011.94141
 3044	 -554632.8125	  20134.86719	 -51913.55469	  51919.66016
 3041	 -554299.8125	  20249.05664	 -52164.72656	  52170.83203
 3044	 -554632.8125	  20134.86719	 -51913.55469	  51919.66016
 3045	 -552773.375	  19929.6582	 -51567.42188	  51573.52344
 3042	 -552424.00	  20041.78906	 -51821.38281	  51827.48828
 3043	 -556839.5625	  20224.67969	 -52005.83594	  52011.94141
 3046	 -554977.25	  20026.04688	 -51663.00	  51669.10156
 3044	 -554632.8125	  20134.86719	 -51913.55469	  51919.66016
 3046	 -554977.25	  20026.04688	 -51663.00	  51669.10156
 3045	 -552773.375	  19929.6582	 -51567.42188	  51573.52344
 3044	 -554632.8125	  20134.86719	 -51913.55469	  51919.66016
 3047	 -557179.4375	  20119.17188	 -51758.67969	  51764.78516
 3046	 -554977.25	  20026.04688	 -51663.00	  51669.10156
 3043	 -556839.5625	  20224.67969	 -52005.83594	  52011.94141
 3046	 -554977.25	  20026.04688	 -51663.00	  51669.10156
 3048	 -553135.25	  19822.63672	 -51314.50391	  51320.60547
 3045	 -552773.375	  19929.6582	 -51567.42188	  51573.52344
 3047	 -557179.4375	  20119.17188	 -51758.67969	  51764.78516
 3049	 -555333.6875	  19922.60352	 -51413.75	  51419.85156
 3046	 -554977.25	  20026.04688	 -51663.00	  51669.10156
 3049	 -555333.6875	  19922.60352	 -51413.75	  51419.85156
 3048	 -553135.25	  19822.63672	 -51314.50391	  51320.60547
 3046	 -554977.25	  20026.04688	 -51663.00	  51669.10156
 3049	 -555333.6875	  19922.60352	 -51413.75	  51419.85156
 3047	 -557179.4375	  20119.17188	 -51758.67969	  51764.78516
 3050	 -557530.5625	  20019.34961	 -51513.15625	  51519.25781
 3049	 -555333.6875	  19922.60352	 -51413.75	  51419.85156
 3051	 -553509.6875	  19720.65625	 -51063.23438	  51069.33594
 3048	 -553135.25	  19822.63672	 -51314.50391	  51320.60547
 3049	 -555333.6875	  19922.60352	 -51413.75	  51419.85156
 3050	 -557530.5625	  20019.34961	 -51513.15625	  51519.25781
 3052	 -557893.125	  19925.29297	 -51270.03125	  51276.13281
 3053	 -555702.3125	  19824.60547	 -51166.57031	  51172.67188
 3051	 -553509.6875	  19720.65625	 -51063.23438	  51069.33594
 3049	 -555333.6875	  19922.60352	 -51413.75	  51419.85156
 3052	 -557893.125	  19925.29297	 -51270.03125	  51276.13281
 3053	 -555702.3125	  19824.60547	 -51166.57031	  51172.67188
 3049	 -555333.6875	  19922.60352	 -51413.75	  51419.85156
 3053	 -555702.3125	  19824.60547	 -51166.57031	  51172.67188
 3054	 -553897.625	  19623.66797	 -50814.25781	  50820.35938
 3051	 -553509.6875	  19720.65625	 -51063.23438	  51069.33594
 3053	 -555702.3125	  19824.60547	 -51166.57031	  51172.67188
 3052	 -557893.125	  19925.29297	 -51270.03125	  51276.13281
 3055	 -558267.00	  19836.96094	 -51029.94922	  51036.05078
 3056	 -556083.25	  19731.94531	 -50922.04297	  50928.14453
 3054	 -553897.625	  19623.66797	 -50814.25781	  50820.35938
 3053	 -555702.3125	  19824.60547	 -51166.57031	  51172.67188
 3055	 -558267.00	  19836.96094	 -51029.94922	  51036.05078
 3056	 -556083.25	  19731.94531	 -50922.04297	  50928.14453
 3053	 -555702.3125	  19824.60547	 -51166.57031	  51172.67188
 3056	 -556083.25	  19731.94531	 -50922.04297	  50928.14453
 3057	 -554299.125	  19531.62305	 -50568.23047	  50574.33203
 3054	 -553897.625	  19623.66797	 -50814.25781	  50820.35938
 3056	 -556083.25	  19731.94531	 -50922.04297	  50928.14453
 3055	 -558267.00	  19836.96094	 -51029.94922	  51036.05078
 3058	 -558652.375	  19754.39844	 -50793.66016	  50799.76172
 3059	 -556476.50	  19644.64063	 -50680.88281	  50686.98438
 3057	 -554299.125	  19531.62305	 -50568.23047	  50574.33203
 3056	 -556083.25	  19731.94531	 -50922.04297	  50928.14453
 3058	 -558652.375	  19754.39844	 -50793.66016	  50799.76172
 3059	 -556476.50	  19644.64063	 -50680.88281	  50686.98438
 3056	 -556083.25	  19731.94531	 -50922.04297	  50928.14453
 3059	 -556476.50	  19644.64063	 -50680.88281	  50686.98438
 3060	 -554714.6875	  19444.42383	 -50325.66797	  50331.76953
 3057	 -554299.125	  19531.62305	 -50568.23047	  50574.33203
 3061	 -556882.9375	  19562.70898	 -50443.84766	  50449.94922
 3060	 -554714.6875	  19444.42383	 -50325.66797	  50331.76953
 3059	 -556476.50	  19644.64063	 -50680.88281	  50686.98438
 3058	 -558652.375	  19754.39844	 -50793.66016	  50799.76172
 3061	 -556882.9375	  19562.70898	 -50443.84766	  50449.94922
 3059	 -556476.50	  19644.64063	 -50680.88281	  50686.98438
 3062	 -559049.625	  19677.6582	 -50561.96094	  50568.0625
 3061	 -556882.9375	  19562.70898	 -50443.84766	  50449.94922
 3058	 -558652.375	  19754.39844	 -50793.66016	  50799.76172
 3063	 -550921.375	  22233.00586	 -55182.42969	  55188.53906
 3064	 -548890.50	  21974.96094	 -54913.47266	  54919.58203
 3065	 -548687.25	  22160.7168	 -55111.51172	  55117.62109
 3066	 -551124.9375	  22047.05469	 -54984.17578	  54990.28516
 3064	 -548890.50	  21974.96094	 -54913.47266	  54919.58203
 3063	 -550921.375	  22233.00586	 -55182.42969	  55188.53906
 3067	 -553153.75	  22301.99414	 -55253.3125	  55259.42188
 3066	 -551124.9375	  22047.05469	 -54984.17578	  54990.28516
 3063	 -550921.375	  22233.00586	 -55182.42969	  55188.53906
 3068	 -553357.375	  22115.94922	 -55054.96094	  55061.07031
 3066	 -551124.9375	  22047.05469	 -54984.17578	  54990.28516
 3067	 -553153.75	  22301.99414	 -55253.3125	  55259.42188
 3066	 -551124.9375	  22047.05469	 -54984.17578	  54990.28516
 3069	 -549102.8125	  21794.43945	 -54706.91797	  54713.02734
 3064	 -548890.50	  21974.96094	 -54913.47266	  54919.58203
 3066	 -551124.9375	  22047.05469	 -54984.17578	  54990.28516
 3068	 -553357.375	  22115.94922	 -55054.96094	  55061.07031
 3070	 -553569.25	  21935.88477	 -54848.87109	  54854.98047
 3071	 -551336.9375	  21866.76758	 -54777.85156	  54783.96094
 3069	 -549102.8125	  21794.43945	 -54706.91797	  54713.02734
 3066	 -551124.9375	  22047.05469	 -54984.17578	  54990.28516
 3070	 -553569.25	  21935.88477	 -54848.87109	  54854.98047
 3071	 -551336.9375	  21866.76758	 -54777.85156	  54783.96094
 3066	 -551124.9375	  22047.05469	 -54984.17578	  54990.28516
 3071	 -551336.9375	  21866.76758	 -54777.85156	  54783.96094
 3072	 -549324.3125	  21619.2793	 -54492.67188	  54498.78125
 3069	 -549102.8125	  21794.43945	 -54706.91797	  54713.02734
 3071	 -551336.9375	  21866.76758	 -54777.85156	  54783.96094
 3070	 -553569.25	  21935.88477	 -54848.87109	  54854.98047
 3073	 -553789.4375	  21761.65625	 -54635.57422	  54641.68359
 3074	 -551557.6875	  21692.0625	 -54564.0625	  54570.17188
 3072	 -549324.3125	  21619.2793	 -54492.67188	  54498.78125
 3071	 -551336.9375	  21866.76758	 -54777.85156	  54783.96094
 3073	 -553789.4375	  21761.65625	 -54635.57422	  54641.68359
 3074	 -551557.6875	  21692.0625	 -54564.0625	  54570.17188
 3071	 -551336.9375	  21866.76758	 -54777.85156	  54783.96094
 3074	 -551557.6875	  21692.0625	 -54564.0625	  54570.17188
 3075	 -549554.8125	  21449.42773	 -54271.375	  54277.48438
 3072	 -549324.3125	  21619.2793	 -54492.67188	  54498.78125
 3074	 -551557.6875	  21692.0625	 -54564.0625	  54570.17188
 3073	 -553789.4375	  21761.65625	 -54635.57422	  54641.68359
 3076	 -554018.50	  21593.27344	 -54415.76953	  54421.87891
 3077	 -551787.6875	  21522.94531	 -54343.50781	  54349.61719
 3075	 -549554.8125	  21449.42773	 -54271.375	  54277.48438
 3074	 -551557.6875	  21692.0625	 -54564.0625	  54570.17188
 3076	 -554018.50	  21593.27344	 -54415.76953	  54421.87891
 3077	 -551787.6875	  21522.94531	 -54343.50781	  54349.61719
 3074	 -551557.6875	  21692.0625	 -54564.0625	  54570.17188
 3077	 -551787.6875	  21522.94531	 -54343.50781	  54349.61719
 3078	 -549794.8125	  21284.86719	 -54043.69141	  54049.80078
 3075	 -549554.8125	  21449.42773	 -54271.375	  54277.48438
 3076	 -554018.50	  21593.27344	 -54415.76953	  54421.87891
 3079	 -552026.625	  21359.38281	 -54116.84375	  54122.95313
 3077	 -551787.6875	  21522.94531	 -54343.50781	  54349.61719
 3079	 -552026.625	  21359.38281	 -54116.84375	  54122.95313
 3078	 -549794.8125	  21284.86719	 -54043.69141	  54049.80078
 3077	 -551787.6875	  21522.94531	 -54343.50781	  54349.61719
 3080	 -554256.5625	  21430.65625	 -54190.07813	  54196.1875
 3079	 -552026.625	  21359.38281	 -54116.84375	  54122.95313
 3076	 -554018.50	  21593.27344	 -54415.76953	  54421.87891
 3079	 -552026.625	  21359.38281	 -54116.84375	  54122.95313
 3081	 -550044.75	  21125.66992	 -53810.39453	  53816.50391
 3078	 -549794.8125	  21284.86719	 -54043.69141	  54049.80078
 3080	 -554256.5625	  21430.65625	 -54190.07813	  54196.1875
 3082	 -552275.00	  21201.33008	 -53884.71875	  53890.82813
 3079	 -552026.625	  21359.38281	 -54116.84375	  54122.95313
 3082	 -552275.00	  21201.33008	 -53884.71875	  53890.82813
 3081	 -550044.75	  21125.66992	 -53810.39453	  53816.50391
 3079	 -552026.625	  21359.38281	 -54116.84375	  54122.95313
 3082	 -552275.00	  21201.33008	 -53884.71875	  53890.82813
 3080	 -554256.5625	  21430.65625	 -54190.07813	  54196.1875
 3083	 -554503.625	  21273.79102	 -53959.17188	  53965.28125
 3082	 -552275.00	  21201.33008	 -53884.71875	  53890.82813
 3084	 -550304.4375	  20971.7832	 -53572.12891	  53578.23438
 3081	 -550044.75	  21125.66992	 -53810.39453	  53816.50391
 3082	 -552275.00	  21201.33008	 -53884.71875	  53890.82813
 3083	 -554503.625	  21273.79102	 -53959.17188	  53965.28125
 3085	 -554760.25	  21122.68945	 -53723.75	  53729.85938
 3086	 -552533.1875	  21048.83789	 -53647.87109	  53653.97656
 3084	 -550304.4375	  20971.7832	 -53572.12891	  53578.23438
 3082	 -552275.00	  21201.33008	 -53884.71875	  53890.82813
 3085	 -554760.25	  21122.68945	 -53723.75	  53729.85938
 3086	 -552533.1875	  21048.83789	 -53647.87109	  53653.97656
 3082	 -552275.00	  21201.33008	 -53884.71875	  53890.82813
 3086	 -552533.1875	  21048.83789	 -53647.87109	  53653.97656
 3087	 -550574.25	  20823.17773	 -53329.53516	  53335.64063
 3084	 -550304.4375	  20971.7832	 -53572.12891	  53578.23438
 3086	 -552533.1875	  21048.83789	 -53647.87109	  53653.97656
 3085	 -554760.25	  21122.68945	 -53723.75	  53729.85938
 3088	 -555026.625	  20977.30469	 -53484.47266	  53490.57813
 3089	 -552801.375	  20901.84766	 -53406.94141	  53413.04688
 3087	 -550574.25	  20823.17773	 -53329.53516	  53335.64063
 3086	 -552533.1875	  21048.83789	 -53647.87109	  53653.97656
 3088	 -555026.625	  20977.30469	 -53484.47266	  53490.57813
 3089	 -552801.375	  20901.84766	 -53406.94141	  53413.04688
 3086	 -552533.1875	  21048.83789	 -53647.87109	  53653.97656
 3089	 -552801.375	  20901.84766	 -53406.94141	  53413.04688
 3090	 -550854.9375	  20679.85742	 -53083.32422	  53089.42969
 3087	 -550574.25	  20823.17773	 -53329.53516	  53335.64063
 3089	 -552801.375	  20901.84766	 -53406.94141	  53413.04688
 3088	 -555026.625	  20977.30469	 -53484.47266	  53490.57813
 3091	 -555302.75	  20837.61523	 -53241.98047	  53248.08594
 3092	 -553079.75	  20760.35352	 -53162.59375	  53168.69922
 3090	 -550854.9375	  20679.85742	 -53083.32422	  53089.42969
 3089	 -552801.375	  20901.84766	 -53406.94141	  53413.04688
 3091	 -555302.75	  20837.61523	 -53241.98047	  53248.08594
 3092	 -553079.75	  20760.35352	 -53162.59375	  53168.69922
 3089	 -552801.375	  20901.84766	 -53406.94141	  53413.04688
 3092	 -553079.75	  20760.35352	 -53162.59375	  53168.69922
 3093	 -551146.0625	  20541.76758	 -52834.08594	  52840.19141
 3090	 -550854.9375	  20679.85742	 -53083.32422	  53089.42969
 3094	 -553368.4375	  20624.38867	 -52915.61328	  52921.71875
 3093	 -551146.0625	  20541.76758	 -52834.08594	  52840.19141
 3092	 -553079.75	  20760.35352	 -53162.59375	  53168.69922
 3091	 -555302.75	  20837.61523	 -53241.98047	  53248.08594
 3094	 -553368.4375	  20624.38867	 -52915.61328	  52921.71875
 3092	 -553079.75	  20760.35352	 -53162.59375	  53168.69922
 3095	 -555589.00	  20703.68164	 -52997.09375	  53003.19922
 3094	 -553368.4375	  20624.38867	 -52915.61328	  52921.71875
 3091	 -555302.75	  20837.61523	 -53241.98047	  53248.08594
 3096	 -548188.1875	  23731.37891	 -58193.30078	  58199.41797
 3097	 -546263.25	  23387.20898	 -57801.82031	  57807.9375
 3098	 -545951.50	  23661.57422	 -58124.94141	  58131.05859
 3099	 -548503.00	  23453.62891	 -57866.64063	  57872.75781
 3097	 -546263.25	  23387.20898	 -57801.82031	  57807.9375
 3096	 -548188.1875	  23731.37891	 -58193.30078	  58199.41797
 3100	 -550423.00	  23797.875	 -58261.62109	  58267.73828
 3099	 -548503.00	  23453.62891	 -57866.64063	  57872.75781
 3096	 -548188.1875	  23731.37891	 -58193.30078	  58199.41797
 3101	 -550741.3125	  23516.91797	 -57931.67188	  57937.78906
 3099	 -548503.00	  23453.62891	 -57866.64063	  57872.75781
 3100	 -550423.00	  23797.875	 -58261.62109	  58267.73828
 3099	 -548503.00	  23453.62891	 -57866.64063	  57872.75781
 3102	 -546535.9375	  23206.48047	 -57504.22266	  57510.33594
 3097	 -546263.25	  23387.20898	 -57801.82031	  57807.9375
 3099	 -548503.00	  23453.62891	 -57866.64063	  57872.75781
 3101	 -550741.3125	  23516.91797	 -57931.67188	  57937.78906
 3103	 -551019.375	  23330.45508	 -57628.13281	  57634.25
 3104	 -548778.50	  23270.06445	 -57566.08594	  57572.19922
 3102	 -546535.9375	  23206.48047	 -57504.22266	  57510.33594
 3099	 -548503.00	  23453.62891	 -57866.64063	  57872.75781
 3103	 -551019.375	  23330.45508	 -57628.13281	  57634.25
 3104	 -548778.50	  23270.06445	 -57566.08594	  57572.19922
 3099	 -548503.00	  23453.62891	 -57866.64063	  57872.75781
 3104	 -548778.50	  23270.06445	 -57566.08594	  57572.19922
 3105	 -546781.00	  23094.53906	 -57224.30469	  57230.41797
 3102	 -546535.9375	  23206.48047	 -57504.22266	  57510.33594
 3104	 -548778.50	  23270.06445	 -57566.08594	  57572.19922
 3103	 -551019.375	  23330.45508	 -57628.13281	  57634.25
 3106	 -551268.4375	  23214.08203	 -57343.63672	  57349.75
 3107	 -549025.50	  23155.92969	 -57283.88281	  57289.99609
 3105	 -546781.00	  23094.53906	 -57224.30469	  57230.41797
 3104	 -548778.50	  23270.06445	 -57566.08594	  57572.19922
 3106	 -551268.4375	  23214.08203	 -57343.63672	  57349.75
 3107	 -549025.50	  23155.92969	 -57283.88281	  57289.99609
 3104	 -548778.50	  23270.06445	 -57566.08594	  57572.19922
 3107	 -549025.50	  23155.92969	 -57283.88281	  57289.99609
 3108	 -547009.9375	  23026.41406	 -56954.11328	  56960.22656
 3105	 -546781.00	  23094.53906	 -57224.30469	  57230.41797
 3107	 -549025.50	  23155.92969	 -57283.88281	  57289.99609
 3106	 -551268.4375	  23214.08203	 -57343.63672	  57349.75
 3109	 -551499.625	  23143.52734	 -57070.92969	  57077.04297
 3110	 -549255.6875	  23086.60938	 -57012.44531	  57018.55859
 3108	 -547009.9375	  23026.41406	 -56954.11328	  56960.22656
 3107	 -549025.50	  23155.92969	 -57283.88281	  57289.99609
 3109	 -551499.625	  23143.52734	 -57070.92969	  57077.04297
 3110	 -549255.6875	  23086.60938	 -57012.44531	  57018.55859
 3107	 -549025.50	  23155.92969	 -57283.88281	  57289.99609
 3110	 -549255.6875	  23086.60938	 -57012.44531	  57018.55859
 3111	 -547234.5625	  22977.28125	 -56685.85547	  56691.96875
 3108	 -547009.9375	  23026.41406	 -56954.11328	  56960.22656
 3109	 -551499.625	  23143.52734	 -57070.92969	  57077.04297
 3112	 -549480.3125	  23037.42188	 -56744.12109	  56750.23438
 3110	 -549255.6875	  23086.60938	 -57012.44531	  57018.55859
 3112	 -549480.3125	  23037.42188	 -56744.12109	  56750.23438
 3111	 -547234.5625	  22977.28125	 -56685.85547	  56691.96875
 3110	 -549255.6875	  23086.60938	 -57012.44531	  57018.55859
 3113	 -551724.25	  23094.27734	 -56802.54688	  56808.66016
 3112	 -549480.3125	  23037.42188	 -56744.12109	  56750.23438
 3109	 -551499.625	  23143.52734	 -57070.92969	  57077.04297
 3112	 -549480.3125	  23037.42188	 -56744.12109	  56750.23438
 3114	 -547466.00	  22922.58984	 -56411.96094	  56418.07422
 3111	 -547234.5625	  22977.28125	 -56685.85547	  56691.96875
 3113	 -551724.25	  23094.27734	 -56802.54688	  56808.66016
 3115	 -549710.9375	  22983.80273	 -56471.34375	  56477.45703
 3112	 -549480.3125	  23037.42188	 -56744.12109	  56750.23438
 3115	 -549710.9375	  22983.80273	 -56471.34375	  56477.45703
 3114	 -547466.00	  22922.58984	 -56411.96094	  56418.07422
 3112	 -549480.3125	  23037.42188	 -56744.12109	  56750.23438
 3115	 -549710.9375	  22983.80273	 -56471.34375	  56477.45703
 3113	 -551724.25	  23094.27734	 -56802.54688	  56808.66016
 3116	 -551954.00	  23041.74414	 -56530.87891	  56536.99219
 3115	 -549710.9375	  22983.80273	 -56471.34375	  56477.45703
 3117	 -547715.8125	  22837.86523	 -56124.91406	  56131.02734
 3114	 -547466.00	  22922.58984	 -56411.96094	  56418.07422
 3115	 -549710.9375	  22983.80273	 -56471.34375	  56477.45703
 3116	 -551954.00	  23041.74414	 -56530.87891	  56536.99219
 3118	 -552200.0625	  22961.15039	 -56248.08984	  56254.20313
 3119	 -549958.875	  22901.11914	 -56186.40625	  56192.51953
 3117	 -547715.8125	  22837.86523	 -56124.91406	  56131.02734
 3115	 -549710.9375	  22983.80273	 -56471.34375	  56477.45703
 3118	 -552200.0625	  22961.15039	 -56248.08984	  56254.20313
 3119	 -549958.875	  22901.11914	 -56186.40625	  56192.51953
 3115	 -549710.9375	  22983.80273	 -56471.34375	  56477.45703
 3119	 -549958.875	  22901.11914	 -56186.40625	  56192.51953
 3120	 -547995.375	  22698.84961	 -55817.39844	  55823.51172
 3117	 -547715.8125	  22837.86523	 -56124.91406	  56131.02734
 3119	 -549958.875	  22901.11914	 -56186.40625	  56192.51953
 3118	 -552200.0625	  22961.15039	 -56248.08984	  56254.20313
 3121	 -552474.375	  22827.57813	 -55946.19922	  55952.3125
 3122	 -550235.6875	  22764.82031	 -55881.71094	  55887.82422
 3120	 -547995.375	  22698.84961	 -55817.39844	  55823.51172
 3119	 -549958.875	  22901.11914	 -56186.40625	  56192.51953
 3121	 -552474.375	  22827.57813	 -55946.19922	  55952.3125
 3122	 -550235.6875	  22764.82031	 -55881.71094	  55887.82422
 3119	 -549958.875	  22901.11914	 -56186.40625	  56192.51953
 3122	 -550235.6875	  22764.82031	 -55881.71094	  55887.82422
 3123	 -548315.125	  22481.30273	 -55482.11719	  55488.22656
 3120	 -547995.375	  22698.84961	 -55817.39844	  55823.51172
 3122	 -550235.6875	  22764.82031	 -55881.71094	  55887.82422
 3121	 -552474.375	  22827.57813	 -55946.19922	  55952.3125
 3124	 -552788.3125	  22616.0957	 -55617.19531	  55623.30469
 3125	 -550552.6875	  22550.24414	 -55549.53125	  55555.64063
 3123	 -548315.125	  22481.30273	 -55482.11719	  55488.22656
 3122	 -550235.6875	  22764.82031	 -55881.71094	  55887.82422
 3124	 -552788.3125	  22616.0957	 -55617.19531	  55623.30469
 3125	 -550552.6875	  22550.24414	 -55549.53125	  55555.64063
 3122	 -550235.6875	  22764.82031	 -55881.71094	  55887.82422
 3125	 -550552.6875	  22550.24414	 -55549.53125	  55555.64063
 3126	 -548687.25	  22160.7168	 -55111.51172	  55117.62109
 3123	 -548315.125	  22481.30273	 -55482.11719	  55488.22656
 3127	 -550921.375	  22233.00586	 -55182.42969	  55188.53906
 3126	 -548687.25	  22160.7168	 -55111.51172	  55117.62109
 3125	 -550552.6875	  22550.24414	 -55549.53125	  55555.64063
 3124	 -552788.3125	  22616.0957	 -55617.19531	  55623.30469
 3127	 -550921.375	  22233.00586	 -55182.42969	  55188.53906
 3125	 -550552.6875	  22550.24414	 -55549.53125	  55555.64063
 3128	 -553153.75	  22301.99414	 -55253.3125	  55259.42188
 3127	 -550921.375	  22233.00586	 -55182.42969	  55188.53906
 3124	 -552788.3125	  22616.0957	 -55617.19531	  55623.30469
 3129	 -546252.00	  25758.90234	 -62099.29688	  62105.42188
 3130	 -544088.6875	  25451.25391	 -61735.50	  61741.625
 3131	 -543984.9375	  25735.00391	 -62078.10938	  62084.23438
 3132	 -546355.5625	  25475.13867	 -61756.60938	  61762.73438
 3130	 -544088.6875	  25451.25391	 -61735.50	  61741.625
 3129	 -546252.00	  25758.90234	 -62099.29688	  62105.42188
 3133	 -548517.25	  25779.51953	 -62120.48438	  62126.60938
 3132	 -546355.5625	  25475.13867	 -61756.60938	  61762.73438
 3129	 -546252.00	  25758.90234	 -62099.29688	  62105.42188
 3134	 -548620.9375	  25495.93945	 -61777.98438	  61784.10938
 3132	 -546355.5625	  25475.13867	 -61756.60938	  61762.73438
 3133	 -548517.25	  25779.51953	 -62120.48438	  62126.60938
 3132	 -546355.5625	  25475.13867	 -61756.60938	  61762.73438
 3135	 -544204.625	  25223.61328	 -61363.02344	  61369.14453
 3130	 -544088.6875	  25451.25391	 -61735.50	  61741.625
 3132	 -546355.5625	  25475.13867	 -61756.60938	  61762.73438
 3134	 -548620.9375	  25495.93945	 -61777.98438	  61784.10938
 3136	 -548736.375	  25270.41602	 -61407.625	  61413.74609
 3137	 -546471.375	  25248.57227	 -61385.17578	  61391.29688
 3135	 -544204.625	  25223.61328	 -61363.02344	  61369.14453
 3132	 -546355.5625	  25475.13867	 -61756.60938	  61762.73438
 3136	 -548736.375	  25270.41602	 -61407.625	  61413.74609
 3137	 -546471.375	  25248.57227	 -61385.17578	  61391.29688
 3132	 -546355.5625	  25475.13867	 -61756.60938	  61762.73438
 3137	 -546471.375	  25248.57227	 -61385.17578	  61391.29688
 3138	 -544336.3125	  25037.56836	 -60967.66406	  60973.78516
 3135	 -544204.625	  25223.61328	 -61363.02344	  61369.14453
 3137	 -546471.375	  25248.57227	 -61385.17578	  61391.29688
 3136	 -548736.375	  25270.41602	 -61407.625	  61413.74609
 3139	 -548866.75	  25088.01172	 -61015.96094	  61022.08203
 3140	 -546602.375	  25064.36719	 -60991.66406	  60997.78516
 3138	 -544336.3125	  25037.56836	 -60967.66406	  60973.78516
 3137	 -546471.375	  25248.57227	 -61385.17578	  61391.29688
 3139	 -548866.75	  25088.01172	 -61015.96094	  61022.08203
 3140	 -546602.375	  25064.36719	 -60991.66406	  60997.78516
 3137	 -546471.375	  25248.57227	 -61385.17578	  61391.29688
 3140	 -546602.375	  25064.36719	 -60991.66406	  60997.78516
 3141	 -544486.00	  24878.50977	 -60556.3125	  60562.43359
 3138	 -544336.3125	  25037.56836	 -60967.66406	  60973.78516
 3140	 -546602.375	  25064.36719	 -60991.66406	  60997.78516
 3139	 -548866.75	  25088.01172	 -61015.96094	  61022.08203
 3142	 -549014.375	  24934.04297	 -60609.81641	  60615.9375
 3143	 -546751.0625	  24907.85547	 -60582.91016	  60589.03125
 3141	 -544486.00	  24878.50977	 -60556.3125	  60562.43359
 3140	 -546602.375	  25064.36719	 -60991.66406	  60997.78516
 3142	 -549014.375	  24934.04297	 -60609.81641	  60615.9375
 3143	 -546751.0625	  24907.85547	 -60582.91016	  60589.03125
 3140	 -546602.375	  25064.36719	 -60991.66406	  60997.78516
 3143	 -546751.0625	  24907.85547	 -60582.91016	  60589.03125
 3144	 -544657.0625	  24731.69922	 -60135.69141	  60141.8125
 3141	 -544486.00	  24878.50977	 -60556.3125	  60562.43359
 3142	 -549014.375	  24934.04297	 -60609.81641	  60615.9375
 3145	 -546920.75	  24764.40625	 -60165.73438	  60171.85547
 3143	 -546751.0625	  24907.85547	 -60582.91016	  60589.03125
 3145	 -546920.75	  24764.40625	 -60165.73438	  60171.85547
 3144	 -544657.0625	  24731.69922	 -60135.69141	  60141.8125
 3143	 -546751.0625	  24907.85547	 -60582.91016	  60589.03125
 3146	 -549182.5625	  24793.91406	 -60196.05859	  60202.17969
 3145	 -546920.75	  24764.40625	 -60165.73438	  60171.85547
 3142	 -549014.375	  24934.04297	 -60609.81641	  60615.9375
 3145	 -546920.75	  24764.40625	 -60165.73438	  60171.85547
 3147	 -544853.00	  24582.4375	 -59712.57422	  59718.69531
 3144	 -544657.0625	  24731.69922	 -60135.69141	  60141.8125
 3146	 -549182.5625	  24793.91406	 -60196.05859	  60202.17969
 3148	 -547114.50	  24619.38086	 -59746.98047	  59753.10156
 3145	 -546920.75	  24764.40625	 -60165.73438	  60171.85547
 3148	 -547114.50	  24619.38086	 -59746.98047	  59753.10156
 3147	 -544853.00	  24582.4375	 -59712.57422	  59718.69531
 3145	 -546920.75	  24764.40625	 -60165.73438	  60171.85547
 3148	 -547114.50	  24619.38086	 -59746.98047	  59753.10156
 3146	 -549182.5625	  24793.91406	 -60196.05859	  60202.17969
 3149	 -549374.4375	  24653.15039	 -59781.68359	  59787.80469
 3148	 -547114.50	  24619.38086	 -59746.98047	  59753.10156
 3150	 -545076.4375	  24415.82422	 -59293.53906	  59299.65625
 3147	 -544853.00	  24582.4375	 -59712.57422	  59718.69531
 3148	 -547114.50	  24619.38086	 -59746.98047	  59753.10156
 3149	 -549374.4375	  24653.15039	 -59781.68359	  59787.80469
 3151	 -549591.9375	  24497.30664	 -59373.72656	  59379.84375
 3152	 -547335.0625	  24458.13477	 -59333.47266	  59339.58984
 3150	 -545076.4375	  24415.82422	 -59293.53906	  59299.65625
 3148	 -547114.50	  24619.38086	 -59746.98047	  59753.10156
 3151	 -549591.9375	  24497.30664	 -59373.72656	  59379.84375
 3152	 -547335.0625	  24458.13477	 -59333.47266	  59339.58984
 3148	 -547114.50	  24619.38086	 -59746.98047	  59753.10156
 3152	 -547335.0625	  24458.13477	 -59333.47266	  59339.58984
 3153	 -545331.4375	  24216.94336	 -58885.09375	  58891.21094
 3150	 -545076.4375	  24415.82422	 -59293.53906	  59299.65625
 3152	 -547335.0625	  24458.13477	 -59333.47266	  59339.58984
 3151	 -549591.9375	  24497.30664	 -59373.72656	  59379.84375
 3154	 -549838.3125	  24312.13281	 -58979.41016	  58985.52734
 3155	 -547585.75	  24266.12109	 -58932.12891	  58938.24609
 3153	 -545331.4375	  24216.94336	 -58885.09375	  58891.21094
 3152	 -547335.0625	  24458.13477	 -59333.47266	  59339.58984
 3154	 -549838.3125	  24312.13281	 -58979.41016	  58985.52734
 3155	 -547585.75	  24266.12109	 -58932.12891	  58938.24609
 3152	 -547335.0625	  24458.13477	 -59333.47266	  59339.58984
 3155	 -547585.75	  24266.12109	 -58932.12891	  58938.24609
 3156	 -545621.5625	  23970.70898	 -58493.61328	  58499.73047
 3153	 -545331.4375	  24216.94336	 -58885.09375	  58891.21094
 3155	 -547585.75	  24266.12109	 -58932.12891	  58938.24609
 3154	 -549838.3125	  24312.13281	 -58979.41016	  58985.52734
 3157	 -550114.8125	  24083.52148	 -58606.08984	  58612.20703
 3158	 -547869.0625	  24028.66211	 -58549.71875	  58555.83594
 3156	 -545621.5625	  23970.70898	 -58493.61328	  58499.73047
 3155	 -547585.75	  24266.12109	 -58932.12891	  58938.24609
 3157	 -550114.8125	  24083.52148	 -58606.08984	  58612.20703
 3158	 -547869.0625	  24028.66211	 -58549.71875	  58555.83594
 3155	 -547585.75	  24266.12109	 -58932.12891	  58938.24609
 3158	 -547869.0625	  24028.66211	 -58549.71875	  58555.83594
 3159	 -545951.50	  23661.57422	 -58124.94141	  58131.05859
 3156	 -545621.5625	  23970.70898	 -58493.61328	  58499.73047
 3160	 -548188.1875	  23731.37891	 -58193.30078	  58199.41797
 3159	 -545951.50	  23661.57422	 -58124.94141	  58131.05859
 3158	 -547869.0625	  24028.66211	 -58549.71875	  58555.83594
 3157	 -550114.8125	  24083.52148	 -58606.08984	  58612.20703
 3160	 -548188.1875	  23731.37891	 -58193.30078	  58199.41797
 3158	 -547869.0625	  24028.66211	 -58549.71875	  58555.83594
 3161	 -550423.00	  23797.875	 -58261.62109	  58267.73828
 3160	 -548188.1875	  23731.37891	 -58193.30078	  58199.41797
 3157	 -550114.8125	  24083.52148	 -58606.08984	  58612.20703
 3162	 -547601.125	  27177.11914	 -64627.25391	  64633.38281
 3163	 -545102.0625	  27100.2793	 -64391.625	  64397.75391
 3164	 -545358.125	  27233.86133	 -64688.91797	  64695.04688
 3165	 -547347.875	  27046.87305	 -64333.26563	  64339.39453
 3163	 -545102.0625	  27100.2793	 -64391.625	  64397.75391
 3162	 -547601.125	  27177.11914	 -64627.25391	  64633.38281
 3166	 -549842.4375	  27117.13477	 -64565.61719	  64571.74609
 3165	 -547347.875	  27046.87305	 -64333.26563	  64339.39453
 3162	 -547601.125	  27177.11914	 -64627.25391	  64633.38281
 3167	 -549592.125	  26990.34961	 -64275.1875	  64281.31641
 3165	 -547347.875	  27046.87305	 -64333.26563	  64339.39453
 3166	 -549842.4375	  27117.13477	 -64565.61719	  64571.74609
 3165	 -547347.875	  27046.87305	 -64333.26563	  64339.39453
 3168	 -544862.75	  26964.38672	 -64095.10938	  64101.23828
 3163	 -545102.0625	  27100.2793	 -64391.625	  64397.75391
 3165	 -547347.875	  27046.87305	 -64333.26563	  64339.39453
 3167	 -549592.125	  26990.34961	 -64275.1875	  64281.31641
 3169	 -549359.25	  26861.95508	 -63986.38672	  63992.51563
 3170	 -547111.8125	  26914.74023	 -64040.62109	  64046.75
 3168	 -544862.75	  26964.38672	 -64095.10938	  64101.23828
 3165	 -547347.875	  27046.87305	 -64333.26563	  64339.39453
 3169	 -549359.25	  26861.95508	 -63986.38672	  63992.51563
 3170	 -547111.8125	  26914.74023	 -64040.62109	  64046.75
 3165	 -547347.875	  27046.87305	 -64333.26563	  64339.39453
 3170	 -547111.8125	  26914.74023	 -64040.62109	  64046.75
 3171	 -544643.8125	  26825.90234	 -63802.35938	  63808.48828
 3168	 -544862.75	  26964.38672	 -64095.10938	  64101.23828
 3170	 -547111.8125	  26914.74023	 -64040.62109	  64046.75
 3169	 -549359.25	  26861.95508	 -63986.38672	  63992.51563
 3172	 -549146.5625	  26731.73047	 -63702.12891	  63708.25781
 3173	 -546896.0625	  26780.36719	 -63752.10547	  63758.23438
 3171	 -544643.8125	  26825.90234	 -63802.35938	  63808.48828
 3170	 -547111.8125	  26914.74023	 -64040.62109	  64046.75
 3172	 -549146.5625	  26731.73047	 -63702.12891	  63708.25781
 3173	 -546896.0625	  26780.36719	 -63752.10547	  63758.23438
 3170	 -547111.8125	  26914.74023	 -64040.62109	  64046.75
 3173	 -546896.0625	  26780.36719	 -63752.10547	  63758.23438
 3174	 -544448.375	  26684.38281	 -63516.13281	  63522.26172
 3171	 -544643.8125	  26825.90234	 -63802.35938	  63808.48828
 3173	 -546896.0625	  26780.36719	 -63752.10547	  63758.23438
 3172	 -549146.5625	  26731.73047	 -63702.12891	  63708.25781
 3175	 -548957.875	  26599.66211	 -63425.62109	  63431.74609
 3176	 -546703.9375	  26643.58398	 -63470.75	  63476.87891
 3174	 -544448.375	  26684.38281	 -63516.13281	  63522.26172
 3173	 -546896.0625	  26780.36719	 -63752.10547	  63758.23438
 3175	 -548957.875	  26599.66211	 -63425.62109	  63431.74609
 3176	 -546703.9375	  26643.58398	 -63470.75	  63476.87891
 3173	 -546896.0625	  26780.36719	 -63752.10547	  63758.23438
 3176	 -546703.9375	  26643.58398	 -63470.75	  63476.87891
 3177	 -544280.4375	  26539.39063	 -63239.19922	  63245.32422
 3174	 -544448.375	  26684.38281	 -63516.13281	  63522.26172
 3175	 -548957.875	  26599.66211	 -63425.62109	  63431.74609
 3178	 -546539.375	  26504.12109	 -63199.50391	  63205.62891
 3176	 -546703.9375	  26643.58398	 -63470.75	  63476.87891
 3178	 -546539.375	  26504.12109	 -63199.50391	  63205.62891
 3177	 -544280.4375	  26539.39063	 -63239.19922	  63245.32422
 3176	 -546703.9375	  26643.58398	 -63470.75	  63476.87891
 3179	 -548796.8125	  26465.70313	 -63160.03125	  63166.15625
 3178	 -546539.375	  26504.12109	 -63199.50391	  63205.62891
 3175	 -548957.875	  26599.66211	 -63425.62109	  63431.74609
 3178	 -546539.375	  26504.12109	 -63199.50391	  63205.62891
 3180	 -544143.4375	  26390.42188	 -62974.24609	  62980.37109
 3177	 -544280.4375	  26539.39063	 -63239.19922	  63245.32422
 3179	 -548796.8125	  26465.70313	 -63160.03125	  63166.15625
 3181	 -546405.875	  26361.77148	 -62941.36328	  62947.48828
 3178	 -546539.375	  26504.12109	 -63199.50391	  63205.62891
 3181	 -546405.875	  26361.77148	 -62941.36328	  62947.48828
 3180	 -544143.4375	  26390.42188	 -62974.24609	  62980.37109
 3178	 -546539.375	  26504.12109	 -63199.50391	  63205.62891
 3181	 -546405.875	  26361.77148	 -62941.36328	  62947.48828
 3179	 -548796.8125	  26465.70313	 -63160.03125	  63166.15625
 3182	 -548666.75	  26329.98242	 -62908.69922	  62914.82422
 3181	 -546405.875	  26361.77148	 -62941.36328	  62947.48828
 3183	 -544040.875	  26236.73438	 -62723.71484	  62729.83984
 3180	 -544143.4375	  26390.42188	 -62974.24609	  62980.37109
 3181	 -546405.875	  26361.77148	 -62941.36328	  62947.48828
 3182	 -548666.75	  26329.98242	 -62908.69922	  62914.82422
 3184	 -548571.0625	  26192.65625	 -62675.00	  62681.125
 3185	 -546306.875	  26216.28516	 -62699.26953	  62705.39453
 3183	 -544040.875	  26236.73438	 -62723.71484	  62729.83984
 3181	 -546405.875	  26361.77148	 -62941.36328	  62947.48828
 3184	 -548571.0625	  26192.65625	 -62675.00	  62681.125
 3185	 -546306.875	  26216.28516	 -62699.26953	  62705.39453
 3181	 -546405.875	  26361.77148	 -62941.36328	  62947.48828
 3185	 -546306.875	  26216.28516	 -62699.26953	  62705.39453
 3186	 -543977.0625	  26077.41406	 -62489.88281	  62496.00781
 3183	 -544040.875	  26236.73438	 -62723.71484	  62729.83984
 3185	 -546306.875	  26216.28516	 -62699.26953	  62705.39453
 3184	 -548571.0625	  26192.65625	 -62675.00	  62681.125
 3187	 -548513.0625	  26054.30273	 -62462.72656	  62468.85156
 3188	 -546245.8125	  26067.41992	 -62476.21094	  62482.33594
 3186	 -543977.0625	  26077.41406	 -62489.88281	  62496.00781
 3185	 -546306.875	  26216.28516	 -62699.26953	  62705.39453
 3187	 -548513.0625	  26054.30273	 -62462.72656	  62468.85156
 3188	 -546245.8125	  26067.41992	 -62476.21094	  62482.33594
 3185	 -546306.875	  26216.28516	 -62699.26953	  62705.39453
 3188	 -546245.8125	  26067.41992	 -62476.21094	  62482.33594
 3189	 -543956.1875	  25911.00195	 -62274.46875	  62280.59375
 3186	 -543977.0625	  26077.41406	 -62489.88281	  62496.00781
 3188	 -546245.8125	  26067.41992	 -62476.21094	  62482.33594
 3187	 -548513.0625	  26054.30273	 -62462.72656	  62468.85156
 3190	 -548494.625	  25915.91406	 -62276.125	  62282.25
 3191	 -546226.125	  25915.03125	 -62275.22266	  62281.34766
 3189	 -543956.1875	  25911.00195	 -62274.46875	  62280.59375
 3188	 -546245.8125	  26067.41992	 -62476.21094	  62482.33594
 3190	 -548494.625	  25915.91406	 -62276.125	  62282.25
 3191	 -546226.125	  25915.03125	 -62275.22266	  62281.34766
 3188	 -546245.8125	  26067.41992	 -62476.21094	  62482.33594
 3191	 -546226.125	  25915.03125	 -62275.22266	  62281.34766
 3192	 -543985.00	  25734.98828	 -62078.09375	  62084.21875
 3189	 -543956.1875	  25911.00195	 -62274.46875	  62280.59375
 3193	 -546252.00	  25758.90234	 -62099.29688	  62105.42188
 3192	 -543985.00	  25734.98828	 -62078.09375	  62084.21875
 3191	 -546226.125	  25915.03125	 -62275.22266	  62281.34766
 3190	 -548494.625	  25915.91406	 -62276.125	  62282.25
 3193	 -546252.00	  25758.90234	 -62099.29688	  62105.42188
 3191	 -546226.125	  25915.03125	 -62275.22266	  62281.34766
 3194	 -548517.25	  25779.53516	 -62120.50	  62126.625
 3193	 -546252.00	  25758.90234	 -62099.29688	  62105.42188
 3190	 -548494.625	  25915.91406	 -62276.125	  62282.25
 3195	 -550278.625	  28422.16406	 -66977.61719	  66983.75
 3196	 -547857.375	  28394.95898	 -66937.49219	  66943.625
 3197	 -548103.75	  28530.20898	 -67092.00781	  67098.14063
 3198	 -550051.8125	  28298.6582	 -66835.14844	  66841.28125
 3196	 -547857.375	  28394.95898	 -66937.49219	  66943.625
 3195	 -550278.625	  28422.16406	 -66977.61719	  66983.75
 3199	 -552452.0625	  28310.9375	 -66863.33594	  66869.46875
 3198	 -550051.8125	  28298.6582	 -66835.14844	  66841.28125
 3195	 -550278.625	  28422.16406	 -66977.61719	  66983.75
 3200	 -552244.5625	  28199.25195	 -66733.00781	  66739.14063
 3198	 -550051.8125	  28298.6582	 -66835.14844	  66841.28125
 3199	 -552452.0625	  28310.9375	 -66863.33594	  66869.46875
 3198	 -550051.8125	  28298.6582	 -66835.14844	  66841.28125
 3201	 -547600.125	  28263.91211	 -66758.375	  66764.50781
 3196	 -547857.375	  28394.95898	 -66937.49219	  66943.625
 3198	 -550051.8125	  28298.6582	 -66835.14844	  66841.28125
 3200	 -552244.5625	  28199.25195	 -66733.00781	  66739.14063
 3202	 -552011.0625	  28084.24023	 -66570.35938	  66576.49219
 3203	 -549806.4375	  28175.62305	 -66664.25	  66670.38281
 3201	 -547600.125	  28263.91211	 -66758.375	  66764.50781
 3198	 -550051.8125	  28298.6582	 -66835.14844	  66841.28125
 3202	 -552011.0625	  28084.24023	 -66570.35938	  66576.49219
 3203	 -549806.4375	  28175.62305	 -66664.25	  66670.38281
 3198	 -550051.8125	  28298.6582	 -66835.14844	  66841.28125
 3203	 -549806.4375	  28175.62305	 -66664.25	  66670.38281
 3204	 -547331.75	  28135.07617	 -66555.82031	  66561.95313
 3201	 -547600.125	  28263.91211	 -66758.375	  66764.50781
 3203	 -549806.4375	  28175.62305	 -66664.25	  66670.38281
 3202	 -552011.0625	  28084.24023	 -66570.35938	  66576.49219
 3205	 -551758.8125	  27967.37109	 -66380.08594	  66386.21875
 3206	 -549545.9375	  28052.78906	 -66467.85156	  66473.98438
 3204	 -547331.75	  28135.07617	 -66555.82031	  66561.95313
 3203	 -549806.4375	  28175.62305	 -66664.25	  66670.38281
 3205	 -551758.8125	  27967.37109	 -66380.08594	  66386.21875
 3206	 -549545.9375	  28052.78906	 -66467.85156	  66473.98438
 3203	 -549806.4375	  28175.62305	 -66664.25	  66670.38281
 3206	 -549545.9375	  28052.78906	 -66467.85156	  66473.98438
 3207	 -547053.75	  28007.34961	 -66331.9375	  66338.07031
 3204	 -547331.75	  28135.07617	 -66555.82031	  66561.95313
 3206	 -549545.9375	  28052.78906	 -66467.85156	  66473.98438
 3205	 -551758.8125	  27967.37109	 -66380.08594	  66386.21875
 3208	 -551493.375	  27849.24805	 -66166.03906	  66172.17188
 3209	 -549274.4375	  27929.85352	 -66248.85938	  66254.99219
 3207	 -547053.75	  28007.34961	 -66331.9375	  66338.07031
 3206	 -549545.9375	  28052.78906	 -66467.85156	  66473.98438
 3208	 -551493.375	  27849.24805	 -66166.03906	  66172.17188
 3209	 -549274.4375	  27929.85352	 -66248.85938	  66254.99219
 3206	 -549545.9375	  28052.78906	 -66467.85156	  66473.98438
 3209	 -549274.4375	  27929.85352	 -66248.85938	  66254.99219
 3210	 -546769.375	  27880.02734	 -66089.1875	  66095.32031
 3207	 -547053.75	  28007.34961	 -66331.9375	  66338.07031
 3208	 -551493.375	  27849.24805	 -66166.03906	  66172.17188
 3211	 -548994.5625	  27806.57422	 -66010.25781	  66016.39063
 3209	 -549274.4375	  27929.85352	 -66248.85938	  66254.99219
 3211	 -548994.5625	  27806.57422	 -66010.25781	  66016.39063
 3210	 -546769.375	  27880.02734	 -66089.1875	  66095.32031
 3209	 -549274.4375	  27929.85352	 -66248.85938	  66254.99219
 3212	 -551218.50	  27730.02344	 -65931.60156	  65937.73438
 3211	 -548994.5625	  27806.57422	 -66010.25781	  66016.39063
 3208	 -551493.375	  27849.24805	 -66166.03906	  66172.17188
 3211	 -548994.5625	  27806.57422	 -66010.25781	  66016.39063
 3213	 -546481.125	  27752.60938	 -65830.28125	  65836.41406
 3210	 -546769.375	  27880.02734	 -66089.1875	  66095.32031
 3212	 -551218.50	  27730.02344	 -65931.60156	  65937.73438
 3214	 -548710.50	  27682.75195	 -65755.03125	  65761.16406
 3211	 -548994.5625	  27806.57422	 -66010.25781	  66016.39063
 3214	 -548710.50	  27682.75195	 -65755.03125	  65761.16406
 3213	 -546481.125	  27752.60938	 -65830.28125	  65836.41406
 3211	 -548994.5625	  27806.57422	 -66010.25781	  66016.39063
 3214	 -548710.50	  27682.75195	 -65755.03125	  65761.16406
 3212	 -551218.50	  27730.02344	 -65931.60156	  65937.73438
 3215	 -550938.625	  27609.7832	 -65680.05469	  65686.1875
 3214	 -548710.50	  27682.75195	 -65755.03125	  65761.16406
 3216	 -546192.4375	  27624.63281	 -65557.95313	  65564.08594
 3213	 -546481.125	  27752.60938	 -65830.28125	  65836.41406
 3214	 -548710.50	  27682.75195	 -65755.03125	  65761.16406
 3215	 -550938.625	  27609.7832	 -65680.05469	  65686.1875
 3217	 -550657.4375	  27488.49023	 -65414.58594	  65420.71484
 3218	 -548425.6875	  27558.12305	 -65486.13281	  65492.26563
 3216	 -546192.4375	  27624.63281	 -65557.95313	  65564.08594
 3214	 -548710.50	  27682.75195	 -65755.03125	  65761.16406
 3217	 -550657.4375	  27488.49023	 -65414.58594	  65420.71484
 3218	 -548425.6875	  27558.12305	 -65486.13281	  65492.26563
 3214	 -548710.50	  27682.75195	 -65755.03125	  65761.16406
 3218	 -548425.6875	  27558.12305	 -65486.13281	  65492.26563
 3219	 -545906.75	  27495.76172	 -65275.06641	  65281.19531
 3216	 -546192.4375	  27624.63281	 -65557.95313	  65564.08594
 3218	 -548425.6875	  27558.12305	 -65486.13281	  65492.26563
 3217	 -550657.4375	  27488.49023	 -65414.58594	  65420.71484
 3220	 -550378.50	  27366.02539	 -65138.28125	  65144.41016
 3221	 -548143.50	  27432.45117	 -65206.53516	  65212.66406
 3219	 -545906.75	  27495.76172	 -65275.06641	  65281.19531
 3218	 -548425.6875	  27558.12305	 -65486.13281	  65492.26563
 3220	 -550378.50	  27366.02539	 -65138.28125	  65144.41016
 3221	 -548143.50	  27432.45117	 -65206.53516	  65212.66406
 3218	 -548425.6875	  27558.12305	 -65486.13281	  65492.26563
 3221	 -548143.50	  27432.45117	 -65206.53516	  65212.66406
 3222	 -545627.75	  27365.62305	 -64984.46094	  64990.58984
 3219	 -545906.75	  27495.76172	 -65275.06641	  65281.19531
 3221	 -548143.50	  27432.45117	 -65206.53516	  65212.66406
 3220	 -550378.50	  27366.02539	 -65138.28125	  65144.41016
 3223	 -550105.25	  27242.28906	 -64854.25391	  64860.38281
 3224	 -547867.0625	  27305.52344	 -64919.22656	  64925.35547
 3222	 -545627.75	  27365.62305	 -64984.46094	  64990.58984
 3221	 -548143.50	  27432.45117	 -65206.53516	  65212.66406
 3223	 -550105.25	  27242.28906	 -64854.25391	  64860.38281
 3224	 -547867.0625	  27305.52344	 -64919.22656	  64925.35547
 3221	 -548143.50	  27432.45117	 -65206.53516	  65212.66406
 3224	 -547867.0625	  27305.52344	 -64919.22656	  64925.35547
 3225	 -545358.125	  27233.86133	 -64688.91797	  64695.04688
 3222	 -545627.75	  27365.62305	 -64984.46094	  64990.58984
 3226	 -547601.125	  27177.11914	 -64627.25391	  64633.38281
 3225	 -545358.125	  27233.86133	 -64688.91797	  64695.04688
 3224	 -547867.0625	  27305.52344	 -64919.22656	  64925.35547
 3223	 -550105.25	  27242.28906	 -64854.25391	  64860.38281
 3226	 -547601.125	  27177.11914	 -64627.25391	  64633.38281
 3224	 -547867.0625	  27305.52344	 -64919.22656	  64925.35547
 3227	 -549842.375	  27117.15039	 -64565.63281	  64571.76172
 3226	 -547601.125	  27177.11914	 -64627.25391	  64633.38281
 3223	 -550105.25	  27242.28906	 -64854.25391	  64860.38281
 3228	 -612863.3125	 -48320.41016	  10705.52734	 -10699.54883
 3229	 -614216.625	 -48782.50	  11187.79199	 -11181.81445
 3230	 -612184.50	 -48694.13281	  11086.16699	 -11080.18945
 3231	 -614783.125	 -48403.28516	  10801.52148	 -10795.54297
 3229	 -614216.625	 -48782.50	  11187.79199	 -11181.81445
 3228	 -612863.3125	 -48320.41016	  10705.52734	 -10699.54883
 3232	 -613541.50	 -47950.22266	  10325.15527	 -10319.17578
 3231	 -614783.125	 -48403.28516	  10801.52148	 -10795.54297
 3228	 -612863.3125	 -48320.41016	  10705.52734	 -10699.54883
 3233	 -615347.75	 -48027.54297	  10415.43945	 -10409.45996
 3231	 -614783.125	 -48403.28516	  10801.52148	 -10795.54297
 3232	 -613541.50	 -47950.22266	  10325.15527	 -10319.17578
 3231	 -614783.125	 -48403.28516	  10801.52148	 -10795.54297
 3234	 -616241.6875	 -48851.51172	  11270.87402	 -11264.89648
 3229	 -614216.625	 -48782.50	  11187.79199	 -11181.81445
 3231	 -614783.125	 -48403.28516	  10801.52148	 -10795.54297
 3233	 -615347.75	 -48027.54297	  10415.43945	 -10409.45996
 3235	 -617180.00	 -48088.83984	  10490.58984	 -10484.61035
 3236	 -616711.75	 -48468.42578	  10880.62109	 -10874.64258
 3234	 -616241.6875	 -48851.51172	  11270.87402	 -11264.89648
 3231	 -614783.125	 -48403.28516	  10801.52148	 -10795.54297
 3235	 -617180.00	 -48088.83984	  10490.58984	 -10484.61035
 3236	 -616711.75	 -48468.42578	  10880.62109	 -10874.64258
 3231	 -614783.125	 -48403.28516	  10801.52148	 -10795.54297
 3236	 -616711.75	 -48468.42578	  10880.62109	 -10874.64258
 3237	 -618249.8125	 -48904.49609	  11338.70508	 -11332.72754
 3234	 -616241.6875	 -48851.51172	  11270.87402	 -11264.89648
 3236	 -616711.75	 -48468.42578	  10880.62109	 -10874.64258
 3235	 -617180.00	 -48088.83984	  10490.58984	 -10484.61035
 3238	 -619031.00	 -48136.62109	  10553.08203	 -10547.10352
 3239	 -618641.3125	 -48518.80859	  10945.78223	 -10939.80371
 3237	 -618249.8125	 -48904.49609	  11338.70508	 -11332.72754
 3236	 -616711.75	 -48468.42578	  10880.62109	 -10874.64258
 3238	 -619031.00	 -48136.62109	  10553.08203	 -10547.10352
 3239	 -618641.3125	 -48518.80859	  10945.78223	 -10939.80371
 3236	 -616711.75	 -48468.42578	  10880.62109	 -10874.64258
 3239	 -618641.3125	 -48518.80859	  10945.78223	 -10939.80371
 3240	 -620231.9375	 -48944.67188	  11394.47754	 -11388.50
 3237	 -618249.8125	 -48904.49609	  11338.70508	 -11332.72754
 3239	 -618641.3125	 -48518.80859	  10945.78223	 -10939.80371
 3238	 -619031.00	 -48136.62109	  10553.08203	 -10547.10352
 3241	 -620893.1875	 -48173.51953	  10605.48633	 -10599.50781
 3242	 -620563.50	 -48557.34375	  10999.87109	 -10993.89355
 3240	 -620231.9375	 -48944.67188	  11394.47754	 -11388.50
 3239	 -618641.3125	 -48518.80859	  10945.78223	 -10939.80371
 3241	 -620893.1875	 -48173.51953	  10605.48633	 -10599.50781
 3242	 -620563.50	 -48557.34375	  10999.87109	 -10993.89355
 3239	 -618641.3125	 -48518.80859	  10945.78223	 -10939.80371
 3242	 -620563.50	 -48557.34375	  10999.87109	 -10993.89355
 3243	 -622179.50	 -48975.33984	  11441.46484	 -11435.4873
 3240	 -620231.9375	 -48944.67188	  11394.47754	 -11388.50
 3241	 -620893.1875	 -48173.51953	  10605.48633	 -10599.50781
 3244	 -622469.6875	 -48587.02734	  11045.84863	 -11039.87109
 3242	 -620563.50	 -48557.34375	  10999.87109	 -10993.89355
 3244	 -622469.6875	 -48587.02734	  11045.84863	 -11039.87109
 3243	 -622179.50	 -48975.33984	  11441.46484	 -11435.4873
 3242	 -620563.50	 -48557.34375	  10999.87109	 -10993.89355
 3245	 -622758.375	 -48202.21875	  10650.45117	 -10644.47266
 3244	 -622469.6875	 -48587.02734	  11045.84863	 -11039.87109
 3241	 -620893.1875	 -48173.51953	  10605.48633	 -10599.50781
 3244	 -622469.6875	 -48587.02734	  11045.84863	 -11039.87109
 3246	 -624083.25	 -48999.47656	  11482.60938	 -11476.63281
 3243	 -622179.50	 -48975.33984	  11441.46484	 -11435.4873
 3245	 -622758.375	 -48202.21875	  10650.45117	 -10644.47266
 3247	 -624351.9375	 -48610.73438	  11086.54785	 -11080.57031
 3244	 -622469.6875	 -48587.02734	  11045.84863	 -11039.87109
 3247	 -624351.9375	 -48610.73438	  11086.54785	 -11080.57031
 3246	 -624083.25	 -48999.47656	  11482.60938	 -11476.63281
 3244	 -622469.6875	 -48587.02734	  11045.84863	 -11039.87109
 3247	 -624351.9375	 -48610.73438	  11086.54785	 -11080.57031
 3245	 -622758.375	 -48202.21875	  10650.45117	 -10644.47266
 3248	 -624619.0625	 -48225.48828	  10690.70313	 -10684.72461
 3247	 -624351.9375	 -48610.73438	  11086.54785	 -11080.57031
 3249	 -625933.875	 -49020.1875	  11520.97949	 -11515.00293
 3246	 -624083.25	 -48999.47656	  11482.60938	 -11476.63281
 3247	 -624351.9375	 -48610.73438	  11086.54785	 -11080.57031
 3248	 -624619.0625	 -48225.48828	  10690.70313	 -10684.72461
 3250	 -626467.6875	 -48246.13281	  10729.00879	 -10723.03027
 3251	 -626201.625	 -48631.42188	  11124.90137	 -11118.92383
 3249	 -625933.875	 -49020.1875	  11520.97949	 -11515.00293
 3247	 -624351.9375	 -48610.73438	  11086.54785	 -11080.57031
 3250	 -626467.6875	 -48246.13281	  10729.00879	 -10723.03027
 3251	 -626201.625	 -48631.42188	  11124.90137	 -11118.92383
 3247	 -624351.9375	 -48610.73438	  11086.54785	 -11080.57031
 3251	 -626201.625	 -48631.42188	  11124.90137	 -11118.92383
 3252	 -627722.3125	 -49040.37891	  11559.45215	 -11553.47559
 3249	 -625933.875	 -49020.1875	  11520.97949	 -11515.00293
 3251	 -626201.625	 -48631.42188	  11124.90137	 -11118.92383
 3250	 -626467.6875	 -48246.13281	  10729.00879	 -10723.03027
 3253	 -628297.375	 -48267.125	  10768.30371	 -10762.3252
 3254	 -628010.6875	 -48651.96875	  11163.73633	 -11157.75879
 3252	 -627722.3125	 -49040.37891	  11559.45215	 -11553.47559
 3251	 -626201.625	 -48631.42188	  11124.90137	 -11118.92383
 3253	 -628297.375	 -48267.125	  10768.30371	 -10762.3252
 3254	 -628010.6875	 -48651.96875	  11163.73633	 -11157.75879
 3251	 -626201.625	 -48631.42188	  11124.90137	 -11118.92383
 3254	 -628010.6875	 -48651.96875	  11163.73633	 -11157.75879
 3255	 -629438.1875	 -49062.73828	  11600.66992	 -11594.69336
 3252	 -627722.3125	 -49040.37891	  11559.45215	 -11553.47559
 3254	 -628010.6875	 -48651.96875	  11163.73633	 -11157.75879
 3253	 -628297.375	 -48267.125	  10768.30371	 -10762.3252
 3256	 -630100.875	 -48291.625	  10811.7207	 -10805.74219
 3257	 -629770.125	 -48675.43359	  11206.08887	 -11200.11133
 3255	 -629438.1875	 -49062.73828	  11600.66992	 -11594.69336
 3254	 -628010.6875	 -48651.96875	  11163.73633	 -11157.75879
 3256	 -630100.875	 -48291.625	  10811.7207	 -10805.74219
 3257	 -629770.125	 -48675.43359	  11206.08887	 -11200.11133
 3254	 -628010.6875	 -48651.96875	  11163.73633	 -11157.75879
 3257	 -629770.125	 -48675.43359	  11206.08887	 -11200.11133
 3258	 -631071.25	 -49090.01563	  11647.34082	 -11641.36426
 3255	 -629438.1875	 -49062.73828	  11600.66992	 -11594.69336
 3259	 -631471.9375	 -48704.60547	  11254.69531	 -11248.71777
 3258	 -631071.25	 -49090.01563	  11647.34082	 -11641.36426
 3257	 -629770.125	 -48675.43359	  11206.08887	 -11200.11133
 3256	 -630100.875	 -48291.625	  10811.7207	 -10805.74219
 3259	 -631471.9375	 -48704.60547	  11254.69531	 -11248.71777
 3257	 -629770.125	 -48675.43359	  11206.08887	 -11200.11133
 3260	 -631872.3125	 -48322.76172	  10862.34473	 -10856.36621
 3259	 -631471.9375	 -48704.60547	  11254.69531	 -11248.71777
 3256	 -630100.875	 -48291.625	  10811.7207	 -10805.74219
 3261	 -593236.50	 -46851.33984	  9147.97266	 -9141.99121
 3262	 -593765.6875	 -47354.77344	  9665.38574	 -9659.40527
 3263	 -592054.5625	 -47186.06641	  9488.54297	 -9482.56152
 3264	 -594888.875	 -47014.10156	  9318.70898	 -9312.72754
 3262	 -593765.6875	 -47354.77344	  9665.38574	 -9659.40527
 3261	 -593236.50	 -46851.33984	  9147.97266	 -9141.99121
 3265	 -594417.5625	 -46520.125	  8807.64258	 -8801.66016
 3264	 -594888.875	 -47014.10156	  9318.70898	 -9312.72754
 3261	 -593236.50	 -46851.33984	  9147.97266	 -9141.99121
 3266	 -596009.9375	 -46676.83984	  8972.16602	 -8966.18359
 3264	 -594888.875	 -47014.10156	  9318.70898	 -9312.72754
 3265	 -594417.5625	 -46520.125	  8807.64258	 -8801.66016
 3264	 -594888.875	 -47014.10156	  9318.70898	 -9312.72754
 3267	 -595608.875	 -47525.35938	  9843.76465	 -9837.78418
 3262	 -593765.6875	 -47354.77344	  9665.38574	 -9659.40527
 3264	 -594888.875	 -47014.10156	  9318.70898	 -9312.72754
 3266	 -596009.9375	 -46676.83984	  8972.16602	 -8966.18359
 3268	 -597749.5625	 -46837.66016	  9140.51074	 -9134.5293
 3269	 -596680.3125	 -47179.80469	  9492.07227	 -9486.09082
 3267	 -595608.875	 -47525.35938	  9843.76465	 -9837.78418
 3264	 -594888.875	 -47014.10156	  9318.70898	 -9312.72754
 3268	 -597749.5625	 -46837.66016	  9140.51074	 -9134.5293
 3269	 -596680.3125	 -47179.80469	  9492.07227	 -9486.09082
 3264	 -594888.875	 -47014.10156	  9318.70898	 -9312.72754
 3269	 -596680.3125	 -47179.80469	  9492.07227	 -9486.09082
 3270	 -597559.9375	 -47695.78516	  10021.83984	 -10015.86035
 3267	 -595608.875	 -47525.35938	  9843.76465	 -9837.78418
 3269	 -596680.3125	 -47179.80469	  9492.07227	 -9486.09082
 3268	 -597749.5625	 -46837.66016	  9140.51074	 -9134.5293
 3271	 -599607.625	 -46999.84375	  9310.11914	 -9304.1377
 3272	 -598584.8125	 -47346.125	  9665.92969	 -9659.94922
 3270	 -597559.9375	 -47695.78516	  10021.83984	 -10015.86035
 3269	 -596680.3125	 -47179.80469	  9492.07227	 -9486.09082
 3271	 -599607.625	 -46999.84375	  9310.11914	 -9304.1377
 3272	 -598584.8125	 -47346.125	  9665.92969	 -9659.94922
 3269	 -596680.3125	 -47179.80469	  9492.07227	 -9486.09082
 3272	 -598584.8125	 -47346.125	  9665.92969	 -9659.94922
 3273	 -599594.50	 -47863.87891	  10197.64063	 -10191.66113
 3270	 -597559.9375	 -47695.78516	  10021.83984	 -10015.86035
 3272	 -598584.8125	 -47346.125	  9665.92969	 -9659.94922
 3271	 -599607.625	 -46999.84375	  9310.11914	 -9304.1377
 3274	 -601555.1875	 -47160.55859	  9478.3418	 -9472.36035
 3275	 -600576.0625	 -47510.49609	  9837.90723	 -9831.92676
 3273	 -599594.50	 -47863.87891	  10197.64063	 -10191.66113
 3272	 -598584.8125	 -47346.125	  9665.92969	 -9659.94922
 3274	 -601555.1875	 -47160.55859	  9478.3418	 -9472.36035
 3275	 -600576.0625	 -47510.49609	  9837.90723	 -9831.92676
 3272	 -598584.8125	 -47346.125	  9665.92969	 -9659.94922
 3275	 -600576.0625	 -47510.49609	  9837.90723	 -9831.92676
 3276	 -601688.4375	 -48027.32422	  10369.04492	 -10363.06543
 3273	 -599594.50	 -47863.87891	  10197.64063	 -10191.66113
 3274	 -601555.1875	 -47160.55859	  9478.3418	 -9472.36035
 3277	 -602627.50	 -47670.57422	  10005.84961	 -9999.86914
 3275	 -600576.0625	 -47510.49609	  9837.90723	 -9831.92676
 3277	 -602627.50	 -47670.57422	  10005.84961	 -9999.86914
 3276	 -601688.4375	 -48027.32422	  10369.04492	 -10363.06543
 3275	 -600576.0625	 -47510.49609	  9837.90723	 -9831.92676
 3278	 -603564.125	 -47317.23828	  9642.79004	 -9636.80957
 3277	 -602627.50	 -47670.57422	  10005.84961	 -9999.86914
 3274	 -601555.1875	 -47160.55859	  9478.3418	 -9472.36035
 3277	 -602627.50	 -47670.57422	  10005.84961	 -9999.86914
 3279	 -603816.75	 -48183.87891	  10534.00	 -10528.02148
 3276	 -601688.4375	 -48027.32422	  10369.04492	 -10363.06543
 3278	 -603564.125	 -47317.23828	  9642.79004	 -9636.80957
 3280	 -604712.875	 -47823.88672	  10167.47461	 -10161.49512
 3277	 -602627.50	 -47670.57422	  10005.84961	 -9999.86914
 3280	 -604712.875	 -47823.88672	  10167.47461	 -10161.49512
 3279	 -603816.75	 -48183.87891	  10534.00	 -10528.02148
 3277	 -602627.50	 -47670.57422	  10005.84961	 -9999.86914
 3280	 -604712.875	 -47823.88672	  10167.47461	 -10161.49512
 3278	 -603564.125	 -47317.23828	  9642.79004	 -9636.80957
 3281	 -605606.50	 -47467.30859	  9801.08594	 -9795.10547
 3280	 -604712.875	 -47823.88672	  10167.47461	 -10161.49512
 3282	 -605954.625	 -48331.16406	  10690.32813	 -10684.34961
 3279	 -603816.75	 -48183.87891	  10534.00	 -10528.02148
 3280	 -604712.875	 -47823.88672	  10167.47461	 -10161.49512
 3281	 -605606.50	 -47467.30859	  9801.08594	 -9795.10547
 3283	 -607653.9375	 -47608.17578	  9950.81934	 -9944.83887
 3284	 -606805.50	 -47967.96484	  10320.50684	 -10314.52734
 3282	 -605954.625	 -48331.16406	  10690.32813	 -10684.34961
 3280	 -604712.875	 -47823.88672	  10167.47461	 -10161.49512
 3283	 -607653.9375	 -47608.17578	  9950.81934	 -9944.83887
 3284	 -606805.50	 -47967.96484	  10320.50684	 -10314.52734
 3280	 -604712.875	 -47823.88672	  10167.47461	 -10161.49512
 3284	 -606805.50	 -47967.96484	  10320.50684	 -10314.52734
 3285	 -608077.8125	 -48466.9375	  10835.96875	 -10829.99023
 3282	 -605954.625	 -48331.16406	  10690.32813	 -10684.34961
 3284	 -606805.50	 -47967.96484	  10320.50684	 -10314.52734
 3283	 -607653.9375	 -47608.17578	  9950.81934	 -9944.83887
 3286	 -609678.50	 -47737.33594	  10089.66406	 -10083.68457
 3287	 -608879.25	 -48100.39844	  10462.7207	 -10456.74121
 3285	 -608077.8125	 -48466.9375	  10835.96875	 -10829.99023
 3284	 -606805.50	 -47967.96484	  10320.50684	 -10314.52734
 3286	 -609678.50	 -47737.33594	  10089.66406	 -10083.68457
 3287	 -608879.25	 -48100.39844	  10462.7207	 -10456.74121
 3284	 -606805.50	 -47967.96484	  10320.50684	 -10314.52734
 3287	 -608879.25	 -48100.39844	  10462.7207	 -10456.74121
 3288	 -610161.625	 -48588.66016	  10968.58496	 -10962.60645
 3285	 -608077.8125	 -48466.9375	  10835.96875	 -10829.99023
 3287	 -608879.25	 -48100.39844	  10462.7207	 -10456.74121
 3286	 -609678.50	 -47737.33594	  10089.66406	 -10083.68457
 3289	 -611651.00	 -47852.16797	  10215.19922	 -10209.21973
 3290	 -610907.4375	 -48218.69141	  10591.80859	 -10585.83008
 3288	 -610161.625	 -48588.66016	  10968.58496	 -10962.60645
 3287	 -608879.25	 -48100.39844	  10462.7207	 -10456.74121
 3289	 -611651.00	 -47852.16797	  10215.19922	 -10209.21973
 3290	 -610907.4375	 -48218.69141	  10591.80859	 -10585.83008
 3287	 -608879.25	 -48100.39844	  10462.7207	 -10456.74121
 3290	 -610907.4375	 -48218.69141	  10591.80859	 -10585.83008
 3291	 -612184.50	 -48694.13281	  11086.16699	 -11080.18945
 3288	 -610161.625	 -48588.66016	  10968.58496	 -10962.60645
 3292	 -612863.3125	 -48320.41016	  10705.52734	 -10699.54883
 3291	 -612184.50	 -48694.13281	  11086.16699	 -11080.18945
 3290	 -610907.4375	 -48218.69141	  10591.80859	 -10585.83008
 3289	 -611651.00	 -47852.16797	  10215.19922	 -10209.21973
 3292	 -612863.3125	 -48320.41016	  10705.52734	 -10699.54883
 3290	 -610907.4375	 -48218.69141	  10591.80859	 -10585.83008
 3293	 -613541.6875	 -47950.21875	  10325.15234	 -10319.17285
 3292	 -612863.3125	 -48320.41016	  10705.52734	 -10699.54883
 3289	 -611651.00	 -47852.16797	  10215.19922	 -10209.21973
 3294	 -581399.50	 -45112.66016	  7333.9707	 -7327.98535
 3295	 -580882.00	 -45585.98047	  7815.33008	 -7809.3457
 3296	 -579765.375	 -45385.40234	  7610.84766	 -7604.86279
 3297	 -582523.0625	 -45314.44922	  7539.69727	 -7533.7124
 3295	 -580882.00	 -45585.98047	  7815.33008	 -7809.3457
 3294	 -581399.50	 -45112.66016	  7333.9707	 -7327.98535
 3298	 -583032.5625	 -44843.37109	  7057.271	 -7051.28516
 3297	 -582523.0625	 -45314.44922	  7539.69727	 -7533.7124
 3294	 -581399.50	 -45112.66016	  7333.9707	 -7327.98535
 3299	 -584162.00	 -45046.23828	  7264.10254	 -7258.11719
 3297	 -582523.0625	 -45314.44922	  7539.69727	 -7533.7124
 3298	 -583032.5625	 -44843.37109	  7057.271	 -7051.28516
 3297	 -582523.0625	 -45314.44922	  7539.69727	 -7533.7124
 3300	 -581966.4375	 -45779.38672	  8014.0918	 -8008.10791
 3295	 -580882.00	 -45585.98047	  7815.33008	 -7809.3457
 3297	 -582523.0625	 -45314.44922	  7539.69727	 -7533.7124
 3299	 -584162.00	 -45046.23828	  7264.10254	 -7258.11719
 3301	 -585235.75	 -45237.66406	  7460.82861	 -7454.84375
 3302	 -583602.25	 -45506.86719	  7737.43945	 -7731.45508
 3300	 -581966.4375	 -45779.38672	  8014.0918	 -8008.10791
 3297	 -582523.0625	 -45314.44922	  7539.69727	 -7533.7124
 3301	 -585235.75	 -45237.66406	  7460.82861	 -7454.84375
 3302	 -583602.25	 -45506.86719	  7737.43945	 -7731.45508
 3297	 -582523.0625	 -45314.44922	  7539.69727	 -7533.7124
 3302	 -583602.25	 -45506.86719	  7737.43945	 -7731.45508
 3303	 -583041.8125	 -45966.88672	  8208.17871	 -8202.19531
