 21515	 -24.09501	  3.55896	 -6.62175	 -6.11993
 21521	 -23.8814	  3.35117	 -6.67707	 -6.17523
 21520	 -24.09501	  3.32547	 -6.62848	 -6.12665
 21514	 -23.8814	  3.58465	 -6.67035	 -6.16851
 21522	 -24.38498	  3.1608	 -6.56625	 -6.06444
 21519	 -24.3364	  3.39201	 -6.57081	 -6.069
 21520	 -24.09501	  3.32547	 -6.62848	 -6.12665
 21521	 -23.8814	  3.35117	 -6.67707	 -6.17523
 21523	 -24.09501	  2.8585	 -6.64192	 -6.14009
 21520	 -24.09501	  3.32547	 -6.62848	 -6.12665
 21523	 -24.09501	  2.8585	 -6.64192	 -6.14009
 21522	 -24.38498	  3.1608	 -6.56625	 -6.06444
 21520	 -24.09501	  3.32547	 -6.62848	 -6.12665
 21524	 -24.4024	  2.82152	 -6.57199	 -6.07018
 21522	 -24.38498	  3.1608	 -6.56625	 -6.06444
 21523	 -24.09501	  2.8585	 -6.64192	 -6.14009
 21525	 -23.8814	  2.88419	 -6.69052	 -6.18867
 21523	 -24.09501	  2.8585	 -6.64192	 -6.14009
 21521	 -23.8814	  3.35117	 -6.67707	 -6.17523
 21524	 -24.4024	  2.82152	 -6.57199	 -6.07018
 21523	 -24.09501	  2.8585	 -6.64192	 -6.14009
 21526	 -24.38498	  2.48643	 -6.58566	 -6.08385
 21525	 -23.8814	  2.88419	 -6.69052	 -6.18867
 21527	 -24.09501	  2.39153	 -6.65537	 -6.15353
 21523	 -24.09501	  2.8585	 -6.64192	 -6.14009
 21526	 -24.38498	  2.48643	 -6.58566	 -6.08385
 21523	 -24.09501	  2.8585	 -6.64192	 -6.14009
 21527	 -24.09501	  2.39153	 -6.65537	 -6.15353
 21528	 -23.8814	  2.41722	 -6.70396	 -6.20211
 21527	 -24.09501	  2.39153	 -6.65537	 -6.15353
 21525	 -23.8814	  2.88419	 -6.69052	 -6.18867
 21527	 -24.09501	  2.39153	 -6.65537	 -6.15353
 21529	 -24.3364	  2.27262	 -6.60304	 -6.10122
 21526	 -24.38498	  2.48643	 -6.58566	 -6.08385
 21530	 -23.89168	  2.16037	 -6.70898	 -6.20713
 21527	 -24.09501	  2.39153	 -6.65537	 -6.15353
 21528	 -23.8814	  2.41722	 -6.70396	 -6.20211
 21531	 -24.10529	  2.13468	 -6.66039	 -6.15855
 21529	 -24.3364	  2.27262	 -6.60304	 -6.10122
 21527	 -24.09501	  2.39153	 -6.65537	 -6.15353
 21531	 -24.10529	  2.13468	 -6.66039	 -6.15855
 21527	 -24.09501	  2.39153	 -6.65537	 -6.15353
 21530	 -23.89168	  2.16037	 -6.70898	 -6.20713
 21529	 -24.3364	  2.27262	 -6.60304	 -6.10122
 21531	 -24.10529	  2.13468	 -6.66039	 -6.15855
 21532	 -24.23422	  2.04378	 -6.63323	 -6.1314
 21532	 -24.23422	  2.04378	 -6.63323	 -6.1314
 21531	 -24.10529	  2.13468	 -6.66039	 -6.15855
 21533	 -24.09501	  1.92456	 -6.66881	 -6.16697
 21531	 -24.10529	  2.13468	 -6.66039	 -6.15855
 21530	 -23.89168	  2.16037	 -6.70898	 -6.20713
 21533	 -24.09501	  1.92456	 -6.66881	 -6.16697
 21533	 -24.09501	  1.92456	 -6.66881	 -6.16697
 21530	 -23.89168	  2.16037	 -6.70898	 -6.20713
 21534	 -23.8814	  1.95025	 -6.7174	 -6.21555
 21535	 -23.96166	  3.8452	 -6.71479	 -6.21293
 21536	 -23.8814	  3.81814	 -6.66362	 -6.16178
 21537	 -24.17527	  3.8195	 -6.6662	 -6.16435
 21537	 -24.17527	  3.8195	 -6.6662	 -6.16435
 21536	 -23.8814	  3.81814	 -6.66362	 -6.16178
 21538	 -24.09501	  3.79245	 -6.61503	 -6.1132
 21537	 -24.17527	  3.8195	 -6.6662	 -6.16435
 21538	 -24.09501	  3.79245	 -6.61503	 -6.1132
 21539	 -24.31448	  3.66677	 -6.63844	 -6.13661
 21539	 -24.31448	  3.66677	 -6.63844	 -6.13661
 21538	 -24.09501	  3.79245	 -6.61503	 -6.1132
 21540	 -24.23422	  3.63972	 -6.58728	 -6.08546
 21540	 -24.23422	  3.63972	 -6.58728	 -6.08546
 21541	 -24.41666	  3.41907	 -6.62197	 -6.12015
 21539	 -24.31448	  3.66677	 -6.63844	 -6.13661
 21542	 -24.3364	  3.39201	 -6.57081	 -6.069
 21541	 -24.41666	  3.41907	 -6.62197	 -6.12015
 21540	 -24.23422	  3.63972	 -6.58728	 -6.08546
 21543	 -24.17527	  3.58601	 -6.67292	 -6.17108
 21544	 -23.96166	  3.61171	 -6.72151	 -6.21966
 21545	 -24.17527	  3.8195	 -6.6662	 -6.16435
 21545	 -24.17527	  3.8195	 -6.6662	 -6.16435
 21544	 -23.96166	  3.61171	 -6.72151	 -6.21966
 21546	 -23.96166	  3.8452	 -6.71479	 -6.21293
 21547	 -24.31448	  3.66677	 -6.63844	 -6.13661
 21543	 -24.17527	  3.58601	 -6.67292	 -6.17108
 21545	 -24.17527	  3.8195	 -6.6662	 -6.16435
 21543	 -24.17527	  3.58601	 -6.67292	 -6.17108
 21548	 -23.96166	  3.37823	 -6.72823	 -6.22638
 21544	 -23.96166	  3.61171	 -6.72151	 -6.21966
 21549	 -24.41666	  3.41907	 -6.62197	 -6.12015
 21543	 -24.17527	  3.58601	 -6.67292	 -6.17108
 21547	 -24.31448	  3.66677	 -6.63844	 -6.13661
 21550	 -24.17527	  3.35253	 -6.67964	 -6.1778
 21548	 -23.96166	  3.37823	 -6.72823	 -6.22638
 21543	 -24.17527	  3.58601	 -6.67292	 -6.17108
 21549	 -24.41666	  3.41907	 -6.62197	 -6.12015
 21550	 -24.17527	  3.35253	 -6.67964	 -6.1778
 21543	 -24.17527	  3.58601	 -6.67292	 -6.17108
 21550	 -24.17527	  3.35253	 -6.67964	 -6.1778
 21551	 -23.96166	  2.91125	 -6.74168	 -6.23982
 21548	 -23.96166	  3.37823	 -6.72823	 -6.22638
 21552	 -24.46524	  3.18786	 -6.61741	 -6.11559
 21550	 -24.17527	  3.35253	 -6.67964	 -6.1778
 21549	 -24.41666	  3.41907	 -6.62197	 -6.12015
 21553	 -24.17527	  2.88555	 -6.69309	 -6.19124
 21551	 -23.96166	  2.91125	 -6.74168	 -6.23982
 21550	 -24.17527	  3.35253	 -6.67964	 -6.1778
 21552	 -24.46524	  3.18786	 -6.61741	 -6.11559
 21553	 -24.17527	  2.88555	 -6.69309	 -6.19124
 21550	 -24.17527	  3.35253	 -6.67964	 -6.1778
 21554	 -24.48266	  2.84858	 -6.62316	 -6.12133
 21553	 -24.17527	  2.88555	 -6.69309	 -6.19124
 21552	 -24.46524	  3.18786	 -6.61741	 -6.11559
 21553	 -24.17527	  2.88555	 -6.69309	 -6.19124
 21555	 -23.96166	  2.44428	 -6.75512	 -6.25326
 21551	 -23.96166	  2.91125	 -6.74168	 -6.23982
 21556	 -24.46524	  2.51349	 -6.63683	 -6.135
 21553	 -24.17527	  2.88555	 -6.69309	 -6.19124
 21554	 -24.48266	  2.84858	 -6.62316	 -6.12133
 21557	 -24.17527	  2.41858	 -6.70653	 -6.20468
 21555	 -23.96166	  2.44428	 -6.75512	 -6.25326
 21553	 -24.17527	  2.88555	 -6.69309	 -6.19124
 21557	 -24.17527	  2.41858	 -6.70653	 -6.20468
 21553	 -24.17527	  2.88555	 -6.69309	 -6.19124
 21556	 -24.46524	  2.51349	 -6.63683	 -6.135
 21557	 -24.17527	  2.41858	 -6.70653	 -6.20468
 21558	 -23.97193	  2.18743	 -6.76015	 -6.25828
 21555	 -23.96166	  2.44428	 -6.75512	 -6.25326
 21559	 -24.41666	  2.29967	 -6.6542	 -6.15237
 21557	 -24.17527	  2.41858	 -6.70653	 -6.20468
 21556	 -24.46524	  2.51349	 -6.63683	 -6.135
 21560	 -23.96166	  1.97731	 -6.76857	 -6.2667
 21558	 -23.97193	  2.18743	 -6.76015	 -6.25828
 21561	 -24.17527	  1.95161	 -6.71998	 -6.21812
 21562	 -24.18554	  2.16173	 -6.71155	 -6.2097
 21557	 -24.17527	  2.41858	 -6.70653	 -6.20468
 21559	 -24.41666	  2.29967	 -6.6542	 -6.15237
 21562	 -24.18554	  2.16173	 -6.71155	 -6.2097
 21558	 -23.97193	  2.18743	 -6.76015	 -6.25828
 21557	 -24.17527	  2.41858	 -6.70653	 -6.20468
 21561	 -24.17527	  1.95161	 -6.71998	 -6.21812
 21558	 -23.97193	  2.18743	 -6.76015	 -6.25828
 21562	 -24.18554	  2.16173	 -6.71155	 -6.2097
 21563	 -24.31448	  2.07084	 -6.68439	 -6.18255
 21562	 -24.18554	  2.16173	 -6.71155	 -6.2097
 21559	 -24.41666	  2.29967	 -6.6542	 -6.15237
 21561	 -24.17527	  1.95161	 -6.71998	 -6.21812
 21562	 -24.18554	  2.16173	 -6.71155	 -6.2097
 21563	 -24.31448	  2.07084	 -6.68439	 -6.18255
 21564	 -24.38498	  3.1608	 -6.56625	 -6.06444
 21565	 -24.46524	  3.18786	 -6.61741	 -6.11559
 21566	 -24.3364	  3.39201	 -6.57081	 -6.069
 21566	 -24.3364	  3.39201	 -6.57081	 -6.069
 21565	 -24.46524	  3.18786	 -6.61741	 -6.11559
 21567	 -24.41666	  3.41907	 -6.62197	 -6.12015
 21564	 -24.38498	  3.1608	 -6.56625	 -6.06444
 21568	 -24.48266	  2.84858	 -6.62316	 -6.12133
 21565	 -24.46524	  3.18786	 -6.61741	 -6.11559
 21569	 -24.4024	  2.82152	 -6.57199	 -6.07018
 21568	 -24.48266	  2.84858	 -6.62316	 -6.12133
 21564	 -24.38498	  3.1608	 -6.56625	 -6.06444
 21569	 -24.4024	  2.82152	 -6.57199	 -6.07018
 21570	 -24.46524	  2.51349	 -6.63683	 -6.135
 21568	 -24.48266	  2.84858	 -6.62316	 -6.12133
 21571	 -24.38498	  2.48643	 -6.58566	 -6.08385
 21570	 -24.46524	  2.51349	 -6.63683	 -6.135
 21569	 -24.4024	  2.82152	 -6.57199	 -6.07018
 21572	 -24.3364	  2.27262	 -6.60304	 -6.10122
 21570	 -24.46524	  2.51349	 -6.63683	 -6.135
 21571	 -24.38498	  2.48643	 -6.58566	 -6.08385
 21573	 -24.41666	  2.29967	 -6.6542	 -6.15237
 21570	 -24.46524	  2.51349	 -6.63683	 -6.135
 21572	 -24.3364	  2.27262	 -6.60304	 -6.10122
 21574	 -24.23422	  2.04378	 -6.63323	 -6.1314
 21573	 -24.41666	  2.29967	 -6.6542	 -6.15237
 21572	 -24.3364	  2.27262	 -6.60304	 -6.10122
 21575	 -24.31448	  2.07084	 -6.68439	 -6.18255
 21573	 -24.41666	  2.29967	 -6.6542	 -6.15237
 21574	 -24.23422	  2.04378	 -6.63323	 -6.1314
 21576	 -23.8814	  1.95025	 -6.7174	 -6.21555
 21577	 -23.96166	  1.97731	 -6.76857	 -6.2667
 21578	 -24.09501	  1.92456	 -6.66881	 -6.16697
 21578	 -24.09501	  1.92456	 -6.66881	 -6.16697
 21577	 -23.96166	  1.97731	 -6.76857	 -6.2667
 21579	 -24.17527	  1.95161	 -6.71998	 -6.21812
 21578	 -24.09501	  1.92456	 -6.66881	 -6.16697
 21579	 -24.17527	  1.95161	 -6.71998	 -6.21812
 21580	 -24.23422	  2.04378	 -6.63323	 -6.1314
 21580	 -24.23422	  2.04378	 -6.63323	 -6.1314
 21579	 -24.17527	  1.95161	 -6.71998	 -6.21812
 21581	 -24.31448	  2.07084	 -6.68439	 -6.18255
 21582	 -14.21879	  9.33709	 -7.0786	 -6.57664
 21583	 -14.20935	  9.34498	 -7.09309	 -6.59113
 21584	 -14.2186	  9.2889	 -7.08003	 -6.57807
 21584	 -14.2186	  9.2889	 -7.08003	 -6.57807
 21583	 -14.20935	  9.34498	 -7.09309	 -6.59113
 21585	 -14.20899	  9.29673	 -7.09457	 -6.5926
 21586	 -14.24604	  9.33126	 -7.06788	 -6.56592
 21587	 -14.21879	  9.33709	 -7.0786	 -6.57664
 21588	 -14.24604	  9.28314	 -7.06926	 -6.56731
 21588	 -14.24604	  9.28314	 -7.06926	 -6.56731
 21587	 -14.21879	  9.33709	 -7.0786	 -6.57664
 21589	 -14.2186	  9.2889	 -7.08003	 -6.57807
 21590	 -14.28394	  9.28104	 -7.06516	 -6.56321
 21591	 -14.28376	  9.32912	 -7.06382	 -6.56187
 21592	 -14.24604	  9.28314	 -7.06926	 -6.56731
 21592	 -14.24604	  9.28314	 -7.06926	 -6.56731
 21591	 -14.28376	  9.32912	 -7.06382	 -6.56187
 21593	 -14.24604	  9.33126	 -7.06788	 -6.56592
 21594	 -14.32212	  9.2831	 -7.06883	 -6.56687
 21595	 -14.3218	  9.33117	 -7.06752	 -6.56556
 21596	 -14.28394	  9.28104	 -7.06516	 -6.56321
 21596	 -14.28394	  9.28104	 -7.06516	 -6.56321
 21595	 -14.3218	  9.33117	 -7.06752	 -6.56556
 21597	 -14.28376	  9.32912	 -7.06382	 -6.56187
 21598	 -14.35034	  9.28868	 -7.07926	 -6.57731
 21599	 -14.34997	  9.33676	 -7.07797	 -6.57601
 21600	 -14.32212	  9.2831	 -7.06883	 -6.56687
 21600	 -14.32212	  9.2831	 -7.06883	 -6.56687
 21599	 -14.34997	  9.33676	 -7.07797	 -6.57601
 21601	 -14.3218	  9.33117	 -7.06752	 -6.56556
 21602	 -14.36077	  9.34431	 -7.09237	 -6.5904
 21603	 -14.34997	  9.33676	 -7.07797	 -6.57601
 21604	 -14.36109	  9.29624	 -7.09368	 -6.59171
 21604	 -14.36109	  9.29624	 -7.09368	 -6.59171
 21603	 -14.34997	  9.33676	 -7.07797	 -6.57601
 21605	 -14.35034	  9.28868	 -7.07926	 -6.57731
 21606	 -14.3513	  9.35189	 -7.10688	 -6.60491
 21607	 -14.36077	  9.34431	 -7.09237	 -6.5904
 21608	 -14.35148	  9.30381	 -7.10822	 -6.60626
 21608	 -14.35148	  9.30381	 -7.10822	 -6.60626
 21607	 -14.36077	  9.34431	 -7.09237	 -6.5904
 21609	 -14.36109	  9.29624	 -7.09368	 -6.59171
 21610	 -14.32404	  9.35756	 -7.11761	 -6.61564
 21611	 -14.3513	  9.35189	 -7.10688	 -6.60491
 21612	 -14.32404	  9.30944	 -7.11899	 -6.61702
 21612	 -14.32404	  9.30944	 -7.11899	 -6.61702
 21611	 -14.3513	  9.35189	 -7.10688	 -6.60491
 21613	 -14.35148	  9.30381	 -7.10822	 -6.60626
 21614	 -14.28614	  9.31167	 -7.12309	 -6.62112
 21615	 -14.28633	  9.35986	 -7.12165	 -6.61968
 21616	 -14.32404	  9.30944	 -7.11899	 -6.61702
 21616	 -14.32404	  9.30944	 -7.11899	 -6.61702
 21615	 -14.28633	  9.35986	 -7.12165	 -6.61968
 21617	 -14.32404	  9.35756	 -7.11761	 -6.61564
 21618	 -14.24796	  9.30987	 -7.11941	 -6.61744
 21619	 -14.24832	  9.35812	 -7.11794	 -6.61597
 21620	 -14.28614	  9.31167	 -7.12309	 -6.62112
 21620	 -14.28614	  9.31167	 -7.12309	 -6.62112
 21619	 -14.24832	  9.35812	 -7.11794	 -6.61597
 21621	 -14.28633	  9.35986	 -7.12165	 -6.61968
 21622	 -14.21974	  9.30442	 -7.10897	 -6.60701
 21623	 -14.22017	  9.3527	 -7.10749	 -6.60552
 21624	 -14.24796	  9.30987	 -7.11941	 -6.61744
 21624	 -14.24796	  9.30987	 -7.11941	 -6.61744
 21623	 -14.22017	  9.3527	 -7.10749	 -6.60552
 21625	 -14.24832	  9.35812	 -7.11794	 -6.61597
 21626	 -14.20935	  9.34498	 -7.09309	 -6.59113
 21627	 -14.22017	  9.3527	 -7.10749	 -6.60552
 21628	 -14.20899	  9.29673	 -7.09457	 -6.5926
 21628	 -14.20899	  9.29673	 -7.09457	 -6.5926
 21627	 -14.22017	  9.3527	 -7.10749	 -6.60552
 21629	 -14.21974	  9.30442	 -7.10897	 -6.60701
 21630	 -14.27132	  9.78805	 -7.07079	 -6.56884
 21631	 -14.28401	  9.75119	 -7.05988	 -6.55793
 21632	 -14.91742	  9.70988	 -6.92382	 -6.42191
 21632	 -14.91742	  9.70988	 -6.92382	 -6.42191
 21631	 -14.28401	  9.75119	 -7.05988	 -6.55793
 21633	 -14.88398	  9.67719	 -6.92345	 -6.42153
 21634	 -14.28401	  9.75119	 -7.05988	 -6.55793
 21635	 -14.30564	  9.705	 -7.05291	 -6.55096
 21636	 -14.88398	  9.67719	 -6.92345	 -6.42153
 21636	 -14.88398	  9.67719	 -6.92345	 -6.42153
 21635	 -14.30564	  9.705	 -7.05291	 -6.55096
 21637	 -14.85466	  9.63531	 -6.92812	 -6.4262
 21638	 -14.32867	  9.6621	 -7.05213	 -6.55018
 21639	 -14.83818	  9.59532	 -6.93638	 -6.43446
 21640	 -14.30564	  9.705	 -7.05291	 -6.55096
 21640	 -14.30564	  9.705	 -7.05291	 -6.55096
 21639	 -14.83818	  9.59532	 -6.93638	 -6.43446
 21641	 -14.85466	  9.63531	 -6.92812	 -6.4262
 21642	 -14.34849	  9.63384	 -7.05741	 -6.55546
 21643	 -14.83792	  9.56802	 -6.94627	 -6.44435
 21644	 -14.32867	  9.6621	 -7.05213	 -6.55018
 21644	 -14.32867	  9.6621	 -7.05213	 -6.55018
 21643	 -14.83792	  9.56802	 -6.94627	 -6.44435
 21645	 -14.83818	  9.59532	 -6.93638	 -6.43446
 21646	 -14.34849	  9.63384	 -7.05741	 -6.55546
 21647	 -14.3647	  9.62716	 -7.0662	 -6.56425
 21648	 -14.83792	  9.56802	 -6.94627	 -6.44435
 21648	 -14.83792	  9.56802	 -6.94627	 -6.44435
 21647	 -14.3647	  9.62716	 -7.0662	 -6.56425
 21649	 -14.84963	  9.56128	 -6.9561	 -6.45418
 21650	 -14.3647	  9.62716	 -7.0662	 -6.56425
 21651	 -14.37661	  9.64332	 -7.07533	 -6.57338
 21652	 -14.84963	  9.56128	 -6.9561	 -6.45418
 21652	 -14.84963	  9.56128	 -6.9561	 -6.45418
 21651	 -14.37661	  9.64332	 -7.07533	 -6.57338
 21653	 -14.86604	  9.5775	 -6.96419	 -6.46227
 21654	 -14.37661	  9.64332	 -7.07533	 -6.57338
 21655	 -14.37737	  9.67852	 -7.08318	 -6.58122
 21656	 -14.86604	  9.5775	 -6.96419	 -6.46227
 21656	 -14.86604	  9.5775	 -6.96419	 -6.46227
 21655	 -14.37737	  9.67852	 -7.08318	 -6.58122
 21657	 -14.88689	  9.61174	 -6.96743	 -6.4655
 21658	 -14.37737	  9.67852	 -7.08318	 -6.58122
 21659	 -14.36187	  9.72396	 -7.08876	 -6.5868
 21660	 -14.88689	  9.61174	 -6.96743	 -6.4655
 21660	 -14.88689	  9.61174	 -6.96743	 -6.4655
 21659	 -14.36187	  9.72396	 -7.08876	 -6.5868
 21661	 -14.91089	  9.65427	 -6.96397	 -6.46204
 21662	 -14.36187	  9.72396	 -7.08876	 -6.5868
 21663	 -14.33272	  9.76761	 -7.09093	 -6.58897
 21664	 -14.91089	  9.65427	 -6.96397	 -6.46204
 21664	 -14.91089	  9.65427	 -6.96397	 -6.46204
 21663	 -14.33272	  9.76761	 -7.09093	 -6.58897
 21665	 -14.93269	  9.69361	 -6.9545	 -6.45257
 21666	 -14.33272	  9.76761	 -7.09093	 -6.58897
 21667	 -14.29943	  9.79753	 -7.08872	 -6.58676
 21668	 -14.93269	  9.69361	 -6.9545	 -6.45257
 21668	 -14.93269	  9.69361	 -6.9545	 -6.45257
 21667	 -14.29943	  9.79753	 -7.08872	 -6.58676
 21669	 -14.94554	  9.71936	 -6.94175	 -6.43983
 21670	 -14.29943	  9.79753	 -7.08872	 -6.58676
 21671	 -14.27566	  9.80516	 -7.08164	 -6.57968
 21672	 -14.94554	  9.71936	 -6.94175	 -6.43983
 21672	 -14.94554	  9.71936	 -6.94175	 -6.43983
 21671	 -14.27566	  9.80516	 -7.08164	 -6.57968
 21673	 -14.94151	  9.72514	 -6.93017	 -6.42825
 21674	 -14.27566	  9.80516	 -7.08164	 -6.57968
 21675	 -14.27132	  9.78805	 -7.07079	 -6.56884
 21676	 -14.94151	  9.72514	 -6.93017	 -6.42825
 21676	 -14.94151	  9.72514	 -6.93017	 -6.42825
 21675	 -14.27132	  9.78805	 -7.07079	 -6.56884
 21677	 -14.91742	  9.70988	 -6.92382	 -6.42191
 21678	 -14.92977	  9.2948	 -6.92388	 -6.42197
 21679	 -14.95719	  9.29633	 -6.92654	 -6.42463
 21680	 -14.92945	  9.58651	 -6.91556	 -6.41365
 21680	 -14.92945	  9.58651	 -6.91556	 -6.41365
 21679	 -14.95719	  9.29633	 -6.92654	 -6.42463
 21681	 -14.9566	  9.63438	 -6.91695	 -6.41503
 21682	 -14.90259	  9.29622	 -6.92681	 -6.4249
 21683	 -14.92977	  9.2948	 -6.92388	 -6.42197
 21684	 -14.90259	  9.53738	 -6.91987	 -6.41795
 21684	 -14.90259	  9.53738	 -6.91987	 -6.41795
 21683	 -14.92977	  9.2948	 -6.92388	 -6.42197
 21685	 -14.92945	  9.58651	 -6.91556	 -6.41365
 21686	 -14.88293	  9.30021	 -6.93454	 -6.43263
 21687	 -14.90259	  9.29622	 -6.92681	 -6.4249
 21688	 -14.88322	  9.50393	 -6.92861	 -6.4267
 21688	 -14.88322	  9.50393	 -6.92861	 -6.4267
 21687	 -14.90259	  9.29622	 -6.92681	 -6.4249
 21689	 -14.90259	  9.53738	 -6.91987	 -6.41795
 21690	 -14.87608	  9.3057	 -6.94501	 -6.44309
 21691	 -14.88293	  9.30021	 -6.93454	 -6.43263
 21692	 -14.87659	  9.49185	 -6.93953	 -6.43761
 21692	 -14.87659	  9.49185	 -6.93953	 -6.43761
 21691	 -14.88293	  9.30021	 -6.93454	 -6.43263
 21693	 -14.88322	  9.50393	 -6.92861	 -6.4267
 21694	 -14.88387	  9.31119	 -6.9554	 -6.45347
 21695	 -14.87608	  9.3057	 -6.94501	 -6.44309
 21696	 -14.88448	  9.49383	 -6.95	 -6.44808
 21696	 -14.88448	  9.49383	 -6.95	 -6.44808
 21695	 -14.87608	  9.3057	 -6.94501	 -6.44309
 21697	 -14.87659	  9.49185	 -6.93953	 -6.43761
 21698	 -14.88387	  9.31119	 -6.9554	 -6.45347
 21699	 -14.88448	  9.49383	 -6.95	 -6.44808
 21700	 -14.9042	  9.31518	 -6.96293	 -6.46101
 21700	 -14.9042	  9.31518	 -6.96293	 -6.46101
 21699	 -14.88448	  9.49383	 -6.95	 -6.44808
 21701	 -14.90471	  9.50133	 -6.95746	 -6.45553
 21702	 -14.9042	  9.31518	 -6.96293	 -6.46101
 21703	 -14.90471	  9.50133	 -6.95746	 -6.45553
 21704	 -14.93163	  9.31663	 -6.96559	 -6.46367
 21704	 -14.93163	  9.31663	 -6.96559	 -6.46367
 21703	 -14.90471	  9.50133	 -6.95746	 -6.45553
 21705	 -14.93192	  9.52035	 -6.95966	 -6.45774
 21706	 -14.93163	  9.31663	 -6.96559	 -6.46367
 21707	 -14.93192	  9.52035	 -6.95966	 -6.45774
 21708	 -14.95882	  9.31518	 -6.96266	 -6.46074
 21708	 -14.95882	  9.31518	 -6.96266	 -6.46074
 21707	 -14.93192	  9.52035	 -6.95966	 -6.45774
 21709	 -14.95882	  9.55634	 -6.95572	 -6.4538
 21710	 -14.95882	  9.31518	 -6.96266	 -6.46074
 21711	 -14.95882	  9.55634	 -6.95572	 -6.4538
 21712	 -14.97847	  9.31122	 -6.95493	 -6.45301
 21712	 -14.97847	  9.31122	 -6.95493	 -6.45301
 21711	 -14.95882	  9.55634	 -6.95572	 -6.4538
 21713	 -14.97815	  9.60293	 -6.94661	 -6.44469
 21714	 -14.97847	  9.31122	 -6.95493	 -6.45301
 21715	 -14.97815	  9.60293	 -6.94661	 -6.44469
 21716	 -14.98531	  9.30581	 -6.94447	 -6.44255
 21716	 -14.98531	  9.30581	 -6.94447	 -6.44255
 21715	 -14.97815	  9.60293	 -6.94661	 -6.44469
 21717	 -14.98472	  9.64386	 -6.93487	 -6.43296
 21718	 -14.98531	  9.30581	 -6.94447	 -6.44255
 21719	 -14.98472	  9.64386	 -6.93487	 -6.43296
 21720	 -14.97751	  9.30036	 -6.93408	 -6.43216
 21720	 -14.97751	  9.30036	 -6.93408	 -6.43216
 21719	 -14.98472	  9.64386	 -6.93487	 -6.43296
 21721	 -14.97682	  9.65818	 -6.92394	 -6.42203
 21722	 -14.95719	  9.29633	 -6.92654	 -6.42463
 21723	 -14.97751	  9.30036	 -6.93408	 -6.43216
 21724	 -14.9566	  9.63438	 -6.91695	 -6.41503
 21724	 -14.9566	  9.63438	 -6.91695	 -6.41503
 21723	 -14.97751	  9.30036	 -6.93408	 -6.43216
 21725	 -14.97682	  9.65818	 -6.92394	 -6.42203
 21726	 -14.23205	  9.72277	 -7.08174	 -6.57978
 21727	 -14.24361	  9.7708	 -7.07769	 -6.57573
 21728	 -14.24014	  9.74672	 -7.09153	 -6.58957
 21728	 -14.24014	  9.74672	 -7.09153	 -6.58957
 21727	 -14.24361	  9.7708	 -7.07769	 -6.57573
 21729	 -14.25068	  9.78983	 -7.08785	 -6.58589
 21730	 -14.27132	  9.78805	 -7.07079	 -6.56884
 21731	 -14.27566	  9.80516	 -7.08164	 -6.57968
 21732	 -14.24361	  9.7708	 -7.07769	 -6.57573
 21732	 -14.24361	  9.7708	 -7.07769	 -6.57573
 21731	 -14.27566	  9.80516	 -7.08164	 -6.57968
 21733	 -14.25068	  9.78983	 -7.08785	 -6.58589
 21734	 -14.24361	  9.7708	 -7.07769	 -6.57573
 21735	 -14.2514	  9.73018	 -7.06802	 -6.56606
 21736	 -14.27132	  9.78805	 -7.07079	 -6.56884
 21736	 -14.27132	  9.78805	 -7.07079	 -6.56884
 21735	 -14.2514	  9.73018	 -7.06802	 -6.56606
 21737	 -14.28401	  9.75119	 -7.05988	 -6.55793
 21738	 -14.24361	  9.7708	 -7.07769	 -6.57573
 21739	 -14.23205	  9.72277	 -7.08174	 -6.57978
 21740	 -14.2514	  9.73018	 -7.06802	 -6.56606
 21740	 -14.2514	  9.73018	 -7.06802	 -6.56606
 21739	 -14.23205	  9.72277	 -7.08174	 -6.57978
 21741	 -14.23815	  9.67304	 -7.07273	 -6.57077
 21742	 -14.2514	  9.73018	 -7.06802	 -6.56606
 21743	 -14.27074	  9.68196	 -7.06163	 -6.55968
 21744	 -14.28401	  9.75119	 -7.05988	 -6.55793
 21744	 -14.28401	  9.75119	 -7.05988	 -6.55793
 21743	 -14.27074	  9.68196	 -7.06163	 -6.55968
 21745	 -14.30564	  9.705	 -7.05291	 -6.55096
 21746	 -14.2514	  9.73018	 -7.06802	 -6.56606
 21747	 -14.23815	  9.67304	 -7.07273	 -6.57077
 21748	 -14.27074	  9.68196	 -7.06163	 -6.55968
 21748	 -14.27074	  9.68196	 -7.06163	 -6.55968
 21747	 -14.23815	  9.67304	 -7.07273	 -6.57077
 21749	 -14.25692	  9.62027	 -7.0666	 -6.56464
 21750	 -14.27074	  9.68196	 -7.06163	 -6.55968
 21751	 -14.29613	  9.64084	 -7.06026	 -6.55831
 21752	 -14.30564	  9.705	 -7.05291	 -6.55096
 21752	 -14.30564	  9.705	 -7.05291	 -6.55096
 21751	 -14.29613	  9.64084	 -7.06026	 -6.55831
 21753	 -14.32867	  9.6621	 -7.05213	 -6.55018
 21754	 -14.27074	  9.68196	 -7.06163	 -6.55968
 21755	 -14.25692	  9.62027	 -7.0666	 -6.56464
 21756	 -14.29613	  9.64084	 -7.06026	 -6.55831
 21756	 -14.29613	  9.64084	 -7.06026	 -6.55831
 21755	 -14.25692	  9.62027	 -7.0666	 -6.56464
 21757	 -14.28332	  9.58335	 -7.06488	 -6.56292
 21758	 -14.29613	  9.64084	 -7.06026	 -6.55831
 21759	 -14.32107	  9.61661	 -7.06424	 -6.56228
 21760	 -14.32867	  9.6621	 -7.05213	 -6.55018
 21760	 -14.32867	  9.6621	 -7.05213	 -6.55018
 21759	 -14.32107	  9.61661	 -7.06424	 -6.56228
 21761	 -14.34849	  9.63384	 -7.05741	 -6.55546
 21762	 -14.29613	  9.64084	 -7.06026	 -6.55831
 21763	 -14.28332	  9.58335	 -7.06488	 -6.56292
 21764	 -14.32107	  9.61661	 -7.06424	 -6.56228
 21764	 -14.32107	  9.61661	 -7.06424	 -6.56228
 21763	 -14.28332	  9.58335	 -7.06488	 -6.56292
 21765	 -14.31013	  9.56857	 -7.06815	 -6.56619
 21766	 -14.32107	  9.61661	 -7.06424	 -6.56228
 21767	 -14.34009	  9.61204	 -7.07232	 -6.57036
 21768	 -14.34849	  9.63384	 -7.05741	 -6.55546
 21768	 -14.34849	  9.63384	 -7.05741	 -6.55546
 21767	 -14.34009	  9.61204	 -7.07232	 -6.57036
 21769	 -14.3647	  9.62716	 -7.0662	 -6.56425
 21770	 -14.32107	  9.61661	 -7.06424	 -6.56228
 21771	 -14.31013	  9.56857	 -7.06815	 -6.56619
 21772	 -14.34009	  9.61204	 -7.07232	 -6.57036
 21772	 -14.34009	  9.61204	 -7.07232	 -6.57036
 21771	 -14.31013	  9.56857	 -7.06815	 -6.56619
 21773	 -14.33019	  9.56915	 -7.07584	 -6.57388
 21774	 -14.3647	  9.62716	 -7.0662	 -6.56425
 21775	 -14.34009	  9.61204	 -7.07232	 -6.57036
 21776	 -14.37661	  9.64332	 -7.07533	 -6.57338
 21776	 -14.37661	  9.64332	 -7.07533	 -6.57338
 21775	 -14.34009	  9.61204	 -7.07232	 -6.57036
 21777	 -14.34918	  9.62609	 -7.08216	 -6.5802
 21778	 -14.33019	  9.56915	 -7.07584	 -6.57388
 21779	 -14.33825	  9.57805	 -7.08607	 -6.58411
 21780	 -14.34009	  9.61204	 -7.07232	 -6.57036
 21780	 -14.34009	  9.61204	 -7.07232	 -6.57036
 21779	 -14.33825	  9.57805	 -7.08607	 -6.58411
 21781	 -14.34918	  9.62609	 -7.08216	 -6.5802
 21782	 -14.37661	  9.64332	 -7.07533	 -6.57338
 21783	 -14.34918	  9.62609	 -7.08216	 -6.5802
 21784	 -14.37737	  9.67852	 -7.08318	 -6.58122
 21784	 -14.37737	  9.67852	 -7.08318	 -6.58122
 21783	 -14.34918	  9.62609	 -7.08216	 -6.5802
 21785	 -14.34483	  9.65726	 -7.09131	 -6.58935
 21786	 -14.33825	  9.57805	 -7.08607	 -6.58411
 21787	 -14.33202	  9.59977	 -7.09592	 -6.59396
 21788	 -14.34918	  9.62609	 -7.08216	 -6.5802
 21788	 -14.34918	  9.62609	 -7.08216	 -6.5802
 21787	 -14.33202	  9.59977	 -7.09592	 -6.59396
 21789	 -14.34483	  9.65726	 -7.09131	 -6.58935
 21790	 -14.37737	  9.67852	 -7.08318	 -6.58122
 21791	 -14.34483	  9.65726	 -7.09131	 -6.58935
 21792	 -14.36187	  9.72396	 -7.08876	 -6.5868
 21792	 -14.36187	  9.72396	 -7.08876	 -6.5868
 21791	 -14.34483	  9.65726	 -7.09131	 -6.58935
 21793	 -14.32698	  9.70092	 -7.09749	 -6.59552
 21794	 -14.33202	  9.59977	 -7.09592	 -6.59396
 21795	 -14.31316	  9.63923	 -7.10245	 -6.60049
 21796	 -14.34483	  9.65726	 -7.09131	 -6.58935
 21796	 -14.34483	  9.65726	 -7.09131	 -6.58935
 21795	 -14.31316	  9.63923	 -7.10245	 -6.60049
 21797	 -14.32698	  9.70092	 -7.09749	 -6.59552
 21798	 -14.36187	  9.72396	 -7.08876	 -6.5868
 21799	 -14.32698	  9.70092	 -7.09749	 -6.59552
 21800	 -14.33272	  9.76761	 -7.09093	 -6.58897
 21800	 -14.33272	  9.76761	 -7.09093	 -6.58897
 21799	 -14.32698	  9.70092	 -7.09749	 -6.59552
 21801	 -14.3001	  9.7466	 -7.09907	 -6.5971
 21802	 -14.31316	  9.63923	 -7.10245	 -6.60049
 21803	 -14.28685	  9.68946	 -7.10377	 -6.60181
 21804	 -14.32698	  9.70092	 -7.09749	 -6.59552
 21804	 -14.32698	  9.70092	 -7.09749	 -6.59552
 21803	 -14.28685	  9.68946	 -7.10377	 -6.60181
 21805	 -14.3001	  9.7466	 -7.09907	 -6.5971
 21806	 -14.33272	  9.76761	 -7.09093	 -6.58897
 21807	 -14.3001	  9.7466	 -7.09907	 -6.5971
 21808	 -14.29943	  9.79753	 -7.08872	 -6.58676
 21808	 -14.29943	  9.79753	 -7.08872	 -6.58676
 21807	 -14.3001	  9.7466	 -7.09907	 -6.5971
 21809	 -14.27173	  9.78028	 -7.09561	 -6.59365
 21810	 -14.28685	  9.68946	 -7.10377	 -6.60181
 21811	 -14.26017	  9.73225	 -7.09967	 -6.5977
 21812	 -14.3001	  9.7466	 -7.09907	 -6.5971
 21812	 -14.3001	  9.7466	 -7.09907	 -6.5971
 21811	 -14.26017	  9.73225	 -7.09967	 -6.5977
 21813	 -14.27173	  9.78028	 -7.09561	 -6.59365
 21814	 -14.29943	  9.79753	 -7.08872	 -6.58676
 21815	 -14.27173	  9.78028	 -7.09561	 -6.59365
 21816	 -14.27566	  9.80516	 -7.08164	 -6.57968
 21816	 -14.27566	  9.80516	 -7.08164	 -6.57968
 21815	 -14.27173	  9.78028	 -7.09561	 -6.59365
 21817	 -14.25068	  9.78983	 -7.08785	 -6.58589
 21818	 -14.26017	  9.73225	 -7.09967	 -6.5977
 21819	 -14.24014	  9.74672	 -7.09153	 -6.58957
 21820	 -14.27173	  9.78028	 -7.09561	 -6.59365
 21820	 -14.27173	  9.78028	 -7.09561	 -6.59365
 21819	 -14.24014	  9.74672	 -7.09153	 -6.58957
 21821	 -14.25068	  9.78983	 -7.08785	 -6.58589
 21822	 -14.91742	  9.70988	 -6.92382	 -6.42191
 21823	 -14.9452	  9.68558	 -6.91811	 -6.41619
 21824	 -14.94151	  9.72514	 -6.93017	 -6.42825
 21824	 -14.94151	  9.72514	 -6.93017	 -6.42825
 21823	 -14.9452	  9.68558	 -6.91811	 -6.41619
 21825	 -14.96642	  9.70379	 -6.92503	 -6.42311
 21826	 -14.9566	  9.63438	 -6.91695	 -6.41503
 21827	 -14.97682	  9.65818	 -6.92394	 -6.42203
 21828	 -14.9452	  9.68558	 -6.91811	 -6.41619
 21828	 -14.9452	  9.68558	 -6.91811	 -6.41619
 21827	 -14.97682	  9.65818	 -6.92394	 -6.42203
 21829	 -14.96642	  9.70379	 -6.92503	 -6.42311
 21830	 -14.9452	  9.68558	 -6.91811	 -6.41619
 21831	 -14.91658	  9.64742	 -6.91678	 -6.41486
 21832	 -14.9566	  9.63438	 -6.91695	 -6.41503
 21832	 -14.9566	  9.63438	 -6.91695	 -6.41503
 21831	 -14.91658	  9.64742	 -6.91678	 -6.41486
 21833	 -14.92945	  9.58651	 -6.91556	 -6.41365
 21834	 -14.9452	  9.68558	 -6.91811	 -6.41619
 21835	 -14.91742	  9.70988	 -6.92382	 -6.42191
 21836	 -14.91658	  9.64742	 -6.91678	 -6.41486
 21836	 -14.91658	  9.64742	 -6.91678	 -6.41486
 21835	 -14.91742	  9.70988	 -6.92382	 -6.42191
 21837	 -14.88398	  9.67719	 -6.92345	 -6.42153
 21838	 -14.91658	  9.64742	 -6.91678	 -6.41486
 21839	 -14.88929	  9.60274	 -6.92106	 -6.41914
 21840	 -14.92945	  9.58651	 -6.91556	 -6.41365
 21840	 -14.92945	  9.58651	 -6.91556	 -6.41365
 21839	 -14.88929	  9.60274	 -6.92106	 -6.41914
 21841	 -14.90259	  9.53738	 -6.91987	 -6.41795
 21842	 -14.91658	  9.64742	 -6.91678	 -6.41486
 21843	 -14.88398	  9.67719	 -6.92345	 -6.42153
 21844	 -14.88929	  9.60274	 -6.92106	 -6.41914
 21844	 -14.88929	  9.60274	 -6.92106	 -6.41914
 21843	 -14.88398	  9.67719	 -6.92345	 -6.42153
 21845	 -14.85466	  9.63531	 -6.92812	 -6.4262
 21846	 -14.88929	  9.60274	 -6.92106	 -6.41914
 21847	 -14.87066	  9.56505	 -6.92975	 -6.42784
 21848	 -14.90259	  9.53738	 -6.91987	 -6.41795
 21848	 -14.90259	  9.53738	 -6.91987	 -6.41795
 21847	 -14.87066	  9.56505	 -6.92975	 -6.42784
 21849	 -14.88322	  9.50393	 -6.92861	 -6.4267
 21850	 -14.88929	  9.60274	 -6.92106	 -6.41914
 21851	 -14.85466	  9.63531	 -6.92812	 -6.4262
 21852	 -14.87066	  9.56505	 -6.92975	 -6.42784
 21852	 -14.87066	  9.56505	 -6.92975	 -6.42784
 21851	 -14.85466	  9.63531	 -6.92812	 -6.4262
 21853	 -14.83818	  9.59532	 -6.93638	 -6.43446
 21854	 -14.87066	  9.56505	 -6.92975	 -6.42784
 21855	 -14.86555	  9.54322	 -6.9406	 -6.43868
 21856	 -14.88322	  9.50393	 -6.92861	 -6.4267
 21856	 -14.88322	  9.50393	 -6.92861	 -6.4267
 21855	 -14.86555	  9.54322	 -6.9406	 -6.43868
 21857	 -14.87659	  9.49185	 -6.93953	 -6.43761
 21858	 -14.87066	  9.56505	 -6.92975	 -6.42784
 21859	 -14.83818	  9.59532	 -6.93638	 -6.43446
 21860	 -14.86555	  9.54322	 -6.9406	 -6.43868
 21860	 -14.86555	  9.54322	 -6.9406	 -6.43868
 21859	 -14.83818	  9.59532	 -6.93638	 -6.43446
 21861	 -14.83792	  9.56802	 -6.94627	 -6.44435
 21862	 -14.86555	  9.54322	 -6.9406	 -6.43868
 21863	 -14.87439	  9.53955	 -6.95101	 -6.44909
 21864	 -14.87659	  9.49185	 -6.93953	 -6.43761
 21864	 -14.87659	  9.49185	 -6.93953	 -6.43761
 21863	 -14.87439	  9.53955	 -6.95101	 -6.44909
 21865	 -14.88448	  9.49383	 -6.95	 -6.44808
 21866	 -14.86555	  9.54322	 -6.9406	 -6.43868
 21867	 -14.83792	  9.56802	 -6.94627	 -6.44435
 21868	 -14.87439	  9.53955	 -6.95101	 -6.44909
 21868	 -14.87439	  9.53955	 -6.95101	 -6.44909
 21867	 -14.83792	  9.56802	 -6.94627	 -6.44435
 21869	 -14.84963	  9.56128	 -6.9561	 -6.45418
 21870	 -14.88448	  9.49383	 -6.95	 -6.44808
 21871	 -14.87439	  9.53955	 -6.95101	 -6.44909
 21872	 -14.90471	  9.50133	 -6.95746	 -6.45553
 21872	 -14.90471	  9.50133	 -6.95746	 -6.45553
 21871	 -14.87439	  9.53955	 -6.95101	 -6.44909
 21873	 -14.89367	  9.5527	 -6.95853	 -6.4566
 21874	 -14.84963	  9.56128	 -6.9561	 -6.45418
 21875	 -14.86604	  9.5775	 -6.96419	 -6.46227
 21876	 -14.87439	  9.53955	 -6.95101	 -6.44909
 21876	 -14.87439	  9.53955	 -6.95101	 -6.44909
 21875	 -14.86604	  9.5775	 -6.96419	 -6.46227
 21877	 -14.89367	  9.5527	 -6.95853	 -6.4566
 21878	 -14.90471	  9.50133	 -6.95746	 -6.45553
 21879	 -14.89367	  9.5527	 -6.95853	 -6.4566
 21880	 -14.93192	  9.52035	 -6.95966	 -6.45774
 21880	 -14.93192	  9.52035	 -6.95966	 -6.45774
 21879	 -14.89367	  9.5527	 -6.95853	 -6.4566
 21881	 -14.91936	  9.58147	 -6.9608	 -6.45888
 21882	 -14.86604	  9.5775	 -6.96419	 -6.46227
 21883	 -14.88689	  9.61174	 -6.96743	 -6.4655
 21884	 -14.89367	  9.5527	 -6.95853	 -6.4566
 21884	 -14.89367	  9.5527	 -6.95853	 -6.4566
 21883	 -14.88689	  9.61174	 -6.96743	 -6.4655
 21885	 -14.91936	  9.58147	 -6.9608	 -6.45888
 21886	 -14.93192	  9.52035	 -6.95966	 -6.45774
 21887	 -14.91936	  9.58147	 -6.9608	 -6.45888
 21888	 -14.95882	  9.55634	 -6.95572	 -6.4538
 21888	 -14.95882	  9.55634	 -6.95572	 -6.4538
 21887	 -14.91936	  9.58147	 -6.9608	 -6.45888
 21889	 -14.94553	  9.6217	 -6.95691	 -6.45498
 21890	 -14.88689	  9.61174	 -6.96743	 -6.4655
 21891	 -14.91089	  9.65427	 -6.96397	 -6.46204
 21892	 -14.91936	  9.58147	 -6.9608	 -6.45888
 21892	 -14.91936	  9.58147	 -6.9608	 -6.45888
 21891	 -14.91089	  9.65427	 -6.96397	 -6.46204
 21893	 -14.94553	  9.6217	 -6.95691	 -6.45498
 21894	 -14.95882	  9.55634	 -6.95572	 -6.4538
 21895	 -14.94553	  9.6217	 -6.95691	 -6.45498
 21896	 -14.97815	  9.60293	 -6.94661	 -6.44469
 21896	 -14.97815	  9.60293	 -6.94661	 -6.44469
 21895	 -14.94553	  9.6217	 -6.95691	 -6.45498
 21897	 -14.96528	  9.66384	 -6.94783	 -6.4459
 21898	 -14.91089	  9.65427	 -6.96397	 -6.46204
 21899	 -14.93269	  9.69361	 -6.9545	 -6.45257
 21900	 -14.94553	  9.6217	 -6.95691	 -6.45498
 21900	 -14.94553	  9.6217	 -6.95691	 -6.45498
 21899	 -14.93269	  9.69361	 -6.9545	 -6.45257
 21901	 -14.96528	  9.66384	 -6.94783	 -6.4459
 21902	 -14.97815	  9.60293	 -6.94661	 -6.44469
 21903	 -14.96528	  9.66384	 -6.94783	 -6.4459
 21904	 -14.98472	  9.64386	 -6.93487	 -6.43296
 21904	 -14.98472	  9.64386	 -6.93487	 -6.43296
 21903	 -14.96528	  9.66384	 -6.94783	 -6.4459
 21905	 -14.97332	  9.69506	 -6.93603	 -6.43411
 21906	 -14.93269	  9.69361	 -6.9545	 -6.45257
 21907	 -14.94554	  9.71936	 -6.94175	 -6.43983
 21908	 -14.96528	  9.66384	 -6.94783	 -6.4459
 21908	 -14.96528	  9.66384	 -6.94783	 -6.4459
 21907	 -14.94554	  9.71936	 -6.94175	 -6.43983
 21909	 -14.97332	  9.69506	 -6.93603	 -6.43411
 21910	 -14.98472	  9.64386	 -6.93487	 -6.43296
 21911	 -14.97332	  9.69506	 -6.93603	 -6.43411
 21912	 -14.97682	  9.65818	 -6.92394	 -6.42203
 21912	 -14.97682	  9.65818	 -6.92394	 -6.42203
 21911	 -14.97332	  9.69506	 -6.93603	 -6.43411
 21913	 -14.96642	  9.70379	 -6.92503	 -6.42311
 21914	 -14.94554	  9.71936	 -6.94175	 -6.43983
 21915	 -14.94151	  9.72514	 -6.93017	 -6.42825
 21916	 -14.97332	  9.69506	 -6.93603	 -6.43411
 21916	 -14.97332	  9.69506	 -6.93603	 -6.43411
 21915	 -14.94151	  9.72514	 -6.93017	 -6.42825
 21917	 -14.96642	  9.70379	 -6.92503	 -6.42311
 21918	 -14.28405	  9.37209	 -7.07079	 -6.56883
 21919	 -14.28332	  9.58335	 -7.06488	 -6.56292
 21920	 -14.25692	  9.3737	 -7.0737	 -6.57174
 21920	 -14.25692	  9.3737	 -7.0737	 -6.57174
 21919	 -14.28332	  9.58335	 -7.06488	 -6.56292
 21921	 -14.25692	  9.62027	 -7.0666	 -6.56464
 21922	 -14.25692	  9.3737	 -7.0737	 -6.57174
 21923	 -14.25692	  9.62027	 -7.0666	 -6.56464
 21924	 -14.23735	  9.37786	 -7.08141	 -6.57945
 21924	 -14.23735	  9.37786	 -7.08141	 -6.57945
 21923	 -14.25692	  9.62027	 -7.0666	 -6.56464
 21925	 -14.23815	  9.67304	 -7.07273	 -6.57077
 21926	 -14.23735	  9.37786	 -7.08141	 -6.57945
 21927	 -14.23815	  9.67304	 -7.07273	 -6.57077
 21928	 -14.23058	  9.38346	 -7.09185	 -6.58989
 21928	 -14.23058	  9.38346	 -7.09185	 -6.58989
 21927	 -14.23815	  9.67304	 -7.07273	 -6.57077
 21929	 -14.23205	  9.72277	 -7.08174	 -6.57978
 21930	 -14.23058	  9.38346	 -7.09185	 -6.58989
 21931	 -14.23205	  9.72277	 -7.08174	 -6.57978
 21932	 -14.2384	  9.38898	 -7.10223	 -6.60027
 21932	 -14.2384	  9.38898	 -7.10223	 -6.60027
 21931	 -14.23205	  9.72277	 -7.08174	 -6.57978
 21933	 -14.24014	  9.74672	 -7.09153	 -6.58957
 21934	 -14.2587	  9.39294	 -7.10978	 -6.60781
 21935	 -14.2384	  9.38898	 -7.10223	 -6.60027
 21936	 -14.26017	  9.73225	 -7.09967	 -6.5977
 21936	 -14.26017	  9.73225	 -7.09967	 -6.5977
 21935	 -14.2384	  9.38898	 -7.10223	 -6.60027
 21937	 -14.24014	  9.74672	 -7.09153	 -6.58957
 21938	 -14.28605	  9.39428	 -7.11246	 -6.61049
 21939	 -14.2587	  9.39294	 -7.10978	 -6.60781
 21940	 -14.28685	  9.68946	 -7.10377	 -6.60181
 21940	 -14.28685	  9.68946	 -7.10377	 -6.60181
 21939	 -14.2587	  9.39294	 -7.10978	 -6.60781
 21941	 -14.26017	  9.73225	 -7.09967	 -6.5977
 21942	 -14.31316	  9.39266	 -7.10955	 -6.60758
 21943	 -14.28605	  9.39428	 -7.11246	 -6.61049
 21944	 -14.31316	  9.63923	 -7.10245	 -6.60049
 21944	 -14.31316	  9.63923	 -7.10245	 -6.60049
 21943	 -14.28605	  9.39428	 -7.11246	 -6.61049
 21945	 -14.28685	  9.68946	 -7.10377	 -6.60181
 21946	 -14.33275	  9.38851	 -7.10184	 -6.59987
 21947	 -14.31316	  9.39266	 -7.10955	 -6.60758
 21948	 -14.33202	  9.59977	 -7.09592	 -6.59396
 21948	 -14.33202	  9.59977	 -7.09592	 -6.59396
 21947	 -14.31316	  9.39266	 -7.10955	 -6.60758
 21949	 -14.31316	  9.63923	 -7.10245	 -6.60049
 21950	 -14.33955	  9.38296	 -7.09139	 -6.58943
 21951	 -14.33275	  9.38851	 -7.10184	 -6.59987
 21952	 -14.33825	  9.57805	 -7.08607	 -6.58411
 21952	 -14.33825	  9.57805	 -7.08607	 -6.58411
 21951	 -14.33275	  9.38851	 -7.10184	 -6.59987
 21953	 -14.33202	  9.59977	 -7.09592	 -6.59396
 21954	 -14.33173	  9.37746	 -7.08101	 -6.57905
 21955	 -14.33955	  9.38296	 -7.09139	 -6.58943
 21956	 -14.33019	  9.56915	 -7.07584	 -6.57388
 21956	 -14.33019	  9.56915	 -7.07584	 -6.57388
 21955	 -14.33955	  9.38296	 -7.09139	 -6.58943
 21957	 -14.33825	  9.57805	 -7.08607	 -6.58411
 21958	 -14.33173	  9.37746	 -7.08101	 -6.57905
 21959	 -14.33019	  9.56915	 -7.07584	 -6.57388
 21960	 -14.31143	  9.37348	 -7.07346	 -6.57151
 21960	 -14.31143	  9.37348	 -7.07346	 -6.57151
 21959	 -14.33019	  9.56915	 -7.07584	 -6.57388
 21961	 -14.31013	  9.56857	 -7.06815	 -6.56619
 21962	 -14.31143	  9.37348	 -7.07346	 -6.57151
 21963	 -14.31013	  9.56857	 -7.06815	 -6.56619
 21964	 -14.28405	  9.37209	 -7.07079	 -6.56883
 21964	 -14.28405	  9.37209	 -7.07079	 -6.56883
 21963	 -14.31013	  9.56857	 -7.06815	 -6.56619
 21965	 -14.28332	  9.58335	 -7.06488	 -6.56292
 21966	 -14.86427	  9.20663	 -6.93327	 -6.43136
 21967	 -14.8917	  9.2009	 -6.92251	 -6.4206
 21968	 -14.86438	  9.2594	 -6.93173	 -6.42981
 21968	 -14.86438	  9.2594	 -6.93173	 -6.42981
 21967	 -14.8917	  9.2009	 -6.92251	 -6.4206
 21969	 -14.8917	  9.25378	 -6.92099	 -6.41907
 21970	 -14.8917	  9.2009	 -6.92251	 -6.4206
 21971	 -14.9296	  9.19878	 -6.91841	 -6.4165
 21972	 -14.8917	  9.25378	 -6.92099	 -6.41907
 21972	 -14.8917	  9.25378	 -6.92099	 -6.41907
 21971	 -14.9296	  9.19878	 -6.91841	 -6.4165
 21973	 -14.92947	  9.2518	 -6.91691	 -6.415
 21974	 -14.96777	  9.2008	 -6.92208	 -6.42016
 21975	 -14.96755	  9.25394	 -6.9206	 -6.41869
 21976	 -14.9296	  9.19878	 -6.91841	 -6.4165
 21976	 -14.9296	  9.19878	 -6.91841	 -6.4165
 21975	 -14.96755	  9.25394	 -6.9206	 -6.41869
 21977	 -14.92947	  9.2518	 -6.91691	 -6.415
 21978	 -14.99601	  9.20636	 -6.93252	 -6.4306
 21979	 -14.99574	  9.25956	 -6.93105	 -6.42913
 21980	 -14.96777	  9.2008	 -6.92208	 -6.42016
 21980	 -14.96777	  9.2008	 -6.92208	 -6.42016
 21979	 -14.99574	  9.25956	 -6.93105	 -6.42913
 21981	 -14.96755	  9.25394	 -6.9206	 -6.41869
 21982	 -14.99601	  9.20636	 -6.93252	 -6.4306
 21983	 -15.00676	  9.21394	 -6.94693	 -6.44501
 21984	 -14.99574	  9.25956	 -6.93105	 -6.42913
 21984	 -14.99574	  9.25956	 -6.93105	 -6.42913
 21983	 -15.00676	  9.21394	 -6.94693	 -6.44501
 21985	 -15.00654	  9.26709	 -6.94545	 -6.44353
 21986	 -15.00676	  9.21394	 -6.94693	 -6.44501
 21987	 -14.99714	  9.22155	 -6.96148	 -6.45955
 21988	 -15.00654	  9.26709	 -6.94545	 -6.44353
 21988	 -15.00654	  9.26709	 -6.94545	 -6.44353
 21987	 -14.99714	  9.22155	 -6.96148	 -6.45955
 21989	 -14.99702	  9.27457	 -6.95998	 -6.45805
 21990	 -14.99714	  9.22155	 -6.96148	 -6.45955
 21991	 -14.96971	  9.2272	 -6.97224	 -6.47031
 21992	 -14.99702	  9.27457	 -6.95998	 -6.45805
 21992	 -14.99702	  9.27457	 -6.95998	 -6.45805
 21991	 -14.96971	  9.2272	 -6.97224	 -6.47031
 21993	 -14.96971	  9.28008	 -6.97072	 -6.46879
 21994	 -14.93182	  9.2294	 -6.97634	 -6.47441
 21995	 -14.93193	  9.28217	 -6.97479	 -6.47286
 21996	 -14.96971	  9.2272	 -6.97224	 -6.47031
 21996	 -14.96971	  9.2272	 -6.97224	 -6.47031
 21995	 -14.93193	  9.28217	 -6.97479	 -6.47286
 21997	 -14.96971	  9.28008	 -6.97072	 -6.46879
 21998	 -14.89364	  9.22754	 -6.97267	 -6.47074
 21999	 -14.89384	  9.28025	 -6.9711	 -6.46918
 22000	 -14.93182	  9.2294	 -6.97634	 -6.47441
 22000	 -14.93182	  9.2294	 -6.97634	 -6.47441
 21999	 -14.89384	  9.28025	 -6.9711	 -6.46918
 22001	 -14.93193	  9.28217	 -6.97479	 -6.47286
 22002	 -14.86541	  9.22205	 -6.96223	 -6.4603
 22003	 -14.86564	  9.27476	 -6.96066	 -6.45873
 22004	 -14.89364	  9.22754	 -6.97267	 -6.47074
 22004	 -14.89364	  9.22754	 -6.97267	 -6.47074
 22003	 -14.86564	  9.27476	 -6.96066	 -6.45873
 22005	 -14.89384	  9.28025	 -6.9711	 -6.46918
 22006	 -14.86541	  9.22205	 -6.96223	 -6.4603
 22007	 -14.85465	  9.2144	 -6.94781	 -6.44589
 22008	 -14.86564	  9.27476	 -6.96066	 -6.45873
 22008	 -14.86564	  9.27476	 -6.96066	 -6.45873
 22007	 -14.85465	  9.2144	 -6.94781	 -6.44589
 22009	 -14.85485	  9.26711	 -6.94625	 -6.44433
 22010	 -14.85465	  9.2144	 -6.94781	 -6.44589
 22011	 -14.86427	  9.20663	 -6.93327	 -6.43136
 22012	 -14.85485	  9.26711	 -6.94625	 -6.44433
 22012	 -14.85485	  9.26711	 -6.94625	 -6.44433
 22011	 -14.86427	  9.20663	 -6.93327	 -6.43136
 22013	 -14.86438	  9.2594	 -6.93173	 -6.42981
 22014	 -14.23058	  9.38346	 -7.09185	 -6.58989
 22015	 -14.20935	  9.34498	 -7.09309	 -6.59113
 22016	 -14.23735	  9.37786	 -7.08141	 -6.57945
 22016	 -14.23735	  9.37786	 -7.08141	 -6.57945
 22015	 -14.20935	  9.34498	 -7.09309	 -6.59113
 22017	 -14.21879	  9.33709	 -7.0786	 -6.57664
 22018	 -14.23715	  9.29089	 -7.08396	 -6.582
 22019	 -14.2186	  9.2889	 -7.08003	 -6.57807
 22020	 -14.23022	  9.29643	 -7.09444	 -6.59248
 22020	 -14.23022	  9.29643	 -7.09444	 -6.59248
 22019	 -14.2186	  9.2889	 -7.08003	 -6.57807
 22021	 -14.20899	  9.29673	 -7.09457	 -6.5926
 22022	 -14.23735	  9.37786	 -7.08141	 -6.57945
 22023	 -14.21879	  9.33709	 -7.0786	 -6.57664
 22024	 -14.25692	  9.3737	 -7.0737	 -6.57174
 22024	 -14.25692	  9.3737	 -7.0737	 -6.57174
 22023	 -14.21879	  9.33709	 -7.0786	 -6.57664
 22025	 -14.24604	  9.33126	 -7.06788	 -6.56592
 22026	 -14.25692	  9.28679	 -7.0762	 -6.57424
 22027	 -14.24604	  9.28314	 -7.06926	 -6.56731
 22028	 -14.23715	  9.29089	 -7.08396	 -6.582
 22028	 -14.23715	  9.29089	 -7.08396	 -6.582
 22027	 -14.24604	  9.28314	 -7.06926	 -6.56731
 22029	 -14.2186	  9.2889	 -7.08003	 -6.57807
 22030	 -14.28405	  9.37209	 -7.07079	 -6.56883
 22031	 -14.25692	  9.3737	 -7.0737	 -6.57174
 22032	 -14.28376	  9.32912	 -7.06382	 -6.56187
 22032	 -14.28376	  9.32912	 -7.06382	 -6.56187
 22031	 -14.25692	  9.3737	 -7.0737	 -6.57174
 22033	 -14.24604	  9.33126	 -7.06788	 -6.56592
 22034	 -14.25692	  9.28679	 -7.0762	 -6.57424
 22035	 -14.28423	  9.28523	 -7.07325	 -6.57129
 22036	 -14.24604	  9.28314	 -7.06926	 -6.56731
 22036	 -14.24604	  9.28314	 -7.06926	 -6.56731
 22035	 -14.28423	  9.28523	 -7.07325	 -6.57129
 22037	 -14.28394	  9.28104	 -7.06516	 -6.56321
 22038	 -14.31143	  9.37348	 -7.07346	 -6.57151
 22039	 -14.28405	  9.37209	 -7.07079	 -6.56883
 22040	 -14.3218	  9.33117	 -7.06752	 -6.56556
 22040	 -14.3218	  9.33117	 -7.06752	 -6.56556
 22039	 -14.28405	  9.37209	 -7.07079	 -6.56883
 22041	 -14.28376	  9.32912	 -7.06382	 -6.56187
 22042	 -14.28423	  9.28523	 -7.07325	 -6.57129
 22043	 -14.31175	  9.28663	 -7.07589	 -6.57393
 22044	 -14.28394	  9.28104	 -7.06516	 -6.56321
 22044	 -14.28394	  9.28104	 -7.06516	 -6.56321
 22043	 -14.31175	  9.28663	 -7.07589	 -6.57393
 22045	 -14.32212	  9.2831	 -7.06883	 -6.56687
 22046	 -14.33173	  9.37746	 -7.08101	 -6.57905
 22047	 -14.31143	  9.37348	 -7.07346	 -6.57151
 22048	 -14.34997	  9.33676	 -7.07797	 -6.57601
 22048	 -14.34997	  9.33676	 -7.07797	 -6.57601
 22047	 -14.31143	  9.37348	 -7.07346	 -6.57151
 22049	 -14.3218	  9.33117	 -7.06752	 -6.56556
 22050	 -14.31175	  9.28663	 -7.07589	 -6.57393
 22051	 -14.33211	  9.29061	 -7.08342	 -6.58146
 22052	 -14.32212	  9.2831	 -7.06883	 -6.56687
 22052	 -14.32212	  9.2831	 -7.06883	 -6.56687
 22051	 -14.33211	  9.29061	 -7.08342	 -6.58146
 22053	 -14.35034	  9.28868	 -7.07926	 -6.57731
 22054	 -14.33173	  9.37746	 -7.08101	 -6.57905
 22055	 -14.34997	  9.33676	 -7.07797	 -6.57601
 22056	 -14.33955	  9.38296	 -7.09139	 -6.58943
 22056	 -14.33955	  9.38296	 -7.09139	 -6.58943
 22055	 -14.34997	  9.33676	 -7.07797	 -6.57601
 22057	 -14.36077	  9.34431	 -7.09237	 -6.5904
 22058	 -14.33987	  9.29611	 -7.09382	 -6.59185
 22059	 -14.36109	  9.29624	 -7.09368	 -6.59171
 22060	 -14.33211	  9.29061	 -7.08342	 -6.58146
 22060	 -14.33211	  9.29061	 -7.08342	 -6.58146
 22059	 -14.36109	  9.29624	 -7.09368	 -6.59171
 22061	 -14.35034	  9.28868	 -7.07926	 -6.57731
 22062	 -14.33955	  9.38296	 -7.09139	 -6.58943
 22063	 -14.36077	  9.34431	 -7.09237	 -6.5904
 22064	 -14.33275	  9.38851	 -7.10184	 -6.59987
 22064	 -14.33275	  9.38851	 -7.10184	 -6.59987
 22063	 -14.36077	  9.34431	 -7.09237	 -6.5904
 22065	 -14.3513	  9.35189	 -7.10688	 -6.60491
 22066	 -14.33293	  9.30165	 -7.1043	 -6.60233
 22067	 -14.35148	  9.30381	 -7.10822	 -6.60626
 22068	 -14.33987	  9.29611	 -7.09382	 -6.59185
 22068	 -14.33987	  9.29611	 -7.09382	 -6.59185
 22067	 -14.35148	  9.30381	 -7.10822	 -6.60626
 22069	 -14.36109	  9.29624	 -7.09368	 -6.59171
 22070	 -14.31316	  9.39266	 -7.10955	 -6.60758
 22071	 -14.33275	  9.38851	 -7.10184	 -6.59987
 22072	 -14.32404	  9.35756	 -7.11761	 -6.61564
 22072	 -14.32404	  9.35756	 -7.11761	 -6.61564
 22071	 -14.33275	  9.38851	 -7.10184	 -6.59987
 22073	 -14.3513	  9.35189	 -7.10688	 -6.60491
 22074	 -14.31316	  9.30575	 -7.11205	 -6.61009
 22075	 -14.32404	  9.30944	 -7.11899	 -6.61702
 22076	 -14.33293	  9.30165	 -7.1043	 -6.60233
 22076	 -14.33293	  9.30165	 -7.1043	 -6.60233
 22075	 -14.32404	  9.30944	 -7.11899	 -6.61702
 22077	 -14.35148	  9.30381	 -7.10822	 -6.60626
 22078	 -14.28605	  9.39428	 -7.11246	 -6.61049
 22079	 -14.31316	  9.39266	 -7.10955	 -6.60758
 22080	 -14.28633	  9.35986	 -7.12165	 -6.61968
 22080	 -14.28633	  9.35986	 -7.12165	 -6.61968
 22079	 -14.31316	  9.39266	 -7.10955	 -6.60758
 22081	 -14.32404	  9.35756	 -7.11761	 -6.61564
 22082	 -14.31316	  9.30575	 -7.11205	 -6.61009
 22083	 -14.28586	  9.30731	 -7.11501	 -6.61304
 22084	 -14.32404	  9.30944	 -7.11899	 -6.61702
 22084	 -14.32404	  9.30944	 -7.11899	 -6.61702
 22083	 -14.28586	  9.30731	 -7.11501	 -6.61304
 22085	 -14.28614	  9.31167	 -7.12309	 -6.62112
 22086	 -14.2587	  9.39294	 -7.10978	 -6.60781
 22087	 -14.28605	  9.39428	 -7.11246	 -6.61049
 22088	 -14.24832	  9.35812	 -7.11794	 -6.61597
 22088	 -14.24832	  9.35812	 -7.11794	 -6.61597
 22087	 -14.28605	  9.39428	 -7.11246	 -6.61049
 22089	 -14.28633	  9.35986	 -7.12165	 -6.61968
 22090	 -14.28586	  9.30731	 -7.11501	 -6.61304
 22091	 -14.25834	  9.30591	 -7.11236	 -6.6104
 22092	 -14.28614	  9.31167	 -7.12309	 -6.62112
 22092	 -14.28614	  9.31167	 -7.12309	 -6.62112
 22091	 -14.25834	  9.30591	 -7.11236	 -6.6104
 22093	 -14.24796	  9.30987	 -7.11941	 -6.61744
 22094	 -14.2384	  9.38898	 -7.10223	 -6.60027
 22095	 -14.2587	  9.39294	 -7.10978	 -6.60781
 22096	 -14.22017	  9.3527	 -7.10749	 -6.60552
 22096	 -14.22017	  9.3527	 -7.10749	 -6.60552
 22095	 -14.2587	  9.39294	 -7.10978	 -6.60781
 22097	 -14.24832	  9.35812	 -7.11794	 -6.61597
 22098	 -14.25834	  9.30591	 -7.11236	 -6.6104
 22099	 -14.23797	  9.30193	 -7.10484	 -6.60287
 22100	 -14.24796	  9.30987	 -7.11941	 -6.61744
 22100	 -14.24796	  9.30987	 -7.11941	 -6.61744
 22099	 -14.23797	  9.30193	 -7.10484	 -6.60287
 22101	 -14.21974	  9.30442	 -7.10897	 -6.60701
 22102	 -14.2384	  9.38898	 -7.10223	 -6.60027
 22103	 -14.22017	  9.3527	 -7.10749	 -6.60552
 22104	 -14.23058	  9.38346	 -7.09185	 -6.58989
 22104	 -14.23058	  9.38346	 -7.09185	 -6.58989
 22103	 -14.22017	  9.3527	 -7.10749	 -6.60552
 22105	 -14.20935	  9.34498	 -7.09309	 -6.59113
 22106	 -14.23022	  9.29643	 -7.09444	 -6.59248
 22107	 -14.20899	  9.29673	 -7.09457	 -6.5926
 22108	 -14.23797	  9.30193	 -7.10484	 -6.60287
 22108	 -14.23797	  9.30193	 -7.10484	 -6.60287
 22107	 -14.20899	  9.29673	 -7.09457	 -6.5926
 22109	 -14.21974	  9.30442	 -7.10897	 -6.60701
 22110	 -14.88282	  9.20867	 -6.93721	 -6.43529
 22111	 -14.90259	  9.20457	 -6.92945	 -6.42753
 22112	 -14.86427	  9.20663	 -6.93327	 -6.43136
 22112	 -14.86427	  9.20663	 -6.93327	 -6.43136
 22111	 -14.90259	  9.20457	 -6.92945	 -6.42753
 22113	 -14.8917	  9.2009	 -6.92251	 -6.4206
 22114	 -14.90259	  9.29622	 -6.92681	 -6.4249
 22115	 -14.88293	  9.30021	 -6.93454	 -6.43263
 22116	 -14.8917	  9.25378	 -6.92099	 -6.41907
 22116	 -14.8917	  9.25378	 -6.92099	 -6.41907
 22115	 -14.88293	  9.30021	 -6.93454	 -6.43263
 22117	 -14.86438	  9.2594	 -6.93173	 -6.42981
 22118	 -14.90259	  9.20457	 -6.92945	 -6.42753
 22119	 -14.92989	  9.203	 -6.9265	 -6.42458
 22120	 -14.8917	  9.2009	 -6.92251	 -6.4206
 22120	 -14.8917	  9.2009	 -6.92251	 -6.4206
 22119	 -14.92989	  9.203	 -6.9265	 -6.42458
 22121	 -14.9296	  9.19878	 -6.91841	 -6.4165
 22122	 -14.92977	  9.2948	 -6.92388	 -6.42197
 22123	 -14.90259	  9.29622	 -6.92681	 -6.4249
 22124	 -14.92947	  9.2518	 -6.91691	 -6.415
 22124	 -14.92947	  9.2518	 -6.91691	 -6.415
 22123	 -14.90259	  9.29622	 -6.92681	 -6.4249
 22125	 -14.8917	  9.25378	 -6.92099	 -6.41907
 22126	 -14.92989	  9.203	 -6.9265	 -6.42458
 22127	 -14.95741	  9.2044	 -6.92914	 -6.42722
 22128	 -14.9296	  9.19878	 -6.91841	 -6.4165
 22128	 -14.9296	  9.19878	 -6.91841	 -6.4165
 22127	 -14.95741	  9.2044	 -6.92914	 -6.42722
 22129	 -14.96777	  9.2008	 -6.92208	 -6.42016
 22130	 -14.95719	  9.29633	 -6.92654	 -6.42463
 22131	 -14.92977	  9.2948	 -6.92388	 -6.42197
 22132	 -14.96755	  9.25394	 -6.9206	 -6.41869
 22132	 -14.96755	  9.25394	 -6.9206	 -6.41869
 22131	 -14.92977	  9.2948	 -6.92388	 -6.42197
 22133	 -14.92947	  9.2518	 -6.91691	 -6.415
 22134	 -14.95741	  9.2044	 -6.92914	 -6.42722
 22135	 -14.97778	  9.20838	 -6.93667	 -6.43475
 22136	 -14.96777	  9.2008	 -6.92208	 -6.42016
 22136	 -14.96777	  9.2008	 -6.92208	 -6.42016
 22135	 -14.97778	  9.20838	 -6.93667	 -6.43475
 22137	 -14.99601	  9.20636	 -6.93252	 -6.4306
 22138	 -14.97751	  9.30036	 -6.93408	 -6.43216
 22139	 -14.95719	  9.29633	 -6.92654	 -6.42463
 22140	 -14.99574	  9.25956	 -6.93105	 -6.42913
 22140	 -14.99574	  9.25956	 -6.93105	 -6.42913
 22139	 -14.95719	  9.29633	 -6.92654	 -6.42463
 22141	 -14.96755	  9.25394	 -6.9206	 -6.41869
 22142	 -14.97778	  9.20838	 -6.93667	 -6.43475
 22143	 -14.98553	  9.21388	 -6.94707	 -6.44514
 22144	 -14.99601	  9.20636	 -6.93252	 -6.4306
 22144	 -14.99601	  9.20636	 -6.93252	 -6.4306
 22143	 -14.98553	  9.21388	 -6.94707	 -6.44514
 22145	 -15.00676	  9.21394	 -6.94693	 -6.44501
 22146	 -14.97751	  9.30036	 -6.93408	 -6.43216
 22147	 -14.99574	  9.25956	 -6.93105	 -6.42913
 22148	 -14.98531	  9.30581	 -6.94447	 -6.44255
 22148	 -14.98531	  9.30581	 -6.94447	 -6.44255
 22147	 -14.99574	  9.25956	 -6.93105	 -6.42913
 22149	 -15.00654	  9.26709	 -6.94545	 -6.44353
 22150	 -14.97859	  9.21942	 -6.95755	 -6.45562
 22151	 -14.99714	  9.22155	 -6.96148	 -6.45955
 22152	 -14.98553	  9.21388	 -6.94707	 -6.44514
 22152	 -14.98553	  9.21388	 -6.94707	 -6.44514
 22151	 -14.99714	  9.22155	 -6.96148	 -6.45955
 22153	 -15.00676	  9.21394	 -6.94693	 -6.44501
 22154	 -14.98531	  9.30581	 -6.94447	 -6.44255
 22155	 -15.00654	  9.26709	 -6.94545	 -6.44353
 22156	 -14.97847	  9.31122	 -6.95493	 -6.45301
 22156	 -14.97847	  9.31122	 -6.95493	 -6.45301
 22155	 -15.00654	  9.26709	 -6.94545	 -6.44353
 22157	 -14.99702	  9.27457	 -6.95998	 -6.45805
 22158	 -14.97859	  9.21942	 -6.95755	 -6.45562
 22159	 -14.95882	  9.22352	 -6.9653	 -6.46338
 22160	 -14.99714	  9.22155	 -6.96148	 -6.45955
 22160	 -14.99714	  9.22155	 -6.96148	 -6.45955
 22159	 -14.95882	  9.22352	 -6.9653	 -6.46338
 22161	 -14.96971	  9.2272	 -6.97224	 -6.47031
 22162	 -14.97847	  9.31122	 -6.95493	 -6.45301
 22163	 -14.99702	  9.27457	 -6.95998	 -6.45805
 22164	 -14.95882	  9.31518	 -6.96266	 -6.46074
 22164	 -14.95882	  9.31518	 -6.96266	 -6.46074
 22163	 -14.99702	  9.27457	 -6.95998	 -6.45805
 22165	 -14.96971	  9.28008	 -6.97072	 -6.46879
 22166	 -14.95882	  9.22352	 -6.9653	 -6.46338
 22167	 -14.93152	  9.22508	 -6.96826	 -6.46633
 22168	 -14.96971	  9.2272	 -6.97224	 -6.47031
 22168	 -14.96971	  9.2272	 -6.97224	 -6.47031
 22167	 -14.93152	  9.22508	 -6.96826	 -6.46633
 22169	 -14.93182	  9.2294	 -6.97634	 -6.47441
 22170	 -14.95882	  9.31518	 -6.96266	 -6.46074
 22171	 -14.96971	  9.28008	 -6.97072	 -6.46879
 22172	 -14.93163	  9.31663	 -6.96559	 -6.46367
 22172	 -14.93163	  9.31663	 -6.96559	 -6.46367
 22171	 -14.96971	  9.28008	 -6.97072	 -6.46879
 22173	 -14.93193	  9.28217	 -6.97479	 -6.47286
 22174	 -14.93152	  9.22508	 -6.96826	 -6.46633
 22175	 -14.904	  9.22369	 -6.96561	 -6.46369
 22176	 -14.93182	  9.2294	 -6.97634	 -6.47441
 22176	 -14.93182	  9.2294	 -6.97634	 -6.47441
 22175	 -14.904	  9.22369	 -6.96561	 -6.46369
 22177	 -14.89364	  9.22754	 -6.97267	 -6.47074
 22178	 -14.9042	  9.31518	 -6.96293	 -6.46101
 22179	 -14.93163	  9.31663	 -6.96559	 -6.46367
 22180	 -14.89384	  9.28025	 -6.9711	 -6.46918
 22180	 -14.89384	  9.28025	 -6.9711	 -6.46918
 22179	 -14.93163	  9.31663	 -6.96559	 -6.46367
 22181	 -14.93193	  9.28217	 -6.97479	 -6.47286
 22182	 -14.904	  9.22369	 -6.96561	 -6.46369
 22183	 -14.88363	  9.21971	 -6.95808	 -6.45616
 22184	 -14.89364	  9.22754	 -6.97267	 -6.47074
 22184	 -14.89364	  9.22754	 -6.97267	 -6.47074
 22183	 -14.88363	  9.21971	 -6.95808	 -6.45616
 22185	 -14.86541	  9.22205	 -6.96223	 -6.4603
 22186	 -14.88387	  9.31119	 -6.9554	 -6.45347
 22187	 -14.9042	  9.31518	 -6.96293	 -6.46101
 22188	 -14.86564	  9.27476	 -6.96066	 -6.45873
 22188	 -14.86564	  9.27476	 -6.96066	 -6.45873
 22187	 -14.9042	  9.31518	 -6.96293	 -6.46101
 22189	 -14.89384	  9.28025	 -6.9711	 -6.46918
 22190	 -14.88363	  9.21971	 -6.95808	 -6.45616
 22191	 -14.87588	  9.21421	 -6.94769	 -6.44577
 22192	 -14.86541	  9.22205	 -6.96223	 -6.4603
 22192	 -14.86541	  9.22205	 -6.96223	 -6.4603
 22191	 -14.87588	  9.21421	 -6.94769	 -6.44577
 22193	 -14.85465	  9.2144	 -6.94781	 -6.44589
 22194	 -14.88387	  9.31119	 -6.9554	 -6.45347
 22195	 -14.86564	  9.27476	 -6.96066	 -6.45873
 22196	 -14.87608	  9.3057	 -6.94501	 -6.44309
 22196	 -14.87608	  9.3057	 -6.94501	 -6.44309
 22195	 -14.86564	  9.27476	 -6.96066	 -6.45873
 22197	 -14.85485	  9.26711	 -6.94625	 -6.44433
 22198	 -14.88282	  9.20867	 -6.93721	 -6.43529
 22199	 -14.86427	  9.20663	 -6.93327	 -6.43136
 22200	 -14.87588	  9.21421	 -6.94769	 -6.44577
 22200	 -14.87588	  9.21421	 -6.94769	 -6.44577
 22199	 -14.86427	  9.20663	 -6.93327	 -6.43136
 22201	 -14.85465	  9.2144	 -6.94781	 -6.44589
 22202	 -14.87608	  9.3057	 -6.94501	 -6.44309
 22203	 -14.85485	  9.26711	 -6.94625	 -6.44433
 22204	 -14.88293	  9.30021	 -6.93454	 -6.43263
 22204	 -14.88293	  9.30021	 -6.93454	 -6.43263
 22203	 -14.85485	  9.26711	 -6.94625	 -6.44433
 22205	 -14.86438	  9.2594	 -6.93173	 -6.42981
 22206	 -24.24148	  3.40782	 -6.88091	 -6.379
 22207	 -24.27184	  3.25181	 -6.87839	 -6.37648
 22208	 -22.3774	  2.7794	 -5.69251	 -5.19094
 22207	 -24.27184	  3.25181	 -6.87839	 -6.37648
 22206	 -24.24148	  3.40782	 -6.88091	 -6.379
 22209	 -24.33363	  3.29841	 -6.8922	 -6.3903
 22209	 -24.33363	  3.29841	 -6.8922	 -6.3903
 22206	 -24.24148	  3.40782	 -6.88091	 -6.379
 22210	 -24.30966	  3.42158	 -6.89419	 -6.39228
 22208	 -22.3774	  2.7794	 -5.69251	 -5.19094
 22207	 -24.27184	  3.25181	 -6.87839	 -6.37648
 22211	 -22.40777	  2.62339	 -5.68999	 -5.18842
 22211	 -22.40777	  2.62339	 -5.68999	 -5.18842
 22212	 -20.50675	  2.14876	 -4.49991	 -3.99869
 22208	 -22.3774	  2.7794	 -5.69251	 -5.19094
 22213	 -20.53712	  1.99276	 -4.49739	 -3.99617
 22212	 -20.50675	  2.14876	 -4.49991	 -3.99869
 22211	 -22.40777	  2.62339	 -5.68999	 -5.18842
 22212	 -20.50675	  2.14876	 -4.49991	 -3.99869
 22213	 -20.53712	  1.99276	 -4.49739	 -3.99617
 22214	 -20.51752	  2.14215	 -4.47325	 -3.97203
 22214	 -20.51752	  2.14215	 -4.47325	 -3.97203
 22213	 -20.53712	  1.99276	 -4.49739	 -3.99617
 22215	 -20.54078	  2.02262	 -4.47132	 -3.9701
 22216	 -22.47413	  2.51233	 -5.67786	 -5.1763
 22217	 -20.53712	  1.99276	 -4.49739	 -3.99617
 22211	 -22.40777	  2.62339	 -5.68999	 -5.18842
 22218	 -20.60348	  1.88169	 -4.48526	 -3.98405
 22217	 -20.53712	  1.99276	 -4.49739	 -3.99617
 22216	 -22.47413	  2.51233	 -5.67786	 -5.1763
 22211	 -22.40777	  2.62339	 -5.68999	 -5.18842
 22219	 -24.3382	  3.14074	 -6.86626	 -6.36436
 22216	 -22.47413	  2.51233	 -5.67786	 -5.1763
 22220	 -24.27184	  3.25181	 -6.87839	 -6.37648
 22219	 -24.3382	  3.14074	 -6.86626	 -6.36436
 22211	 -22.40777	  2.62339	 -5.68999	 -5.18842
 22219	 -24.3382	  3.14074	 -6.86626	 -6.36436
 22220	 -24.27184	  3.25181	 -6.87839	 -6.37648
 22221	 -24.38603	  3.21072	 -6.88262	 -6.38072
 22221	 -24.38603	  3.21072	 -6.88262	 -6.38072
 22220	 -24.27184	  3.25181	 -6.87839	 -6.37648
 22222	 -24.33363	  3.29841	 -6.8922	 -6.3903
 22223	 -24.3382	  3.14074	 -6.86626	 -6.36436
 22224	 -24.42279	  3.10438	 -6.84777	 -6.34587
 22225	 -22.47413	  2.51233	 -5.67786	 -5.1763
 22225	 -22.47413	  2.51233	 -5.67786	 -5.1763
 22224	 -24.42279	  3.10438	 -6.84777	 -6.34587
 22226	 -22.55872	  2.47596	 -5.65937	 -5.15782
 22227	 -24.42279	  3.10438	 -6.84777	 -6.34587
 22228	 -24.50293	  3.15246	 -6.82787	 -6.32599
 22229	 -22.55872	  2.47596	 -5.65937	 -5.15782
 22228	 -24.50293	  3.15246	 -6.82787	 -6.32599
 22227	 -24.42279	  3.10438	 -6.84777	 -6.34587
 22230	 -24.51608	  3.21998	 -6.85232	 -6.35043
 22230	 -24.51608	  3.21998	 -6.85232	 -6.35043
 22227	 -24.42279	  3.10438	 -6.84777	 -6.34587
 22231	 -24.45281	  3.18201	 -6.86803	 -6.36613
 22229	 -22.55872	  2.47596	 -5.65937	 -5.15782
 22228	 -24.50293	  3.15246	 -6.82787	 -6.32599
 22232	 -22.63886	  2.52404	 -5.63948	 -5.13793
 22232	 -22.63886	  2.52404	 -5.63948	 -5.13793
 22233	 -20.68807	  1.84532	 -4.46678	 -3.96556
 22229	 -22.55872	  2.47596	 -5.65937	 -5.15782
 22234	 -20.76821	  1.89341	 -4.44688	 -3.94568
 22233	 -20.68807	  1.84532	 -4.46678	 -3.96556
 22232	 -22.63886	  2.52404	 -5.63948	 -5.13793
 22233	 -20.68807	  1.84532	 -4.46678	 -3.96556
 22234	 -20.76821	  1.89341	 -4.44688	 -3.94568
 22235	 -20.65644	  1.90966	 -4.44786	 -3.94665
 22235	 -20.65644	  1.90966	 -4.44786	 -3.94665
 22234	 -20.76821	  1.89341	 -4.44688	 -3.94568
 22236	 -20.71784	  1.9465	 -4.43262	 -3.93141
 22237	 -22.69308	  2.64369	 -5.62351	 -5.12196
 22238	 -20.76821	  1.89341	 -4.44688	 -3.94568
 22232	 -22.63886	  2.52404	 -5.63948	 -5.13793
 22239	 -20.82243	  2.01305	 -4.43091	 -3.92971
 22238	 -20.76821	  1.89341	 -4.44688	 -3.94568
 22237	 -22.69308	  2.64369	 -5.62351	 -5.12196
 22232	 -22.63886	  2.52404	 -5.63948	 -5.13793
 22240	 -24.55716	  3.2721	 -6.81191	 -6.31002
 22237	 -22.69308	  2.64369	 -5.62351	 -5.12196
 22241	 -24.50293	  3.15246	 -6.82787	 -6.32599
 22240	 -24.55716	  3.2721	 -6.81191	 -6.31002
 22232	 -22.63886	  2.52404	 -5.63948	 -5.13793
 22240	 -24.55716	  3.2721	 -6.81191	 -6.31002
 22241	 -24.50293	  3.15246	 -6.82787	 -6.32599
 22242	 -24.55889	  3.31443	 -6.83972	 -6.33782
 22242	 -24.55889	  3.31443	 -6.83972	 -6.33782
 22241	 -24.50293	  3.15246	 -6.82787	 -6.32599
 22243	 -24.51608	  3.21998	 -6.85232	 -6.35043
 22244	 -24.55716	  3.2721	 -6.81191	 -6.31002
 22245	 -24.57093	  3.43125	 -6.80414	 -6.30226
 22246	 -22.69308	  2.64369	 -5.62351	 -5.12196
 22245	 -24.57093	  3.43125	 -6.80414	 -6.30226
 22244	 -24.55716	  3.2721	 -6.81191	 -6.31002
 22247	 -24.56977	  3.44008	 -6.83359	 -6.3317
 22247	 -24.56977	  3.44008	 -6.83359	 -6.3317
 22244	 -24.55716	  3.2721	 -6.81191	 -6.31002
 22248	 -24.55889	  3.31443	 -6.83972	 -6.33782
 22246	 -22.69308	  2.64369	 -5.62351	 -5.12196
 22245	 -24.57093	  3.43125	 -6.80414	 -6.30226
 22249	 -22.70686	  2.80283	 -5.61574	 -5.1142
 22249	 -22.70686	  2.80283	 -5.61574	 -5.1142
 22250	 -20.82243	  2.01305	 -4.43091	 -3.92971
 22246	 -22.69308	  2.64369	 -5.62351	 -5.12196
 22251	 -20.83621	  2.1722	 -4.42315	 -3.92195
 22250	 -20.82243	  2.01305	 -4.43091	 -3.92971
 22249	 -22.70686	  2.80283	 -5.61574	 -5.1142
 22250	 -20.82243	  2.01305	 -4.43091	 -3.92971
 22251	 -20.83621	  2.1722	 -4.42315	 -3.92195
 22252	 -20.75938	  2.03817	 -4.42038	 -3.91918
 22252	 -20.75938	  2.03817	 -4.42038	 -3.91918
 22251	 -20.83621	  2.1722	 -4.42315	 -3.92195
 22253	 -20.76994	  2.1601	 -4.41443	 -3.91324
 22254	 -24.57093	  3.43125	 -6.80414	 -6.30226
 22255	 -24.54057	  3.58726	 -6.80666	 -6.30478
 22249	 -22.70686	  2.80283	 -5.61574	 -5.1142
 22255	 -24.54057	  3.58726	 -6.80666	 -6.30478
 22254	 -24.57093	  3.43125	 -6.80414	 -6.30226
 22256	 -24.5458	  3.56325	 -6.83558	 -6.33369
 22256	 -24.5458	  3.56325	 -6.83558	 -6.33369
 22254	 -24.57093	  3.43125	 -6.80414	 -6.30226
 22257	 -24.56977	  3.44008	 -6.83359	 -6.3317
 22249	 -22.70686	  2.80283	 -5.61574	 -5.1142
 22255	 -24.54057	  3.58726	 -6.80666	 -6.30478
 22258	 -22.6765	  2.95884	 -5.61826	 -5.11672
 22258	 -22.6765	  2.95884	 -5.61826	 -5.11672
 22259	 -20.83621	  2.1722	 -4.42315	 -3.92195
 22249	 -22.70686	  2.80283	 -5.61574	 -5.1142
 22260	 -20.80584	  2.32821	 -4.42567	 -3.92447
 22259	 -20.83621	  2.1722	 -4.42315	 -3.92195
 22258	 -22.6765	  2.95884	 -5.61826	 -5.11672
 22259	 -20.83621	  2.1722	 -4.42315	 -3.92195
 22260	 -20.80584	  2.32821	 -4.42567	 -3.92447
 22261	 -20.76994	  2.1601	 -4.41443	 -3.91324
 22261	 -20.76994	  2.1601	 -4.41443	 -3.91324
 22260	 -20.80584	  2.32821	 -4.42567	 -3.92447
 22262	 -20.74667	  2.27963	 -4.41636	 -3.91517
 22263	 -22.61013	  3.0699	 -5.63039	 -5.12885
 22264	 -20.80584	  2.32821	 -4.42567	 -3.92447
 22258	 -22.6765	  2.95884	 -5.61826	 -5.11672
 22265	 -20.73948	  2.43927	 -4.4378	 -3.9366
 22264	 -20.80584	  2.32821	 -4.42567	 -3.92447
 22263	 -22.61013	  3.0699	 -5.63039	 -5.12885
 22258	 -22.6765	  2.95884	 -5.61826	 -5.11672
 22266	 -24.4742	  3.69832	 -6.81879	 -6.31691
 22263	 -22.61013	  3.0699	 -5.63039	 -5.12885
 22267	 -24.54057	  3.58726	 -6.80666	 -6.30478
 22266	 -24.4742	  3.69832	 -6.81879	 -6.31691
 22258	 -22.6765	  2.95884	 -5.61826	 -5.11672
 22266	 -24.4742	  3.69832	 -6.81879	 -6.31691
 22267	 -24.54057	  3.58726	 -6.80666	 -6.30478
 22268	 -24.4934	  3.65094	 -6.84515	 -6.34326
 22268	 -24.4934	  3.65094	 -6.84515	 -6.34326
 22267	 -24.54057	  3.58726	 -6.80666	 -6.30478
 22269	 -24.5458	  3.56325	 -6.83558	 -6.33369
 22270	 -24.4742	  3.69832	 -6.81879	 -6.31691
 22271	 -24.38962	  3.73469	 -6.83728	 -6.33539
 22272	 -22.61013	  3.0699	 -5.63039	 -5.12885
 22271	 -24.38962	  3.73469	 -6.83728	 -6.33539
 22270	 -24.4742	  3.69832	 -6.81879	 -6.31691
 22273	 -24.42662	  3.67965	 -6.85975	 -6.35785
 22273	 -24.42662	  3.67965	 -6.85975	 -6.35785
 22270	 -24.4742	  3.69832	 -6.81879	 -6.31691
 22274	 -24.4934	  3.65094	 -6.84515	 -6.34326
 22272	 -22.61013	  3.0699	 -5.63039	 -5.12885
 22271	 -24.38962	  3.73469	 -6.83728	 -6.33539
 22275	 -22.52555	  3.10627	 -5.64888	 -5.14733
 22275	 -22.52555	  3.10627	 -5.64888	 -5.14733
 22276	 -20.73948	  2.43927	 -4.4378	 -3.9366
 22272	 -22.61013	  3.0699	 -5.63039	 -5.12885
 22277	 -20.65489	  2.47564	 -4.45629	 -3.95508
 22276	 -20.73948	  2.43927	 -4.4378	 -3.9366
 22275	 -22.52555	  3.10627	 -5.64888	 -5.14733
 22276	 -20.73948	  2.43927	 -4.4378	 -3.9366
 22277	 -20.65489	  2.47564	 -4.45629	 -3.95508
 22278	 -20.69583	  2.36473	 -4.42566	 -3.92446
 22278	 -20.69583	  2.36473	 -4.42566	 -3.92446
 22277	 -20.65489	  2.47564	 -4.45629	 -3.95508
 22279	 -20.63102	  2.39259	 -4.43982	 -3.93862
 22280	 -22.4454	  3.05819	 -5.66878	 -5.16722
 22281	 -20.65489	  2.47564	 -4.45629	 -3.95508
 22275	 -22.52555	  3.10627	 -5.64888	 -5.14733
 22275	 -22.52555	  3.10627	 -5.64888	 -5.14733
 22282	 -24.30948	  3.68661	 -6.85717	 -6.35528
 22280	 -22.4454	  3.05819	 -5.66878	 -5.16722
 22283	 -20.57475	  2.42755	 -4.47618	 -3.97497
 22281	 -20.65489	  2.47564	 -4.45629	 -3.95508
 22280	 -22.4454	  3.05819	 -5.66878	 -5.16722
 22284	 -24.38962	  3.73469	 -6.83728	 -6.33539
 22282	 -24.30948	  3.68661	 -6.85717	 -6.35528
 22275	 -22.52555	  3.10627	 -5.64888	 -5.14733
 22281	 -20.65489	  2.47564	 -4.45629	 -3.95508
 22283	 -20.57475	  2.42755	 -4.47618	 -3.97497
 22285	 -20.63102	  2.39259	 -4.43982	 -3.93862
 22285	 -20.63102	  2.39259	 -4.43982	 -3.93862
 22283	 -20.57475	  2.42755	 -4.47618	 -3.97497
 22286	 -20.56962	  2.35575	 -4.45506	 -3.95386
 22282	 -24.30948	  3.68661	 -6.85717	 -6.35528
 22284	 -24.38962	  3.73469	 -6.83728	 -6.33539
 22287	 -24.36335	  3.64169	 -6.87545	 -6.37355
 22287	 -24.36335	  3.64169	 -6.87545	 -6.37355
 22284	 -24.38962	  3.73469	 -6.83728	 -6.33539
 22288	 -24.42662	  3.67965	 -6.85975	 -6.35785
 22289	 -24.30948	  3.68661	 -6.85717	 -6.35528
 22290	 -24.25525	  3.56697	 -6.87314	 -6.37124
 22291	 -22.4454	  3.05819	 -5.66878	 -5.16722
 22290	 -24.25525	  3.56697	 -6.87314	 -6.37124
 22289	 -24.30948	  3.68661	 -6.85717	 -6.35528
 22292	 -24.32054	  3.54723	 -6.88806	 -6.38616
 22292	 -24.32054	  3.54723	 -6.88806	 -6.38616
 22289	 -24.30948	  3.68661	 -6.85717	 -6.35528
 22293	 -24.36335	  3.64169	 -6.87545	 -6.37355
 22291	 -22.4454	  3.05819	 -5.66878	 -5.16722
 22290	 -24.25525	  3.56697	 -6.87314	 -6.37124
 22294	 -22.39118	  2.93855	 -5.68474	 -5.18318
 22294	 -22.39118	  2.93855	 -5.68474	 -5.18318
 22295	 -20.57475	  2.42755	 -4.47618	 -3.97497
 22291	 -22.4454	  3.05819	 -5.66878	 -5.16722
 22296	 -20.52053	  2.30791	 -4.49215	 -3.99093
 22295	 -20.57475	  2.42755	 -4.47618	 -3.97497
 22294	 -22.39118	  2.93855	 -5.68474	 -5.18318
 22295	 -20.57475	  2.42755	 -4.47618	 -3.97497
 22296	 -20.52053	  2.30791	 -4.49215	 -3.99093
 22297	 -20.56962	  2.35575	 -4.45506	 -3.95386
 22297	 -20.56962	  2.35575	 -4.45506	 -3.95386
 22296	 -20.52053	  2.30791	 -4.49215	 -3.99093
 22298	 -20.52807	  2.26408	 -4.4673	 -3.96609
 22208	 -22.3774	  2.7794	 -5.69251	 -5.19094
 22299	 -20.52053	  2.30791	 -4.49215	 -3.99093
 22294	 -22.39118	  2.93855	 -5.68474	 -5.18318
 22300	 -20.50675	  2.14876	 -4.49991	 -3.99869
 22299	 -20.52053	  2.30791	 -4.49215	 -3.99093
 22208	 -22.3774	  2.7794	 -5.69251	 -5.19094
 22299	 -20.52053	  2.30791	 -4.49215	 -3.99093
 22300	 -20.50675	  2.14876	 -4.49991	 -3.99869
 22301	 -20.52807	  2.26408	 -4.4673	 -3.96609
 22301	 -20.52807	  2.26408	 -4.4673	 -3.96609
 22300	 -20.50675	  2.14876	 -4.49991	 -3.99869
 22302	 -20.51752	  2.14215	 -4.47325	 -3.97203
 22294	 -22.39118	  2.93855	 -5.68474	 -5.18318
 22303	 -24.24148	  3.40782	 -6.88091	 -6.379
 22208	 -22.3774	  2.7794	 -5.69251	 -5.19094
 22304	 -24.25525	  3.56697	 -6.87314	 -6.37124
 22303	 -24.24148	  3.40782	 -6.88091	 -6.379
 22294	 -22.39118	  2.93855	 -5.68474	 -5.18318
 22303	 -24.24148	  3.40782	 -6.88091	 -6.379
 22304	 -24.25525	  3.56697	 -6.87314	 -6.37124
 22305	 -24.30966	  3.42158	 -6.89419	 -6.39228
 22305	 -24.30966	  3.42158	 -6.89419	 -6.39228
 22304	 -24.25525	  3.56697	 -6.87314	 -6.37124
 22306	 -24.32054	  3.54723	 -6.88806	 -6.38616
 22307	 -24.34604	  3.5741	 -6.8487	 -6.3468
 22308	 -24.30637	  3.41144	 -6.86254	 -6.36065
 22309	 -24.31441	  3.50429	 -6.85801	 -6.35612
 22310	 -24.41216	  3.2344	 -6.84321	 -6.34132
 22311	 -24.3628	  3.25562	 -6.85399	 -6.3521
 22307	 -24.34604	  3.5741	 -6.8487	 -6.3468
 22312	 -20.59827	  2.24769	 -4.48643	 -3.98521
 22313	 -20.67408	  2.34231	 -4.4662	 -3.96498
 22314	 -20.62886	  2.31519	 -4.47742	 -3.9762
 22315	 -20.53712	  1.99276	 -4.49739	 -3.99617
 22316	 -20.60348	  1.88169	 -4.48526	 -3.98405
 22317	 -20.54078	  2.02262	 -4.47132	 -3.9701
 22317	 -20.54078	  2.02262	 -4.47132	 -3.9701
 22316	 -20.60348	  1.88169	 -4.48526	 -3.98405
 22318	 -20.59163	  1.93752	 -4.46202	 -3.96081
 22319	 -20.60348	  1.88169	 -4.48526	 -3.98405
 22320	 -20.68807	  1.84532	 -4.46678	 -3.96556
 22321	 -20.59163	  1.93752	 -4.46202	 -3.96081
 22321	 -20.59163	  1.93752	 -4.46202	 -3.96081
 22320	 -20.68807	  1.84532	 -4.46678	 -3.96556
 22322	 -20.65644	  1.90966	 -4.44786	 -3.94665
 22323	 -20.76821	  1.89341	 -4.44688	 -3.94568
 22324	 -20.82243	  2.01305	 -4.43091	 -3.92971
 22325	 -20.71784	  1.9465	 -4.43262	 -3.93141
 22325	 -20.71784	  1.9465	 -4.43262	 -3.93141
 22324	 -20.82243	  2.01305	 -4.43091	 -3.92971
 22326	 -20.75938	  2.03817	 -4.42038	 -3.91918
 22327	 -20.80584	  2.32821	 -4.42567	 -3.92447
 22328	 -20.73948	  2.43927	 -4.4378	 -3.9366
 22329	 -20.74667	  2.27963	 -4.41636	 -3.91517
 22329	 -20.74667	  2.27963	 -4.41636	 -3.91517
 22328	 -20.73948	  2.43927	 -4.4378	 -3.9366
 22330	 -20.69583	  2.36473	 -4.42566	 -3.92446
 22331	 -20.52807	  2.26408	 -4.4673	 -3.96609
 22332	 -20.51752	  2.14215	 -4.47325	 -3.97203
 22333	 -20.59827	  2.24769	 -4.48643	 -3.98521
 22333	 -20.59827	  2.24769	 -4.48643	 -3.98521
 22332	 -20.51752	  2.14215	 -4.47325	 -3.97203
 22334	 -20.5905	  2.1579	 -4.49081	 -3.98959
 22335	 -20.51752	  2.14215	 -4.47325	 -3.97203
 22336	 -20.54078	  2.02262	 -4.47132	 -3.9701
 22337	 -20.5905	  2.1579	 -4.49081	 -3.98959
 22337	 -20.5905	  2.1579	 -4.49081	 -3.98959
 22336	 -20.54078	  2.02262	 -4.47132	 -3.9701
 22338	 -20.60763	  2.06988	 -4.48939	 -3.98817
 22339	 -20.54078	  2.02262	 -4.47132	 -3.9701
 22340	 -20.59163	  1.93752	 -4.46202	 -3.96081
 22341	 -20.60763	  2.06988	 -4.48939	 -3.98817
 22341	 -20.60763	  2.06988	 -4.48939	 -3.98817
 22340	 -20.59163	  1.93752	 -4.46202	 -3.96081
 22342	 -20.64507	  2.00723	 -4.48254	 -3.98133
 22343	 -20.59163	  1.93752	 -4.46202	 -3.96081
 22344	 -20.65644	  1.90966	 -4.44786	 -3.94665
 22345	 -20.64507	  2.00723	 -4.48254	 -3.98133
 22345	 -20.64507	  2.00723	 -4.48254	 -3.98133
 22344	 -20.65644	  1.90966	 -4.44786	 -3.94665
 22346	 -20.69279	  1.98671	 -4.47211	 -3.9709
 22347	 -20.65644	  1.90966	 -4.44786	 -3.94665
 22348	 -20.71784	  1.9465	 -4.43262	 -3.93141
 22349	 -20.69279	  1.98671	 -4.47211	 -3.9709
 22349	 -20.69279	  1.98671	 -4.47211	 -3.9709
 22348	 -20.71784	  1.9465	 -4.43262	 -3.93141
 22350	 -20.73801	  2.01383	 -4.46089	 -3.95968
 22351	 -20.71784	  1.9465	 -4.43262	 -3.93141
 22352	 -20.75938	  2.03817	 -4.42038	 -3.91918
 22353	 -20.73801	  2.01383	 -4.46089	 -3.95968
 22353	 -20.73801	  2.01383	 -4.46089	 -3.95968
 22352	 -20.75938	  2.03817	 -4.42038	 -3.91918
 22354	 -20.7686	  2.08133	 -4.45188	 -3.95067
 22355	 -20.75938	  2.03817	 -4.42038	 -3.91918
 22356	 -20.76994	  2.1601	 -4.41443	 -3.91324
 22357	 -20.7686	  2.08133	 -4.45188	 -3.95067
 22357	 -20.7686	  2.08133	 -4.45188	 -3.95067
 22356	 -20.76994	  2.1601	 -4.41443	 -3.91324
 22358	 -20.77637	  2.17112	 -4.4475	 -3.94629
 22359	 -20.76994	  2.1601	 -4.41443	 -3.91324
 22360	 -20.74667	  2.27963	 -4.41636	 -3.91517
 22361	 -20.77637	  2.17112	 -4.4475	 -3.94629
 22361	 -20.77637	  2.17112	 -4.4475	 -3.94629
 22360	 -20.74667	  2.27963	 -4.41636	 -3.91517
 22362	 -20.75924	  2.25914	 -4.44892	 -3.94772
 22363	 -20.74667	  2.27963	 -4.41636	 -3.91517
 22364	 -20.69583	  2.36473	 -4.42566	 -3.92446
 22365	 -20.75924	  2.25914	 -4.44892	 -3.94772
 22365	 -20.75924	  2.25914	 -4.44892	 -3.94772
 22364	 -20.69583	  2.36473	 -4.42566	 -3.92446
 22366	 -20.7218	  2.3218	 -4.45577	 -3.95456
 22367	 -20.69583	  2.36473	 -4.42566	 -3.92446
 22368	 -20.63102	  2.39259	 -4.43982	 -3.93862
 22369	 -20.7218	  2.3218	 -4.45577	 -3.95456
 22369	 -20.7218	  2.3218	 -4.45577	 -3.95456
 22368	 -20.63102	  2.39259	 -4.43982	 -3.93862
 22370	 -20.67408	  2.34231	 -4.4662	 -3.96498
 22371	 -20.63102	  2.39259	 -4.43982	 -3.93862
 22372	 -20.56962	  2.35575	 -4.45506	 -3.95386
 22373	 -20.67408	  2.34231	 -4.4662	 -3.96498
 22373	 -20.67408	  2.34231	 -4.4662	 -3.96498
 22372	 -20.56962	  2.35575	 -4.45506	 -3.95386
 22374	 -20.62886	  2.31519	 -4.47742	 -3.9762
 22375	 -20.56962	  2.35575	 -4.45506	 -3.95386
 22376	 -20.52807	  2.26408	 -4.4673	 -3.96609
 22377	 -20.62886	  2.31519	 -4.47742	 -3.9762
 22377	 -20.62886	  2.31519	 -4.47742	 -3.9762
 22376	 -20.52807	  2.26408	 -4.4673	 -3.96609
 22378	 -20.59827	  2.24769	 -4.48643	 -3.98521
 22379	 -24.42279	  3.10438	 -6.84777	 -6.34587
 22380	 -24.3382	  3.14074	 -6.86626	 -6.36436
 22381	 -24.45281	  3.18201	 -6.86803	 -6.36613
 22381	 -24.45281	  3.18201	 -6.86803	 -6.36613
 22380	 -24.3382	  3.14074	 -6.86626	 -6.36436
 22382	 -24.38603	  3.21072	 -6.88262	 -6.38072
 22383	 -24.36335	  3.64169	 -6.87545	 -6.37355
 22384	 -24.42662	  3.67965	 -6.85975	 -6.35785
 22385	 -24.34604	  3.5741	 -6.8487	 -6.3468
 22385	 -24.34604	  3.5741	 -6.8487	 -6.3468
 22384	 -24.42662	  3.67965	 -6.85975	 -6.35785
 22386	 -24.3928	  3.60215	 -6.83709	 -6.3352
 22387	 -24.42662	  3.67965	 -6.85975	 -6.35785
 22388	 -24.4934	  3.65094	 -6.84515	 -6.34326
 22389	 -24.3928	  3.60215	 -6.83709	 -6.3352
 22389	 -24.3928	  3.60215	 -6.83709	 -6.3352
 22388	 -24.4934	  3.65094	 -6.84515	 -6.34326
 22390	 -24.44215	  3.58093	 -6.8263	 -6.32442
 22391	 -24.4934	  3.65094	 -6.84515	 -6.34326
 22392	 -24.5458	  3.56325	 -6.83558	 -6.33369
