 IDX	 gl_Position.x	 gl_Position.y	 gl_Position.z	 gl_Position.w
 0	  111.57922	 -45.14252	  176.56348	  177.01295
 1	  111.22213	 -44.98931	  176.57385	  177.02332
 2	  111.66738	 -44.04767	  176.59354	  177.043
 3	  111.24638	 -3.11018	  177.77922	  178.22836
 4	  111.24638	  3.06123	  177.95691	  178.40599
 5	  111.63369	 -3.10681	  177.77286	  178.222
 5	  111.63369	 -3.10681	  177.77286	  178.222
 4	  111.24638	  3.06123	  177.95691	  178.40599
 6	  111.63369	  3.06444	  177.95055	  178.39963
 6	  111.63369	  3.06444	  177.95055	  178.39963
 7	  111.24638	  3.06123	  177.95691	  178.40599
 8	  111.5128	  3.95769	  177.97827	  178.42735
 7	  111.24638	  3.06123	  177.95691	  178.40599
 9	  111.15126	  3.72884	  177.97772	  178.4268
 8	  111.5128	  3.95769	  177.97827	  178.42735
 8	  111.5128	  3.95769	  177.97827	  178.42735
 9	  111.15126	  3.72884	  177.97772	  178.4268
 10	  111.17601	  4.68535	  178.00485	  178.45392
 9	  111.15126	  3.72884	  177.97772	  178.4268
 11	  110.8962	  4.27512	  177.99771	  178.44678
 10	  111.17601	  4.68535	  178.00485	  178.45392
 10	  111.17601	  4.68535	  178.00485	  178.45392
 11	  110.8962	  4.27512	  177.99771	  178.44678
 12	  110.67941	  5.1723	  178.02716	  178.47621
 11	  110.8962	  4.27512	  177.99771	  178.44678
 13	  110.52444	  4.64391	  178.01453	  178.46359
 12	  110.67941	  5.1723	  178.02716	  178.47621
 12	  110.67941	  5.1723	  178.02716	  178.47621
 13	  110.52444	  4.64391	  178.01453	  178.46359
 14	  110.07056	  5.34335	  178.04224	  178.4913
 14	  110.07056	  5.34335	  178.04224	  178.4913
 13	  110.52444	  4.64391	  178.01453	  178.46359
 15	  110.07056	  4.77866	  178.02599	  178.47504
 16	  109.61665	  4.636	  178.02945	  178.4785
 14	  110.07056	  5.34335	  178.04224	  178.4913
 15	  110.07056	  4.77866	  178.02599	  178.47504
 17	  109.46603	  5.1555	  178.04691	  178.49597
 14	  110.07056	  5.34335	  178.04224	  178.4913
 16	  109.61665	  4.636	  178.02945	  178.4785
 18	  109.24055	  4.25443	  178.02473	  178.47379
 17	  109.46603	  5.1555	  178.04691	  178.49597
 16	  109.61665	  4.636	  178.02945	  178.4785
 19	  108.96512	  4.65358	  178.04083	  178.48988
 17	  109.46603	  5.1555	  178.04691	  178.49597
 18	  109.24055	  4.25443	  178.02473	  178.47379
 20	  108.98118	  3.70364	  178.0132	  178.46227
 19	  108.96512	  4.65358	  178.04083	  178.48988
 18	  109.24055	  4.25443	  178.02473	  178.47379
 21	  108.62398	  3.92003	  178.02539	  178.47446
 19	  108.96512	  4.65358	  178.04083	  178.48988
 20	  108.98118	  3.70364	  178.0132	  178.46227
 22	  108.88605	  3.04073	  177.99571	  178.44478
 21	  108.62398	  3.92003	  178.02539	  178.47446
 20	  108.98118	  3.70364	  178.0132	  178.46227
 23	  108.49874	  3.03719	  178.00206	  178.45113
 21	  108.62398	  3.92003	  178.02539	  178.47446
 22	  108.88605	  3.04073	  177.99571	  178.44478
 24	  111.23198	 -3.04697	  177.65968	  178.10884
 25	  111.23198	  3.12447	  177.83737	  178.28648
 26	  111.24638	 -3.11018	  177.77922	  178.22836
 26	  111.24638	 -3.11018	  177.77922	  178.22836
 25	  111.23198	  3.12447	  177.83737	  178.28648
 27	  111.24638	  3.06123	  177.95691	  178.40599
 25	  111.23198	  3.12447	  177.83737	  178.28648
 28	  111.15126	  3.72884	  177.97772	  178.4268
 27	  111.24638	  3.06123	  177.95691	  178.40599
 29	  111.13686	  3.79205	  177.85818	  178.30728
 28	  111.15126	  3.72884	  177.97772	  178.4268
 25	  111.23198	  3.12447	  177.83737	  178.28648
 29	  111.13686	  3.79205	  177.85818	  178.30728
 30	  110.8962	  4.27512	  177.99771	  178.44678
 28	  111.15126	  3.72884	  177.97772	  178.4268
 31	  110.8818	  4.33833	  177.87816	  178.32726
 30	  110.8962	  4.27512	  177.99771	  178.44678
 29	  111.13686	  3.79205	  177.85818	  178.30728
 32	  111.61929	  3.12764	  177.83099	  178.28012
 33	  111.61929	 -3.04361	  177.65332	  178.10248
 34	  111.63369	  3.06444	  177.95055	  178.39963
 34	  111.63369	  3.06444	  177.95055	  178.39963
 33	  111.61929	 -3.04361	  177.65332	  178.10248
 35	  111.63369	 -3.10681	  177.77286	  178.222
 36	  111.5128	  3.95769	  177.97827	  178.42735
 32	  111.61929	  3.12764	  177.83099	  178.28012
 34	  111.63369	  3.06444	  177.95055	  178.39963
 37	  111.4984	  4.0209	  177.85873	  178.30785
 32	  111.61929	  3.12764	  177.83099	  178.28012
 36	  111.5128	  3.95769	  177.97827	  178.42735
 38	  111.23198	 -3.04697	  177.65968	  178.10884
 39	  111.24638	 -3.11018	  177.77922	  178.22836
 40	  111.61929	 -3.04361	  177.65332	  178.10248
 40	  111.61929	 -3.04361	  177.65332	  178.10248
 39	  111.24638	 -3.11018	  177.77922	  178.22836
 41	  111.63369	 -3.10681	  177.77286	  178.222
 42	  108.88605	 -3.13069	  177.81802	  178.26714
 43	  108.49875	 -3.13406	  177.82437	  178.2735
 44	  108.88605	 -0.2607	  177.90065	  178.34975
 43	  108.49875	 -3.13406	  177.82437	  178.2735
 45	  108.49874	  3.03719	  178.00206	  178.45113
 44	  108.88605	 -0.2607	  177.90065	  178.34975
 44	  108.88605	 -0.2607	  177.90065	  178.34975
 45	  108.49874	  3.03719	  178.00206	  178.45113
 46	  108.88605	  0.30402	  177.91692	  178.366
 45	  108.49874	  3.03719	  178.00206	  178.45113
 47	  108.88605	  3.04073	  177.99571	  178.44478
 46	  108.88605	  0.30402	  177.91692	  178.366
 48	  110.51004	  4.70711	  177.89499	  178.34409
 49	  110.52444	  4.64391	  178.01453	  178.46359
 50	  110.8818	  4.33833	  177.87816	  178.32726
 50	  110.8818	  4.33833	  177.87816	  178.32726
 49	  110.52444	  4.64391	  178.01453	  178.46359
 51	  110.8962	  4.27512	  177.99771	  178.44678
 52	  110.05616	  4.84187	  177.90643	  178.35553
 53	  110.07056	  4.77866	  178.02599	  178.47504
 54	  110.51004	  4.70711	  177.89499	  178.34409
 54	  110.51004	  4.70711	  177.89499	  178.34409
 53	  110.07056	  4.77866	  178.02599	  178.47504
 55	  110.52444	  4.64391	  178.01453	  178.46359
 56	  109.60225	  4.69922	  177.9099	  178.35899
 57	  109.61665	  4.636	  178.02945	  178.4785
 58	  110.05616	  4.84187	  177.90643	  178.35553
 58	  110.05616	  4.84187	  177.90643	  178.35553
 57	  109.61665	  4.636	  178.02945	  178.4785
 59	  110.07056	  4.77866	  178.02599	  178.47504
 60	  109.22614	  4.31764	  177.90518	  178.35428
 61	  109.24055	  4.25443	  178.02473	  178.47379
 62	  109.60225	  4.69922	  177.9099	  178.35899
 62	  109.60225	  4.69922	  177.9099	  178.35899
 61	  109.24055	  4.25443	  178.02473	  178.47379
 63	  109.61665	  4.636	  178.02945	  178.4785
 64	  108.96677	  3.76686	  177.89366	  178.34276
 65	  108.98118	  3.70364	  178.0132	  178.46227
 66	  109.22614	  4.31764	  177.90518	  178.35428
 66	  109.22614	  4.31764	  177.90518	  178.35428
 65	  108.98118	  3.70364	  178.0132	  178.46227
 67	  109.24055	  4.25443	  178.02473	  178.47379
 68	  108.87164	  3.10394	  177.87616	  178.32526
 69	  108.88605	  3.04073	  177.99571	  178.44478
 70	  108.96677	  3.76686	  177.89366	  178.34276
 70	  108.96677	  3.76686	  177.89366	  178.34276
 69	  108.88605	  3.04073	  177.99571	  178.44478
 71	  108.98118	  3.70364	  178.0132	  178.46227
 68	  108.87164	  3.10394	  177.87616	  178.32526
 72	  108.87164	  0.36722	  177.79736	  178.24649
 69	  108.88605	  3.04073	  177.99571	  178.44478
 69	  108.88605	  3.04073	  177.99571	  178.44478
 72	  108.87164	  0.36722	  177.79736	  178.24649
 73	  108.88605	  0.30402	  177.91692	  178.366
 74	  108.48434	  3.1004	  177.88252	  178.33162
 75	  108.60957	  3.98325	  177.90585	  178.35495
 76	  108.49874	  3.03719	  178.00206	  178.45113
 76	  108.49874	  3.03719	  178.00206	  178.45113
 75	  108.60957	  3.98325	  177.90585	  178.35495
 77	  108.62398	  3.92003	  178.02539	  178.47446
 78	  108.49875	 -3.13406	  177.82437	  178.2735
 74	  108.48434	  3.1004	  177.88252	  178.33162
 79	  108.49874	  3.03719	  178.00206	  178.45113
 80	  108.48434	 -3.07085	  177.70483	  178.15399
 74	  108.48434	  3.1004	  177.88252	  178.33162
 78	  108.49875	 -3.13406	  177.82437	  178.2735
 77	  108.62398	  3.92003	  178.02539	  178.47446
 81	  108.95071	  4.7168	  177.92128	  178.37036
 82	  108.96512	  4.65358	  178.04083	  178.48988
 83	  108.60957	  3.98325	  177.90585	  178.35495
 81	  108.95071	  4.7168	  177.92128	  178.37036
 77	  108.62398	  3.92003	  178.02539	  178.47446
 84	  108.95071	  4.7168	  177.92128	  178.37036
 85	  109.45162	  5.21872	  177.92737	  178.37646
 86	  108.96512	  4.65358	  178.04083	  178.48988
 86	  108.96512	  4.65358	  178.04083	  178.48988
 85	  109.45162	  5.21872	  177.92737	  178.37646
 87	  109.46603	  5.1555	  178.04691	  178.49597
 88	  109.45162	  5.21872	  177.92737	  178.37646
 89	  110.05616	  5.40657	  177.9227	  178.37178
 90	  109.46603	  5.1555	  178.04691	  178.49597
 90	  109.46603	  5.1555	  178.04691	  178.49597
 89	  110.05616	  5.40657	  177.9227	  178.37178
 91	  110.07056	  5.34335	  178.04224	  178.4913
 92	  110.05616	  5.40657	  177.9227	  178.37178
 93	  110.665	  5.2355	  177.90761	  178.3567
 94	  110.07056	  5.34335	  178.04224	  178.4913
 94	  110.07056	  5.34335	  178.04224	  178.4913
 93	  110.665	  5.2355	  177.90761	  178.3567
 95	  110.67941	  5.1723	  178.02716	  178.47621
 96	  110.665	  5.2355	  177.90761	  178.3567
 97	  111.1616	  4.74855	  177.8853	  178.33441
 98	  110.67941	  5.1723	  178.02716	  178.47621
 98	  110.67941	  5.1723	  178.02716	  178.47621
 97	  111.1616	  4.74855	  177.8853	  178.33441
 99	  111.17601	  4.68535	  178.00485	  178.45392
 100	  111.1616	  4.74855	  177.8853	  178.33441
 101	  111.4984	  4.0209	  177.85873	  178.30785
 102	  111.17601	  4.68535	  178.00485	  178.45392
 102	  111.17601	  4.68535	  178.00485	  178.45392
 101	  111.4984	  4.0209	  177.85873	  178.30785
 103	  111.5128	  3.95769	  177.97827	  178.42735
 104	  110.55901	  0.31856	  177.88942	  178.33852
 105	  110.55901	 -0.24615	  177.87315	  178.32227
 106	  108.88605	  0.30402	  177.91692	  178.366
 106	  108.88605	  0.30402	  177.91692	  178.366
 105	  110.55901	 -0.24615	  177.87315	  178.32227
 107	  108.88605	 -0.2607	  177.90065	  178.34975
 108	  108.87165	 -0.19748	  177.7811	  178.23024
 109	  108.87165	 -3.06749	  177.69847	  178.14763
 110	  108.88605	 -0.2607	  177.90065	  178.34975
 110	  108.88605	 -0.2607	  177.90065	  178.34975
 109	  108.87165	 -3.06749	  177.69847	  178.14763
 111	  108.88605	 -3.13069	  177.81802	  178.26714
 112	  108.48434	 -3.07085	  177.70483	  178.15399
 113	  108.49875	 -3.13406	  177.82437	  178.2735
 114	  108.87165	 -3.06749	  177.69847	  178.14763
 114	  108.87165	 -3.06749	  177.69847	  178.14763
 113	  108.49875	 -3.13406	  177.82437	  178.2735
 115	  108.88605	 -3.13069	  177.81802	  178.26714
 116	  108.87164	  0.36722	  177.79736	  178.24649
 117	  110.5446	  0.38176	  177.76987	  178.21901
 118	  108.88605	  0.30402	  177.91692	  178.366
 118	  108.88605	  0.30402	  177.91692	  178.366
 117	  110.5446	  0.38176	  177.76987	  178.21901
 119	  110.55901	  0.31856	  177.88942	  178.33852
 120	  110.5446	  0.38176	  177.76987	  178.21901
 121	  110.5446	 -0.18294	  177.75362	  178.20276
 122	  110.55901	  0.31856	  177.88942	  178.33852
 122	  110.55901	  0.31856	  177.88942	  178.33852
 121	  110.5446	 -0.18294	  177.75362	  178.20276
 123	  110.55901	 -0.24615	  177.87315	  178.32227
 124	  108.87165	 -0.19748	  177.7811	  178.23024
 125	  108.88605	 -0.2607	  177.90065	  178.34975
 126	  110.5446	 -0.18294	  177.75362	  178.20276
 126	  110.5446	 -0.18294	  177.75362	  178.20276
 125	  108.88605	 -0.2607	  177.90065	  178.34975
 127	  110.55901	 -0.24615	  177.87315	  178.32227
 128	  111.26174	 -25.07359	  177.14661	  177.59592
 129	  111.26174	 -18.90212	  177.32428	  177.77354
 130	  111.64906	 -25.07022	  177.14023	  177.58955
 130	  111.64906	 -25.07022	  177.14023	  177.58955
 129	  111.26174	 -18.90212	  177.32428	  177.77354
 131	  111.64906	 -18.89896	  177.31792	  177.76718
 131	  111.64906	 -18.89896	  177.31792	  177.76718
 132	  111.26174	 -18.90212	  177.32428	  177.77354
 133	  111.52816	 -18.00568	  177.34566	  177.79491
 132	  111.26174	 -18.90212	  177.32428	  177.77354
 134	  111.16663	 -18.23456	  177.34509	  177.79434
 133	  111.52816	 -18.00568	  177.34566	  177.79491
 133	  111.52816	 -18.00568	  177.34566	  177.79491
 134	  111.16663	 -18.23456	  177.34509	  177.79434
 135	  111.19137	 -17.27802	  177.37222	  177.82147
 134	  111.16663	 -18.23456	  177.34509	  177.79434
 136	  110.91157	 -17.68826	  177.36508	  177.81433
 135	  111.19137	 -17.27802	  177.37222	  177.82147
 135	  111.19137	 -17.27802	  177.37222	  177.82147
 136	  110.91157	 -17.68826	  177.36508	  177.81433
 137	  110.69477	 -16.79106	  177.39453	  177.84377
 136	  110.91157	 -17.68826	  177.36508	  177.81433
 138	  110.53982	 -17.3195	  177.3819	  177.83113
 137	  110.69477	 -16.79106	  177.39453	  177.84377
 137	  110.69477	 -16.79106	  177.39453	  177.84377
 138	  110.53982	 -17.3195	  177.3819	  177.83113
 139	  110.08592	 -16.62002	  177.40961	  177.85886
 139	  110.08592	 -16.62002	  177.40961	  177.85886
 138	  110.53982	 -17.3195	  177.3819	  177.83113
 140	  110.08592	 -17.18471	  177.39336	  177.84259
 141	  109.63202	 -17.32738	  177.39682	  177.84605
 139	  110.08592	 -16.62002	  177.40961	  177.85886
 140	  110.08592	 -17.18471	  177.39336	  177.84259
 142	  109.48139	 -16.80791	  177.41429	  177.86353
 139	  110.08592	 -16.62002	  177.40961	  177.85886
 141	  109.63202	 -17.32738	  177.39682	  177.84605
 143	  109.25591	 -17.70898	  177.39211	  177.84135
 142	  109.48139	 -16.80791	  177.41429	  177.86353
 141	  109.63202	 -17.32738	  177.39682	  177.84605
 144	  108.98049	 -17.30979	  177.40819	  177.85742
 142	  109.48139	 -16.80791	  177.41429	  177.86353
 143	  109.25591	 -17.70898	  177.39211	  177.84135
 145	  108.99654	 -18.25977	  177.38058	  177.82982
 144	  108.98049	 -17.30979	  177.40819	  177.85742
 143	  109.25591	 -17.70898	  177.39211	  177.84135
 146	  108.63935	 -18.04338	  177.39276	  177.842
 144	  108.98049	 -17.30979	  177.40819	  177.85742
 145	  108.99654	 -18.25977	  177.38058	  177.82982
 147	  108.90143	 -18.92263	  177.36307	  177.81232
 146	  108.63935	 -18.04338	  177.39276	  177.842
 145	  108.99654	 -18.25977	  177.38058	  177.82982
 148	  108.51411	 -18.92621	  177.36945	  177.8187
 146	  108.63935	 -18.04338	  177.39276	  177.842
 147	  108.90143	 -18.92263	  177.36307	  177.81232
 149	  111.24734	 -25.01038	  177.02705	  177.47639
 150	  111.24734	 -18.83891	  177.20474	  177.65404
 151	  111.26174	 -25.07359	  177.14661	  177.59592
 151	  111.26174	 -25.07359	  177.14661	  177.59592
 150	  111.24734	 -18.83891	  177.20474	  177.65404
 152	  111.26174	 -18.90212	  177.32428	  177.77354
 150	  111.24734	 -18.83891	  177.20474	  177.65404
 153	  111.16663	 -18.23456	  177.34509	  177.79434
 152	  111.26174	 -18.90212	  177.32428	  177.77354
 154	  111.15223	 -18.17135	  177.22554	  177.67484
 153	  111.16663	 -18.23456	  177.34509	  177.79434
 150	  111.24734	 -18.83891	  177.20474	  177.65404
 155	  111.15223	 -18.17135	  177.22554	  177.67484
 156	  110.91157	 -17.68826	  177.36508	  177.81433
 153	  111.16663	 -18.23456	  177.34509	  177.79434
 157	  110.89716	 -17.62503	  177.24553	  177.69482
 156	  110.91157	 -17.68826	  177.36508	  177.81433
 155	  111.15223	 -18.17135	  177.22554	  177.67484
 158	  111.63466	 -18.83575	  177.19836	  177.64766
 159	  111.63466	 -25.007	  177.02068	  177.47003
 160	  111.64906	 -18.89896	  177.31792	  177.76718
 160	  111.64906	 -18.89896	  177.31792	  177.76718
 159	  111.63466	 -25.007	  177.02068	  177.47003
 161	  111.64906	 -25.07022	  177.14023	  177.58955
 162	  111.52816	 -18.00568	  177.34566	  177.79491
 163	  111.63466	 -18.83575	  177.19836	  177.64766
 160	  111.64906	 -18.89896	  177.31792	  177.76718
 164	  111.51376	 -17.94247	  177.2261	  177.6754
 163	  111.63466	 -18.83575	  177.19836	  177.64766
 162	  111.52816	 -18.00568	  177.34566	  177.79491
 165	  111.19137	 -17.27802	  177.37222	  177.82147
 164	  111.51376	 -17.94247	  177.2261	  177.6754
 162	  111.52816	 -18.00568	  177.34566	  177.79491
 166	  111.17696	 -17.2148	  177.25269	  177.70197
 164	  111.51376	 -17.94247	  177.2261	  177.6754
 165	  111.19137	 -17.27802	  177.37222	  177.82147
 167	  111.24734	 -25.01038	  177.02705	  177.47639
 168	  111.26174	 -25.07359	  177.14661	  177.59592
 169	  111.63466	 -25.007	  177.02068	  177.47003
 169	  111.63466	 -25.007	  177.02068	  177.47003
 168	  111.26174	 -25.07359	  177.14661	  177.59592
 170	  111.64906	 -25.07022	  177.14023	  177.58955
 171	  108.90143	 -25.09409	  177.18538	  177.63467
 172	  108.51411	 -25.09747	  177.19176	  177.64105
 173	  108.90143	 -22.22408	  177.26802	  177.71729
 172	  108.51411	 -25.09747	  177.19176	  177.64105
 174	  108.51411	 -18.92621	  177.36945	  177.8187
 173	  108.90143	 -22.22408	  177.26802	  177.71729
 173	  108.90143	 -22.22408	  177.26802	  177.71729
 174	  108.51411	 -18.92621	  177.36945	  177.8187
 175	  108.90143	 -21.65939	  177.28427	  177.73355
 174	  108.51411	 -18.92621	  177.36945	  177.8187
 176	  108.90143	 -18.92263	  177.36307	  177.81232
 175	  108.90143	 -21.65939	  177.28427	  177.73355
 177	  110.5254	 -17.25629	  177.26236	  177.71164
 178	  110.53982	 -17.3195	  177.3819	  177.83113
 179	  110.89716	 -17.62503	  177.24553	  177.69482
 179	  110.89716	 -17.62503	  177.24553	  177.69482
 178	  110.53982	 -17.3195	  177.3819	  177.83113
 180	  110.91157	 -17.68826	  177.36508	  177.81433
 181	  110.07152	 -17.12149	  177.2738	  177.72308
 182	  110.08592	 -17.18471	  177.39336	  177.84259
 183	  110.5254	 -17.25629	  177.26236	  177.71164
 183	  110.5254	 -17.25629	  177.26236	  177.71164
 182	  110.08592	 -17.18471	  177.39336	  177.84259
 184	  110.53982	 -17.3195	  177.3819	  177.83113
 185	  109.61761	 -17.26418	  177.27727	  177.72653
 186	  109.63202	 -17.32738	  177.39682	  177.84605
 187	  110.07152	 -17.12149	  177.2738	  177.72308
 187	  110.07152	 -17.12149	  177.2738	  177.72308
 186	  109.63202	 -17.32738	  177.39682	  177.84605
 188	  110.08592	 -17.18471	  177.39336	  177.84259
 189	  109.24152	 -17.64576	  177.27255	  177.72183
 190	  109.25591	 -17.70898	  177.39211	  177.84135
 191	  109.61761	 -17.26418	  177.27727	  177.72653
 191	  109.61761	 -17.26418	  177.27727	  177.72653
 190	  109.25591	 -17.70898	  177.39211	  177.84135
 192	  109.63202	 -17.32738	  177.39682	  177.84605
 193	  108.98213	 -18.19656	  177.26103	  177.71031
 194	  108.99654	 -18.25977	  177.38058	  177.82982
 195	  109.24152	 -17.64576	  177.27255	  177.72183
 195	  109.24152	 -17.64576	  177.27255	  177.72183
 194	  108.99654	 -18.25977	  177.38058	  177.82982
 196	  109.25591	 -17.70898	  177.39211	  177.84135
 197	  108.88702	 -18.85942	  177.24353	  177.69281
 198	  108.90143	 -18.92263	  177.36307	  177.81232
 199	  108.98213	 -18.19656	  177.26103	  177.71031
 199	  108.98213	 -18.19656	  177.26103	  177.71031
 198	  108.90143	 -18.92263	  177.36307	  177.81232
 200	  108.99654	 -18.25977	  177.38058	  177.82982
 197	  108.88702	 -18.85942	  177.24353	  177.69281
 201	  108.88702	 -21.59618	  177.16473	  177.61404
 198	  108.90143	 -18.92263	  177.36307	  177.81232
 198	  108.90143	 -18.92263	  177.36307	  177.81232
 201	  108.88702	 -21.59618	  177.16473	  177.61404
 202	  108.90143	 -21.65939	  177.28427	  177.73355
 203	  108.49971	 -18.86299	  177.24988	  177.69916
 204	  108.62495	 -17.98017	  177.27321	  177.72249
 205	  108.51411	 -18.92621	  177.36945	  177.8187
 205	  108.51411	 -18.92621	  177.36945	  177.8187
 204	  108.62495	 -17.98017	  177.27321	  177.72249
 206	  108.63935	 -18.04338	  177.39276	  177.842
 207	  108.51411	 -25.09747	  177.19176	  177.64105
 203	  108.49971	 -18.86299	  177.24988	  177.69916
 205	  108.51411	 -18.92621	  177.36945	  177.8187
 208	  108.49971	 -25.03425	  177.0722	  177.52153
 203	  108.49971	 -18.86299	  177.24988	  177.69916
 207	  108.51411	 -25.09747	  177.19176	  177.64105
 206	  108.63935	 -18.04338	  177.39276	  177.842
 209	  108.96609	 -17.24657	  177.28864	  177.73792
 210	  108.98049	 -17.30979	  177.40819	  177.85742
 211	  108.62495	 -17.98017	  177.27321	  177.72249
 209	  108.96609	 -17.24657	  177.28864	  177.73792
 206	  108.63935	 -18.04338	  177.39276	  177.842
 212	  108.96609	 -17.24657	  177.28864	  177.73792
 213	  109.46698	 -16.7447	  177.29474	  177.74402
 214	  108.98049	 -17.30979	  177.40819	  177.85742
 214	  108.98049	 -17.30979	  177.40819	  177.85742
 213	  109.46698	 -16.7447	  177.29474	  177.74402
 215	  109.48139	 -16.80791	  177.41429	  177.86353
 216	  109.46698	 -16.7447	  177.29474	  177.74402
 217	  110.07152	 -16.5568	  177.29007	  177.73933
 218	  109.48139	 -16.80791	  177.41429	  177.86353
 218	  109.48139	 -16.80791	  177.41429	  177.86353
 217	  110.07152	 -16.5568	  177.29007	  177.73933
 219	  110.08592	 -16.62002	  177.40961	  177.85886
 220	  110.07152	 -16.5568	  177.29007	  177.73933
 221	  110.68037	 -16.72784	  177.27498	  177.72426
 222	  110.08592	 -16.62002	  177.40961	  177.85886
 222	  110.08592	 -16.62002	  177.40961	  177.85886
 221	  110.68037	 -16.72784	  177.27498	  177.72426
 223	  110.69477	 -16.79106	  177.39453	  177.84377
 224	  110.68037	 -16.72784	  177.27498	  177.72426
 225	  111.17696	 -17.2148	  177.25269	  177.70197
 226	  110.69477	 -16.79106	  177.39453	  177.84377
 226	  110.69477	 -16.79106	  177.39453	  177.84377
 225	  111.17696	 -17.2148	  177.25269	  177.70197
 227	  111.19137	 -17.27802	  177.37222	  177.82147
 228	  110.57438	 -21.64486	  177.25677	  177.70605
 229	  110.57438	 -22.20955	  177.24052	  177.6898
 230	  108.90143	 -21.65939	  177.28427	  177.73355
 230	  108.90143	 -21.65939	  177.28427	  177.73355
 229	  110.57438	 -22.20955	  177.24052	  177.6898
 231	  108.90143	 -22.22408	  177.26802	  177.71729
 232	  108.88702	 -22.16087	  177.14847	  177.59778
 233	  108.88702	 -25.03088	  177.06584	  177.51517
 234	  108.90143	 -22.22408	  177.26802	  177.71729
 234	  108.90143	 -22.22408	  177.26802	  177.71729
 233	  108.88702	 -25.03088	  177.06584	  177.51517
 235	  108.90143	 -25.09409	  177.18538	  177.63467
 236	  108.49971	 -25.03425	  177.0722	  177.52153
 237	  108.51411	 -25.09747	  177.19176	  177.64105
 238	  108.88702	 -25.03088	  177.06584	  177.51517
 238	  108.88702	 -25.03088	  177.06584	  177.51517
 237	  108.51411	 -25.09747	  177.19176	  177.64105
 239	  108.90143	 -25.09409	  177.18538	  177.63467
 240	  108.88702	 -21.59618	  177.16473	  177.61404
 241	  110.55997	 -21.58164	  177.13724	  177.58655
 242	  108.90143	 -21.65939	  177.28427	  177.73355
 242	  108.90143	 -21.65939	  177.28427	  177.73355
 241	  110.55997	 -21.58164	  177.13724	  177.58655
 243	  110.57438	 -21.64486	  177.25677	  177.70605
 244	  110.55997	 -21.58164	  177.13724	  177.58655
 245	  110.55997	 -22.14633	  177.12097	  177.5703
 246	  110.57438	 -21.64486	  177.25677	  177.70605
 246	  110.57438	 -21.64486	  177.25677	  177.70605
 245	  110.55997	 -22.14633	  177.12097	  177.5703
 247	  110.57438	 -22.20955	  177.24052	  177.6898
 248	  108.88702	 -22.16087	  177.14847	  177.59778
 249	  108.90143	 -22.22408	  177.26802	  177.71729
 250	  110.55997	 -22.14633	  177.12097	  177.5703
 250	  110.55997	 -22.14633	  177.12097	  177.5703
 249	  108.90143	 -22.22408	  177.26802	  177.71729
 251	  110.57438	 -22.20955	  177.24052	  177.6898
 252	  111.57922	 -45.14252	  176.56348	  177.01295
 253	  111.3207	 -46.16428	  176.53836	  176.98785
 254	  111.22213	 -44.98931	  176.57385	  177.02332
 254	  111.22213	 -44.98931	  176.57385	  177.02332
 253	  111.3207	 -46.16428	  176.53836	  176.98785
 255	  111.00055	 -45.86512	  176.55232	  177.0018
 256	  111.66738	 -44.04767	  176.59354	  177.043
 257	  111.22213	 -44.98931	  176.57385	  177.02332
 258	  111.26833	 -44.41582	  176.58958	  177.03905
 259	  111.65299	 -43.98444	  176.47397	  176.92348
 260	  111.56481	 -45.07931	  176.44392	  176.89343
 261	  111.66738	 -44.04767	  176.59354	  177.043
 261	  111.66738	 -44.04767	  176.59354	  177.043
 260	  111.56481	 -45.07931	  176.44392	  176.89343
 262	  111.57922	 -45.14252	  176.56348	  177.01295
 260	  111.56481	 -45.07931	  176.44392	  176.89343
 263	  111.3207	 -46.16428	  176.53836	  176.98785
 262	  111.57922	 -45.14252	  176.56348	  177.01295
 264	  111.3063	 -46.10106	  176.41882	  176.86835
 263	  111.3207	 -46.16428	  176.53836	  176.98785
 260	  111.56481	 -45.07931	  176.44392	  176.89343
 265	  111.3207	 -46.16428	  176.53836	  176.98785
 266	  110.90945	 -47.04334	  176.51993	  176.96942
 267	  111.00055	 -45.86512	  176.55232	  177.0018
 267	  111.00055	 -45.86512	  176.55232	  177.0018
 266	  110.90945	 -47.04334	  176.51993	  176.96942
 268	  110.64806	 -46.61863	  176.5365	  176.98599
 269	  110.98615	 -45.8019	  176.43277	  176.88229
 270	  111.20773	 -44.92609	  176.4543	  176.90381
 271	  111.00055	 -45.86512	  176.55232	  177.0018
 271	  111.00055	 -45.86512	  176.55232	  177.0018
 270	  111.20773	 -44.92609	  176.4543	  176.90381
 272	  111.22213	 -44.98931	  176.57385	  177.02332
 270	  111.20773	 -44.92609	  176.4543	  176.90381
 273	  111.25392	 -44.35261	  176.47003	  176.91954
 272	  111.22213	 -44.98931	  176.57385	  177.02332
 272	  111.22213	 -44.98931	  176.57385	  177.02332
 273	  111.25392	 -44.35261	  176.47003	  176.91954
 274	  111.26833	 -44.41582	  176.58958	  177.03905
 275	  111.66738	 -44.04767	  176.59354	  177.043
 276	  111.26833	 -44.41582	  176.58958	  177.03905
 277	  111.26833	 -43.68643	  176.61058	  177.06004
 278	  111.56481	 -42.89112	  176.50693	  176.95642
 279	  111.65299	 -43.98444	  176.47397	  176.92348
 280	  111.57922	 -42.95434	  176.62648	  177.07593
 280	  111.57922	 -42.95434	  176.62648	  177.07593
 279	  111.65299	 -43.98444	  176.47397	  176.92348
 281	  111.66738	 -44.04767	  176.59354	  177.043
 282	  110.90945	 -47.04334	  176.51993	  176.96942
 283	  110.37352	 -47.71979	  176.50938	  176.95888
 284	  110.64806	 -46.61863	  176.5365	  176.98599
 284	  110.64806	 -46.61863	  176.5365	  176.98599
 283	  110.37352	 -47.71979	  176.50938	  176.95888
 285	  110.18868	 -47.19843	  176.52748	  176.97696
 286	  110.89506	 -46.98013	  176.40036	  176.84988
 287	  110.90945	 -47.04334	  176.51993	  176.96942
 288	  111.3063	 -46.10106	  176.41882	  176.86835
 288	  111.3063	 -46.10106	  176.41882	  176.86835
 287	  110.90945	 -47.04334	  176.51993	  176.96942
 289	  111.3207	 -46.16428	  176.53836	  176.98785
 290	  110.63365	 -46.55541	  176.41696	  176.86649
 291	  110.98615	 -45.8019	  176.43277	  176.88229
 292	  110.64806	 -46.61863	  176.5365	  176.98599
 292	  110.64806	 -46.61863	  176.5365	  176.98599
 291	  110.98615	 -45.8019	  176.43277	  176.88229
 293	  111.00055	 -45.86512	  176.55232	  177.0018
 294	  111.66738	 -44.04767	  176.59354	  177.043
 295	  111.26833	 -43.68643	  176.61058	  177.06004
 296	  111.57922	 -42.95434	  176.62648	  177.07593
 296	  111.57922	 -42.95434	  176.62648	  177.07593
 295	  111.26833	 -43.68643	  176.61058	  177.06004
 297	  111.22213	 -43.11375	  176.62784	  177.0773
 298	  111.26833	 -43.68643	  176.61058	  177.06004
 299	  111.26833	 -44.41582	  176.58958	  177.03905
 300	  108.5764	 -43.70982	  176.65482	  177.10428
 300	  108.5764	 -43.70982	  176.65482	  177.10428
 299	  111.26833	 -44.41582	  176.58958	  177.03905
 301	  108.5764	 -44.43922	  176.63382	  177.08328
 302	  108.56198	 -44.37601	  176.51428	  176.96378
 303	  108.5764	 -44.43922	  176.63382	  177.08328
 304	  111.25392	 -44.35261	  176.47003	  176.91954
 304	  111.25392	 -44.35261	  176.47003	  176.91954
 303	  108.5764	 -44.43922	  176.63382	  177.08328
 305	  111.26833	 -44.41582	  176.58958	  177.03905
 306	  111.3063	 -41.87386	  176.54053	  176.99002
 307	  111.56481	 -42.89112	  176.50693	  176.95642
 308	  111.3207	 -41.93707	  176.66008	  177.10953
 308	  111.3207	 -41.93707	  176.66008	  177.10953
 307	  111.56481	 -42.89112	  176.50693	  176.95642
 309	  111.57922	 -42.95434	  176.62648	  177.07593
 310	  110.90945	 -41.06516	  176.69205	  177.14149
 306	  111.3063	 -41.87386	  176.54053	  176.99002
 311	  111.3207	 -41.93707	  176.66008	  177.10953
 312	  110.89506	 -41.00194	  176.57249	  177.02197
 306	  111.3063	 -41.87386	  176.54053	  176.99002
 310	  110.90945	 -41.06516	  176.69205	  177.14149
 313	  110.37352	 -47.71979	  176.50938	  176.95888
 314	  109.7494	 -48.14752	  176.50748	  176.95697
 315	  110.18868	 -47.19843	  176.52748	  176.97696
 315	  110.18868	 -47.19843	  176.52748	  176.97696
 314	  109.7494	 -48.14752	  176.50748	  176.95697
 316	  109.65373	 -47.56505	  176.52585	  176.97533
 317	  110.35912	 -47.65658	  176.38983	  176.83937
 318	  110.37352	 -47.71979	  176.50938	  176.95888
 319	  110.89506	 -46.98013	  176.40036	  176.84988
 319	  110.89506	 -46.98013	  176.40036	  176.84988
 318	  110.37352	 -47.71979	  176.50938	  176.95888
 320	  110.90945	 -47.04334	  176.51993	  176.96942
 321	  110.17428	 -47.13522	  176.40793	  176.85745
 322	  110.63365	 -46.55541	  176.41696	  176.86649
 323	  110.18868	 -47.19843	  176.52748	  176.97696
 323	  110.18868	 -47.19843	  176.52748	  176.97696
 322	  110.63365	 -46.55541	  176.41696	  176.86649
 324	  110.64806	 -46.61863	  176.5365	  176.98599
 325	  111.3207	 -41.93707	  176.66008	  177.10953
 326	  111.57922	 -42.95434	  176.62648	  177.07593
 327	  111.00055	 -42.2418	  176.65665	  177.10609
 327	  111.00055	 -42.2418	  176.65665	  177.10609
 326	  111.57922	 -42.95434	  176.62648	  177.07593
 328	  111.22213	 -43.11375	  176.62784	  177.0773
 329	  111.25392	 -43.62321	  176.49103	  176.94054
 330	  111.20773	 -43.05054	  176.5083	  176.95779
 331	  111.26833	 -43.68643	  176.61058	  177.06004
 331	  111.26833	 -43.68643	  176.61058	  177.06004
 330	  111.20773	 -43.05054	  176.5083	  176.95779
 332	  111.22213	 -43.11375	  176.62784	  177.0773
 330	  111.20773	 -43.05054	  176.5083	  176.95779
 333	  111.00055	 -42.2418	  176.65665	  177.10609
 332	  111.22213	 -43.11375	  176.62784	  177.0773
 334	  110.98615	 -42.17859	  176.53711	  176.98659
 333	  111.00055	 -42.2418	  176.65665	  177.10609
 330	  111.20773	 -43.05054	  176.5083	  176.95779
 335	  108.56198	 -44.37601	  176.51428	  176.96378
 336	  108.56198	 -43.64661	  176.53528	  176.98477
 337	  108.5764	 -44.43922	  176.63382	  177.08328
 337	  108.5764	 -44.43922	  176.63382	  177.08328
 336	  108.56198	 -43.64661	  176.53528	  176.98477
 338	  108.5764	 -43.70982	  176.65482	  177.10428
 339	  108.56198	 -43.64661	  176.53528	  176.98477
 340	  111.25392	 -43.62321	  176.49103	  176.94054
 341	  108.5764	 -43.70982	  176.65482	  177.10428
 341	  108.5764	 -43.70982	  176.65482	  177.10428
 340	  111.25392	 -43.62321	  176.49103	  176.94054
 342	  111.26833	 -43.68643	  176.61058	  177.06004
 343	  109.7494	 -48.14752	  176.50748	  176.95697
 344	  109.07965	 -48.29739	  176.51434	  176.96384
 345	  109.65373	 -47.56505	  176.52585	  176.97533
 345	  109.65373	 -47.56505	  176.52585	  176.97533
 344	  109.07965	 -48.29739	  176.51434	  176.96384
 346	  109.07965	 -47.69351	  176.53172	  176.98122
 347	  109.735	 -48.0843	  176.38794	  176.83746
 348	  109.7494	 -48.14752	  176.50748	  176.95697
 349	  110.35912	 -47.65658	  176.38983	  176.83937
 349	  110.35912	 -47.65658	  176.38983	  176.83937
 348	  109.7494	 -48.14752	  176.50748	  176.95697
 350	  110.37352	 -47.71979	  176.50938	  176.95888
 351	  109.63932	 -47.50184	  176.40631	  176.85583
 352	  110.17428	 -47.13522	  176.40793	  176.85745
 353	  109.65373	 -47.56505	  176.52585	  176.97533
 353	  109.65373	 -47.56505	  176.52585	  176.97533
 352	  110.17428	 -47.13522	  176.40793	  176.85745
 354	  110.18868	 -47.19843	  176.52748	  176.97696
 355	  110.90945	 -41.06516	  176.69205	  177.14149
 356	  111.3207	 -41.93707	  176.66008	  177.10953
 357	  110.64806	 -41.49445	  176.68405	  177.13348
 357	  110.64806	 -41.49445	  176.68405	  177.13348
 356	  111.3207	 -41.93707	  176.66008	  177.10953
 358	  111.00055	 -42.2418	  176.65665	  177.10609
 359	  110.35912	 -40.33481	  176.60065	  177.05011
 360	  110.89506	 -41.00194	  176.57249	  177.02197
 361	  110.37352	 -40.39803	  176.7202	  177.16963
 361	  110.37352	 -40.39803	  176.7202	  177.16963
 360	  110.89506	 -41.00194	  176.57249	  177.02197
 362	  110.90945	 -41.06516	  176.69205	  177.14149
 363	  109.07965	 -47.69351	  176.53172	  176.98122
 364	  109.07965	 -48.29739	  176.51434	  176.96384
 365	  108.56857	 -47.69795	  176.54013	  176.98962
 365	  108.56857	 -47.69795	  176.54013	  176.98962
 364	  109.07965	 -48.29739	  176.51434	  176.96384
 366	  108.56857	 -48.30184	  176.52274	  176.97223
 367	  109.06525	 -48.23418	  176.39479	  176.84431
 368	  109.07965	 -48.29739	  176.51434	  176.96384
 369	  109.735	 -48.0843	  176.38794	  176.83746
 369	  109.735	 -48.0843	  176.38794	  176.83746
 368	  109.07965	 -48.29739	  176.51434	  176.96384
 370	  109.7494	 -48.14752	  176.50748	  176.95697
 371	  109.06525	 -47.63029	  176.41219	  176.86169
 372	  109.63932	 -47.50184	  176.40631	  176.85583
 373	  109.07965	 -47.69351	  176.53172	  176.98122
 373	  109.07965	 -47.69351	  176.53172	  176.98122
 372	  109.63932	 -47.50184	  176.40631	  176.85583
 374	  109.65373	 -47.56505	  176.52585	  176.97533
 375	  110.37352	 -40.39803	  176.7202	  177.16963
 376	  110.90945	 -41.06516	  176.69205	  177.14149
 377	  110.18868	 -40.9226	  176.70818	  177.15761
 377	  110.18868	 -40.9226	  176.70818	  177.15761
 376	  110.90945	 -41.06516	  176.69205	  177.14149
 378	  110.64806	 -41.49445	  176.68405	  177.13348
 379	  110.63365	 -41.43124	  176.5645	  177.01398
 380	  110.64806	 -41.49445	  176.68405	  177.13348
 381	  110.98615	 -42.17859	  176.53711	  176.98659
 381	  110.98615	 -42.17859	  176.53711	  176.98659
 380	  110.64806	 -41.49445	  176.68405	  177.13348
 382	  111.00055	 -42.2418	  176.65665	  177.10609
 383	  109.735	 -39.91793	  176.62306	  177.07253
 384	  110.35912	 -40.33481	  176.60065	  177.05011
 385	  109.7494	 -39.98115	  176.74261	  177.19205
 385	  109.7494	 -39.98115	  176.74261	  177.19205
 384	  110.35912	 -40.33481	  176.60065	  177.05011
 386	  110.37352	 -40.39803	  176.7202	  177.16963
 387	  108.55416	 -48.23862	  176.4032	  176.85272
 388	  108.56857	 -48.30184	  176.52274	  176.97223
 389	  109.06525	 -48.23418	  176.39479	  176.84431
 389	  109.06525	 -48.23418	  176.39479	  176.84431
 388	  108.56857	 -48.30184	  176.52274	  176.97223
 390	  109.07965	 -48.29739	  176.51434	  176.96384
 391	  108.55416	 -48.23862	  176.4032	  176.85272
 392	  108.55416	 -47.63474	  176.42059	  176.8701
 393	  108.56857	 -48.30184	  176.52274	  176.97223
 393	  108.56857	 -48.30184	  176.52274	  176.97223
 392	  108.55416	 -47.63474	  176.42059	  176.8701
 394	  108.56857	 -47.69795	  176.54013	  176.98962
 395	  108.55416	 -47.63474	  176.42059	  176.8701
 396	  109.06525	 -47.63029	  176.41219	  176.86169
 397	  108.56857	 -47.69795	  176.54013	  176.98962
 397	  108.56857	 -47.69795	  176.54013	  176.98962
 396	  109.06525	 -47.63029	  176.41219	  176.86169
 398	  109.07965	 -47.69351	  176.53172	  176.98122
 399	  109.7494	 -39.98115	  176.74261	  177.19205
 400	  110.37352	 -40.39803	  176.7202	  177.16963
 401	  109.65373	 -40.56532	  176.72739	  177.17682
 401	  109.65373	 -40.56532	  176.72739	  177.17682
 400	  110.37352	 -40.39803	  176.7202	  177.16963
 402	  110.18868	 -40.9226	  176.70818	  177.15761
 403	  110.17428	 -40.85938	  176.58862	  177.0381
 404	  110.18868	 -40.9226	  176.70818	  177.15761
 405	  110.63365	 -41.43124	  176.5645	  177.01398
 405	  110.63365	 -41.43124	  176.5645	  177.01398
 404	  110.18868	 -40.9226	  176.70818	  177.15761
 406	  110.64806	 -41.49445	  176.68405	  177.13348
 407	  109.06525	 -39.77974	  176.63821	  177.08768
 408	  109.735	 -39.91793	  176.62306	  177.07253
 409	  109.07965	 -39.84295	  176.75775	  177.20718
 409	  109.07965	 -39.84295	  176.75775	  177.20718
 408	  109.735	 -39.91793	  176.62306	  177.07253
 410	  109.7494	 -39.98115	  176.74261	  177.19205
 411	  109.07965	 -39.84295	  176.75775	  177.20718
 412	  109.7494	 -39.98115	  176.74261	  177.19205
 413	  109.07965	 -40.44683	  176.74037	  177.1898
 413	  109.07965	 -40.44683	  176.74037	  177.1898
 412	  109.7494	 -39.98115	  176.74261	  177.19205
 414	  109.65373	 -40.56532	  176.72739	  177.17682
 415	  109.63932	 -40.5021	  176.60785	  177.05731
 416	  109.65373	 -40.56532	  176.72739	  177.17682
 417	  110.17428	 -40.85938	  176.58862	  177.0381
 417	  110.17428	 -40.85938	  176.58862	  177.0381
 416	  109.65373	 -40.56532	  176.72739	  177.17682
 418	  110.18868	 -40.9226	  176.70818	  177.15761
 419	  108.55416	 -39.78418	  176.64662	  177.09607
 420	  109.06525	 -39.77974	  176.63821	  177.08768
 421	  108.56857	 -39.8474	  176.76616	  177.21558
 421	  108.56857	 -39.8474	  176.76616	  177.21558
 420	  109.06525	 -39.77974	  176.63821	  177.08768
 422	  109.07965	 -39.84295	  176.75775	  177.20718
 423	  109.07965	 -39.84295	  176.75775	  177.20718
 424	  109.07965	 -40.44683	  176.74037	  177.1898
 425	  108.56857	 -39.8474	  176.76616	  177.21558
 425	  108.56857	 -39.8474	  176.76616	  177.21558
 424	  109.07965	 -40.44683	  176.74037	  177.1898
 426	  108.56857	 -40.45128	  176.74878	  177.19821
 427	  109.06525	 -40.38362	  176.62082	  177.07028
 428	  109.07965	 -40.44683	  176.74037	  177.1898
 429	  109.63932	 -40.5021	  176.60785	  177.05731
 429	  109.63932	 -40.5021	  176.60785	  177.05731
 428	  109.07965	 -40.44683	  176.74037	  177.1898
 430	  109.65373	 -40.56532	  176.72739	  177.17682
 431	  108.55416	 -40.38806	  176.62923	  177.07869
 432	  108.55416	 -39.78418	  176.64662	  177.09607
 433	  108.56857	 -40.45128	  176.74878	  177.19821
 433	  108.56857	 -40.45128	  176.74878	  177.19821
 432	  108.55416	 -39.78418	  176.64662	  177.09607
 434	  108.56857	 -39.8474	  176.76616	  177.21558
 435	  108.55416	 -40.38806	  176.62923	  177.07869
 436	  108.56857	 -40.45128	  176.74878	  177.19821
 437	  109.06525	 -40.38362	  176.62082	  177.07028
 437	  109.06525	 -40.38362	  176.62082	  177.07028
 436	  108.56857	 -40.45128	  176.74878	  177.19821
 438	  109.07965	 -40.44683	  176.74037	  177.1898
 439	  111.051	 -28.31421	  177.05681	  177.50615
 440	  111.44743	 -28.31077	  177.05029	  177.49963
 441	  111.05101	 -35.63313	  176.84608	  177.29549
 440	  111.44743	 -28.31077	  177.05029	  177.49963
 442	  111.44743	 -35.62832	  176.8396	  177.289
 441	  111.05101	 -35.63313	  176.84608	  177.29549
 442	  111.44743	 -35.62832	  176.8396	  177.289
 443	  111.38709	 -36.076	  176.82773	  177.27713
 441	  111.05101	 -35.63313	  176.84608	  177.29549
 441	  111.05101	 -35.63313	  176.84608	  177.29549
 443	  111.38709	 -36.076	  176.82773	  177.27713
 444	  110.93869	 -36.04351	  176.83614	  177.28554
 443	  111.38709	 -36.076	  176.82773	  177.27713
 445	  111.21903	 -36.44274	  176.81996	  177.26938
 444	  110.93869	 -36.04351	  176.83614	  177.28554
 445	  111.21903	 -36.44274	  176.81996	  177.26938
 446	  110.96885	 -36.69053	  176.81702	  177.26642
 444	  110.93869	 -36.04351	  176.83614	  177.28554
 444	  110.93869	 -36.04351	  176.83614	  177.28554
 446	  110.96885	 -36.69053	  176.81702	  177.26642
 447	  110.6622	 -36.20338	  176.83615	  177.28555
 446	  110.96885	 -36.69053	  176.81702	  177.26642
 448	  110.6622	 -36.7814	  176.8195	  177.26891
 447	  110.6622	 -36.20338	  176.83615	  177.28555
 448	  110.6622	 -36.7814	  176.8195	  177.26891
 449	  108.69247	 -36.79851	  176.85187	  177.30127
 447	  110.6622	 -36.20338	  176.83615	  177.28555
 449	  108.69247	 -36.79851	  176.85187	  177.30127
 450	  108.69247	 -36.22049	  176.86852	  177.3179
 447	  110.6622	 -36.20338	  176.83615	  177.28555
 451	  110.6478	 -36.14016	  176.7166	  177.16603
 452	  110.92429	 -35.98029	  176.71658	  177.16603
 453	  110.6622	 -36.20338	  176.83615	  177.28555
 453	  110.6622	 -36.20338	  176.83615	  177.28555
 452	  110.92429	 -35.98029	  176.71658	  177.16603
 454	  110.93869	 -36.04351	  176.83614	  177.28554
 455	  108.67806	 -36.15728	  176.74898	  177.19839
 456	  110.6478	 -36.14016	  176.7166	  177.16603
 457	  108.69247	 -36.22049	  176.86852	  177.3179
 457	  108.69247	 -36.22049	  176.86852	  177.3179
 456	  110.6478	 -36.14016	  176.7166	  177.16603
 458	  110.6622	 -36.20338	  176.83615	  177.28555
 459	  108.67806	 -36.7353	  176.73233	  177.18176
 460	  108.67806	 -36.15728	  176.74898	  177.19839
 461	  108.69247	 -36.79851	  176.85187	  177.30127
 461	  108.69247	 -36.79851	  176.85187	  177.30127
 460	  108.67806	 -36.15728	  176.74898	  177.19839
 462	  108.69247	 -36.22049	  176.86852	  177.3179
 463	  108.67806	 -36.7353	  176.73233	  177.18176
 464	  108.69247	 -36.79851	  176.85187	  177.30127
 465	  110.6478	 -36.71818	  176.69995	  177.1494
 465	  110.6478	 -36.71818	  176.69995	  177.1494
 464	  108.69247	 -36.79851	  176.85187	  177.30127
 466	  110.6622	 -36.7814	  176.8195	  177.26891
 467	  110.6478	 -36.71818	  176.69995	  177.1494
 468	  110.6622	 -36.7814	  176.8195	  177.26891
 469	  110.95444	 -36.62731	  176.69746	  177.1469
 469	  110.95444	 -36.62731	  176.69746	  177.1469
 468	  110.6622	 -36.7814	  176.8195	  177.26891
 470	  110.96885	 -36.69053	  176.81702	  177.26642
 471	  110.95444	 -36.62731	  176.69746	  177.1469
 472	  110.96885	 -36.69053	  176.81702	  177.26642
 473	  111.20463	 -36.37952	  176.70042	  177.14986
 473	  111.20463	 -36.37952	  176.70042	  177.14986
 472	  110.96885	 -36.69053	  176.81702	  177.26642
 474	  111.21903	 -36.44274	  176.81996	  177.26938
 475	  111.20463	 -36.37952	  176.70042	  177.14986
 476	  111.21903	 -36.44274	  176.81996	  177.26938
 477	  111.37269	 -36.01278	  176.70818	  177.15762
 477	  111.37269	 -36.01278	  176.70818	  177.15762
 476	  111.21903	 -36.44274	  176.81996	  177.26938
 478	  111.38709	 -36.076	  176.82773	  177.27713
 479	  111.37269	 -36.01278	  176.70818	  177.15762
 480	  111.38709	 -36.076	  176.82773	  177.27713
 481	  111.43302	 -35.5651	  176.72006	  177.16949
 481	  111.43302	 -35.5651	  176.72006	  177.16949
 480	  111.38709	 -36.076	  176.82773	  177.27713
 482	  111.44743	 -35.62832	  176.8396	  177.289
 483	  111.44743	 -28.31077	  177.05029	  177.49963
 481	  111.43302	 -35.5651	  176.72006	  177.16949
 482	  111.44743	 -35.62832	  176.8396	  177.289
 484	  111.43302	 -28.24755	  176.93076	  177.38013
 481	  111.43302	 -35.5651	  176.72006	  177.16949
 483	  111.44743	 -28.31077	  177.05029	  177.49963
 485	  111.0366	 -28.251	  176.93726	  177.38663
 486	  111.43302	 -28.24755	  176.93076	  177.38013
 487	  111.051	 -28.31421	  177.05681	  177.50615
 487	  111.051	 -28.31421	  177.05681	  177.50615
 486	  111.43302	 -28.24755	  176.93076	  177.38013
 488	  111.44743	 -28.31077	  177.05029	  177.49963
 489	  111.0366	 -35.56992	  176.72653	  177.17596
 490	  111.0366	 -28.251	  176.93726	  177.38663
 491	  111.05101	 -35.63313	  176.84608	  177.29549
 491	  111.05101	 -35.63313	  176.84608	  177.29549
 490	  111.0366	 -28.251	  176.93726	  177.38663
 492	  111.051	 -28.31421	  177.05681	  177.50615
 493	  110.93869	 -36.04351	  176.83614	  177.28554
 489	  111.0366	 -35.56992	  176.72653	  177.17596
 491	  111.05101	 -35.63313	  176.84608	  177.29549
 494	  110.92429	 -35.98029	  176.71658	  177.16603
 489	  111.0366	 -35.56992	  176.72653	  177.17596
 493	  110.93869	 -36.04351	  176.83614	  177.28554
 495	  108.25484	  13.64464	  178.31155	  178.76053
 496	  108.38009	  14.52748	  178.33487	  178.78384
 497	  108.64217	  13.64822	  178.30518	  178.75417
 497	  108.64217	  13.64822	  178.30518	  178.75417
 496	  108.38009	  14.52748	  178.33487	  178.78384
 498	  108.73728	  14.31108	  178.32268	  178.77165
 496	  108.38009	  14.52748	  178.33487	  178.78384
 499	  108.72123	  15.26102	  178.3503	  178.79927
 498	  108.73728	  14.31108	  178.32268	  178.77165
 498	  108.73728	  14.31108	  178.32268	  178.77165
 499	  108.72123	  15.26102	  178.3503	  178.79927
 500	  108.99664	  14.86183	  178.33421	  178.78319
 499	  108.72123	  15.26102	  178.3503	  178.79927
 501	  109.22213	  15.76289	  178.3564	  178.80536
 500	  108.99664	  14.86183	  178.33421	  178.78319
 500	  108.99664	  14.86183	  178.33421	  178.78319
 501	  109.22213	  15.76289	  178.3564	  178.80536
 502	  109.37275	  15.24342	  178.33893	  178.7879
 501	  109.22213	  15.76289	  178.3564	  178.80536
 503	  109.82667	  15.95084	  178.35172	  178.80069
 502	  109.37275	  15.24342	  178.33893	  178.7879
 503	  109.82667	  15.95084	  178.35172	  178.80069
 504	  109.82667	  15.38614	  178.33545	  178.78442
 502	  109.37275	  15.24342	  178.33893	  178.7879
 505	  111.38979	  13.67197	  178.26004	  178.70903
 506	  111.00249	  13.66873	  178.2664	  178.71539
 507	  111.26891	  14.56517	  178.28777	  178.73676
 506	  111.00249	  13.66873	  178.2664	  178.71539
 508	  110.90737	  14.33629	  178.2872	  178.73618
 507	  111.26891	  14.56517	  178.28777	  178.73676
 507	  111.26891	  14.56517	  178.28777	  178.73676
 508	  110.90737	  14.33629	  178.2872	  178.73618
 509	  110.93211	  15.29283	  178.31433	  178.76331
 508	  110.90737	  14.33629	  178.2872	  178.73618
 510	  110.65231	  14.88257	  178.30719	  178.75616
 509	  110.93211	  15.29283	  178.31433	  178.76331
 509	  110.93211	  15.29283	  178.31433	  178.76331
 510	  110.65231	  14.88257	  178.30719	  178.75616
 511	  110.43551	  15.77974	  178.33664	  178.78561
 510	  110.65231	  14.88257	  178.30719	  178.75616
 512	  110.28055	  15.2513	  178.32401	  178.77298
 511	  110.43551	  15.77974	  178.33664	  178.78561
 511	  110.43551	  15.77974	  178.33664	  178.78561
 512	  110.28055	  15.2513	  178.32401	  178.77298
 513	  109.82667	  15.95084	  178.35172	  178.80069
 512	  110.28055	  15.2513	  178.32401	  178.77298
 514	  109.82667	  15.38614	  178.33545	  178.78442
 513	  109.82667	  15.95084	  178.35172	  178.80069
 515	  109.65826	  11.08916	  178.21454	  178.66356
 516	  109.11846	  11.28906	  178.22931	  178.67831
 517	  109.65812	  11.72183	  178.23277	  178.68178
 517	  109.65812	  11.72183	  178.23277	  178.68178
 516	  109.11846	  11.28906	  178.22931	  178.67831
 518	  109.25283	  11.87373	  178.2439	  178.6929
 516	  109.11846	  11.28906	  178.22931	  178.67831
 519	  108.67123	  11.84244	  178.2527	  178.70171
 518	  109.25283	  11.87373	  178.2439	  178.6929
 518	  109.25283	  11.87373	  178.2439	  178.6929
 519	  108.67123	  11.84244	  178.2527	  178.70171
 520	  108.91706	  12.29451	  178.26163	  178.71062
 519	  108.67123	  11.84244	  178.2527	  178.70171
 521	  108.36666	  12.65805	  178.28127	  178.73026
 520	  108.91706	  12.29451	  178.26163	  178.71062
 520	  108.91706	  12.29451	  178.26163	  178.71062
 521	  108.36666	  12.65805	  178.28127	  178.73026
 522	  108.68547	  12.90686	  178.28311	  178.7321
 521	  108.36666	  12.65805	  178.28127	  178.73026
 523	  108.25484	  13.64464	  178.31155	  178.76053
 522	  108.68547	  12.90686	  178.28311	  178.7321
 523	  108.25484	  13.64464	  178.31155	  178.76053
 524	  108.64217	  13.64822	  178.30518	  178.75417
 522	  108.68547	  12.90686	  178.28311	  178.7321
 525	  108.24045	  13.70786	  178.19199	  178.64101
 526	  108.36568	  14.5907	  178.21532	  178.66434
 527	  108.25484	  13.64464	  178.31155	  178.76053
 527	  108.25484	  13.64464	  178.31155	  178.76053
 526	  108.36568	  14.5907	  178.21532	  178.66434
 528	  108.38009	  14.52748	  178.33487	  178.78384
 526	  108.36568	  14.5907	  178.21532	  178.66434
 529	  108.70683	  15.32425	  178.23074	  178.67975
 528	  108.38009	  14.52748	  178.33487	  178.78384
 528	  108.38009	  14.52748	  178.33487	  178.78384
 529	  108.70683	  15.32425	  178.23074	  178.67975
 530	  108.72123	  15.26102	  178.3503	  178.79927
 531	  108.36666	  12.65805	  178.28127	  178.73026
 525	  108.24045	  13.70786	  178.19199	  178.64101
 527	  108.25484	  13.64464	  178.31155	  178.76053
 532	  108.35226	  12.72127	  178.16173	  178.61075
 525	  108.24045	  13.70786	  178.19199	  178.64101
 531	  108.36666	  12.65805	  178.28127	  178.73026
 532	  108.35226	  12.72127	  178.16173	  178.61075
 531	  108.36666	  12.65805	  178.28127	  178.73026
 533	  108.65682	  11.90564	  178.13316	  178.58218
 533	  108.65682	  11.90564	  178.13316	  178.58218
 531	  108.36666	  12.65805	  178.28127	  178.73026
 534	  108.67123	  11.84244	  178.2527	  178.70171
 535	  108.62776	  13.71143	  178.18564	  178.63464
 536	  108.64217	  13.64822	  178.30518	  178.75417
 537	  108.72288	  14.3743	  178.20313	  178.65215
 535	  108.62776	  13.71143	  178.18564	  178.63464
 538	  108.67106	  12.97009	  178.16357	  178.61258
 536	  108.64217	  13.64822	  178.30518	  178.75417
 536	  108.64217	  13.64822	  178.30518	  178.75417
 538	  108.67106	  12.97009	  178.16357	  178.61258
 539	  108.68547	  12.90686	  178.28311	  178.7321
 537	  108.72288	  14.3743	  178.20313	  178.65215
 536	  108.64217	  13.64822	  178.30518	  178.75417
 540	  108.73728	  14.31108	  178.32268	  178.77165
 537	  108.72288	  14.3743	  178.20313	  178.65215
 540	  108.73728	  14.31108	  178.32268	  178.77165
 541	  108.98225	  14.92505	  178.21466	  178.66367
 541	  108.98225	  14.92505	  178.21466	  178.66367
 540	  108.73728	  14.31108	  178.32268	  178.77165
 542	  108.99664	  14.86183	  178.33421	  178.78319
 538	  108.67106	  12.97009	  178.16357	  178.61258
 543	  108.90266	  12.35774	  178.14207	  178.59109
 544	  108.68547	  12.90686	  178.28311	  178.7321
 544	  108.68547	  12.90686	  178.28311	  178.7321
 543	  108.90266	  12.35774	  178.14207	  178.59109
 545	  108.91706	  12.29451	  178.26163	  178.71062
 546	  108.98225	  14.92505	  178.21466	  178.66367
 547	  108.99664	  14.86183	  178.33421	  178.78319
 548	  109.35835	  15.30663	  178.21938	  178.66838
 548	  109.35835	  15.30663	  178.21938	  178.66838
 547	  108.99664	  14.86183	  178.33421	  178.78319
 549	  109.37275	  15.24342	  178.33893	  178.7879
 550	  109.35835	  15.30663	  178.21938	  178.66838
 551	  109.37275	  15.24342	  178.33893	  178.7879
 552	  109.81226	  15.44936	  178.21591	  178.66492
 552	  109.81226	  15.44936	  178.21591	  178.66492
 551	  109.37275	  15.24342	  178.33893	  178.7879
 553	  109.82667	  15.38614	  178.33545	  178.78442
 554	  109.20773	  15.82611	  178.23685	  178.68585
 555	  109.81226	  16.01405	  178.23218	  178.68118
 556	  109.22213	  15.76289	  178.3564	  178.80536
 556	  109.22213	  15.76289	  178.3564	  178.80536
 555	  109.81226	  16.01405	  178.23218	  178.68118
 557	  109.82667	  15.95084	  178.35172	  178.80069
 558	  108.70683	  15.32425	  178.23074	  178.67975
 559	  109.20773	  15.82611	  178.23685	  178.68585
 560	  108.72123	  15.26102	  178.3503	  178.79927
 560	  108.72123	  15.26102	  178.3503	  178.79927
 559	  109.20773	  15.82611	  178.23685	  178.68585
 561	  109.22213	  15.76289	  178.3564	  178.80536
 562	  111.38979	  7.83257	  178.0919	  178.54094
 563	  111.00249	  7.82921	  178.09827	  178.5473
 564	  111.38979	  13.67197	  178.26004	  178.70903
 563	  111.00249	  7.82921	  178.09827	  178.5473
 565	  111.00249	  10.67929	  178.18033	  178.62933
 564	  111.38979	  13.67197	  178.26004	  178.70903
 565	  111.00249	  10.67929	  178.18033	  178.62933
 566	  111.00249	  11.25728	  178.19696	  178.64598
 564	  111.38979	  13.67197	  178.26004	  178.70903
 566	  111.00249	  11.25728	  178.19696	  178.64598
 567	  111.00249	  13.66873	  178.2664	  178.71539
 564	  111.38979	  13.67197	  178.26004	  178.70903
 568	  109.81226	  15.44936	  178.21591	  178.66492
 569	  109.82667	  15.38614	  178.33545	  178.78442
 570	  110.26614	  15.31451	  178.20447	  178.65347
 570	  110.26614	  15.31451	  178.20447	  178.65347
 569	  109.82667	  15.38614	  178.33545	  178.78442
 571	  110.28055	  15.2513	  178.32401	  178.77298
 572	  110.26614	  15.31451	  178.20447	  178.65347
 573	  110.28055	  15.2513	  178.32401	  178.77298
 574	  110.6379	  14.94579	  178.18764	  178.63666
 574	  110.6379	  14.94579	  178.18764	  178.63666
 573	  110.28055	  15.2513	  178.32401	  178.77298
 575	  110.65231	  14.88257	  178.30719	  178.75616
 576	  110.6379	  14.94579	  178.18764	  178.63666
 577	  110.65231	  14.88257	  178.30719	  178.75616
 578	  110.89297	  14.39951	  178.16765	  178.61667
 578	  110.89297	  14.39951	  178.16765	  178.61667
 577	  110.65231	  14.88257	  178.30719	  178.75616
 579	  110.90737	  14.33629	  178.2872	  178.73618
 580	  110.89297	  14.39951	  178.16765	  178.61667
 581	  110.90737	  14.33629	  178.2872	  178.73618
 582	  110.98808	  13.73193	  178.14685	  178.59589
 582	  110.98808	  13.73193	  178.14685	  178.59589
 581	  110.90737	  14.33629	  178.2872	  178.73618
 583	  111.00249	  13.66873	  178.2664	  178.71539
 584	  111.00249	  11.25728	  178.19696	  178.64598
 582	  110.98808	  13.73193	  178.14685	  178.59589
 583	  111.00249	  13.66873	  178.2664	  178.71539
 585	  110.98808	  11.32048	  178.07742	  178.52646
 582	  110.98808	  13.73193	  178.14685	  178.59589
 584	  111.00249	  11.25728	  178.19696	  178.64598
 586	  111.00249	  10.67929	  178.18033	  178.62933
 585	  110.98808	  11.32048	  178.07742	  178.52646
 584	  111.00249	  11.25728	  178.19696	  178.64598
 587	  110.98808	  10.74251	  178.06078	  178.50983
 585	  110.98808	  11.32048	  178.07742	  178.52646
 586	  111.00249	  10.67929	  178.18033	  178.62933
 588	  111.00249	  7.82921	  178.09827	  178.5473
 587	  110.98808	  10.74251	  178.06078	  178.50983
 586	  111.00249	  10.67929	  178.18033	  178.62933
 589	  110.98808	  7.89241	  177.97871	  178.4278
 587	  110.98808	  10.74251	  178.06078	  178.50983
 588	  111.00249	  7.82921	  178.09827	  178.5473
 590	  111.25449	  14.62839	  178.16821	  178.61723
 591	  111.3754	  13.73518	  178.14047	  178.58951
 592	  111.26891	  14.56517	  178.28777	  178.73676
 592	  111.26891	  14.56517	  178.28777	  178.73676
 591	  111.3754	  13.73518	  178.14047	  178.58951
 593	  111.38979	  13.67197	  178.26004	  178.70903
 591	  111.3754	  13.73518	  178.14047	  178.58951
 594	  111.3754	  7.89578	  177.97235	  178.42142
 593	  111.38979	  13.67197	  178.26004	  178.70903
 593	  111.38979	  13.67197	  178.26004	  178.70903
 594	  111.3754	  7.89578	  177.97235	  178.42142
 595	  111.38979	  7.83257	  178.0919	  178.54094
 596	  110.9177	  15.35605	  178.19479	  178.6438
 597	  111.25449	  14.62839	  178.16821	  178.61723
 598	  110.93211	  15.29283	  178.31433	  178.76331
 598	  110.93211	  15.29283	  178.31433	  178.76331
 597	  111.25449	  14.62839	  178.16821	  178.61723
 599	  111.26891	  14.56517	  178.28777	  178.73676
 600	  110.4211	  15.84296	  178.21709	  178.66609
 601	  110.9177	  15.35605	  178.19479	  178.6438
 602	  110.43551	  15.77974	  178.33664	  178.78561
 602	  110.43551	  15.77974	  178.33664	  178.78561
 601	  110.9177	  15.35605	  178.19479	  178.6438
 603	  110.93211	  15.29283	  178.31433	  178.76331
 604	  109.81226	  16.01405	  178.23218	  178.68118
 605	  110.4211	  15.84296	  178.21709	  178.66609
 606	  109.82667	  15.95084	  178.35172	  178.80069
 606	  109.82667	  15.95084	  178.35172	  178.80069
 605	  110.4211	  15.84296	  178.21709	  178.66609
 607	  110.43551	  15.77974	  178.33664	  178.78561
 608	  109.65826	  11.08916	  178.21454	  178.66356
 609	  109.65812	  11.72183	  178.23277	  178.68178
 610	  110.15501	  11.09348	  178.20639	  178.6554
 610	  110.15501	  11.09348	  178.20639	  178.6554
 609	  109.65812	  11.72183	  178.23277	  178.68178
 611	  110.15489	  11.72615	  178.22461	  178.67361
 612	  108.65682	  11.90564	  178.13316	  178.58218
 613	  108.67123	  11.84244	  178.2527	  178.70171
 614	  109.10405	  11.35228	  178.10977	  178.55881
 614	  109.10405	  11.35228	  178.10977	  178.55881
 613	  108.67123	  11.84244	  178.2527	  178.70171
 615	  109.11846	  11.28906	  178.22931	  178.67831
 616	  109.10405	  11.35228	  178.10977	  178.55881
 617	  109.11846	  11.28906	  178.22931	  178.67831
 618	  109.64385	  11.15237	  178.095	  178.54404
 618	  109.64385	  11.15237	  178.095	  178.54404
 617	  109.11846	  11.28906	  178.22931	  178.67831
 619	  109.65826	  11.08916	  178.21454	  178.66356
 620	  109.23842	  11.93695	  178.12436	  178.57339
 621	  109.64371	  11.78505	  178.11322	  178.56226
 622	  109.25283	  11.87373	  178.2439	  178.6929
 622	  109.25283	  11.87373	  178.2439	  178.6929
 621	  109.64371	  11.78505	  178.11322	  178.56226
 623	  109.65812	  11.72183	  178.23277	  178.68178
 624	  108.90266	  12.35774	  178.14207	  178.59109
 625	  109.23842	  11.93695	  178.12436	  178.57339
 626	  108.91706	  12.29451	  178.26163	  178.71062
 626	  108.91706	  12.29451	  178.26163	  178.71062
 625	  109.23842	  11.93695	  178.12436	  178.57339
 627	  109.25283	  11.87373	  178.2439	  178.6929
 628	  110.98808	  7.89241	  177.97871	  178.4278
 629	  111.00249	  7.82921	  178.09827	  178.5473
 630	  111.3754	  7.89578	  177.97235	  178.42142
 630	  111.3754	  7.89578	  177.97235	  178.42142
 629	  111.00249	  7.82921	  178.09827	  178.5473
 631	  111.38979	  7.83257	  178.0919	  178.54094
 632	  109.64385	  11.15237	  178.095	  178.54404
 633	  109.65826	  11.08916	  178.21454	  178.66356
 634	  110.1406	  11.15669	  178.08684	  178.53589
 634	  110.1406	  11.15669	  178.08684	  178.53589
 633	  109.65826	  11.08916	  178.21454	  178.66356
 635	  110.15501	  11.09348	  178.20639	  178.6554
 636	  110.14048	  11.78937	  178.10506	  178.55409
 637	  110.1406	  11.15669	  178.08684	  178.53589
 638	  110.15489	  11.72615	  178.22461	  178.67361
 638	  110.15489	  11.72615	  178.22461	  178.67361
 637	  110.1406	  11.15669	  178.08684	  178.53589
 639	  110.15501	  11.09348	  178.20639	  178.6554
 640	  109.64371	  11.78505	  178.11322	  178.56226
 641	  110.14048	  11.78937	  178.10506	  178.55409
 642	  109.65812	  11.72183	  178.23277	  178.68178
 642	  109.65812	  11.72183	  178.23277	  178.68178
 641	  110.14048	  11.78937	  178.10506	  178.55409
 643	  110.15489	  11.72615	  178.22461	  178.67361
 644	  109.06655	 -5.58035	  177.74448	  178.1936
 645	  109.73631	 -5.71857	  177.72932	  178.17847
 646	  109.06655	 -6.18425	  177.72708	  178.17622
 646	  109.06655	 -6.18425	  177.72708	  178.17622
 645	  109.73631	 -5.71857	  177.72932	  178.17847
 647	  109.64063	 -6.30267	  177.7141	  178.16325
 648	  109.73631	 -5.71857	  177.72932	  178.17847
 649	  110.36042	 -6.13544	  177.70691	  178.15605
 650	  109.64063	 -6.30267	  177.7141	  178.16325
 650	  109.64063	 -6.30267	  177.7141	  178.16325
 649	  110.36042	 -6.13544	  177.70691	  178.15605
 651	  110.17558	 -6.66005	  177.69489	  178.14404
 652	  109.06655	 -5.58035	  177.74448	  178.1936
 653	  109.06655	 -6.18425	  177.72708	  178.17622
 654	  108.55547	 -5.58481	  177.75287	  178.20201
 654	  108.55547	 -5.58481	  177.75287	  178.20201
 653	  109.06655	 -6.18425	  177.72708	  178.17622
 655	  108.55547	 -6.18871	  177.73549	  178.18463
 656	  109.05215	 -6.12105	  177.60754	  178.05672
 657	  109.06655	 -6.18425	  177.72708	  178.17622
 658	  109.62622	 -6.23946	  177.59454	  178.04373
 658	  109.62622	 -6.23946	  177.59454	  178.04373
 657	  109.06655	 -6.18425	  177.72708	  178.17622
 659	  109.64063	 -6.30267	  177.7141	  178.16325
 660	  109.05215	 -5.51715	  177.62492	  178.0741
 661	  109.72189	 -5.65535	  177.60977	  178.05896
 662	  109.06655	 -5.58035	  177.74448	  178.1936
 662	  109.06655	 -5.58035	  177.74448	  178.1936
 661	  109.72189	 -5.65535	  177.60977	  178.05896
 663	  109.73631	 -5.71857	  177.72932	  178.17847
 664	  110.36042	 -6.13544	  177.70691	  178.15605
 665	  110.89636	 -6.80256	  177.67874	  178.1279
 666	  110.17558	 -6.66005	  177.69489	  178.14404
 666	  110.17558	 -6.66005	  177.69489	  178.14404
 665	  110.89636	 -6.80256	  177.67874	  178.1279
 667	  110.63496	 -7.23186	  177.67075	  178.11992
 668	  109.62622	 -6.23946	  177.59454	  178.04373
 669	  109.64063	 -6.30267	  177.7141	  178.16325
 670	  110.16118	 -6.59684	  177.57533	  178.02452
 670	  110.16118	 -6.59684	  177.57533	  178.02452
 669	  109.64063	 -6.30267	  177.7141	  178.16325
 671	  110.17558	 -6.66005	  177.69489	  178.14404
 672	  109.72189	 -5.65535	  177.60977	  178.05896
 673	  110.34601	 -6.07222	  177.58736	  178.03654
 674	  109.73631	 -5.71857	  177.72932	  178.17847
 674	  109.73631	 -5.71857	  177.72932	  178.17847
 673	  110.34601	 -6.07222	  177.58736	  178.03654
 675	  110.36042	 -6.13544	  177.70691	  178.15605
 676	  108.54107	 -5.52159	  177.63333	  178.08249
 677	  109.05215	 -5.51715	  177.62492	  178.0741
 678	  108.55547	 -5.58481	  177.75287	  178.20201
 678	  108.55547	 -5.58481	  177.75287	  178.20201
 677	  109.05215	 -5.51715	  177.62492	  178.0741
 679	  109.06655	 -5.58035	  177.74448	  178.1936
 680	  108.54107	 -6.12549	  177.61594	  178.06512
 681	  108.54107	 -5.52159	  177.63333	  178.08249
 682	  108.55547	 -6.18871	  177.73549	  178.18463
 682	  108.55547	 -6.18871	  177.73549	  178.18463
 681	  108.54107	 -5.52159	  177.63333	  178.08249
 683	  108.55547	 -5.58481	  177.75287	  178.20201
 684	  108.54107	 -6.12549	  177.61594	  178.06512
 685	  108.55547	 -6.18871	  177.73549	  178.18463
 686	  109.05215	 -6.12105	  177.60754	  178.05672
 686	  109.05215	 -6.12105	  177.60754	  178.05672
 685	  108.55547	 -6.18871	  177.73549	  178.18463
 687	  109.06655	 -6.18425	  177.72708	  178.17622
 688	  110.89636	 -6.80256	  177.67874	  178.1279
 689	  111.3076	 -7.67448	  177.64679	  178.09595
 690	  110.63496	 -7.23186	  177.67075	  178.11992
 690	  110.63496	 -7.23186	  177.67075	  178.11992
 689	  111.3076	 -7.67448	  177.64679	  178.09595
 691	  110.98745	 -7.97922	  177.64336	  178.09253
 692	  110.16118	 -6.59684	  177.57533	  178.02452
 693	  110.17558	 -6.66005	  177.69489	  178.14404
 694	  110.62055	 -7.16866	  177.55121	  178.0004
 694	  110.62055	 -7.16866	  177.55121	  178.0004
 693	  110.17558	 -6.66005	  177.69489	  178.14404
 695	  110.63496	 -7.23186	  177.67075	  178.11992
 696	  110.34601	 -6.07222	  177.58736	  178.03654
 697	  110.88194	 -6.73935	  177.5592	  178.00841
 698	  110.36042	 -6.13544	  177.70691	  178.15605
 698	  110.36042	 -6.13544	  177.70691	  178.15605
 697	  110.88194	 -6.73935	  177.5592	  178.00841
 699	  110.89636	 -6.80256	  177.67874	  178.1279
 700	  111.3076	 -7.67448	  177.64679	  178.09595
 701	  111.56612	 -8.69176	  177.61319	  178.06236
 702	  110.98745	 -7.97922	  177.64336	  178.09253
 702	  110.98745	 -7.97922	  177.64336	  178.09253
 701	  111.56612	 -8.69176	  177.61319	  178.06236
 703	  111.20903	 -8.85117	  177.61456	  178.06374
 704	  110.62055	 -7.16866	  177.55121	  178.0004
 705	  110.63496	 -7.23186	  177.67075	  178.11992
 706	  110.97305	 -7.916	  177.5238	  177.97302
 706	  110.97305	 -7.916	  177.5238	  177.97302
 705	  110.63496	 -7.23186	  177.67075	  178.11992
 707	  110.98745	 -7.97922	  177.64336	  178.09253
 708	  110.88194	 -6.73935	  177.5592	  178.00841
 709	  111.29319	 -7.61127	  177.52725	  177.97644
 710	  110.89636	 -6.80256	  177.67874	  178.1279
 710	  110.89636	 -6.80256	  177.67874	  178.1279
 709	  111.29319	 -7.61127	  177.52725	  177.97644
 711	  111.3076	 -7.67448	  177.64679	  178.09595
 712	  111.56612	 -8.69176	  177.61319	  178.06236
 713	  111.6543	 -9.78507	  177.58023	  178.02942
 714	  111.20903	 -8.85117	  177.61456	  178.06374
 714	  111.20903	 -8.85117	  177.61456	  178.06374
 713	  111.6543	 -9.78507	  177.58023	  178.02942
 715	  111.28461	 -9.78829	  177.5863	  178.03549
 716	  110.97305	 -7.916	  177.5238	  177.97302
 717	  110.98745	 -7.97922	  177.64336	  178.09253
 718	  111.19463	 -8.78795	  177.49501	  177.94421
 718	  111.19463	 -8.78795	  177.49501	  177.94421
 717	  110.98745	 -7.97922	  177.64336	  178.09253
 719	  111.20903	 -8.85117	  177.61456	  178.06374
 720	  111.28461	 -9.78829	  177.5863	  178.03549
 721	  111.19463	 -8.78795	  177.49501	  177.94421
 719	  111.20903	 -8.85117	  177.61456	  178.06374
 722	  111.27021	 -9.72507	  177.46677	  177.91599
 721	  111.19463	 -8.78795	  177.49501	  177.94421
 720	  111.28461	 -9.78829	  177.5863	  178.03549
 723	  111.20903	 -10.72677	  177.56055	  178.00975
 722	  111.27021	 -9.72507	  177.46677	  177.91599
 720	  111.28461	 -9.78829	  177.5863	  178.03549
 724	  111.19463	 -10.66354	  177.44101	  177.89023
 722	  111.27021	 -9.72507	  177.46677	  177.91599
 723	  111.20903	 -10.72677	  177.56055	  178.00975
 725	  110.98745	 -11.60253	  177.53903	  177.98824
 726	  111.19463	 -10.66354	  177.44101	  177.89023
 723	  111.20903	 -10.72677	  177.56055	  178.00975
 727	  110.97305	 -11.53931	  177.41949	  177.86871
 726	  111.19463	 -10.66354	  177.44101	  177.89023
 725	  110.98745	 -11.60253	  177.53903	  177.98824
 728	  111.29319	 -7.61127	  177.52725	  177.97644
 729	  111.55171	 -8.62854	  177.49364	  177.94286
 730	  111.3076	 -7.67448	  177.64679	  178.09595
 730	  111.3076	 -7.67448	  177.64679	  178.09595
 729	  111.55171	 -8.62854	  177.49364	  177.94286
 731	  111.56612	 -8.69176	  177.61319	  178.06236
 729	  111.55171	 -8.62854	  177.49364	  177.94286
 732	  111.63989	 -9.72186	  177.46069	  177.90991
 731	  111.56612	 -8.69176	  177.61319	  178.06236
 731	  111.56612	 -8.69176	  177.61319	  178.06236
 732	  111.63989	 -9.72186	  177.46069	  177.90991
 733	  111.6543	 -9.78507	  177.58023	  178.02942
 732	  111.63989	 -9.72186	  177.46069	  177.90991
 734	  111.55171	 -10.81672	  177.43063	  177.87987
 733	  111.6543	 -9.78507	  177.58023	  178.02942
 733	  111.6543	 -9.78507	  177.58023	  178.02942
 734	  111.55171	 -10.81672	  177.43063	  177.87987
 735	  111.56612	 -10.87994	  177.55019	  177.99937
 734	  111.55171	 -10.81672	  177.43063	  177.87987
 736	  111.3076	 -11.9017	  177.52509	  177.97427
 735	  111.56612	 -10.87994	  177.55019	  177.99937
 737	  111.29319	 -11.83849	  177.40553	  177.85477
 736	  111.3076	 -11.9017	  177.52509	  177.97427
 734	  111.55171	 -10.81672	  177.43063	  177.87987
 737	  111.29319	 -11.83849	  177.40553	  177.85477
 738	  110.89637	 -12.78075	  177.50662	  177.95584
 739	  111.3076	 -11.9017	  177.52509	  177.97427
 740	  110.88195	 -12.71754	  177.38708	  177.83633
 738	  110.89637	 -12.78075	  177.50662	  177.95584
 737	  111.29319	 -11.83849	  177.40553	  177.85477
 741	  111.6543	 -9.78507	  177.58023	  178.02942
 742	  111.56612	 -10.87994	  177.55019	  177.99937
 743	  111.28461	 -9.78829	  177.5863	  178.03549
 743	  111.28461	 -9.78829	  177.5863	  178.03549
 742	  111.56612	 -10.87994	  177.55019	  177.99937
 744	  111.20903	 -10.72677	  177.56055	  178.00975
 745	  111.56612	 -10.87994	  177.55019	  177.99937
 746	  111.3076	 -11.9017	  177.52509	  177.97427
 747	  111.20903	 -10.72677	  177.56055	  178.00975
 747	  111.20903	 -10.72677	  177.56055	  178.00975
 746	  111.3076	 -11.9017	  177.52509	  177.97427
 748	  110.98745	 -11.60253	  177.53903	  177.98824
 749	  111.3076	 -11.9017	  177.52509	  177.97427
 750	  110.89637	 -12.78075	  177.50662	  177.95584
 751	  110.98745	 -11.60253	  177.53903	  177.98824
 751	  110.98745	 -11.60253	  177.53903	  177.98824
 750	  110.89637	 -12.78075	  177.50662	  177.95584
 752	  110.63496	 -12.35604	  177.52322	  177.97241
 753	  110.89637	 -12.78075	  177.50662	  177.95584
 754	  110.36042	 -13.45724	  177.49609	  177.94531
 755	  110.63496	 -12.35604	  177.52322	  177.97241
 755	  110.63496	 -12.35604	  177.52322	  177.97241
 754	  110.36042	 -13.45724	  177.49609	  177.94531
 756	  110.17558	 -12.93584	  177.51419	  177.96339
 757	  110.62055	 -12.29283	  177.40367	  177.85291
 758	  110.97305	 -11.53931	  177.41949	  177.86871
 759	  110.63496	 -12.35604	  177.52322	  177.97241
 759	  110.63496	 -12.35604	  177.52322	  177.97241
 758	  110.97305	 -11.53931	  177.41949	  177.86871
 760	  110.98745	 -11.60253	  177.53903	  177.98824
 761	  110.36042	 -13.45724	  177.49609	  177.94531
 762	  109.73631	 -13.88493	  177.4942	  177.94341
 763	  110.17558	 -12.93584	  177.51419	  177.96339
 763	  110.17558	 -12.93584	  177.51419	  177.96339
 762	  109.73631	 -13.88493	  177.4942	  177.94341
 764	  109.64063	 -13.30247	  177.51256	  177.96176
 765	  110.16118	 -12.87263	  177.39464	  177.84389
 766	  110.62055	 -12.29283	  177.40367	  177.85291
 767	  110.17558	 -12.93584	  177.51419	  177.96339
 767	  110.17558	 -12.93584	  177.51419	  177.96339
 766	  110.62055	 -12.29283	  177.40367	  177.85291
 768	  110.63496	 -12.35604	  177.52322	  177.97241
 769	  110.34601	 -13.39404	  177.37656	  177.82579
 770	  110.36042	 -13.45724	  177.49609	  177.94531
 771	  110.88195	 -12.71754	  177.38708	  177.83633
 771	  110.88195	 -12.71754	  177.38708	  177.83633
 770	  110.36042	 -13.45724	  177.49609	  177.94531
 772	  110.89637	 -12.78075	  177.50662	  177.95584
 773	  109.73631	 -13.88493	  177.4942	  177.94341
 774	  109.06655	 -14.03481	  177.50105	  177.95026
 775	  109.64063	 -13.30247	  177.51256	  177.96176
 775	  109.64063	 -13.30247	  177.51256	  177.96176
 774	  109.06655	 -14.03481	  177.50105	  177.95026
 776	  109.06655	 -13.43092	  177.51843	  177.96764
 777	  109.62622	 -13.23925	  177.39301	  177.84225
 778	  110.16118	 -12.87263	  177.39464	  177.84389
 779	  109.64063	 -13.30247	  177.51256	  177.96176
 779	  109.64063	 -13.30247	  177.51256	  177.96176
 778	  110.16118	 -12.87263	  177.39464	  177.84389
 780	  110.17558	 -12.93584	  177.51419	  177.96339
 781	  109.7219	 -13.82172	  177.37465	  177.8239
 782	  109.73631	 -13.88493	  177.4942	  177.94341
 783	  110.34601	 -13.39404	  177.37656	  177.82579
 783	  110.34601	 -13.39404	  177.37656	  177.82579
 782	  109.73631	 -13.88493	  177.4942	  177.94341
 784	  110.36042	 -13.45724	  177.49609	  177.94531
 785	  109.06655	 -13.43092	  177.51843	  177.96764
 786	  109.06655	 -14.03481	  177.50105	  177.95026
 787	  108.55547	 -13.43536	  177.52684	  177.97604
 787	  108.55547	 -13.43536	  177.52684	  177.97604
 786	  109.06655	 -14.03481	  177.50105	  177.95026
 788	  108.55547	 -14.03925	  177.50946	  177.95866
 789	  109.05215	 -13.3677	  177.3989	  177.84813
 790	  109.62622	 -13.23925	  177.39301	  177.84225
 791	  109.06655	 -13.43092	  177.51843	  177.96764
 791	  109.06655	 -13.43092	  177.51843	  177.96764
 790	  109.62622	 -13.23925	  177.39301	  177.84225
 792	  109.64063	 -13.30247	  177.51256	  177.96176
 793	  109.05215	 -13.9716	  177.3815	  177.83075
 794	  109.06655	 -14.03481	  177.50105	  177.95026
 795	  109.7219	 -13.82172	  177.37465	  177.8239
 795	  109.7219	 -13.82172	  177.37465	  177.8239
 794	  109.06655	 -14.03481	  177.50105	  177.95026
 796	  109.73631	 -13.88493	  177.4942	  177.94341
 797	  108.54107	 -13.37215	  177.40729	  177.85654
 798	  109.05215	 -13.3677	  177.3989	  177.84813
 799	  108.55547	 -13.43536	  177.52684	  177.97604
 799	  108.55547	 -13.43536	  177.52684	  177.97604
 798	  109.05215	 -13.3677	  177.3989	  177.84813
 800	  109.06655	 -13.43092	  177.51843	  177.96764
 801	  108.54107	 -13.97604	  177.38991	  177.83914
 802	  108.54107	 -13.37215	  177.40729	  177.85654
 803	  108.55547	 -14.03925	  177.50946	  177.95866
 803	  108.55547	 -14.03925	  177.50946	  177.95866
 802	  108.54107	 -13.37215	  177.40729	  177.85654
 804	  108.55547	 -13.43536	  177.52684	  177.97604
 805	  108.54107	 -13.97604	  177.38991	  177.83914
 806	  108.55547	 -14.03925	  177.50946	  177.95866
 807	  109.05215	 -13.9716	  177.3815	  177.83075
 807	  109.05215	 -13.9716	  177.3815	  177.83075
 806	  108.55547	 -14.03925	  177.50946	  177.95866
 808	  109.06655	 -14.03481	  177.50105	  177.95026
 809	  110.40598	 -41.80511	  176.55753	  177.00702
 810	  110.01329	 -41.31631	  176.57816	  177.02763
 811	  110.63365	 -41.43124	  176.5645	  177.01398
 811	  110.63365	 -41.43124	  176.5645	  177.01398
 810	  110.01329	 -41.31631	  176.57816	  177.02763
 812	  110.17428	 -40.85938	  176.58862	  177.0381
 813	  110.70731	 -42.44398	  176.5341	  176.9836
 814	  110.40598	 -41.80511	  176.55753	  177.00702
 815	  110.98615	 -42.17859	  176.53711	  176.98659
 815	  110.98615	 -42.17859	  176.53711	  176.98659
 814	  110.40598	 -41.80511	  176.55753	  177.00702
 816	  110.63365	 -41.43124	  176.5645	  177.01398
 817	  110.01329	 -41.31631	  176.57816	  177.02763
 818	  109.55599	 -41.01086	  176.59457	  177.04405
 819	  110.17428	 -40.85938	  176.58862	  177.0381
 819	  110.17428	 -40.85938	  176.58862	  177.0381
 818	  109.55599	 -41.01086	  176.59457	  177.04405
 820	  109.63932	 -40.5021	  176.60785	  177.05731
 821	  110.70731	 -42.44398	  176.5341	  176.9836
 822	  110.98615	 -42.17859	  176.53711	  176.98659
 823	  110.89333	 -43.14716	  176.51076	  176.96025
 823	  110.89333	 -43.14716	  176.51076	  176.96025
 822	  110.98615	 -42.17859	  176.53711	  176.98659
 824	  111.20773	 -43.05054	  176.5083	  176.95779
 825	  109.04433	 -40.90523	  176.60616	  177.05562
 826	  109.06525	 -40.38362	  176.62082	  177.07028
 827	  109.55599	 -41.01086	  176.59457	  177.04405
 827	  109.55599	 -41.01086	  176.59457	  177.04405
 826	  109.06525	 -40.38362	  176.62082	  177.07028
 828	  109.63932	 -40.5021	  176.60785	  177.05731
 829	  110.89333	 -43.14716	  176.51076	  176.96025
 830	  111.20773	 -43.05054	  176.5083	  176.95779
 831	  111.25392	 -43.62321	  176.49103	  176.94054
 832	  108.23494	 -40.91227	  176.61946	  177.06892
 833	  108.55416	 -40.38806	  176.62923	  177.07869
 834	  109.04433	 -40.90523	  176.60616	  177.05562
 834	  109.04433	 -40.90523	  176.60616	  177.05562
 833	  108.55416	 -40.38806	  176.62923	  177.07869
 835	  109.06525	 -40.38362	  176.62082	  177.07028
 836	  108.24277	 -43.12796	  176.55554	  177.005
 837	  110.89333	 -43.14716	  176.51076	  176.96025
 838	  108.56198	 -43.64661	  176.53528	  176.98477
 838	  108.56198	 -43.64661	  176.53528	  176.98477
 837	  110.89333	 -43.14716	  176.51076	  176.96025
 839	  111.25392	 -43.62321	  176.49103	  176.94054
 840	  108.23494	 -40.91227	  176.61946	  177.06892
 841	  108.23494	 -39.26548	  176.66689	  177.11633
 842	  108.55416	 -40.38806	  176.62923	  177.07869
 842	  108.55416	 -40.38806	  176.62923	  177.07869
 841	  108.23494	 -39.26548	  176.66689	  177.11633
 843	  108.55416	 -39.78418	  176.64662	  177.09607
 844	  108.24277	 -44.90026	  176.5045	  176.95399
 845	  108.24277	 -43.12796	  176.55554	  177.005
 846	  108.56198	 -44.37601	  176.51428	  176.96378
 846	  108.56198	 -44.37601	  176.51428	  176.96378
 845	  108.24277	 -43.12796	  176.55554	  177.005
 847	  108.56198	 -43.64661	  176.53528	  176.98477
 848	  108.23494	 -39.26548	  176.66689	  177.11633
 849	  109.08617	 -39.25808	  176.65289	  177.10234
 850	  108.55416	 -39.78418	  176.64662	  177.09607
 850	  108.55416	 -39.78418	  176.64662	  177.09607
 849	  109.08617	 -39.25808	  176.65289	  177.10234
 851	  109.06525	 -39.77974	  176.63821	  177.08768
 852	  108.24277	 -44.90026	  176.5045	  176.95399
 853	  108.56198	 -44.37601	  176.51428	  176.96378
 854	  110.89333	 -44.83498	  176.46216	  176.91168
 854	  110.89333	 -44.83498	  176.46216	  176.91168
 853	  108.56198	 -44.37601	  176.51428	  176.96378
 855	  111.25392	 -44.35261	  176.47003	  176.91954
 856	  109.81834	 -39.40917	  176.63632	  177.08577
 857	  109.735	 -39.91793	  176.62306	  177.07253
 858	  109.08617	 -39.25808	  176.65289	  177.10234
 858	  109.08617	 -39.25808	  176.65289	  177.10234
 857	  109.735	 -39.91793	  176.62306	  177.07253
 859	  109.06525	 -39.77974	  176.63821	  177.08768
 860	  110.89333	 -44.83498	  176.46216	  176.91168
 861	  111.25392	 -44.35261	  176.47003	  176.91954
 862	  111.20773	 -44.92609	  176.4543	  176.90381
 863	  109.81834	 -39.40917	  176.63632	  177.08577
 864	  110.5201	 -39.87792	  176.61111	  177.06058
 865	  109.735	 -39.91793	  176.62306	  177.07253
 865	  109.735	 -39.91793	  176.62306	  177.07253
 864	  110.5201	 -39.87792	  176.61111	  177.06058
 866	  110.35912	 -40.33481	  176.60065	  177.05011
 867	  110.70731	 -45.54135	  176.44493	  176.89444
 868	  110.89333	 -44.83498	  176.46216	  176.91168
 869	  110.98615	 -45.8019	  176.43277	  176.88229
 869	  110.98615	 -45.8019	  176.43277	  176.88229
 868	  110.89333	 -44.83498	  176.46216	  176.91168
 870	  111.20773	 -44.92609	  176.4543	  176.90381
 871	  110.5201	 -39.87792	  176.61111	  177.06058
 872	  111.12272	 -40.62807	  176.57947	  177.02893
 873	  110.35912	 -40.33481	  176.60065	  177.05011
 873	  110.35912	 -40.33481	  176.60065	  177.05011
 872	  111.12272	 -40.62807	  176.57947	  177.02893
 874	  110.89506	 -41.00194	  176.57249	  177.02197
 875	  110.40598	 -46.18547	  176.43141	  176.88092
 876	  110.70731	 -45.54135	  176.44493	  176.89444
 877	  110.63365	 -46.55541	  176.41696	  176.86649
 877	  110.63365	 -46.55541	  176.41696	  176.86649
 876	  110.70731	 -45.54135	  176.44493	  176.89444
 878	  110.98615	 -45.8019	  176.43277	  176.88229
 879	  111.12272	 -40.62807	  176.57947	  177.02893
 880	  111.58512	 -41.60847	  176.54352	  176.99301
