 3968	  219.38539	  8.66489	  229.97311	  230.40733
 3969	  219.38539	 -2.07152	  229.664	  230.0983
 3970	  222.90147	 -2.03265	  229.5905	  230.02483
 3971	  219.38539	  8.66489	  229.97311	  230.40733
 3971	  219.38539	  8.66489	  229.97311	  230.40733
 3970	  222.90147	 -2.03265	  229.5905	  230.02483
 3972	  222.90147	  8.70375	  229.89961	  230.33386
 3973	  222.90147	 -2.03265	  229.5905	  230.02483
 3974	  228.42542	 -1.97159	  229.47502	  229.90938
 3975	  222.90147	  8.70375	  229.89961	  230.33386
 3975	  222.90147	  8.70375	  229.89961	  230.33386
 3974	  228.42542	 -1.97159	  229.47502	  229.90938
 3976	  228.4254	  8.76482	  229.78415	  230.21841
 3977	  228.42542	 -1.97159	  229.47502	  229.90938
 3978	  231.9415	 -1.93272	  229.40152	  229.83591
 3979	  228.4254	  8.76482	  229.78415	  230.21841
 3979	  228.4254	  8.76482	  229.78415	  230.21841
 3978	  231.9415	 -1.93272	  229.40152	  229.83591
 3980	  231.9415	  8.80368	  229.71065	  230.14493
 3981	  231.9415	 -1.93272	  229.40152	  229.83591
 3982	  237.46544	 -1.87166	  229.28604	  229.72046
 3983	  231.9415	  8.80368	  229.71065	  230.14493
 3983	  231.9415	  8.80368	  229.71065	  230.14493
 3982	  237.46544	 -1.87166	  229.28604	  229.72046
 3984	  237.46544	  8.86475	  229.59517	  230.0295
 3985	  237.46544	 -1.87166	  229.28604	  229.72046
 3986	  240.98151	 -1.83279	  229.21254	  229.64699
 3987	  237.46544	  8.86475	  229.59517	  230.0295
 3987	  237.46544	  8.86475	  229.59517	  230.0295
 3986	  240.98151	 -1.83279	  229.21254	  229.64699
 3988	  240.98151	  8.90361	  229.52167	  229.95602
 3989	  240.98151	 -1.83279	  229.21254	  229.64699
 3990	  246.50543	 -1.77173	  229.09708	  229.53154
 3991	  240.98151	  8.90361	  229.52167	  229.95602
 3991	  240.98151	  8.90361	  229.52167	  229.95602
 3990	  246.50543	 -1.77173	  229.09708	  229.53154
 3992	  246.50543	  8.96468	  229.40619	  229.84058
 3993	  246.50543	 -1.77173	  229.09708	  229.53154
 3994	  250.02151	 -1.73286	  229.02357	  229.45807
 3995	  246.50543	  8.96468	  229.40619	  229.84058
 3995	  246.50543	  8.96468	  229.40619	  229.84058
 3994	  250.02151	 -1.73286	  229.02357	  229.45807
 3996	  250.02151	  9.00354	  229.3327	  229.76709
 3997	  250.02151	 -1.73286	  229.02357	  229.45807
 3998	  255.15536	 -1.67612	  228.91626	  229.35077
 3999	  250.02151	  9.00354	  229.3327	  229.76709
 3999	  250.02151	  9.00354	  229.3327	  229.76709
 3998	  255.15536	 -1.67612	  228.91626	  229.35077
 4000	  255.15536	  9.06029	  229.22537	  229.65981
 4001	  183.22536	 -23.08018	  229.82651	  230.26077
 4002	  183.22534	 -12.34376	  230.13564	  230.56981
 4003	  178.80342	 -23.12907	  229.91895	  230.35318
 4003	  178.80342	 -23.12907	  229.91895	  230.35318
 4002	  183.22534	 -12.34376	  230.13564	  230.56981
 4004	  178.80342	 -12.39264	  230.22807	  230.66222
 4005	  183.22536	 -23.08018	  229.82651	  230.26077
 4006	  186.74144	 -23.04131	  229.75301	  230.18729
 4007	  183.22534	 -12.34376	  230.13564	  230.56981
 4007	  183.22534	 -12.34376	  230.13564	  230.56981
 4006	  186.74144	 -23.04131	  229.75301	  230.18729
 4008	  186.74144	 -12.30489	  230.06213	  230.49632
 4009	  186.74144	 -23.04131	  229.75301	  230.18729
 4010	  192.26537	 -22.98025	  229.63754	  230.07185
 4011	  186.74144	 -12.30489	  230.06213	  230.49632
 4011	  186.74144	 -12.30489	  230.06213	  230.49632
 4010	  192.26537	 -22.98025	  229.63754	  230.07185
 4012	  192.26537	 -12.24382	  229.94667	  230.38089
 4013	  192.26537	 -22.98025	  229.63754	  230.07185
 4014	  195.78146	 -22.94138	  229.56404	  229.99837
 4015	  192.26537	 -12.24382	  229.94667	  230.38089
 4015	  192.26537	 -12.24382	  229.94667	  230.38089
 4014	  195.78146	 -22.94138	  229.56404	  229.99837
 4016	  195.78145	 -12.20496	  229.87317	  230.3074
 4017	  195.78146	 -22.94138	  229.56404	  229.99837
 4018	  201.30537	 -22.88032	  229.44856	  229.88293
 4019	  195.78145	 -12.20496	  229.87317	  230.3074
 4019	  195.78145	 -12.20496	  229.87317	  230.3074
 4018	  201.30537	 -22.88032	  229.44856	  229.88293
 4020	  201.30537	 -12.14389	  229.75769	  230.19197
 4021	  201.30537	 -22.88032	  229.44856	  229.88293
 4022	  204.82146	 -22.84145	  229.37506	  229.80945
 4023	  201.30537	 -12.14389	  229.75769	  230.19197
 4023	  201.30537	 -12.14389	  229.75769	  230.19197
 4022	  204.82146	 -22.84145	  229.37506	  229.80945
 4024	  204.82146	 -12.10503	  229.68419	  230.11848
 4025	  204.82146	 -22.84145	  229.37506	  229.80945
 4026	  210.34541	 -22.78039	  229.2596	  229.69402
 4027	  204.82146	 -12.10503	  229.68419	  230.11848
 4027	  204.82146	 -12.10503	  229.68419	  230.11848
 4026	  210.34541	 -22.78039	  229.2596	  229.69402
 4028	  210.3454	 -12.04396	  229.56871	  230.00305
 4029	  210.34541	 -22.78039	  229.2596	  229.69402
 4030	  213.8615	 -22.74152	  229.1861	  229.62053
 4031	  210.3454	 -12.04396	  229.56871	  230.00305
 4031	  210.3454	 -12.04396	  229.56871	  230.00305
 4030	  213.8615	 -22.74152	  229.1861	  229.62053
 4032	  213.8615	 -12.0051	  229.49521	  229.92957
 4033	  213.8615	 -22.74152	  229.1861	  229.62053
 4034	  219.38539	 -22.68046	  229.07062	  229.5051
 4035	  213.8615	 -12.0051	  229.49521	  229.92957
 4035	  213.8615	 -12.0051	  229.49521	  229.92957
 4034	  219.38539	 -22.68046	  229.07062	  229.5051
 4036	  219.38539	 -11.94403	  229.37975	  229.81413
 4037	  219.38539	 -22.68046	  229.07062	  229.5051
 4038	  222.90149	 -22.64159	  228.99712	  229.43161
 4039	  219.38539	 -11.94403	  229.37975	  229.81413
 4039	  219.38539	 -11.94403	  229.37975	  229.81413
 4038	  222.90149	 -22.64159	  228.99712	  229.43161
 4040	  222.90149	 -11.90516	  229.30624	  229.74065
 4041	  222.90149	 -22.64159	  228.99712	  229.43161
 4042	  228.42542	 -22.58053	  228.88165	  229.31618
 4043	  222.90149	 -11.90516	  229.30624	  229.74065
 4043	  222.90149	 -11.90516	  229.30624	  229.74065
 4042	  228.42542	 -22.58053	  228.88165	  229.31618
 4044	  228.42542	 -11.8441	  229.19077	  229.62521
 4045	  228.42542	 -22.58053	  228.88165	  229.31618
 4046	  231.9415	 -22.54166	  228.80815	  229.24269
 4047	  228.42542	 -11.8441	  229.19077	  229.62521
 4047	  228.42542	 -11.8441	  229.19077	  229.62521
 4046	  231.9415	 -22.54166	  228.80815	  229.24269
 4048	  231.9415	 -11.80523	  229.11726	  229.55173
 4049	  231.9415	 -22.54166	  228.80815	  229.24269
 4050	  237.46544	 -22.48059	  228.69267	  229.12726
 4051	  231.9415	 -11.80523	  229.11726	  229.55173
 4051	  231.9415	 -11.80523	  229.11726	  229.55173
 4050	  237.46544	 -22.48059	  228.69267	  229.12726
 4052	  237.46544	 -11.74416	  229.0018	  229.43629
 4053	  237.46544	 -22.48059	  228.69267	  229.12726
 4054	  240.98151	 -22.44173	  228.61917	  229.05377
 4055	  237.46544	 -11.74416	  229.0018	  229.43629
 4055	  237.46544	 -11.74416	  229.0018	  229.43629
 4054	  240.98151	 -22.44173	  228.61917	  229.05377
 4056	  240.98151	 -11.7053	  228.9283	  229.36281
 4057	  240.98151	 -22.44173	  228.61917	  229.05377
 4058	  246.50543	 -22.38066	  228.50369	  228.93834
 4059	  240.98151	 -11.7053	  228.9283	  229.36281
 4059	  240.98151	 -11.7053	  228.9283	  229.36281
 4058	  246.50543	 -22.38066	  228.50369	  228.93834
 4060	  246.50543	 -11.64423	  228.81282	  229.24738
 4061	  246.50543	 -22.38066	  228.50369	  228.93834
 4062	  250.02151	 -22.3418	  228.43021	  228.86485
 4063	  246.50543	 -11.64423	  228.81282	  229.24738
 4063	  246.50543	 -11.64423	  228.81282	  229.24738
 4062	  250.02151	 -22.3418	  228.43021	  228.86485
 4064	  250.02151	 -11.60537	  228.73932	  229.17389
 4065	  250.02151	 -22.3418	  228.43021	  228.86485
 4066	  255.15536	 -22.28504	  228.32288	  228.75757
 4067	  250.02151	 -11.60537	  228.73932	  229.17389
 4067	  250.02151	 -11.60537	  228.73932	  229.17389
 4066	  255.15536	 -22.28504	  228.32288	  228.75757
 4068	  255.15536	 -11.54861	  228.632	  229.0666
 4069	  213.53075	  92.30917	  230.16913	  230.60329
 4070	  219.05466	  92.37024	  230.05365	  230.48785
 4071	  213.52336	  92.34441	  230.10249	  230.53668
 4071	  213.52336	  92.34441	  230.10249	  230.53668
 4070	  219.05466	  92.37024	  230.05365	  230.48785
 4072	  219.04732	  92.40547	  229.98703	  230.42123
 4073	  116.18399	 -140.66982	  240.89873	  241.32982
 4074	  116.22804	 -120.03453	  241.49191	  241.92285
 4075	  116.20111	 -140.73195	  241.0162	  241.44727
 4075	  116.20111	 -140.73195	  241.0162	  241.44727
 4074	  116.22804	 -120.03453	  241.49191	  241.92285
 4076	  116.24516	 -120.09666	  241.60941	  242.0403
 4077	  114.33231	 -107.24372	  242.10229	  242.53305
 4078	  115.30492	 -110.77276	  248.77606	  249.2049
 4079	  114.30659	 -119.29874	  241.75575	  242.18661
 4079	  114.30659	 -119.29874	  241.75575	  242.18661
 4080	  114.30524	 -106.28796	  241.92851	  242.35931
 4077	  114.33231	 -107.24372	  242.10229	  242.53305
 4080	  114.30524	 -106.28796	  241.92851	  242.35931
 4081	  115.33562	 -110.02667	  248.99876	  249.42755
 4077	  114.33231	 -107.24372	  242.10229	  242.53305
 4077	  114.33231	 -107.24372	  242.10229	  242.53305
 4081	  115.33562	 -110.02667	  248.99876	  249.42755
 4078	  115.30492	 -110.77276	  248.77606	  249.2049
 4082	  114.27588	 -120.04482	  241.53305	  241.96396
 4080	  114.30524	 -106.28796	  241.92851	  242.35931
 4079	  114.30659	 -119.29874	  241.75575	  242.18661
 4081	  115.33562	 -110.02667	  248.99876	  249.42755
 4083	  115.3062	 -123.78353	  248.6033	  249.0322
 4078	  115.30492	 -110.77276	  248.77606	  249.2049
 4084	  115.27914	 -122.82777	  248.42952	  248.85846
 4082	  114.27588	 -120.04482	  241.53305	  241.96396
 4079	  114.30659	 -119.29874	  241.75575	  242.18661
 4083	  115.3062	 -123.78353	  248.6033	  249.0322
 4082	  114.27588	 -120.04482	  241.53305	  241.96396
 4084	  115.27914	 -122.82777	  248.42952	  248.85846
 4079	  114.30659	 -119.29874	  241.75575	  242.18661
 4078	  115.30492	 -110.77276	  248.77606	  249.2049
 4084	  115.27914	 -122.82777	  248.42952	  248.85846
 4078	  115.30492	 -110.77276	  248.77606	  249.2049
 4083	  115.3062	 -123.78353	  248.6033	  249.0322
 4084	  115.27914	 -122.82777	  248.42952	  248.85846
 4085	  116.2574	 -106.27767	  241.88739	  242.31819
 4086	  117.2878	 -110.01638	  248.95763	  249.38643
 4087	  114.30524	 -106.28796	  241.92851	  242.35931
 4087	  114.30524	 -106.28796	  241.92851	  242.35931
 4086	  117.2878	 -110.01638	  248.95763	  249.38643
 4088	  115.33562	 -110.02667	  248.99876	  249.42755
 4089	  117.2878	 -110.01638	  248.95763	  249.38643
 4090	  117.25838	 -123.77324	  248.56216	  248.99107
 4091	  115.33562	 -110.02667	  248.99876	  249.42755
 4091	  115.33562	 -110.02667	  248.99876	  249.42755
 4090	  117.25838	 -123.77324	  248.56216	  248.99107
 4092	  115.3062	 -123.78353	  248.6033	  249.0322
 4093	  117.25838	 -123.77324	  248.56216	  248.99107
 4094	  116.74321	 -121.90388	  245.02704	  245.45695
 4095	  115.3062	 -123.78353	  248.6033	  249.0322
 4095	  115.3062	 -123.78353	  248.6033	  249.0322
 4094	  116.74321	 -121.90388	  245.02704	  245.45695
 4096	  114.27588	 -120.04482	  241.53305	  241.96396
 4094	  116.74321	 -121.90388	  245.02704	  245.45695
 4097	  116.73035	 -121.85715	  244.93866	  245.36861
 4096	  114.27588	 -120.04482	  241.53305	  241.96396
 4097	  116.73035	 -121.85715	  244.93866	  245.36861
 4098	  116.24516	 -120.09666	  241.60941	  242.0403
 4096	  114.27588	 -120.04482	  241.53305	  241.96396
 4099	  116.22804	 -120.03453	  241.49191	  241.92285
 4096	  114.27588	 -120.04482	  241.53305	  241.96396
 4098	  116.24516	 -120.09666	  241.60941	  242.0403
 4100	  116.22804	 -120.03453	  241.49191	  241.92285
 4101	  116.2574	 -106.27767	  241.88739	  242.31819
 4102	  114.27588	 -120.04482	  241.53305	  241.96396
 4102	  114.27588	 -120.04482	  241.53305	  241.96396
 4101	  116.2574	 -106.27767	  241.88739	  242.31819
 4103	  114.30524	 -106.28796	  241.92851	  242.35931
 4104	  110.96288	 -120.37955	  241.59372	  242.02463
 4105	  111.98198	 -124.11838	  248.66422	  249.09308
 4106	  110.96288	 -123.74004	  241.49696	  241.92789
 4106	  110.96288	 -123.74004	  241.49696	  241.92789
 4105	  111.98198	 -124.11838	  248.66422	  249.09308
 4107	  111.98198	 -127.47887	  248.56746	  248.99635
 4108	  116.2574	 -120.31756	  241.48315	  241.91408
 4109	  117.2878	 -124.05627	  248.55339	  248.9823
 4110	  110.96288	 -120.37955	  241.59372	  242.02463
 4110	  110.96288	 -120.37955	  241.59372	  242.02463
 4109	  117.2878	 -124.05627	  248.55339	  248.9823
 4111	  111.98198	 -124.11838	  248.66422	  249.09308
 4112	  117.2878	 -124.05627	  248.55339	  248.9823
 4113	  117.25839	 -127.41707	  248.45726	  248.88618
 4114	  111.98198	 -124.11838	  248.66422	  249.09308
 4114	  111.98198	 -124.11838	  248.66422	  249.09308
 4113	  117.25839	 -127.41707	  248.45726	  248.88618
 4115	  111.98198	 -127.47887	  248.56746	  248.99635
 4116	  117.25839	 -127.41707	  248.45726	  248.88618
 4117	  116.22804	 -123.67836	  241.38701	  241.81796
 4118	  111.98198	 -127.47887	  248.56746	  248.99635
 4118	  111.98198	 -127.47887	  248.56746	  248.99635
 4117	  116.22804	 -123.67836	  241.38701	  241.81796
 4119	  110.96288	 -123.74004	  241.49696	  241.92789
 4120	  116.2574	 -120.31756	  241.48315	  241.91408
 4121	  110.96288	 -120.37955	  241.59372	  242.02463
 4122	  116.22804	 -123.67836	  241.38701	  241.81796
 4122	  116.22804	 -123.67836	  241.38701	  241.81796
 4121	  110.96288	 -120.37955	  241.59372	  242.02463
 4123	  110.96288	 -123.74004	  241.49696	  241.92789
 4124	  117.21426	 -144.40852	  247.96896	  248.39804
 4125	  117.22809	 -137.93648	  248.15503	  248.58405
 4126	  117.97424	 -144.40012	  247.95308	  248.38217
 4126	  117.97424	 -144.40012	  247.95308	  248.38217
 4125	  117.22809	 -137.93648	  248.15503	  248.58405
 4127	  118.01836	 -123.76483	  248.54628	  248.97519
 4125	  117.22809	 -137.93648	  248.15503	  248.58405
 4128	  117.22858	 -137.71114	  248.1615	  248.59052
 4127	  118.01836	 -123.76483	  248.54628	  248.97519
 4128	  117.22858	 -137.71114	  248.1615	  248.59052
 4129	  117.25838	 -123.77324	  248.56216	  248.99107
 4127	  118.01836	 -123.76483	  248.54628	  248.97519
 4130	  117.25838	 -123.77324	  248.56216	  248.99107
 4131	  117.2878	 -110.01638	  248.95763	  249.38643
 4132	  118.01836	 -123.76483	  248.54628	  248.97519
 4132	  118.01836	 -123.76483	  248.54628	  248.97519
 4131	  117.2878	 -110.01638	  248.95763	  249.38643
 4133	  118.04776	 -110.00797	  248.94174	  249.37054
 4134	  117.25838	 -123.77324	  248.56216	  248.99107
 4135	  117.22858	 -137.71114	  248.1615	  248.59052
 4136	  116.74321	 -121.90388	  245.02704	  245.45695
 4136	  116.74321	 -121.90388	  245.02704	  245.45695
 4135	  117.22858	 -137.71114	  248.1615	  248.59052
 4137	  116.71344	 -135.84178	  244.62637	  245.0564
 4138	  117.21426	 -144.40852	  247.96896	  248.39804
 4139	  116.69914	 -142.53917	  244.43384	  244.86392
 4140	  117.22809	 -137.93648	  248.15503	  248.58405
 4140	  117.22809	 -137.93648	  248.15503	  248.58405
 4139	  116.69914	 -142.53917	  244.43384	  244.86392
 4141	  116.71297	 -136.06711	  244.61989	  245.04993
 4142	  116.74321	 -121.90388	  245.02704	  245.45695
 4143	  116.71344	 -135.84178	  244.62637	  245.0564
 4144	  116.73035	 -121.85715	  244.93866	  245.36861
 4143	  116.71344	 -135.84178	  244.62637	  245.0564
 4145	  116.71297	 -136.06711	  244.61989	  245.04993
 4144	  116.73035	 -121.85715	  244.93866	  245.36861
 4146	  116.68625	 -142.49243	  244.34546	  244.77557
 4144	  116.73035	 -121.85715	  244.93866	  245.36861
 4145	  116.71297	 -136.06711	  244.61989	  245.04993
 4147	  116.69914	 -142.53917	  244.43384	  244.86392
 4146	  116.68625	 -142.49243	  244.34546	  244.77557
 4145	  116.71297	 -136.06711	  244.61989	  245.04993
 4148	  116.73035	 -121.85715	  244.93866	  245.36861
 4149	  116.68625	 -142.49243	  244.34546	  244.77557
 4150	  116.24516	 -120.09666	  241.60941	  242.0403
 4150	  116.24516	 -120.09666	  241.60941	  242.0403
 4149	  116.68625	 -142.49243	  244.34546	  244.77557
 4151	  116.20111	 -140.73195	  241.0162	  241.44727
 4152	  117.22809	 -137.93648	  248.15503	  248.58405
 4153	  116.71297	 -136.06711	  244.61989	  245.04993
 4154	  117.22858	 -137.71114	  248.1615	  248.59052
 4154	  117.22858	 -137.71114	  248.1615	  248.59052
 4153	  116.71297	 -136.06711	  244.61989	  245.04993
 4155	  116.71344	 -135.84178	  244.62637	  245.0564
 4156	  176.79959	 -116.5785	  224.01788	  224.4538
 4157	  176.80594	 -116.45843	  223.99916	  224.43509
 4158	  176.74277	 -116.46809	  224.01791	  224.45384
 4159	  186.31712	 -116.3614	  223.81619	  224.25217
 4160	  186.24933	 -116.35309	  223.79997	  224.23595
 4161	  186.26151	 -116.47295	  223.8183	  224.25427
 4162	  186.31628	 -113.62701	  223.88919	  224.32515
 4163	  189.74498	 -115.29595	  227.02159	  227.45665
 4164	  186.33536	 -113.50139	  223.93575	  224.37169
 4164	  186.33536	 -113.50139	  223.93575	  224.37169
 4163	  189.74498	 -115.29595	  227.02159	  227.45665
 4165	  189.71852	 -115.14959	  227.02589	  227.46095
 4166	  186.25618	 -113.50826	  223.89276	  224.32872
 4167	  186.33536	 -113.50139	  223.93575	  224.37169
 4168	  186.79417	 -107.95981	  227.30391	  227.73889
 4168	  186.79417	 -107.95981	  227.30391	  227.73889
 4167	  186.33536	 -113.50139	  223.93575	  224.37169
 4169	  186.86595	 -108.03079	  227.29921	  227.73419
 4170	  176.73332	 -113.60847	  224.13791	  224.57381
 4171	  176.74199	 -113.73372	  224.09091	  224.52681
 4172	  176.80177	 -113.61374	  224.09218	  224.52808
 4172	  176.80177	 -113.61374	  224.09218	  224.52808
 4171	  176.74199	 -113.73372	  224.09091	  224.52681
 4173	  176.80513	 -113.73476	  224.0719	  224.5078
 4174	  176.80513	 -113.73476	  224.0719	  224.5078
 4175	  186.24852	 -113.62943	  223.87271	  224.30867
 4176	  176.80177	 -113.61374	  224.09218	  224.52808
 4176	  176.80177	 -113.61374	  224.09218	  224.52808
 4175	  186.24852	 -113.62943	  223.87271	  224.30867
 4177	  186.25618	 -113.50826	  223.89276	  224.32872
 4178	  176.98315	 -108.14021	  227.5078	  227.94272
 4179	  176.73332	 -113.60847	  224.13791	  224.57381
 4180	  177.05513	 -108.06847	  227.50934	  227.94426
 4180	  177.05513	 -108.06847	  227.50934	  227.94426
 4179	  176.73332	 -113.60847	  224.13791	  224.57381
 4181	  176.80177	 -113.61374	  224.09218	  224.52808
 4182	  186.33536	 -113.50139	  223.93575	  224.37169
 4183	  186.25618	 -113.50826	  223.89276	  224.32872
 4184	  186.31628	 -113.62701	  223.88919	  224.32515
 4184	  186.31628	 -113.62701	  223.88919	  224.32515
 4183	  186.25618	 -113.50826	  223.89276	  224.32872
 4185	  186.24852	 -113.62943	  223.87271	  224.30867
 4186	  186.24933	 -116.35309	  223.79997	  224.23595
 4187	  176.80594	 -116.45843	  223.99916	  224.43509
 4188	  186.26151	 -116.47295	  223.8183	  224.25427
 4188	  186.26151	 -116.47295	  223.8183	  224.25427
 4187	  176.80594	 -116.45843	  223.99916	  224.43509
 4189	  176.79959	 -116.5785	  224.01788	  224.4538
 4190	  174.06725	 -118.20564	  227.27972	  227.71471
 4191	  174.12613	 -118.31268	  227.27353	  227.70853
 4192	  176.74277	 -116.46809	  224.01791	  224.45384
 4192	  176.74277	 -116.46809	  224.01791	  224.45384
 4191	  174.12613	 -118.31268	  227.27353	  227.70853
 4193	  176.79959	 -116.5785	  224.01788	  224.4538
 4194	  176.80594	 -116.45843	  223.99916	  224.43509
 4195	  176.80513	 -113.73476	  224.0719	  224.5078
 4196	  176.74277	 -116.46809	  224.01791	  224.45384
 4196	  176.74277	 -116.46809	  224.01791	  224.45384
 4195	  176.80513	 -113.73476	  224.0719	  224.5078
 4197	  176.74199	 -113.73372	  224.09091	  224.52681
 4198	  174.09305	 -115.32423	  227.35591	  227.79088
 4199	  174.06644	 -115.47112	  227.35277	  227.78773
 4200	  176.73332	 -113.60847	  224.13791	  224.57381
 4200	  176.73332	 -113.60847	  224.13791	  224.57381
 4199	  174.06644	 -115.47112	  227.35277	  227.78773
 4201	  176.74199	 -113.73372	  224.09091	  224.52681
 4202	  174.09305	 -115.32423	  227.35591	  227.79088
 4203	  176.73332	 -113.60847	  224.13791	  224.57381
 4204	  176.98315	 -108.14021	  227.5078	  227.94272
 4205	  186.24933	 -116.35309	  223.79997	  224.23595
 4206	  186.24852	 -113.62943	  223.87271	  224.30867
 4207	  176.80594	 -116.45843	  223.99916	  224.43509
 4207	  176.80594	 -116.45843	  223.99916	  224.43509
 4206	  186.24852	 -113.62943	  223.87271	  224.30867
 4208	  176.80513	 -113.73476	  224.0719	  224.5078
 4209	  176.74199	 -113.73372	  224.09091	  224.52681
 4210	  174.06644	 -115.47112	  227.35277	  227.78773
 4211	  176.74277	 -116.46809	  224.01791	  224.45384
 4211	  176.74277	 -116.46809	  224.01791	  224.45384
 4210	  174.06644	 -115.47112	  227.35277	  227.78773
 4212	  174.06725	 -118.20564	  227.27972	  227.71471
 4213	  186.24933	 -116.35309	  223.79997	  224.23595
 4214	  186.31712	 -116.3614	  223.81619	  224.25217
 4215	  186.24852	 -113.62943	  223.87271	  224.30867
 4215	  186.24852	 -113.62943	  223.87271	  224.30867
 4214	  186.31712	 -116.3614	  223.81619	  224.25217
 4216	  186.31628	 -113.62701	  223.88919	  224.32515
 4217	  186.26151	 -116.47295	  223.8183	  224.25427
 4218	  189.68686	 -118.13894	  226.94499	  227.38007
 4219	  186.31712	 -116.3614	  223.81619	  224.25217
 4219	  186.31712	 -116.3614	  223.81619	  224.25217
 4218	  189.68686	 -118.13894	  226.94499	  227.38007
 4220	  189.74576	 -118.03049	  226.94853	  227.38362
 4221	  174.50577	 -115.40955	  227.17592	  227.61093
 4222	  189.37532	 -115.24355	  226.862	  227.2971
 4223	  177.06456	 -113.7668	  224.09315	  224.52905
 4223	  177.06456	 -113.7668	  224.09315	  224.52905
 4222	  189.37532	 -115.24355	  226.862	  227.2971
 4224	  186.10616	 -113.66595	  223.90247	  224.33841
 4225	  189.74576	 -118.03049	  226.94853	  227.38362
 4226	  189.74498	 -115.29595	  227.02159	  227.45665
 4227	  186.31712	 -116.3614	  223.81619	  224.25217
 4227	  186.31712	 -116.3614	  223.81619	  224.25217
 4226	  189.74498	 -115.29595	  227.02159	  227.45665
 4228	  186.31628	 -113.62701	  223.88919	  224.32515
 4229	  186.25618	 -113.50826	  223.89276	  224.32872
 4230	  186.79417	 -107.95981	  227.30391	  227.73889
 4231	  176.80177	 -113.61374	  224.09218	  224.52808
 4231	  176.80177	 -113.61374	  224.09218	  224.52808
 4230	  186.79417	 -107.95981	  227.30391	  227.73889
 4232	  177.05513	 -108.06847	  227.50934	  227.94426
 4233	  186.33536	 -113.50139	  223.93575	  224.37169
 4234	  189.71852	 -115.14959	  227.02589	  227.46095
 4235	  186.86595	 -108.03079	  227.29921	  227.73419
 4236	  199.15962	 -132.96307	  226.3246	  226.75986
 4237	  199.15962	 -118.08191	  226.75305	  227.18819
 4238	  199.20982	 -133.14723	  226.67287	  227.10803
 4238	  199.20982	 -133.14723	  226.67287	  227.10803
 4237	  199.15962	 -118.08191	  226.75305	  227.18819
 4239	  199.20982	 -118.26608	  227.10133	  227.53636
 4240	  114.3257	  52.66182	  232.90327	  233.33665
 4241	  114.12874	  52.66011	  232.90541	  233.33879
 4242	  114.325	 -51.37695	  229.90895	  230.34319
 4242	  114.325	 -51.37695	  229.90895	  230.34319
 4241	  114.12874	  52.66011	  232.90541	  233.33879
 4243	  114.12823	 -51.3783	  229.91101	  230.34525
 4244	  114.12309	  52.69745	  232.83034	  233.26375
 4245	  114.12239	 -51.34069	  229.83603	  230.27028
 4246	  114.12874	  52.66011	  232.90541	  233.33879
 4246	  114.12874	  52.66011	  232.90541	  233.33879
 4245	  114.12239	 -51.34069	  229.83603	  230.27028
 4247	  114.12823	 -51.3783	  229.91101	  230.34525
 4248	  114.3257	  52.66182	  232.90327	  233.33665
 4249	  114.325	 -51.37695	  229.90895	  230.34319
 4250	  114.32007	  52.69913	  232.82822	  233.26161
 4250	  114.32007	  52.69913	  232.82822	  233.26161
 4249	  114.325	 -51.37695	  229.90895	  230.34319
 4251	  114.31915	 -51.33933	  229.83395	  230.26822
 4252	  114.12309	  52.69745	  232.83034	  233.26375
 4253	  114.32007	  52.69913	  232.82822	  233.26161
 4254	  114.12239	 -51.34069	  229.83603	  230.27028
 4254	  114.12239	 -51.34069	  229.83603	  230.27028
 4253	  114.32007	  52.69913	  232.82822	  233.26161
 4255	  114.31915	 -51.33933	  229.83395	  230.26822
 4256	  145.96729	  53.01794	  232.22986	  232.66342
 4257	  145.77032	  53.01624	  232.23199	  232.66556
 4258	  145.96657	 -51.02084	  229.23552	  229.66995
 4258	  145.96657	 -51.02084	  229.23552	  229.66995
 4257	  145.77032	  53.01624	  232.23199	  232.66556
 4259	  145.76981	 -51.02219	  229.23758	  229.67201
 4260	  145.76468	  53.05356	  232.15692	  232.59052
 4261	  145.76396	 -50.98457	  229.1626	  229.59705
 4262	  145.77032	  53.01624	  232.23199	  232.66556
 4262	  145.77032	  53.01624	  232.23199	  232.66556
 4261	  145.76396	 -50.98457	  229.1626	  229.59705
 4263	  145.76981	 -51.02219	  229.23758	  229.67201
 4264	  145.96729	  53.01794	  232.22986	  232.66342
 4265	  145.96657	 -51.02084	  229.23552	  229.66995
 4266	  145.96164	  53.05524	  232.15479	  232.58838
 4266	  145.96164	  53.05524	  232.15479	  232.58838
 4265	  145.96657	 -51.02084	  229.23552	  229.66995
 4267	  145.96072	 -50.98322	  229.16054	  229.59499
 4268	  145.76468	  53.05356	  232.15692	  232.59052
 4269	  145.96164	  53.05524	  232.15479	  232.58838
 4270	  145.76396	 -50.98457	  229.1626	  229.59705
 4270	  145.76396	 -50.98457	  229.1626	  229.59705
 4269	  145.96164	  53.05524	  232.15479	  232.58838
 4271	  145.96072	 -50.98322	  229.16054	  229.59499
 4272	  113.92786	  52.99847	  233.00117	  233.43452
 4273	  113.92331	  52.42554	  232.98491	  233.41826
 4274	  112.13544	  42.71747	  252.43921	  252.867
 4274	  112.13544	  42.71747	  252.43921	  252.867
 4273	  113.92331	  52.42554	  232.98491	  233.41826
 4275	  112.13127	  42.14516	  252.4229	  252.85069
 4276	  112.13544	  42.71747	  252.43921	  252.867
 4277	  112.13127	  42.14516	  252.4229	  252.85069
 4278	  112.50749	  42.71405	  252.43115	  252.85895
 4278	  112.50749	  42.71405	  252.43115	  252.85895
 4277	  112.13127	  42.14516	  252.4229	  252.85069
 4279	  112.50331	  42.14168	  252.41484	  252.84265
 4280	  113.92331	  52.42554	  232.98491	  233.41826
 4281	  113.92786	  52.99847	  233.00117	  233.43452
 4282	  114.29573	  52.42264	  232.97693	  233.41029
 4282	  114.29573	  52.42264	  232.97693	  233.41029
 4281	  113.92786	  52.99847	  233.00117	  233.43452
 4283	  114.30029	  52.99559	  232.99319	  233.42654
 4284	  114.29573	  52.42264	  232.97693	  233.41029
 4285	  112.50331	  42.14168	  252.41484	  252.84265
 4286	  113.92331	  52.42554	  232.98491	  233.41826
 4286	  113.92331	  52.42554	  232.98491	  233.41826
 4285	  112.50331	  42.14168	  252.41484	  252.84265
 4287	  112.13127	  42.14516	  252.4229	  252.85069
 4288	  112.13544	  42.71747	  252.43921	  252.867
 4289	  112.50749	  42.71405	  252.43115	  252.85895
 4290	  113.92786	  52.99847	  233.00117	  233.43452
 4290	  113.92786	  52.99847	  233.00117	  233.43452
 4289	  112.50749	  42.71405	  252.43115	  252.85895
 4291	  114.30029	  52.99559	  232.99319	  233.42654
 4292	  114.29573	  52.42264	  232.97693	  233.41029
 4293	  114.30029	  52.99559	  232.99319	  233.42654
 4294	  112.50331	  42.14168	  252.41484	  252.84265
 4294	  112.50331	  42.14168	  252.41484	  252.84265
 4293	  114.30029	  52.99559	  232.99319	  233.42654
 4295	  112.50749	  42.71405	  252.43115	  252.85895
 4296	  114.00525	  53.01411	  232.9716	  233.40497
 4297	  114.00583	  52.44035	  232.95685	  233.39021
 4298	  146.01823	  53.38422	  232.2674	  232.70096
 4298	  146.01823	  53.38422	  232.2674	  232.70096
 4297	  114.00583	  52.44035	  232.95685	  233.39021
 4299	  146.01868	  52.81116	  232.2525	  232.68607
 4300	  146.01823	  53.38422	  232.2674	  232.70096
 4301	  146.01868	  52.81116	  232.2525	  232.68607
 4302	  145.99765	  53.45158	  232.12549	  232.55908
 4302	  145.99765	  53.45158	  232.12549	  232.55908
 4301	  146.01868	  52.81116	  232.2525	  232.68607
 4303	  145.99809	  52.87846	  232.1106	  232.5442
 4304	  114.00583	  52.44035	  232.95685	  233.39021
 4305	  114.00525	  53.01411	  232.9716	  233.40497
 4306	  113.98544	  52.50836	  232.81482	  233.24821
 4306	  113.98544	  52.50836	  232.81482	  233.24821
 4305	  114.00525	  53.01411	  232.9716	  233.40497
 4307	  113.98482	  53.08211	  232.82957	  233.26297
 4308	  113.98544	  52.50836	  232.81482	  233.24821
 4309	  145.99809	  52.87846	  232.1106	  232.5442
 4310	  114.00583	  52.44035	  232.95685	  233.39021
 4310	  114.00583	  52.44035	  232.95685	  233.39021
 4309	  145.99809	  52.87846	  232.1106	  232.5442
 4311	  146.01868	  52.81116	  232.2525	  232.68607
 4312	  114.00525	  53.01411	  232.9716	  233.40497
 4313	  146.01823	  53.38422	  232.2674	  232.70096
 4314	  113.98482	  53.08211	  232.82957	  233.26297
 4314	  113.98482	  53.08211	  232.82957	  233.26297
 4313	  146.01823	  53.38422	  232.2674	  232.70096
 4315	  145.99765	  53.45158	  232.12549	  232.55908
 4316	  113.98544	  52.50836	  232.81482	  233.24821
 4317	  113.98482	  53.08211	  232.82957	  233.26297
 4318	  145.99809	  52.87846	  232.1106	  232.5442
 4318	  145.99809	  52.87846	  232.1106	  232.5442
 4317	  113.98482	  53.08211	  232.82957	  233.26297
 4319	  145.99765	  53.45158	  232.12549	  232.55908
 4320	  203.6284	 -102.90892	  226.49219	  226.9274
 4321	  203.59135	 -102.76949	  226.23834	  226.67363
 4322	  219.33749	 -102.7332	  226.15988	  226.59518
 4322	  219.33749	 -102.7332	  226.15988	  226.59518
 4321	  203.59135	 -102.76949	  226.23834	  226.67363
 4323	  219.32057	 -102.59354	  225.90561	  226.34099
 4324	  223.03081	 -102.55203	  225.82712	  226.26253
 4325	  223.04291	 -110.89996	  225.57707	  226.01254
 4326	  233.41031	 -102.43593	  225.60756	  226.04301
 4326	  233.41031	 -102.43593	  225.60756	  226.04301
 4325	  223.04291	 -110.89996	  225.57707	  226.01254
 4327	  233.42207	 -110.78398	  225.35776	  225.79329
 4328	  203.59135	 -102.76949	  226.23834	  226.67363
 4329	  203.60381	 -111.11716	  225.98782	  226.42319
 4330	  219.32057	 -102.59354	  225.90561	  226.34099
 4330	  219.32057	 -102.59354	  225.90561	  226.34099
 4329	  203.60381	 -111.11716	  225.98782	  226.42319
 4331	  219.33273	 -110.94141	  225.65547	  226.09093
 4332	  254.64261	 -102.33826	  225.41302	  225.84854
 4333	  253.00706	 -102.35655	  225.44763	  225.88313
 4334	  254.60555	 -102.19882	  225.15919	  225.59479
 4334	  254.60555	 -102.19882	  225.15919	  225.59479
 4333	  253.00706	 -102.35655	  225.44763	  225.88313
 4335	  252.97095	 -102.21711	  225.19377	  225.62935
 4336	  203.6284	 -102.90892	  226.49219	  226.9274
 4337	  201.87852	 -102.60188	  225.93452	  226.36989
 4338	  203.59135	 -102.76949	  226.23834	  226.67363
 4338	  203.59135	 -102.76949	  226.23834	  226.67363
 4337	  201.87852	 -102.60188	  225.93452	  226.36989
 4339	  201.84146	 -102.46245	  225.68068	  226.11612
 4340	  201.87852	 -102.60188	  225.93452	  226.36989
 4341	  200.06177	 -102.35098	  225.47913	  225.91463
 4342	  201.84146	 -102.46245	  225.68068	  226.11612
 4342	  201.84146	 -102.46245	  225.68068	  226.11612
 4341	  200.06177	 -102.35098	  225.47913	  225.91463
 4343	  200.02472	 -102.21153	  225.22528	  225.66086
 4344	  200.06177	 -102.35098	  225.47913	  225.91463
 4345	  198.11298	 -102.21199	  225.2276	  225.66318
 4346	  200.02472	 -102.21153	  225.22528	  225.66086
 4346	  200.02472	 -102.21153	  225.22528	  225.66086
 4345	  198.11298	 -102.21199	  225.2276	  225.66318
 4347	  198.07594	 -102.07256	  224.97375	  225.40941
 4348	  198.11298	 -102.21199	  225.2276	  225.66318
 4349	  196.0683	 -102.21904	  225.24207	  225.67763
 4350	  198.07594	 -102.07256	  224.97375	  225.40941
 4350	  198.07594	 -102.07256	  224.97375	  225.40941
 4349	  196.0683	 -102.21904	  225.24207	  225.67763
 4351	  196.03128	 -102.07961	  224.98822	  225.42387
 4352	  194.12091	 -102.37273	  225.52341	  225.95889
 4353	  194.08389	 -102.23329	  225.26956	  225.70512
 4354	  196.0683	 -102.21904	  225.24207	  225.67763
 4354	  196.0683	 -102.21904	  225.24207	  225.67763
 4353	  194.08389	 -102.23329	  225.26956	  225.70512
 4355	  196.03128	 -102.07961	  224.98822	  225.42387
 4356	  192.46039	 -102.66817	  226.06264	  226.49797
 4357	  192.42334	 -102.52874	  225.80881	  226.2442
 4358	  194.12091	 -102.37273	  225.52341	  225.95889
 4358	  194.12091	 -102.37273	  225.52341	  225.95889
 4357	  192.42334	 -102.52874	  225.80881	  226.2442
 4359	  194.08389	 -102.23329	  225.26956	  225.70512
 4360	  191.07738	 -103.07095	  226.79709	  227.23221
 4361	  191.04033	 -102.93152	  226.54324	  226.97844
 4362	  192.46039	 -102.66817	  226.06264	  226.49797
 4362	  192.46039	 -102.66817	  226.06264	  226.49797
 4361	  191.04033	 -102.93152	  226.54324	  226.97844
 4363	  192.42334	 -102.52874	  225.80881	  226.2442
 4364	  190.22856	 -103.40334	  227.40294	  227.83789
 4365	  189.7971	 -103.38814	  227.37558	  227.81055
 4366	  191.07738	 -103.07095	  226.79709	  227.23221
 4366	  191.07738	 -103.07095	  226.79709	  227.23221
 4365	  189.7971	 -103.38814	  227.37558	  227.81055
 4367	  191.04033	 -102.93152	  226.54324	  226.97844
 4368	  190.25447	 -111.74702	  227.14513	  227.58014
 4369	  189.82301	 -111.73182	  227.11777	  227.5528
 4370	  190.22856	 -103.40334	  227.40294	  227.83789
 4370	  190.22856	 -103.40334	  227.40294	  227.83789
 4369	  189.82301	 -111.73182	  227.11777	  227.5528
 4371	  189.7971	 -103.38814	  227.37558	  227.81055
 4372	  190.25447	 -111.74702	  227.14513	  227.58014
 4373	  191.08914	 -111.41993	  226.5489	  226.9841
 4374	  189.82301	 -111.73182	  227.11777	  227.5528
 4374	  189.82301	 -111.73182	  227.11777	  227.5528
 4373	  191.08914	 -111.41993	  226.5489	  226.9841
 4375	  191.05209	 -111.28049	  226.29507	  226.73033
 4376	  191.08914	 -111.41993	  226.5489	  226.9841
 4377	  192.47192	 -111.01693	  225.81407	  226.24948
 4378	  191.05209	 -111.28049	  226.29507	  226.73033
 4378	  191.05209	 -111.28049	  226.29507	  226.73033
 4377	  192.47192	 -111.01693	  225.81407	  226.24948
 4379	  192.43489	 -110.87749	  225.56023	  225.99571
 4380	  192.47192	 -111.01693	  225.81407	  226.24948
 4381	  194.13206	 -110.72119	  225.27431	  225.70987
 4382	  192.43489	 -110.87749	  225.56023	  225.99571
 4382	  192.43489	 -110.87749	  225.56023	  225.99571
 4381	  194.13206	 -110.72119	  225.27431	  225.70987
 4383	  194.09502	 -110.58176	  225.02048	  225.4561
 4384	  194.13206	 -110.72119	  225.27431	  225.70987
 4385	  196.07933	 -110.56723	  224.99248	  225.42812
 4386	  194.09502	 -110.58176	  225.02048	  225.4561
 4386	  194.09502	 -110.58176	  225.02048	  225.4561
 4385	  196.07933	 -110.56723	  224.99248	  225.42812
 4387	  196.04228	 -110.4278	  224.73863	  225.17435
 4388	  198.12431	 -110.55994	  224.97757	  225.41321
 4389	  198.08725	 -110.4205	  224.72372	  225.15944
 4390	  196.07933	 -110.56723	  224.99248	  225.42812
 4390	  196.07933	 -110.56723	  224.99248	  225.42812
 4389	  198.08725	 -110.4205	  224.72372	  225.15944
 4391	  196.04228	 -110.4278	  224.73863	  225.17435
 4392	  200.07356	 -110.69873	  225.22874	  225.66432
 4393	  200.0365	 -110.5593	  224.97491	  225.41055
 4394	  198.12431	 -110.55994	  224.97757	  225.41321
 4394	  198.12431	 -110.55994	  224.97757	  225.41321
 4393	  200.0365	 -110.5593	  224.97491	  225.41055
 4395	  198.08725	 -110.4205	  224.72372	  225.15944
 4396	  201.89069	 -110.94955	  225.68399	  226.11945
 4397	  201.85364	 -110.81012	  225.43016	  225.86568
 4398	  200.07356	 -110.69873	  225.22874	  225.66432
 4398	  200.07356	 -110.69873	  225.22874	  225.66432
 4397	  201.85364	 -110.81012	  225.43016	  225.86568
 4399	  200.0365	 -110.5593	  224.97491	  225.41055
 4400	  203.64085	 -111.2566	  226.24167	  226.67696
 4401	  203.60381	 -111.11716	  225.98782	  226.42319
 4402	  201.89069	 -110.94955	  225.68399	  226.11945
 4402	  201.89069	 -110.94955	  225.68399	  226.11945
 4401	  203.60381	 -111.11716	  225.98782	  226.42319
 4403	  201.85364	 -110.81012	  225.43016	  225.86568
 4404	  254.66887	 -110.68642	  225.16342	  225.59901
 4405	  254.63181	 -110.54698	  224.90958	  225.34525
 4406	  203.64085	 -111.2566	  226.24167	  226.67696
 4405	  254.63181	 -110.54698	  224.90958	  225.34525
 4407	  252.99611	 -110.56526	  224.94414	  225.37981
 4406	  203.64085	 -111.2566	  226.24167	  226.67696
 4407	  252.99611	 -110.56526	  224.94414	  225.37981
 4408	  234.89238	 -110.76755	  225.32669	  225.76224
 4406	  203.64085	 -111.2566	  226.24167	  226.67696
 4408	  234.89238	 -110.76755	  225.32669	  225.76224
 4409	  233.42207	 -110.78398	  225.35776	  225.79329
 4406	  203.64085	 -111.2566	  226.24167	  226.67696
 4409	  233.42207	 -110.78398	  225.35776	  225.79329
 4410	  223.04291	 -110.89996	  225.57707	  226.01254
 4406	  203.64085	 -111.2566	  226.24167	  226.67696
 4410	  223.04291	 -110.89996	  225.57707	  226.01254
 4411	  222.30576	 -110.9082	  225.59265	  226.02812
 4406	  203.64085	 -111.2566	  226.24167	  226.67696
 4411	  222.30576	 -110.9082	  225.59265	  226.02812
 4412	  221.55209	 -110.91661	  225.60857	  226.04404
 4406	  203.64085	 -111.2566	  226.24167	  226.67696
 4412	  221.55209	 -110.91661	  225.60857	  226.04404
 4413	  219.33273	 -110.94141	  225.65547	  226.09093
 4406	  203.64085	 -111.2566	  226.24167	  226.67696
 4406	  203.64085	 -111.2566	  226.24167	  226.67696
 4413	  219.33273	 -110.94141	  225.65547	  226.09093
 4414	  203.60381	 -111.11716	  225.98782	  226.42319
 4415	  254.66887	 -110.68642	  225.16342	  225.59901
 4416	  254.64261	 -102.33826	  225.41302	  225.84854
 4417	  254.63181	 -110.54698	  224.90958	  225.34525
 4417	  254.63181	 -110.54698	  224.90958	  225.34525
 4416	  254.64261	 -102.33826	  225.41302	  225.84854
 4418	  254.60555	 -102.19882	  225.15919	  225.59479
 4419	  200.02472	 -102.21153	  225.22528	  225.66086
 4420	  200.0365	 -110.5593	  224.97491	  225.41055
 4421	  201.84146	 -102.46245	  225.68068	  226.11612
 4421	  201.84146	 -102.46245	  225.68068	  226.11612
 4420	  200.0365	 -110.5593	  224.97491	  225.41055
 4422	  201.85364	 -110.81012	  225.43016	  225.86568
 4423	  198.07594	 -102.07256	  224.97375	  225.40941
 4424	  198.08725	 -110.4205	  224.72372	  225.15944
 4425	  200.02472	 -102.21153	  225.22528	  225.66086
 4425	  200.02472	 -102.21153	  225.22528	  225.66086
 4424	  198.08725	 -110.4205	  224.72372	  225.15944
 4426	  200.0365	 -110.5593	  224.97491	  225.41055
 4427	  196.03128	 -102.07961	  224.98822	  225.42387
 4428	  196.04228	 -110.4278	  224.73863	  225.17435
 4429	  198.07594	 -102.07256	  224.97375	  225.40941
 4429	  198.07594	 -102.07256	  224.97375	  225.40941
 4428	  196.04228	 -110.4278	  224.73863	  225.17435
 4430	  198.08725	 -110.4205	  224.72372	  225.15944
 4431	  194.08389	 -102.23329	  225.26956	  225.70512
 4432	  194.09502	 -110.58176	  225.02048	  225.4561
 4433	  196.03128	 -102.07961	  224.98822	  225.42387
 4433	  196.03128	 -102.07961	  224.98822	  225.42387
 4432	  194.09502	 -110.58176	  225.02048	  225.4561
 4434	  196.04228	 -110.4278	  224.73863	  225.17435
 4435	  192.42334	 -102.52874	  225.80881	  226.2442
 4436	  192.43489	 -110.87749	  225.56023	  225.99571
 4437	  194.08389	 -102.23329	  225.26956	  225.70512
 4437	  194.08389	 -102.23329	  225.26956	  225.70512
 4436	  192.43489	 -110.87749	  225.56023	  225.99571
 4438	  194.09502	 -110.58176	  225.02048	  225.4561
 4439	  191.04033	 -102.93152	  226.54324	  226.97844
 4440	  191.05209	 -111.28049	  226.29507	  226.73033
 4441	  192.42334	 -102.52874	  225.80881	  226.2442
 4441	  192.42334	 -102.52874	  225.80881	  226.2442
 4440	  191.05209	 -111.28049	  226.29507	  226.73033
 4442	  192.43489	 -110.87749	  225.56023	  225.99571
 4443	  203.60381	 -111.11716	  225.98782	  226.42319
 4444	  203.59135	 -102.76949	  226.23834	  226.67363
 4445	  201.85364	 -110.81012	  225.43016	  225.86568
 4445	  201.85364	 -110.81012	  225.43016	  225.86568
 4444	  203.59135	 -102.76949	  226.23834	  226.67363
 4446	  201.84146	 -102.46245	  225.68068	  226.11612
 4447	  189.7971	 -103.38814	  227.37558	  227.81055
 4448	  189.82301	 -111.73182	  227.11777	  227.5528
 4449	  191.04033	 -102.93152	  226.54324	  226.97844
 4449	  191.04033	 -102.93152	  226.54324	  226.97844
 4448	  189.82301	 -111.73182	  227.11777	  227.5528
 4450	  191.05209	 -111.28049	  226.29507	  226.73033
 4451	  252.97095	 -102.21711	  225.19377	  225.62935
 4452	  252.99611	 -110.56526	  224.94414	  225.37981
 4453	  254.60555	 -102.19882	  225.15919	  225.59479
 4453	  254.60555	 -102.19882	  225.15919	  225.59479
 4452	  252.99611	 -110.56526	  224.94414	  225.37981
 4454	  254.63181	 -110.54698	  224.90958	  225.34525
 4455	  223.03081	 -102.55203	  225.82712	  226.26253
 4456	  223.04301	 -102.69174	  226.08148	  226.51682
 4457	  222.29362	 -102.56028	  225.84271	  226.27811
 4457	  222.29362	 -102.56028	  225.84271	  226.27811
 4456	  223.04301	 -102.69174	  226.08148	  226.51682
 4458	  222.30678	 -102.69998	  226.09706	  226.53239
 4459	  223.04291	 -110.89996	  225.57707	  226.01254
 4460	  223.03081	 -102.55203	  225.82712	  226.26253
 4461	  222.30576	 -110.9082	  225.59265	  226.02812
 4461	  222.30576	 -110.9082	  225.59265	  226.02812
 4460	  223.03081	 -102.55203	  225.82712	  226.26253
 4462	  222.29362	 -102.56028	  225.84271	  226.27811
 4463	  219.33749	 -102.7332	  226.15988	  226.59518
 4464	  219.32057	 -102.59354	  225.90561	  226.34099
 4465	  221.55405	 -102.7084	  226.11299	  226.54831
 4465	  221.55405	 -102.7084	  226.11299	  226.54831
 4464	  219.32057	 -102.59354	  225.90561	  226.34099
 4466	  221.53995	 -102.56871	  225.85866	  226.29405
 4467	  219.32057	 -102.59354	  225.90561	  226.34099
 4468	  219.33273	 -110.94141	  225.65547	  226.09093
 4469	  221.53995	 -102.56871	  225.85866	  226.29405
 4469	  221.53995	 -102.56871	  225.85866	  226.29405
 4468	  219.33273	 -110.94141	  225.65547	  226.09093
 4470	  221.55209	 -110.91661	  225.60857	  226.04404
 4471	  222.29362	 -102.56028	  225.84271	  226.27811
 4472	  222.30678	 -102.69998	  226.09706	  226.53239
 4473	  221.53995	 -102.56871	  225.85866	  226.29405
 4473	  221.53995	 -102.56871	  225.85866	  226.29405
 4472	  222.30678	 -102.69998	  226.09706	  226.53239
 4474	  221.55405	 -102.7084	  226.11299	  226.54831
 4475	  222.30576	 -110.9082	  225.59265	  226.02812
 4476	  222.29362	 -102.56028	  225.84271	  226.27811
 4477	  221.55209	 -110.91661	  225.60857	  226.04404
 4477	  221.55209	 -110.91661	  225.60857	  226.04404
 4476	  222.29362	 -102.56028	  225.84271	  226.27811
 4478	  221.53995	 -102.56871	  225.85866	  226.29405
 4479	  233.43504	 -102.57549	  225.86165	  226.29704
 4480	  233.41031	 -102.43593	  225.60756	  226.04301
 4481	  234.90521	 -102.55905	  225.83055	  226.26596
 4481	  234.90521	 -102.55905	  225.83055	  226.26596
 4480	  233.41031	 -102.43593	  225.60756	  226.04301
 4482	  234.87959	 -102.41949	  225.57648	  226.01195
 4483	  233.41031	 -102.43593	  225.60756	  226.04301
 4484	  233.42207	 -110.78398	  225.35776	  225.79329
 4485	  234.87959	 -102.41949	  225.57648	  226.01195
 4485	  234.87959	 -102.41949	  225.57648	  226.01195
 4484	  233.42207	 -110.78398	  225.35776	  225.79329
 4486	  234.89238	 -110.76755	  225.32669	  225.76224
 4487	  234.90521	 -102.55905	  225.83055	  226.26596
 4488	  234.87959	 -102.41949	  225.57648	  226.01195
 4489	  253.00706	 -102.35655	  225.44763	  225.88313
 4489	  253.00706	 -102.35655	  225.44763	  225.88313
 4488	  234.87959	 -102.41949	  225.57648	  226.01195
 4490	  252.97095	 -102.21711	  225.19377	  225.62935
 4491	  234.87959	 -102.41949	  225.57648	  226.01195
 4492	  234.89238	 -110.76755	  225.32669	  225.76224
 4493	  252.97095	 -102.21711	  225.19377	  225.62935
 4493	  252.97095	 -102.21711	  225.19377	  225.62935
 4492	  234.89238	 -110.76755	  225.32669	  225.76224
 4494	  252.99611	 -110.56526	  224.94414	  225.37981
 4495	  183.22536	 -57.13488	  228.84601	  229.28055
 4496	  183.16469	 -56.9128	  228.42604	  228.8607
 4497	  186.74144	 -57.09601	  228.77251	  229.20706
 4497	  186.74144	 -57.09601	  228.77251	  229.20706
 4496	  183.16469	 -56.9128	  228.42604	  228.8607
 4498	  186.68077	 -56.87393	  228.35254	  228.78723
 4499	  178.74277	 -56.96169	  228.51848	  228.95311
 4500	  183.16469	 -56.9128	  228.42604	  228.8607
 4501	  178.80344	 -57.18376	  228.93845	  229.37296
 4501	  178.80344	 -57.18376	  228.93845	  229.37296
 4500	  183.16469	 -56.9128	  228.42604	  228.8607
 4502	  183.22536	 -57.13488	  228.84601	  229.28055
 4503	  178.74277	 -56.96169	  228.51848	  228.95311
 4504	  175.13316	 -57.00159	  228.59393	  229.02855
 4505	  178.74277	 -57.24227	  228.51041	  228.94504
 4505	  178.74277	 -57.24227	  228.51041	  228.94504
 4504	  175.13316	 -57.00159	  228.59393	  229.02855
 4506	  175.13316	 -57.28217	  228.58586	  229.02048
 4507	  175.14612	 -57.32922	  228.67484	  229.10942
 4508	  178.75572	 -57.28932	  228.59938	  229.03398
 4509	  175.13316	 -57.28217	  228.58586	  229.02048
 4509	  175.13316	 -57.28217	  228.58586	  229.02048
 4508	  178.75572	 -57.28932	  228.59938	  229.03398
 4510	  178.74277	 -57.24227	  228.51041	  228.94504
 4511	  175.19383	 -59.01227	  228.9624	  229.39691
 4512	  178.80344	 -58.97237	  228.88695	  229.32147
 4513	  175.14612	 -58.35516	  228.64529	  229.0799
 4513	  175.14612	 -58.35516	  228.64529	  229.0799
 4512	  178.80344	 -58.97237	  228.88695	  229.32147
 4514	  178.75572	 -58.31526	  228.56984	  229.00446
 4515	  175.14612	 -58.35516	  228.64529	  229.0799
 4516	  178.75572	 -58.31526	  228.56984	  229.00446
 4517	  175.14612	 -57.32922	  228.67484	  229.10942
 4517	  175.14612	 -57.32922	  228.67484	  229.10942
 4516	  178.75572	 -58.31526	  228.56984	  229.00446
 4518	  178.75572	 -57.28932	  228.59938	  229.03398
 4519	  186.74144	 -57.09601	  228.77251	  229.20706
 4520	  186.68077	 -56.87393	  228.35254	  228.78723
 4521	  192.26538	 -57.03494	  228.65703	  229.09163
 4521	  192.26538	 -57.03494	  228.65703	  229.09163
 4520	  186.68077	 -56.87393	  228.35254	  228.78723
 4522	  192.20471	 -56.81287	  228.23708	  228.67178
 4523	  192.26538	 -57.03494	  228.65703	  229.09163
 4524	  192.20471	 -56.81287	  228.23708	  228.67178
 4525	  195.78146	 -56.99608	  228.58353	  229.01814
 4525	  195.78146	 -56.99608	  228.58353	  229.01814
 4524	  192.20471	 -56.81287	  228.23708	  228.67178
 4526	  195.72079	 -56.774	  228.16357	  228.59831
 4527	  175.13316	 -57.00159	  228.59393	  229.02855
 4528	  171.61708	 -57.04045	  228.66743	  229.10204
 4529	  175.13316	 -57.28217	  228.58586	  229.02048
 4529	  175.13316	 -57.28217	  228.58586	  229.02048
 4528	  171.61708	 -57.04045	  228.66743	  229.10204
 4530	  171.61708	 -57.32104	  228.65936	  229.09395
 4531	  171.63004	 -57.36809	  228.74834	  229.18291
 4532	  175.14612	 -57.32922	  228.67484	  229.10942
 4533	  171.61708	 -57.32104	  228.65936	  229.09395
 4533	  171.61708	 -57.32104	  228.65936	  229.09395
 4532	  175.14612	 -57.32922	  228.67484	  229.10942
 4534	  175.13316	 -57.28217	  228.58586	  229.02048
 4535	  171.63004	 -58.39403	  228.7188	  229.15337
 4536	  175.14612	 -58.35516	  228.64529	  229.0799
 4537	  171.63004	 -57.36809	  228.74834	  229.18291
 4537	  171.63004	 -57.36809	  228.74834	  229.18291
 4536	  175.14612	 -58.35516	  228.64529	  229.0799
 4538	  175.14612	 -57.32922	  228.67484	  229.10942
 4539	  171.67775	 -59.05113	  229.0359	  229.47038
 4540	  175.19383	 -59.01227	  228.9624	  229.39691
 4541	  171.63004	 -58.39403	  228.7188	  229.15337
 4541	  171.63004	 -58.39403	  228.7188	  229.15337
 4540	  175.19383	 -59.01227	  228.9624	  229.39691
 4542	  175.14612	 -58.35516	  228.64529	  229.0799
 4543	  201.30537	 -56.93501	  228.46806	  228.90271
 4544	  195.78146	 -56.99608	  228.58353	  229.01814
 4545	  201.24472	 -56.71294	  228.0481	  228.48286
 4545	  201.24472	 -56.71294	  228.0481	  228.48286
 4544	  195.78146	 -56.99608	  228.58353	  229.01814
 4546	  195.72079	 -56.774	  228.16357	  228.59831
 4547	  201.30537	 -56.93501	  228.46806	  228.90271
 4548	  201.24472	 -56.71294	  228.0481	  228.48286
 4549	  204.82146	 -56.89615	  228.39456	  228.82922
 4549	  204.82146	 -56.89615	  228.39456	  228.82922
 4548	  201.24472	 -56.71294	  228.0481	  228.48286
 4550	  204.7608	 -56.67407	  227.97459	  228.40939
 4551	  171.61708	 -57.04045	  228.66743	  229.10204
 4552	  165.48169	 -57.10828	  228.7957	  229.23026
 4553	  171.61708	 -57.32104	  228.65936	  229.09395
 4553	  171.61708	 -57.32104	  228.65936	  229.09395
 4552	  165.48169	 -57.10828	  228.7957	  229.23026
 4554	  165.48169	 -57.38886	  228.78761	  229.22217
 4555	  165.49464	 -57.43591	  228.87659	  229.31113
 4556	  171.63004	 -57.36809	  228.74834	  229.18291
 4557	  165.48169	 -57.38886	  228.78761	  229.22217
 4557	  165.48169	 -57.38886	  228.78761	  229.22217
 4556	  171.63004	 -57.36809	  228.74834	  229.18291
 4558	  171.61708	 -57.32104	  228.65936	  229.09395
 4559	  165.49464	 -58.46185	  228.84705	  229.28159
 4560	  171.63004	 -58.39403	  228.7188	  229.15337
 4561	  165.49464	 -57.43591	  228.87659	  229.31113
 4561	  165.49464	 -57.43591	  228.87659	  229.31113
 4560	  171.63004	 -58.39403	  228.7188	  229.15337
 4562	  171.63004	 -57.36809	  228.74834	  229.18291
 4563	  165.54234	 -59.11896	  229.16415	  229.5986
 4564	  171.67775	 -59.05113	  229.0359	  229.47038
 4565	  165.49464	 -58.46185	  228.84705	  229.28159
 4565	  165.49464	 -58.46185	  228.84705	  229.28159
 4564	  171.67775	 -59.05113	  229.0359	  229.47038
 4566	  171.63004	 -58.39403	  228.7188	  229.15337
 4567	  147.76184	 -23.47221	  230.56784	  231.00189
 4568	  151.26247	 -23.43351	  230.49467	  230.92874
 4569	  147.76184	 -12.73578	  230.87697	  231.31093
 4569	  147.76184	 -12.73578	  230.87697	  231.31093
 4568	  151.26247	 -23.43351	  230.49467	  230.92874
 4570	  151.26247	 -12.69708	  230.80379	  231.23778
 4571	  155.55568	 -23.38605	  230.40492	  230.83902
 4572	  162.02626	 -23.31452	  230.26967	  230.7038
 4573	  155.55568	 -12.64963	  230.71405	  231.14806
 4573	  155.55568	 -12.64963	  230.71405	  231.14806
 4572	  162.02626	 -23.31452	  230.26967	  230.7038
 4574	  162.02626	 -12.57809	  230.57878	  231.01283
 4575	  162.02626	 -23.31452	  230.26967	  230.7038
 4576	  165.54234	 -23.27566	  230.19617	  230.63031
 4577	  162.02626	 -12.57809	  230.57878	  231.01283
 4577	  162.02626	 -12.57809	  230.57878	  231.01283
 4576	  165.54234	 -23.27566	  230.19617	  230.63031
 4578	  165.54234	 -12.53923	  230.50528	  230.93935
 4579	  152.21889	  90.38582	  234.90895	  235.34177
 4580	  151.42628	  90.37704	  234.92552	  235.35832
 4581	  151.72432	  92.20026	  231.47768	  231.91145
 4581	  151.72432	  92.20026	  231.47768	  231.91145
 4580	  151.42628	  90.37704	  234.92552	  235.35832
 4582	  150.93172	  92.19148	  231.49423	  231.92802
 4583	  175.19383	 -59.01227	  228.9624	  229.39691
 4584	  175.19383	 -64.57475	  228.80225	  229.2368
 4585	  178.80344	 -58.97237	  228.88695	  229.32147
 4585	  178.80344	 -58.97237	  228.88695	  229.32147
 4584	  175.19383	 -64.57475	  228.80225	  229.2368
 4586	  178.80344	 -64.53484	  228.72679	  229.16136
 4587	  165.54234	 -23.27566	  230.19617	  230.63031
 4588	  171.67775	 -23.20783	  230.0679	  230.50209
 4589	  165.54234	 -12.53923	  230.50528	  230.93935
 4589	  165.54234	 -12.53923	  230.50528	  230.93935
 4588	  171.67775	 -23.20783	  230.0679	  230.50209
 4590	  171.67773	 -12.47141	  230.37703	  230.81113
 4591	  171.67775	 -23.20783	  230.0679	  230.50209
 4592	  175.19383	 -23.16897	  229.9944	  230.42862
 4593	  171.67773	 -12.47141	  230.37703	  230.81113
 4593	  171.67773	 -12.47141	  230.37703	  230.81113
 4592	  175.19383	 -23.16897	  229.9944	  230.42862
 4594	  175.19383	 -12.43254	  230.30353	  230.73766
 4595	  175.19383	 -64.57475	  228.80225	  229.2368
 4596	  175.19383	 -74.42709	  228.51857	  228.95322
 4597	  178.80344	 -64.53484	  228.72679	  229.16136
 4597	  178.80344	 -64.53484	  228.72679	  229.16136
 4596	  175.19383	 -74.42709	  228.51857	  228.95322
 4598	  178.80344	 -74.38718	  228.44312	  228.87778
 4599	  175.19383	 -23.16897	  229.9944	  230.42862
 4600	  178.80342	 -23.12907	  229.91895	  230.35318
 4601	  175.19383	 -12.43254	  230.30353	  230.73766
 4601	  175.19383	 -12.43254	  230.30353	  230.73766
 4600	  178.80342	 -23.12907	  229.91895	  230.35318
 4602	  178.80342	 -12.39264	  230.22807	  230.66222
 4603	  141.03122	 -44.15556	  230.11517	  230.54935
 4604	  147.76184	 -44.08116	  229.97447	  230.40869
 4605	  141.03122	 -33.41912	  230.42429	  230.85838
 4605	  141.03122	 -33.41912	  230.42429	  230.85838
 4604	  147.76184	 -44.08116	  229.97447	  230.40869
 4606	  147.76184	 -33.34472	  230.2836	  230.71773
 4607	  147.76184	 -44.08116	  229.97447	  230.40869
 4608	  151.26247	 -44.04247	  229.90129	  230.33553
 4609	  147.76184	 -33.34472	  230.2836	  230.71773
 4609	  147.76184	 -33.34472	  230.2836	  230.71773
 4608	  151.26247	 -44.04247	  229.90129	  230.33553
 4610	  151.26247	 -33.30602	  230.21042	  230.64456
 4611	  151.26247	 -23.43351	  230.49467	  230.92874
 4612	  147.76184	 -33.34472	  230.2836	  230.71773
 4610	  151.26247	 -33.30602	  230.21042	  230.64456
 4613	  147.76184	 -23.47221	  230.56784	  231.00189
 4612	  147.76184	 -33.34472	  230.2836	  230.71773
 4611	  151.26247	 -23.43351	  230.49467	  230.92874
 4614	  155.55568	 -43.99501	  229.81155	  230.24582
 4615	  162.02626	 -43.92348	  229.67628	  230.1106
 4616	  155.55568	 -33.25857	  230.12067	  230.55486
 4616	  155.55568	 -33.25857	  230.12067	  230.55486
 4615	  162.02626	 -43.92348	  229.67628	  230.1106
 4617	  162.02626	 -33.18703	  229.98541	  230.41963
 4618	  162.02626	 -43.92348	  229.67628	  230.1106
 4619	  165.54234	 -43.88461	  229.60278	  230.03711
 4620	  162.02626	 -33.18703	  229.98541	  230.41963
 4620	  162.02626	 -33.18703	  229.98541	  230.41963
 4619	  165.54234	 -43.88461	  229.60278	  230.03711
 4621	  165.54234	 -33.14817	  229.91191	  230.34615
 4622	  165.54234	 -43.88461	  229.60278	  230.03711
 4623	  171.67775	 -43.81679	  229.47453	  229.90889
 4624	  165.54234	 -33.14817	  229.91191	  230.34615
 4624	  165.54234	 -33.14817	  229.91191	  230.34615
 4623	  171.67775	 -43.81679	  229.47453	  229.90889
 4625	  171.67775	 -33.08035	  229.78366	  230.21793
 4626	  171.67775	 -43.81679	  229.47453	  229.90889
 4627	  175.19383	 -43.77792	  229.40103	  229.83542
 4628	  171.67775	 -33.08035	  229.78366	  230.21793
 4628	  171.67775	 -33.08035	  229.78366	  230.21793
 4627	  175.19383	 -43.77792	  229.40103	  229.83542
 4629	  175.19383	 -33.04148	  229.71016	  230.14445
 4630	  175.19383	 -43.77792	  229.40103	  229.83542
 4631	  178.80342	 -43.73802	  229.32558	  229.75998
 4632	  175.19383	 -33.04148	  229.71016	  230.14445
 4632	  175.19383	 -33.04148	  229.71016	  230.14445
 4631	  178.80342	 -43.73802	  229.32558	  229.75998
 4633	  178.80342	 -33.00158	  229.6347	  230.06902
 4634	  175.19383	 -74.42709	  228.51857	  228.95322
 4635	  175.19383	 -80.92594	  228.33147	  228.76614
 4636	  178.80344	 -74.38718	  228.44312	  228.87778
 4636	  178.80344	 -74.38718	  228.44312	  228.87778
 4635	  175.19383	 -80.92594	  228.33147	  228.76614
 4637	  178.80344	 -80.88604	  228.25601	  228.69072
 4638	  147.76183	  65.27132	  233.12296	  233.55627
 4639	  141.0312	  65.19691	  233.26366	  233.69693
 4640	  147.76183	  58.96356	  232.94135	  233.37471
 4640	  147.76183	  58.96356	  232.94135	  233.37471
 4639	  141.0312	  65.19691	  233.26366	  233.69693
 4641	  141.0312	  58.88916	  233.08205	  233.51537
 4642	  155.55566	  65.35748	  232.96004	  233.3934
 4643	  152.05505	  65.31879	  233.0332	  233.46655
 4644	  155.55566	  59.04973	  232.77843	  233.21184
 4644	  155.55566	  59.04973	  232.77843	  233.21184
 4643	  152.05505	  65.31879	  233.0332	  233.46655
 4645	  152.05505	  59.01103	  232.85159	  233.28499
 4646	  147.76183	  67.05991	  233.17445	  233.60776
 4647	  141.0312	  66.9855	  233.31516	  233.74841
 4648	  147.39354	  67.2314	  232.85017	  233.28357
 4648	  147.39354	  67.2314	  232.85017	  233.28357
 4647	  141.0312	  66.9855	  233.31516	  233.74841
 4649	  140.66293	  67.157	  232.99086	  233.42422
 4650	  162.02625	  65.429	  232.82477	  233.25818
 4651	  155.55566	  65.35748	  232.96004	  233.3934
 4652	  162.02625	  59.12125	  232.64316	  233.07661
 4652	  162.02625	  59.12125	  232.64316	  233.07661
 4651	  155.55566	  65.35748	  232.96004	  233.3934
 4653	  155.55566	  59.04973	  232.77843	  233.21184
 4654	  165.54233	  65.46788	  232.75127	  233.18469
 4655	  162.02625	  65.429	  232.82477	  233.25818
 4656	  165.54233	  59.16013	  232.56966	  233.00313
 4656	  165.54233	  59.16013	  232.56966	  233.00313
 4655	  162.02625	  65.429	  232.82477	  233.25818
 4657	  162.02625	  59.12125	  232.64316	  233.07661
 4658	  171.67773	  65.53569	  232.62302	  233.05647
 4659	  165.54233	  65.46788	  232.75127	  233.18469
 4660	  171.67773	  59.22794	  232.44141	  232.87491
 4660	  171.67773	  59.22794	  232.44141	  232.87491
 4659	  165.54233	  65.46788	  232.75127	  233.18469
 4661	  165.54233	  59.16013	  232.56966	  233.00313
 4662	  155.55566	  67.14607	  233.01154	  233.44489
 4663	  152.05505	  67.10738	  233.0847	  233.51804
 4664	  155.18738	  67.31755	  232.68724	  233.12068
 4664	  155.18738	  67.31755	  232.68724	  233.12068
 4663	  152.05505	  67.10738	  233.0847	  233.51804
 4665	  151.68678	  67.27885	  232.76042	  233.19385
 4666	  175.19382	  65.57457	  232.54951	  232.983
 4667	  171.67773	  65.53569	  232.62302	  233.05647
 4668	  175.19382	  59.26682	  232.3679	  232.80144
 4668	  175.19382	  59.26682	  232.3679	  232.80144
 4667	  171.67773	  65.53569	  232.62302	  233.05647
 4669	  171.67773	  59.22794	  232.44141	  232.87491
 4670	  178.80342	  65.61447	  232.47406	  232.90756
 4671	  175.19382	  65.57457	  232.54951	  232.983
 4672	  178.80342	  59.30672	  232.29245	  232.726
 4672	  178.80342	  59.30672	  232.29245	  232.726
 4671	  175.19382	  65.57457	  232.54951	  232.983
 4673	  175.19382	  59.26682	  232.3679	  232.80144
 4674	  175.19383	 -80.92594	  228.33147	  228.76614
 4675	  175.19383	 -90.77829	  228.04779	  228.48256
 4676	  178.80344	 -80.88604	  228.25601	  228.69072
 4676	  178.80344	 -80.88604	  228.25601	  228.69072
 4675	  175.19383	 -90.77829	  228.04779	  228.48256
 4677	  178.80344	 -90.73839	  227.97234	  228.40712
 4678	  136.40724	  92.03093	  231.79787	  232.23155
 4679	  137.19986	  92.03969	  231.7813	  232.215
 4680	  136.90181	  90.21649	  235.22914	  235.66187
 4680	  136.90181	  90.21649	  235.22914	  235.66187
 4679	  137.19986	  92.03969	  231.7813	  232.215
 4681	  137.69443	  90.22525	  235.21257	  235.64529
 4682	  147.76183	  67.05991	  233.17445	  233.60776
 4683	  146.07918	  67.70505	  233.22874	  233.66202
 4684	  141.0312	  66.9855	  233.31516	  233.74841
 4683	  146.07918	  67.70505	  233.22874	  233.66202
 4685	  142.90121	  67.66992	  233.29517	  233.72844
 4684	  141.0312	  66.9855	  233.31516	  233.74841
 4684	  141.0312	  66.9855	  233.31516	  233.74841
 4685	  142.90121	  67.66992	  233.29517	  233.72844
 4686	  141.0312	  67.64925	  233.33426	  233.76752
 4687	  123.17	  90.0647	  235.51619	  235.94882
 4688	  122.37735	  90.05594	  235.53276	  235.96539
 4689	  122.67543	  91.87914	  232.08492	  232.51852
 4689	  122.67543	  91.87914	  232.08492	  232.51852
 4688	  122.37735	  90.05594	  235.53276	  235.96539
 4690	  121.88278	  91.87038	  232.10149	  232.5351
 4691	  147.43109	  92.15279	  231.56741	  232.00117
 4692	  150.93172	  92.19148	  231.49423	  231.92802
 4693	  147.92566	  90.33835	  234.9987	  235.43149
 4693	  147.92566	  90.33835	  234.9987	  235.43149
 4692	  150.93172	  92.19148	  231.49423	  231.92802
 4694	  151.42628	  90.37704	  234.92552	  235.35832
 4695	  147.76183	  67.05991	  233.17445	  233.60776
 4696	  151.26245	  67.0986	  233.10127	  233.53461
 4697	  147.76183	  67.72365	  233.19356	  233.62686
 4697	  147.76183	  67.72365	  233.19356	  233.62686
 4696	  151.26245	  67.0986	  233.10127	  233.53461
 4698	  151.26245	  67.76234	  233.12039	  233.55371
 4699	  132.90665	  91.99223	  231.87103	  232.30472
 4700	  136.40724	  92.03093	  231.79787	  232.23155
 4701	  133.40121	  90.1778	  235.30232	  235.73502
 4701	  133.40121	  90.1778	  235.30232	  235.73502
 4700	  136.40724	  92.03093	  231.79787	  232.23155
 4702	  136.90181	  90.21649	  235.22914	  235.66187
 4703	  118.38219	  91.83168	  232.17465	  232.60825
 4704	  121.88278	  91.87038	  232.10149	  232.5351
 4705	  118.87675	  90.01724	  235.60594	  236.03854
 4705	  118.87675	  90.01724	  235.60594	  236.03854
 4704	  121.88278	  91.87038	  232.10149	  232.5351
 4706	  122.37735	  90.05594	  235.53276	  235.96539
 4707	  126.17603	  91.91783	  232.01173	  232.44537
 4708	  132.90665	  91.99223	  231.87103	  232.30472
 4709	  126.67059	  90.10339	  235.44302	  235.87567
 4709	  126.67059	  90.10339	  235.44302	  235.87567
 4708	  132.90665	  91.99223	  231.87103	  232.30472
 4710	  133.40121	  90.1778	  235.30232	  235.73502
 4711	  137.69443	  90.22525	  235.21257	  235.64529
 4712	  137.19986	  92.03969	  231.7813	  232.215
 4713	  141.19505	  90.26395	  235.1394	  235.57214
 4713	  141.19505	  90.26395	  235.1394	  235.57214
 4712	  137.19986	  92.03969	  231.7813	  232.215
 4714	  140.70049	  92.07838	  231.70811	  232.14183
 4715	  162.02625	  67.21759	  232.87627	  233.30966
 4716	  160.43805	  67.86378	  232.92857	  233.36195
 4717	  155.55566	  67.14607	  233.01154	  233.44489
 4716	  160.43805	  67.86378	  232.92857	  233.36195
 4718	  157.37549	  67.82993	  232.9926	  233.42595
 4717	  155.55566	  67.14607	  233.01154	  233.44489
 4717	  155.55566	  67.14607	  233.01154	  233.44489
 4718	  157.37549	  67.82993	  232.9926	  233.42595
 4719	  155.55566	  67.80981	  233.03064	  233.46399
 4720	  162.02625	  67.21759	  232.87627	  233.30966
 4721	  165.54233	  67.25647	  232.80276	  233.23618
 4722	  162.02625	  67.88133	  232.89539	  233.32877
 4722	  162.02625	  67.88133	  232.89539	  233.32877
 4721	  165.54233	  67.25647	  232.80276	  233.23618
 4723	  165.54233	  67.92021	  232.82188	  233.25528
 4724	  165.54233	  67.25647	  232.80276	  233.23618
 4725	  171.67773	  67.32428	  232.67451	  233.10796
 4726	  165.54233	  67.92021	  232.82188	  233.25528
 4726	  165.54233	  67.92021	  232.82188	  233.25528
 4725	  171.67773	  67.32428	  232.67451	  233.10796
 4727	  171.67773	  67.98802	  232.69362	  233.12706
 4728	  171.67773	  67.32428	  232.67451	  233.10796
 4729	  175.19382	  67.36316	  232.60101	  233.03448
 4730	  171.67773	  67.98802	  232.69362	  233.12706
 4730	  171.67773	  67.98802	  232.69362	  233.12706
 4729	  175.19382	  67.36316	  232.60101	  233.03448
 4731	  175.19382	  68.0269	  232.62012	  233.05359
 4732	  175.19382	  67.36316	  232.60101	  233.03448
 4733	  178.80342	  67.40306	  232.52556	  232.95905
 4734	  175.19382	  68.0269	  232.62012	  233.05359
 4734	  175.19382	  68.0269	  232.62012	  233.05359
 4733	  178.80342	  67.40306	  232.52556	  232.95905
 4735	  178.80342	  68.0668	  232.54466	  232.97815
 4736	  178.80341	  81.17612	  232.92212	  233.35548
 4737	  175.19382	  81.13622	  232.99757	  233.43092
 4738	  178.80341	  79.25114	  232.86668	  233.30008
 4738	  178.80341	  79.25114	  232.86668	  233.30008
 4737	  175.19382	  81.13622	  232.99757	  233.43092
 4739	  175.19382	  79.20253	  232.94189	  233.37526
 4740	  175.19382	  88.49886	  233.20955	  233.64285
 4741	  178.80341	  88.53876	  233.13409	  233.56741
 4742	  174.89102	  90.43718	  231.13263	  231.56651
 4742	  174.89102	  90.43718	  231.13263	  231.56651
 4741	  178.80341	  88.53876	  233.13409	  233.56741
 4743	  178.50061	  90.47708	  231.05717	  231.49107
 4744	  171.67773	  88.45998	  233.28305	  233.71632
 4745	  175.19382	  88.49886	  233.20955	  233.64285
 4746	  171.37494	  90.3983	  231.20613	  231.63998
 4746	  171.37494	  90.3983	  231.20613	  231.63998
 4745	  175.19382	  88.49886	  233.20955	  233.64285
 4747	  174.89102	  90.43718	  231.13263	  231.56651
 4748	  175.19382	  81.13622	  232.99757	  233.43092
 4749	  171.67773	  81.09734	  233.07108	  233.50439
 4750	  175.19382	  79.20253	  232.94189	  233.37526
 4750	  175.19382	  79.20253	  232.94189	  233.37526
 4749	  171.67773	  81.09734	  233.07108	  233.50439
 4751	  171.67773	  79.16365	  233.0154	  233.44875
 4752	  171.67773	  81.09734	  233.07108	  233.50439
 4753	  165.54233	  81.02953	  233.19933	  233.63261
 4754	  171.67773	  79.16365	  233.0154	  233.44875
 4754	  171.67773	  79.16365	  233.0154	  233.44875
 4753	  165.54233	  81.02953	  233.19933	  233.63261
 4755	  165.54233	  79.09584	  233.14365	  233.57697
 4756	  165.54233	  81.02953	  233.19933	  233.63261
 4757	  162.02625	  80.99065	  233.27283	  233.7061
 4758	  165.54233	  79.09584	  233.14365	  233.57697
 4758	  165.54233	  79.09584	  233.14365	  233.57697
 4757	  162.02625	  80.99065	  233.27283	  233.7061
 4759	  162.02625	  79.05696	  233.21715	  233.65044
 4760	  165.54233	  88.39217	  233.41132	  233.84454
 4761	  171.67773	  88.45998	  233.28305	  233.71632
 4762	  165.23955	  90.33049	  231.33438	  231.7682
 4762	  165.23955	  90.33049	  231.33438	  231.7682
 4761	  171.67773	  88.45998	  233.28305	  233.71632
 4763	  171.37494	  90.3983	  231.20613	  231.63998
 4764	  175.19383	 -57.22366	  229.0139	  229.44839
 4765	  178.80344	 -57.18376	  228.93845	  229.37296
 4766	  175.19383	 -53.65044	  229.11678	  229.55124
 4766	  175.19383	 -53.65044	  229.11678	  229.55124
 4765	  178.80344	 -57.18376	  228.93845	  229.37296
 4767	  178.80344	 -53.61053	  229.04132	  229.47581
 4768	  162.02625	  88.35329	  233.4848	  233.91803
 4769	  165.54233	  88.39217	  233.41132	  233.84454
 4770	  161.72346	  90.29161	  231.40788	  231.84169
 4770	  161.72346	  90.29161	  231.40788	  231.84169
 4769	  165.54233	  88.39217	  233.41132	  233.84454
 4771	  165.23955	  90.33049	  231.33438	  231.7682
 4772	  171.67775	 -57.26253	  229.0874	  229.52187
 4773	  175.19383	 -57.22366	  229.0139	  229.44839
 4774	  171.67775	 -53.6893	  229.19028	  229.62473
 4774	  171.67775	 -53.6893	  229.19028	  229.62473
 4773	  175.19383	 -57.22366	  229.0139	  229.44839
 4775	  175.19383	 -53.65044	  229.11678	  229.55124
 4776	  155.55566	  88.28177	  233.62007	  234.05325
 4777	  162.02625	  88.35329	  233.4848	  233.91803
 4778	  155.25287	  90.22009	  231.54314	  231.97691
 4778	  155.25287	  90.22009	  231.54314	  231.97691
 4777	  162.02625	  88.35329	  233.4848	  233.91803
 4779	  161.72346	  90.29161	  231.40788	  231.84169
 4780	  165.54234	 -57.33035	  229.21565	  229.65009
 4781	  171.67775	 -57.26253	  229.0874	  229.52187
 4782	  165.54234	 -53.75713	  229.31854	  229.75294
 4782	  165.54234	 -53.75713	  229.31854	  229.75294
 4781	  171.67775	 -57.26253	  229.0874	  229.52187
 4783	  171.67775	 -53.6893	  229.19028	  229.62473
 4784	  147.76183	  88.1956	  233.78299	  234.21613
 4785	  151.26245	  88.2343	  233.70982	  234.14297
 4786	  147.45903	  90.13393	  231.70607	  232.13979
 4786	  147.45903	  90.13393	  231.70607	  232.13979
 4785	  151.26245	  88.2343	  233.70982	  234.14297
 4787	  150.95966	  90.17262	  231.63289	  232.06664
 4788	  162.02626	 -57.36922	  229.28915	  229.72357
 4789	  165.54234	 -57.33035	  229.21565	  229.65009
 4790	  162.02626	 -53.79599	  229.39203	  229.82642
 4790	  162.02626	 -53.79599	  229.39203	  229.82642
 4789	  165.54234	 -57.33035	  229.21565	  229.65009
 4791	  165.54234	 -53.75713	  229.31854	  229.75294
 4792	  141.0312	  88.1212	  233.92369	  234.35678
 4793	  147.76183	  88.1956	  233.78299	  234.21613
 4794	  140.72842	  90.05952	  231.84677	  232.28044
 4794	  140.72842	  90.05952	  231.84677	  232.28044
 4793	  147.76183	  88.1956	  233.78299	  234.21613
 4795	  147.45903	  90.13393	  231.70607	  232.13979
 4796	  155.55568	 -57.44075	  229.42442	  229.8588
 4797	  162.02626	 -57.36922	  229.28915	  229.72357
 4798	  155.55568	 -53.86752	  229.5273	  229.96164
 4798	  155.55568	 -53.86752	  229.5273	  229.96164
 4797	  162.02626	 -57.36922	  229.28915	  229.72357
 4799	  162.02626	 -53.79599	  229.39203	  229.82642
 4800	  147.76184	 -57.5269	  229.58734	  230.02167
 4801	  151.26247	 -57.4882	  229.51416	  229.94852
 4802	  147.76184	 -53.95367	  229.69022	  230.12453
 4802	  147.76184	 -53.95367	  229.69022	  230.12453
 4801	  151.26247	 -57.4882	  229.51416	  229.94852
 4803	  151.26247	 -53.91498	  229.61705	  230.05136
 4804	  141.03122	 -57.6013	  229.72804	  230.16232
 4805	  147.76184	 -57.5269	  229.58734	  230.02167
 4806	  141.03122	 -54.02808	  229.83092	  230.26518
 4806	  141.03122	 -54.02808	  229.83092	  230.26518
 4805	  147.76184	 -57.5269	  229.58734	  230.02167
 4807	  147.76184	 -53.95367	  229.69022	  230.12453
 4808	  175.19382	  65.57457	  232.54951	  232.983
 4809	  174.82553	  66.22812	  232.23911	  232.67268
 4810	  171.67773	  65.53569	  232.62302	  233.05647
 4810	  171.67773	  65.53569	  232.62302	  233.05647
 4809	  174.82553	  66.22812	  232.23911	  232.67268
 4811	  171.30943	  66.18925	  232.31261	  232.74615
 4812	  141.03122	 -23.54661	  230.70854	  231.14255
 4813	  147.76184	 -23.47221	  230.56784	  231.00189
 4814	  141.03122	 -12.81018	  231.01767	  231.45158
 4814	  141.03122	 -12.81018	  231.01767	  231.45158
 4813	  147.76184	 -23.47221	  230.56784	  231.00189
 4815	  147.76184	 -12.73578	  230.87697	  231.31093
 4814	  141.03122	 -12.81018	  231.01767	  231.45158
 4816	  147.76184	 -12.73578	  230.87697	  231.31093
 4817	  141.03122	 -2.93768	  231.30191	  231.73575
 4817	  141.03122	 -2.93768	  231.30191	  231.73575
 4816	  147.76184	 -12.73578	  230.87697	  231.31093
 4818	  147.76184	 -2.86328	  231.16122	  231.59509
 4819	  175.19382	 -2.56003	  230.58778	  231.02182
 4820	  178.80342	 -2.52013	  230.51233	  230.94638
 4821	  175.19382	  8.17638	  230.8969	  231.33086
 4821	  175.19382	  8.17638	  230.8969	  231.33086
 4820	  178.80342	 -2.52013	  230.51233	  230.94638
 4822	  178.80342	  8.21628	  230.82144	  231.25542
 4823	  171.67773	 -2.59891	  230.66129	  231.09531
 4824	  175.19382	 -2.56003	  230.58778	  231.02182
 4825	  171.67773	  8.1375	  230.9704	  231.40434
 4825	  171.67773	  8.1375	  230.9704	  231.40434
 4824	  175.19382	 -2.56003	  230.58778	  231.02182
 4826	  175.19382	  8.17638	  230.8969	  231.33086
 4827	  165.54234	 -2.66672	  230.78954	  231.22353
 4828	  171.67773	 -2.59891	  230.66129	  231.09531
 4829	  165.54234	  8.06969	  231.09866	  231.53255
 4829	  165.54234	  8.06969	  231.09866	  231.53255
 4828	  171.67773	 -2.59891	  230.66129	  231.09531
 4830	  171.67773	  8.1375	  230.9704	  231.40434
 4831	  162.02626	 -2.7056	  230.86304	  231.297
 4832	  165.54234	 -2.66672	  230.78954	  231.22353
 4833	  162.02626	  8.03081	  231.17216	  231.60603
 4833	  162.02626	  8.03081	  231.17216	  231.60603
 4832	  165.54234	 -2.66672	  230.78954	  231.22353
 4834	  165.54234	  8.06969	  231.09866	  231.53255
 4835	  155.55566	 -2.77711	  230.99829	  231.43222
 4836	  162.02626	 -2.7056	  230.86304	  231.297
 4837	  155.55566	  7.95929	  231.30742	  231.74126
 4837	  155.55566	  7.95929	  231.30742	  231.74126
 4836	  162.02626	 -2.7056	  230.86304	  231.297
 4838	  162.02626	  8.03081	  231.17216	  231.60603
 4839	  147.76184	 -2.86328	  231.16122	  231.59509
 4840	  151.26247	 -2.82458	  231.08804	  231.52194
 4841	  147.76184	  7.87312	  231.47034	  231.90413
 4841	  147.76184	  7.87312	  231.47034	  231.90413
 4840	  151.26247	 -2.82458	  231.08804	  231.52194
 4842	  151.26245	  7.91182	  231.39717	  231.83098
 4843	  141.03122	 -2.93768	  231.30191	  231.73575
 4844	  147.76184	 -2.86328	  231.16122	  231.59509
 4845	  141.03122	  7.79872	  231.61104	  232.04478
 4845	  141.03122	  7.79872	  231.61104	  232.04478
 4844	  147.76184	 -2.86328	  231.16122	  231.59509
 4846	  147.76184	  7.87312	  231.47034	  231.90413
 4847	  175.19382	  18.04892	  231.18115	  231.61502
 4848	  178.80342	  18.08882	  231.1057	  231.5396
 4849	  175.19382	  28.78535	  231.49028	  231.92406
 4849	  175.19382	  28.78535	  231.49028	  231.92406
 4848	  178.80342	  18.08882	  231.1057	  231.5396
 4850	  178.80342	  28.82526	  231.41483	  231.84863
 4851	  171.67773	  18.01004	  231.25465	  231.68851
 4852	  175.19382	  18.04892	  231.18115	  231.61502
 4853	  171.67773	  28.74648	  231.56378	  231.99754
 4853	  171.67773	  28.74648	  231.56378	  231.99754
 4852	  175.19382	  18.04892	  231.18115	  231.61502
 4854	  175.19382	  28.78535	  231.49028	  231.92406
 4855	  165.54234	  17.94223	  231.3829	  231.81673
 4856	  171.67773	  18.01004	  231.25465	  231.68851
 4857	  165.54234	  28.67867	  231.69203	  232.12576
 4857	  165.54234	  28.67867	  231.69203	  232.12576
 4856	  171.67773	  18.01004	  231.25465	  231.68851
 4858	  171.67773	  28.74648	  231.56378	  231.99754
 4859	  162.02626	  17.90335	  231.45641	  231.8902
 4860	  165.54234	  17.94223	  231.3829	  231.81673
 4861	  162.02626	  28.63979	  231.76553	  232.19923
 4861	  162.02626	  28.63979	  231.76553	  232.19923
 4860	  165.54234	  17.94223	  231.3829	  231.81673
 4862	  165.54234	  28.67867	  231.69203	  232.12576
 4863	  155.55566	  17.83183	  231.59167	  232.02542
 4864	  162.02626	  17.90335	  231.45641	  231.8902
 4865	  155.55566	  28.56827	  231.9008	  232.33446
 4865	  155.55566	  28.56827	  231.9008	  232.33446
 4864	  162.02626	  17.90335	  231.45641	  231.8902
 4866	  162.02626	  28.63979	  231.76553	  232.19923
 4867	  147.76183	  17.74567	  231.75459	  232.18831
 4868	  151.26245	  17.78436	  231.68141	  232.11514
 4869	  147.76183	  28.4821	  232.06372	  232.49734
 4869	  147.76183	  28.4821	  232.06372	  232.49734
 4868	  151.26245	  17.78436	  231.68141	  232.11514
 4870	  151.26245	  28.5208	  231.99054	  232.42418
 4867	  147.76183	  17.74567	  231.75459	  232.18831
 4871	  147.76184	  7.87312	  231.47034	  231.90413
 4872	  151.26245	  17.78436	  231.68141	  232.11514
 4872	  151.26245	  17.78436	  231.68141	  232.11514
 4871	  147.76184	  7.87312	  231.47034	  231.90413
 4873	  151.26245	  7.91182	  231.39717	  231.83098
 4874	  141.03122	  17.67126	  231.89529	  232.32896
 4875	  147.76183	  17.74567	  231.75459	  232.18831
 4876	  141.03122	  28.4077	  232.20442	  232.638
 4876	  141.03122	  28.4077	  232.20442	  232.638
 4875	  147.76183	  17.74567	  231.75459	  232.18831
 4877	  147.76183	  28.4821	  232.06372	  232.49734
 4878	  141.03123	 -64.95238	  229.51639	  229.95073
 4879	  141.03123	 -74.80473	  229.23271	  229.66714
 4880	  147.76184	 -64.87798	  229.37569	  229.81007
 4880	  147.76184	 -64.87798	  229.37569	  229.81007
 4879	  141.03123	 -74.80473	  229.23271	  229.66714
 4881	  147.76184	 -74.73033	  229.09203	  229.52649
 4882	  141.03123	 -81.30359	  229.04559	  229.48009
 4883	  141.03123	 -91.15594	  228.76193	  229.19649
 4884	  147.76184	 -81.22919	  228.90491	  229.33943
 4884	  147.76184	 -81.22919	  228.90491	  229.33943
 4883	  141.03123	 -91.15594	  228.76193	  229.19649
 4885	  147.76184	 -91.08154	  228.62123	  229.05583
 4886	  175.19383	 -97.27716	  227.86067	  228.2955
 4887	  171.67775	 -97.31602	  227.93417	  228.36897
 4888	  175.23126	 -97.4145	  228.12039	  228.55513
 4888	  175.23126	 -97.4145	  228.12039	  228.55513
 4887	  171.67775	 -97.31602	  227.93417	  228.36897
 4889	  171.71518	 -97.45337	  228.19389	  228.62862
 4890	  174.89102	  90.43718	  231.13263	  231.56651
 4891	  178.50061	  90.47708	  231.05717	  231.49107
 4892	  174.86308	  91.42682	  230.96434	  231.39827
 4892	  174.86308	  91.42682	  230.96434	  231.39827
 4891	  178.50061	  90.47708	  231.05717	  231.49107
 4893	  178.47267	  91.46672	  230.88889	  231.32285
 4894	  141.03123	 -74.80473	  229.23271	  229.66714
 4895	  141.03123	 -81.30359	  229.04559	  229.48009
 4896	  147.76184	 -74.73033	  229.09203	  229.52649
 4896	  147.76184	 -74.73033	  229.09203	  229.52649
 4895	  141.03123	 -81.30359	  229.04559	  229.48009
 4897	  147.76184	 -81.22919	  228.90491	  229.33943
 4898	  171.37494	  90.3983	  231.20613	  231.63998
 4899	  174.89102	  90.43718	  231.13263	  231.56651
 4900	  171.347	  91.38794	  231.03784	  231.47176
 4900	  171.347	  91.38794	  231.03784	  231.47176
 4899	  174.89102	  90.43718	  231.13263	  231.56651
 4901	  174.86308	  91.42682	  230.96434	  231.39827
 4902	  141.03123	 -91.15594	  228.76193	  229.19649
 4903	  141.03123	 -97.6548	  228.57481	  229.00943
 4904	  147.76184	 -91.08154	  228.62123	  229.05583
 4904	  147.76184	 -91.08154	  228.62123	  229.05583
 4903	  141.03123	 -97.6548	  228.57481	  229.00943
 4905	  147.76184	 -97.5804	  228.43411	  228.86877
 4906	  165.23955	  90.33049	  231.33438	  231.7682
 4907	  171.37494	  90.3983	  231.20613	  231.63998
 4908	  165.21161	  91.32013	  231.16609	  231.59998
 4908	  165.21161	  91.32013	  231.16609	  231.59998
 4907	  171.37494	  90.3983	  231.20613	  231.63998
 4909	  171.347	  91.38794	  231.03784	  231.47176
 4910	  141.03122	 -59.38991	  229.67654	  230.11084
 4911	  141.03123	 -64.95238	  229.51639	  229.95073
 4912	  147.76184	 -59.31551	  229.53584	  229.97018
 4912	  147.76184	 -59.31551	  229.53584	  229.97018
 4911	  141.03123	 -64.95238	  229.51639	  229.95073
 4913	  147.76184	 -64.87798	  229.37569	  229.81007
 4914	  161.72346	  90.29161	  231.40788	  231.84169
 4915	  165.23955	  90.33049	  231.33438	  231.7682
 4916	  161.69553	  91.28125	  231.23959	  231.67345
 4916	  161.69553	  91.28125	  231.23959	  231.67345
 4915	  165.23955	  90.33049	  231.33438	  231.7682
 4917	  165.21161	  91.32013	  231.16609	  231.59998
 4918	  155.25287	  90.22009	  231.54314	  231.97691
 4919	  161.72346	  90.29161	  231.40788	  231.84169
 4920	  155.22493	  91.20973	  231.37486	  231.80867
 4920	  155.22493	  91.20973	  231.37486	  231.80867
 4919	  161.72346	  90.29161	  231.40788	  231.84169
 4921	  161.69553	  91.28125	  231.23959	  231.67345
 4922	  178.80344	 -97.23726	  227.78522	  228.22006
 4923	  175.19383	 -97.27716	  227.86067	  228.2955
 4924	  178.84087	 -97.3746	  228.04494	  228.47971
 4924	  178.84087	 -97.3746	  228.04494	  228.47971
 4923	  175.19383	 -97.27716	  227.86067	  228.2955
 4925	  175.23126	 -97.4145	  228.12039	  228.55513
 4926	  118.09288	  89.46526	  236.64978	  237.08209
 4927	  108.44064	  91.7218	  232.38245	  232.81598
 4928	  118.87675	  90.01724	  235.60594	  236.03854
 4929	  155.55568	 -64.79183	  229.21277	  229.6472
 4930	  155.55568	 -74.64417	  228.92909	  229.36362
 4931	  162.02626	 -64.7203	  229.0775	  229.51198
 4931	  162.02626	 -64.7203	  229.0775	  229.51198
 4930	  155.55568	 -74.64417	  228.92909	  229.36362
 4932	  162.02626	 -74.57265	  228.79384	  229.22839
 4933	  147.45903	  90.13393	  231.70607	  232.13979
 4934	  150.95966	  90.17262	  231.63289	  232.06664
 4935	  147.43109	  91.12357	  231.53778	  231.97156
 4935	  147.43109	  91.12357	  231.53778	  231.97156
 4934	  150.95966	  90.17262	  231.63289	  232.06664
 4936	  150.93172	  91.16226	  231.4646	  231.89839
 4934	  150.95966	  90.17262	  231.63289	  232.06664
 4937	  151.72432	  91.17104	  231.44804	  231.88184
 4936	  150.93172	  91.16226	  231.4646	  231.89839
 4938	  151.75227	  90.1814	  231.61632	  232.05006
 4937	  151.72432	  91.17104	  231.44804	  231.88184
 4934	  150.95966	  90.17262	  231.63289	  232.06664
 4939	  151.75227	  90.1814	  231.61632	  232.05006
 4940	  155.22493	  91.20973	  231.37486	  231.80867
