 753	 -9.82465	  2.87542	 -3.3851	 -2.88419
 753	 -9.82465	  2.87542	 -3.3851	 -2.88419
 754	 -9.79583	  2.89187	 -3.37345	 -2.87255
 749	 -9.75154	  2.79915	 -3.40418	 -2.90327
 749	 -9.75154	  2.79915	 -3.40418	 -2.90327
 754	 -9.79583	  2.89187	 -3.37345	 -2.87255
 755	 -9.72466	  2.81762	 -3.39202	 -2.89111
 756	 -9.79583	  2.89187	 -3.37345	 -2.87255
 757	 -9.57161	  2.95734	 -3.32905	 -2.82817
 755	 -9.72466	  2.81762	 -3.39202	 -2.89111
 758	 -9.62931	  3.01754	 -3.31399	 -2.81311
 757	 -9.57161	  2.95734	 -3.32905	 -2.82817
 756	 -9.79583	  2.89187	 -3.37345	 -2.87255
 757	 -9.57161	  2.95734	 -3.32905	 -2.82817
 758	 -9.62931	  3.01754	 -3.31399	 -2.81311
 759	 -9.56162	  2.95539	 -3.32294	 -2.82205
 759	 -9.56162	  2.95539	 -3.32294	 -2.82205
 758	 -9.62931	  3.01754	 -3.31399	 -2.81311
 760	 -9.61922	  3.01549	 -3.3079	 -2.80702
 761	 -9.85925	  2.98732	 -3.35605	 -2.85516
 762	 -9.79583	  2.89187	 -3.37345	 -2.87255
 763	 -9.8898	  2.97347	 -3.36723	 -2.86633
 763	 -9.8898	  2.97347	 -3.36723	 -2.86633
 762	 -9.79583	  2.89187	 -3.37345	 -2.87255
 764	 -9.82465	  2.87542	 -3.3851	 -2.88419
 765	 -9.68074	  3.09494	 -3.29989	 -2.79901
 766	 -9.79583	  2.89187	 -3.37345	 -2.87255
 761	 -9.85925	  2.98732	 -3.35605	 -2.85516
 767	 -9.62931	  3.01754	 -3.31399	 -2.81311
 766	 -9.79583	  2.89187	 -3.37345	 -2.87255
 765	 -9.68074	  3.09494	 -3.29989	 -2.79901
 768	 -9.67056	  3.09274	 -3.29382	 -2.79295
 769	 -9.62931	  3.01754	 -3.31399	 -2.81311
 765	 -9.68074	  3.09494	 -3.29989	 -2.79901
 770	 -9.61922	  3.01549	 -3.3079	 -2.80702
 769	 -9.62931	  3.01754	 -3.31399	 -2.81311
 768	 -9.67056	  3.09274	 -3.29382	 -2.79295
 752	 -10.3598	  3.13192	 -3.66687	 -3.16588
 771	 -10.41549	  3.24908	 -3.65063	 -3.14965
 772	 -9.8898	  2.97347	 -3.36723	 -2.86633
 772	 -9.8898	  2.97347	 -3.36723	 -2.86633
 771	 -10.41549	  3.24908	 -3.65063	 -3.14965
 773	 -9.9455	  3.09063	 -3.35099	 -2.8501
 773	 -9.9455	  3.09063	 -3.35099	 -2.8501
 774	 -9.91347	  3.10137	 -3.34024	 -2.83935
 775	 -9.8898	  2.97347	 -3.36723	 -2.86633
 775	 -9.8898	  2.97347	 -3.36723	 -2.86633
 774	 -9.91347	  3.10137	 -3.34024	 -2.83935
 776	 -9.85925	  2.98732	 -3.35605	 -2.85516
 777	 -9.91347	  3.10137	 -3.34024	 -2.83935
 778	 -9.68074	  3.09494	 -3.29989	 -2.79901
 776	 -9.85925	  2.98732	 -3.35605	 -2.85516
 779	 -9.7247	  3.1874	 -3.28707	 -2.7862
 778	 -9.68074	  3.09494	 -3.29989	 -2.79901
 777	 -9.91347	  3.10137	 -3.34024	 -2.83935
 780	 -9.95704	  3.23142	 -3.32644	 -2.82555
 781	 -9.91347	  3.10137	 -3.34024	 -2.83935
 782	 -9.99024	  3.22422	 -3.33681	 -2.83592
 782	 -9.99024	  3.22422	 -3.33681	 -2.83592
 781	 -9.91347	  3.10137	 -3.34024	 -2.83935
 783	 -9.9455	  3.09063	 -3.35099	 -2.8501
 784	 -9.76002	  3.29285	 -3.27588	 -2.77501
 785	 -9.91347	  3.10137	 -3.34024	 -2.83935
 780	 -9.95704	  3.23142	 -3.32644	 -2.82555
 786	 -9.7247	  3.1874	 -3.28707	 -2.7862
 785	 -9.91347	  3.10137	 -3.34024	 -2.83935
 784	 -9.76002	  3.29285	 -3.27588	 -2.77501
 787	 -9.9455	  3.09063	 -3.35099	 -2.8501
 771	 -10.41549	  3.24908	 -3.65063	 -3.14965
 788	 -9.99024	  3.22422	 -3.33681	 -2.83592
 788	 -9.99024	  3.22422	 -3.33681	 -2.83592
 771	 -10.41549	  3.24908	 -3.65063	 -3.14965
 789	 -10.46024	  3.38267	 -3.63645	 -3.13547
 789	 -10.46024	  3.38267	 -3.63645	 -3.13547
 771	 -10.41549	  3.24908	 -3.65063	 -3.14965
 790	 -11.85842	  3.85402	 -4.52782	 -4.02659
 791	 -13.72069	  4.48183	 -5.71507	 -5.2135
 792	 -13.75996	  4.62364	 -5.70192	 -5.20035
 790	 -11.85842	  3.85402	 -4.52782	 -4.02659
 790	 -11.85842	  3.85402	 -4.52782	 -4.02659
 792	 -13.75996	  4.62364	 -5.70192	 -5.20035
 793	 -11.89126	  4.00058	 -4.51602	 -4.01479
 790	 -11.85842	  3.85402	 -4.52782	 -4.02659
 794	 -10.49308	  3.52923	 -3.62464	 -3.12367
 789	 -10.46024	  3.38267	 -3.63645	 -3.13547
 789	 -10.46024	  3.38267	 -3.63645	 -3.13547
 794	 -10.49308	  3.52923	 -3.62464	 -3.12367
 795	 -9.99024	  3.22422	 -3.33681	 -2.83592
 795	 -9.99024	  3.22422	 -3.33681	 -2.83592
 794	 -10.49308	  3.52923	 -3.62464	 -3.12367
 796	 -10.02308	  3.37078	 -3.325	 -2.82412
 793	 -11.89126	  4.00058	 -4.51602	 -4.01479
 794	 -10.49308	  3.52923	 -3.62464	 -3.12367
 790	 -11.85842	  3.85402	 -4.52782	 -4.02659
 796	 -10.02308	  3.37078	 -3.325	 -2.82412
 797	 -9.989	  3.3741	 -3.31495	 -2.81406
 798	 -9.99024	  3.22422	 -3.33681	 -2.83592
 798	 -9.99024	  3.22422	 -3.33681	 -2.83592
 797	 -9.989	  3.3741	 -3.31495	 -2.81406
 799	 -9.95704	  3.23142	 -3.32644	 -2.82555
 790	 -11.85842	  3.85402	 -4.52782	 -4.02659
 800	 -13.68141	  4.34002	 -5.72823	 -5.22665
 801	 -13.72069	  4.48183	 -5.71507	 -5.2135
 802	 -11.81367	  3.72043	 -4.54201	 -4.04077
 800	 -13.68141	  4.34002	 -5.72823	 -5.22665
 790	 -11.85842	  3.85402	 -4.52782	 -4.02659
 790	 -11.85842	  3.85402	 -4.52782	 -4.02659
 771	 -10.41549	  3.24908	 -3.65063	 -3.14965
 802	 -11.81367	  3.72043	 -4.54201	 -4.04077
 803	 -11.75797	  3.60327	 -4.55824	 -4.057
 800	 -13.68141	  4.34002	 -5.72823	 -5.22665
 802	 -11.81367	  3.72043	 -4.54201	 -4.04077
 802	 -11.81367	  3.72043	 -4.54201	 -4.04077
 771	 -10.41549	  3.24908	 -3.65063	 -3.14965
 803	 -11.75797	  3.60327	 -4.55824	 -4.057
 804	 -13.62024	  4.23108	 -5.74549	 -5.24391
 800	 -13.68141	  4.34002	 -5.72823	 -5.22665
 803	 -11.75797	  3.60327	 -4.55824	 -4.057
 803	 -11.75797	  3.60327	 -4.55824	 -4.057
 771	 -10.41549	  3.24908	 -3.65063	 -3.14965
 752	 -10.3598	  3.13192	 -3.66687	 -3.16588
 752	 -10.3598	  3.13192	 -3.66687	 -3.16588
 748	 -10.29465	  3.03387	 -3.68474	 -3.18375
 803	 -11.75797	  3.60327	 -4.55824	 -4.057
 803	 -11.75797	  3.60327	 -4.55824	 -4.057
 805	 -13.55907	  4.12215	 -5.76275	 -5.26117
 806	 -13.62024	  4.23108	 -5.74549	 -5.24391
 807	 -11.69282	  3.50523	 -4.57611	 -4.07487
 805	 -13.55907	  4.12215	 -5.76275	 -5.26117
 803	 -11.75797	  3.60327	 -4.55824	 -4.057
 803	 -11.75797	  3.60327	 -4.55824	 -4.057
 748	 -10.29465	  3.03387	 -3.68474	 -3.18375
 807	 -11.69282	  3.50523	 -4.57611	 -4.07487
 807	 -11.69282	  3.50523	 -4.57611	 -4.07487
 748	 -10.29465	  3.03387	 -3.68474	 -3.18375
 808	 -11.61972	  3.42895	 -4.59519	 -4.09394
 808	 -11.61972	  3.42895	 -4.59519	 -4.09394
 809	 -13.55907	  4.12215	 -5.76275	 -5.26117
 807	 -11.69282	  3.50523	 -4.57611	 -4.07487
 808	 -11.61972	  3.42895	 -4.59519	 -4.09394
 748	 -10.29465	  3.03387	 -3.68474	 -3.18375
 741	 -10.22154	  2.95759	 -3.70381	 -3.20282
 810	 -13.48199	  4.05676	 -5.78244	 -5.28085
 809	 -13.55907	  4.12215	 -5.76275	 -5.26117
 808	 -11.61972	  3.42895	 -4.59519	 -4.09394
 741	 -10.22154	  2.95759	 -3.70381	 -3.20282
 731	 -10.14237	  2.90469	 -3.72362	 -3.22262
 808	 -11.61972	  3.42895	 -4.59519	 -4.09394
 808	 -11.61972	  3.42895	 -4.59519	 -4.09394
 811	 -13.4049	  3.99137	 -5.80212	 -5.30053
 810	 -13.48199	  4.05676	 -5.78244	 -5.28085
 808	 -11.61972	  3.42895	 -4.59519	 -4.09394
 731	 -10.14237	  2.90469	 -3.72362	 -3.22262
 730	 -11.54055	  3.37604	 -4.615	 -4.11375
 730	 -11.54055	  3.37604	 -4.615	 -4.11375
 811	 -13.4049	  3.99137	 -5.80212	 -5.30053
 808	 -11.61972	  3.42895	 -4.59519	 -4.09394
 812	 -10.00844	  3.52602	 -3.30608	 -2.8052
 813	 -9.989	  3.3741	 -3.31495	 -2.81406
 814	 -10.04305	  3.52684	 -3.3159	 -2.81502
 814	 -10.04305	  3.52684	 -3.3159	 -2.81502
 813	 -9.989	  3.3741	 -3.31495	 -2.81406
 815	 -10.02308	  3.37078	 -3.325	 -2.82412
 815	 -10.02308	  3.37078	 -3.325	 -2.82412
 794	 -10.49308	  3.52923	 -3.62464	 -3.12367
 814	 -10.04305	  3.52684	 -3.3159	 -2.81502
 816	 -9.80252	  3.5316	 -3.25919	 -2.75832
 817	 -9.989	  3.3741	 -3.31495	 -2.81406
 812	 -10.00844	  3.52602	 -3.30608	 -2.8052
 818	 -9.78346	  3.41072	 -3.26712	 -2.76625
 817	 -9.989	  3.3741	 -3.31495	 -2.81406
 816	 -9.80252	  3.5316	 -3.25919	 -2.75832
 814	 -10.04305	  3.52684	 -3.3159	 -2.81502
 794	 -10.49308	  3.52923	 -3.62464	 -3.12367
 819	 -10.51305	  3.68529	 -3.61554	 -3.11457
 819	 -10.51305	  3.68529	 -3.61554	 -3.11457
 794	 -10.49308	  3.52923	 -3.62464	 -3.12367
 820	 -11.91123	  4.15664	 -4.50692	 -4.00569
 820	 -11.91123	  4.15664	 -4.50692	 -4.00569
 794	 -10.49308	  3.52923	 -3.62464	 -3.12367
 793	 -11.89126	  4.00058	 -4.51602	 -4.01479
 793	 -11.89126	  4.00058	 -4.51602	 -4.01479
 821	 -13.75996	  4.62364	 -5.70192	 -5.20035
 820	 -11.91123	  4.15664	 -4.50692	 -4.00569
 820	 -11.91123	  4.15664	 -4.50692	 -4.00569
 821	 -13.75996	  4.62364	 -5.70192	 -5.20035
 822	 -13.77349	  4.78445	 -5.69416	 -5.1926
 823	 -13.77349	  4.78445	 -5.69416	 -5.1926
 824	 -13.78703	  4.94526	 -5.68641	 -5.18485
 820	 -11.91123	  4.15664	 -4.50692	 -4.00569
 820	 -11.91123	  4.15664	 -4.50692	 -4.00569
 824	 -13.78703	  4.94526	 -5.68641	 -5.18485
 673	 -11.918	  4.31827	 -4.5007	 -3.99948
 673	 -11.918	  4.31827	 -4.5007	 -3.99948
 825	 -10.51982	  3.84691	 -3.60932	 -3.10836
 820	 -11.91123	  4.15664	 -4.50692	 -4.00569
 669	 -11.91123	  4.48152	 -4.49756	 -3.99634
 825	 -10.51982	  3.84691	 -3.60932	 -3.10836
 673	 -11.918	  4.31827	 -4.5007	 -3.99948
 820	 -11.91123	  4.15664	 -4.50692	 -4.00569
 825	 -10.51982	  3.84691	 -3.60932	 -3.10836
 819	 -10.51305	  3.68529	 -3.61554	 -3.11457
 674	 -10.51305	  4.01017	 -3.60619	 -3.10522
 825	 -10.51982	  3.84691	 -3.60932	 -3.10836
 669	 -11.91123	  4.48152	 -4.49756	 -3.99634
 819	 -10.51305	  3.68529	 -3.61554	 -3.11457
 825	 -10.51982	  3.84691	 -3.60932	 -3.10836
 826	 -10.04305	  3.52684	 -3.3159	 -2.81502
 826	 -10.04305	  3.52684	 -3.3159	 -2.81502
 825	 -10.51982	  3.84691	 -3.60932	 -3.10836
 827	 -10.04982	  3.68847	 -3.30968	 -2.8088
 828	 -10.04305	  3.85172	 -3.30655	 -2.80567
 825	 -10.51982	  3.84691	 -3.60932	 -3.10836
 674	 -10.51305	  4.01017	 -3.60619	 -3.10522
 829	 -10.04982	  3.68847	 -3.30968	 -2.8088
 825	 -10.51982	  3.84691	 -3.60932	 -3.10836
 828	 -10.04305	  3.85172	 -3.30655	 -2.80567
 828	 -10.04305	  3.85172	 -3.30655	 -2.80567
 830	 -10.01503	  3.68336	 -3.30003	 -2.79915
 829	 -10.04982	  3.68847	 -3.30968	 -2.8088
 831	 -10.00844	  3.84229	 -3.29698	 -2.7961
 830	 -10.01503	  3.68336	 -3.30003	 -2.79915
 828	 -10.04305	  3.85172	 -3.30655	 -2.80567
 827	 -10.04982	  3.68847	 -3.30968	 -2.8088
 832	 -10.01503	  3.68336	 -3.30003	 -2.79915
 833	 -10.04305	  3.52684	 -3.3159	 -2.81502
 833	 -10.04305	  3.52684	 -3.3159	 -2.81502
 832	 -10.01503	  3.68336	 -3.30003	 -2.79915
 834	 -10.00844	  3.52602	 -3.30608	 -2.8052
 835	 -9.80251	  3.78802	 -3.25181	 -2.75094
 836	 -10.01503	  3.68336	 -3.30003	 -2.79915
 831	 -10.00844	  3.84229	 -3.29698	 -2.7961
 837	 -9.80786	  3.65917	 -3.25428	 -2.75341
 836	 -10.01503	  3.68336	 -3.30003	 -2.79915
 835	 -9.80251	  3.78802	 -3.25181	 -2.75094
 838	 -10.01503	  3.68336	 -3.30003	 -2.79915
 839	 -9.80252	  3.5316	 -3.25919	 -2.75832
 834	 -10.00844	  3.52602	 -3.30608	 -2.8052
 840	 -9.80786	  3.65917	 -3.25428	 -2.75341
 839	 -9.80252	  3.5316	 -3.25919	 -2.75832
 838	 -10.01503	  3.68336	 -3.30003	 -2.79915
 841	 -9.95704	  4.14926	 -3.30001	 -2.79913
 842	 -9.989	  3.99888	 -3.29696	 -2.79608
 843	 -9.99024	  4.16705	 -3.30966	 -2.80878
 843	 -9.99024	  4.16705	 -3.30966	 -2.80878
 842	 -9.989	  3.99888	 -3.29696	 -2.79608
 844	 -10.02308	  4.01258	 -3.30653	 -2.80565
 845	 -9.76002	  4.03701	 -3.25446	 -2.75359
 846	 -9.989	  3.99888	 -3.29696	 -2.79608
 841	 -9.95704	  4.14926	 -3.30001	 -2.79913
 847	 -9.78346	  3.91354	 -3.25264	 -2.75177
 846	 -9.989	  3.99888	 -3.29696	 -2.79608
 845	 -9.76002	  4.03701	 -3.25446	 -2.75359
 847	 -9.78346	  3.91354	 -3.25264	 -2.75177
 848	 -9.76002	  4.03701	 -3.25446	 -2.75359
 849	 -9.77315	  3.94351	 -3.24512	 -2.74426
 849	 -9.77315	  3.94351	 -3.24512	 -2.74426
 848	 -9.76002	  4.03701	 -3.25446	 -2.75359
 850	 -9.7497	  4.03319	 -3.24847	 -2.74761
 851	 -9.9455	  4.31141	 -3.31584	 -2.81496
 852	 -9.91347	  4.28979	 -3.30603	 -2.80515
 853	 -9.99024	  4.16705	 -3.30966	 -2.80878
 853	 -9.99024	  4.16705	 -3.30966	 -2.80878
 852	 -9.91347	  4.28979	 -3.30603	 -2.80515
 854	 -9.95704	  4.14926	 -3.30001	 -2.79913
 855	 -9.91347	  4.28979	 -3.30603	 -2.80515
 856	 -9.76002	  4.03701	 -3.25446	 -2.75359
 854	 -9.95704	  4.14926	 -3.30001	 -2.79913
 857	 -9.7247	  4.15095	 -3.25933	 -2.75846
 856	 -9.76002	  4.03701	 -3.25446	 -2.75359
 855	 -9.91347	  4.28979	 -3.30603	 -2.80515
 858	 -4.74353	  1.28236	 -0.36314	  0.1369
 859	 -4.66874	  1.28087	 -0.38046	  0.11959
 860	 -4.76205	  1.31683	 -0.37613	  0.12392
 860	 -4.76205	  1.31683	 -0.37613	  0.12392
 859	 -4.66874	  1.28087	 -0.38046	  0.11959
 861	 -4.68952	  1.31541	 -0.39291	  0.10713
 862	 -4.82773	  1.33883	 -0.36032	  0.13971
 863	 -4.76205	  1.31683	 -0.37613	  0.12392
 864	 -6.78738	  1.99948	 -1.60966	 -1.10926
 864	 -6.78738	  1.99948	 -1.60966	 -1.10926
 863	 -4.76205	  1.31683	 -0.37613	  0.12392
 865	 -6.72171	  1.97747	 -1.62546	 -1.12506
 866	 -4.82773	  1.33883	 -0.36032	  0.13971
 864	 -6.78738	  1.99948	 -1.60966	 -1.10926
 867	 -4.89011	  1.38052	 -0.34472	  0.15532
 867	 -4.89011	  1.38052	 -0.34472	  0.15532
 864	 -6.78738	  1.99948	 -1.60966	 -1.10926
 868	 -6.84976	  2.04116	 -1.59405	 -1.09366
 869	 -4.76205	  1.31683	 -0.37613	  0.12392
 870	 -6.64918	  1.97605	 -1.64225	 -1.14185
 865	 -6.72171	  1.97747	 -1.62546	 -1.12506
 871	 -4.68952	  1.31541	 -0.39291	  0.10713
 870	 -6.64918	  1.97605	 -1.64225	 -1.14185
 869	 -4.76205	  1.31683	 -0.37613	  0.12392
 872	 -6.90736	  2.10126	 -1.57902	 -1.07863
 873	 -4.89011	  1.38052	 -0.34472	  0.15532
 868	 -6.84976	  2.04116	 -1.59405	 -1.09366
 874	 -4.94771	  1.44062	 -0.32968	  0.17035
 873	 -4.89011	  1.38052	 -0.34472	  0.15532
 872	 -6.90736	  2.10126	 -1.57902	 -1.07863
 875	 -4.94771	  1.44062	 -0.32968	  0.17035
 872	 -6.90736	  2.10126	 -1.57902	 -1.07863
 876	 -4.99904	  1.51788	 -0.3156	  0.18442
 876	 -4.99904	  1.51788	 -0.3156	  0.18442
 872	 -6.90736	  2.10126	 -1.57902	 -1.07863
 877	 -6.9587	  2.17852	 -1.56494	 -1.06456
 878	 -7.00258	  2.27082	 -1.55215	 -1.05177
 879	 -4.99904	  1.51788	 -0.3156	  0.18442
 877	 -6.9587	  2.17852	 -1.56494	 -1.06456
 880	 -5.04293	  1.61018	 -0.30281	  0.19721
 879	 -4.99904	  1.51788	 -0.3156	  0.18442
 878	 -7.00258	  2.27082	 -1.55215	 -1.05177
 881	 -5.04293	  1.61018	 -0.30281	  0.19721
 878	 -7.00258	  2.27082	 -1.55215	 -1.05177
 882	 -5.07819	  1.71545	 -0.29164	  0.20838
 882	 -5.07819	  1.71545	 -0.29164	  0.20838
 878	 -7.00258	  2.27082	 -1.55215	 -1.05177
 883	 -7.03784	  2.37609	 -1.54097	 -1.0406
 884	 -5.0703	  1.69439	 -0.27581	  0.22421
 885	 -5.03386	  1.58559	 -0.28736	  0.21266
 886	 -5.07819	  1.71545	 -0.29164	  0.20838
 886	 -5.07819	  1.71545	 -0.29164	  0.20838
 885	 -5.03386	  1.58559	 -0.28736	  0.21266
 887	 -5.04293	  1.61018	 -0.30281	  0.19721
 888	 -5.03153	  1.55253	 -0.17549	  0.32449
 889	 -5.03386	  1.58559	 -0.28736	  0.21266
 884	 -5.0703	  1.69439	 -0.27581	  0.22421
 890	 -4.98678	  1.41894	 -0.18967	  0.31032
 889	 -5.03386	  1.58559	 -0.28736	  0.21266
 888	 -5.03153	  1.55253	 -0.17549	  0.32449
 891	 -5.03153	  1.55253	 -0.17549	  0.32449
 892	 -4.98335	  1.40157	 -0.18021	  0.31978
 890	 -4.98678	  1.41894	 -0.18967	  0.31032
 893	 -5.02899	  1.53783	 -0.16575	  0.33424
 892	 -4.98335	  1.40157	 -0.18021	  0.31978
 891	 -5.03153	  1.55253	 -0.17549	  0.32449
 894	 -5.08353	  1.46944	 -0.14958	  0.3504
 895	 -4.98335	  1.40157	 -0.18021	  0.31978
 893	 -5.02899	  1.53783	 -0.16575	  0.33424
 896	 -5.0323	  1.31648	 -0.16582	  0.33416
 895	 -4.98335	  1.40157	 -0.18021	  0.31978
 894	 -5.08353	  1.46944	 -0.14958	  0.3504
 897	 -5.1028	  1.79935	 -0.28405	  0.21597
 898	 -5.07819	  1.71545	 -0.29164	  0.20838
 899	 -7.06187	  2.45979	 -1.53301	 -1.03264
 899	 -7.06187	  2.45979	 -1.53301	 -1.03264
 898	 -5.07819	  1.71545	 -0.29164	  0.20838
 900	 -7.03784	  2.37609	 -1.54097	 -1.0406
 901	 -5.09994	  1.81785	 -0.27024	  0.22977
 902	 -5.0703	  1.69439	 -0.27581	  0.22421
 903	 -5.1028	  1.79935	 -0.28405	  0.21597
 903	 -5.1028	  1.79935	 -0.28405	  0.21597
 902	 -5.0703	  1.69439	 -0.27581	  0.22421
 904	 -5.07819	  1.71545	 -0.29164	  0.20838
 905	 -5.32835	  1.97135	 -0.29419	  0.20583
 906	 -5.32221	  1.90416	 -0.29897	  0.20105
 907	 -5.33388	  1.97366	 -0.29656	  0.20346
 907	 -5.33388	  1.97366	 -0.29656	  0.20346
 906	 -5.32221	  1.90416	 -0.29897	  0.20105
 908	 -5.32418	  1.88324	 -0.30185	  0.19817
 909	 -5.33964	  2.09263	 -0.2918	  0.20822
 910	 -5.33388	  1.97366	 -0.29656	  0.20346
 911	 -7.21798	  2.72586	 -1.4893	 -0.98894
 911	 -7.21798	  2.72586	 -1.4893	 -0.98894
 910	 -5.33388	  1.97366	 -0.29656	  0.20346
 912	 -7.21222	  2.6069	 -1.49405	 -0.99369
 913	 -5.33964	  2.09263	 -0.2918	  0.20822
 914	 -5.33425	  2.09134	 -0.28937	  0.21065
 915	 -5.33388	  1.97366	 -0.29656	  0.20346
 915	 -5.33388	  1.97366	 -0.29656	  0.20346
 914	 -5.33425	  2.09134	 -0.28937	  0.21065
 916	 -5.32835	  1.97135	 -0.29419	  0.20583
 917	 -4.94771	  2.76454	 -0.29156	  0.20845
 918	 -4.99904	  2.67494	 -0.28229	  0.21773
 919	 -6.90736	  3.42518	 -1.5409	 -1.04052
 919	 -6.90736	  3.42518	 -1.5409	 -1.04052
 918	 -4.99904	  2.67494	 -0.28229	  0.21773
 920	 -6.9587	  3.33558	 -1.53162	 -1.03125
 921	 -4.94771	  2.76454	 -0.29156	  0.20845
 919	 -6.90736	  3.42518	 -1.5409	 -1.04052
 922	 -4.89011	  2.8385	 -0.30274	  0.19728
 922	 -4.89011	  2.8385	 -0.30274	  0.19728
 919	 -6.90736	  3.42518	 -1.5409	 -1.04052
 923	 -6.84976	  3.49914	 -1.55207	 -1.05169
 924	 -4.99904	  2.67494	 -0.28229	  0.21773
 925	 -7.00258	  3.23271	 -1.52445	 -1.02408
 920	 -6.9587	  3.33558	 -1.53162	 -1.03125
 926	 -5.04293	  2.57207	 -0.27512	  0.2249
 925	 -7.00258	  3.23271	 -1.52445	 -1.02408
 924	 -4.99904	  2.67494	 -0.28229	  0.21773
 927	 -5.04293	  2.57207	 -0.27512	  0.2249
 928	 -5.07819	  2.45832	 -0.27025	  0.22977
 925	 -7.00258	  3.23271	 -1.52445	 -1.02408
 925	 -7.00258	  3.23271	 -1.52445	 -1.02408
 928	 -5.07819	  2.45832	 -0.27025	  0.22977
 929	 -7.03784	  3.11897	 -1.51958	 -1.01921
 930	 -4.94771	  2.76454	 -0.29156	  0.20845
 931	 -4.93544	  2.77878	 -0.27574	  0.22428
 932	 -4.99904	  2.67494	 -0.28229	  0.21773
 932	 -4.99904	  2.67494	 -0.28229	  0.21773
 931	 -4.93544	  2.77878	 -0.27574	  0.22428
 933	 -4.98849	  2.68616	 -0.26615	  0.23386
 934	 -4.93544	  2.77878	 -0.27574	  0.22428
 935	 -4.93109	  2.77027	 -0.16363	  0.33635
 933	 -4.98849	  2.68616	 -0.26615	  0.23386
 936	 -4.86594	  2.884	 -0.1754	  0.32458
 935	 -4.93109	  2.77027	 -0.16363	  0.33635
 934	 -4.93544	  2.77878	 -0.27574	  0.22428
 936	 -4.86594	  2.884	 -0.1754	  0.32458
 937	 -4.8601	  2.89585	 -0.16566	  0.33433
 938	 -4.93109	  2.77027	 -0.16363	  0.33635
 938	 -4.93109	  2.77027	 -0.16363	  0.33635
 937	 -4.8601	  2.89585	 -0.16566	  0.33433
 939	 -4.92655	  2.77986	 -0.15365	  0.34633
 937	 -4.8601	  2.89585	 -0.16566	  0.33433
 549	 -4.96853	  2.86373	 -0.136	  0.36397
 939	 -4.92655	  2.77986	 -0.15365	  0.34633
 940	 -4.89393	  2.99394	 -0.14948	  0.3505
 549	 -4.96853	  2.86373	 -0.136	  0.36397
 937	 -4.8601	  2.89585	 -0.16566	  0.33433
 941	 -4.8759	  2.85523	 -0.28729	  0.21273
 942	 -4.93544	  2.77878	 -0.27574	  0.22428
 943	 -4.89011	  2.8385	 -0.30274	  0.19728
 943	 -4.89011	  2.8385	 -0.30274	  0.19728
 942	 -4.93544	  2.77878	 -0.27574	  0.22428
 944	 -4.94771	  2.76454	 -0.29156	  0.20845
 945	 -4.79283	  2.97786	 -0.18958	  0.31041
 942	 -4.93544	  2.77878	 -0.27574	  0.22428
 941	 -4.8759	  2.85523	 -0.28729	  0.21273
 946	 -4.86594	  2.884	 -0.1754	  0.32458
 942	 -4.93544	  2.77878	 -0.27574	  0.22428
 945	 -4.79283	  2.97786	 -0.18958	  0.31041
 947	 -4.79283	  2.97786	 -0.18958	  0.31041
 948	 -4.8601	  2.89585	 -0.16566	  0.33433
 946	 -4.86594	  2.884	 -0.1754	  0.32458
 949	 -4.78553	  2.99159	 -0.18012	  0.31987
 948	 -4.8601	  2.89585	 -0.16566	  0.33433
 947	 -4.79283	  2.97786	 -0.18958	  0.31041
 950	 -4.81023	  3.10142	 -0.16572	  0.33427
 948	 -4.8601	  2.89585	 -0.16566	  0.33433
 949	 -4.78553	  2.99159	 -0.18012	  0.31987
 951	 -4.89393	  2.99394	 -0.14948	  0.3505
 948	 -4.8601	  2.89585	 -0.16566	  0.33433
 950	 -4.81023	  3.10142	 -0.16572	  0.33427
 952	 -4.81247	  3.13137	 -0.15847	  0.34151
 951	 -4.89393	  2.99394	 -0.14948	  0.3505
 953	 -4.81023	  3.10142	 -0.16572	  0.33427
 954	 -4.8988	  3.02052	 -0.14172	  0.35826
 951	 -4.89393	  2.99394	 -0.14948	  0.3505
 952	 -4.81247	  3.13137	 -0.15847	  0.34151
 952	 -4.81247	  3.13137	 -0.15847	  0.34151
 955	 -4.88319	  3.02637	 -0.12693	  0.37304
 954	 -4.8988	  3.02052	 -0.14172	  0.35826
 570	 -4.79569	  3.13872	 -0.14391	  0.35607
 955	 -4.88319	  3.02637	 -0.12693	  0.37304
 952	 -4.81247	  3.13137	 -0.15847	  0.34151
 956	 -4.82773	  2.8952	 -0.31551	  0.18451
 957	 -4.89011	  2.8385	 -0.30274	  0.19728
 958	 -6.78738	  3.55584	 -1.56485	 -1.06447
 958	 -6.78738	  3.55584	 -1.56485	 -1.06447
 957	 -4.89011	  2.8385	 -0.30274	  0.19728
 923	 -6.84976	  3.49914	 -1.55207	 -1.05169
 959	 -4.82773	  2.8952	 -0.31551	  0.18451
 958	 -6.78738	  3.55584	 -1.56485	 -1.06447
 960	 -4.76205	  2.93301	 -0.32959	  0.17044
 960	 -4.76205	  2.93301	 -0.32959	  0.17044
 958	 -6.78738	  3.55584	 -1.56485	 -1.06447
 961	 -6.72171	  3.59365	 -1.57893	 -1.07854
 962	 -6.64918	  3.61251	 -1.59513	 -1.09474
 963	 -4.76205	  2.93301	 -0.32959	  0.17044
 961	 -6.72171	  3.59365	 -1.57893	 -1.07854
 964	 -4.68952	  2.95187	 -0.3458	  0.15424
 963	 -4.76205	  2.93301	 -0.32959	  0.17044
 962	 -6.64918	  3.61251	 -1.59513	 -1.09474
 965	 -4.81142	  2.91383	 -0.30049	  0.19953
 966	 -4.74353	  2.95292	 -0.31504	  0.18498
 967	 -4.71366	  3.04981	 -0.2058	  0.2942
 966	 -4.74353	  2.95292	 -0.31504	  0.18498
 965	 -4.81142	  2.91383	 -0.30049	  0.19953
 968	 -4.76205	  2.93301	 -0.32959	  0.17044
 968	 -4.76205	  2.93301	 -0.32959	  0.17044
 965	 -4.81142	  2.91383	 -0.30049	  0.19953
 969	 -4.82773	  2.8952	 -0.31551	  0.18451
 967	 -4.71366	  3.04981	 -0.2058	  0.2942
 966	 -4.74353	  2.95292	 -0.31504	  0.18498
 970	 -4.63031	  3.0978	 -0.22366	  0.27633
 970	 -4.63031	  3.0978	 -0.22366	  0.27633
 971	 -4.70478	  3.06498	 -0.19666	  0.30333
 967	 -4.71366	  3.04981	 -0.2058	  0.2942
 972	 -4.61977	  3.11393	 -0.21488	  0.28512
 971	 -4.70478	  3.06498	 -0.19666	  0.30333
 970	 -4.63031	  3.0978	 -0.22366	  0.27633
 973	 -4.62414	  3.23875	 -0.20474	  0.29526
 974	 -4.70478	  3.06498	 -0.19666	  0.30333
 972	 -4.61977	  3.11393	 -0.21488	  0.28512
 975	 -4.71958	  3.1838	 -0.18428	  0.31571
 974	 -4.70478	  3.06498	 -0.19666	  0.30333
 973	 -4.62414	  3.23875	 -0.20474	  0.29526
 976	 -9.3707	  4.5314	 -3.33014	 -2.82925
 977	 -9.44333	  4.51251	 -3.3139	 -2.81302
 978	 -9.47807	  4.75888	 -3.39308	 -2.89217
 978	 -9.47807	  4.75888	 -3.39308	 -2.89217
 977	 -9.44333	  4.51251	 -3.3139	 -2.81302
 979	 -9.56645	  4.73573	 -3.37333	 -2.87243
 980	 -4.66874	  1.28087	 -0.38046	  0.11959
 981	 -4.74353	  1.28236	 -0.36314	  0.1369
 982	 -4.53966	  1.04466	 -0.30371	  0.19631
 982	 -4.53966	  1.04466	 -0.30371	  0.19631
 981	 -4.74353	  1.28236	 -0.36314	  0.1369
 983	 -4.6303	  1.04662	 -0.28272	  0.21729
 984	 -9.3707	  2.89212	 -3.37733	 -2.87643
 985	 -9.47807	  2.73703	 -3.45129	 -2.95037
 986	 -9.44333	  2.89354	 -3.36052	 -2.85962
 986	 -9.44333	  2.89354	 -3.36052	 -2.85962
 985	 -9.47807	  2.73703	 -3.45129	 -2.95037
 987	 -9.56645	  2.73892	 -3.43083	 -2.92991
 988	 -4.71366	  1.07455	 -0.26267	  0.23734
 989	 -4.81141	  1.30511	 -0.34681	  0.15323
 990	 -4.79283	  1.12746	 -0.24286	  0.25715
 990	 -4.79283	  1.12746	 -0.24286	  0.25715
 989	 -4.81141	  1.30511	 -0.34681	  0.15323
 991	 -4.87589	  1.3482	 -0.33068	  0.16936
 991	 -4.87589	  1.3482	 -0.33068	  0.16936
 992	 -4.81141	  1.30511	 -0.34681	  0.15323
 993	 -4.89011	  1.38052	 -0.34472	  0.15532
 993	 -4.89011	  1.38052	 -0.34472	  0.15532
 992	 -4.81141	  1.30511	 -0.34681	  0.15323
 994	 -4.82773	  1.33883	 -0.36032	  0.13971
 995	 -4.79283	  1.12746	 -0.24286	  0.25715
 996	 -4.70478	  1.05032	 -0.25466	  0.24535
 988	 -4.71366	  1.07455	 -0.26267	  0.23734
 997	 -4.78553	  1.10428	 -0.23446	  0.26554
 996	 -4.70478	  1.05032	 -0.25466	  0.24535
 995	 -4.79283	  1.12746	 -0.24286	  0.25715
 998	 -4.81023	  0.98274	 -0.22672	  0.27329
 996	 -4.70478	  1.05032	 -0.25466	  0.24535
 997	 -4.78553	  1.10428	 -0.23446	  0.26554
 999	 -4.71958	  0.92217	 -0.2494	  0.25061
 996	 -4.70478	  1.05032	 -0.25466	  0.24535
 998	 -4.81023	  0.98274	 -0.22672	  0.27329
 1000	 -4.81247	  0.94613	 -0.22138	  0.27862
 999	 -4.71958	  0.92217	 -0.2494	  0.25061
 1001	 -4.81023	  0.98274	 -0.22672	  0.27329
 304	 -4.71897	  0.88366	 -0.24478	  0.25523
 999	 -4.71958	  0.92217	 -0.2494	  0.25061
 1000	 -4.81247	  0.94613	 -0.22138	  0.27862
 1002	 -4.86593	  1.20374	 -0.22378	  0.27622
 1003	 -4.93543	  1.41032	 -0.31514	  0.18489
 1004	 -4.93108	  1.30179	 -0.20591	  0.29408
 1004	 -4.93108	  1.30179	 -0.20591	  0.29408
 1003	 -4.93543	  1.41032	 -0.31514	  0.18489
 1005	 -4.98849	  1.49017	 -0.30058	  0.19944
 1005	 -4.98849	  1.49017	 -0.30058	  0.19944
 1003	 -4.93543	  1.41032	 -0.31514	  0.18489
 1006	 -4.99904	  1.51788	 -0.3156	  0.18442
 1006	 -4.99904	  1.51788	 -0.3156	  0.18442
 1003	 -4.93543	  1.41032	 -0.31514	  0.18489
 1007	 -4.94771	  1.44062	 -0.32968	  0.17035
 1008	 -4.93108	  1.30179	 -0.20591	  0.29408
 1009	 -4.8601	  1.18208	 -0.215	  0.285
 1002	 -4.86593	  1.20374	 -0.22378	  0.27622
 1010	 -4.92654	  1.28208	 -0.19677	  0.30322
 1009	 -4.8601	  1.18208	 -0.215	  0.285
 1008	 -4.93108	  1.30179	 -0.20591	  0.29408
 1011	 -4.96853	  1.18234	 -0.18441	  0.31558
 1012	 -4.8601	  1.18208	 -0.215	  0.285
 1010	 -4.92654	  1.28208	 -0.19677	  0.30322
 1013	 -4.89393	  1.07008	 -0.20487	  0.29513
 1012	 -4.8601	  1.18208	 -0.215	  0.285
 1011	 -4.96853	  1.18234	 -0.18441	  0.31558
 1014	 -9.78346	  3.41072	 -3.26712	 -2.76625
 1015	 -9.76002	  3.29285	 -3.27588	 -2.77501
 1016	 -9.989	  3.3741	 -3.31495	 -2.81406
 1016	 -9.989	  3.3741	 -3.31495	 -2.81406
 1015	 -9.76002	  3.29285	 -3.27588	 -2.77501
 1017	 -9.95704	  3.23142	 -3.32644	 -2.82555
 1014	 -9.78346	  3.41072	 -3.26712	 -2.76625
 1018	 -9.77315	  3.37382	 -3.26152	 -2.76065
 1019	 -9.76002	  3.29285	 -3.27588	 -2.77501
 1019	 -9.76002	  3.29285	 -3.27588	 -2.77501
 1018	 -9.77315	  3.37382	 -3.26152	 -2.76065
 1020	 -9.7497	  3.29032	 -3.26986	 -2.76899
 1021	 -4.61977	  1.02183	 -0.27512	  0.2249
 1022	 -4.52742	  1.01982	 -0.2965	  0.20352
 1023	 -4.6303	  1.04662	 -0.28272	  0.21729
 1023	 -4.6303	  1.04662	 -0.28272	  0.21729
 1022	 -4.52742	  1.01982	 -0.2965	  0.20352
 1024	 -4.53966	  1.04466	 -0.30371	  0.19631
 1025	 -4.98678	  1.41894	 -0.18967	  0.31032
 1026	 -4.93108	  1.30179	 -0.20591	  0.29408
 1027	 -5.03386	  1.58559	 -0.28736	  0.21266
 1027	 -5.03386	  1.58559	 -0.28736	  0.21266
 1026	 -4.93108	  1.30179	 -0.20591	  0.29408
 1028	 -4.98849	  1.49017	 -0.30058	  0.19944
 1025	 -4.98678	  1.41894	 -0.18967	  0.31032
 1029	 -4.98335	  1.40157	 -0.18021	  0.31978
 1030	 -4.93108	  1.30179	 -0.20591	  0.29408
 1030	 -4.93108	  1.30179	 -0.20591	  0.29408
 1029	 -4.98335	  1.40157	 -0.18021	  0.31978
 1031	 -4.92654	  1.28208	 -0.19677	  0.30322
 1032	 -4.99904	  1.51788	 -0.3156	  0.18442
 1033	 -5.03386	  1.58559	 -0.28736	  0.21266
 1028	 -4.98849	  1.49017	 -0.30058	  0.19944
 1034	 -5.04293	  1.61018	 -0.30281	  0.19721
 1033	 -5.03386	  1.58559	 -0.28736	  0.21266
 1032	 -4.99904	  1.51788	 -0.3156	  0.18442
 1035	 -4.98335	  1.40157	 -0.18021	  0.31978
 1036	 -4.96853	  1.18234	 -0.18441	  0.31558
 1031	 -4.92654	  1.28208	 -0.19677	  0.30322
 1037	 -5.0323	  1.31648	 -0.16582	  0.33416
 1036	 -4.96853	  1.18234	 -0.18441	  0.31558
 1035	 -4.98335	  1.40157	 -0.18021	  0.31978
 1038	 -4.63031	  3.0978	 -0.22366	  0.27633
 1039	 -4.74353	  2.95292	 -0.31504	  0.18498
 1040	 -4.53966	  3.12157	 -0.24391	  0.25609
 1040	 -4.53966	  3.12157	 -0.24391	  0.25609
 1039	 -4.74353	  2.95292	 -0.31504	  0.18498
 1041	 -4.66874	  2.97239	 -0.33175	  0.16828
 1042	 -4.53966	  3.12157	 -0.24391	  0.25609
 1043	 -4.52742	  3.13816	 -0.23551	  0.26449
 1044	 -4.63031	  3.0978	 -0.22366	  0.27633
 1044	 -4.63031	  3.0978	 -0.22366	  0.27633
 1043	 -4.52742	  3.13816	 -0.23551	  0.26449
 1045	 -4.61977	  3.11393	 -0.21488	  0.28512
 1046	 -3.50455	  0.67503	  0.3556	  0.85544
 1047	 -3.50762	  0.54618	  0.3499	  0.84974
 1048	 -3.5969	  0.67704	  0.37699	  0.87682
 1048	 -3.5969	  0.67704	  0.37699	  0.87682
 1047	 -3.50762	  0.54618	  0.3499	  0.84974
 1049	 -3.61066	  0.54852	  0.37377	  0.87359
 1050	 -3.68192	  0.70553	  0.39744	  0.89727
 1051	 -3.5969	  0.67704	  0.37699	  0.87682
 1052	 -3.70609	  0.58051	  0.39673	  0.89655
 1052	 -3.70609	  0.58051	  0.39673	  0.89655
 1051	 -3.5969	  0.67704	  0.37699	  0.87682
 286	 -3.61066	  0.54852	  0.37377	  0.87359
 1051	 -3.5969	  0.67704	  0.37699	  0.87682
 1050	 -3.68192	  0.70553	  0.39744	  0.89727
 1053	 -3.58856	  0.69558	  0.38143	  0.88126
 1053	 -3.58856	  0.69558	  0.38143	  0.88126
 1050	 -3.68192	  0.70553	  0.39744	  0.89727
 1054	 -3.67191	  0.72351	  0.40149	  0.90131
 1054	 -3.67191	  0.72351	  0.40149	  0.90131
 1055	 -3.57501	  0.69097	  0.46327	  0.96308
 1056	 -3.58856	  0.69558	  0.38143	  0.88126
 1056	 -3.58856	  0.69558	  0.38143	  0.88126
 1055	 -3.57501	  0.69097	  0.46327	  0.96308
 1057	 -3.49166	  0.66304	  0.44321	  0.94302
 1057	 -3.49166	  0.66304	  0.44321	  0.94302
 1058	 -3.57501	  0.69097	  0.46327	  0.96308
 1059	 -3.4735	  0.65697	  0.4548	  0.9546
 1059	 -3.4735	  0.65697	  0.4548	  0.9546
 1058	 -3.57501	  0.69097	  0.46327	  0.96308
 1060	 -3.55684	  0.68489	  0.47486	  0.97466
 1060	 -3.55684	  0.68489	  0.47486	  0.97466
 1061	 -3.53044	  0.72109	  0.48673	  0.98653
 1062	 -3.4735	  0.65697	  0.4548	  0.9546
 1062	 -3.4735	  0.65697	  0.4548	  0.9546
 1061	 -3.53044	  0.72109	  0.48673	  0.98653
 1063	 -3.45062	  0.69435	  0.46752	  0.96732
 1064	 -3.53044	  0.72109	  0.48673	  0.98653
 1065	 -3.33166	  0.93746	  0.53164	  1.03142
 1063	 -3.45062	  0.69435	  0.46752	  0.96732
 1066	 -3.38934	  0.9568	  0.54551	  1.04529
 1065	 -3.33166	  0.93746	  0.53164	  1.03142
 1064	 -3.53044	  0.72109	  0.48673	  0.98653
 1067	 -4.52742	  1.01982	 -0.2965	  0.20352
 1068	 -4.61977	  1.02183	 -0.27512	  0.2249
 1069	 -4.52111	  0.88785	 -0.29622	  0.2038
 1069	 -4.52111	  0.88785	 -0.29622	  0.2038
 1068	 -4.61977	  1.02183	 -0.27512	  0.2249
 1070	 -4.62414	  0.89019	 -0.27236	  0.22766
 1071	 -3.83723	  0.83729	  0.43711	  0.93692
 1072	 -3.76267	  0.75949	  0.41765	  0.91746
 1073	 -3.88045	  0.72841	  0.44126	  0.94107
 1073	 -3.88045	  0.72841	  0.44126	  0.94107
 1072	 -3.76267	  0.75949	  0.41765	  0.91746
 330	 -3.79675	  0.64108	  0.41941	  0.91922
 1072	 -3.76267	  0.75949	  0.41765	  0.91746
 1074	 -3.83723	  0.83729	  0.43711	  0.93692
 1075	 -3.75107	  0.77641	  0.4213	  0.92112
 1075	 -3.75107	  0.77641	  0.4213	  0.92112
 1074	 -3.83723	  0.83729	  0.43711	  0.93692
 1076	 -3.82417	  0.85268	  0.44039	  0.9402
 1076	 -3.82417	  0.85268	  0.44039	  0.9402
 1077	 -3.72727	  0.82013	  0.50218	  1.00197
 1078	 -3.75107	  0.77641	  0.4213	  0.92112
 1078	 -3.75107	  0.77641	  0.4213	  0.92112
 1077	 -3.72727	  0.82013	  0.50218	  1.00197
 1079	 -3.65418	  0.74386	  0.48309	  0.98289
 1079	 -3.65418	  0.74386	  0.48309	  0.98289
 1080	 -3.72727	  0.82013	  0.50218	  1.00197
 1081	 -3.63601	  0.73778	  0.49467	  0.99447
 1081	 -3.63601	  0.73778	  0.49467	  0.99447
 1080	 -3.72727	  0.82013	  0.50218	  1.00197
 1082	 -3.7091	  0.81405	  0.51376	  1.01355
 1082	 -3.7091	  0.81405	  0.51376	  1.01355
 1083	 -3.67626	  0.84479	  0.52399	  1.02378
 1084	 -3.63601	  0.73778	  0.49467	  0.99447
 1084	 -3.63601	  0.73778	  0.49467	  0.99447
 1083	 -3.67626	  0.84479	  0.52399	  1.02378
 1085	 -3.60625	  0.77175	  0.50571	  1.0055
 1086	 -3.88045	  0.72841	  0.44126	  0.94107
 1087	 -3.95504	  0.84068	  0.46171	  0.96152
 1088	 -3.83723	  0.83729	  0.43711	  0.93692
 1088	 -3.83723	  0.83729	  0.43711	  0.93692
 1087	 -3.95504	  0.84068	  0.46171	  0.96152
 1089	 -3.90368	  0.93729	  0.45534	  0.95514
 1090	 -3.95504	  0.84068	  0.46171	  0.96152
 1086	 -3.88045	  0.72841	  0.44126	  0.94107
 1091	 -3.97562	  0.81485	  0.45985	  0.95966
 1091	 -3.97562	  0.81485	  0.45985	  0.95966
 1086	 -3.88045	  0.72841	  0.44126	  0.94107
 1092	 -3.89868	  0.69906	  0.43875	  0.93856
 1092	 -3.89868	  0.69906	  0.43875	  0.93856
 1093	 -3.92552	  0.69229	  0.4257	  0.92552
 1094	 -3.97562	  0.81485	  0.45985	  0.95966
 1094	 -3.97562	  0.81485	  0.45985	  0.95966
 1093	 -3.92552	  0.69229	  0.4257	  0.92552
 1095	 -4.0035	  0.80965	  0.44709	  0.9469
 1096	 -3.96048	  1.05678	  0.4719	  0.9717
 1097	 -3.90368	  0.93729	  0.45534	  0.95514
 1098	 -4.01882	  0.97481	  0.48031	  0.9801
 1098	 -4.01882	  0.97481	  0.48031	  0.9801
 1097	 -3.90368	  0.93729	  0.45534	  0.95514
 1099	 -3.95504	  0.84068	  0.46171	  0.96152
 1100	 -3.97562	  0.81485	  0.45985	  0.95966
 1098	 -4.01882	  0.97481	  0.48031	  0.9801
 1099	 -3.95504	  0.84068	  0.46171	  0.96152
 1101	 -4.0414	  0.9532	  0.47903	  0.97883
 1098	 -4.01882	  0.97481	  0.48031	  0.9801
 1100	 -3.97562	  0.81485	  0.45985	  0.95966
 1097	 -3.90368	  0.93729	  0.45534	  0.95514
 1102	 -3.96048	  1.05678	  0.4719	  0.9717
 1103	 -3.88932	  0.95073	  0.45826	  0.95807
 1103	 -3.88932	  0.95073	  0.45826	  0.95807
 1102	 -3.96048	  1.05678	  0.4719	  0.9717
 1104	 -3.94501	  1.06787	  0.4745	  0.9743
 1105	 -3.97562	  0.81485	  0.45985	  0.95966
 1106	 -4.07017	  0.94988	  0.46653	  0.96633
 1101	 -4.0414	  0.9532	  0.47903	  0.97883
 1107	 -4.0035	  0.80965	  0.44709	  0.9469
 1106	 -4.07017	  0.94988	  0.46653	  0.96633
 1105	 -3.97562	  0.81485	  0.45985	  0.95966
 1104	 -3.94501	  1.06787	  0.4745	  0.9743
 1108	 -3.8481	  1.03531	  0.5363	  1.03608
 1109	 -3.88932	  0.95073	  0.45826	  0.95807
 1109	 -3.88932	  0.95073	  0.45826	  0.95807
 1108	 -3.8481	  1.03531	  0.5363	  1.03608
 1110	 -3.79241	  0.91817	  0.52005	  1.01984
 1110	 -3.79241	  0.91817	  0.52005	  1.01984
 1111	 -3.8481	  1.03531	  0.5363	  1.03608
 1112	 -3.77424	  0.91208	  0.53164	  1.03143
 1112	 -3.77424	  0.91208	  0.53164	  1.03143
 1111	 -3.8481	  1.03531	  0.5363	  1.03608
 1113	 -3.82993	  1.02923	  0.54789	  1.04767
 1114	 -4.01882	  0.97481	  0.48031	  0.9801
 1115	 -4.07005	  1.12778	  0.49654	  0.99634
 1116	 -3.96048	  1.05678	  0.4719	  0.9717
 1116	 -3.96048	  1.05678	  0.4719	  0.9717
 1115	 -4.07005	  1.12778	  0.49654	  0.99634
 1117	 -4.00612	  1.19304	  0.48637	  0.98616
 1118	 -4.07005	  1.12778	  0.49654	  0.99634
 1114	 -4.01882	  0.97481	  0.48031	  0.9801
 1119	 -4.09424	  1.11097	  0.49578	  0.99557
 1119	 -4.09424	  1.11097	  0.49578	  0.99557
 1114	 -4.01882	  0.97481	  0.48031	  0.9801
 1120	 -4.0414	  0.9532	  0.47903	  0.97883
 1120	 -4.0414	  0.9532	  0.47903	  0.97883
 1121	 -4.07017	  0.94988	  0.46653	  0.96633
 1119	 -4.09424	  1.11097	  0.49578	  0.99557
 1119	 -4.09424	  1.11097	  0.49578	  0.99557
 1121	 -4.07017	  0.94988	  0.46653	  0.96633
 1122	 -4.12373	  1.10979	  0.4835	  0.9833
 1123	 -4.03962	  1.34252	  0.49841	  0.9982
 1124	 -4.00612	  1.19304	  0.48637	  0.98616
 1125	 -4.10765	  1.29559	  0.51006	  1.00985
 1125	 -4.10765	  1.29559	  0.51006	  1.00985
 1124	 -4.00612	  1.19304	  0.48637	  0.98616
 1126	 -4.07005	  1.12778	  0.49654	  0.99634
 1127	 -4.09424	  1.11097	  0.49578	  0.99557
 1125	 -4.10765	  1.29559	  0.51006	  1.00985
 1126	 -4.07005	  1.12778	  0.49654	  0.99634
 1128	 -4.13302	  1.28405	  0.50972	  1.00951
 1125	 -4.10765	  1.29559	  0.51006	  1.00985
 1127	 -4.09424	  1.11097	  0.49578	  0.99557
 1129	 -4.09424	  1.11097	  0.49578	  0.99557
 1130	 -4.16304	  1.28522	  0.49763	  0.99743
 1128	 -4.13302	  1.28405	  0.50972	  1.00951
 1131	 -4.12373	  1.10979	  0.4835	  0.9833
 1130	 -4.16304	  1.28522	  0.49763	  0.99743
 1129	 -4.09424	  1.11097	  0.49578	  0.99557
 1132	 -4.10765	  1.29559	  0.51006	  1.00985
 1133	 -4.13051	  1.47427	  0.52049	  1.02027
 1134	 -4.03962	  1.34252	  0.49841	  0.9982
 1134	 -4.03962	  1.34252	  0.49841	  0.9982
 1133	 -4.13051	  1.47427	  0.52049	  1.02027
 1135	 -4.05998	  1.50169	  0.5077	  1.00749
 1136	 -4.06688	  1.66654	  0.51404	  1.01383
 1137	 -4.05998	  1.50169	  0.5077	  1.00749
 1138	 -4.13826	  1.65933	  0.5276	  1.02739
 1138	 -4.13826	  1.65933	  0.5276	  1.02739
 1137	 -4.05998	  1.50169	  0.5077	  1.00749
 1139	 -4.13051	  1.47427	  0.52049	  1.02027
 1140	 -4.1566	  1.46835	  0.52047	  1.02026
 1138	 -4.13826	  1.65933	  0.5276	  1.02739
 1139	 -4.13051	  1.47427	  0.52049	  1.02027
 412	 -4.1646	  1.65922	  0.52781	  1.0276
 1138	 -4.13826	  1.65933	  0.5276	  1.02739
 1140	 -4.1566	  1.46835	  0.52047	  1.02026
 436	 -4.13826	  1.65933	  0.5276	  1.02739
 1141	 -4.13052	  1.84625	  0.53119	  1.03098
 1142	 -4.06688	  1.66654	  0.51404	  1.01383
 1142	 -4.06688	  1.66654	  0.51404	  1.01383
 1141	 -4.13052	  1.84625	  0.53119	  1.03098
 1143	 -4.05998	  1.83304	  0.51724	  1.01703
 1144	 -4.03961	  1.99712	  0.51726	  1.01705
 1145	 -4.05998	  1.83304	  0.51724	  1.01703
 1146	 -4.10765	  2.03043	  0.53122	  1.031
 1146	 -4.10765	  2.03043	  0.53122	  1.031
 1145	 -4.05998	  1.83304	  0.51724	  1.01703
 1147	 -4.13052	  1.84625	  0.53119	  1.03098
 1148	 -4.1566	  1.85201	  0.53152	  1.0313
 1146	 -4.10765	  2.03043	  0.53122	  1.031
 1147	 -4.13052	  1.84625	  0.53119	  1.03098
 1149	 -4.13302	  2.04199	  0.53154	  1.03132
 1146	 -4.10765	  2.03043	  0.53122	  1.031
 1148	 -4.1566	  1.85201	  0.53152	  1.0313
 1150	 -4.1566	  1.85201	  0.53152	  1.0313
 1151	 -4.16304	  2.05344	  0.51975	  1.01954
 1149	 -4.13302	  2.04199	  0.53154	  1.03132
 1152	 -4.18694	  1.86089	  0.51973	  1.01952
 1151	 -4.16304	  2.05344	  0.51975	  1.01954
 1150	 -4.1566	  1.85201	  0.53152	  1.0313
 1153	 -4.10765	  2.03043	  0.53122	  1.031
 1154	 -4.07005	  2.2073	  0.52762	  1.02741
 1155	 -4.03961	  1.99712	  0.51726	  1.01705
 1155	 -4.03961	  1.99712	  0.51726	  1.01705
 1154	 -4.07005	  2.2073	  0.52762	  1.02741
 1156	 -4.00611	  2.15466	  0.51406	  1.01385
 1154	 -4.07005	  2.2073	  0.52762	  1.02741
 1153	 -4.10765	  2.03043	  0.53122	  1.031
 1157	 -4.09424	  2.2244	  0.52783	  1.02762
 1157	 -4.09424	  2.2244	  0.52783	  1.02762
 1153	 -4.10765	  2.03043	  0.53122	  1.031
 1158	 -4.13302	  2.04199	  0.53154	  1.03132
 1155	 -4.03961	  1.99712	  0.51726	  1.01705
 1159	 -4.00611	  2.15466	  0.51406	  1.01385
 1160	 -4.02256	  1.98981	  0.519	  1.01879
 1160	 -4.02256	  1.98981	  0.519	  1.01879
 1159	 -4.00611	  2.15466	  0.51406	  1.01385
 1161	 -3.98971	  2.14427	  0.51587	  1.01566
 1158	 -4.13302	  2.04199	  0.53154	  1.03132
 1162	 -4.16304	  2.05344	  0.51975	  1.01954
 1163	 -4.09424	  2.2244	  0.52783	  1.02762
 1163	 -4.09424	  2.2244	  0.52783	  1.02762
 1162	 -4.16304	  2.05344	  0.51975	  1.01954
 1164	 -4.12373	  2.23833	  0.516	  1.01579
 1165	 -4.01882	  2.37258	  0.52055	  1.02034
 1166	 -3.95504	  2.52207	  0.51013	  1.00992
 1167	 -3.96047	  2.3019	  0.50776	  1.00755
 1167	 -3.96047	  2.3019	  0.50776	  1.00755
 1166	 -3.95504	  2.52207	  0.51013	  1.00992
 1168	 -3.90366	  2.43506	  0.49847	  0.99827
 1166	 -3.95504	  2.52207	  0.51013	  1.00992
 1165	 -4.01882	  2.37258	  0.52055	  1.02034
 1169	 -3.97562	  2.54906	  0.50979	  1.00958
 1169	 -3.97562	  2.54906	  0.50979	  1.00958
 1165	 -4.01882	  2.37258	  0.52055	  1.02034
 1170	 -4.0414	  2.39488	  0.52054	  1.02032
 1170	 -4.0414	  2.39488	  0.52054	  1.02032
 514	 -4.07017	  2.41112	  0.5086	  1.00839
 1169	 -3.97562	  2.54906	  0.50979	  1.00958
 1169	 -3.97562	  2.54906	  0.50979	  1.00958
 514	 -4.07017	  2.41112	  0.5086	  1.00839
 1171	 -4.0035	  2.5674	  0.4977	  0.9975
 1167	 -3.96047	  2.3019	  0.50776	  1.00755
 1172	 -3.90366	  2.43506	  0.49847	  0.99827
 1173	 -3.94496	  2.28863	  0.5097	  1.00949
 1173	 -3.94496	  2.28863	  0.5097	  1.00949
 1172	 -3.90366	  2.43506	  0.49847	  0.99827
 1174	 -3.88926	  2.41919	  0.5006	  1.00039
 1175	 -3.6819	  2.72019	  0.45547	  0.95527
 1176	 -3.76265	  2.64679	  0.472	  0.97181
 1177	 -3.7061	  2.84214	  0.46185	  0.96165
 1177	 -3.7061	  2.84214	  0.46185	  0.96165
 1176	 -3.76265	  2.64679	  0.472	  0.97181
 1178	 -3.79675	  2.75975	  0.48041	  0.98021
 1179	 -3.81235	  2.79421	  0.47914	  0.97893
 1177	 -3.7061	  2.84214	  0.46185	  0.96165
 1178	 -3.79675	  2.75975	  0.48041	  0.98021
 1180	 -3.71885	  2.87919	  0.45999	  0.95979
 1177	 -3.7061	  2.84214	  0.46185	  0.96165
 1179	 -3.81235	  2.79421	  0.47914	  0.97893
 1179	 -3.81235	  2.79421	  0.47914	  0.97893
 577	 -3.74325	  2.902	  0.44723	  0.94704
 1180	 -3.71885	  2.87919	  0.45999	  0.95979
 1181	 -3.83802	  2.81587	  0.46664	  0.96644
 577	 -3.74325	  2.902	  0.44723	  0.94704
 1179	 -3.81235	  2.79421	  0.47914	  0.97893
 1182	 -3.76265	  2.64679	  0.472	  0.97181
 1175	 -3.6819	  2.72019	  0.45547	  0.95527
 1183	 -3.751	  2.62678	  0.47465	  0.97445
 1183	 -3.751	  2.62678	  0.47465	  0.97445
 1175	 -3.6819	  2.72019	  0.45547	  0.95527
 1184	 -3.67183	  2.69873	  0.45843	  0.95824
 1184	 -3.67183	  2.69873	  0.45843	  0.95824
 1185	 -3.57487	  2.66616	  0.52027	  1.02006
 1186	 -3.751	  2.62678	  0.47465	  0.97445
 1186	 -3.751	  2.62678	  0.47465	  0.97445
 1185	 -3.57487	  2.66616	  0.52027	  1.02006
 1187	 -3.65405	  2.59421	  0.53648	  1.03627
 1187	 -3.65405	  2.59421	  0.53648	  1.03627
 1188	 -3.57487	  2.66616	  0.52027	  1.02006
 1189	 -3.63586	  2.58812	  0.54809	  1.04787
 1189	 -3.63586	  2.58812	  0.54809	  1.04787
 1188	 -3.57487	  2.66616	  0.52027	  1.02006
 1190	 -3.55668	  2.66007	  0.53188	  1.03167
 1190	 -3.55668	  2.66007	  0.53188	  1.03167
 1191	 -3.5303	  2.61272	  0.54132	  1.0411
 1192	 -3.63586	  2.58812	  0.54809	  1.04787
 1192	 -3.63586	  2.58812	  0.54809	  1.04787
 1191	 -3.5303	  2.61272	  0.54132	  1.0411
 1193	 -3.60613	  2.54381	  0.55685	  1.05662
 1194	 -3.50452	  2.79336	  0.41661	  0.91643
 1195	 -3.59688	  2.76913	  0.43724	  0.93705
 1196	 -3.50762	  2.9242	  0.41837	  0.91819
 1196	 -3.50762	  2.9242	  0.41837	  0.91819
 1195	 -3.59688	  2.76913	  0.43724	  0.93705
 1197	 -3.61066	  2.89708	  0.44139	  0.9412
 1198	 -4.62414	  3.23875	 -0.20474	  0.29526
 1199	 -4.61977	  3.11393	 -0.21488	  0.28512
 1200	 -4.52111	  3.26587	 -0.22775	  0.27225
 1200	 -4.52111	  3.26587	 -0.22775	  0.27225
 1199	 -4.61977	  3.11393	 -0.21488	  0.28512
 1201	 -4.52742	  3.13816	 -0.23551	  0.26449
 1202	 -3.38136	  1.12412	  0.44827	  0.94807
 1203	 -3.28758	  1.09042	  0.50799	  1.00778
 1204	 -3.43344	  1.12492	  0.46032	  0.96012
 1204	 -3.43344	  1.12492	  0.46032	  0.96012
 1203	 -3.28758	  1.09042	  0.50799	  1.00778
 1205	 -3.33992	  1.09121	  0.5201	  1.01988
 1206	 -3.33992	  1.09121	  0.5201	  1.01988
 1207	 -3.38577	  1.10659	  0.53112	  1.03091
 1208	 -3.43344	  1.12492	  0.46032	  0.96012
 1208	 -3.43344	  1.12492	  0.46032	  0.96012
 1207	 -3.38577	  1.10659	  0.53112	  1.03091
 1209	 -3.4791	  1.14023	  0.4713	  0.9711
 1210	 -3.30726	  1.07303	  0.54124	  1.04102
 1211	 -3.38577	  1.10659	  0.53112	  1.03091
 1206	 -3.33992	  1.09121	  0.5201	  1.01988
 1212	 -3.35368	  1.0886	  0.5524	  1.05218
 1211	 -3.38577	  1.10659	  0.53112	  1.03091
 1210	 -3.30726	  1.07303	  0.54124	  1.04102
 1213	 -3.49166	  0.66304	  0.44321	  0.94302
 1214	 -3.40101	  0.66109	  0.42222	  0.92203
 1215	 -3.58856	  0.69558	  0.38143	  0.88126
 1215	 -3.58856	  0.69558	  0.38143	  0.88126
 1214	 -3.40101	  0.66109	  0.42222	  0.92203
 1216	 -3.49791	  0.69363	  0.36044	  0.86027
 1217	 -3.4735	  0.65697	  0.4548	  0.9546
 1218	 -3.40101	  0.66109	  0.42222	  0.92203
 1213	 -3.49166	  0.66304	  0.44321	  0.94302
 1219	 -3.38284	  0.65502	  0.4338	  0.93361
 1218	 -3.40101	  0.66109	  0.42222	  0.92203
 1217	 -3.4735	  0.65697	  0.4548	  0.9546
 1216	 -3.49791	  0.69363	  0.36044	  0.86027
 1220	 -3.50455	  0.67503	  0.3556	  0.85544
 1221	 -3.58856	  0.69558	  0.38143	  0.88126
 1221	 -3.58856	  0.69558	  0.38143	  0.88126
 1220	 -3.50455	  0.67503	  0.3556	  0.85544
 1222	 -3.5969	  0.67704	  0.37699	  0.87682
 1223	 -3.4791	  1.14023	  0.4713	  0.9711
 1224	 -3.38577	  1.10659	  0.53112	  1.03091
 1225	 -3.52248	  1.16922	  0.48215	  0.98194
 1225	 -3.52248	  1.16922	  0.48215	  0.98194
 1224	 -3.38577	  1.10659	  0.53112	  1.03091
 1226	 -3.42933	  1.13571	  0.54201	  1.04179
 1226	 -3.42933	  1.13571	  0.54201	  1.04179
 1227	 -3.38577	  1.10659	  0.53112	  1.03091
 1228	 -3.39778	  1.11808	  0.56343	  1.0632
 1228	 -3.39778	  1.11808	  0.56343	  1.0632
 1227	 -3.38577	  1.10659	  0.53112	  1.03091
 1229	 -3.35368	  1.0886	  0.5524	  1.05218
 1230	 -3.42933	  1.13571	  0.54201	  1.04179
 1231	 -3.46955	  1.17769	  0.5525	  1.05228
 1232	 -3.52248	  1.16922	  0.48215	  0.98194
 1232	 -3.52248	  1.16922	  0.48215	  0.98194
 1231	 -3.46955	  1.17769	  0.5525	  1.05228
 1233	 -3.56253	  1.21101	  0.49259	  0.99239
 1234	 -3.39778	  1.11808	  0.56343	  1.0632
 1231	 -3.46955	  1.17769	  0.5525	  1.05228
 1230	 -3.42933	  1.13571	  0.54201	  1.04179
 1235	 -3.4385	  1.16058	  0.57404	  1.07381
 1231	 -3.46955	  1.17769	  0.5525	  1.05228
 1234	 -3.39778	  1.11808	  0.56343	  1.0632
 1236	 -3.65418	  0.74386	  0.48309	  0.98289
 1237	 -3.57501	  0.69097	  0.46327	  0.96308
 1238	 -3.75107	  0.77641	  0.4213	  0.92112
 1238	 -3.75107	  0.77641	  0.4213	  0.92112
 1237	 -3.57501	  0.69097	  0.46327	  0.96308
 1239	 -3.67191	  0.72351	  0.40149	  0.90131
 1240	 -3.63601	  0.73778	  0.49467	  0.99447
 1241	 -3.57501	  0.69097	  0.46327	  0.96308
 1236	 -3.65418	  0.74386	  0.48309	  0.98289
 1242	 -3.55684	  0.68489	  0.47486	  0.97466
 1241	 -3.57501	  0.69097	  0.46327	  0.96308
 1240	 -3.63601	  0.73778	  0.49467	  0.99447
 1243	 -3.63601	  0.73778	  0.49467	  0.99447
 1244	 -3.53044	  0.72109	  0.48673	  0.98653
 1242	 -3.55684	  0.68489	  0.47486	  0.97466
 1245	 -3.60625	  0.77175	  0.50571	  1.0055
 1244	 -3.53044	  0.72109	  0.48673	  0.98653
 1243	 -3.63601	  0.73778	  0.49467	  0.99447
 1246	 -3.68192	  0.70553	  0.39744	  0.89727
 1247	 -3.76267	  0.75949	  0.41765	  0.91746
 1248	 -3.67191	  0.72351	  0.40149	  0.90131
 1248	 -3.67191	  0.72351	  0.40149	  0.90131
 1247	 -3.76267	  0.75949	  0.41765	  0.91746
 1249	 -3.75107	  0.77641	  0.4213	  0.92112
 1250	 -3.56253	  1.21101	  0.49259	  0.99239
 1251	 -3.46955	  1.17769	  0.5525	  1.05228
 1252	 -3.59822	  1.26473	  0.50238	  1.00217
 1252	 -3.59822	  1.26473	  0.50238	  1.00217
 1251	 -3.46955	  1.17769	  0.5525	  1.05228
 1253	 -3.5054	  1.23164	  0.56232	  1.0621
 1253	 -3.5054	  1.23164	  0.56232	  1.0621
 1254	 -3.46955	  1.17769	  0.5525	  1.05228
 1255	 -3.47479	  1.2152	  0.58398	  1.08375
 1255	 -3.47479	  1.2152	  0.58398	  1.08375
 1254	 -3.46955	  1.17769	  0.5525	  1.05228
 1256	 -3.4385	  1.16058	  0.57404	  1.07381
 1257	 -3.5054	  1.23164	  0.56232	  1.0621
 1258	 -3.53604	  1.2961	  0.57124	  1.07101
 1259	 -3.59822	  1.26473	  0.50238	  1.00217
 1259	 -3.59822	  1.26473	  0.50238	  1.00217
 1258	 -3.53604	  1.2961	  0.57124	  1.07101
 1260	 -3.62874	  1.32892	  0.51126	  1.01105
 1261	 -3.79241	  0.91817	  0.52005	  1.01984
 1262	 -3.72727	  0.82013	  0.50218	  1.00197
 1263	 -3.88932	  0.95073	  0.45826	  0.95807
 1263	 -3.88932	  0.95073	  0.45826	  0.95807
 1262	 -3.72727	  0.82013	  0.50218	  1.00197
 1264	 -3.82417	  0.85268	  0.44039	  0.9402
 1265	 -3.83723	  0.83729	  0.43711	  0.93692
 1266	 -3.90368	  0.93729	  0.45534	  0.95514
 1267	 -3.82417	  0.85268	  0.44039	  0.9402
 1267	 -3.82417	  0.85268	  0.44039	  0.9402
 1266	 -3.90368	  0.93729	  0.45534	  0.95514
 1268	 -3.88932	  0.95073	  0.45826	  0.95807
 1269	 -3.62874	  1.32892	  0.51126	  1.01105
 1270	 -3.53604	  1.2961	  0.57124	  1.07101
 1271	 -3.65326	  1.40211	  0.51903	  1.01881
 1271	 -3.65326	  1.40211	  0.51903	  1.01881
 1270	 -3.53604	  1.2961	  0.57124	  1.07101
 1272	 -3.56067	  1.3696	  0.57903	  1.0788
 1273	 -3.56067	  1.3696	  0.57903	  1.0788
 1274	 -3.57874	  1.45022	  0.58551	  1.08528
 1275	 -3.65326	  1.40211	  0.51903	  1.01881
 1275	 -3.65326	  1.40211	  0.51903	  1.01881
 1274	 -3.57874	  1.45022	  0.58551	  1.08528
 1276	 -3.67125	  1.4824	  0.52548	  1.02527
 1277	 -3.53075	  1.35487	  0.6009	  1.10066
 1278	 -3.57874	  1.45022	  0.58551	  1.08528
 1273	 -3.56067	  1.3696	  0.57903	  1.0788
 1279	 -3.54905	  1.4365	  0.60746	  1.10722
 1278	 -3.57874	  1.45022	  0.58551	  1.08528
 1277	 -3.53075	  1.35487	  0.6009	  1.10066
 1280	 -4.00612	  1.19304	  0.48637	  0.98616
 1281	 -4.03962	  1.34252	  0.49841	  0.9982
 1282	 -3.98975	  1.20147	  0.48869	  0.98849
 1282	 -3.98975	  1.20147	  0.48869	  0.98849
 1281	 -4.03962	  1.34252	  0.49841	  0.9982
 1283	 -4.02258	  1.34802	  0.5005	  1.00029
 1284	 -3.92566	  1.31545	  0.56231	  1.06208
 1285	 -3.89283	  1.1689	  0.55049	  1.05027
 1286	 -4.02258	  1.34802	  0.5005	  1.00029
 1286	 -4.02258	  1.34802	  0.5005	  1.00029
 1285	 -3.89283	  1.1689	  0.55049	  1.05027
 1287	 -3.98975	  1.20147	  0.48869	  0.98849
 1288	 -3.89283	  1.1689	  0.55049	  1.05027
 1289	 -3.8481	  1.03531	  0.5363	  1.03608
 1290	 -3.98975	  1.20147	  0.48869	  0.98849
 1290	 -3.98975	  1.20147	  0.48869	  0.98849
 1289	 -3.8481	  1.03531	  0.5363	  1.03608
 1291	 -3.94501	  1.06787	  0.4745	  0.9743
 1292	 -3.96048	  1.05678	  0.4719	  0.9717
 1293	 -4.00612	  1.19304	  0.48637	  0.98616
 1294	 -3.94501	  1.06787	  0.4745	  0.9743
 1294	 -3.94501	  1.06787	  0.4745	  0.9743
 1293	 -4.00612	  1.19304	  0.48637	  0.98616
 1295	 -3.98975	  1.20147	  0.48869	  0.98849
 1296	 -3.67125	  1.4824	  0.52548	  1.02527
 1297	 -3.57874	  1.45022	  0.58551	  1.08528
 1298	 -3.68219	  1.56789	  0.53047	  1.03025
 1298	 -3.68219	  1.56789	  0.53047	  1.03025
 1297	 -3.57874	  1.45022	  0.58551	  1.08528
 1299	 -3.58973	  1.53609	  0.59051	  1.09027
 1299	 -3.58973	  1.53609	  0.59051	  1.09027
 1300	 -3.57874	  1.45022	  0.58551	  1.08528
 1301	 -3.56018	  1.52343	  0.61251	  1.11228
 1301	 -3.56018	  1.52343	  0.61251	  1.11228
 1300	 -3.57874	  1.45022	  0.58551	  1.08528
 1302	 -3.54905	  1.4365	  0.60746	  1.10722
 1303	 -3.58973	  1.53609	  0.59051	  1.09027
 1304	 -3.59346	  1.625	  0.59391	  1.09368
 1305	 -3.68219	  1.56789	  0.53047	  1.03025
 1305	 -3.68219	  1.56789	  0.53047	  1.03025
 1304	 -3.59346	  1.625	  0.59391	  1.09368
 1306	 -3.68591	  1.65644	  0.53386	  1.03365
 1307	 -4.05998	  1.50169	  0.5077	  1.00749
 1308	 -4.06688	  1.66654	  0.51404	  1.01383
 1309	 -4.04254	  1.50408	  0.50961	  1.0094
 1309	 -4.04254	  1.50408	  0.50961	  1.0094
 1308	 -4.06688	  1.66654	  0.51404	  1.01383
 1310	 -4.0493	  1.6657	  0.51583	  1.01562
 1311	 -4.0493	  1.6657	  0.51583	  1.01562
 1312	 -3.95237	  1.63312	  0.57765	  1.07742
 1313	 -4.04254	  1.50408	  0.50961	  1.0094
 1313	 -4.04254	  1.50408	  0.50961	  1.0094
 1312	 -3.95237	  1.63312	  0.57765	  1.07742
 1314	 -3.94561	  1.47151	  0.57142	  1.07119
 1314	 -3.94561	  1.47151	  0.57142	  1.07119
 1315	 -3.95237	  1.63312	  0.57765	  1.07742
 1316	 -3.92744	  1.46542	  0.58302	  1.08279
 1316	 -3.92744	  1.46542	  0.58302	  1.08279
 1315	 -3.95237	  1.63312	  0.57765	  1.07742
 1317	 -3.93419	  1.62704	  0.58925	  1.08902
 1318	 -3.94561	  1.47151	  0.57142	  1.07119
 1319	 -3.92566	  1.31545	  0.56231	  1.06208
 1320	 -4.04254	  1.50408	  0.50961	  1.0094
 1320	 -4.04254	  1.50408	  0.50961	  1.0094
 1319	 -3.92566	  1.31545	  0.56231	  1.06208
 1321	 -4.02258	  1.34802	  0.5005	  1.00029
 1322	 -4.03962	  1.34252	  0.49841	  0.9982
 1323	 -4.05998	  1.50169	  0.5077	  1.00749
 1324	 -4.02258	  1.34802	  0.5005	  1.00029
 1324	 -4.02258	  1.34802	  0.5005	  1.00029
 1323	 -4.05998	  1.50169	  0.5077	  1.00749
 1325	 -4.04254	  1.50408	  0.50961	  1.0094
 1326	 -3.68591	  1.65644	  0.53386	  1.03365
 1327	 -3.59346	  1.625	  0.59391	  1.09368
 1328	 -3.6822	  1.74587	  0.53557	  1.03536
 1328	 -3.6822	  1.74587	  0.53557	  1.03536
 1327	 -3.59346	  1.625	  0.59391	  1.09368
 1329	 -3.58975	  1.71481	  0.59563	  1.09539
 1329	 -3.58975	  1.71481	  0.59563	  1.09539
 1327	 -3.59346	  1.625	  0.59391	  1.09368
 1330	 -3.5602	  1.70437	  0.61769	  1.11745
 1330	 -3.5602	  1.70437	  0.61769	  1.11745
 1327	 -3.59346	  1.625	  0.59391	  1.09368
 1331	 -3.56396	  1.61345	  0.61596	  1.11572
 1332	 -3.58975	  1.71481	  0.59563	  1.09539
 1333	 -3.57877	  1.8033	  0.59562	  1.09539
 1334	 -3.6822	  1.74587	  0.53557	  1.03536
 1334	 -3.6822	  1.74587	  0.53557	  1.03536
 1333	 -3.57877	  1.8033	  0.59562	  1.09539
 1335	 -3.67127	  1.83399	  0.53558	  1.03536
 1336	 -3.5602	  1.70437	  0.61769	  1.11745
 1337	 -3.57877	  1.8033	  0.59562	  1.09539
 1332	 -3.58975	  1.71481	  0.59563	  1.09539
 1338	 -3.54908	  1.79396	  0.61769	  1.11745
 1337	 -3.57877	  1.8033	  0.59562	  1.09539
 1336	 -3.5602	  1.70437	  0.61769	  1.11745
 1339	 -4.05998	  1.83304	  0.51724	  1.01703
 1340	 -4.03961	  1.99712	  0.51726	  1.01705
 1341	 -4.04253	  1.82895	  0.51898	  1.01876
 1341	 -4.04253	  1.82895	  0.51898	  1.01876
 1340	 -4.03961	  1.99712	  0.51726	  1.01705
 1342	 -4.02256	  1.98981	  0.519	  1.01879
 1342	 -4.02256	  1.98981	  0.519	  1.01879
 1343	 -3.92561	  1.95723	  0.58083	  1.0806
 1344	 -4.04253	  1.82895	  0.51898	  1.01876
 1344	 -4.04253	  1.82895	  0.51898	  1.01876
 1343	 -3.92561	  1.95723	  0.58083	  1.0806
 1345	 -3.94559	  1.79637	  0.5808	  1.08057
 1345	 -3.94559	  1.79637	  0.5808	  1.08057
 1346	 -3.92561	  1.95723	  0.58083	  1.0806
 1347	 -3.92741	  1.79029	  0.5924	  1.09216
 1347	 -3.92741	  1.79029	  0.5924	  1.09216
 1346	 -3.92561	  1.95723	  0.58083	  1.0806
 1348	 -3.90743	  1.95115	  0.59243	  1.09219
 1349	 -3.94559	  1.79637	  0.5808	  1.08057
 1350	 -3.95237	  1.63312	  0.57765	  1.07742
 1351	 -4.04253	  1.82895	  0.51898	  1.01876
 1351	 -4.04253	  1.82895	  0.51898	  1.01876
 1350	 -3.95237	  1.63312	  0.57765	  1.07742
 1352	 -4.0493	  1.6657	  0.51583	  1.01562
 1353	 -4.06688	  1.66654	  0.51404	  1.01383
 1354	 -4.05998	  1.83304	  0.51724	  1.01703
 1355	 -4.0493	  1.6657	  0.51583	  1.01562
 1355	 -4.0493	  1.6657	  0.51583	  1.01562
 1354	 -4.05998	  1.83304	  0.51724	  1.01703
 1356	 -4.04253	  1.82895	  0.51898	  1.01876
 1357	 -3.67127	  1.83399	  0.53558	  1.03536
 1358	 -3.57877	  1.8033	  0.59562	  1.09539
 1359	 -3.65329	  1.9186	  0.53385	  1.03364
 1359	 -3.65329	  1.9186	  0.53385	  1.03364
 1358	 -3.57877	  1.8033	  0.59562	  1.09539
 1360	 -3.56072	  1.88826	  0.59389	  1.09366
 1360	 -3.56072	  1.88826	  0.59389	  1.09366
 1361	 -3.57877	  1.8033	  0.59562	  1.09539
 1362	 -3.53081	  1.87998	  0.61594	  1.11569
 1362	 -3.53081	  1.87998	  0.61594	  1.11569
 1361	 -3.57877	  1.8033	  0.59562	  1.09539
 1363	 -3.54908	  1.79396	  0.61769	  1.11745
 1364	 -3.56072	  1.88826	  0.59389	  1.09366
 1365	 -3.53611	  1.96767	  0.59048	  1.09025
 1366	 -3.65329	  1.9186	  0.53385	  1.03364
 1366	 -3.65329	  1.9186	  0.53385	  1.03364
 1365	 -3.53611	  1.96767	  0.59048	  1.09025
 1367	 -3.62878	  1.99768	  0.53046	  1.03025
 1368	 -3.53081	  1.87998	  0.61594	  1.11569
 1369	 -3.53611	  1.96767	  0.59048	  1.09025
 1364	 -3.56072	  1.88826	  0.59389	  1.09366
 1370	 -3.50589	  1.96037	  0.61248	  1.11225
 1369	 -3.53611	  1.96767	  0.59048	  1.09025
 1368	 -3.53081	  1.87998	  0.61594	  1.11569
 1371	 -4.00611	  2.15466	  0.51406	  1.01385
 1372	 -3.96047	  2.3019	  0.50776	  1.00755
 1373	 -3.98971	  2.14427	  0.51587	  1.01566
 1373	 -3.98971	  2.14427	  0.51587	  1.01566
 1372	 -3.96047	  2.3019	  0.50776	  1.00755
 1374	 -3.94496	  2.28863	  0.5097	  1.00949
 1374	 -3.94496	  2.28863	  0.5097	  1.00949
 1375	 -3.84801	  2.25605	  0.57153	  1.0713
 1376	 -3.98971	  2.14427	  0.51587	  1.01566
 1376	 -3.98971	  2.14427	  0.51587	  1.01566
 1375	 -3.84801	  2.25605	  0.57153	  1.0713
 1377	 -3.89277	  2.1117	  0.5777	  1.07747
 1377	 -3.89277	  2.1117	  0.5777	  1.07747
 1378	 -3.84801	  2.25605	  0.57153	  1.0713
 1379	 -3.87458	  2.10561	  0.5893	  1.08907
 1379	 -3.87458	  2.10561	  0.5893	  1.08907
 1378	 -3.84801	  2.25605	  0.57153	  1.0713
 1380	 -3.82982	  2.24996	  0.58313	  1.0829
 1381	 -3.89277	  2.1117	  0.5777	  1.07747
 1382	 -3.92561	  1.95723	  0.58083	  1.0806
 1383	 -3.98971	  2.14427	  0.51587	  1.01566
 1383	 -3.98971	  2.14427	  0.51587	  1.01566
 1382	 -3.92561	  1.95723	  0.58083	  1.0806
 1384	 -4.02256	  1.98981	  0.519	  1.01879
 1385	 -3.62878	  1.99768	  0.53046	  1.03025
 1386	 -3.53611	  1.96767	  0.59048	  1.09025
 1387	 -3.59827	  2.06919	  0.52547	  1.02526
 1387	 -3.59827	  2.06919	  0.52547	  1.02526
 1386	 -3.53611	  1.96767	  0.59048	  1.09025
 1388	 -3.50547	  2.03947	  0.58547	  1.08523
 1388	 -3.50547	  2.03947	  0.58547	  1.08523
 1389	 -3.53611	  1.96767	  0.59048	  1.09025
 1390	 -3.47488	  2.03306	  0.6074	  1.10717
 1390	 -3.47488	  2.03306	  0.6074	  1.10717
 1389	 -3.53611	  1.96767	  0.59048	  1.09025
 1391	 -3.50589	  1.96037	  0.61248	  1.11225
 1392	 -3.50547	  2.03947	  0.58547	  1.08523
 1393	 -3.46964	  2.10202	  0.57898	  1.07875
 1394	 -3.59827	  2.06919	  0.52547	  1.02526
 1394	 -3.59827	  2.06919	  0.52547	  1.02526
 1393	 -3.46964	  2.10202	  0.57898	  1.07875
 1395	 -3.56258	  2.13149	  0.51902	  1.01881
 1396	 -3.47488	  2.03306	  0.6074	  1.10717
 1397	 -3.46964	  2.10202	  0.57898	  1.07875
 1392	 -3.50547	  2.03947	  0.58547	  1.08523
 1398	 -3.4386	  2.09639	  0.60084	  1.10061
 1397	 -3.46964	  2.10202	  0.57898	  1.07875
 1396	 -3.47488	  2.03306	  0.6074	  1.10717
 1399	 -3.56258	  2.13149	  0.51902	  1.01881
 1400	 -3.46964	  2.10202	  0.57898	  1.07875
 1401	 -3.52254	  2.1829	  0.51125	  1.01104
 1401	 -3.52254	  2.1829	  0.51125	  1.01104
 1400	 -3.46964	  2.10202	  0.57898	  1.07875
 1402	 -3.42943	  2.15364	  0.57118	  1.07095
 1402	 -3.42943	  2.15364	  0.57118	  1.07095
 1403	 -3.46964	  2.10202	  0.57898	  1.07875
 1404	 -3.39789	  2.14864	  0.59294	  1.0927
 1404	 -3.39789	  2.14864	  0.59294	  1.0927
 1403	 -3.46964	  2.10202	  0.57898	  1.07875
 1405	 -3.4386	  2.09639	  0.60084	  1.10061
 1406	 -3.42943	  2.15364	  0.57118	  1.07095
 1407	 -3.38588	  2.1932	  0.56225	  1.06203
 1408	 -3.52254	  2.1829	  0.51125	  1.01104
 1408	 -3.52254	  2.1829	  0.51125	  1.01104
 1407	 -3.38588	  2.1932	  0.56225	  1.06203
 1409	 -3.47917	  2.2223	  0.50236	  1.00216
 1410	 -3.39789	  2.14864	  0.59294	  1.0927
 1411	 -3.38588	  2.1932	  0.56225	  1.06203
 1406	 -3.42943	  2.15364	  0.57118	  1.07095
 1412	 -3.3538	  2.1887	  0.58391	  1.08367
 1411	 -3.38588	  2.1932	  0.56225	  1.06203
 1410	 -3.39789	  2.14864	  0.59294	  1.0927
 1413	 -3.47917	  2.2223	  0.50236	  1.00216
 1414	 -3.38588	  2.1932	  0.56225	  1.06203
 1415	 -3.43351	  2.24858	  0.49257	  0.99237
 1415	 -3.43351	  2.24858	  0.49257	  0.99237
 1414	 -3.38588	  2.1932	  0.56225	  1.06203
 1416	 -3.34003	  2.21958	  0.55242	  1.0522
 1417	 -3.30738	  2.2154	  0.57395	  1.07372
 1414	 -3.38588	  2.1932	  0.56225	  1.06203
 1418	 -3.3538	  2.1887	  0.58391	  1.08367
 1419	 -3.34003	  2.21958	  0.55242	  1.0522
 1414	 -3.38588	  2.1932	  0.56225	  1.06203
 1417	 -3.30738	  2.2154	  0.57395	  1.07372
 1420	 -3.34003	  2.21958	  0.55242	  1.0522
 1421	 -3.2878	  2.23292	  0.54075	  1.04053
 1422	 -3.43351	  2.24858	  0.49257	  0.99237
 1422	 -3.43351	  2.24858	  0.49257	  0.99237
 1421	 -3.2878	  2.23292	  0.54075	  1.04053
 1423	 -3.38148	  2.26188	  0.48094	  0.98074
 1424	 -3.30738	  2.2154	  0.57395	  1.07372
 1425	 -3.2878	  2.23292	  0.54075	  1.04053
 1420	 -3.34003	  2.21958	  0.55242	  1.0522
 1426	 -3.25456	  2.2289	  0.56214	  1.06192
 1425	 -3.2878	  2.23292	  0.54075	  1.04053
 1424	 -3.30738	  2.2154	  0.57395	  1.07372
 1427	 -3.59688	  2.76913	  0.43724	  0.93705
 1428	 -3.50452	  2.79336	  0.41661	  0.91643
 1429	 -3.58848	  2.74673	  0.44057	  0.94038
 1429	 -3.58848	  2.74673	  0.44057	  0.94038
 1428	 -3.50452	  2.79336	  0.41661	  0.91643
 1430	 -3.4978	  2.7705	  0.42031	  0.92012
 1430	 -3.4978	  2.7705	  0.42031	  0.92012
 1431	 -3.40081	  2.73794	  0.48214	  0.98194
 1432	 -3.58848	  2.74673	  0.44057	  0.94038
 1432	 -3.58848	  2.74673	  0.44057	  0.94038
 1431	 -3.40081	  2.73794	  0.48214	  0.98194
 1433	 -3.49152	  2.71415	  0.5024	  1.0022
 1433	 -3.49152	  2.71415	  0.5024	  1.0022
 1434	 -3.40081	  2.73794	  0.48214	  0.98194
 1435	 -3.47333	  2.70807	  0.51401	  1.0138
 1435	 -3.47333	  2.70807	  0.51401	  1.0138
 1434	 -3.40081	  2.73794	  0.48214	  0.98194
 1436	 -3.38261	  2.73185	  0.49374	  0.99354
 1437	 -3.47333	  2.70807	  0.51401	  1.0138
 1438	 -3.57487	  2.66616	  0.52027	  1.02006
 1433	 -3.49152	  2.71415	  0.5024	  1.0022
 1439	 -3.55668	  2.66007	  0.53188	  1.03167
 1438	 -3.57487	  2.66616	  0.52027	  1.02006
 1437	 -3.47333	  2.70807	  0.51401	  1.0138
 1433	 -3.49152	  2.71415	  0.5024	  1.0022
 1438	 -3.57487	  2.66616	  0.52027	  1.02006
 1440	 -3.58848	  2.74673	  0.44057	  0.94038
 1440	 -3.58848	  2.74673	  0.44057	  0.94038
 1438	 -3.57487	  2.66616	  0.52027	  1.02006
 1441	 -3.67183	  2.69873	  0.45843	  0.95824
 1442	 -3.67183	  2.69873	  0.45843	  0.95824
 1443	 -3.6819	  2.72019	  0.45547	  0.95527
 1444	 -3.58848	  2.74673	  0.44057	  0.94038
 1444	 -3.58848	  2.74673	  0.44057	  0.94038
 1443	 -3.6819	  2.72019	  0.45547	  0.95527
 1445	 -3.59688	  2.76913	  0.43724	  0.93705
 1446	 -4.68952	  2.95187	 -0.3458	  0.15424
 1447	 -4.66874	  2.97239	 -0.33175	  0.16828
 1448	 -4.76205	  2.93301	 -0.32959	  0.17044
 1448	 -4.76205	  2.93301	 -0.32959	  0.17044
 1447	 -4.66874	  2.97239	 -0.33175	  0.16828
 1449	 -4.74353	  2.95292	 -0.31504	  0.18498
 1450	 -5.32835	  2.21275	 -0.28724	  0.21278
 1451	 -5.33425	  2.09134	 -0.28937	  0.21065
 1452	 -5.33388	  2.21297	 -0.28967	  0.21035
 1452	 -5.33388	  2.21297	 -0.28967	  0.21035
 1451	 -5.33425	  2.09134	 -0.28937	  0.21065
 1453	 -5.33964	  2.09263	 -0.2918	  0.20822
 1454	 -5.32418	  2.3062	 -0.28967	  0.21035
 1455	 -5.33388	  2.21297	 -0.28967	  0.21035
 1456	 -7.20201	  2.93926	 -1.48684	 -0.98648
 1456	 -7.20201	  2.93926	 -1.48684	 -0.98648
 1455	 -5.33388	  2.21297	 -0.28967	  0.21035
 1457	 -7.21222	  2.84621	 -1.48716	 -0.9868
 1458	 -5.32418	  2.3062	 -0.28967	  0.21035
 1459	 -5.32221	  2.2829	 -0.28806	  0.21195
 1460	 -5.33388	  2.21297	 -0.28967	  0.21035
 1460	 -5.33388	  2.21297	 -0.28967	  0.21035
 1459	 -5.32221	  2.2829	 -0.28806	  0.21195
 1461	 -5.32835	  2.21275	 -0.28724	  0.21278
 1462	 -5.09995	  2.33669	 -0.2553	  0.24471
 1463	 -5.10281	  2.36904	 -0.26765	  0.23236
 1464	 -5.0703	  2.46226	 -0.2537	  0.24631
 1464	 -5.0703	  2.46226	 -0.2537	  0.24631
 1463	 -5.10281	  2.36904	 -0.26765	  0.23236
 1465	 -5.07819	  2.45832	 -0.27025	  0.22977
 1466	 -3.26723	  0.93631	  0.51673	  1.01652
 1467	 -3.36356	  0.69251	  0.44736	  0.94717
 1468	 -3.33166	  0.93746	  0.53164	  1.03142
 1468	 -3.33166	  0.93746	  0.53164	  1.03142
 1467	 -3.36356	  0.69251	  0.44736	  0.94717
 1469	 -3.45062	  0.69435	  0.46752	  0.96732
 1470	 -3.53044	  0.72109	  0.48673	  0.98653
 1471	 -3.60625	  0.77175	  0.50571	  1.0055
 1472	 -3.38934	  0.9568	  0.54551	  1.04529
 1472	 -3.38934	  0.9568	  0.54551	  1.04529
 1471	 -3.60625	  0.77175	  0.50571	  1.0055
 1473	 -3.44412	  0.99342	  0.55922	  1.05899
 1474	 -3.49471	  1.0462	  0.57242	  1.07219
 1475	 -3.44412	  0.99342	  0.55922	  1.05899
 1476	 -3.67626	  0.84479	  0.52399	  1.02378
 1476	 -3.67626	  0.84479	  0.52399	  1.02378
 1475	 -3.44412	  0.99342	  0.55922	  1.05899
 1477	 -3.60625	  0.77175	  0.50571	  1.0055
 1478	 -3.67626	  0.84479	  0.52399	  1.02378
 1479	 -3.73864	  0.93868	  0.54111	  1.04089
 1480	 -3.49471	  1.0462	  0.57242	  1.07219
 1480	 -3.49471	  1.0462	  0.57242	  1.07219
 1479	 -3.73864	  0.93868	  0.54111	  1.04089
 1481	 -3.53979	  1.11405	  0.58478	  1.08455
 1482	 -3.57833	  1.19512	  0.59601	  1.09577
 1483	 -3.53979	  1.11405	  0.58478	  1.08455
 1484	 -3.79197	  1.05087	  0.55667	  1.05645
 1484	 -3.79197	  1.05087	  0.55667	  1.05645
 1483	 -3.53979	  1.11405	  0.58478	  1.08455
 1485	 -3.73864	  0.93868	  0.54111	  1.04089
 1486	 -3.79197	  1.05087	  0.55667	  1.05645
 1487	 -3.83481	  1.1788	  0.57026	  1.07003
 1488	 -3.57833	  1.19512	  0.59601	  1.09577
 1488	 -3.57833	  1.19512	  0.59601	  1.09577
 1487	 -3.83481	  1.1788	  0.57026	  1.07003
 1489	 -3.6093	  1.28756	  0.60581	  1.10558
 1490	 -3.63202	  1.38898	  0.61397	  1.11374
 1491	 -3.6093	  1.28756	  0.60581	  1.10558
 1492	 -3.86625	  1.31915	  0.58158	  1.08135
 1492	 -3.86625	  1.31915	  0.58158	  1.08135
 1491	 -3.6093	  1.28756	  0.60581	  1.10558
 1493	 -3.83481	  1.1788	  0.57026	  1.07003
 1494	 -3.86625	  1.31915	  0.58158	  1.08135
 1495	 -3.88536	  1.46861	  0.59031	  1.09007
 1496	 -3.63202	  1.38898	  0.61397	  1.11374
 1496	 -3.63202	  1.38898	  0.61397	  1.11374
 1495	 -3.88536	  1.46861	  0.59031	  1.09007
 1497	 -3.64584	  1.49697	  0.62027	  1.12003
 1498	 -3.65053	  1.6088	  0.62457	  1.12432
 1499	 -3.64584	  1.49697	  0.62027	  1.12003
 1500	 -3.89183	  1.62339	  0.59627	  1.09604
 1500	 -3.89183	  1.62339	  0.59627	  1.09604
 1499	 -3.64584	  1.49697	  0.62027	  1.12003
 1501	 -3.88536	  1.46861	  0.59031	  1.09007
 1502	 -3.89183	  1.62339	  0.59627	  1.09604
 1503	 -3.88534	  1.77974	  0.59929	  1.09905
 1504	 -3.65053	  1.6088	  0.62457	  1.12432
 1504	 -3.65053	  1.6088	  0.62457	  1.12432
 1503	 -3.88534	  1.77974	  0.59929	  1.09905
 1505	 -3.64585	  1.72176	  0.62673	  1.12649
 1506	 -3.63203	  1.83307	  0.62674	  1.1265
 1507	 -3.64585	  1.72176	  0.62673	  1.12649
 1508	 -3.8662	  1.93379	  0.59931	  1.09908
 1508	 -3.8662	  1.93379	  0.59931	  1.09908
 1507	 -3.64585	  1.72176	  0.62673	  1.12649
 1509	 -3.88534	  1.77974	  0.59929	  1.09905
 1510	 -3.8662	  1.93379	  0.59931	  1.09908
 1511	 -3.83474	  2.08172	  0.59632	  1.09608
 1512	 -3.63203	  1.83307	  0.62674	  1.1265
 1512	 -3.63203	  1.83307	  0.62674	  1.1265
 1511	 -3.83474	  2.08172	  0.59632	  1.09608
 1513	 -3.60931	  1.93995	  0.62456	  1.12432
 1514	 -3.57836	  2.03983	  0.62029	  1.12004
 1515	 -3.60931	  1.93995	  0.62456	  1.12432
 1516	 -3.79188	  2.21997	  0.59041	  1.09017
 1516	 -3.79188	  2.21997	  0.59041	  1.09017
 1515	 -3.60931	  1.93995	  0.62456	  1.12432
 1517	 -3.83474	  2.08172	  0.59632	  1.09608
 1518	 -3.87458	  2.10561	  0.5893	  1.08907
 1519	 -3.79188	  2.21997	  0.59041	  1.09017
 1517	 -3.83474	  2.08172	  0.59632	  1.09608
 1520	 -3.82982	  2.24996	  0.58313	  1.0829
 1519	 -3.79188	  2.21997	  0.59041	  1.09017
 1518	 -3.87458	  2.10561	  0.5893	  1.08907
 1521	 -3.38938	  2.32355	  0.5848	  1.08457
 1522	 -3.44416	  2.27378	  0.59602	  1.09578
 1523	 -3.5303	  2.61272	  0.54132	  1.0411
 1523	 -3.5303	  2.61272	  0.54132	  1.0411
 1522	 -3.44416	  2.27378	  0.59602	  1.09578
 1524	 -3.60613	  2.54381	  0.55685	  1.05662
 1525	 -3.26732	  2.37338	  0.55804	  1.05782
 1526	 -3.33171	  2.35675	  0.57243	  1.0722
 1527	 -3.36337	  2.68149	  0.50475	  1.00454
 1527	 -3.36337	  2.68149	  0.50475	  1.00454
 1526	 -3.33171	  2.35675	  0.57243	  1.0722
 1528	 -3.45047	  2.65868	  0.52421	  1.024
 1529	 -3.51431	  0.51108	  0.34457	  0.8444
 1530	 -3.536	  0.50175	  0.33026	  0.8301
 1531	 -3.62041	  0.51351	  0.36914	  0.86897
 1531	 -3.62041	  0.51351	  0.36914	  0.86897
 1530	 -3.536	  0.50175	  0.33026	  0.8301
 1532	 -3.64348	  0.50422	  0.35515	  0.85498
 1533	 -3.50762	  0.54618	  0.3499	  0.84974
 1534	 -3.51431	  0.51108	  0.34457	  0.8444
 1535	 -3.61066	  0.54852	  0.37377	  0.87359
 1535	 -3.61066	  0.54852	  0.37377	  0.87359
 1534	 -3.51431	  0.51108	  0.34457	  0.8444
 1536	 -3.62041	  0.51351	  0.36914	  0.86897
 1537	 -4.52111	  0.88785	 -0.29622	  0.2038
 1538	 -4.62414	  0.89019	 -0.27236	  0.22766
 1539	 -4.51442	  0.84824	 -0.29304	  0.20698
 1539	 -4.51442	  0.84824	 -0.29304	  0.20698
 1538	 -4.62414	  0.89019	 -0.27236	  0.22766
 1540	 -4.62053	  0.85067	 -0.26846	  0.23155
 1541	 -4.13302	  1.28405	  0.50972	  1.00951
 1542	 -4.16304	  1.28522	  0.49763	  0.99743
 1543	 -4.1566	  1.46835	  0.52047	  1.02026
 1543	 -4.1566	  1.46835	  0.52047	  1.02026
 1542	 -4.16304	  1.28522	  0.49763	  0.99743
