 4771	  94307.4375	 -13221.74219	 -85299.79688	  85305.79688
 4772	  91106.26563	 -12738.31836	 -82179.95313	  82185.95313
 4764	  93978.01563	 -10871.87988	 -85354.50	  85360.50
 4770	  91082.50781	 -13071.87109	 -82309.46094	  82315.46094
 4769	  97641.50	 -9765.33008	 -85210.83594	  85216.83594
 4767	  95680.08594	 -9980.67285	 -86480.13281	  86486.13281
 4773	  95162.14844	 -10165.85547	 -86048.25	  86054.25
 4764	  93978.01563	 -10871.87988	 -85354.50	  85360.50
 4773	  95162.14844	 -10165.85547	 -86048.25	  86054.25
 4767	  95680.08594	 -9980.67285	 -86480.13281	  86486.13281
 4772	  91106.26563	 -12738.31836	 -82179.95313	  82185.95313
 4774	  92384.17969	 -11806.3916	 -83148.29688	  83154.29688
 4764	  93978.01563	 -10871.87988	 -85354.50	  85360.50
 4764	  93978.01563	 -10871.87988	 -85354.50	  85360.50
 4774	  92384.17969	 -11806.3916	 -83148.29688	  83154.29688
 4773	  95162.14844	 -10165.85547	 -86048.25	  86054.25
 4775	  93531.17969	 -12514.91211	 -80504.80469	  80510.80469
 4776	  94966.29688	 -11470.84668	 -81907.88281	  81913.88281
 4772	  91106.26563	 -12738.31836	 -82179.95313	  82185.95313
 4772	  91106.26563	 -12738.31836	 -82179.95313	  82185.95313
 4776	  94966.29688	 -11470.84668	 -81907.88281	  81913.88281
 4774	  92384.17969	 -11806.3916	 -83148.29688	  83154.29688
 4769	  97641.50	 -9765.33008	 -85210.83594	  85216.83594
 4773	  95162.14844	 -10165.85547	 -86048.25	  86054.25
 4777	  97211.97656	 -9816.80957	 -84566.86719	  84572.86719
 4777	  97211.97656	 -9816.80957	 -84566.86719	  84572.86719
 4778	  99986.53125	 -8724.9502	 -87123.50	  87129.50
 4769	  97641.50	 -9765.33008	 -85210.83594	  85216.83594
 4777	  97211.97656	 -9816.80957	 -84566.86719	  84572.86719
 4776	  94966.29688	 -11470.84668	 -81907.88281	  81913.88281
 4778	  99986.53125	 -8724.9502	 -87123.50	  87129.50
 4774	  92384.17969	 -11806.3916	 -83148.29688	  83154.29688
 4779	  95050.03906	 -12190.89453	 -85093.25	  85099.25
 4773	  95162.14844	 -10165.85547	 -86048.25	  86054.25
 4776	  94966.29688	 -11470.84668	 -81907.88281	  81913.88281
 4777	  97211.97656	 -9816.80957	 -84566.86719	  84572.86719
 4780	  96546.91406	 -12024.54004	 -84659.6875	  84665.6875
 4774	  92384.17969	 -11806.3916	 -83148.29688	  83154.29688
 4776	  94966.29688	 -11470.84668	 -81907.88281	  81913.88281
 4780	  96546.91406	 -12024.54004	 -84659.6875	  84665.6875
 4773	  95162.14844	 -10165.85547	 -86048.25	  86054.25
 4780	  96546.91406	 -12024.54004	 -84659.6875	  84665.6875
 4777	  97211.97656	 -9816.80957	 -84566.86719	  84572.86719
 4779	  95050.03906	 -12190.89453	 -85093.25	  85099.25
 4774	  92384.17969	 -11806.3916	 -83148.29688	  83154.29688
 4780	  96546.91406	 -12024.54004	 -84659.6875	  84665.6875
 4780	  96546.91406	 -12024.54004	 -84659.6875	  84665.6875
 4773	  95162.14844	 -10165.85547	 -86048.25	  86054.25
 4779	  95050.03906	 -12190.89453	 -85093.25	  85099.25
 4781	  138722.34375	 -17596.66602	 -131000.29688	  131006.29688
 4782	  136702.67188	 -17868.60938	 -132393.04688	  132399.04688
 4783	  136673.32813	 -16541.06445	 -132391.20313	  132397.20313
 4784	  138596.96875	 -16645.82813	 -131123.875	  131129.875
 4781	  138722.34375	 -17596.66602	 -131000.29688	  131006.29688
 4783	  136673.32813	 -16541.06445	 -132391.20313	  132397.20313
 4783	  136673.32813	 -16541.06445	 -132391.20313	  132397.20313
 4785	  136233.34375	 -18314.06055	 -131888.65625	  131894.65625
 4786	  135814.51563	 -18120.07227	 -132204.42188	  132210.42188
 4786	  135814.51563	 -18120.07227	 -132204.42188	  132210.42188
 4787	  136360.71875	 -15931.73145	 -132689.625	  132695.625
 4783	  136673.32813	 -16541.06445	 -132391.20313	  132397.20313
 4787	  136360.71875	 -15931.73145	 -132689.625	  132695.625
 4784	  138596.96875	 -16645.82813	 -131123.875	  131129.875
 4783	  136673.32813	 -16541.06445	 -132391.20313	  132397.20313
 4788	  136321.8125	 -14200.88672	 -131735.1875	  131741.1875
 4784	  138596.96875	 -16645.82813	 -131123.875	  131129.875
 4787	  136360.71875	 -15931.73145	 -132689.625	  132695.625
 4784	  138596.96875	 -16645.82813	 -131123.875	  131129.875
 4788	  136321.8125	 -14200.88672	 -131735.1875	  131741.1875
 4789	  138265.1875	 -13958.75	 -130120.84375	  130126.84375
 4790	  139313.53125	 -15955.16992	 -130471.27344	  130477.27344
 4784	  138596.96875	 -16645.82813	 -131123.875	  131129.875
 4789	  138265.1875	 -13958.75	 -130120.84375	  130126.84375
 4791	  137877.45313	 -15517.98438	 -129323.66406	  129329.66406
 4790	  139313.53125	 -15955.16992	 -130471.27344	  130477.27344
 4789	  138265.1875	 -13958.75	 -130120.84375	  130126.84375
 4789	  138265.1875	 -13958.75	 -130120.84375	  130126.84375
 4788	  136321.8125	 -14200.88672	 -131735.1875	  131741.1875
 4792	  135310.10938	 -15751.35742	 -131399.8125	  131405.8125
 4791	  137877.45313	 -15517.98438	 -129323.66406	  129329.66406
 4789	  138265.1875	 -13958.75	 -130120.84375	  130126.84375
 4792	  135310.10938	 -15751.35742	 -131399.8125	  131405.8125
 4792	  135310.10938	 -15751.35742	 -131399.8125	  131405.8125
 4793	  137781.53125	 -18188.20117	 -129563.67969	  129569.67969
 4791	  137877.45313	 -15517.98438	 -129323.66406	  129329.66406
 4794	  135818.39063	 -18464.96289	 -131228.65625	  131234.65625
 4793	  137781.53125	 -18188.20117	 -129563.67969	  129569.67969
 4792	  135310.10938	 -15751.35742	 -131399.8125	  131405.8125
 4792	  135310.10938	 -15751.35742	 -131399.8125	  131405.8125
 4795	  135707.59375	 -16814.54688	 -132906.92188	  132912.92188
 4794	  135818.39063	 -18464.96289	 -131228.65625	  131234.65625
 4796	  121199.57813	 -17800.92383	 -142421.95313	  142427.95313
 4797	  120581.11719	 -17112.17773	 -142430.14063	  142436.14063
 4798	  122195.07813	 -16268.16211	 -141977.59375	  141983.59375
 4796	  121199.57813	 -17800.92383	 -142421.95313	  142427.95313
 4798	  122195.07813	 -16268.16211	 -141977.59375	  141983.59375
 4799	  122831.05469	 -16493.3457	 -142583.51563	  142589.51563
 4800	  122155.17188	 -18394.38086	 -142965.04688	  142971.04688
 4796	  121199.57813	 -17800.92383	 -142421.95313	  142427.95313
 4799	  122831.05469	 -16493.3457	 -142583.51563	  142589.51563
 4800	  122155.17188	 -18394.38086	 -142965.04688	  142971.04688
 4799	  122831.05469	 -16493.3457	 -142583.51563	  142589.51563
 4801	  122495.85156	 -19491.91797	 -142814.59375	  142820.59375
 4801	  122495.85156	 -19491.91797	 -142814.59375	  142820.59375
 4802	  121697.89844	 -19638.0332	 -142291.03125	  142297.03125
 4800	  122155.17188	 -18394.38086	 -142965.04688	  142971.04688
 4800	  122155.17188	 -18394.38086	 -142965.04688	  142971.04688
 4802	  121697.89844	 -19638.0332	 -142291.03125	  142297.03125
 4796	  121199.57813	 -17800.92383	 -142421.95313	  142427.95313
 4796	  121199.57813	 -17800.92383	 -142421.95313	  142427.95313
 4802	  121697.89844	 -19638.0332	 -142291.03125	  142297.03125
 4803	  121431.85156	 -18362.37695	 -142316.625	  142322.625
 4804	  118129.88281	 -17136.26172	 -144204.5625	  144210.5625
 4805	  120035.52344	 -15977.73242	 -141812.625	  141818.625
 4806	  120249.52344	 -16087.51563	 -142623.98438	  142629.98438
 4806	  120249.52344	 -16087.51563	 -142623.98438	  142629.98438
 4805	  120035.52344	 -15977.73242	 -141812.625	  141818.625
 4807	  120581.11719	 -17112.17773	 -142430.14063	  142436.14063
 4808	  121431.85156	 -18362.37695	 -142316.625	  142322.625
 4807	  120581.11719	 -17112.17773	 -142430.14063	  142436.14063
 4809	  120431.07031	 -17652.49023	 -142239.76563	  142245.76563
 4810	  120363.45313	 -16934.5918	 -141576.28125	  141582.28125
 4807	  120581.11719	 -17112.17773	 -142430.14063	  142436.14063
 4805	  120035.52344	 -15977.73242	 -141812.625	  141818.625
 4809	  120431.07031	 -17652.49023	 -142239.76563	  142245.76563
 4807	  120581.11719	 -17112.17773	 -142430.14063	  142436.14063
 4810	  120363.45313	 -16934.5918	 -141576.28125	  141582.28125
 4809	  120431.07031	 -17652.49023	 -142239.76563	  142245.76563
 4811	  120264.30469	 -19440.10938	 -141818.59375	  141824.59375
 4812	  120454.71875	 -18495.57031	 -143110.90625	  143116.90625
 4809	  120431.07031	 -17652.49023	 -142239.76563	  142245.76563
 4810	  120363.45313	 -16934.5918	 -141576.28125	  141582.28125
 4811	  120264.30469	 -19440.10938	 -141818.59375	  141824.59375
 4813	  119232.6875	 -18160.33008	 -141728.15625	  141734.15625
 4811	  120264.30469	 -19440.10938	 -141818.59375	  141824.59375
 4810	  120363.45313	 -16934.5918	 -141576.28125	  141582.28125
 4805	  120035.52344	 -15977.73242	 -141812.625	  141818.625
 4814	  118196.92188	 -16531.96094	 -141552.1875	  141558.1875
 4810	  120363.45313	 -16934.5918	 -141576.28125	  141582.28125
 4810	  120363.45313	 -16934.5918	 -141576.28125	  141582.28125
 4814	  118196.92188	 -16531.96094	 -141552.1875	  141558.1875
 4815	  119232.6875	 -18160.33008	 -141728.15625	  141734.15625
 4814	  118196.92188	 -16531.96094	 -141552.1875	  141558.1875
 4805	  120035.52344	 -15977.73242	 -141812.625	  141818.625
 4816	  119187.29688	 -15280.42285	 -142525.25	  142531.25
 4816	  119187.29688	 -15280.42285	 -142525.25	  142531.25
 4817	  116597.00	 -17071.95508	 -141592.21875	  141598.21875
 4814	  118196.92188	 -16531.96094	 -141552.1875	  141558.1875
 4818	  116829.49219	 -14936.1748	 -142574.42188	  142580.42188
 4817	  116597.00	 -17071.95508	 -141592.21875	  141598.21875
 4816	  119187.29688	 -15280.42285	 -142525.25	  142531.25
 4819	  117473.07031	 -17015.49219	 -143734.46875	  143740.46875
 4818	  116829.49219	 -14936.1748	 -142574.42188	  142580.42188
 4816	  119187.29688	 -15280.42285	 -142525.25	  142531.25
 4819	  117473.07031	 -17015.49219	 -143734.46875	  143740.46875
 4816	  119187.29688	 -15280.42285	 -142525.25	  142531.25
 4820	  117786.21875	 -17194.59375	 -143870.9375	  143876.9375
 4816	  119187.29688	 -15280.42285	 -142525.25	  142531.25
 4821	  118129.88281	 -17136.26172	 -144204.5625	  144210.5625
 4820	  117786.21875	 -17194.59375	 -143870.9375	  143876.9375
 4822	  182819.625	 -7430.31836	 -86703.89844	  86709.89844
 4823	  181088.45313	 -7438.54395	 -85418.97656	  85424.97656
 4824	  181688.09375	 -7865.62793	 -84944.39844	  84950.39844
 4824	  181688.09375	 -7865.62793	 -84944.39844	  84950.39844
 4825	  183872.20313	 -8734.53027	 -86278.50	  86284.50
 4822	  182819.625	 -7430.31836	 -86703.89844	  86709.89844
 4826	  181751.64063	 -7453.80957	 -87181.78906	  87187.78906
 4827	  181088.45313	 -7438.54395	 -85418.97656	  85424.97656
 4822	  182819.625	 -7430.31836	 -86703.89844	  86709.89844
 4822	  182819.625	 -7430.31836	 -86703.89844	  86709.89844
 4828	  182530.65625	 -7943.86523	 -87363.10938	  87369.10938
 4826	  181751.64063	 -7453.80957	 -87181.78906	  87187.78906
 4822	  182819.625	 -7430.31836	 -86703.89844	  86709.89844
 4825	  183872.20313	 -8734.53027	 -86278.50	  86284.50
 4828	  182530.65625	 -7943.86523	 -87363.10938	  87369.10938
 4829	  183084.29688	 -14716.42676	 -87444.82031	  87450.82031
 4828	  182530.65625	 -7943.86523	 -87363.10938	  87369.10938
 4825	  183872.20313	 -8734.53027	 -86278.50	  86284.50
 4830	  181688.09375	 -7865.62793	 -84944.39844	  84950.39844
 4831	  181320.60938	 -13539.69141	 -83841.61719	  83847.61719
 4825	  183872.20313	 -8734.53027	 -86278.50	  86284.50
 4832	  183983.03125	 -13829.05664	 -85355.07031	  85361.07031
 4829	  183084.29688	 -14716.42676	 -87444.82031	  87450.82031
 4825	  183872.20313	 -8734.53027	 -86278.50	  86284.50
 4825	  183872.20313	 -8734.53027	 -86278.50	  86284.50
 4831	  181320.60938	 -13539.69141	 -83841.61719	  83847.61719
 4832	  183983.03125	 -13829.05664	 -85355.07031	  85361.07031
 4833	  184146.50	 -18127.48633	 -86180.3125	  86186.3125
 4829	  183084.29688	 -14716.42676	 -87444.82031	  87450.82031
 4832	  183983.03125	 -13829.05664	 -85355.07031	  85361.07031
 4834	  183097.65625	 -17721.54492	 -84556.44531	  84562.44531
 4832	  183983.03125	 -13829.05664	 -85355.07031	  85361.07031
 4831	  181320.60938	 -13539.69141	 -83841.61719	  83847.61719
 4832	  183983.03125	 -13829.05664	 -85355.07031	  85361.07031
 4834	  183097.65625	 -17721.54492	 -84556.44531	  84562.44531
 4835	  184146.50	 -18127.48633	 -86180.3125	  86186.3125
 4836	  96052.125	 -102.43968	 -50068.59766	  50074.59766
 4837	  94543.85156	 -1499.95215	 -50129.41406	  50135.41406
 4838	  94917.10938	 -2506.42358	 -50043.07422	  50049.07422
 4839	  94875.07813	 -796.1272	 -50986.86719	  50992.86719
 4837	  94543.85156	 -1499.95215	 -50129.41406	  50135.41406
 4836	  96052.125	 -102.43968	 -50068.59766	  50074.59766
 4839	  94875.07813	 -796.1272	 -50986.86719	  50992.86719
 4836	  96052.125	 -102.43968	 -50068.59766	  50074.59766
 4840	  95340.19531	  18.21834	 -51631.68359	  51637.68359
 4839	  94875.07813	 -796.1272	 -50986.86719	  50992.86719
 4840	  95340.19531	  18.21834	 -51631.68359	  51637.68359
 4841	  93721.67969	 -2003.35938	 -51702.45703	  51708.45703
 4842	  95995.79688	 -1330.50391	 -50763.80078	  50769.80078
 4840	  95340.19531	  18.21834	 -51631.68359	  51637.68359
 4836	  96052.125	 -102.43968	 -50068.59766	  50074.59766
 4842	  95995.79688	 -1330.50391	 -50763.80078	  50769.80078
 4836	  96052.125	 -102.43968	 -50068.59766	  50074.59766
 4843	  97420.875	 -428.05835	 -50402.62891	  50408.62891
 4844	  97243.61719	 -2853.2085	 -50493.57813	  50499.57813
 4842	  95995.79688	 -1330.50391	 -50763.80078	  50769.80078
 4843	  97420.875	 -428.05835	 -50402.62891	  50408.62891
 4844	  97243.61719	 -2853.2085	 -50493.57813	  50499.57813
 4845	  96384.85938	 -2729.64868	 -50571.82422	  50577.82422
 4842	  95995.79688	 -1330.50391	 -50763.80078	  50769.80078
 4842	  95995.79688	 -1330.50391	 -50763.80078	  50769.80078
 4845	  96384.85938	 -2729.64868	 -50571.82422	  50577.82422
 4846	  95440.14063	 -3509.43481	 -51606.14844	  51612.14844
 4847	  94401.58594	 -2709.22925	 -51138.8125	  51144.8125
 4841	  93721.67969	 -2003.35938	 -51702.45703	  51708.45703
 4846	  95440.14063	 -3509.43481	 -51606.14844	  51612.14844
 4842	  95995.79688	 -1330.50391	 -50763.80078	  50769.80078
 4848	  95526.04688	 -1210.08093	 -51877.48828	  51883.48828
 4840	  95340.19531	  18.21834	 -51631.68359	  51637.68359
 4848	  95526.04688	 -1210.08093	 -51877.48828	  51883.48828
 4841	  93721.67969	 -2003.35938	 -51702.45703	  51708.45703
 4840	  95340.19531	  18.21834	 -51631.68359	  51637.68359
 4842	  95995.79688	 -1330.50391	 -50763.80078	  50769.80078
 4846	  95440.14063	 -3509.43481	 -51606.14844	  51612.14844
 4848	  95526.04688	 -1210.08093	 -51877.48828	  51883.48828
 4848	  95526.04688	 -1210.08093	 -51877.48828	  51883.48828
 4846	  95440.14063	 -3509.43481	 -51606.14844	  51612.14844
 4841	  93721.67969	 -2003.35938	 -51702.45703	  51708.45703
 4849	  128557.67969	 -14899.96582	 -108096.82031	  108102.82031
 4850	  129035.75781	 -12833.125	 -108258.3125	  108264.3125
 4851	  127879.55469	 -14660.16797	 -108723.71875	  108729.71875
 4850	  129035.75781	 -12833.125	 -108258.3125	  108264.3125
 4849	  128557.67969	 -14899.96582	 -108096.82031	  108102.82031
 4852	  129916.51563	 -12030.63184	 -108264.75	  108270.75
 4849	  128557.67969	 -14899.96582	 -108096.82031	  108102.82031
 4853	  130421.44531	 -15073.58301	 -108534.66406	  108540.66406
 4852	  129916.51563	 -12030.63184	 -108264.75	  108270.75
 4854	  130742.69531	 -13312.85059	 -108607.28125	  108613.28125
 4852	  129916.51563	 -12030.63184	 -108264.75	  108270.75
 4853	  130421.44531	 -15073.58301	 -108534.66406	  108540.66406
 4853	  130421.44531	 -15073.58301	 -108534.66406	  108540.66406
 4855	  129951.28125	 -15233.13965	 -110299.32813	  110305.32813
 4854	  130742.69531	 -13312.85059	 -108607.28125	  108613.28125
 4849	  128557.67969	 -14899.96582	 -108096.82031	  108102.82031
 4855	  129951.28125	 -15233.13965	 -110299.32813	  110305.32813
 4853	  130421.44531	 -15073.58301	 -108534.66406	  108540.66406
 4849	  128557.67969	 -14899.96582	 -108096.82031	  108102.82031
 4856	  129056.125	 -13350.87305	 -109318.85938	  109324.85938
 4855	  129951.28125	 -15233.13965	 -110299.32813	  110305.32813
 4857	  64760.43359	 -14555.36816	 -103219.03906	  103225.03906
 4858	  63891.67188	 -14926.32422	 -101519.57031	  101525.57031
 4859	  63955.40234	 -13793.5459	 -101031.625	  101037.625
 4857	  64760.43359	 -14555.36816	 -103219.03906	  103225.03906
 4860	  62825.96094	 -14264.55957	 -102444.89063	  102450.89063
 4858	  63891.67188	 -14926.32422	 -101519.57031	  101525.57031
 4861	  62313.93359	 -13397.63574	 -102004.125	  102010.125
 4860	  62825.96094	 -14264.55957	 -102444.89063	  102450.89063
 4862	  60594.96875	 -13655.1875	 -102743.4375	  102749.4375
 4857	  64760.43359	 -14555.36816	 -103219.03906	  103225.03906
 4863	  61205.87109	 -15734.37109	 -105105.91406	  105111.91406
 4860	  62825.96094	 -14264.55957	 -102444.89063	  102450.89063
 4863	  61205.87109	 -15734.37109	 -105105.91406	  105111.91406
 4862	  60594.96875	 -13655.1875	 -102743.4375	  102749.4375
 4860	  62825.96094	 -14264.55957	 -102444.89063	  102450.89063
 4857	  64760.43359	 -14555.36816	 -103219.03906	  103225.03906
 4864	  64804.68359	 -17094.14844	 -103836.86719	  103842.86719
 4863	  61205.87109	 -15734.37109	 -105105.91406	  105111.91406
 4865	  65315.3125	 -15099.60059	 -103299.84375	  103305.84375
 4864	  64804.68359	 -17094.14844	 -103836.86719	  103842.86719
 4857	  64760.43359	 -14555.36816	 -103219.03906	  103225.03906
 4864	  64804.68359	 -17094.14844	 -103836.86719	  103842.86719
 4865	  65315.3125	 -15099.60059	 -103299.84375	  103305.84375
 4866	  65376.26172	 -15758.60938	 -102927.25	  102933.25
 4866	  65376.26172	 -15758.60938	 -102927.25	  102933.25
 4867	  64988.64063	 -17071.98438	 -102582.71094	  102588.71094
 4864	  64804.68359	 -17094.14844	 -103836.86719	  103842.86719
 4862	  60594.96875	 -13655.1875	 -102743.4375	  102749.4375
 4863	  61205.87109	 -15734.37109	 -105105.91406	  105111.91406
 4868	  60239.41406	 -17492.77734	 -104937.70313	  104943.70313
 4863	  61205.87109	 -15734.37109	 -105105.91406	  105111.91406
 4864	  64804.68359	 -17094.14844	 -103836.86719	  103842.86719
 4868	  60239.41406	 -17492.77734	 -104937.70313	  104943.70313
 4864	  64804.68359	 -17094.14844	 -103836.86719	  103842.86719
 4867	  64988.64063	 -17071.98438	 -102582.71094	  102588.71094
 4868	  60239.41406	 -17492.77734	 -104937.70313	  104943.70313
 4869	  60667.37891	 -16596.77344	 -102792.15625	  102798.15625
 4862	  60594.96875	 -13655.1875	 -102743.4375	  102749.4375
 4868	  60239.41406	 -17492.77734	 -104937.70313	  104943.70313
 4867	  64988.64063	 -17071.98438	 -102582.71094	  102588.71094
 4870	  63545.40234	 -17048.25	 -102535.38281	  102541.38281
 4868	  60239.41406	 -17492.77734	 -104937.70313	  104943.70313
 4871	  113257.50781	 -15181.83105	 -92561.25	  92567.25
 4872	  113544.375	 -14586.3623	 -93278.51563	  93284.51563
 4873	  113552.30469	 -14791.46875	 -93669.85156	  93675.85156
 4871	  113257.50781	 -15181.83105	 -92561.25	  92567.25
 4874	  113857.94531	 -13151.59375	 -92563.21875	  92569.21875
 4872	  113544.375	 -14586.3623	 -93278.51563	  93284.51563
 4872	  113544.375	 -14586.3623	 -93278.51563	  93284.51563
 4874	  113857.94531	 -13151.59375	 -92563.21875	  92569.21875
 4875	  113731.26563	 -13155.81152	 -93432.10156	  93438.10156
 4875	  113731.26563	 -13155.81152	 -93432.10156	  93438.10156
 4874	  113857.94531	 -13151.59375	 -92563.21875	  92569.21875
 4876	  114890.07813	 -12052.24902	 -92767.78125	  92773.78125
 4877	  113690.91406	 -12712.22949	 -94011.21094	  94017.21094
 4875	  113731.26563	 -13155.81152	 -93432.10156	  93438.10156
 4876	  114890.07813	 -12052.24902	 -92767.78125	  92773.78125
 4872	  113544.375	 -14586.3623	 -93278.51563	  93284.51563
 4875	  113731.26563	 -13155.81152	 -93432.10156	  93438.10156
 4878	  112482.72656	 -12594.98047	 -93741.10938	  93747.10938
 4878	  112482.72656	 -12594.98047	 -93741.10938	  93747.10938
 4875	  113731.26563	 -13155.81152	 -93432.10156	  93438.10156
 4877	  113690.91406	 -12712.22949	 -94011.21094	  94017.21094
 4879	  112125.32813	 -14183.18164	 -93491.50	  93497.50
 4872	  113544.375	 -14586.3623	 -93278.51563	  93284.51563
 4878	  112482.72656	 -12594.98047	 -93741.10938	  93747.10938
 4879	  112125.32813	 -14183.18164	 -93491.50	  93497.50
 4878	  112482.72656	 -12594.98047	 -93741.10938	  93747.10938
 4880	  112037.53906	 -14668.33203	 -93706.64844	  93712.64844
 4878	  112482.72656	 -12594.98047	 -93741.10938	  93747.10938
 4877	  113690.91406	 -12712.22949	 -94011.21094	  94017.21094
 4881	  112388.20313	 -13241.8252	 -94187.77344	  94193.77344
 4881	  112388.20313	 -13241.8252	 -94187.77344	  94193.77344
 4880	  112037.53906	 -14668.33203	 -93706.64844	  93712.64844
 4878	  112482.72656	 -12594.98047	 -93741.10938	  93747.10938
 4877	  113690.91406	 -12712.22949	 -94011.21094	  94017.21094
 4882	  113485.84375	 -13229.9502	 -94617.46875	  94623.46875
 4881	  112388.20313	 -13241.8252	 -94187.77344	  94193.77344
 4880	  112037.53906	 -14668.33203	 -93706.64844	  93712.64844
 4881	  112388.20313	 -13241.8252	 -94187.77344	  94193.77344
 4883	  113512.99219	 -15354.70996	 -94353.36719	  94359.36719
 4884	  126916.875	 -12009.23828	 -58853.22656	  58859.22656
 4885	  126830.84375	 -9822.61914	 -59055.84375	  59061.84375
 4886	  126109.85156	 -12633.59473	 -59159.85156	  59165.85156
 4887	  126861.29688	 -12467.61523	 -58202.04297	  58208.04297
 4885	  126830.84375	 -9822.61914	 -59055.84375	  59061.84375
 4884	  126916.875	 -12009.23828	 -58853.22656	  58859.22656
 4887	  126861.29688	 -12467.61523	 -58202.04297	  58208.04297
 4888	  127345.00781	 -11187.58496	 -57319.47266	  57325.47266
 4885	  126830.84375	 -9822.61914	 -59055.84375	  59061.84375
 4889	  127680.26563	 -11656.17969	 -57446.27344	  57452.27344
 4888	  127345.00781	 -11187.58496	 -57319.47266	  57325.47266
 4890	  126861.29688	 -12467.61523	 -58202.04297	  58208.04297
 4888	  127345.00781	 -11187.58496	 -57319.47266	  57325.47266
 4889	  127680.26563	 -11656.17969	 -57446.27344	  57452.27344
 4891	  127665.95313	 -11929.15625	 -56628.84766	  56634.84766
 4892	  127101.85938	 -9233.80859	 -57041.47266	  57047.47266
 4888	  127345.00781	 -11187.58496	 -57319.47266	  57325.47266
 4891	  127665.95313	 -11929.15625	 -56628.84766	  56634.84766
 4892	  127101.85938	 -9233.80859	 -57041.47266	  57047.47266
 4891	  127665.95313	 -11929.15625	 -56628.84766	  56634.84766
 4893	  127444.71875	 -9145.02832	 -56437.92578	  56443.92578
 4893	  127444.71875	 -9145.02832	 -56437.92578	  56443.92578
 4894	  127985.21094	 -8737.54785	 -56713.03125	  56719.03125
 4892	  127101.85938	 -9233.80859	 -57041.47266	  57047.47266
 4888	  127345.00781	 -11187.58496	 -57319.47266	  57325.47266
 4895	  127324.60156	 -9579.61328	 -57713.17188	  57719.17188
 4885	  126830.84375	 -9822.61914	 -59055.84375	  59061.84375
 4892	  127101.85938	 -9233.80859	 -57041.47266	  57047.47266
 4895	  127324.60156	 -9579.61328	 -57713.17188	  57719.17188
 4888	  127345.00781	 -11187.58496	 -57319.47266	  57325.47266
 4895	  127324.60156	 -9579.61328	 -57713.17188	  57719.17188
 4892	  127101.85938	 -9233.80859	 -57041.47266	  57047.47266
 4894	  127985.21094	 -8737.54785	 -56713.03125	  56719.03125
 4895	  127324.60156	 -9579.61328	 -57713.17188	  57719.17188
 4896	  127964.69531	 -9183.00586	 -58544.94922	  58550.94922
 4885	  126830.84375	 -9822.61914	 -59055.84375	  59061.84375
 4894	  127985.21094	 -8737.54785	 -56713.03125	  56719.03125
 4897	  128800.94531	 -9619.65625	 -57138.25	  57144.25
 4895	  127324.60156	 -9579.61328	 -57713.17188	  57719.17188
 4895	  127324.60156	 -9579.61328	 -57713.17188	  57719.17188
 4898	  128418.67969	 -10278.64453	 -58385.16016	  58391.16016
 4896	  127964.69531	 -9183.00586	 -58544.94922	  58550.94922
 4897	  128800.94531	 -9619.65625	 -57138.25	  57144.25
 4899	  128434.50	 -10620.02051	 -57995.29688	  58001.29688
 4895	  127324.60156	 -9579.61328	 -57713.17188	  57719.17188
 4898	  128418.67969	 -10278.64453	 -58385.16016	  58391.16016
 4895	  127324.60156	 -9579.61328	 -57713.17188	  57719.17188
 4899	  128434.50	 -10620.02051	 -57995.29688	  58001.29688
 4897	  128800.94531	 -9619.65625	 -57138.25	  57144.25
 4900	  129073.08594	 -10766.58105	 -58131.26563	  58137.26563
 4899	  128434.50	 -10620.02051	 -57995.29688	  58001.29688
 4899	  128434.50	 -10620.02051	 -57995.29688	  58001.29688
 4901	  128424.28906	 -11196.47266	 -58150.19922	  58156.19922
 4898	  128418.67969	 -10278.64453	 -58385.16016	  58391.16016
 4902	  94677.17188	 -6754.75439	 -36251.60156	  36257.60156
 4903	  93922.74219	 -6422.76904	 -36162.57422	  36168.57422
 4904	  94785.32031	 -6217.59082	 -35952.63281	  35958.63281
 4903	  93922.74219	 -6422.76904	 -36162.57422	  36168.57422
 4902	  94677.17188	 -6754.75439	 -36251.60156	  36257.60156
 4905	  93408.67188	 -7274.2915	 -36454.35156	  36460.35156
 4905	  93408.67188	 -7274.2915	 -36454.35156	  36460.35156
 4906	  93083.9375	 -5737.32324	 -36622.60938	  36628.60938
 4903	  93922.74219	 -6422.76904	 -36162.57422	  36168.57422
 4906	  93083.9375	 -5737.32324	 -36622.60938	  36628.60938
 4905	  93408.67188	 -7274.2915	 -36454.35156	  36460.35156
 4907	  92230.28906	 -6072.26172	 -39235.87109	  39241.87109
 4905	  93408.67188	 -7274.2915	 -36454.35156	  36460.35156
 4908	  92644.98438	 -8061.1582	 -38466.96484	  38472.96484
 4907	  92230.28906	 -6072.26172	 -39235.87109	  39241.87109
 4907	  92230.28906	 -6072.26172	 -39235.87109	  39241.87109
 4908	  92644.98438	 -8061.1582	 -38466.96484	  38472.96484
 4909	  92892.47656	 -8062.26904	 -39027.26563	  39033.26563
 4903	  93922.74219	 -6422.76904	 -36162.57422	  36168.57422
 4906	  93083.9375	 -5737.32324	 -36622.60938	  36628.60938
 4910	  93531.91406	 -4699.46191	 -35302.59375	  35308.59375
 4911	  94067.95313	 -7535.57275	 -35994.26172	  36000.26172
 4903	  93922.74219	 -6422.76904	 -36162.57422	  36168.57422
 4910	  93531.91406	 -4699.46191	 -35302.59375	  35308.59375
 4911	  94067.95313	 -7535.57275	 -35994.26172	  36000.26172
 4910	  93531.91406	 -4699.46191	 -35302.59375	  35308.59375
 4912	  93516.84375	 -7716.12207	 -35298.625	  35304.625
 4906	  93083.9375	 -5737.32324	 -36622.60938	  36628.60938
 4907	  92230.28906	 -6072.26172	 -39235.87109	  39241.87109
 4913	  92386.60938	 -4718.51904	 -35082.74609	  35088.74609
 4906	  93083.9375	 -5737.32324	 -36622.60938	  36628.60938
 4913	  92386.60938	 -4718.51904	 -35082.74609	  35088.74609
 4910	  93531.91406	 -4699.46191	 -35302.59375	  35308.59375
 4913	  92386.60938	 -4718.51904	 -35082.74609	  35088.74609
 4912	  93516.84375	 -7716.12207	 -35298.625	  35304.625
 4910	  93531.91406	 -4699.46191	 -35302.59375	  35308.59375
 4914	  91130.89063	 -6050.02588	 -38930.84375	  38936.84375
 4913	  92386.60938	 -4718.51904	 -35082.74609	  35088.74609
 4907	  92230.28906	 -6072.26172	 -39235.87109	  39241.87109
 4915	  92405.64063	 -7659.72217	 -35056.28125	  35062.28125
 4912	  93516.84375	 -7716.12207	 -35298.625	  35304.625
 4913	  92386.60938	 -4718.51904	 -35082.74609	  35088.74609
 4914	  91130.89063	 -6050.02588	 -38930.84375	  38936.84375
 4916	  91304.39063	 -7013.12109	 -38032.26172	  38038.26172
 4913	  92386.60938	 -4718.51904	 -35082.74609	  35088.74609
 4917	  91953.85938	 -6484.32959	 -35232.17188	  35238.17188
 4915	  92405.64063	 -7659.72217	 -35056.28125	  35062.28125
 4913	  92386.60938	 -4718.51904	 -35082.74609	  35088.74609
 4918	  90962.73438	 -7528.52002	 -37142.01563	  37148.01563
 4913	  92386.60938	 -4718.51904	 -35082.74609	  35088.74609
 4916	  91304.39063	 -7013.12109	 -38032.26172	  38038.26172
 4913	  92386.60938	 -4718.51904	 -35082.74609	  35088.74609
 4918	  90962.73438	 -7528.52002	 -37142.01563	  37148.01563
 4917	  91953.85938	 -6484.32959	 -35232.17188	  35238.17188
 4919	  113991.39063	 -12374.71094	 -56940.53516	  56946.53516
 4920	  114856.36719	 -12875.52637	 -57002.20703	  57008.20703
 4921	  113810.4375	 -12070.32617	 -57624.23828	  57630.23828
 4920	  114856.36719	 -12875.52637	 -57002.20703	  57008.20703
 4919	  113991.39063	 -12374.71094	 -56940.53516	  56946.53516
 4922	  115291.45313	 -8743.48242	 -55753.31641	  55759.31641
 4920	  114856.36719	 -12875.52637	 -57002.20703	  57008.20703
 4922	  115291.45313	 -8743.48242	 -55753.31641	  55759.31641
 4923	  116910.73438	 -10570.79004	 -56156.78906	  56162.78906
 4924	  117036.11719	 -7849.45557	 -54062.69531	  54068.69531
 4923	  116910.73438	 -10570.79004	 -56156.78906	  56162.78906
 4922	  115291.45313	 -8743.48242	 -55753.31641	  55759.31641
 4925	  116306.60156	 -17901.68945	 -56075.95313	  56081.95313
 4920	  114856.36719	 -12875.52637	 -57002.20703	  57008.20703
 4923	  116910.73438	 -10570.79004	 -56156.78906	  56162.78906
 4926	  117000.5625	 -22925.98633	 -56231.67188	  56237.67188
 4920	  114856.36719	 -12875.52637	 -57002.20703	  57008.20703
 4925	  116306.60156	 -17901.68945	 -56075.95313	  56081.95313
 4927	  118587.90625	 -16267.32813	 -54323.91016	  54329.91016
 4923	  116910.73438	 -10570.79004	 -56156.78906	  56162.78906
 4924	  117036.11719	 -7849.45557	 -54062.69531	  54068.69531
 4923	  116910.73438	 -10570.79004	 -56156.78906	  56162.78906
 4928	  117533.3125	 -15040.05762	 -56158.36328	  56164.36328
 4925	  116306.60156	 -17901.68945	 -56075.95313	  56081.95313
 4925	  116306.60156	 -17901.68945	 -56075.95313	  56081.95313
 4928	  117533.3125	 -15040.05762	 -56158.36328	  56164.36328
 4926	  117000.5625	 -22925.98633	 -56231.67188	  56237.67188
 4923	  116910.73438	 -10570.79004	 -56156.78906	  56162.78906
 4927	  118587.90625	 -16267.32813	 -54323.91016	  54329.91016
 4928	  117533.3125	 -15040.05762	 -56158.36328	  56164.36328
 4929	  118181.74219	 -10984.4707	 -52134.02344	  52140.02344
 4927	  118587.90625	 -16267.32813	 -54323.91016	  54329.91016
 4924	  117036.11719	 -7849.45557	 -54062.69531	  54068.69531
 4930	  118249.00781	 -22814.75586	 -55247.06641	  55253.06641
 4926	  117000.5625	 -22925.98633	 -56231.67188	  56237.67188
 4928	  117533.3125	 -15040.05762	 -56158.36328	  56164.36328
 4928	  117533.3125	 -15040.05762	 -56158.36328	  56164.36328
 4927	  118587.90625	 -16267.32813	 -54323.91016	  54329.91016
 4930	  118249.00781	 -22814.75586	 -55247.06641	  55253.06641
 4931	  117343.30469	 -23564.01953	 -55330.6875	  55336.6875
 4926	  117000.5625	 -22925.98633	 -56231.67188	  56237.67188
 4930	  118249.00781	 -22814.75586	 -55247.06641	  55253.06641
 4932	  117071.22656	 -25388.86914	 -56039.30469	  56045.30469
 4931	  117343.30469	 -23564.01953	 -55330.6875	  55336.6875
 4933	  117767.02344	 -25567.12109	 -53989.96875	  53995.96875
 4930	  118249.00781	 -22814.75586	 -55247.06641	  55253.06641
 4933	  117767.02344	 -25567.12109	 -53989.96875	  53995.96875
 4931	  117343.30469	 -23564.01953	 -55330.6875	  55336.6875
 4934	  118654.32813	 -23383.73242	 -54283.48828	  54289.48828
 4930	  118249.00781	 -22814.75586	 -55247.06641	  55253.06641
 4927	  118587.90625	 -16267.32813	 -54323.91016	  54329.91016
 4934	  118654.32813	 -23383.73242	 -54283.48828	  54289.48828
 4933	  117767.02344	 -25567.12109	 -53989.96875	  53995.96875
 4930	  118249.00781	 -22814.75586	 -55247.06641	  55253.06641
 4934	  118654.32813	 -23383.73242	 -54283.48828	  54289.48828
 4927	  118587.90625	 -16267.32813	 -54323.91016	  54329.91016
 4935	  118693.625	 -20462.59766	 -53345.87109	  53351.87109
 4933	  117767.02344	 -25567.12109	 -53989.96875	  53995.96875
 4934	  118654.32813	 -23383.73242	 -54283.48828	  54289.48828
 4935	  118693.625	 -20462.59766	 -53345.87109	  53351.87109
 4927	  118587.90625	 -16267.32813	 -54323.91016	  54329.91016
 4929	  118181.74219	 -10984.4707	 -52134.02344	  52140.02344
 4935	  118693.625	 -20462.59766	 -53345.87109	  53351.87109
 4935	  118693.625	 -20462.59766	 -53345.87109	  53351.87109
 4936	  119241.39063	 -21009.92773	 -52524.86328	  52530.86328
 4933	  117767.02344	 -25567.12109	 -53989.96875	  53995.96875
 4935	  118693.625	 -20462.59766	 -53345.87109	  53351.87109
 4929	  118181.74219	 -10984.4707	 -52134.02344	  52140.02344
 4937	  119154.41406	 -13914.33203	 -52085.34375	  52091.34375
 4935	  118693.625	 -20462.59766	 -53345.87109	  53351.87109
 4937	  119154.41406	 -13914.33203	 -52085.34375	  52091.34375
 4936	  119241.39063	 -21009.92773	 -52524.86328	  52530.86328
 4929	  118181.74219	 -10984.4707	 -52134.02344	  52140.02344
 4938	  118624.75781	 -13831.51953	 -51323.44531	  51329.44531
 4937	  119154.41406	 -13914.33203	 -52085.34375	  52091.34375
 4938	  118624.75781	 -13831.51953	 -51323.44531	  51329.44531
 4936	  119241.39063	 -21009.92773	 -52524.86328	  52530.86328
 4937	  119154.41406	 -13914.33203	 -52085.34375	  52091.34375
 4936	  119241.39063	 -21009.92773	 -52524.86328	  52530.86328
 4938	  118624.75781	 -13831.51953	 -51323.44531	  51329.44531
 4939	  119269.63281	 -16582.01367	 -49940.63672	  49946.63672
 4940	  84991.74219	 -23949.58594	 -91005.80469	  91011.80469
 4941	  84867.6875	 -27482.16602	 -89463.60938	  89469.60938
 4942	  81802.67188	 -26300.26953	 -90290.46094	  90296.46094
 4940	  84991.74219	 -23949.58594	 -91005.80469	  91011.80469
 4943	  87702.46094	 -26145.80859	 -87669.54688	  87675.54688
 4941	  84867.6875	 -27482.16602	 -89463.60938	  89469.60938
 4943	  87702.46094	 -26145.80859	 -87669.54688	  87675.54688
 4940	  84991.74219	 -23949.58594	 -91005.80469	  91011.80469
 4944	  86844.19531	 -22198.27539	 -89260.03125	  89266.03125
 4943	  87702.46094	 -26145.80859	 -87669.54688	  87675.54688
 4944	  86844.19531	 -22198.27539	 -89260.03125	  89266.03125
 4945	  88694.26563	 -22146.83984	 -88678.73438	  88684.73438
 4943	  87702.46094	 -26145.80859	 -87669.54688	  87675.54688
 4945	  88694.26563	 -22146.83984	 -88678.73438	  88684.73438
 4946	  89596.35156	 -24811.24414	 -87496.33594	  87502.33594
 4940	  84991.74219	 -23949.58594	 -91005.80469	  91011.80469
 4947	  85500.05469	 -14418.77539	 -91001.39063	  91007.39063
 4944	  86844.19531	 -22198.27539	 -89260.03125	  89266.03125
 4947	  85500.05469	 -14418.77539	 -91001.39063	  91007.39063
 4940	  84991.74219	 -23949.58594	 -91005.80469	  91011.80469
 4948	  84231.32813	 -14432.53418	 -91611.80469	  91617.80469
 4945	  88694.26563	 -22146.83984	 -88678.73438	  88684.73438
 4944	  86844.19531	 -22198.27539	 -89260.03125	  89266.03125
 4949	  87762.85938	 -14895.95898	 -88409.30469	  88415.30469
 4944	  86844.19531	 -22198.27539	 -89260.03125	  89266.03125
 4947	  85500.05469	 -14418.77539	 -91001.39063	  91007.39063
 4949	  87762.85938	 -14895.95898	 -88409.30469	  88415.30469
 4946	  89596.35156	 -24811.24414	 -87496.33594	  87502.33594
 4945	  88694.26563	 -22146.83984	 -88678.73438	  88684.73438
 4950	  89346.41406	 -17921.79297	 -88041.75	  88047.75
 4949	  87762.85938	 -14895.95898	 -88409.30469	  88415.30469
 4950	  89346.41406	 -17921.79297	 -88041.75	  88047.75
 4945	  88694.26563	 -22146.83984	 -88678.73438	  88684.73438
 4951	  90187.66406	 -21160.81641	 -86536.125	  86542.125
 4946	  89596.35156	 -24811.24414	 -87496.33594	  87502.33594
 4950	  89346.41406	 -17921.79297	 -88041.75	  88047.75
 4949	  87762.85938	 -14895.95898	 -88409.30469	  88415.30469
 4947	  85500.05469	 -14418.77539	 -91001.39063	  91007.39063
 4952	  89014.00	 -12649.4834	 -86939.67969	  86945.67969
 4950	  89346.41406	 -17921.79297	 -88041.75	  88047.75
 4949	  87762.85938	 -14895.95898	 -88409.30469	  88415.30469
 4952	  89014.00	 -12649.4834	 -86939.67969	  86945.67969
 4953	  89850.22656	 -13964.65234	 -86203.625	  86209.625
 4951	  90187.66406	 -21160.81641	 -86536.125	  86542.125
 4950	  89346.41406	 -17921.79297	 -88041.75	  88047.75
 4953	  89850.22656	 -13964.65234	 -86203.625	  86209.625
 4950	  89346.41406	 -17921.79297	 -88041.75	  88047.75
 4952	  89014.00	 -12649.4834	 -86939.67969	  86945.67969
 4951	  90187.66406	 -21160.81641	 -86536.125	  86542.125
 4953	  89850.22656	 -13964.65234	 -86203.625	  86209.625
 4954	  89572.73438	 -14499.98145	 -85462.03125	  85468.03125
 4954	  89572.73438	 -14499.98145	 -85462.03125	  85468.03125
 4953	  89850.22656	 -13964.65234	 -86203.625	  86209.625
 4955	  86572.84375	 -12283.87305	 -84676.89844	  84682.89844
 4953	  89850.22656	 -13964.65234	 -86203.625	  86209.625
 4952	  89014.00	 -12649.4834	 -86939.67969	  86945.67969
 4955	  86572.84375	 -12283.87305	 -84676.89844	  84682.89844
 4952	  89014.00	 -12649.4834	 -86939.67969	  86945.67969
 4947	  85500.05469	 -14418.77539	 -91001.39063	  91007.39063
 4956	  85038.00781	 -12175.52832	 -90358.75	  90364.75
 4956	  85038.00781	 -12175.52832	 -90358.75	  90364.75
 4955	  86572.84375	 -12283.87305	 -84676.89844	  84682.89844
 4952	  89014.00	 -12649.4834	 -86939.67969	  86945.67969
 4947	  85500.05469	 -14418.77539	 -91001.39063	  91007.39063
 4948	  84231.32813	 -14432.53418	 -91611.80469	  91617.80469
 4956	  85038.00781	 -12175.52832	 -90358.75	  90364.75
 4955	  86572.84375	 -12283.87305	 -84676.89844	  84682.89844
 4956	  85038.00781	 -12175.52832	 -90358.75	  90364.75
 4957	  82482.4375	 -11822.52734	 -85189.17188	  85195.17188
 4948	  84231.32813	 -14432.53418	 -91611.80469	  91617.80469
 4958	  83590.94531	 -12218.69336	 -90624.46094	  90630.46094
 4956	  85038.00781	 -12175.52832	 -90358.75	  90364.75
 4956	  85038.00781	 -12175.52832	 -90358.75	  90364.75
 4958	  83590.94531	 -12218.69336	 -90624.46094	  90630.46094
 4957	  82482.4375	 -11822.52734	 -85189.17188	  85195.17188
 4959	  161372.35938	 -13970.91504	 -124562.64844	  124568.64844
 4960	  161117.125	 -14031.50098	 -125531.46875	  125537.46875
 4961	  160259.92188	 -14919.94727	 -125314.96094	  125320.96094
 4960	  161117.125	 -14031.50098	 -125531.46875	  125537.46875
 4959	  161372.35938	 -13970.91504	 -124562.64844	  124568.64844
 4962	  162110.875	 -15791.94043	 -124718.72656	  124724.72656
 4963	  161821.60938	 -15932.64063	 -125680.45313	  125686.45313
 4960	  161117.125	 -14031.50098	 -125531.46875	  125537.46875
 4962	  162110.875	 -15791.94043	 -124718.72656	  124724.72656
 4962	  162110.875	 -15791.94043	 -124718.72656	  124724.72656
 4964	  161898.90625	 -16951.01172	 -124693.50781	  124699.50781
 4963	  161821.60938	 -15932.64063	 -125680.45313	  125686.45313
 4964	  161898.90625	 -16951.01172	 -124693.50781	  124699.50781
 4965	  161237.75	 -16866.36719	 -125796.50	  125802.50
 4963	  161821.60938	 -15932.64063	 -125680.45313	  125686.45313
 4960	  161117.125	 -14031.50098	 -125531.46875	  125537.46875
 4963	  161821.60938	 -15932.64063	 -125680.45313	  125686.45313
 4965	  161237.75	 -16866.36719	 -125796.50	  125802.50
 4960	  161117.125	 -14031.50098	 -125531.46875	  125537.46875
 4965	  161237.75	 -16866.36719	 -125796.50	  125802.50
 4966	  161081.76563	 -17304.28125	 -126389.75781	  126395.75781
 4967	  156136.40625	 -16249.73438	 -123301.64844	  123307.64844
 4968	  155409.23438	 -14464.10254	 -123462.85156	  123468.85156
 4969	  156015.40625	 -16505.55859	 -122674.97656	  122680.97656
 4970	  154561.04688	 -14396.66113	 -124087.71875	  124093.71875
 4968	  155409.23438	 -14464.10254	 -123462.85156	  123468.85156
 4967	  156136.40625	 -16249.73438	 -123301.64844	  123307.64844
 4970	  154561.04688	 -14396.66113	 -124087.71875	  124093.71875
 4967	  156136.40625	 -16249.73438	 -123301.64844	  123307.64844
 4971	  155751.50	 -17360.57031	 -124849.91406	  124855.91406
 4971	  155751.50	 -17360.57031	 -124849.91406	  124855.91406
 4967	  156136.40625	 -16249.73438	 -123301.64844	  123307.64844
 4972	  155775.14063	 -17802.08203	 -124598.50781	  124604.50781
 4972	  155775.14063	 -17802.08203	 -124598.50781	  124604.50781
 4967	  156136.40625	 -16249.73438	 -123301.64844	  123307.64844
 4973	  155663.8125	 -17271.32617	 -123320.05469	  123326.05469
 4967	  156136.40625	 -16249.73438	 -123301.64844	  123307.64844
 4974	  156562.42188	 -17883.16602	 -122555.76563	  122561.76563
 4973	  155663.8125	 -17271.32617	 -123320.05469	  123326.05469
 4972	  155775.14063	 -17802.08203	 -124598.50781	  124604.50781
 4973	  155663.8125	 -17271.32617	 -123320.05469	  123326.05469
 4975	  154147.46875	 -17376.92383	 -123673.63281	  123679.63281
 4973	  155663.8125	 -17271.32617	 -123320.05469	  123326.05469
 4974	  156562.42188	 -17883.16602	 -122555.76563	  122561.76563
 4975	  154147.46875	 -17376.92383	 -123673.63281	  123679.63281
 4976	  84734.49219	 -18709.90234	 -127581.89063	  127587.89063
 4977	  84764.875	 -13552.70117	 -125927.40625	  125933.40625
 4978	  84985.92188	 -18194.86523	 -126328.07813	  126334.07813
 4977	  84764.875	 -13552.70117	 -125927.40625	  125933.40625
 4979	  86146.50	 -17619.73438	 -125266.88281	  125272.88281
 4978	  84985.92188	 -18194.86523	 -126328.07813	  126334.07813
 4977	  84764.875	 -13552.70117	 -125927.40625	  125933.40625
 4980	  86948.58594	 -13442.56445	 -125698.60938	  125704.60938
 4979	  86146.50	 -17619.73438	 -125266.88281	  125272.88281
 4977	  84764.875	 -13552.70117	 -125927.40625	  125933.40625
 4981	  85945.58594	 -9159.36816	 -127341.86719	  127347.86719
 4980	  86948.58594	 -13442.56445	 -125698.60938	  125704.60938
 4977	  84764.875	 -13552.70117	 -125927.40625	  125933.40625
 4982	  85187.54688	 -12257.83496	 -128225.55469	  128231.55469
 4981	  85945.58594	 -9159.36816	 -127341.86719	  127347.86719
 4982	  85187.54688	 -12257.83496	 -128225.55469	  128231.55469
 4977	  84764.875	 -13552.70117	 -125927.40625	  125933.40625
 4983	  84734.49219	 -18709.90234	 -127581.89063	  127587.89063
 4984	  72609.21094	 -14919.58398	 -95491.15625	  95497.15625
 4985	  73488.88281	 -13046.86133	 -95503.82031	  95509.82031
 4986	  72633.15625	 -13951.63672	 -96113.91406	  96119.91406
 4984	  72609.21094	 -14919.58398	 -95491.15625	  95497.15625
 4987	  73163.29688	 -13330.65332	 -94971.35938	  94977.35938
 4985	  73488.88281	 -13046.86133	 -95503.82031	  95509.82031
 4988	  75035.96875	 -13242.32324	 -94072.75781	  94078.75781
 4989	  75418.84375	 -12821.97363	 -94787.74219	  94793.74219
 4987	  73163.29688	 -13330.65332	 -94971.35938	  94977.35938
 4987	  73163.29688	 -13330.65332	 -94971.35938	  94977.35938
 4989	  75418.84375	 -12821.97363	 -94787.74219	  94793.74219
 4985	  73488.88281	 -13046.86133	 -95503.82031	  95509.82031
 4989	  75418.84375	 -12821.97363	 -94787.74219	  94793.74219
 4990	  75864.20313	 -13778.3584	 -95635.50781	  95641.50781
 4991	  74183.91406	 -13207.75195	 -96176.625	  96182.625
 4989	  75418.84375	 -12821.97363	 -94787.74219	  94793.74219
 4991	  74183.91406	 -13207.75195	 -96176.625	  96182.625
 4985	  73488.88281	 -13046.86133	 -95503.82031	  95509.82031
 4992	  73240.08594	 -14784.54395	 -96034.28906	  96040.28906
 4985	  73488.88281	 -13046.86133	 -95503.82031	  95509.82031
 4991	  74183.91406	 -13207.75195	 -96176.625	  96182.625
 4992	  73240.08594	 -14784.54395	 -96034.28906	  96040.28906
 4993	  72633.15625	 -13951.63672	 -96113.91406	  96119.91406
 4985	  73488.88281	 -13046.86133	 -95503.82031	  95509.82031
 4994	  72191.04688	 -7639.18701	 -74358.375	  74364.375
 4995	  72139.23438	 -8751.8584	 -74661.47656	  74667.47656
 4996	  72050.24219	 -8132.02295	 -74051.85938	  74057.85938
 4997	  72133.17188	 -10779.68164	 -74071.44531	  74077.44531
 4996	  72050.24219	 -8132.02295	 -74051.85938	  74057.85938
 4995	  72139.23438	 -8751.8584	 -74661.47656	  74667.47656
 4997	  72133.17188	 -10779.68164	 -74071.44531	  74077.44531
 4995	  72139.23438	 -8751.8584	 -74661.47656	  74667.47656
 4998	  72232.25781	 -10976.53418	 -74448.84375	  74454.84375
 4999	  75197.21875	 -10653.49316	 -74671.95313	  74677.95313
 4998	  72232.25781	 -10976.53418	 -74448.84375	  74454.84375
 4995	  72139.23438	 -8751.8584	 -74661.47656	  74667.47656
 4995	  72139.23438	 -8751.8584	 -74661.47656	  74667.47656
 5000	  73922.34375	 -9859.34863	 -74340.82813	  74346.82813
 4999	  75197.21875	 -10653.49316	 -74671.95313	  74677.95313
 5001	  72191.04688	 -7639.18701	 -74358.375	  74364.375
 5000	  73922.34375	 -9859.34863	 -74340.82813	  74346.82813
 4995	  72139.23438	 -8751.8584	 -74661.47656	  74667.47656
 5002	  80790.40625	 -13388.69043	 -102605.89063	  102611.89063
 5003	  78682.02344	 -14109.60742	 -103093.98438	  103099.98438
 5004	  79177.64844	 -15647.55859	 -102850.71094	  102856.71094
 5003	  78682.02344	 -14109.60742	 -103093.98438	  103099.98438
 5005	  78580.64844	 -15621.33301	 -102135.48438	  102141.48438
 5004	  79177.64844	 -15647.55859	 -102850.71094	  102856.71094
 5005	  78580.64844	 -15621.33301	 -102135.48438	  102141.48438
 5006	  78009.02344	 -15809.37402	 -102168.99219	  102174.99219
 5004	  79177.64844	 -15647.55859	 -102850.71094	  102856.71094
 5006	  78009.02344	 -15809.37402	 -102168.99219	  102174.99219
 5007	  77285.21094	 -17057.1875	 -102943.59375	  102949.59375
 5008	  79073.53125	 -17110.38281	 -103124.1875	  103130.1875
 5008	  79073.53125	 -17110.38281	 -103124.1875	  103130.1875
 5004	  79177.64844	 -15647.55859	 -102850.71094	  102856.71094
 5006	  78009.02344	 -15809.37402	 -102168.99219	  102174.99219
 5009	  80213.57031	 -16759.73047	 -102422.14844	  102428.14844
 5004	  79177.64844	 -15647.55859	 -102850.71094	  102856.71094
 5008	  79073.53125	 -17110.38281	 -103124.1875	  103130.1875
 5009	  80213.57031	 -16759.73047	 -102422.14844	  102428.14844
 5010	  80790.40625	 -13388.69043	 -102605.89063	  102611.89063
 5004	  79177.64844	 -15647.55859	 -102850.71094	  102856.71094
 5009	  80213.57031	 -16759.73047	 -102422.14844	  102428.14844
 5008	  79073.53125	 -17110.38281	 -103124.1875	  103130.1875
 5011	  80838.32813	 -16982.58203	 -102201.07031	  102207.07031
 5012	  97604.88281	 -14027.86719	 -134094.95313	  134100.95313
 5013	  97942.03125	 -15900.56934	 -134700.84375	  134706.84375
 5014	  97738.64844	 -13283.89453	 -134434.5625	  134440.5625
 5015	  97515.97656	 -15806.36621	 -134164.60938	  134170.60938
 5013	  97942.03125	 -15900.56934	 -134700.84375	  134706.84375
 5012	  97604.88281	 -14027.86719	 -134094.95313	  134100.95313
 5015	  97515.97656	 -15806.36621	 -134164.60938	  134170.60938
 5016	  95957.42969	 -16487.36523	 -134896.09375	  134902.09375
 5013	  97942.03125	 -15900.56934	 -134700.84375	  134706.84375
 5013	  97942.03125	 -15900.56934	 -134700.84375	  134706.84375
 5016	  95957.42969	 -16487.36523	 -134896.09375	  134902.09375
 5017	  96049.24219	 -16270.16309	 -135181.875	  135187.875
 5017	  96049.24219	 -16270.16309	 -135181.875	  135187.875
 5018	  96989.82031	 -13276.03711	 -134742.42188	  134748.42188
 5013	  97942.03125	 -15900.56934	 -134700.84375	  134706.84375
 5019	  97738.64844	 -13283.89453	 -134434.5625	  134440.5625
 5013	  97942.03125	 -15900.56934	 -134700.84375	  134706.84375
 5018	  96989.82031	 -13276.03711	 -134742.42188	  134748.42188
 5020	  146719.01563	 -11047.19824	 -50632.26172	  50638.26172
 5021	  147466.6875	 -10115.125	 -51226.82031	  51232.82031
 5022	  147244.20313	 -11001.05957	 -51722.81641	  51728.81641
 5021	  147466.6875	 -10115.125	 -51226.82031	  51232.82031
 5020	  146719.01563	 -11047.19824	 -50632.26172	  50638.26172
 5023	  147384.57813	 -10968.08105	 -50125.79297	  50131.79297
 5023	  147384.57813	 -10968.08105	 -50125.79297	  50131.79297
 5024	  148527.85938	 -9397.95801	 -51017.74219	  51023.74219
 5021	  147466.6875	 -10115.125	 -51226.82031	  51232.82031
 5024	  148527.85938	 -9397.95801	 -51017.74219	  51023.74219
 5025	  147384.57813	 -10968.08105	 -50125.79297	  50131.79297
 5026	  148668.59375	 -10824.26172	 -50665.50391	  50671.50391
 5026	  148668.59375	 -10824.26172	 -50665.50391	  50671.50391
 5027	  149537.9375	 -11274.02441	 -50176.24609	  50182.24609
 5024	  148527.85938	 -9397.95801	 -51017.74219	  51023.74219
 5028	  152439.9375	 -11616.87793	 -53272.05469	  53278.05469
 5027	  149537.9375	 -11274.02441	 -50176.24609	  50182.24609
 5026	  148668.59375	 -10824.26172	 -50665.50391	  50671.50391
 5027	  149537.9375	 -11274.02441	 -50176.24609	  50182.24609
 5028	  152439.9375	 -11616.87793	 -53272.05469	  53278.05469
 5029	  151647.21875	 -11000.04883	 -52253.75	  52259.75
 5027	  149537.9375	 -11274.02441	 -50176.24609	  50182.24609
 5029	  151647.21875	 -11000.04883	 -52253.75	  52259.75
 5024	  148527.85938	 -9397.95801	 -51017.74219	  51023.74219
 5029	  151647.21875	 -11000.04883	 -52253.75	  52259.75
 5028	  152439.9375	 -11616.87793	 -53272.05469	  53278.05469
 5030	  152519.60938	 -11099.06543	 -53276.61328	  53282.61328
 5030	  152519.60938	 -11099.06543	 -53276.61328	  53282.61328
 5031	  151503.09375	 -9714.76172	 -53981.15625	  53987.15625
 5029	  151647.21875	 -11000.04883	 -52253.75	  52259.75
 5031	  151503.09375	 -9714.76172	 -53981.15625	  53987.15625
 5032	  151412.09375	 -8287.2998	 -53952.94141	  53958.94141
 5029	  151647.21875	 -11000.04883	 -52253.75	  52259.75
 5029	  151647.21875	 -11000.04883	 -52253.75	  52259.75
 5033	  151005.17188	 -10454.15527	 -53078.43359	  53084.43359
 5024	  148527.85938	 -9397.95801	 -51017.74219	  51023.74219
 5033	  151005.17188	 -10454.15527	 -53078.43359	  53084.43359
 5029	  151647.21875	 -11000.04883	 -52253.75	  52259.75
 5032	  151412.09375	 -8287.2998	 -53952.94141	  53958.94141
 5033	  151005.17188	 -10454.15527	 -53078.43359	  53084.43359
 5034	  148599.375	 -7819.01758	 -50871.00391	  50877.00391
 5024	  148527.85938	 -9397.95801	 -51017.74219	  51023.74219
 5034	  148599.375	 -7819.01758	 -50871.00391	  50877.00391
 5033	  151005.17188	 -10454.15527	 -53078.43359	  53084.43359
 5032	  151412.09375	 -8287.2998	 -53952.94141	  53958.94141
 5021	  147466.6875	 -10115.125	 -51226.82031	  51232.82031
 5024	  148527.85938	 -9397.95801	 -51017.74219	  51023.74219
 5034	  148599.375	 -7819.01758	 -50871.00391	  50877.00391
 5032	  151412.09375	 -8287.2998	 -53952.94141	  53958.94141
 5035	  150490.75	 -7866.82178	 -54656.08984	  54662.08984
 5034	  148599.375	 -7819.01758	 -50871.00391	  50877.00391
 5021	  147466.6875	 -10115.125	 -51226.82031	  51232.82031
 5034	  148599.375	 -7819.01758	 -50871.00391	  50877.00391
 5036	  146439.64063	 -7800.01172	 -52206.46484	  52212.46484
 5036	  146439.64063	 -7800.01172	 -52206.46484	  52212.46484
 5034	  148599.375	 -7819.01758	 -50871.00391	  50877.00391
 5035	  150490.75	 -7866.82178	 -54656.08984	  54662.08984
 5037	  147244.20313	 -11001.05957	 -51722.81641	  51728.81641
 5021	  147466.6875	 -10115.125	 -51226.82031	  51232.82031
 5036	  146439.64063	 -7800.01172	 -52206.46484	  52212.46484
 5037	  147244.20313	 -11001.05957	 -51722.81641	  51728.81641
 5036	  146439.64063	 -7800.01172	 -52206.46484	  52212.46484
 5038	  146715.15625	 -11181.89453	 -52155.24219	  52161.24219
 5035	  150490.75	 -7866.82178	 -54656.08984	  54662.08984
 5039	  149360.71875	 -8905.54395	 -55287.58984	  55293.58984
 5036	  146439.64063	 -7800.01172	 -52206.46484	  52212.46484
 5040	  146715.15625	 -11181.89453	 -52155.24219	  52161.24219
 5036	  146439.64063	 -7800.01172	 -52206.46484	  52212.46484
 5039	  149360.71875	 -8905.54395	 -55287.58984	  55293.58984
 5041	  164297.03125	 -14506.77832	 -109943.32031	  109949.32031
 5042	  164659.76563	 -16485.58008	 -109474.46875	  109480.46875
 5043	  164571.6875	 -17990.6543	 -110148.21094	  110154.21094
 5044	  163996.375	 -16483.95703	 -109129.07031	  109135.07031
 5042	  164659.76563	 -16485.58008	 -109474.46875	  109480.46875
 5041	  164297.03125	 -14506.77832	 -109943.32031	  109949.32031
 5045	  163395.39063	 -14445.33301	 -109687.08594	  109693.08594
 5044	  163996.375	 -16483.95703	 -109129.07031	  109135.07031
 5041	  164297.03125	 -14506.77832	 -109943.32031	  109949.32031
 5046	  164571.6875	 -17990.6543	 -110148.21094	  110154.21094
 5047	  163371.10938	 -14666.41211	 -111719.45313	  111725.45313
 5041	  164297.03125	 -14506.77832	 -109943.32031	  109949.32031
 5041	  164297.03125	 -14506.77832	 -109943.32031	  109949.32031
 5047	  163371.10938	 -14666.41211	 -111719.45313	  111725.45313
 5048	  162741.48438	 -14304.7334	 -111526.39063	  111532.39063
 5045	  163395.39063	 -14445.33301	 -109687.08594	  109693.08594
 5041	  164297.03125	 -14506.77832	 -109943.32031	  109949.32031
 5048	  162741.48438	 -14304.7334	 -111526.39063	  111532.39063
 5049	  162562.65625	 -16505.20313	 -111921.74219	  111927.74219
 5048	  162741.48438	 -14304.7334	 -111526.39063	  111532.39063
 5047	  163371.10938	 -14666.41211	 -111719.45313	  111725.45313
 5050	  161659.46875	 -17445.97461	 -111877.71094	  111883.71094
 5048	  162741.48438	 -14304.7334	 -111526.39063	  111532.39063
 5049	  162562.65625	 -16505.20313	 -111921.74219	  111927.74219
 5045	  163395.39063	 -14445.33301	 -109687.08594	  109693.08594
 5048	  162741.48438	 -14304.7334	 -111526.39063	  111532.39063
 5050	  161659.46875	 -17445.97461	 -111877.71094	  111883.71094
 5051	  162931.21875	 -17813.70117	 -112262.02344	  112268.02344
 5052	  162409.9375	 -18115.37109	 -111399.03125	  111405.03125
 5050	  161659.46875	 -17445.97461	 -111877.71094	  111883.71094
 5053	  163116.625	 -18019.18555	 -109547.0625	  109553.0625
 5045	  163395.39063	 -14445.33301	 -109687.08594	  109693.08594
 5050	  161659.46875	 -17445.97461	 -111877.71094	  111883.71094
 5052	  162409.9375	 -18115.37109	 -111399.03125	  111405.03125
 5053	  163116.625	 -18019.18555	 -109547.0625	  109553.0625
 5050	  161659.46875	 -17445.97461	 -111877.71094	  111883.71094
 5053	  163116.625	 -18019.18555	 -109547.0625	  109553.0625
 5054	  163923.01563	 -16843.76758	 -109260.07813	  109266.07813
 5045	  163395.39063	 -14445.33301	 -109687.08594	  109693.08594
 5052	  162409.9375	 -18115.37109	 -111399.03125	  111405.03125
 5055	  164571.6875	 -17990.6543	 -110148.21094	  110154.21094
 5053	  163116.625	 -18019.18555	 -109547.0625	  109553.0625
 5054	  163923.01563	 -16843.76758	 -109260.07813	  109266.07813
 5053	  163116.625	 -18019.18555	 -109547.0625	  109553.0625
 5056	  164659.76563	 -16485.58008	 -109474.46875	  109480.46875
 5056	  164659.76563	 -16485.58008	 -109474.46875	  109480.46875
 5053	  163116.625	 -18019.18555	 -109547.0625	  109553.0625
 5055	  164571.6875	 -17990.6543	 -110148.21094	  110154.21094
 5057	  79073.53125	 -17110.38281	 -103124.1875	  103130.1875
 5058	  79262.57031	 -17317.86523	 -104566.10156	  104572.10156
 5059	  80838.32813	 -16982.58203	 -102201.07031	  102207.07031
 5059	  80838.32813	 -16982.58203	 -102201.07031	  102207.07031
 5058	  79262.57031	 -17317.86523	 -104566.10156	  104572.10156
 5060	  80798.67969	 -17537.15234	 -106804.01563	  106810.01563
 5059	  80838.32813	 -16982.58203	 -102201.07031	  102207.07031
 5060	  80798.67969	 -17537.15234	 -106804.01563	  106810.01563
 5061	  82108.33594	 -17416.96875	 -106212.46094	  106218.46094
 5062	  79476.69531	 -17351.48047	 -101766.42969	  101772.42969
 5059	  80838.32813	 -16982.58203	 -102201.07031	  102207.07031
 5063	  80998.35156	 -15690.11035	 -102103.15625	  102109.15625
 5064	  82924.48438	 -17518.6875	 -107324.32813	  107330.32813
 5061	  82108.33594	 -17416.96875	 -106212.46094	  106218.46094
 5065	  82011.89844	 -16782.01758	 -106385.67188	  106391.67188
 5066	  81732.35156	 -17142.30664	 -101878.82813	  101884.82813
 5063	  80998.35156	 -15690.11035	 -102103.15625	  102109.15625
 5059	  80838.32813	 -16982.58203	 -102201.07031	  102207.07031
 5067	  81975.39844	 -13832.97656	 -102018.46875	  102024.46875
 5063	  80998.35156	 -15690.11035	 -102103.15625	  102109.15625
 5066	  81732.35156	 -17142.30664	 -101878.82813	  101884.82813
 5068	  83898.36719	 -17424.24805	 -105129.44531	  105135.44531
 5059	  80838.32813	 -16982.58203	 -102201.07031	  102207.07031
 5061	  82108.33594	 -17416.96875	 -106212.46094	  106218.46094
 5059	  80838.32813	 -16982.58203	 -102201.07031	  102207.07031
 5068	  83898.36719	 -17424.24805	 -105129.44531	  105135.44531
 5066	  81732.35156	 -17142.30664	 -101878.82813	  101884.82813
 5066	  81732.35156	 -17142.30664	 -101878.82813	  101884.82813
 5068	  83898.36719	 -17424.24805	 -105129.44531	  105135.44531
 5067	  81975.39844	 -13832.97656	 -102018.46875	  102024.46875
 5068	  83898.36719	 -17424.24805	 -105129.44531	  105135.44531
 5061	  82108.33594	 -17416.96875	 -106212.46094	  106218.46094
 5064	  82924.48438	 -17518.6875	 -107324.32813	  107330.32813
 5068	  83898.36719	 -17424.24805	 -105129.44531	  105135.44531
 5069	  84302.97656	 -14406.4541	 -105478.39844	  105484.39844
 5067	  81975.39844	 -13832.97656	 -102018.46875	  102024.46875
 5070	  83366.63281	 -16842.64648	 -105996.0625	  106002.0625
 5069	  84302.97656	 -14406.4541	 -105478.39844	  105484.39844
 5068	  83898.36719	 -17424.24805	 -105129.44531	  105135.44531
 5068	  83898.36719	 -17424.24805	 -105129.44531	  105135.44531
 5064	  82924.48438	 -17518.6875	 -107324.32813	  107330.32813
 5070	  83366.63281	 -16842.64648	 -105996.0625	  106002.0625
 5064	  82924.48438	 -17518.6875	 -107324.32813	  107330.32813
 5071	  83598.42188	 -17243.86719	 -106856.29688	  106862.29688
 5070	  83366.63281	 -16842.64648	 -105996.0625	  106002.0625
 5072	  181626.79688	 -12688.41797	 -84523.61719	  84529.61719
 5073	  182010.9375	 -8754.81738	 -85879.52344	  85885.52344
 5074	  182737.75	 -10455.75684	 -85275.625	  85281.625
 5075	  180303.23438	 -14307.80078	 -85766.35156	  85772.35156
 5073	  182010.9375	 -8754.81738	 -85879.52344	  85885.52344
 5072	  181626.79688	 -12688.41797	 -84523.61719	  84529.61719
 5076	  180513.875	 -17982.32813	 -85434.29688	  85440.29688
 5075	  180303.23438	 -14307.80078	 -85766.35156	  85772.35156
 5072	  181626.79688	 -12688.41797	 -84523.61719	  84529.61719
 5075	  180303.23438	 -14307.80078	 -85766.35156	  85772.35156
 5077	  181723.70313	 -11379.79785	 -86821.24219	  86827.24219
 5073	  182010.9375	 -8754.81738	 -85879.52344	  85885.52344
 5076	  180513.875	 -17982.32813	 -85434.29688	  85440.29688
 5077	  181723.70313	 -11379.79785	 -86821.24219	  86827.24219
 5075	  180303.23438	 -14307.80078	 -85766.35156	  85772.35156
 5077	  181723.70313	 -11379.79785	 -86821.24219	  86827.24219
 5078	  183184.14063	 -11423.80859	 -86465.32813	  86471.32813
 5073	  182010.9375	 -8754.81738	 -85879.52344	  85885.52344
 5077	  181723.70313	 -11379.79785	 -86821.24219	  86827.24219
 5076	  180513.875	 -17982.32813	 -85434.29688	  85440.29688
 5079	  182035.34375	 -18767.40234	 -86960.90625	  86966.90625
 5080	  183805.25	 -14389.32324	 -85783.24219	  85789.24219
 5078	  183184.14063	 -11423.80859	 -86465.32813	  86471.32813
 5077	  181723.70313	 -11379.79785	 -86821.24219	  86827.24219
 5079	  182035.34375	 -18767.40234	 -86960.90625	  86966.90625
 5081	  182377.01563	 -14529.8623	 -87265.48438	  87271.48438
 5077	  181723.70313	 -11379.79785	 -86821.24219	  86827.24219
 5077	  181723.70313	 -11379.79785	 -86821.24219	  86827.24219
 5081	  182377.01563	 -14529.8623	 -87265.48438	  87271.48438
 5080	  183805.25	 -14389.32324	 -85783.24219	  85789.24219
 5082	  183729.5625	 -18079.49609	 -86084.8125	  86090.8125
 5081	  182377.01563	 -14529.8623	 -87265.48438	  87271.48438
 5079	  182035.34375	 -18767.40234	 -86960.90625	  86966.90625
 5081	  182377.01563	 -14529.8623	 -87265.48438	  87271.48438
 5082	  183729.5625	 -18079.49609	 -86084.8125	  86090.8125
 5080	  183805.25	 -14389.32324	 -85783.24219	  85789.24219
 5083	  129061.77344	 -14504.89746	 -49807.6875	  49813.6875
 5084	  127737.59375	 -13693.07715	 -47778.03516	  47784.03516
 5085	  127738.03125	 -13887.24805	 -48797.70313	  48803.70313
 5086	  127576.01563	 -11872.74609	 -47474.52344	  47480.52344
 5085	  127738.03125	 -13887.24805	 -48797.70313	  48803.70313
 5084	  127737.59375	 -13693.07715	 -47778.03516	  47784.03516
 5087	  127468.03125	 -9789.31641	 -48821.00	  48827.00
 5085	  127738.03125	 -13887.24805	 -48797.70313	  48803.70313
 5086	  127576.01563	 -11872.74609	 -47474.52344	  47480.52344
 5084	  127737.59375	 -13693.07715	 -47778.03516	  47784.03516
 5088	  128366.20313	 -13010.77441	 -46778.60156	  46784.60156
 5086	  127576.01563	 -11872.74609	 -47474.52344	  47480.52344
 5088	  128366.20313	 -13010.77441	 -46778.60156	  46784.60156
 5084	  127737.59375	 -13693.07715	 -47778.03516	  47784.03516
 5089	  128794.70313	 -13260.58691	 -46889.19141	  46895.19141
 5086	  127576.01563	 -11872.74609	 -47474.52344	  47480.52344
 5090	  128552.91406	 -7423.38379	 -47359.84375	  47365.84375
 5087	  127468.03125	 -9789.31641	 -48821.00	  48827.00
 5087	  127468.03125	 -9789.31641	 -48821.00	  48827.00
 5090	  128552.91406	 -7423.38379	 -47359.84375	  47365.84375
 5091	  128267.30469	 -3316.41333	 -48425.23047	  48431.23047
 5086	  127576.01563	 -11872.74609	 -47474.52344	  47480.52344
 5088	  128366.20313	 -13010.77441	 -46778.60156	  46784.60156
 5092	  128976.26563	 -9532.12402	 -46724.875	  46730.875
 5086	  127576.01563	 -11872.74609	 -47474.52344	  47480.52344
 5092	  128976.26563	 -9532.12402	 -46724.875	  46730.875
 5090	  128552.91406	 -7423.38379	 -47359.84375	  47365.84375
 5089	  128794.70313	 -13260.58691	 -46889.19141	  46895.19141
 5093	  130283.39063	 -13458.2832	 -47178.87109	  47184.87109
 5088	  128366.20313	 -13010.77441	 -46778.60156	  46784.60156
 5088	  128366.20313	 -13010.77441	 -46778.60156	  46784.60156
 5093	  130283.39063	 -13458.2832	 -47178.87109	  47184.87109
 5092	  128976.26563	 -9532.12402	 -46724.875	  46730.875
 5089	  128794.70313	 -13260.58691	 -46889.19141	  46895.19141
 5094	  130020.03906	 -13567.66309	 -47280.67188	  47286.67188
 5093	  130283.39063	 -13458.2832	 -47178.87109	  47184.87109
 5095	  130894.75781	 -14398.43945	 -49156.36328	  49162.36328
 5093	  130283.39063	 -13458.2832	 -47178.87109	  47184.87109
 5094	  130020.03906	 -13567.66309	 -47280.67188	  47286.67188
 5095	  130894.75781	 -14398.43945	 -49156.36328	  49162.36328
 5096	  131333.78125	 -14040.90723	 -48932.79297	  48938.79297
 5093	  130283.39063	 -13458.2832	 -47178.87109	  47184.87109
 5096	  131333.78125	 -14040.90723	 -48932.79297	  48938.79297
 5097	  131047.24219	 -4603.93604	 -49083.6875	  49089.6875
 5093	  130283.39063	 -13458.2832	 -47178.87109	  47184.87109
 5097	  131047.24219	 -4603.93604	 -49083.6875	  49089.6875
 5092	  128976.26563	 -9532.12402	 -46724.875	  46730.875
 5093	  130283.39063	 -13458.2832	 -47178.87109	  47184.87109
 5090	  128552.91406	 -7423.38379	 -47359.84375	  47365.84375
 5092	  128976.26563	 -9532.12402	 -46724.875	  46730.875
 5097	  131047.24219	 -4603.93604	 -49083.6875	  49089.6875
 5097	  131047.24219	 -4603.93604	 -49083.6875	  49089.6875
 5098	  129099.28906	 -3994.79272	 -47780.32813	  47786.32813
 5090	  128552.91406	 -7423.38379	 -47359.84375	  47365.84375
 5098	  129099.28906	 -3994.79272	 -47780.32813	  47786.32813
 5091	  128267.30469	 -3316.41333	 -48425.23047	  48431.23047
 5090	  128552.91406	 -7423.38379	 -47359.84375	  47365.84375
 5098	  129099.28906	 -3994.79272	 -47780.32813	  47786.32813
 5097	  131047.24219	 -4603.93604	 -49083.6875	  49089.6875
 5099	  129708.20313	 -3320.2644	 -49093.57813	  49099.57813
 5098	  129099.28906	 -3994.79272	 -47780.32813	  47786.32813
 5099	  129708.20313	 -3320.2644	 -49093.57813	  49099.57813
 5091	  128267.30469	 -3316.41333	 -48425.23047	  48431.23047
 5100	  125872.92188	 -13255.16309	 -94845.99219	  94851.99219
 5101	  126388.94531	 -12823.56543	 -93389.97656	  93395.97656
 5102	  126178.21875	 -11054.36914	 -93500.85156	  93506.85156
 5103	  126145.9375	 -13805.98438	 -94922.55469	  94928.55469
 5100	  125872.92188	 -13255.16309	 -94845.99219	  94851.99219
 5104	  126024.24219	 -13252.36035	 -95044.38281	  95050.38281
 5103	  126145.9375	 -13805.98438	 -94922.55469	  94928.55469
 5101	  126388.94531	 -12823.56543	 -93389.97656	  93395.97656
 5100	  125872.92188	 -13255.16309	 -94845.99219	  94851.99219
 5105	  126904.11719	 -12805.36621	 -93527.75781	  93533.75781
 5101	  126388.94531	 -12823.56543	 -93389.97656	  93395.97656
 5103	  126145.9375	 -13805.98438	 -94922.55469	  94928.55469
 5105	  126904.11719	 -12805.36621	 -93527.75781	  93533.75781
 5106	  126601.34375	 -10375.87793	 -93411.79688	  93417.79688
 5101	  126388.94531	 -12823.56543	 -93389.97656	  93395.97656
 5106	  126601.34375	 -10375.87793	 -93411.79688	  93417.79688
 5105	  126904.11719	 -12805.36621	 -93527.75781	  93533.75781
 5107	  126749.63281	 -11128.75293	 -94121.625	  94127.625
 5105	  126904.11719	 -12805.36621	 -93527.75781	  93533.75781
 5103	  126145.9375	 -13805.98438	 -94922.55469	  94928.55469
 5107	  126749.63281	 -11128.75293	 -94121.625	  94127.625
 5107	  126749.63281	 -11128.75293	 -94121.625	  94127.625
 5103	  126145.9375	 -13805.98438	 -94922.55469	  94928.55469
 5108	  126024.24219	 -13252.36035	 -95044.38281	  95050.38281
 5109	  143307.09375	 -16546.07813	 -105589.25	  105595.25
 5110	  143039.57813	 -17124.97852	 -107226.21094	  107232.21094
 5111	  142433.35938	 -16631.20703	 -104972.71094	  104978.71094
 5112	  142075.70313	 -14859.6416	 -107338.77344	  107344.77344
 5110	  143039.57813	 -17124.97852	 -107226.21094	  107232.21094
 5113	  142517.6875	 -16858.67969	 -107808.38281	  107814.38281
 5111	  142433.35938	 -16631.20703	 -104972.71094	  104978.71094
 5110	  143039.57813	 -17124.97852	 -107226.21094	  107232.21094
 5114	  141678.57813	 -12973.13867	 -106219.99219	  106225.99219
 5112	  142075.70313	 -14859.6416	 -107338.77344	  107344.77344
 5114	  141678.57813	 -12973.13867	 -106219.99219	  106225.99219
 5110	  143039.57813	 -17124.97852	 -107226.21094	  107232.21094
 5114	  141678.57813	 -12973.13867	 -106219.99219	  106225.99219
 5115	  140453.48438	 -16536.01953	 -104794.00	  104800.00
 5111	  142433.35938	 -16631.20703	 -104972.71094	  104978.71094
 5112	  142075.70313	 -14859.6416	 -107338.77344	  107344.77344
 5116	  141385.09375	 -13042.77734	 -106545.58594	  106551.58594
 5114	  141678.57813	 -12973.13867	 -106219.99219	  106225.99219
 5114	  141678.57813	 -12973.13867	 -106219.99219	  106225.99219
 5117	  139810.46875	 -16784.58398	 -105609.58594	  105615.58594
 5115	  140453.48438	 -16536.01953	 -104794.00	  104800.00
 5117	  139810.46875	 -16784.58398	 -105609.58594	  105615.58594
 5114	  141678.57813	 -12973.13867	 -106219.99219	  106225.99219
 5116	  141385.09375	 -13042.77734	 -106545.58594	  106551.58594
 5118	  148442.6875	 -14157.64551	 -121633.625	  121639.625
 5119	  144814.60938	 -20242.14844	 -122583.64063	  122589.64063
 5120	  145822.14063	 -14247.42188	 -122106.38281	  122112.38281
 5118	  148442.6875	 -14157.64551	 -121633.625	  121639.625
 5121	  148153.40625	 -21717.52148	 -122652.04688	  122658.04688
 5119	  144814.60938	 -20242.14844	 -122583.64063	  122589.64063
 5122	  146597.20313	 -28923.45313	 -122829.9375	  122835.9375
 5119	  144814.60938	 -20242.14844	 -122583.64063	  122589.64063
 5121	  148153.40625	 -21717.52148	 -122652.04688	  122658.04688
 5122	  146597.20313	 -28923.45313	 -122829.9375	  122835.9375
 5121	  148153.40625	 -21717.52148	 -122652.04688	  122658.04688
 5123	  148573.8125	 -33269.58203	 -122238.41406	  122244.41406
 5121	  148153.40625	 -21717.52148	 -122652.04688	  122658.04688
 5118	  148442.6875	 -14157.64551	 -121633.625	  121639.625
 5124	  149977.32813	 -20934.77344	 -122109.79688	  122115.79688
 5118	  148442.6875	 -14157.64551	 -121633.625	  121639.625
 5125	  149787.67188	 -14962.72852	 -120879.98438	  120885.98438
 5124	  149977.32813	 -20934.77344	 -122109.79688	  122115.79688
 5124	  149977.32813	 -20934.77344	 -122109.79688	  122115.79688
 5125	  149787.67188	 -14962.72852	 -120879.98438	  120885.98438
 5126	  150196.75	 -16944.88672	 -120717.52344	  120723.52344
 5123	  148573.8125	 -33269.58203	 -122238.41406	  122244.41406
 5121	  148153.40625	 -21717.52148	 -122652.04688	  122658.04688
 5127	  149384.01563	 -31753.19141	 -122207.1875	  122213.1875
 5123	  148573.8125	 -33269.58203	 -122238.41406	  122244.41406
 5127	  149384.01563	 -31753.19141	 -122207.1875	  122213.1875
 5128	  149108.95313	 -33465.71484	 -121334.6875	  121340.6875
 5124	  149977.32813	 -20934.77344	 -122109.79688	  122115.79688
 5129	  150383.89063	 -26519.06836	 -121703.82031	  121709.82031
 5121	  148153.40625	 -21717.52148	 -122652.04688	  122658.04688
 5129	  150383.89063	 -26519.06836	 -121703.82031	  121709.82031
 5127	  149384.01563	 -31753.19141	 -122207.1875	  122213.1875
 5121	  148153.40625	 -21717.52148	 -122652.04688	  122658.04688
 5129	  150383.89063	 -26519.06836	 -121703.82031	  121709.82031
 5124	  149977.32813	 -20934.77344	 -122109.79688	  122115.79688
 5126	  150196.75	 -16944.88672	 -120717.52344	  120723.52344
 5128	  149108.95313	 -33465.71484	 -121334.6875	  121340.6875
 5127	  149384.01563	 -31753.19141	 -122207.1875	  122213.1875
 5129	  150383.89063	 -26519.06836	 -121703.82031	  121709.82031
 5130	  149379.1875	 -30016.72852	 -119841.96094	  119847.96094
 5129	  150383.89063	 -26519.06836	 -121703.82031	  121709.82031
 5126	  150196.75	 -16944.88672	 -120717.52344	  120723.52344
 5131	  147203.76563	 -34983.14844	 -119617.47656	  119623.47656
 5128	  149108.95313	 -33465.71484	 -121334.6875	  121340.6875
 5129	  150383.89063	 -26519.06836	 -121703.82031	  121709.82031
 5131	  147203.76563	 -34983.14844	 -119617.47656	  119623.47656
 5129	  150383.89063	 -26519.06836	 -121703.82031	  121709.82031
 5130	  149379.1875	 -30016.72852	 -119841.96094	  119847.96094
 5132	  142353.04688	 -16118.18164	 -134643.4375	  134649.4375
 5133	  139775.57813	 -15754.40527	 -135699.53125	  135705.53125
 5134	  142121.59375	 -14402.32031	 -134098.01563	  134104.01563
 5135	  138962.54688	 -17527.04883	 -135536.04688	  135542.04688
 5136	  139384.60938	 -14488.80859	 -135221.23438	  135227.23438
 5133	  139775.57813	 -15754.40527	 -135699.53125	  135705.53125
 5133	  139775.57813	 -15754.40527	 -135699.53125	  135705.53125
 5136	  139384.60938	 -14488.80859	 -135221.23438	  135227.23438
 5134	  142121.59375	 -14402.32031	 -134098.01563	  134104.01563
 5137	  141699.42188	 -15959.90039	 -133470.40625	  133476.40625
 5134	  142121.59375	 -14402.32031	 -134098.01563	  134104.01563
 5138	  139107.70313	 -15672.46777	 -134686.04688	  134692.04688
 5136	  139384.60938	 -14488.80859	 -135221.23438	  135227.23438
 5138	  139107.70313	 -15672.46777	 -134686.04688	  134692.04688
 5134	  142121.59375	 -14402.32031	 -134098.01563	  134104.01563
 5139	  139100.1875	 -15974.18652	 -135255.64063	  135261.64063
 5138	  139107.70313	 -15672.46777	 -134686.04688	  134692.04688
 5136	  139384.60938	 -14488.80859	 -135221.23438	  135227.23438
 5139	  139100.1875	 -15974.18652	 -135255.64063	  135261.64063
 5140	  138712.89063	 -18147.92969	 -134625.375	  134631.375
 5138	  139107.70313	 -15672.46777	 -134686.04688	  134692.04688
 5136	  139384.60938	 -14488.80859	 -135221.23438	  135227.23438
 5141	  138057.375	 -15954.6875	 -136360.50	  136366.50
 5139	  139100.1875	 -15974.18652	 -135255.64063	  135261.64063
 5142	  138712.89063	 -18147.92969	 -134625.375	  134631.375
 5143	  139782.26563	 -19047.14648	 -134994.07813	  135000.07813
 5144	  139841.10938	 -19038.41211	 -134405.65625	  134411.65625
 5142	  138712.89063	 -18147.92969	 -134625.375	  134631.375
 5145	  137882.07813	 -18122.53516	 -136059.875	  136065.875
 5143	  139782.26563	 -19047.14648	 -134994.07813	  135000.07813
 5143	  139782.26563	 -19047.14648	 -134994.07813	  135000.07813
 5145	  137882.07813	 -18122.53516	 -136059.875	  136065.875
 5146	  138962.54688	 -17527.04883	 -135536.04688	  135542.04688
 5142	  138712.89063	 -18147.92969	 -134625.375	  134631.375
 5147	  137503.46875	 -16384.48828	 -136009.75	  136015.75
 5145	  137882.07813	 -18122.53516	 -136059.875	  136065.875
 5142	  138712.89063	 -18147.92969	 -134625.375	  134631.375
 5148	  138201.45313	 -15289.95117	 -135451.64063	  135457.64063
 5147	  137503.46875	 -16384.48828	 -136009.75	  136015.75
 5148	  138201.45313	 -15289.95117	 -135451.64063	  135457.64063
 5149	  137927.65625	 -15254.88965	 -136148.125	  136154.125
 5147	  137503.46875	 -16384.48828	 -136009.75	  136015.75
 5147	  137503.46875	 -16384.48828	 -136009.75	  136015.75
 5149	  137927.65625	 -15254.88965	 -136148.125	  136154.125
 5150	  138057.375	 -15954.6875	 -136360.50	  136366.50
 5147	  137503.46875	 -16384.48828	 -136009.75	  136015.75
 5150	  138057.375	 -15954.6875	 -136360.50	  136366.50
 5145	  137882.07813	 -18122.53516	 -136059.875	  136065.875
 5145	  137882.07813	 -18122.53516	 -136059.875	  136065.875
 5150	  138057.375	 -15954.6875	 -136360.50	  136366.50
 5146	  138962.54688	 -17527.04883	 -135536.04688	  135542.04688
 5151	  139384.60938	 -14488.80859	 -135221.23438	  135227.23438
 5146	  138962.54688	 -17527.04883	 -135536.04688	  135542.04688
 5150	  138057.375	 -15954.6875	 -136360.50	  136366.50
 5152	  145751.01563	 -11309.85156	 -57013.37891	  57019.37891
 5153	  143721.125	 -9963.85352	 -58367.84766	  58373.84766
 5154	  144435.78125	 -10186.60254	 -56932.76563	  56938.76563
 5154	  144435.78125	 -10186.60254	 -56932.76563	  56938.76563
 5155	  145212.21875	 -11978.81934	 -56178.96094	  56184.96094
 5152	  145751.01563	 -11309.85156	 -57013.37891	  57019.37891
 5155	  145212.21875	 -11978.81934	 -56178.96094	  56184.96094
 5154	  144435.78125	 -10186.60254	 -56932.76563	  56938.76563
 5156	  142648.8125	 -10259.51367	 -58280.64844	  58286.64844
 5155	  145212.21875	 -11978.81934	 -56178.96094	  56184.96094
 5157	  145200.78125	 -13965.3916	 -57142.94531	  57148.94531
 5152	  145751.01563	 -11309.85156	 -57013.37891	  57019.37891
 5158	  144638.34375	 -13407.01172	 -57860.98828	  57866.98828
 5152	  145751.01563	 -11309.85156	 -57013.37891	  57019.37891
 5157	  145200.78125	 -13965.3916	 -57142.94531	  57148.94531
 5159	  144113.96875	 -11885.12207	 -57959.70313	  57965.70313
 5152	  145751.01563	 -11309.85156	 -57013.37891	  57019.37891
 5158	  144638.34375	 -13407.01172	 -57860.98828	  57866.98828
 5160	  143770.67188	 -13639.67871	 -57400.14844	  57406.14844
 5158	  144638.34375	 -13407.01172	 -57860.98828	  57866.98828
 5157	  145200.78125	 -13965.3916	 -57142.94531	  57148.94531
 5160	  143770.67188	 -13639.67871	 -57400.14844	  57406.14844
 5159	  144113.96875	 -11885.12207	 -57959.70313	  57965.70313
 5158	  144638.34375	 -13407.01172	 -57860.98828	  57866.98828
 5155	  145212.21875	 -11978.81934	 -56178.96094	  56184.96094
 5160	  143770.67188	 -13639.67871	 -57400.14844	  57406.14844
 5157	  145200.78125	 -13965.3916	 -57142.94531	  57148.94531
 5160	  143770.67188	 -13639.67871	 -57400.14844	  57406.14844
 5161	  143652.1875	 -12432.98145	 -57885.0625	  57891.0625
 5159	  144113.96875	 -11885.12207	 -57959.70313	  57965.70313
 5162	  143652.1875	 -12432.98145	 -57885.0625	  57891.0625
 5160	  143770.67188	 -13639.67871	 -57400.14844	  57406.14844
 5155	  145212.21875	 -11978.81934	 -56178.96094	  56184.96094
 5162	  143652.1875	 -12432.98145	 -57885.0625	  57891.0625
 5155	  145212.21875	 -11978.81934	 -56178.96094	  56184.96094
 5156	  142648.8125	 -10259.51367	 -58280.64844	  58286.64844
 5162	  143652.1875	 -12432.98145	 -57885.0625	  57891.0625
 5163	  143538.21875	 -13873.70703	 -58416.54688	  58422.54688
 5164	  144113.96875	 -11885.12207	 -57959.70313	  57965.70313
 5165	  142908.89063	 -13674.02246	 -57975.29297	  57981.29297
 5162	  143652.1875	 -12432.98145	 -57885.0625	  57891.0625
 5156	  142648.8125	 -10259.51367	 -58280.64844	  58286.64844
 5163	  143538.21875	 -13873.70703	 -58416.54688	  58422.54688
 5162	  143652.1875	 -12432.98145	 -57885.0625	  57891.0625
 5165	  142908.89063	 -13674.02246	 -57975.29297	  57981.29297
 5165	  142908.89063	 -13674.02246	 -57975.29297	  57981.29297
 5156	  142648.8125	 -10259.51367	 -58280.64844	  58286.64844
 5166	  141764.76563	 -11540.95898	 -58884.50	  58890.50
 5165	  142908.89063	 -13674.02246	 -57975.29297	  57981.29297
 5167	  142345.21875	 -13913.46094	 -58592.97266	  58598.97266
 5163	  143538.21875	 -13873.70703	 -58416.54688	  58422.54688
 5167	  142345.21875	 -13913.46094	 -58592.97266	  58598.97266
 5165	  142908.89063	 -13674.02246	 -57975.29297	  57981.29297
 5166	  141764.76563	 -11540.95898	 -58884.50	  58890.50
 5168	  110002.42188	 -15876.66895	 -93045.78125	  93051.78125
 5169	  109474.44531	 -16053.17188	 -93501.1875	  93507.1875
 5170	  110728.33594	 -16113.71289	 -93774.60938	  93780.60938
 5171	  108418.58594	 -15952.04297	 -92152.35156	  92158.35156
 5169	  109474.44531	 -16053.17188	 -93501.1875	  93507.1875
 5172	  109694.05469	 -14712.9375	 -92948.48438	  92954.48438
 5170	  110728.33594	 -16113.71289	 -93774.60938	  93780.60938
 5173	  110980.77344	 -13188.54883	 -94209.85938	  94215.85938
 5174	  111562.47656	 -15054.45508	 -93604.89844	  93610.89844
 5169	  109474.44531	 -16053.17188	 -93501.1875	  93507.1875
 5175	  108028.9375	 -15694.16699	 -93391.45313	  93397.45313
 5170	  110728.33594	 -16113.71289	 -93774.60938	  93780.60938
 5175	  108028.9375	 -15694.16699	 -93391.45313	  93397.45313
 5173	  110980.77344	 -13188.54883	 -94209.85938	  94215.85938
 5170	  110728.33594	 -16113.71289	 -93774.60938	  93780.60938
 5171	  108418.58594	 -15952.04297	 -92152.35156	  92158.35156
 5175	  108028.9375	 -15694.16699	 -93391.45313	  93397.45313
 5169	  109474.44531	 -16053.17188	 -93501.1875	  93507.1875
 5175	  108028.9375	 -15694.16699	 -93391.45313	  93397.45313
 5176	  107731.21094	 -13145.96973	 -93529.00	  93535.00
 5173	  110980.77344	 -13188.54883	 -94209.85938	  94215.85938
 5176	  107731.21094	 -13145.96973	 -93529.00	  93535.00
 5177	  107971.22656	 -11869.71387	 -92636.625	  92642.625
 5173	  110980.77344	 -13188.54883	 -94209.85938	  94215.85938
 5178	  107973.23438	 -13000.68066	 -92104.98438	  92110.98438
 5177	  107971.22656	 -11869.71387	 -92636.625	  92642.625
 5176	  107731.21094	 -13145.96973	 -93529.00	  93535.00
 5175	  108028.9375	 -15694.16699	 -93391.45313	  93397.45313
 5178	  107973.23438	 -13000.68066	 -92104.98438	  92110.98438
 5176	  107731.21094	 -13145.96973	 -93529.00	  93535.00
 5178	  107973.23438	 -13000.68066	 -92104.98438	  92110.98438
 5175	  108028.9375	 -15694.16699	 -93391.45313	  93397.45313
 5171	  108418.58594	 -15952.04297	 -92152.35156	  92158.35156
 5171	  108418.58594	 -15952.04297	 -92152.35156	  92158.35156
 5179	  109047.74219	 -14976.25293	 -91221.40625	  91227.40625
 5178	  107973.23438	 -13000.68066	 -92104.98438	  92110.98438
 5180	  118567.51563	 -18610.94727	 -48485.05469	  48491.05469
 5181	  119269.63281	 -16582.01367	 -49940.63672	  49946.63672
 5182	  117579.75781	 -12563.86621	 -46885.61328	  46891.61328
 5183	  117988.67969	 -23981.35156	 -47334.01563	  47340.01563
 5181	  119269.63281	 -16582.01367	 -49940.63672	  49946.63672
 5180	  118567.51563	 -18610.94727	 -48485.05469	  48491.05469
 5180	  118567.51563	 -18610.94727	 -48485.05469	  48491.05469
 5184	  118840.17188	 -20508.20313	 -47274.72266	  47280.72266
 5183	  117988.67969	 -23981.35156	 -47334.01563	  47340.01563
 5180	  118567.51563	 -18610.94727	 -48485.05469	  48491.05469
 5185	  118122.41406	 -18214.02539	 -46208.88281	  46214.88281
 5184	  118840.17188	 -20508.20313	 -47274.72266	  47280.72266
 5183	  117988.67969	 -23981.35156	 -47334.01563	  47340.01563
 5184	  118840.17188	 -20508.20313	 -47274.72266	  47280.72266
 5185	  118122.41406	 -18214.02539	 -46208.88281	  46214.88281
 5181	  119269.63281	 -16582.01367	 -49940.63672	  49946.63672
 5183	  117988.67969	 -23981.35156	 -47334.01563	  47340.01563
 5186	  118685.00	 -24938.28516	 -50792.87891	  50798.87891
 5181	  119269.63281	 -16582.01367	 -49940.63672	  49946.63672
 5186	  118685.00	 -24938.28516	 -50792.87891	  50798.87891
 5187	  119241.39063	 -21009.92773	 -52524.86328	  52530.86328
 5187	  119241.39063	 -21009.92773	 -52524.86328	  52530.86328
 5186	  118685.00	 -24938.28516	 -50792.87891	  50798.87891
 5188	  117767.02344	 -25567.12109	 -53989.96875	  53995.96875
 5183	  117988.67969	 -23981.35156	 -47334.01563	  47340.01563
 5185	  118122.41406	 -18214.02539	 -46208.88281	  46214.88281
 5189	  117350.73438	 -23260.02344	 -45439.77734	  45445.77734
 5185	  118122.41406	 -18214.02539	 -46208.88281	  46214.88281
 5190	  116187.57031	 -18613.66992	 -44745.26953	  44751.26953
 5189	  117350.73438	 -23260.02344	 -45439.77734	  45445.77734
 5183	  117988.67969	 -23981.35156	 -47334.01563	  47340.01563
 5191	  117032.26563	 -25623.53906	 -47624.44531	  47630.44531
 5186	  118685.00	 -24938.28516	 -50792.87891	  50798.87891
 5191	  117032.26563	 -25623.53906	 -47624.44531	  47630.44531
 5183	  117988.67969	 -23981.35156	 -47334.01563	  47340.01563
 5189	  117350.73438	 -23260.02344	 -45439.77734	  45445.77734
 5186	  118685.00	 -24938.28516	 -50792.87891	  50798.87891
 5191	  117032.26563	 -25623.53906	 -47624.44531	  47630.44531
 5188	  117767.02344	 -25567.12109	 -53989.96875	  53995.96875
 5189	  117350.73438	 -23260.02344	 -45439.77734	  45445.77734
 5190	  116187.57031	 -18613.66992	 -44745.26953	  44751.26953
 5192	  114599.50781	 -25208.75	 -46187.02734	  46193.02734
 5189	  117350.73438	 -23260.02344	 -45439.77734	  45445.77734
 5192	  114599.50781	 -25208.75	 -46187.02734	  46193.02734
 5191	  117032.26563	 -25623.53906	 -47624.44531	  47630.44531
 5191	  117032.26563	 -25623.53906	 -47624.44531	  47630.44531
 5193	  113665.00	 -26567.60352	 -53573.82031	  53579.82031
 5188	  117767.02344	 -25567.12109	 -53989.96875	  53995.96875
 5192	  114599.50781	 -25208.75	 -46187.02734	  46193.02734
 5193	  113665.00	 -26567.60352	 -53573.82031	  53579.82031
 5191	  117032.26563	 -25623.53906	 -47624.44531	  47630.44531
 5192	  114599.50781	 -25208.75	 -46187.02734	  46193.02734
 5194	  113556.54688	 -21091.19531	 -45325.875	  45331.875
 5195	  110435.9375	 -24385.33984	 -49168.28125	  49174.28125
 5192	  114599.50781	 -25208.75	 -46187.02734	  46193.02734
 5195	  110435.9375	 -24385.33984	 -49168.28125	  49174.28125
 5196	  111795.90625	 -25308.31055	 -53484.74219	  53490.74219
 5193	  113665.00	 -26567.60352	 -53573.82031	  53579.82031
 5192	  114599.50781	 -25208.75	 -46187.02734	  46193.02734
 5196	  111795.90625	 -25308.31055	 -53484.74219	  53490.74219
 5195	  110435.9375	 -24385.33984	 -49168.28125	  49174.28125
 5197	  110867.58594	 -21292.51758	 -52714.15234	  52720.15234
 5196	  111795.90625	 -25308.31055	 -53484.74219	  53490.74219
 5197	  110867.58594	 -21292.51758	 -52714.15234	  52720.15234
 5198	  111391.55469	 -25533.90234	 -54978.48828	  54984.48828
 5196	  111795.90625	 -25308.31055	 -53484.74219	  53490.74219
 5196	  111795.90625	 -25308.31055	 -53484.74219	  53490.74219
 5198	  111391.55469	 -25533.90234	 -54978.48828	  54984.48828
 5193	  113665.00	 -26567.60352	 -53573.82031	  53579.82031
 5193	  113665.00	 -26567.60352	 -53573.82031	  53579.82031
 5198	  111391.55469	 -25533.90234	 -54978.48828	  54984.48828
 5199	  112760.92188	 -25522.06445	 -56060.69141	  56066.69141
 5188	  117767.02344	 -25567.12109	 -53989.96875	  53995.96875
 5193	  113665.00	 -26567.60352	 -53573.82031	  53579.82031
 5200	  116903.35156	 -26470.18555	 -55851.67969	  55857.67969
 5188	  117767.02344	 -25567.12109	 -53989.96875	  53995.96875
 5200	  116903.35156	 -26470.18555	 -55851.67969	  55857.67969
 5201	  117071.22656	 -25388.86914	 -56039.30469	  56045.30469
 5202	  115980.38281	 -25796.05273	 -56163.73438	  56169.73438
 5201	  117071.22656	 -25388.86914	 -56039.30469	  56045.30469
 5200	  116903.35156	 -26470.18555	 -55851.67969	  55857.67969
 5203	  113557.4375	 -25631.24609	 -55704.20313	  55710.20313
 5193	  113665.00	 -26567.60352	 -53573.82031	  53579.82031
 5199	  112760.92188	 -25522.06445	 -56060.69141	  56066.69141
 5193	  113665.00	 -26567.60352	 -53573.82031	  53579.82031
 5203	  113557.4375	 -25631.24609	 -55704.20313	  55710.20313
 5200	  116903.35156	 -26470.18555	 -55851.67969	  55857.67969
 5203	  113557.4375	 -25631.24609	 -55704.20313	  55710.20313
 5202	  115980.38281	 -25796.05273	 -56163.73438	  56169.73438
 5200	  116903.35156	 -26470.18555	 -55851.67969	  55857.67969
 5199	  112760.92188	 -25522.06445	 -56060.69141	  56066.69141
 5204	  114148.5625	 -22971.86133	 -57037.53125	  57043.53125
 5203	  113557.4375	 -25631.24609	 -55704.20313	  55710.20313
 5205	  117000.5625	 -22925.98633	 -56231.67188	  56237.67188
 5202	  115980.38281	 -25796.05273	 -56163.73438	  56169.73438
 5203	  113557.4375	 -25631.24609	 -55704.20313	  55710.20313
 5206	  114610.78906	 -22201.94141	 -56462.65625	  56468.65625
 5203	  113557.4375	 -25631.24609	 -55704.20313	  55710.20313
 5204	  114148.5625	 -22971.86133	 -57037.53125	  57043.53125
 5206	  114610.78906	 -22201.94141	 -56462.65625	  56468.65625
 5205	  117000.5625	 -22925.98633	 -56231.67188	  56237.67188
 5203	  113557.4375	 -25631.24609	 -55704.20313	  55710.20313
 5206	  114610.78906	 -22201.94141	 -56462.65625	  56468.65625
 5204	  114148.5625	 -22971.86133	 -57037.53125	  57043.53125
 5207	  114856.36719	 -12875.52637	 -57002.20703	  57008.20703
 5205	  117000.5625	 -22925.98633	 -56231.67188	  56237.67188
 5206	  114610.78906	 -22201.94141	 -56462.65625	  56468.65625
 5207	  114856.36719	 -12875.52637	 -57002.20703	  57008.20703
 5208	  121491.73438	 -13050.23145	 -63785.06641	  63791.06641
 5209	  123055.28906	 -11228.78809	 -63074.63672	  63080.63672
 5210	  121453.79688	 -12176.90625	 -63814.42969	  63820.42969
 5210	  121453.79688	 -12176.90625	 -63814.42969	  63820.42969
 5211	  121769.86719	 -11163.72754	 -64797.73828	  64803.73828
 5208	  121491.73438	 -13050.23145	 -63785.06641	  63791.06641
 5210	  121453.79688	 -12176.90625	 -63814.42969	  63820.42969
 5209	  123055.28906	 -11228.78809	 -63074.63672	  63080.63672
 5211	  121769.86719	 -11163.72754	 -64797.73828	  64803.73828
 5212	  76071.07031	 -17811.81836	 -101355.41406	  101361.41406
 5213	  78062.875	 -17719.48828	 -100603.47656	  100609.47656
 5214	  78410.54688	 -17648.18164	 -99628.15625	  99634.15625
 5212	  76071.07031	 -17811.81836	 -101355.41406	  101361.41406
 5215	  77765.6875	 -16376.27246	 -101200.71875	  101206.71875
 5213	  78062.875	 -17719.48828	 -100603.47656	  100609.47656
 5214	  78410.54688	 -17648.18164	 -99628.15625	  99634.15625
 5213	  78062.875	 -17719.48828	 -100603.47656	  100609.47656
 5216	  78457.32813	 -17838.86523	 -101267.42969	  101273.42969
 5213	  78062.875	 -17719.48828	 -100603.47656	  100609.47656
 5215	  77765.6875	 -16376.27246	 -101200.71875	  101206.71875
 5216	  78457.32813	 -17838.86523	 -101267.42969	  101273.42969
 5217	  160117.70313	 -17328.48242	 -112325.24219	  112331.24219
 5218	  161457.79688	 -13679.39941	 -113559.52344	  113565.52344
 5219	  160516.32813	 -16681.03516	 -113246.27344	  113252.27344
 5220	  160810.28125	 -17721.70508	 -111874.375	  111880.375
 5218	  161457.79688	 -13679.39941	 -113559.52344	  113565.52344
 5217	  160117.70313	 -17328.48242	 -112325.24219	  112331.24219
 5221	  159562.17188	 -17650.10352	 -114117.50	  114123.50
 5217	  160117.70313	 -17328.48242	 -112325.24219	  112331.24219
 5219	  160516.32813	 -16681.03516	 -113246.27344	  113252.27344
 5220	  160810.28125	 -17721.70508	 -111874.375	  111880.375
 5217	  160117.70313	 -17328.48242	 -112325.24219	  112331.24219
 5222	  159704.1875	 -18274.07813	 -113339.34375	  113345.34375
 5222	  159704.1875	 -18274.07813	 -113339.34375	  113345.34375
 5217	  160117.70313	 -17328.48242	 -112325.24219	  112331.24219
 5221	  159562.17188	 -17650.10352	 -114117.50	  114123.50
 5220	  160810.28125	 -17721.70508	 -111874.375	  111880.375
 5222	  159704.1875	 -18274.07813	 -113339.34375	  113345.34375
 5223	  162248.4375	 -18122.72852	 -115131.00781	  115137.00781
 5221	  159562.17188	 -17650.10352	 -114117.50	  114123.50
 5224	  160291.1875	 -17874.99219	 -114753.20313	  114759.20313
 5222	  159704.1875	 -18274.07813	 -113339.34375	  113345.34375
 5223	  162248.4375	 -18122.72852	 -115131.00781	  115137.00781
 5222	  159704.1875	 -18274.07813	 -113339.34375	  113345.34375
 5224	  160291.1875	 -17874.99219	 -114753.20313	  114759.20313
 5225	  95073.64844	 -7689.0415	 -38629.08594	  38635.08594
 5226	  95174.14063	 -6570.29492	 -38218.34375	  38224.34375
 5227	  94722.96094	 -6995.17676	 -37993.28125	  37999.28125
 5228	  94417.05469	 -7379.44287	 -38270.41406	  38276.41406
 5225	  95073.64844	 -7689.0415	 -38629.08594	  38635.08594
 5227	  94722.96094	 -6995.17676	 -37993.28125	  37999.28125
 5225	  95073.64844	 -7689.0415	 -38629.08594	  38635.08594
 5229	  95008.8125	 -6561.59277	 -38647.48828	  38653.48828
 5226	  95174.14063	 -6570.29492	 -38218.34375	  38224.34375
 5228	  94417.05469	 -7379.44287	 -38270.41406	  38276.41406
 5230	  94411.27344	 -7014.30273	 -38697.24219	  38703.24219
 5225	  95073.64844	 -7689.0415	 -38629.08594	  38635.08594
 5229	  95008.8125	 -6561.59277	 -38647.48828	  38653.48828
 5225	  95073.64844	 -7689.0415	 -38629.08594	  38635.08594
 5230	  94411.27344	 -7014.30273	 -38697.24219	  38703.24219
 5231	  59216.66406	 -16405.60547	 -127964.64063	  127970.64063
 5232	  60186.15625	 -15623.6582	 -127217.96094	  127223.96094
 5233	  60282.97656	 -18103.61914	 -127436.54688	  127442.54688
 5231	  59216.66406	 -16405.60547	 -127964.64063	  127970.64063
 5234	  58770.57813	 -15766.21875	 -127634.30469	  127640.30469
 5232	  60186.15625	 -15623.6582	 -127217.96094	  127223.96094
 5233	  60282.97656	 -18103.61914	 -127436.54688	  127442.54688
 5235	  58034.53516	 -18789.44727	 -128087.05469	  128093.05469
 5231	  59216.66406	 -16405.60547	 -127964.64063	  127970.64063
 5234	  58770.57813	 -15766.21875	 -127634.30469	  127640.30469
 5231	  59216.66406	 -16405.60547	 -127964.64063	  127970.64063
 5236	  57825.00391	 -18577.31445	 -127833.88281	  127839.88281
 5235	  58034.53516	 -18789.44727	 -128087.05469	  128093.05469
 5236	  57825.00391	 -18577.31445	 -127833.88281	  127839.88281
 5231	  59216.66406	 -16405.60547	 -127964.64063	  127970.64063
 5237	  76794.80469	 -10118.13379	 -80901.14063	  80907.14063
 5238	  75813.85156	 -8973.25684	 -82172.25781	  82178.25781
 5239	  75983.67188	 -7594.87354	 -81542.14844	  81548.14844
 5239	  75983.67188	 -7594.87354	 -81542.14844	  81548.14844
 5240	  76963.28906	 -9172.5498	 -80328.96094	  80334.96094
 5237	  76794.80469	 -10118.13379	 -80901.14063	  80907.14063
 5241	  72586.375	 -8938.99121	 -81367.85938	  81373.85938
 5239	  75983.67188	 -7594.87354	 -81542.14844	  81548.14844
 5238	  75813.85156	 -8973.25684	 -82172.25781	  82178.25781
 5242	  72978.125	 -8678.12402	 -79999.34375	  80005.34375
 5240	  76963.28906	 -9172.5498	 -80328.96094	  80334.96094
 5239	  75983.67188	 -7594.87354	 -81542.14844	  81548.14844
 5243	  74249.35156	 -10009.78809	 -79442.25	  79448.25
 5240	  76963.28906	 -9172.5498	 -80328.96094	  80334.96094
 5242	  72978.125	 -8678.12402	 -79999.34375	  80005.34375
 5244	  73752.66406	 -10122.0127	 -79301.57813	  79307.57813
 5243	  74249.35156	 -10009.78809	 -79442.25	  79448.25
 5242	  72978.125	 -8678.12402	 -79999.34375	  80005.34375
 5244	  73752.66406	 -10122.0127	 -79301.57813	  79307.57813
 5242	  72978.125	 -8678.12402	 -79999.34375	  80005.34375
 5245	  73388.40625	 -11472.63184	 -80041.10938	  80047.10938
 5246	  72956.11719	 -11751.6748	 -81248.49219	  81254.49219
 5245	  73388.40625	 -11472.63184	 -80041.10938	  80047.10938
 5242	  72978.125	 -8678.12402	 -79999.34375	  80005.34375
 5246	  72956.11719	 -11751.6748	 -81248.49219	  81254.49219
 5242	  72978.125	 -8678.12402	 -79999.34375	  80005.34375
 5241	  72586.375	 -8938.99121	 -81367.85938	  81373.85938
 5242	  72978.125	 -8678.12402	 -79999.34375	  80005.34375
 5239	  75983.67188	 -7594.87354	 -81542.14844	  81548.14844
 5247	  73121.17188	 -7369.57471	 -80821.34375	  80827.34375
 5241	  72586.375	 -8938.99121	 -81367.85938	  81373.85938
 5242	  72978.125	 -8678.12402	 -79999.34375	  80005.34375
 5247	  73121.17188	 -7369.57471	 -80821.34375	  80827.34375
 5247	  73121.17188	 -7369.57471	 -80821.34375	  80827.34375
 5239	  75983.67188	 -7594.87354	 -81542.14844	  81548.14844
 5241	  72586.375	 -8938.99121	 -81367.85938	  81373.85938
 5248	  123276.3125	 -17070.38086	 -142158.84375	  142164.84375
 5249	  122831.05469	 -16493.3457	 -142583.51563	  142589.51563
 5250	  122195.07813	 -16268.16211	 -141977.59375	  141983.59375
 5251	  122405.48438	 -17021.04297	 -141599.54688	  141605.54688
 5248	  123276.3125	 -17070.38086	 -142158.84375	  142164.84375
 5250	  122195.07813	 -16268.16211	 -141977.59375	  141983.59375
 5249	  122831.05469	 -16493.3457	 -142583.51563	  142589.51563
 5248	  123276.3125	 -17070.38086	 -142158.84375	  142164.84375
 5252	  122495.85156	 -19491.91797	 -142814.59375	  142820.59375
 5248	  123276.3125	 -17070.38086	 -142158.84375	  142164.84375
 5251	  122405.48438	 -17021.04297	 -141599.54688	  141605.54688
 5253	  122566.69531	 -19516.33203	 -141733.8125	  141739.8125
 5254	  123049.05469	 -19512.36914	 -142081.82813	  142087.82813
 5252	  122495.85156	 -19491.91797	 -142814.59375	  142820.59375
 5248	  123276.3125	 -17070.38086	 -142158.84375	  142164.84375
 5253	  122566.69531	 -19516.33203	 -141733.8125	  141739.8125
 5252	  122495.85156	 -19491.91797	 -142814.59375	  142820.59375
 5254	  123049.05469	 -19512.36914	 -142081.82813	  142087.82813
 5253	  122566.69531	 -19516.33203	 -141733.8125	  141739.8125
 5254	  123049.05469	 -19512.36914	 -142081.82813	  142087.82813
 5248	  123276.3125	 -17070.38086	 -142158.84375	  142164.84375
 5255	  157555.625	 -16947.80664	 -105577.54688	  105583.54688
 5256	  156616.28125	 -16846.77734	 -109162.4375	  109168.4375
 5257	  157303.45313	 -16886.69531	 -108988.95313	  108994.95313
 5255	  157555.625	 -16947.80664	 -105577.54688	  105583.54688
 5258	  155375.82813	 -17625.5957	 -111357.3125	  111363.3125
 5256	  156616.28125	 -16846.77734	 -109162.4375	  109168.4375
 5259	  156774.03125	 -15171.26953	 -108901.66406	  108907.66406
 5257	  157303.45313	 -16886.69531	 -108988.95313	  108994.95313
