 8035	 -341.57608	 -826.88721	 -12332.43848	  12338.43848
 8036	 -157.0768	 -844.17468	 -12489.13574	  12495.13574
 8037	 -114.24294	 -847.95923	 -12523.43945	  12529.43945
 8038	 -108.9159	 -847.4436	 -12518.76563	  12524.76563
 8036	 -157.0768	 -844.17468	 -12489.13574	  12495.13574
 8038	 -108.9159	 -847.4436	 -12518.76563	  12524.76563
 8039	 -151.74976	 -843.65906	 -12484.46094	  12490.46094
 8040	 -108.91615	 -462.83975	 -12525.76074	  12531.76074
 8041	 -114.24294	 -847.95923	 -12523.43945	  12529.43945
 8042	 -114.24294	 -463.35538	 -12530.43457	  12536.43457
 8041	 -114.24294	 -847.95923	 -12523.43945	  12529.43945
 8040	 -108.91615	 -462.83975	 -12525.76074	  12531.76074
 8043	 -108.9159	 -847.4436	 -12518.76563	  12524.76563
 8044	 -151.74976	 -459.05521	 -12491.45605	  12497.45605
 8045	 -108.91615	 -462.83975	 -12525.76074	  12531.76074
 8046	 -114.24294	 -463.35538	 -12530.43457	  12536.43457
 8044	 -151.74976	 -459.05521	 -12491.45605	  12497.45605
 8046	 -114.24294	 -463.35538	 -12530.43457	  12536.43457
 8047	 -157.0768	 -459.57083	 -12496.13086	  12502.13086
 8048	 -157.0768	 -459.57083	 -12496.13086	  12502.13086
 8049	 -157.0768	 -844.17468	 -12489.13574	  12495.13574
 8050	 -151.74976	 -459.05521	 -12491.45605	  12497.45605
 8050	 -151.74976	 -459.05521	 -12491.45605	  12497.45605
 8049	 -157.0768	 -844.17468	 -12489.13574	  12495.13574
 8051	 -151.74976	 -843.65906	 -12484.46094	  12490.46094
 8052	 -151.74976	 -459.05521	 -12491.45605	  12497.45605
 8053	 -151.74976	 -843.65906	 -12484.46094	  12490.46094
 8054	 -108.91615	 -462.83975	 -12525.76074	  12531.76074
 8054	 -108.91615	 -462.83975	 -12525.76074	  12531.76074
 8053	 -151.74976	 -843.65906	 -12484.46094	  12490.46094
 8055	 -108.9159	 -847.4436	 -12518.76563	  12524.76563
 8056	 -259.2843	 -921.26721	 -13187.91016	  13193.91016
 8057	 -218.36125	 -917.30579	 -13152.00391	  13158.00391
 8058	 -264.86002	 -920.77441	 -13183.44531	  13189.44531
 8058	 -264.86002	 -920.77441	 -13183.44531	  13189.44531
 8057	 -218.36125	 -917.30579	 -13152.00391	  13158.00391
 8059	 -223.93721	 -916.81323	 -13147.53906	  13153.53906
 8060	 -223.93721	 -532.20941	 -13154.53418	  13160.53418
 8061	 -218.36125	 -917.30579	 -13152.00391	  13158.00391
 8062	 -218.36125	 -532.70197	 -13158.99902	  13164.99902
 8061	 -218.36125	 -917.30579	 -13152.00391	  13158.00391
 8060	 -223.93721	 -532.20941	 -13154.53418	  13160.53418
 8063	 -223.93721	 -916.81323	 -13147.53906	  13153.53906
 8064	 -218.36125	 -532.70197	 -13158.99902	  13164.99902
 8065	 -259.2843	 -536.66339	 -13194.90527	  13200.90527
 8066	 -223.93721	 -532.20941	 -13154.53418	  13160.53418
 8066	 -223.93721	 -532.20941	 -13154.53418	  13160.53418
 8065	 -259.2843	 -536.66339	 -13194.90527	  13200.90527
 8067	 -264.86002	 -536.17059	 -13190.44043	  13196.44043
 8068	 -264.86002	 -920.77441	 -13183.44531	  13189.44531
 8069	 -264.86002	 -536.17059	 -13190.44043	  13196.44043
 8070	 -259.2843	 -536.66339	 -13194.90527	  13200.90527
 8070	 -259.2843	 -536.66339	 -13194.90527	  13200.90527
 8071	 -259.2843	 -921.26721	 -13187.91016	  13193.91016
 8068	 -264.86002	 -920.77441	 -13183.44531	  13189.44531
 8072	 -259.2843	 -921.26721	 -13187.91016	  13193.91016
 8073	 -259.2843	 -536.66339	 -13194.90527	  13200.90527
 8074	 -218.36125	 -532.70197	 -13158.99902	  13164.99902
 8074	 -218.36125	 -532.70197	 -13158.99902	  13164.99902
 8075	 -218.36125	 -917.30579	 -13152.00391	  13158.00391
 8072	 -259.2843	 -921.26721	 -13187.91016	  13193.91016
 8076	 -481.56256	 -942.78387	 -13382.93945	  13388.93945
 8077	 -440.64008	 -938.82251	 -13347.03418	  13353.03418
 8078	 -487.13855	 -942.29132	 -13378.47461	  13384.47461
 8078	 -487.13855	 -942.29132	 -13378.47461	  13384.47461
 8077	 -440.64008	 -938.82251	 -13347.03418	  13353.03418
 8079	 -446.21579	 -938.32983	 -13342.56836	  13348.56836
 8080	 -446.21579	 -553.72595	 -13349.56348	  13355.56348
 8081	 -440.64008	 -938.82251	 -13347.03418	  13353.03418
 8082	 -440.64008	 -554.21863	 -13354.0293	  13360.0293
 8081	 -440.64008	 -938.82251	 -13347.03418	  13353.03418
 8080	 -446.21579	 -553.72595	 -13349.56348	  13355.56348
 8083	 -446.21579	 -938.32983	 -13342.56836	  13348.56836
 8084	 -440.64008	 -554.21863	 -13354.0293	  13360.0293
 8085	 -487.13855	 -557.6875	 -13385.46973	  13391.46973
 8086	 -446.21579	 -553.72595	 -13349.56348	  13355.56348
 8085	 -487.13855	 -557.6875	 -13385.46973	  13391.46973
 8084	 -440.64008	 -554.21863	 -13354.0293	  13360.0293
 8087	 -481.56256	 -558.18005	 -13389.93457	  13395.93457
 8088	 -487.13855	 -942.29132	 -13378.47461	  13384.47461
 8089	 -487.13855	 -557.6875	 -13385.46973	  13391.46973
 8090	 -481.56256	 -558.18005	 -13389.93457	  13395.93457
 8090	 -481.56256	 -558.18005	 -13389.93457	  13395.93457
 8091	 -481.56256	 -942.78387	 -13382.93945	  13388.93945
 8088	 -487.13855	 -942.29132	 -13378.47461	  13384.47461
 8092	 -481.56256	 -558.18005	 -13389.93457	  13395.93457
 8093	 -440.64008	 -938.82251	 -13347.03418	  13353.03418
 8094	 -481.56256	 -942.78387	 -13382.93945	  13388.93945
 8093	 -440.64008	 -938.82251	 -13347.03418	  13353.03418
 8092	 -481.56256	 -558.18005	 -13389.93457	  13395.93457
 8095	 -440.64008	 -554.21863	 -13354.0293	  13360.0293
 8096	 -917.8866	 -985.02014	 -13765.77441	  13771.77441
 8097	 -876.96381	 -981.05896	 -13729.86719	  13735.86719
 8098	 -923.46204	 -984.52747	 -13761.30762	  13767.30762
 8098	 -923.46204	 -984.52747	 -13761.30762	  13767.30762
 8097	 -876.96381	 -981.05896	 -13729.86719	  13735.86719
 8099	 -882.53949	 -980.56616	 -13725.40234	  13731.40234
 8100	 -876.96381	 -596.45514	 -13736.8623	  13742.8623
 8101	 -882.53949	 -980.56616	 -13725.40234	  13731.40234
 8102	 -876.96381	 -981.05896	 -13729.86719	  13735.86719
 8101	 -882.53949	 -980.56616	 -13725.40234	  13731.40234
 8100	 -876.96381	 -596.45514	 -13736.8623	  13742.8623
 8103	 -882.53949	 -595.96228	 -13732.39746	  13738.39746
 8104	 -876.96381	 -596.45514	 -13736.8623	  13742.8623
 8105	 -917.8866	 -600.41626	 -13772.76953	  13778.76953
 8106	 -882.53949	 -595.96228	 -13732.39746	  13738.39746
 8106	 -882.53949	 -595.96228	 -13732.39746	  13738.39746
 8105	 -917.8866	 -600.41626	 -13772.76953	  13778.76953
 8107	 -923.46234	 -599.92358	 -13768.30371	  13774.30371
 8108	 -923.46204	 -984.52747	 -13761.30762	  13767.30762
 8109	 -923.46234	 -599.92358	 -13768.30371	  13774.30371
 8110	 -917.8866	 -600.41626	 -13772.76953	  13778.76953
 8110	 -917.8866	 -600.41626	 -13772.76953	  13778.76953
 8111	 -917.8866	 -985.02014	 -13765.77441	  13771.77441
 8108	 -923.46204	 -984.52747	 -13761.30762	  13767.30762
 8112	 -917.8866	 -985.02014	 -13765.77441	  13771.77441
 8113	 -917.8866	 -600.41626	 -13772.76953	  13778.76953
 8114	 -876.96381	 -596.45514	 -13736.8623	  13742.8623
 8114	 -876.96381	 -596.45514	 -13736.8623	  13742.8623
 8115	 -876.96381	 -981.05896	 -13729.86719	  13735.86719
 8112	 -917.8866	 -985.02014	 -13765.77441	  13771.77441
 8116	 -1140.16565	 -1006.53705	 -13960.80273	  13966.80273
 8117	 -1099.24255	 -1002.57556	 -13924.89648	  13930.89648
 8118	 -1145.74109	 -1006.04437	 -13956.33789	  13962.33789
 8118	 -1145.74109	 -1006.04437	 -13956.33789	  13962.33789
 8117	 -1099.24255	 -1002.57556	 -13924.89648	  13930.89648
 8119	 -1104.81799	 -1002.08301	 -13920.43164	  13926.43164
 8120	 -1104.81824	 -617.47925	 -13927.42676	  13933.42676
 8121	 -1099.24255	 -1002.57556	 -13924.89648	  13930.89648
 8122	 -1099.24292	 -617.97192	 -13931.89258	  13937.89258
 8121	 -1099.24255	 -1002.57556	 -13924.89648	  13930.89648
 8120	 -1104.81824	 -617.47925	 -13927.42676	  13933.42676
 8123	 -1104.81799	 -1002.08301	 -13920.43164	  13926.43164
 8124	 -1099.24292	 -617.97192	 -13931.89258	  13937.89258
 8125	 -1140.16565	 -621.93323	 -13967.79785	  13973.79785
 8126	 -1104.81824	 -617.47925	 -13927.42676	  13933.42676
 8126	 -1104.81824	 -617.47925	 -13927.42676	  13933.42676
 8125	 -1140.16565	 -621.93323	 -13967.79785	  13973.79785
 8127	 -1145.74109	 -621.44055	 -13963.33301	  13969.33301
 8128	 -1145.74109	 -1006.04437	 -13956.33789	  13962.33789
 8129	 -1145.74109	 -621.44055	 -13963.33301	  13969.33301
 8130	 -1140.16565	 -621.93323	 -13967.79785	  13973.79785
 8130	 -1140.16565	 -621.93323	 -13967.79785	  13973.79785
 8131	 -1140.16565	 -1006.53705	 -13960.80273	  13966.80273
 8128	 -1145.74109	 -1006.04437	 -13956.33789	  13962.33789
 8132	 -1140.16565	 -1006.53705	 -13960.80273	  13966.80273
 8133	 -1140.16565	 -621.93323	 -13967.79785	  13973.79785
 8134	 -1099.24292	 -617.97192	 -13931.89258	  13937.89258
 8134	 -1099.24292	 -617.97192	 -13931.89258	  13937.89258
 8135	 -1099.24255	 -1002.57556	 -13924.89648	  13930.89648
 8132	 -1140.16565	 -1006.53705	 -13960.80273	  13966.80273
 8136	 -1424.00989	 -1006.60938	 -13961.45801	  13967.45801
 8137	 -1472.17029	 -1003.34045	 -13931.82813	  13937.82813
 8138	 -1429.33667	 -1007.125	 -13966.13184	  13972.13184
 8137	 -1472.17029	 -1003.34045	 -13931.82813	  13937.82813
 8136	 -1424.00989	 -1006.60938	 -13961.45801	  13967.45801
 8139	 -1466.84351	 -1002.82483	 -13927.15332	  13933.15332
 8140	 -1424.00989	 -622.00555	 -13968.45313	  13974.45313
 8141	 -1429.33667	 -1007.125	 -13966.13184	  13972.13184
 8142	 -1429.33667	 -622.52118	 -13973.12695	  13979.12695
 8141	 -1429.33667	 -1007.125	 -13966.13184	  13972.13184
 8140	 -1424.00989	 -622.00555	 -13968.45313	  13974.45313
 8143	 -1424.00989	 -1006.60938	 -13961.45801	  13967.45801
 8144	 -1424.00989	 -622.00555	 -13968.45313	  13974.45313
 8145	 -1472.17053	 -618.73663	 -13938.82324	  13944.82324
 8146	 -1466.84387	 -618.22101	 -13934.14941	  13940.14941
 8145	 -1472.17053	 -618.73663	 -13938.82324	  13944.82324
 8144	 -1424.00989	 -622.00555	 -13968.45313	  13974.45313
 8147	 -1429.33667	 -622.52118	 -13973.12695	  13979.12695
 8148	 -1466.84387	 -618.22101	 -13934.14941	  13940.14941
 8149	 -1472.17029	 -1003.34045	 -13931.82813	  13937.82813
 8150	 -1466.84351	 -1002.82483	 -13927.15332	  13933.15332
 8149	 -1472.17029	 -1003.34045	 -13931.82813	  13937.82813
 8148	 -1466.84387	 -618.22101	 -13934.14941	  13940.14941
 8151	 -1472.17053	 -618.73663	 -13938.82324	  13944.82324
 8152	 -1472.17029	 -1003.34045	 -13931.82813	  13937.82813
 8153	 -1472.17053	 -618.73663	 -13938.82324	  13944.82324
 8154	 -1429.33667	 -622.52118	 -13973.12695	  13979.12695
 8154	 -1429.33667	 -622.52118	 -13973.12695	  13979.12695
 8155	 -1429.33667	 -1007.125	 -13966.13184	  13972.13184
 8152	 -1472.17029	 -1003.34045	 -13931.82813	  13937.82813
 8156	 -1656.66956	 -986.05298	 -13775.13086	  13781.13086
 8157	 -1699.50378	 -982.26843	 -13740.82715	  13746.82715
 8158	 -1661.99634	 -986.5686	 -13779.80469	  13785.80469
 8159	 -1704.8302	 -982.78394	 -13745.50098	  13751.50098
 8158	 -1661.99634	 -986.5686	 -13779.80469	  13785.80469
 8157	 -1699.50378	 -982.26843	 -13740.82715	  13746.82715
 8160	 -1656.66956	 -601.44916	 -13782.12598	  13788.12598
 8161	 -1661.99634	 -986.5686	 -13779.80469	  13785.80469
 8162	 -1661.99634	 -601.96478	 -13786.7998	  13792.7998
 8161	 -1661.99634	 -986.5686	 -13779.80469	  13785.80469
 8160	 -1656.66956	 -601.44916	 -13782.12598	  13788.12598
 8163	 -1656.66956	 -986.05298	 -13775.13086	  13781.13086
 8164	 -1656.66956	 -601.44916	 -13782.12598	  13788.12598
 8165	 -1704.83081	 -598.18024	 -13752.49707	  13758.49707
 8166	 -1699.50378	 -597.66461	 -13747.82227	  13753.82227
 8165	 -1704.83081	 -598.18024	 -13752.49707	  13758.49707
 8164	 -1656.66956	 -601.44916	 -13782.12598	  13788.12598
 8167	 -1661.99634	 -601.96478	 -13786.7998	  13792.7998
 8168	 -1699.50378	 -597.66461	 -13747.82227	  13753.82227
 8169	 -1704.8302	 -982.78394	 -13745.50098	  13751.50098
 8170	 -1699.50378	 -982.26843	 -13740.82715	  13746.82715
 8169	 -1704.8302	 -982.78394	 -13745.50098	  13751.50098
 8168	 -1699.50378	 -597.66461	 -13747.82227	  13753.82227
 8171	 -1704.83081	 -598.18024	 -13752.49707	  13758.49707
 8172	 -1704.8302	 -982.78394	 -13745.50098	  13751.50098
 8173	 -1704.83081	 -598.18024	 -13752.49707	  13758.49707
 8174	 -1661.99634	 -601.96478	 -13786.7998	  13792.7998
 8174	 -1661.99634	 -601.96478	 -13786.7998	  13792.7998
 8175	 -1661.99634	 -986.5686	 -13779.80469	  13785.80469
 8172	 -1704.8302	 -982.78394	 -13745.50098	  13751.50098
 8176	 -2005.65808	 -955.21838	 -13495.64063	  13501.64063
 8177	 -2048.49219	 -951.43384	 -13461.33789	  13467.33789
 8178	 -2010.98511	 -955.73401	 -13500.31543	  13506.31543
 8179	 -2053.81885	 -951.94946	 -13466.01074	  13472.01074
 8178	 -2010.98511	 -955.73401	 -13500.31543	  13506.31543
 8177	 -2048.49219	 -951.43384	 -13461.33789	  13467.33789
 8180	 -2005.65808	 -570.61456	 -13502.63574	  13508.63574
 8181	 -2010.98511	 -955.73401	 -13500.31543	  13506.31543
 8182	 -2010.98511	 -571.13019	 -13507.31055	  13513.31055
 8181	 -2010.98511	 -955.73401	 -13500.31543	  13506.31543
 8180	 -2005.65808	 -570.61456	 -13502.63574	  13508.63574
 8183	 -2005.65808	 -955.21838	 -13495.64063	  13501.64063
 8184	 -2048.49219	 -566.83002	 -13468.33301	  13474.33301
 8185	 -2010.98511	 -571.13019	 -13507.31055	  13513.31055
 8186	 -2053.81934	 -567.34576	 -13473.00684	  13479.00684
 8185	 -2010.98511	 -571.13019	 -13507.31055	  13513.31055
 8184	 -2048.49219	 -566.83002	 -13468.33301	  13474.33301
 8187	 -2005.65808	 -570.61456	 -13502.63574	  13508.63574
 8188	 -2048.49219	 -566.83002	 -13468.33301	  13474.33301
 8189	 -2053.81885	 -951.94946	 -13466.01074	  13472.01074
 8190	 -2048.49219	 -951.43384	 -13461.33789	  13467.33789
 8189	 -2053.81885	 -951.94946	 -13466.01074	  13472.01074
 8188	 -2048.49219	 -566.83002	 -13468.33301	  13474.33301
 8191	 -2053.81934	 -567.34576	 -13473.00684	  13479.00684
 8192	 -2053.81885	 -951.94946	 -13466.01074	  13472.01074
 8193	 -2053.81934	 -567.34576	 -13473.00684	  13479.00684
 8194	 -2010.98511	 -571.13019	 -13507.31055	  13513.31055
 8194	 -2010.98511	 -571.13019	 -13507.31055	  13513.31055
 8195	 -2010.98511	 -955.73401	 -13500.31543	  13506.31543
 8192	 -2053.81885	 -951.94946	 -13466.01074	  13472.01074
 8196	 -2238.31787	 -934.66199	 -13309.31348	  13315.31348
 8197	 -2281.1521	 -930.87744	 -13275.01074	  13281.01074
 8198	 -2243.64478	 -935.17761	 -13313.98828	  13319.98828
 8199	 -2286.47876	 -931.39307	 -13279.68359	  13285.68359
 8198	 -2243.64478	 -935.17761	 -13313.98828	  13319.98828
 8197	 -2281.1521	 -930.87744	 -13275.01074	  13281.01074
 8200	 -2238.31787	 -550.05817	 -13316.30859	  13322.30859
 8201	 -2243.64478	 -935.17761	 -13313.98828	  13319.98828
 8202	 -2243.64478	 -550.57379	 -13320.9834	  13326.9834
 8201	 -2243.64478	 -935.17761	 -13313.98828	  13319.98828
 8200	 -2238.31787	 -550.05817	 -13316.30859	  13322.30859
 8203	 -2238.31787	 -934.66199	 -13309.31348	  13315.31348
 8204	 -2238.31787	 -550.05817	 -13316.30859	  13322.30859
 8205	 -2286.479	 -546.78925	 -13286.67969	  13292.67969
 8206	 -2281.1521	 -546.27362	 -13282.00586	  13288.00586
 8205	 -2286.479	 -546.78925	 -13286.67969	  13292.67969
 8204	 -2238.31787	 -550.05817	 -13316.30859	  13322.30859
 8207	 -2243.64478	 -550.57379	 -13320.9834	  13326.9834
 8208	 -2281.1521	 -546.27362	 -13282.00586	  13288.00586
 8209	 -2286.47876	 -931.39307	 -13279.68359	  13285.68359
 8210	 -2281.1521	 -930.87744	 -13275.01074	  13281.01074
 8209	 -2286.47876	 -931.39307	 -13279.68359	  13285.68359
 8208	 -2281.1521	 -546.27362	 -13282.00586	  13288.00586
 8211	 -2286.479	 -546.78925	 -13286.67969	  13292.67969
 8212	 -2286.47876	 -931.39307	 -13279.68359	  13285.68359
 8213	 -2286.479	 -546.78925	 -13286.67969	  13292.67969
 8214	 -2243.64478	 -550.57379	 -13320.9834	  13326.9834
 8214	 -2243.64478	 -550.57379	 -13320.9834	  13326.9834
 8215	 -2243.64478	 -935.17761	 -13313.98828	  13319.98828
 8212	 -2286.47876	 -931.39307	 -13279.68359	  13285.68359
 8216	 -1135.24792	 -1008.95074	 -13903.33105	  13909.33105
 8217	 -945.84589	 -990.61652	 -13737.14844	  13743.14844
 8218	 -1127.56311	 -985.85992	 -13896.99414	  13902.99414
 8218	 -1127.56311	 -985.85992	 -13896.99414	  13902.99414
 8217	 -945.84589	 -990.61652	 -13737.14844	  13743.14844
 8219	 -953.27539	 -968.98889	 -13744.07324	  13750.07324
 8220	 -945.84589	 -990.61652	 -13737.14844	  13743.14844
 8221	 -953.27539	 -608.9693	 -13750.62109	  13756.62109
 8222	 -953.27539	 -968.98889	 -13744.07324	  13750.07324
 8221	 -953.27539	 -608.9693	 -13750.62109	  13756.62109
 8220	 -945.84589	 -990.61652	 -13737.14844	  13743.14844
 8223	 -945.84589	 -585.39185	 -13744.51758	  13750.51758
 8224	 -1135.24792	 -603.72614	 -13910.7002	  13916.7002
 8225	 -1135.24792	 -1008.95074	 -13903.33105	  13909.33105
 8226	 -1127.56335	 -625.84033	 -13903.54199	  13909.54199
 8226	 -1127.56335	 -625.84033	 -13903.54199	  13909.54199
 8225	 -1135.24792	 -1008.95074	 -13903.33105	  13909.33105
 8227	 -1127.56311	 -985.85992	 -13896.99414	  13902.99414
 8228	 -945.84589	 -585.39185	 -13744.51758	  13750.51758
 8229	 -1135.24792	 -603.72614	 -13910.7002	  13916.7002
 8230	 -1127.56335	 -625.84033	 -13903.54199	  13909.54199
 8228	 -945.84589	 -585.39185	 -13744.51758	  13750.51758
 8230	 -1127.56335	 -625.84033	 -13903.54199	  13909.54199
 8231	 -953.27539	 -608.9693	 -13750.62109	  13756.62109
 8232	 -1100.0658	 -988.28949	 -13919.0166	  13925.0166
 8233	 -925.77802	 -971.41846	 -13766.09473	  13772.09473
 8234	 -918.34851	 -993.04608	 -13759.16992	  13765.16992
 8232	 -1100.0658	 -988.28949	 -13919.0166	  13925.0166
 8234	 -918.34851	 -993.04608	 -13759.16992	  13765.16992
 8235	 -1107.75061	 -1011.38031	 -13925.35254	  13931.35254
 8236	 -925.77802	 -611.39886	 -13772.64258	  13778.64258
 8237	 -918.34851	 -993.04608	 -13759.16992	  13765.16992
 8238	 -925.77802	 -971.41846	 -13766.09473	  13772.09473
 8237	 -918.34851	 -993.04608	 -13759.16992	  13765.16992
 8236	 -925.77802	 -611.39886	 -13772.64258	  13778.64258
 8239	 -918.34851	 -587.82141	 -13766.53906	  13772.53906
 8240	 -1107.75061	 -1011.38031	 -13925.35254	  13931.35254
 8241	 -1107.75061	 -606.1557	 -13932.72168	  13938.72168
 8242	 -1100.06604	 -628.2699	 -13925.56445	  13931.56445
 8240	 -1107.75061	 -1011.38031	 -13925.35254	  13931.35254
 8242	 -1100.06604	 -628.2699	 -13925.56445	  13931.56445
 8243	 -1100.0658	 -988.28949	 -13919.0166	  13925.0166
 8244	 -1107.75061	 -606.1557	 -13932.72168	  13938.72168
 8245	 -918.34851	 -587.82141	 -13766.53906	  13772.53906
 8246	 -1100.06604	 -628.2699	 -13925.56445	  13931.56445
 8246	 -1100.06604	 -628.2699	 -13925.56445	  13931.56445
 8245	 -918.34851	 -587.82141	 -13766.53906	  13772.53906
 8247	 -925.77802	 -611.39886	 -13772.64258	  13778.64258
 8248	 -925.77802	 -971.41846	 -13766.09473	  13772.09473
 8249	 -1100.0658	 -988.28949	 -13919.0166	  13925.0166
 8250	 -953.27539	 -968.98889	 -13744.07324	  13750.07324
 8250	 -953.27539	 -968.98889	 -13744.07324	  13750.07324
 8249	 -1100.0658	 -988.28949	 -13919.0166	  13925.0166
 8251	 -1127.56311	 -985.85992	 -13896.99414	  13902.99414
 8252	 -925.77802	 -611.39886	 -13772.64258	  13778.64258
 8253	 -925.77802	 -971.41846	 -13766.09473	  13772.09473
 8254	 -953.27539	 -608.9693	 -13750.62109	  13756.62109
 8254	 -953.27539	 -608.9693	 -13750.62109	  13756.62109
 8253	 -925.77802	 -971.41846	 -13766.09473	  13772.09473
 8255	 -953.27539	 -968.98889	 -13744.07324	  13750.07324
 8256	 -1127.56311	 -985.85992	 -13896.99414	  13902.99414
 8257	 -1100.06604	 -628.2699	 -13925.56445	  13931.56445
 8258	 -1127.56335	 -625.84033	 -13903.54199	  13909.54199
 8257	 -1100.06604	 -628.2699	 -13925.56445	  13931.56445
 8256	 -1127.56311	 -985.85992	 -13896.99414	  13902.99414
 8259	 -1100.0658	 -988.28949	 -13919.0166	  13925.0166
 8260	 -1100.06604	 -628.2699	 -13925.56445	  13931.56445
 8261	 -925.77802	 -611.39886	 -13772.64258	  13778.64258
 8262	 -1127.56335	 -625.84033	 -13903.54199	  13909.54199
 8262	 -1127.56335	 -625.84033	 -13903.54199	  13909.54199
 8261	 -925.77802	 -611.39886	 -13772.64258	  13778.64258
 8263	 -953.27539	 -608.9693	 -13750.62109	  13756.62109
 8264	 -180.89091	 -854.43536	 -12512.82617	  12518.82617
 8265	 -379.13916	 -836.91949	 -12354.05859	  12360.05859
 8266	 -188.93445	 -831.37787	 -12506.79004	  12512.79004
 8266	 -188.93445	 -831.37787	 -12506.79004	  12512.79004
 8265	 -379.13916	 -836.91949	 -12354.05859	  12360.05859
 8267	 -371.36221	 -815.25983	 -12360.69238	  12366.69238
 8268	 -379.13916	 -836.91949	 -12354.05859	  12360.05859
 8269	 -371.36221	 -455.24014	 -12367.24023	  12373.24023
 8270	 -371.36221	 -815.25983	 -12360.69238	  12366.69238
 8269	 -371.36221	 -455.24014	 -12367.24023	  12373.24023
 8268	 -379.13916	 -836.91949	 -12354.05859	  12360.05859
 8271	 -379.13916	 -431.69489	 -12361.42871	  12367.42871
 8272	 -180.89091	 -449.21075	 -12520.19629	  12526.19629
 8273	 -180.89091	 -854.43536	 -12512.82617	  12518.82617
 8274	 -188.93475	 -471.35831	 -12513.33887	  12519.33887
 8274	 -188.93475	 -471.35831	 -12513.33887	  12519.33887
 8273	 -180.89091	 -854.43536	 -12512.82617	  12518.82617
 8275	 -188.93445	 -831.37787	 -12506.79004	  12512.79004
 8276	 -379.13916	 -431.69489	 -12361.42871	  12367.42871
 8277	 -180.89091	 -449.21075	 -12520.19629	  12526.19629
 8278	 -188.93475	 -471.35831	 -12513.33887	  12519.33887
 8276	 -379.13916	 -431.69489	 -12361.42871	  12367.42871
 8278	 -188.93475	 -471.35831	 -12513.33887	  12519.33887
 8279	 -371.36221	 -455.24014	 -12367.24023	  12373.24023
 8280	 -162.21024	 -828.79102	 -12483.34277	  12489.34277
 8281	 -344.63766	 -812.67285	 -12337.24414	  12343.24414
 8282	 -352.4144	 -834.33258	 -12330.61035	  12336.61035
 8280	 -162.21024	 -828.79102	 -12483.34277	  12489.34277
 8282	 -352.4144	 -834.33258	 -12330.61035	  12336.61035
 8283	 -154.16638	 -851.84845	 -12489.37793	  12495.37793
 8284	 -344.63766	 -452.65323	 -12343.79199	  12349.79199
 8285	 -352.4144	 -834.33258	 -12330.61035	  12336.61035
 8286	 -344.63766	 -812.67285	 -12337.24414	  12343.24414
 8285	 -352.4144	 -834.33258	 -12330.61035	  12336.61035
 8284	 -344.63766	 -452.65323	 -12343.79199	  12349.79199
 8287	 -352.41489	 -429.10797	 -12337.98047	  12343.98047
 8288	 -154.16638	 -851.84845	 -12489.37793	  12495.37793
 8289	 -154.16638	 -446.62384	 -12496.74805	  12502.74805
 8290	 -162.21024	 -468.77139	 -12489.89063	  12495.89063
 8288	 -154.16638	 -851.84845	 -12489.37793	  12495.37793
 8290	 -162.21024	 -468.77139	 -12489.89063	  12495.89063
 8291	 -162.21024	 -828.79102	 -12483.34277	  12489.34277
 8292	 -154.16638	 -446.62384	 -12496.74805	  12502.74805
 8293	 -352.41489	 -429.10797	 -12337.98047	  12343.98047
 8294	 -162.21024	 -468.77139	 -12489.89063	  12495.89063
 8294	 -162.21024	 -468.77139	 -12489.89063	  12495.89063
 8293	 -352.41489	 -429.10797	 -12337.98047	  12343.98047
 8295	 -344.63766	 -452.65323	 -12343.79199	  12349.79199
 8296	 -188.93445	 -831.37787	 -12506.79004	  12512.79004
 8297	 -371.36221	 -815.25983	 -12360.69238	  12366.69238
 8298	 -162.21024	 -828.79102	 -12483.34277	  12489.34277
 8299	 -344.63766	 -812.67285	 -12337.24414	  12343.24414
 8298	 -162.21024	 -828.79102	 -12483.34277	  12489.34277
 8297	 -371.36221	 -815.25983	 -12360.69238	  12366.69238
 8300	 -344.63766	 -452.65323	 -12343.79199	  12349.79199
 8301	 -371.36221	 -815.25983	 -12360.69238	  12366.69238
 8302	 -371.36221	 -455.24014	 -12367.24023	  12373.24023
 8301	 -371.36221	 -815.25983	 -12360.69238	  12366.69238
 8300	 -344.63766	 -452.65323	 -12343.79199	  12349.79199
 8303	 -344.63766	 -812.67285	 -12337.24414	  12343.24414
 8304	 -188.93475	 -471.35831	 -12513.33887	  12519.33887
 8305	 -188.93445	 -831.37787	 -12506.79004	  12512.79004
 8306	 -162.21024	 -468.77139	 -12489.89063	  12495.89063
 8306	 -162.21024	 -468.77139	 -12489.89063	  12495.89063
 8305	 -188.93445	 -831.37787	 -12506.79004	  12512.79004
 8307	 -162.21024	 -828.79102	 -12483.34277	  12489.34277
 8308	 -188.93475	 -471.35831	 -12513.33887	  12519.33887
 8309	 -344.63766	 -452.65323	 -12343.79199	  12349.79199
 8310	 -371.36221	 -455.24014	 -12367.24023	  12373.24023
 8309	 -344.63766	 -452.65323	 -12343.79199	  12349.79199
 8308	 -188.93475	 -471.35831	 -12513.33887	  12519.33887
 8311	 -162.21024	 -468.77139	 -12489.89063	  12495.89063
 8312	 -697.69531	 -808.77362	 -12098.93945	  12104.93945
 8313	 -895.9433	 -791.25775	 -11940.17188	  11946.17188
 8314	 -705.73914	 -785.71625	 -12092.90527	  12098.90527
 8314	 -705.73914	 -785.71625	 -12092.90527	  12098.90527
 8313	 -895.9433	 -791.25775	 -11940.17188	  11946.17188
 8315	 -888.16626	 -769.59796	 -11946.80566	  11952.80566
 8316	 -895.9433	 -791.25775	 -11940.17188	  11946.17188
 8317	 -888.16626	 -409.57828	 -11953.35352	  11959.35352
 8318	 -888.16626	 -769.59796	 -11946.80566	  11952.80566
 8317	 -888.16626	 -409.57828	 -11953.35352	  11959.35352
 8316	 -895.9433	 -791.25775	 -11940.17188	  11946.17188
 8319	 -895.9433	 -386.03314	 -11947.54199	  11953.54199
 8320	 -697.69531	 -403.54901	 -12106.30957	  12112.30957
 8321	 -697.69531	 -808.77362	 -12098.93945	  12104.93945
 8322	 -705.73914	 -425.69656	 -12099.45313	  12105.45313
 8322	 -705.73914	 -425.69656	 -12099.45313	  12105.45313
 8321	 -697.69531	 -808.77362	 -12098.93945	  12104.93945
 8323	 -705.73914	 -785.71625	 -12092.90527	  12098.90527
 8324	 -895.9433	 -386.03314	 -11947.54199	  11953.54199
 8325	 -697.69531	 -403.54901	 -12106.30957	  12112.30957
 8326	 -705.73914	 -425.69656	 -12099.45313	  12105.45313
 8324	 -895.9433	 -386.03314	 -11947.54199	  11953.54199
 8326	 -705.73914	 -425.69656	 -12099.45313	  12105.45313
 8327	 -888.16626	 -409.57828	 -11953.35352	  11959.35352
 8328	 -679.07391	 -783.13501	 -12069.50879	  12075.50879
 8329	 -861.50134	 -767.01685	 -11923.41016	  11929.41016
 8330	 -869.27832	 -788.67657	 -11916.77539	  11922.77539
 8328	 -679.07391	 -783.13501	 -12069.50879	  12075.50879
 8330	 -869.27832	 -788.67657	 -11916.77539	  11922.77539
 8331	 -671.03009	 -806.19244	 -12075.54395	  12081.54395
 8332	 -861.50159	 -406.99722	 -11929.95801	  11935.95801
 8333	 -869.27832	 -788.67657	 -11916.77539	  11922.77539
 8334	 -861.50134	 -767.01685	 -11923.41016	  11929.41016
 8333	 -869.27832	 -788.67657	 -11916.77539	  11922.77539
 8332	 -861.50159	 -406.99722	 -11929.95801	  11935.95801
 8335	 -869.27832	 -383.45197	 -11924.14551	  11930.14551
 8336	 -671.03009	 -806.19244	 -12075.54395	  12081.54395
 8337	 -671.03033	 -400.96783	 -12082.91406	  12088.91406
 8338	 -679.07416	 -423.11539	 -12076.05664	  12082.05664
 8336	 -671.03009	 -806.19244	 -12075.54395	  12081.54395
 8338	 -679.07416	 -423.11539	 -12076.05664	  12082.05664
 8339	 -679.07391	 -783.13501	 -12069.50879	  12075.50879
 8340	 -671.03033	 -400.96783	 -12082.91406	  12088.91406
 8341	 -869.27832	 -383.45197	 -11924.14551	  11930.14551
 8342	 -679.07416	 -423.11539	 -12076.05664	  12082.05664
 8342	 -679.07416	 -423.11539	 -12076.05664	  12082.05664
 8341	 -869.27832	 -383.45197	 -11924.14551	  11930.14551
 8343	 -861.50159	 -406.99722	 -11929.95801	  11935.95801
 8344	 -705.73914	 -785.71625	 -12092.90527	  12098.90527
 8345	 -888.16626	 -769.59796	 -11946.80566	  11952.80566
 8346	 -679.07391	 -783.13501	 -12069.50879	  12075.50879
 8347	 -861.50134	 -767.01685	 -11923.41016	  11929.41016
 8346	 -679.07391	 -783.13501	 -12069.50879	  12075.50879
 8345	 -888.16626	 -769.59796	 -11946.80566	  11952.80566
 8348	 -861.50159	 -406.99722	 -11929.95801	  11935.95801
 8349	 -888.16626	 -769.59796	 -11946.80566	  11952.80566
 8350	 -888.16626	 -409.57828	 -11953.35352	  11959.35352
 8349	 -888.16626	 -769.59796	 -11946.80566	  11952.80566
 8348	 -861.50159	 -406.99722	 -11929.95801	  11935.95801
 8351	 -861.50134	 -767.01685	 -11923.41016	  11929.41016
 8352	 -705.73914	 -425.69656	 -12099.45313	  12105.45313
 8353	 -705.73914	 -785.71625	 -12092.90527	  12098.90527
 8354	 -679.07416	 -423.11539	 -12076.05664	  12082.05664
 8354	 -679.07416	 -423.11539	 -12076.05664	  12082.05664
 8353	 -705.73914	 -785.71625	 -12092.90527	  12098.90527
 8355	 -679.07391	 -783.13501	 -12069.50879	  12075.50879
 8356	 -705.73914	 -425.69656	 -12099.45313	  12105.45313
 8357	 -861.50159	 -406.99722	 -11929.95801	  11935.95801
 8358	 -888.16626	 -409.57828	 -11953.35352	  11959.35352
 8357	 -861.50159	 -406.99722	 -11929.95801	  11935.95801
 8356	 -705.73914	 -425.69656	 -12099.45313	  12105.45313
 8359	 -679.07416	 -423.11539	 -12076.05664	  12082.05664
 8360	 -476.38947	 -945.17377	 -13325.24902	  13331.24902
 8361	 -286.98715	 -926.8396	 -13159.06543	  13165.06543
 8362	 -468.70462	 -922.08301	 -13318.91211	  13324.91211
 8362	 -468.70462	 -922.08301	 -13318.91211	  13324.91211
 8361	 -286.98715	 -926.8396	 -13159.06543	  13165.06543
 8363	 -294.41714	 -905.21191	 -13165.99023	  13171.99023
 8364	 -286.98715	 -926.8396	 -13159.06543	  13165.06543
 8365	 -294.41714	 -545.19232	 -13172.53809	  13178.53809
 8366	 -294.41714	 -905.21191	 -13165.99023	  13171.99023
 8365	 -294.41714	 -545.19232	 -13172.53809	  13178.53809
 8364	 -286.98715	 -926.8396	 -13159.06543	  13165.06543
 8367	 -286.9874	 -521.61493	 -13166.43457	  13172.43457
 8368	 -476.38971	 -539.9491	 -13332.61816	  13338.61816
 8369	 -476.38947	 -945.17377	 -13325.24902	  13331.24902
 8370	 -468.70462	 -562.06335	 -13325.45996	  13331.45996
 8370	 -468.70462	 -562.06335	 -13325.45996	  13331.45996
 8369	 -476.38947	 -945.17377	 -13325.24902	  13331.24902
 8371	 -468.70462	 -922.08301	 -13318.91211	  13324.91211
 8372	 -286.9874	 -521.61493	 -13166.43457	  13172.43457
 8373	 -476.38971	 -539.9491	 -13332.61816	  13338.61816
 8374	 -468.70462	 -562.06335	 -13325.45996	  13331.45996
 8372	 -286.9874	 -521.61493	 -13166.43457	  13172.43457
 8374	 -468.70462	 -562.06335	 -13325.45996	  13331.45996
 8375	 -294.41714	 -545.19232	 -13172.53809	  13178.53809
 8376	 -441.49762	 -924.48682	 -13340.70117	  13346.70117
 8377	 -267.2099	 -907.61572	 -13187.78027	  13193.78027
 8378	 -259.78009	 -929.24341	 -13180.85352	  13186.85352
 8376	 -441.49762	 -924.48682	 -13340.70117	  13346.70117
 8378	 -259.78009	 -929.24341	 -13180.85352	  13186.85352
 8379	 -449.18246	 -947.57758	 -13347.03809	  13353.03809
 8380	 -267.2099	 -547.59613	 -13194.32813	  13200.32813
 8381	 -259.78009	 -929.24341	 -13180.85352	  13186.85352
 8382	 -267.2099	 -907.61572	 -13187.78027	  13193.78027
 8381	 -259.78009	 -929.24341	 -13180.85352	  13186.85352
 8380	 -267.2099	 -547.59613	 -13194.32813	  13200.32813
 8383	 -259.7804	 -524.01886	 -13188.22363	  13194.22363
 8384	 -449.18246	 -947.57758	 -13347.03809	  13353.03809
 8385	 -449.18246	 -542.35291	 -13354.40723	  13360.40723
 8386	 -441.49762	 -564.46716	 -13347.24902	  13353.24902
 8384	 -449.18246	 -947.57758	 -13347.03809	  13353.03809
 8386	 -441.49762	 -564.46716	 -13347.24902	  13353.24902
 8387	 -441.49762	 -924.48682	 -13340.70117	  13346.70117
 8388	 -449.18246	 -542.35291	 -13354.40723	  13360.40723
 8389	 -259.7804	 -524.01886	 -13188.22363	  13194.22363
 8390	 -441.49762	 -564.46716	 -13347.24902	  13353.24902
 8390	 -441.49762	 -564.46716	 -13347.24902	  13353.24902
 8389	 -259.7804	 -524.01886	 -13188.22363	  13194.22363
 8391	 -267.2099	 -547.59613	 -13194.32813	  13200.32813
 8392	 -267.2099	 -907.61572	 -13187.78027	  13193.78027
 8393	 -441.49762	 -924.48682	 -13340.70117	  13346.70117
 8394	 -294.41714	 -905.21191	 -13165.99023	  13171.99023
 8394	 -294.41714	 -905.21191	 -13165.99023	  13171.99023
 8393	 -441.49762	 -924.48682	 -13340.70117	  13346.70117
 8395	 -468.70462	 -922.08301	 -13318.91211	  13324.91211
 8396	 -267.2099	 -547.59613	 -13194.32813	  13200.32813
 8397	 -267.2099	 -907.61572	 -13187.78027	  13193.78027
 8398	 -294.41714	 -545.19232	 -13172.53809	  13178.53809
 8398	 -294.41714	 -545.19232	 -13172.53809	  13178.53809
 8397	 -267.2099	 -907.61572	 -13187.78027	  13193.78027
 8399	 -294.41714	 -905.21191	 -13165.99023	  13171.99023
 8400	 -468.70462	 -922.08301	 -13318.91211	  13324.91211
 8401	 -441.49762	 -564.46716	 -13347.24902	  13353.24902
 8402	 -468.70462	 -562.06335	 -13325.45996	  13331.45996
 8401	 -441.49762	 -564.46716	 -13347.24902	  13353.24902
 8400	 -468.70462	 -922.08301	 -13318.91211	  13324.91211
 8403	 -441.49762	 -924.48682	 -13340.70117	  13346.70117
 8404	 -441.49762	 -564.46716	 -13347.24902	  13353.24902
 8405	 -267.2099	 -547.59613	 -13194.32813	  13200.32813
 8406	 -468.70462	 -562.06335	 -13325.45996	  13331.45996
 8406	 -468.70462	 -562.06335	 -13325.45996	  13331.45996
 8405	 -267.2099	 -547.59613	 -13194.32813	  13200.32813
 8407	 -294.41714	 -545.19232	 -13172.53809	  13178.53809
 8408	 -1464.8562	 -1010.82935	 -13930.40039	  13936.40039
 8409	 -1663.104	 -993.31323	 -13771.63184	  13777.63184
 8410	 -1472.89978	 -987.77161	 -13924.36426	  13930.36426
 8410	 -1472.89978	 -987.77161	 -13924.36426	  13930.36426
 8409	 -1663.104	 -993.31323	 -13771.63184	  13777.63184
 8411	 -1655.32727	 -971.65344	 -13778.26563	  13784.26563
 8412	 -1663.104	 -993.31323	 -13771.63184	  13777.63184
 8413	 -1655.32727	 -611.63385	 -13784.81348	  13790.81348
 8414	 -1655.32727	 -971.65344	 -13778.26563	  13784.26563
 8413	 -1655.32727	 -611.63385	 -13784.81348	  13790.81348
 8412	 -1663.104	 -993.31323	 -13771.63184	  13777.63184
 8415	 -1663.104	 -588.08856	 -13779.00195	  13785.00195
 8416	 -1464.8562	 -605.60468	 -13937.77051	  13943.77051
 8417	 -1464.8562	 -1010.82935	 -13930.40039	  13936.40039
 8418	 -1472.89978	 -627.75201	 -13930.91211	  13936.91211
 8418	 -1472.89978	 -627.75201	 -13930.91211	  13936.91211
 8417	 -1464.8562	 -1010.82935	 -13930.40039	  13936.40039
 8419	 -1472.89978	 -987.77161	 -13924.36426	  13930.36426
 8420	 -1663.104	 -588.08856	 -13779.00195	  13785.00195
 8421	 -1464.8562	 -605.60468	 -13937.77051	  13943.77051
 8422	 -1472.89978	 -627.75201	 -13930.91211	  13936.91211
 8420	 -1663.104	 -588.08856	 -13779.00195	  13785.00195
 8422	 -1472.89978	 -627.75201	 -13930.91211	  13936.91211
 8423	 -1655.32727	 -611.63385	 -13784.81348	  13790.81348
 8424	 -1447.13477	 -985.27759	 -13901.75781	  13907.75781
 8425	 -1629.56226	 -969.15942	 -13755.65918	  13761.65918
 8426	 -1637.33899	 -990.81921	 -13749.02539	  13755.02539
 8424	 -1447.13477	 -985.27759	 -13901.75781	  13907.75781
 8426	 -1637.33899	 -990.81921	 -13749.02539	  13755.02539
 8427	 -1439.09131	 -1008.33533	 -13907.79395	  13913.79395
 8428	 -1629.56226	 -609.13983	 -13762.20703	  13768.20703
 8429	 -1637.33899	 -990.81921	 -13749.02539	  13755.02539
 8430	 -1629.56226	 -969.15942	 -13755.65918	  13761.65918
 8429	 -1637.33899	 -990.81921	 -13749.02539	  13755.02539
 8428	 -1629.56226	 -609.13983	 -13762.20703	  13768.20703
 8431	 -1637.33923	 -585.59454	 -13756.39551	  13762.39551
 8432	 -1439.09131	 -1008.33533	 -13907.79395	  13913.79395
 8433	 -1439.09131	 -603.11066	 -13915.16406	  13921.16406
 8434	 -1447.13477	 -625.258	 -13908.30566	  13914.30566
 8432	 -1439.09131	 -1008.33533	 -13907.79395	  13913.79395
 8434	 -1447.13477	 -625.258	 -13908.30566	  13914.30566
 8435	 -1447.13477	 -985.27759	 -13901.75781	  13907.75781
 8436	 -1439.09131	 -603.11066	 -13915.16406	  13921.16406
 8437	 -1637.33923	 -585.59454	 -13756.39551	  13762.39551
 8438	 -1447.13477	 -625.258	 -13908.30566	  13914.30566
 8438	 -1447.13477	 -625.258	 -13908.30566	  13914.30566
 8437	 -1637.33923	 -585.59454	 -13756.39551	  13762.39551
 8439	 -1629.56226	 -609.13983	 -13762.20703	  13768.20703
 8440	 -1472.89978	 -987.77161	 -13924.36426	  13930.36426
 8441	 -1655.32727	 -971.65344	 -13778.26563	  13784.26563
 8442	 -1447.13477	 -985.27759	 -13901.75781	  13907.75781
 8443	 -1629.56226	 -969.15942	 -13755.65918	  13761.65918
 8442	 -1447.13477	 -985.27759	 -13901.75781	  13907.75781
 8441	 -1655.32727	 -971.65344	 -13778.26563	  13784.26563
 8444	 -1629.56226	 -609.13983	 -13762.20703	  13768.20703
 8445	 -1655.32727	 -971.65344	 -13778.26563	  13784.26563
 8446	 -1655.32727	 -611.63385	 -13784.81348	  13790.81348
 8445	 -1655.32727	 -971.65344	 -13778.26563	  13784.26563
 8444	 -1629.56226	 -609.13983	 -13762.20703	  13768.20703
 8447	 -1629.56226	 -969.15942	 -13755.65918	  13761.65918
 8448	 -1472.89978	 -627.75201	 -13930.91211	  13936.91211
 8449	 -1472.89978	 -987.77161	 -13924.36426	  13930.36426
 8450	 -1447.13477	 -625.258	 -13908.30566	  13914.30566
 8450	 -1447.13477	 -625.258	 -13908.30566	  13914.30566
 8449	 -1472.89978	 -987.77161	 -13924.36426	  13930.36426
 8451	 -1447.13477	 -985.27759	 -13901.75781	  13907.75781
 8452	 -1472.89978	 -627.75201	 -13930.91211	  13936.91211
 8453	 -1629.56226	 -609.13983	 -13762.20703	  13768.20703
 8454	 -1655.32727	 -611.63385	 -13784.81348	  13790.81348
 8453	 -1629.56226	 -609.13983	 -13762.20703	  13768.20703
 8452	 -1472.89978	 -627.75201	 -13930.91211	  13936.91211
 8455	 -1447.13477	 -625.258	 -13908.30566	  13914.30566
 8456	 -2047.86108	 -959.36401	 -13463.90918	  13469.90918
 8457	 -2246.10913	 -941.84802	 -13305.1416	  13311.1416
 8458	 -2055.90503	 -936.3064	 -13457.87402	  13463.87402
 8458	 -2055.90503	 -936.3064	 -13457.87402	  13463.87402
 8457	 -2246.10913	 -941.84802	 -13305.1416	  13311.1416
 8459	 -2238.33228	 -920.18823	 -13311.77637	  13317.77637
 8460	 -2246.10913	 -941.84802	 -13305.1416	  13311.1416
 8461	 -2238.33228	 -560.16864	 -13318.32422	  13324.32422
 8462	 -2238.33228	 -920.18823	 -13311.77637	  13317.77637
 8461	 -2238.33228	 -560.16864	 -13318.32422	  13324.32422
 8460	 -2246.10913	 -941.84802	 -13305.1416	  13311.1416
 8463	 -2246.10938	 -536.62335	 -13312.51172	  13318.51172
 8464	 -2047.86108	 -554.13934	 -13471.2793	  13477.2793
 8465	 -2047.86108	 -959.36401	 -13463.90918	  13469.90918
 8466	 -2055.90503	 -576.2868	 -13464.42188	  13470.42188
 8466	 -2055.90503	 -576.2868	 -13464.42188	  13470.42188
 8465	 -2047.86108	 -959.36401	 -13463.90918	  13469.90918
 8467	 -2055.90503	 -936.3064	 -13457.87402	  13463.87402
 8468	 -2246.10938	 -536.62335	 -13312.51172	  13318.51172
 8469	 -2047.86108	 -554.13934	 -13471.2793	  13477.2793
 8470	 -2055.90503	 -576.2868	 -13464.42188	  13470.42188
 8468	 -2246.10938	 -536.62335	 -13312.51172	  13318.51172
 8470	 -2055.90503	 -576.2868	 -13464.42188	  13470.42188
 8471	 -2238.33228	 -560.16864	 -13318.32422	  13324.32422
 8472	 -2029.89392	 -933.78857	 -13435.05176	  13441.05176
 8473	 -2212.32129	 -917.67041	 -13288.95313	  13294.95313
 8474	 -2220.09814	 -939.3302	 -13282.31934	  13288.31934
 8472	 -2029.89392	 -933.78857	 -13435.05176	  13441.05176
 8474	 -2220.09814	 -939.3302	 -13282.31934	  13288.31934
 8475	 -2021.84998	 -956.84607	 -13441.08691	  13447.08691
 8476	 -2212.32153	 -557.65082	 -13295.50098	  13301.50098
 8477	 -2220.09814	 -939.3302	 -13282.31934	  13288.31934
 8478	 -2212.32129	 -917.67041	 -13288.95313	  13294.95313
 8477	 -2220.09814	 -939.3302	 -13282.31934	  13288.31934
 8476	 -2212.32153	 -557.65082	 -13295.50098	  13301.50098
 8479	 -2220.09814	 -534.10553	 -13289.68945	  13295.68945
 8480	 -2021.84998	 -956.84607	 -13441.08691	  13447.08691
 8481	 -2021.84998	 -551.6214	 -13448.45703	  13454.45703
 8482	 -2029.89392	 -573.76898	 -13441.59961	  13447.59961
 8480	 -2021.84998	 -956.84607	 -13441.08691	  13447.08691
 8482	 -2029.89392	 -573.76898	 -13441.59961	  13447.59961
 8483	 -2029.89392	 -933.78857	 -13435.05176	  13441.05176
 8484	 -2021.84998	 -551.6214	 -13448.45703	  13454.45703
 8485	 -2220.09814	 -534.10553	 -13289.68945	  13295.68945
 8486	 -2029.89392	 -573.76898	 -13441.59961	  13447.59961
 8486	 -2029.89392	 -573.76898	 -13441.59961	  13447.59961
 8485	 -2220.09814	 -534.10553	 -13289.68945	  13295.68945
 8487	 -2212.32153	 -557.65082	 -13295.50098	  13301.50098
 8488	 -2055.90503	 -936.3064	 -13457.87402	  13463.87402
 8489	 -2238.33228	 -920.18823	 -13311.77637	  13317.77637
 8490	 -2029.89392	 -933.78857	 -13435.05176	  13441.05176
 8491	 -2212.32129	 -917.67041	 -13288.95313	  13294.95313
 8490	 -2029.89392	 -933.78857	 -13435.05176	  13441.05176
 8489	 -2238.33228	 -920.18823	 -13311.77637	  13317.77637
 8492	 -2212.32153	 -557.65082	 -13295.50098	  13301.50098
 8493	 -2238.33228	 -920.18823	 -13311.77637	  13317.77637
 8494	 -2238.33228	 -560.16864	 -13318.32422	  13324.32422
 8493	 -2238.33228	 -920.18823	 -13311.77637	  13317.77637
 8492	 -2212.32153	 -557.65082	 -13295.50098	  13301.50098
 8495	 -2212.32129	 -917.67041	 -13288.95313	  13294.95313
 8496	 -2055.90503	 -576.2868	 -13464.42188	  13470.42188
 8497	 -2055.90503	 -936.3064	 -13457.87402	  13463.87402
 8498	 -2029.89392	 -573.76898	 -13441.59961	  13447.59961
 8498	 -2029.89392	 -573.76898	 -13441.59961	  13447.59961
 8497	 -2055.90503	 -936.3064	 -13457.87402	  13463.87402
 8499	 -2029.89392	 -933.78857	 -13435.05176	  13441.05176
 8500	 -2055.90503	 -576.2868	 -13464.42188	  13470.42188
 8501	 -2212.32153	 -557.65082	 -13295.50098	  13301.50098
 8502	 -2238.33228	 -560.16864	 -13318.32422	  13324.32422
 8501	 -2212.32153	 -557.65082	 -13295.50098	  13301.50098
 8500	 -2055.90503	 -576.2868	 -13464.42188	  13470.42188
 8503	 -2029.89392	 -573.76898	 -13441.59961	  13447.59961
 8504	 -1527.05029	 -1134.26599	 -13353.14355	  13359.14355
 8505	 -1261.64636	 -1157.71558	 -13565.69531	  13571.69531
 8506	 -1813.54272	 -1161.99854	 -13604.51465	  13610.51465
 8505	 -1261.64636	 -1157.71558	 -13565.69531	  13571.69531
 8507	 -1548.13867	 -1185.44812	 -13817.06641	  13823.06641
 8506	 -1813.54272	 -1161.99854	 -13604.51465	  13610.51465
 8508	 -381.08047	 -1023.33545	 -12347.66016	  12353.66016
 8509	 -932.97766	 -1027.61841	 -12386.48047	  12392.48047
 8510	 -646.4848	 -999.88599	 -12135.10938	  12141.10938
 8509	 -932.97766	 -1027.61841	 -12386.48047	  12392.48047
 8508	 -381.08047	 -1023.33545	 -12347.66016	  12353.66016
 8511	 -667.5733	 -1051.06799	 -12599.03125	  12605.03125
 8512	 -1219.46973	 -1055.35083	 -12637.85059	  12643.85059
 8513	 -1240.55798	 -1106.53333	 -13101.77344	  13107.77344
 8514	 -1505.96204	 -1083.08374	 -12889.22266	  12895.22266
 8513	 -1240.55798	 -1106.53333	 -13101.77344	  13107.77344
 8512	 -1219.46973	 -1055.35083	 -12637.85059	  12643.85059
 8515	 -954.06567	 -1078.80042	 -12850.40234	  12856.40234
 8516	 -1792.45471	 -1110.81628	 -13140.59375	  13146.59375
 8517	 -1813.54272	 -1161.99854	 -13604.51465	  13610.51465
 8518	 -2078.94727	 -1138.54895	 -13391.96484	  13397.96484
 8517	 -1813.54272	 -1161.99854	 -13604.51465	  13610.51465
 8516	 -1792.45471	 -1110.81628	 -13140.59375	  13146.59375
 8519	 -1527.05029	 -1134.26599	 -13353.14355	  13359.14355
 8520	 -1978.58154	 -1094.37122	 -12991.53223	  12997.53223
 8521	 -2078.94727	 -1138.54895	 -13391.96484	  13397.96484
 8522	 -2265.07446	 -1122.10388	 -13242.90332	  13248.90332
 8521	 -2078.94727	 -1138.54895	 -13391.96484	  13397.96484
 8520	 -1978.58154	 -1094.37122	 -12991.53223	  12997.53223
 8523	 -1792.45471	 -1110.81628	 -13140.59375	  13146.59375
 8524	 -1484.87378	 -1031.90137	 -12425.30078	  12431.30078
 8525	 -1219.46973	 -1055.35083	 -12637.85059	  12643.85059
 8526	 -1771.36646	 -1059.63428	 -12676.67188	  12682.67188
 8525	 -1219.46973	 -1055.35083	 -12637.85059	  12643.85059
 8527	 -1505.96204	 -1083.08374	 -12889.22266	  12895.22266
 8526	 -1771.36646	 -1059.63428	 -12676.67188	  12682.67188
 8528	 -423.25732	 -1125.69983	 -13275.50391	  13281.50391
 8529	 -975.15369	 -1129.98279	 -13314.32422	  13320.32422
 8530	 -688.66132	 -1102.25012	 -13062.95215	  13068.95215
 8529	 -975.15369	 -1129.98279	 -13314.32422	  13320.32422
 8528	 -423.25732	 -1125.69983	 -13275.50391	  13281.50391
 8531	 -709.74939	 -1153.43225	 -13526.87402	  13532.87402
 8532	 -1505.96204	 -1083.08374	 -12889.22266	  12895.22266
 8533	 -1240.55798	 -1106.53333	 -13101.77344	  13107.77344
 8534	 -1792.45471	 -1110.81628	 -13140.59375	  13146.59375
 8533	 -1240.55798	 -1106.53333	 -13101.77344	  13107.77344
 8535	 -1527.05029	 -1134.26599	 -13353.14355	  13359.14355
 8534	 -1792.45471	 -1110.81628	 -13140.59375	  13146.59375
 8536	 -1484.87378	 -1031.90137	 -12425.30078	  12431.30078
 8537	 -2036.77051	 -1036.18469	 -12464.12012	  12470.12012
 8538	 -1750.27844	 -1008.4519	 -12212.75	  12218.75
 8537	 -2036.77051	 -1036.18469	 -12464.12012	  12470.12012
 8536	 -1484.87378	 -1031.90137	 -12425.30078	  12431.30078
 8539	 -1771.36646	 -1059.63428	 -12676.67188	  12682.67188
 8540	 -1771.36646	 -1059.63428	 -12676.67188	  12682.67188
 8541	 -2115.80249	 -1043.83496	 -12533.46484	  12539.46484
 8542	 -2036.77051	 -1036.18469	 -12464.12012	  12470.12012
 8541	 -2115.80249	 -1043.83496	 -12533.46484	  12539.46484
 8540	 -1771.36646	 -1059.63428	 -12676.67188	  12682.67188
 8543	 -1850.39807	 -1067.28442	 -12746.01465	  12752.01465
 8544	 -996.2417	 -1181.16504	 -13778.24512	  13784.24512
 8545	 -1548.13867	 -1185.44812	 -13817.06641	  13823.06641
 8546	 -1261.64636	 -1157.71558	 -13565.69531	  13571.69531
 8545	 -1548.13867	 -1185.44812	 -13817.06641	  13823.06641
 8544	 -996.2417	 -1181.16504	 -13778.24512	  13784.24512
 8547	 -1282.73462	 -1208.89758	 -14029.61621	  14035.61621
 8548	 -709.74939	 -1153.43225	 -13526.87402	  13532.87402
 8549	 -1261.64636	 -1157.71558	 -13565.69531	  13571.69531
 8550	 -975.15369	 -1129.98279	 -13314.32422	  13320.32422
 8549	 -1261.64636	 -1157.71558	 -13565.69531	  13571.69531
 8548	 -709.74939	 -1153.43225	 -13526.87402	  13532.87402
 8551	 -996.2417	 -1181.16504	 -13778.24512	  13784.24512
 8552	 -1240.55798	 -1106.53333	 -13101.77344	  13107.77344
 8553	 -975.15369	 -1129.98279	 -13314.32422	  13320.32422
 8554	 -1261.64636	 -1157.71558	 -13565.69531	  13571.69531
 8552	 -1240.55798	 -1106.53333	 -13101.77344	  13107.77344
 8554	 -1261.64636	 -1157.71558	 -13565.69531	  13571.69531
 8555	 -1527.05029	 -1134.26599	 -13353.14355	  13359.14355
 8556	 -954.06567	 -1078.80042	 -12850.40234	  12856.40234
 8557	 -688.66132	 -1102.25012	 -13062.95215	  13068.95215
 8558	 -975.15369	 -1129.98279	 -13314.32422	  13320.32422
 8556	 -954.06567	 -1078.80042	 -12850.40234	  12856.40234
 8558	 -975.15369	 -1129.98279	 -13314.32422	  13320.32422
 8559	 -1240.55798	 -1106.53333	 -13101.77344	  13107.77344
 8560	 -667.5733	 -1051.06799	 -12599.03125	  12605.03125
 8561	 -402.16873	 -1074.51746	 -12811.58203	  12817.58203
 8562	 -954.06567	 -1078.80042	 -12850.40234	  12856.40234
 8561	 -402.16873	 -1074.51746	 -12811.58203	  12817.58203
 8563	 -688.66132	 -1102.25012	 -13062.95215	  13068.95215
 8562	 -954.06567	 -1078.80042	 -12850.40234	  12856.40234
 8564	  149.72765	 -1070.2345	 -12772.76172	  12778.76172
 8565	 -402.16873	 -1074.51746	 -12811.58203	  12817.58203
 8566	 -115.67669	 -1046.78503	 -12560.21094	  12566.21094
 8565	 -402.16873	 -1074.51746	 -12811.58203	  12817.58203
 8564	  149.72765	 -1070.2345	 -12772.76172	  12778.76172
 8567	 -136.76471	 -1097.96704	 -13024.13281	  13030.13281
 8568	 -115.67669	 -1046.78503	 -12560.21094	  12566.21094
 8569	 -667.5733	 -1051.06799	 -12599.03125	  12605.03125
 8570	 -381.08047	 -1023.33545	 -12347.66016	  12353.66016
 8569	 -667.5733	 -1051.06799	 -12599.03125	  12605.03125
 8568	 -115.67669	 -1046.78503	 -12560.21094	  12566.21094
 8571	 -402.16873	 -1074.51746	 -12811.58203	  12817.58203
 8572	 -1177.29321	 -952.98682	 -11710.00781	  11716.00781
 8573	 -911.88885	 -976.4364	 -11922.55859	  11928.55859
 8574	 -1463.78577	 -980.7193	 -11961.37891	  11967.37891
 8573	 -911.88885	 -976.4364	 -11922.55859	  11928.55859
 8575	 -1198.38147	 -1004.16876	 -12173.92969	  12179.92969
 8574	 -1463.78577	 -980.7193	 -11961.37891	  11967.37891
 8576	 -911.88885	 -976.4364	 -11922.55859	  11928.55859
 8577	 -646.4848	 -999.88599	 -12135.10938	  12141.10938
 8578	 -1198.38147	 -1004.16876	 -12173.92969	  12179.92969
 8577	 -646.4848	 -999.88599	 -12135.10938	  12141.10938
 8579	 -932.97766	 -1027.61841	 -12386.48047	  12392.48047
 8578	 -1198.38147	 -1004.16876	 -12173.92969	  12179.92969
 8580	 -136.76471	 -1097.96704	 -13024.13281	  13030.13281
 8581	 -688.66132	 -1102.25012	 -13062.95215	  13068.95215
 8582	 -402.16873	 -1074.51746	 -12811.58203	  12817.58203
 8581	 -688.66132	 -1102.25012	 -13062.95215	  13068.95215
 8580	 -136.76471	 -1097.96704	 -13024.13281	  13030.13281
 8583	 -423.25732	 -1125.69983	 -13275.50391	  13281.50391
 8584	 -932.97766	 -1027.61841	 -12386.48047	  12392.48047
 8585	 -667.5733	 -1051.06799	 -12599.03125	  12605.03125
 8586	 -1219.46973	 -1055.35083	 -12637.85059	  12643.85059
 8585	 -667.5733	 -1051.06799	 -12599.03125	  12605.03125
 8587	 -954.06567	 -1078.80042	 -12850.40234	  12856.40234
 8586	 -1219.46973	 -1055.35083	 -12637.85059	  12643.85059
 8588	 -1198.38147	 -1004.16876	 -12173.92969	  12179.92969
 8589	 -932.97766	 -1027.61841	 -12386.48047	  12392.48047
 8590	 -1484.87378	 -1031.90137	 -12425.30078	  12431.30078
 8589	 -932.97766	 -1027.61841	 -12386.48047	  12392.48047
 8591	 -1219.46973	 -1055.35083	 -12637.85059	  12643.85059
 8590	 -1484.87378	 -1031.90137	 -12425.30078	  12431.30078
 8592	 -1463.78577	 -980.7193	 -11961.37891	  11967.37891
 8593	 -1198.38147	 -1004.16876	 -12173.92969	  12179.92969
 8594	 -1750.27844	 -1008.4519	 -12212.75	  12218.75
 8593	 -1198.38147	 -1004.16876	 -12173.92969	  12179.92969
 8595	 -1484.87378	 -1031.90137	 -12425.30078	  12431.30078
 8594	 -1750.27844	 -1008.4519	 -12212.75	  12218.75
 8596	 -1124.95605	 -198.94662	 -13060.55957	  13066.55957
 8597	 -366.44437	 -125.52297	 -12395.03516	  12401.03516
 8598	 -1127.72668	 -198.70175	 -13058.33984	  13064.33984
 8598	 -1127.72668	 -198.70175	 -13058.33984	  13064.33984
 8597	 -366.44437	 -125.52297	 -12395.03516	  12401.03516
 8599	 -369.21524	 -125.2781	 -12392.81543	  12398.81543
 8600	 -1801.84192	 -1040.36267	 -12760.65527	  12766.65527
 8601	 -1798.84485	 -1060.13171	 -12763.98535	  12769.98535
 8602	 -1794.31091	 -1045.74353	 -12760.88184	  12766.88184
 8601	 -1798.84485	 -1060.13171	 -12763.98535	  12769.98535
 8600	 -1801.84192	 -1040.36267	 -12760.65527	  12766.65527
 8603	 -1801.34119	 -1058.74561	 -12763.69727	  12769.69727
 8604	 -1789.67346	 -643.53192	 -12751.66992	  12757.66992
 8605	 -1790.15625	 -645.9458	 -12753.2334	  12759.2334
 8606	 -1788.57886	 -646.36365	 -12752.2168	  12758.2168
 8607	 -1788.64502	 -643.31781	 -12751.17578	  12757.17578
 8604	 -1789.67346	 -643.53192	 -12751.66992	  12757.66992
 8606	 -1788.57886	 -646.36365	 -12752.2168	  12758.2168
 8608	 -1787.56189	 -643.52216	 -12751.58105	  12757.58105
 8609	 -1788.57886	 -646.36365	 -12752.2168	  12758.2168
 8610	 -1786.88794	 -645.93042	 -12753.09473	  12759.09473
 8611	 -1788.64502	 -643.31781	 -12751.17578	  12757.17578
 8609	 -1788.57886	 -646.36365	 -12752.2168	  12758.2168
 8608	 -1787.56189	 -643.52216	 -12751.58105	  12757.58105
 8612	 -489.08487	 -148.04842	 -12235.37793	  12241.37793
 8613	 -489.08487	  707.71002	 -12250.94141	  12256.94141
 8614	 -873.40442	  741.66608	 -11943.15625	  11949.15625
 8614	 -873.40442	  741.66608	 -11943.15625	  11949.15625
 8615	 -1006.10645	 -102.36765	 -11821.31738	  11827.31738
 8612	 -489.08487	 -148.04842	 -12235.37793	  12241.37793
 8615	 -1006.10645	 -102.36765	 -11821.31738	  11827.31738
 8614	 -873.40442	  741.66608	 -11943.15625	  11949.15625
 8616	 -1006.10645	  488.15002	 -11832.05762	  11838.05762
 8617	 -513.78253	 -150.43932	 -12257.04785	  12263.04785
 8618	 -513.78253	  705.31927	 -12272.61133	  12278.61133
 8619	 -129.46399	  671.3631	 -12580.39551	  12586.39551
 8619	 -129.46399	  671.3631	 -12580.39551	  12586.39551
 8620	  3.23859	 -196.12007	 -12671.10645	  12677.10645
 8617	 -513.78253	 -150.43932	 -12257.04785	  12263.04785
 8620	  3.23859	 -196.12007	 -12671.10645	  12677.10645
 8619	 -129.46399	  671.3631	 -12580.39551	  12586.39551
 8621	  3.23827	  394.39746	 -12681.84766	  12687.84766
 8622	 -1321.72522	  762.79456	 -12940.50293	  12946.50293
 8623	 -1321.72522	 -223.86195	 -12922.55859	  12928.55859
 8624	 -977.04462	  732.3407	 -13216.54199	  13222.54199
 8624	 -977.04462	  732.3407	 -13216.54199	  13222.54199
 8623	 -1321.72522	 -223.86195	 -12922.55859	  12928.55859
 8625	 -798.61584	 -270.08069	 -13341.49316	  13347.49316
 8625	 -798.61584	 -270.08069	 -13341.49316	  13347.49316
 8626	 -798.61621	  359.93796	 -13352.95215	  13358.95215
 8624	 -977.04462	  732.3407	 -13216.54199	  13222.54199
 8626	 -798.61621	  359.93796	 -13352.95215	  13358.95215
 8625	 -798.61584	 -270.08069	 -13341.49316	  13347.49316
 8627	 -632.36407	  12.94938	 -13480.05273	  13486.05273
 8627	 -632.36407	  12.94938	 -13480.05273	  13486.05273
 8625	 -798.61584	 -270.08069	 -13341.49316	  13347.49316
 8628	 -632.36407	 -284.7699	 -13474.6377	  13480.6377
 8629	 -1960.4884	 -1013.14935	 -12506.31641	  12512.31641
 8630	 -1709.55212	 -1027.53687	 -12583.21484	  12589.21484
 8631	 -2005.03467	 -1023.08337	 -12608.36035	  12614.36035
 8630	 -1709.55212	 -1027.53687	 -12583.21484	  12589.21484
 8632	 -1754.09802	 -1037.4707	 -12685.25781	  12691.25781
 8631	 -2005.03467	 -1023.08337	 -12608.36035	  12614.36035
 8632	 -1754.09802	 -1037.4707	 -12685.25781	  12691.25781
 8633	 -2010.04089	 -1047.26331	 -12608.3418	  12614.3418
 8631	 -2005.03467	 -1023.08337	 -12608.36035	  12614.36035
 8633	 -2010.04089	 -1047.26331	 -12608.3418	  12614.3418
 8632	 -1754.09802	 -1037.4707	 -12685.25781	  12691.25781
 8634	 -1750.83533	 -1062.12488	 -12687.77441	  12693.77441
 8635	 -1877.04248	 -1153.54187	 -13534.18848	  13540.18848
 8636	 -1670.67639	 -1136.85291	 -13380.50195	  13386.50195
 8637	 -1672.47998	 -1112.69873	 -13384.73438	  13390.73438
 8635	 -1877.04248	 -1153.54187	 -13534.18848	  13540.18848
 8637	 -1672.47998	 -1112.69873	 -13384.73438	  13390.73438
 8638	 -1872.26294	 -1129.19727	 -13533.51172	  13539.51172
 8639	 -1586.40698	 -1121.72253	 -13465.95117	  13471.95117
 8638	 -1872.26294	 -1129.19727	 -13533.51172	  13539.51172
 8637	 -1672.47998	 -1112.69873	 -13384.73438	  13390.73438
 8638	 -1872.26294	 -1129.19727	 -13533.51172	  13539.51172
 8639	 -1586.40698	 -1121.72253	 -13465.95117	  13471.95117
 8640	 -1786.18994	 -1138.22083	 -13614.72949	  13620.72949
 8641	  27.93595	 -193.72929	 -12649.4375	  12655.4375
 8642	  27.93595	  396.78809	 -12660.17773	  12666.17773
 8643	 -104.76607	  673.75385	 -12558.72559	  12564.72559
 8643	 -104.76607	  673.75385	 -12558.72559	  12564.72559
 8644	 -489.08487	 -148.04842	 -12235.37793	  12241.37793
 8641	  27.93595	 -193.72929	 -12649.4375	  12655.4375
 8644	 -489.08487	 -148.04842	 -12235.37793	  12241.37793
 8643	 -104.76607	  673.75385	 -12558.72559	  12564.72559
 8645	 -489.08487	  707.71002	 -12250.94141	  12256.94141
 8646	 -1030.80383	 -104.75855	 -11842.9873	  11848.9873
 8647	 -1030.80408	  485.75928	 -11853.72754	  11859.72754
 8648	 -898.10162	  739.27533	 -11964.82715	  11970.82715
 8648	 -898.10162	  739.27533	 -11964.82715	  11970.82715
 8649	 -513.78253	 -150.43932	 -12257.04785	  12263.04785
 8646	 -1030.80383	 -104.75855	 -11842.9873	  11848.9873
 8649	 -513.78253	 -150.43932	 -12257.04785	  12263.04785
 8648	 -898.10162	  739.27533	 -11964.82715	  11970.82715
 8650	 -513.78253	  705.31927	 -12272.61133	  12278.61133
 8651	 -333.97937	  1213.66101	 -12384.61035	  12390.61035
 8652	 -333.97937	  576.39386	 -12373.02051	  12379.02051
 8653	 -315.56934	  1204.56958	 -12379.5498	  12385.5498
 8653	 -315.56934	  1204.56958	 -12379.5498	  12385.5498
 8652	 -333.97937	  576.39386	 -12373.02051	  12379.02051
 8654	 -315.56934	  576.93292	 -12368.13477	  12374.13477
 8653	 -315.56934	  1204.56958	 -12379.5498	  12385.5498
 8654	 -315.56934	  576.93292	 -12368.13477	  12374.13477
 8655	 -294.3667	  1153.47021	 -12395.63379	  12401.63379
 8655	 -294.3667	  1153.47021	 -12395.63379	  12401.63379
 8654	 -315.56934	  576.93292	 -12368.13477	  12374.13477
 8656	 -294.3667	  575.05963	 -12385.11426	  12391.11426
 8655	 -294.3667	  1153.47021	 -12395.63379	  12401.63379
 8656	 -294.3667	  575.05963	 -12385.11426	  12391.11426
 8657	 -299.35049	  1141.89258	 -12411.0957	  12417.0957
 8657	 -299.35049	  1141.89258	 -12411.0957	  12417.0957
 8656	 -294.3667	  575.05963	 -12385.11426	  12391.11426
 8658	 -299.35019	  573.33429	 -12400.75391	  12406.75391
 8659	 -160.89531	  853.89948	 -12516.96191	  12522.96191
 8660	 -160.89529	 -201.65053	 -12497.76465	  12503.76465
 8661	 -142.21538	  844.78387	 -12512.11621	  12518.11621
 8661	 -142.21538	  844.78387	 -12512.11621	  12518.11621
 8660	 -160.89529	 -201.65053	 -12497.76465	  12503.76465
 8662	 -142.21536	 -201.13527	 -12493.09375	  12499.09375
 8662	 -142.21536	 -201.13527	 -12493.09375	  12499.09375
 8663	 -121.55234	  793.73218	 -12527.76953	  12533.76953
 8661	 -142.21538	  844.78387	 -12512.11621	  12518.11621
 8663	 -121.55234	  793.73218	 -12527.76953	  12533.76953
 8662	 -142.21536	 -201.13527	 -12493.09375	  12499.09375
 8664	 -121.55202	 -202.96083	 -12509.6416	  12515.6416
 8663	 -121.55234	  793.73218	 -12527.76953	  12533.76953
 8664	 -121.55202	 -202.96083	 -12509.6416	  12515.6416
 8665	 -126.26638	  782.13086	 -12543.44434	  12549.44434
 8665	 -126.26638	  782.13086	 -12543.44434	  12549.44434
 8664	 -121.55202	 -202.96083	 -12509.6416	  12515.6416
 8666	 -126.26637	 -204.7101	 -12525.49707	  12531.49707
 8667	  10.70165	  494.2699	 -12648.12207	  12654.12207
 8668	  10.70222	 -1914.55005	 -12604.31152	  12610.31152
 8669	  29.09926	  485.17923	 -12643.04883	  12649.04883
 8669	  29.09926	  485.17923	 -12643.04883	  12649.04883
 8668	  10.70222	 -1914.55005	 -12604.31152	  12610.31152
 8670	  29.09928	 -1914.00989	 -12599.41504	  12605.41504
 8670	  29.09928	 -1914.00989	 -12599.41504	  12605.41504
 8671	  50.32703	  434.07773	 -12659.1543	  12665.1543
 8669	  29.09926	  485.17923	 -12643.04883	  12649.04883
 8671	  50.32703	  434.07773	 -12659.1543	  12665.1543
 8670	  29.09928	 -1914.00989	 -12599.41504	  12605.41504
 8672	  50.32729	 -1915.88538	 -12616.41602	  12622.41602
 8673	 -2636.29565	 -159.58379	 -12964.09766	  12970.09766
 8674	 -2636.29565	 -1091.95935	 -12947.14063	  12953.14063
 8675	 -2588.63794	 -1091.85901	 -12946.22949	  12952.22949
 8675	 -2588.63794	 -1091.85901	 -12946.22949	  12952.22949
 8676	 -2588.63818	 -120.9601	 -12963.88672	  12969.88672
 8673	 -2636.29565	 -159.58379	 -12964.09766	  12970.09766
 8677	 -2587.55029	 -1096.26624	 -12986.17871	  12992.17871
 8676	 -2588.63818	 -120.9601	 -12963.88672	  12969.88672
 8675	 -2588.63794	 -1091.85901	 -12946.22949	  12952.22949
 8676	 -2588.63818	 -120.9601	 -12963.88672	  12969.88672
 8677	 -2587.55029	 -1096.26624	 -12986.17871	  12992.17871
 8678	 -2587.55029	 -75.68997	 -13004.74023	  13010.74023
 8679	 -1953.58813	  1110.6908	 -13574.92871	  13580.92871
 8680	 -1953.58789	 -452.33539	 -13546.50195	  13552.50195
 8681	 -1971.47681	 -447.99945	 -13551.89551	  13557.89551
 8681	 -1971.47681	 -447.99945	 -13551.89551	  13557.89551
 8682	 -1971.47705	  1119.94788	 -13580.41113	  13586.41113
 8679	 -1953.58813	  1110.6908	 -13574.92871	  13580.92871
 8683	 -1993.72144	 -446.034	 -13534.08105	  13540.08105
 8682	 -1971.47705	  1119.94788	 -13580.41113	  13586.41113
 8681	 -1971.47681	 -447.99945	 -13551.89551	  13557.89551
 8682	 -1971.47705	  1119.94788	 -13580.41113	  13586.41113
 8683	 -1993.72144	 -446.034	 -13534.08105	  13540.08105
 8684	 -1993.72168	  1121.91333	 -13562.5957	  13568.5957
 8684	 -1993.72168	  1121.91333	 -13562.5957	  13568.5957
 8683	 -1993.72144	 -446.034	 -13534.08105	  13540.08105
 8685	 -1988.21704	  1113.75037	 -13547.19629	  13553.19629
 8685	 -1988.21704	  1113.75037	 -13547.19629	  13553.19629
 8683	 -1993.72144	 -446.034	 -13534.08105	  13540.08105
 8686	 -1988.21655	 -449.27585	 -13518.76855	  13524.76855
 8687	 -1953.58789	 -452.33539	 -13546.50195	  13552.50195
 8688	 -1953.58765	 -2015.36145	 -13518.0752	  13524.0752
 8689	 -1971.47681	 -2015.94641	 -13523.37891	  13529.37891
 8689	 -1971.47681	 -2015.94641	 -13523.37891	  13529.37891
 8690	 -1971.47681	 -447.99945	 -13551.89551	  13557.89551
 8687	 -1953.58789	 -452.33539	 -13546.50195	  13552.50195
 8691	 -1993.72144	 -2013.98096	 -13505.56445	  13511.56445
 8690	 -1971.47681	 -447.99945	 -13551.89551	  13557.89551
 8689	 -1971.47681	 -2015.94641	 -13523.37891	  13529.37891
 8690	 -1971.47681	 -447.99945	 -13551.89551	  13557.89551
 8691	 -1993.72144	 -2013.98096	 -13505.56445	  13511.56445
 8692	 -1993.72144	 -446.034	 -13534.08105	  13540.08105
 8691	 -1993.72144	 -2013.98096	 -13505.56445	  13511.56445
 8693	 -1988.21655	 -449.27585	 -13518.76855	  13524.76855
 8692	 -1993.72144	 -446.034	 -13534.08105	  13540.08105
 8693	 -1988.21655	 -449.27585	 -13518.76855	  13524.76855
 8691	 -1993.72144	 -2013.98096	 -13505.56445	  13511.56445
 8694	 -1988.21655	 -2012.30176	 -13490.3418	  13496.3418
 8695	 -2126.1167	  851.58984	 -13431.76855	  13437.76855
 8696	 -2126.1167	  337.3476	 -13422.41602	  13428.41602
 8697	 -2144.70483	  841.43561	 -13436.33691	  13442.33691
 8697	 -2144.70483	  841.43561	 -13436.33691	  13442.33691
 8696	 -2126.1167	  337.3476	 -13422.41602	  13428.41602
 8698	 -2144.70483	  336.82416	 -13427.16016	  13433.16016
 8697	 -2144.70483	  841.43561	 -13436.33691	  13442.33691
 8698	 -2144.70483	  336.82416	 -13427.16016	  13433.16016
 8699	 -2165.55151	  794.05151	 -13418.74707	  13424.74707
 8699	 -2165.55151	  794.05151	 -13418.74707	  13424.74707
 8698	 -2144.70483	  336.82416	 -13427.16016	  13433.16016
 8700	 -2165.55103	  338.6662	 -13410.46387	  13416.46387
 8699	 -2165.55151	  794.05151	 -13418.74707	  13424.74707
 8700	 -2165.55103	  338.6662	 -13410.46387	  13416.46387
 8701	 -2160.74561	  785.94043	 -13402.78613	  13408.78613
 8701	 -2160.74561	  785.94043	 -13402.78613	  13408.78613
 8700	 -2165.55103	  338.6662	 -13410.46387	  13416.46387
 8702	 -2160.74561	  340.40717	 -13394.68359	  13400.68359
 8703	 -1459.60071	  1406.72424	 -13146.01465	  13152.01465
 8704	 -1459.60071	  1188.87817	 -13142.05273	  13148.05273
 8705	 -1476.36853	  1197.19324	 -13148.41699	  13154.41699
 8705	 -1476.36853	  1197.19324	 -13148.41699	  13154.41699
 8706	 -1476.36853	  1415.0072	 -13152.37891	  13158.37891
 8703	 -1459.60071	  1406.72424	 -13146.01465	  13152.01465
 8706	 -1476.36853	  1415.0072	 -13152.37891	  13158.37891
 8705	 -1476.36853	  1197.19324	 -13148.41699	  13154.41699
 8707	 -1500.85498	  1199.35657	 -13128.80664	  13134.80664
 8707	 -1500.85498	  1199.35657	 -13128.80664	  13134.80664
 8708	 -1500.85498	  1417.17053	 -13132.76855	  13138.76855
 8706	 -1476.36853	  1415.0072	 -13152.37891	  13158.37891
 8708	 -1500.85498	  1417.17053	 -13132.76855	  13138.76855
 8707	 -1500.85498	  1199.35657	 -13128.80664	  13134.80664
 8709	 -1494.22961	  1406.19702	 -13118.21582	  13124.21582
 8709	 -1494.22961	  1406.19702	 -13118.21582	  13124.21582
 8707	 -1500.85498	  1199.35657	 -13128.80664	  13134.80664
 8710	 -1494.22961	  1190.25208	 -13114.28809	  13120.28809
 8711	 -1838.13538	  558.18024	 -12854.6377	  12860.6377
 8712	 -1838.13538	 -1075.98975	 -12824.91699	  12830.91699
 8713	 -1846.23096	  559.72186	 -12840.66406	  12846.66406
 8713	 -1846.23096	  559.72186	 -12840.66406	  12846.66406
 8712	 -1838.13538	 -1075.98975	 -12824.91699	  12830.91699
 8714	 -1846.23071	 -1074.44788	 -12810.94238	  12816.94238
 8713	 -1846.23096	  559.72186	 -12840.66406	  12846.66406
 8714	 -1846.23071	 -1074.44788	 -12810.94238	  12816.94238
 8715	 -1838.90454	  561.29669	 -12826.38965	  12832.38965
 8715	 -1838.90454	  561.29669	 -12826.38965	  12832.38965
 8714	 -1846.23071	 -1074.44788	 -12810.94238	  12816.94238
 8716	 -1838.90454	 -1072.87317	 -12796.66895	  12802.66895
 8717	 -1546.10205	 -972.74683	 -12938.01172	  12944.01172
 8718	 -1537.34241	 -963.37421	 -12906.72949	  12912.72949
 8719	 -1537.31055	 -973.47058	 -12906.25391	  12912.25391
 8717	 -1546.10205	 -972.74683	 -12938.01172	  12944.01172
 8719	 -1537.31055	 -973.47058	 -12906.25391	  12912.25391
 8720	 -1546.07007	 -982.84296	 -12937.53516	  12943.53516
 8721	 -1537.34241	 -963.37421	 -12906.72949	  12912.72949
 8722	 -1543.31567	 -971.34729	 -12898.7041	  12904.7041
 8719	 -1537.31055	 -973.47058	 -12906.25391	  12912.25391
 8722	 -1543.31567	 -971.34729	 -12898.7041	  12904.7041
 8721	 -1537.34241	 -963.37421	 -12906.72949	  12912.72949
 8723	 -1543.28894	 -961.25238	 -12899.19141	  12905.19141
 8724	 -1579.22815	 -959.80585	 -12892.20801	  12898.20801
 8722	 -1543.31567	 -971.34729	 -12898.7041	  12904.7041
 8725	 -1543.28894	 -961.25238	 -12899.19141	  12905.19141
 8722	 -1543.31567	 -971.34729	 -12898.7041	  12904.7041
 8724	 -1579.22815	 -959.80585	 -12892.20801	  12898.20801
 8726	 -1579.25439	 -969.90106	 -12891.71973	  12897.71973
 8727	 -1579.22815	 -959.80585	 -12892.20801	  12898.20801
 8728	 -1588.6499	 -971.40466	 -12896.27539	  12902.27539
 8726	 -1579.25439	 -969.90106	 -12891.71973	  12897.71973
 8728	 -1588.6499	 -971.40466	 -12896.27539	  12902.27539
 8727	 -1579.22815	 -959.80585	 -12892.20801	  12898.20801
 8729	 -1588.68164	 -961.30804	 -12896.75293	  12902.75293
 8730	 -1588.68164	 -961.30804	 -12896.75293	  12902.75293
 8731	 -1597.44128	 -970.68066	 -12928.03418	  12934.03418
 8728	 -1588.6499	 -971.40466	 -12896.27539	  12902.27539
 8732	 -1597.40955	 -980.77698	 -12927.55762	  12933.55762
 8728	 -1588.6499	 -971.40466	 -12896.27539	  12902.27539
 8731	 -1597.44128	 -970.68066	 -12928.03418	  12934.03418
 8733	 -1597.44128	 -970.68066	 -12928.03418	  12934.03418
 8734	 -1591.43616	 -972.80389	 -12935.58398	  12941.58398
 8732	 -1597.40955	 -980.77698	 -12927.55762	  12933.55762
 8735	 -1591.40417	 -982.90015	 -12935.10645	  12941.10645
 8732	 -1597.40955	 -980.77698	 -12927.55762	  12933.55762
 8734	 -1591.43616	 -972.80389	 -12935.58398	  12941.58398
 8736	 -1591.43616	 -972.80389	 -12935.58398	  12941.58398
 8737	 -1555.46484	 -984.34644	 -12942.09082	  12948.09082
 8735	 -1591.40417	 -982.90015	 -12935.10645	  12941.10645
 8737	 -1555.46484	 -984.34644	 -12942.09082	  12948.09082
 8736	 -1591.43616	 -972.80389	 -12935.58398	  12941.58398
 8738	 -1555.49695	 -974.25012	 -12942.56836	  12948.56836
 8739	 -1546.10205	 -972.74683	 -12938.01172	  12944.01172
 8737	 -1555.46484	 -984.34644	 -12942.09082	  12948.09082
 8740	 -1555.49695	 -974.25012	 -12942.56836	  12948.56836
 8737	 -1555.46484	 -984.34644	 -12942.09082	  12948.09082
 8739	 -1546.10205	 -972.74683	 -12938.01172	  12944.01172
 8741	 -1546.07007	 -982.84296	 -12937.53516	  12943.53516
 8742	 -1548.94971	 -848.39673	 -12950.33691	  12956.33691
 8743	 -1533.15112	 -1084.23975	 -12891.44922	  12897.44922
 8744	 -1531.35022	 -1085.8501	 -12893.06934	  12899.06934
 8744	 -1531.35022	 -1085.8501	 -12893.06934	  12899.06934
 8745	 -1547.46826	 -847.66748	 -12953.10449	  12959.10449
 8742	 -1548.94971	 -848.39673	 -12950.33691	  12956.33691
 8746	 -1534.94336	 -1085.96387	 -12894.17578	  12900.17578
 8745	 -1547.46826	 -847.66748	 -12953.10449	  12959.10449
 8744	 -1531.35022	 -1085.8501	 -12893.06934	  12899.06934
 8745	 -1547.46826	 -847.66748	 -12953.10449	  12959.10449
 8746	 -1534.94336	 -1085.96387	 -12894.17578	  12900.17578
 8747	 -1550.70105	 -850.7229	 -12953.24902	  12959.24902
 8748	 -1455.06091	 -937.52551	 -13061.94922	  13067.94922
 8749	 -1433.74146	 -937.92285	 -13065.55078	  13071.55078
 8750	 -1448.12329	 -1053.65894	 -13077.14941	  13083.14941
 8751	 -1469.4425	 -939.03418	 -13075.62402	  13081.62402
 8748	 -1455.06091	 -937.52551	 -13061.94922	  13067.94922
 8750	 -1448.12329	 -1053.65894	 -13077.14941	  13083.14941
 8752	 -1462.505	 -940.94031	 -13092.90234	  13098.90234
 8751	 -1469.4425	 -939.03418	 -13075.62402	  13081.62402
 8750	 -1448.12329	 -1053.65894	 -13077.14941	  13083.14941
 8753	 -696.88782	 -969.92175	 -13355.5957	  13361.5957
 8754	 -702.03625	 -971.87585	 -13373.30859	  13379.30859
 8755	 -717.76147	 -1084.71375	 -13358.6377	  13364.6377
 8756	 -712.61304	 -968.53235	 -13343.00195	  13349.00195
 8753	 -696.88782	 -969.92175	 -13355.5957	  13361.5957
 8755	 -717.76147	 -1084.71375	 -13358.6377	  13364.6377
 8757	 -733.48645	 -969.09705	 -13348.12109	  13354.12109
 8756	 -712.61304	 -968.53235	 -13343.00195	  13349.00195
 8755	 -717.76147	 -1084.71375	 -13358.6377	  13364.6377
 8758	 -1575.2677	 -1028.42346	 -12849.47461	  12855.47461
 8759	 -1549.63098	 -1084.40186	 -12851.53125	  12857.53125
 8760	 -1545.92285	 -1079.38928	 -12852.00293	  12858.00293
 8758	 -1575.2677	 -1028.42346	 -12849.47461	  12855.47461
 8760	 -1545.92285	 -1079.38928	 -12852.00293	  12858.00293
 8761	 -1571.56018	 -1023.41101	 -12849.94824	  12855.94824
 8762	 -1549.00806	 -1079.68799	 -12854.70996	  12860.70996
 8761	 -1571.56018	 -1023.41101	 -12849.94824	  12855.94824
 8760	 -1545.92285	 -1079.38928	 -12852.00293	  12858.00293
 8762	 -1549.00806	 -1079.68799	 -12854.70996	  12860.70996
 8763	 -1574.64539	 -1023.70959	 -12852.6543	  12858.6543
 8761	 -1571.56018	 -1023.41101	 -12849.94824	  12855.94824
 8762	 -1549.00806	 -1079.68799	 -12854.70996	  12860.70996
 8764	 -1575.2677	 -1028.42346	 -12849.47461	  12855.47461
 8763	 -1574.64539	 -1023.70959	 -12852.6543	  12858.6543
 8764	 -1575.2677	 -1028.42346	 -12849.47461	  12855.47461
 8762	 -1549.00806	 -1079.68799	 -12854.70996	  12860.70996
 8765	 -1549.63098	 -1084.40186	 -12851.53125	  12857.53125
 8766	 -1600.61975	 -931.86639	 -12830.90039	  12836.90039
 8767	 -1620.48511	 -851.53491	 -12813.55566	  12819.55566
 8768	 -1597.9751	 -932.42273	 -12830.15527	  12836.15527
 8769	 -1618.24731	 -849.87347	 -12812.78516	  12818.78516
 8768	 -1597.9751	 -932.42273	 -12830.15527	  12836.15527
 8767	 -1620.48511	 -851.53491	 -12813.55566	  12819.55566
 8768	 -1597.9751	 -932.42273	 -12830.15527	  12836.15527
 8769	 -1618.24731	 -849.87347	 -12812.78516	  12818.78516
 8770	 -1599.94519	 -935.06891	 -12829.49707	  12835.49707
 8771	 -1619.7699	 -852.5899	 -12811.98633	  12817.98633
 8770	 -1599.94519	 -935.06891	 -12829.49707	  12835.49707
 8769	 -1618.24731	 -849.87347	 -12812.78516	  12818.78516
 8771	 -1619.7699	 -852.5899	 -12811.98633	  12817.98633
 8772	 -1600.61975	 -931.86639	 -12830.90039	  12836.90039
 8770	 -1599.94519	 -935.06891	 -12829.49707	  12835.49707
 8772	 -1600.61975	 -931.86639	 -12830.90039	  12836.90039
 8771	 -1619.7699	 -852.5899	 -12811.98633	  12817.98633
 8773	 -1620.48511	 -851.53491	 -12813.55566	  12819.55566
 8774	 -1824.66992	 -213.51486	 -12828.76563	  12834.76563
 8775	 -2169.35107	 -183.06088	 -12552.72559	  12558.72559
 8776	 -1824.67017	  475.42264	 -12841.2959	  12847.2959
 8777	 -2169.35107	  62.98811	 -12557.20117	  12563.20117
 8776	 -1824.67017	  475.42264	 -12841.2959	  12847.2959
 8775	 -2169.35107	 -183.06088	 -12552.72559	  12558.72559
 8776	 -1824.67017	  475.42264	 -12841.2959	  12847.2959
 8777	 -2169.35107	  62.98811	 -12557.20117	  12563.20117
 8778	 -1824.67041	  535.70465	 -12842.3916	  12848.3916
 8777	 -2169.35107	  62.98811	 -12557.20117	  12563.20117
 8779	 -1824.67041	  721.47162	 -12845.77051	  12851.77051
 8778	 -1824.67041	  535.70465	 -12842.3916	  12848.3916
 8780	 -1789.33728	 -839.63654	 -12760.98438	  12766.98438
 8781	 -1786.65735	 -848.73853	 -12771.78906	  12777.78906
 8782	 -1784.89404	 -839.29333	 -12759.45605	  12765.45605
 8781	 -1786.65735	 -848.73853	 -12771.78906	  12777.78906
 8783	 -1787.96997	 -923.29608	 -12765.08203	  12771.08203
 8782	 -1784.89404	 -839.29333	 -12759.45605	  12765.45605
 8782	 -1784.89404	 -839.29333	 -12759.45605	  12765.45605
 8783	 -1787.96997	 -923.29608	 -12765.08203	  12771.08203
 8784	 -1786.57922	 -927.75806	 -12758.87012	  12764.87012
 8785	 -1774.18408	 -744.89075	 -12771.18945	  12777.18945
 8786	 -1780.62268	 -746.64343	 -12772.21387	  12778.21387
 8787	 -1776.17261	 -697.79327	 -12775.04004	  12781.04004
 8788	 -1770.32178	 -697.63782	 -12774.89551	  12780.89551
 8785	 -1774.18408	 -744.89075	 -12771.18945	  12777.18945
 8787	 -1776.17261	 -697.79327	 -12775.04004	  12781.04004
 8788	 -1770.32178	 -697.63782	 -12774.89551	  12780.89551
 8787	 -1776.17261	 -697.79327	 -12775.04004	  12781.04004
 8789	 -1774.34644	 -690.35242	 -12773.12891	  12779.12891
 8789	 -1774.34644	 -690.35242	 -12773.12891	  12779.12891
 8790	 -1769.63843	 -697.46143	 -12768.9834	  12774.9834
 8788	 -1770.32178	 -697.63782	 -12774.89551	  12780.89551
 8790	 -1769.63843	 -697.46143	 -12768.9834	  12774.9834
 8789	 -1774.34644	 -690.35242	 -12773.12891	  12779.12891
 8791	 -1772.14075	 -693.48981	 -12767.27539	  12773.27539
 8791	 -1772.14075	 -693.48981	 -12767.27539	  12773.27539
 8792	 -1770.71069	 -715.13837	 -12763.42578	  12769.42578
 8790	 -1769.63843	 -697.46143	 -12768.9834	  12774.9834
 8792	 -1770.71069	 -715.13837	 -12763.42578	  12769.42578
 8791	 -1772.14075	 -693.48981	 -12767.27539	  12773.27539
 8793	 -1773.62085	 -709.79926	 -12758.04492	  12764.04492
 8794	 -791.98688	 -913.22485	 -12598.89355	  12604.89355
 8795	 -787.01099	 -925.88336	 -12580.35254	  12586.35254
 8796	 -788.24304	 -911.57019	 -12585.14648	  12591.14648
 8797	 -787.68359	 -941.6416	 -12582.54004	  12588.54004
 8795	 -787.01099	 -925.88336	 -12580.35254	  12586.35254
 8794	 -791.98688	 -913.22485	 -12598.89355	  12604.89355
 8794	 -791.98688	 -913.22485	 -12598.89355	  12604.89355
 8798	 -791.49817	 -1049.00806	 -12594.62598	  12600.62598
 8797	 -787.68359	 -941.6416	 -12582.54004	  12588.54004
 8797	 -787.68359	 -941.6416	 -12582.54004	  12588.54004
 8798	 -791.49817	 -1049.00806	 -12594.62598	  12600.62598
 8799	 -788.07196	 -1047.61987	 -12582.04395	  12588.04395
 8800	 -833.07501	 -929.87006	 -12749.76758	  12755.76758
 8801	 -836.8194	 -931.24933	 -12763.52148	  12769.52148
 8802	 -838.12372	 -947.00464	 -12768.0332	  12774.0332
 8803	 -837.37878	 -961.77399	 -12765.02344	  12771.02344
 8800	 -833.07501	 -929.87006	 -12749.76758	  12755.76758
 8802	 -838.12372	 -947.00464	 -12768.0332	  12774.0332
 8804	 -833.5639	 -1066.04932	 -12749.08984	  12755.08984
 8800	 -833.07501	 -929.87006	 -12749.76758	  12755.76758
 8803	 -837.37878	 -961.77399	 -12765.02344	  12771.02344
 8804	 -833.5639	 -1066.04932	 -12749.08984	  12755.08984
 8803	 -837.37878	 -961.77399	 -12765.02344	  12771.02344
 8805	 -836.99017	 -1067.4375	 -12761.67285	  12767.67285
 8806	 -1420.3689	 -744.93042	 -12964.25391	  12970.25391
 8807	 -1429.02283	 -753.659	 -12954.04199	  12960.04199
 8808	 -1426.84644	 -744.10193	 -12956.74512	  12962.74512
 8806	 -1420.3689	 -744.93042	 -12964.25391	  12970.25391
 8809	 -1420.3689	 -821.74188	 -12962.85742	  12968.85742
 8807	 -1429.02283	 -753.659	 -12954.04199	  12960.04199
 8807	 -1429.02283	 -753.659	 -12954.04199	  12960.04199
 8809	 -1420.3689	 -821.74188	 -12962.85742	  12968.85742
 8810	 -1429.02283	 -820.63495	 -12952.82422	  12958.82422
 8811	 -1374.94214	 -750.04266	 -12921.2627	  12927.2627
 8812	 -1366.28796	 -741.31396	 -12931.47363	  12937.47363
 8813	 -1372.76538	 -740.48547	 -12923.96387	  12929.96387
 8814	 -1366.28796	 -818.12543	 -12930.07715	  12936.07715
 8812	 -1366.28796	 -741.31396	 -12931.47363	  12937.47363
 8811	 -1374.94214	 -750.04266	 -12921.2627	  12927.2627
 8811	 -1374.94214	 -750.04266	 -12921.2627	  12927.2627
 8815	 -1374.94214	 -817.01862	 -12920.04492	  12926.04492
 8814	 -1366.28796	 -818.12543	 -12930.07715	  12936.07715
 8816	 -471.77383	 -184.78751	 -12248.60352	  12254.60352
 8817	 -466.88324	 -1870.18774	 -12202.2041	  12208.2041
 8818	 -471.77353	 -1871.92139	 -12217.91797	  12223.91797
 8817	 -466.88324	 -1870.18774	 -12202.2041	  12208.2041
 8816	 -471.77383	 -184.78751	 -12248.60352	  12254.60352
 8819	 -466.88324	 -178.57022	 -12232.96973	  12238.96973
 8820	 -466.88324	 -178.57022	 -12232.96973	  12238.96973
 8821	 -487.89923	 -1868.33093	 -12185.37402	  12191.37402
 8817	 -466.88324	 -1870.18774	 -12202.2041	  12208.2041
 8821	 -487.89923	 -1868.33093	 -12185.37402	  12191.37402
 8820	 -466.88324	 -178.57022	 -12232.96973	  12238.96973
 8822	 -487.89948	 -176.71341	 -12216.13965	  12222.13965
 8821	 -487.89923	 -1868.33093	 -12185.37402	  12191.37402
 8822	 -487.89948	 -176.71341	 -12216.13965	  12222.13965
 8823	 -506.40271	 -183.52121	 -12220.83691	  12226.83691
 8823	 -506.40271	 -183.52121	 -12220.83691	  12226.83691
 8824	 -506.40247	 -1868.86182	 -12190.18555	  12196.18555
 8821	 -487.89923	 -1868.33093	 -12185.37402	  12191.37402
 8825	 -1310.8678	 -1026.54517	 -12376.75098	  12382.75098
 8826	 -1380.78516	 -417.388	 -12449.2998	  12455.2998
 8827	 -1380.78516	 -1033.31311	 -12438.09766	  12444.09766
 8825	 -1310.8678	 -1026.54517	 -12376.75098	  12382.75098
 8828	 -1310.8678	  132.34555	 -12397.82813	  12403.82813
 8826	 -1380.78516	 -417.388	 -12449.2998	  12455.2998
 8828	 -1310.8678	  132.34555	 -12397.82813	  12403.82813
 8829	 -1502.68689	 -429.18848	 -12556.25684	  12562.25684
 8826	 -1380.78516	 -417.388	 -12449.2998	  12455.2998
 8829	 -1502.68689	 -429.18848	 -12556.25684	  12562.25684
 8828	 -1310.8678	  132.34555	 -12397.82813	  12403.82813
 8830	 -1788.35535	  86.12452	 -12816.78027	  12822.78027
 8830	 -1788.35535	  86.12452	 -12816.78027	  12822.78027
 8831	 -1788.3551	 -1072.76648	 -12795.70313	  12801.70313
 8829	 -1502.68689	 -429.18848	 -12556.25684	  12562.25684
 8829	 -1502.68689	 -429.18848	 -12556.25684	  12562.25684
 8831	 -1788.3551	 -1072.76648	 -12795.70313	  12801.70313
 8832	 -1502.68665	 -1045.11353	 -12545.05469	  12551.05469
 8833	 -1951.36157	 -469.2204	 -12935.50	  12941.50
 8834	 -1951.36157	 -1086.95007	 -12924.26465	  12930.26465
 8835	 -1824.66968	 -1074.68628	 -12813.10352	  12819.10352
 8835	 -1824.66968	 -1074.68628	 -12813.10352	  12819.10352
 8836	 -1824.66992	 -213.51486	 -12828.76563	  12834.76563
 8833	 -1951.36157	 -469.2204	 -12935.50	  12941.50
 8836	 -1824.66992	 -213.51486	 -12828.76563	  12834.76563
 8837	 -2179.18384	 -491.27386	 -13135.3916	  13141.3916
 8833	 -1951.36157	 -469.2204	 -12935.50	  12941.50
 8837	 -2179.18384	 -491.27386	 -13135.3916	  13141.3916
 8836	 -1824.66992	 -213.51486	 -12828.76563	  12834.76563
 8838	 -2315.62329	 -261.03931	 -13259.53223	  13265.53223
 8837	 -2179.18384	 -491.27386	 -13135.3916	  13141.3916
 8838	 -2315.62329	 -261.03931	 -13259.53223	  13265.53223
 8839	 -2315.62329	 -1122.21069	 -13243.87012	  13249.87012
 8837	 -2179.18384	 -491.27386	 -13135.3916	  13141.3916
 8839	 -2315.62329	 -1122.21069	 -13243.87012	  13249.87012
 8840	 -2179.13232	 -1108.99829	 -13124.1123	  13130.1123
 8841	 -1363.5509	 -418.91071	 -12463.10156	  12469.10156
 8842	 -1277.16907	 -1026.474	 -12376.10742	  12382.10742
 8843	 -1363.5509	 -1034.83582	 -12451.89941	  12457.89941
 8844	 -1277.16956	 -165.30269	 -12391.76953	  12397.76953
 8842	 -1277.16907	 -1026.474	 -12376.10742	  12382.10742
 8841	 -1363.5509	 -418.91071	 -12463.10156	  12469.10156
 8845	 -1485.45276	 -430.7113	 -12570.05957	  12576.05957
 8844	 -1277.16956	 -165.30269	 -12391.76953	  12397.76953
 8841	 -1363.5509	 -418.91071	 -12463.10156	  12469.10156
 8846	 -1779.35425	 -213.91455	 -12832.39063	  12838.39063
 8844	 -1277.16956	 -165.30269	 -12391.76953	  12397.76953
 8845	 -1485.45276	 -430.7113	 -12570.05957	  12576.05957
 8845	 -1485.45276	 -430.7113	 -12570.05957	  12576.05957
 8847	 -1779.354	 -1075.08618	 -12816.72852	  12822.72852
 8846	 -1779.35425	 -213.91455	 -12832.39063	  12838.39063
 8847	 -1779.354	 -1075.08618	 -12816.72852	  12822.72852
 8845	 -1485.45276	 -430.7113	 -12570.05957	  12576.05957
 8848	 -1485.45239	 -1046.63623	 -12558.85645	  12564.85645
 8849	 -111.29639	 -481.53223	 -13012.95313	  13018.95313
 8850	 -149.85533	 -1099.23438	 -13035.61816	  13041.61816
 8851	 -111.29614	 -1095.50195	 -13001.78613	  13007.78613
 8852	 -149.85533	 -238.06274	 -13051.28027	  13057.28027
 8850	 -149.85533	 -1099.23438	 -13035.61816	  13041.61816
 8849	 -111.29639	 -481.53223	 -13012.95313	  13018.95313
 8853	  7.87425	 -469.99622	 -12908.39258	  12914.39258
 8852	 -149.85533	 -238.06274	 -13051.28027	  13057.28027
 8849	 -111.29639	 -481.53223	 -13012.95313	  13018.95313
 8854	  149.72789	 -209.06294	 -12788.42383	  12794.42383
 8852	 -149.85533	 -238.06274	 -13051.28027	  13057.28027
 8853	  7.87425	 -469.99622	 -12908.39258	  12914.39258
 8853	  7.87425	 -469.99622	 -12908.39258	  12914.39258
 8855	  149.72765	 -1070.2345	 -12772.76172	  12778.76172
 8854	  149.72789	 -209.06294	 -12788.42383	  12794.42383
 8855	  149.72765	 -1070.2345	 -12772.76172	  12778.76172
 8853	  7.87425	 -469.99622	 -12908.39258	  12914.39258
 8856	  7.87401	 -1083.96594	 -12897.22559	  12903.22559
 8857	 -2265.07446	 -1122.10388	 -13242.90332	  13248.90332
 8858	 -2153.33301	 -493.55792	 -13156.0957	  13162.0957
 8859	 -2153.28101	 -1111.28235	 -13144.81445	  13150.81445
 8857	 -2265.07446	 -1122.10388	 -13242.90332	  13248.90332
 8860	 -2265.07471	 -210.4924	 -13259.4834	  13265.4834
 8858	 -2153.33301	 -493.55792	 -13156.0957	  13162.0957
 8860	 -2265.07471	 -210.4924	 -13259.4834	  13265.4834
 8861	 -1925.51025	 -471.50446	 -12956.20215	  12962.20215
 8858	 -2153.33301	 -493.55792	 -13156.0957	  13162.0957
 8860	 -2265.07471	 -210.4924	 -13259.4834	  13265.4834
 8862	 -1795.81885	 -165.06848	 -12847.75488	  12853.75488
 8861	 -1925.51025	 -471.50446	 -12956.20215	  12962.20215
 8862	 -1795.81885	 -165.06848	 -12847.75488	  12853.75488
 8863	 -1795.81885	 -1076.67993	 -12831.1748	  12837.1748
 8861	 -1925.51025	 -471.50446	 -12956.20215	  12962.20215
 8861	 -1925.51025	 -471.50446	 -12956.20215	  12962.20215
 8863	 -1795.81885	 -1076.67993	 -12831.1748	  12837.1748
 8864	 -1925.51025	 -1089.23389	 -12944.9668	  12950.9668
 8865	 -639.12921	  1233.15735	 -12120.42383	  12126.42383
 8866	 -643.98444	  603.784	 -12124.75098	  12130.75098
 8867	 -643.98468	  1241.05115	 -12136.34082	  12142.34082
 8866	 -643.98444	  603.784	 -12124.75098	  12130.75098
 8865	 -639.12921	  1233.15735	 -12120.42383	  12126.42383
 8868	 -639.12872	  605.52069	 -12109.00977	  12115.00977
 8869	 -660.07532	  1185.78198	 -12102.75391	  12108.75391
 8868	 -639.12872	  605.52069	 -12109.00977	  12115.00977
 8865	 -639.12921	  1233.15735	 -12120.42383	  12126.42383
 8868	 -639.12872	  605.52069	 -12109.00977	  12115.00977
 8869	 -660.07532	  1185.78198	 -12102.75391	  12108.75391
 8870	 -660.07532	  607.3714	 -12092.23438	  12098.23438
 8871	 -678.61359	  1175.40198	 -12107.35938	  12113.35938
 8870	 -660.07532	  607.3714	 -12092.23438	  12098.23438
 8869	 -660.07532	  1185.78198	 -12102.75391	  12108.75391
 8870	 -660.07532	  607.3714	 -12092.23438	  12098.23438
 8871	 -678.61359	  1175.40198	 -12107.35938	  12113.35938
 8872	 -678.61359	  606.84357	 -12097.01855	  12103.01855
 8873	 -811.64337	  903.9306	 -11976.00	  11982.00
 8874	 -816.53223	 -143.72231	 -11972.69238	  11978.69238
 8875	 -816.53223	  911.8277	 -11991.88965	  11997.88965
 8874	 -816.53223	 -143.72231	 -11972.69238	  11978.69238
 8873	 -811.64337	  903.9306	 -11976.00	  11982.00
 8876	 -811.64337	 -141.98854	 -11956.97754	  11962.97754
 8877	 -832.65607	  856.56104	 -11958.27734	  11964.27734
 8876	 -811.64337	 -141.98854	 -11956.97754	  11962.97754
 8873	 -811.64337	  903.9306	 -11976.00	  11982.00
 8876	 -811.64337	 -141.98854	 -11956.97754	  11962.97754
 8877	 -832.65607	  856.56104	 -11958.27734	  11964.27734
 8878	 -832.65607	 -140.1321	 -11940.15039	  11946.15039
 8879	 -851.16119	  846.17822	 -11962.90723	  11968.90723
 8878	 -832.65607	 -140.1321	 -11940.15039	  11946.15039
 8877	 -832.65607	  856.56104	 -11958.27734	  11964.27734
 8878	 -832.65607	 -140.1321	 -11940.15039	  11946.15039
 8879	 -851.16119	  846.17822	 -11962.90723	  11968.90723
 8880	 -851.16095	 -140.66273	 -11944.96094	  11950.96094
 8881	 -983.57068	  574.65277	 -11832.0459	  11838.0459
 8882	 -988.87256	 -1826.23364	 -11803.7959	  11809.7959
 8883	 -988.87256	  582.5863	 -11847.60547	  11853.60547
 8882	 -988.87256	 -1826.23364	 -11803.7959	  11809.7959
 8881	 -983.57068	  574.65277	 -11832.0459	  11838.0459
 8884	 -983.57043	 -1824.53638	 -11788.41211	  11794.41211
 8885	 -1005.41003	  527.35632	 -11813.66211	  11819.66211
 8884	 -983.57043	 -1824.53638	 -11788.41211	  11794.41211
 8881	 -983.57068	  574.65277	 -11832.0459	  11838.0459
 8884	 -983.57043	 -1824.53638	 -11788.41211	  11794.41211
 8885	 -1005.41003	  527.35632	 -11813.66211	  11819.66211
 8886	 -1005.40973	 -1822.60681	 -11770.92188	  11776.92188
 8887	 -1023.50171	  516.93689	 -11818.62305	  11824.62305
 8886	 -1005.40973	 -1822.60681	 -11770.92188	  11776.92188
 8885	 -1005.41003	  527.35632	 -11813.66211	  11819.66211
 8886	 -1005.40973	 -1822.60681	 -11770.92188	  11776.92188
 8887	 -1023.50171	  516.93689	 -11818.62305	  11824.62305
 8888	 -1023.50116	 -1823.17395	 -11776.0625	  11782.0625
 8889	 -1306.27295	 -2072.56885	 -14036.60938	  14042.60938
 8890	 -1258.61523	 -290.5513	 -14068.10645	  14074.10645
 8891	 -1306.27332	 -240.69745	 -14069.92676	  14075.92676
 8890	 -1258.61523	 -290.5513	 -14068.10645	  14074.10645
 8889	 -1306.27295	 -2072.56885	 -14036.60938	  14042.60938
 8892	 -1258.61548	 -2072.46826	 -14035.69727	  14041.69727
 8890	 -1258.61523	 -290.5513	 -14068.10645	  14074.10645
 8892	 -1258.61548	 -2072.46826	 -14035.69727	  14041.69727
 8893	 -1257.5282	 -342.80637	 -14107.18652	  14113.18652
 8893	 -1257.5282	 -342.80637	 -14107.18652	  14113.18652
 8892	 -1258.61548	 -2072.46826	 -14035.69727	  14041.69727
 8894	 -1257.52783	 -2076.87573	 -14075.64746	  14081.64746
 8895	 -1305.18567	 -2076.97632	 -14076.55859	  14082.55859
 8896	 -1257.5282	 -342.80637	 -14107.18652	  14113.18652
 8897	 -1257.52783	 -2076.87573	 -14075.64746	  14081.64746
 8896	 -1257.5282	 -342.80637	 -14107.18652	  14113.18652
 8895	 -1305.18567	 -2076.97632	 -14076.55859	  14082.55859
 8898	 -1305.18591	 -295.05923	 -14108.96777	  14114.96777
 8899	 -1306.27295	 -2072.56885	 -14036.60938	  14042.60938
 8898	 -1305.18591	 -295.05923	 -14108.96777	  14114.96777
 8895	 -1305.18567	 -2076.97632	 -14076.55859	  14082.55859
 8898	 -1305.18591	 -295.05923	 -14108.96777	  14114.96777
 8899	 -1306.27295	 -2072.56885	 -14036.60938	  14042.60938
 8900	 -1306.27332	 -240.69745	 -14069.92676	  14075.92676
 8901	 -2636.29565	 -159.58379	 -12964.09766	  12970.09766
 8902	 -2635.20776	 -1096.36743	 -12987.09082	  12993.09082
 8903	 -2636.29565	 -1091.95935	 -12947.14063	  12953.14063
 8902	 -2635.20776	 -1096.36743	 -12987.09082	  12993.09082
 8901	 -2636.29565	 -159.58379	 -12964.09766	  12970.09766
 8904	 -2635.20776	 -125.4683	 -13004.74902	  13010.74902
 8904	 -2635.20776	 -125.4683	 -13004.74902	  13010.74902
 8905	 -2587.55029	 -1096.26624	 -12986.17871	  12992.17871
 8902	 -2635.20776	 -1096.36743	 -12987.09082	  12993.09082
 8905	 -2587.55029	 -1096.26624	 -12986.17871	  12992.17871
 8904	 -2635.20776	 -125.4683	 -13004.74902	  13010.74902
 8906	 -2587.55029	 -75.68997	 -13004.74023	  13010.74023
 8907	 -2292.3728	  489.14731	 -13252.7334	  13258.7334
 8908	 -2291.28516	 -755.29401	 -13270.13184	  13276.13184
 8909	 -2291.2854	  532.52039	 -13293.55273	  13299.55273
 8908	 -2291.28516	 -755.29401	 -13270.13184	  13276.13184
 8907	 -2292.3728	  489.14731	 -13252.7334	  13258.7334
 8910	 -2292.3728	 -750.88635	 -13230.18164	  13236.18164
 8911	 -2340.03076	  444.81152	 -13252.8418	  13258.8418
 8910	 -2292.3728	 -750.88635	 -13230.18164	  13236.18164
 8907	 -2292.3728	  489.14731	 -13252.7334	  13258.7334
 8910	 -2292.3728	 -750.88635	 -13230.18164	  13236.18164
 8911	 -2340.03076	  444.81152	 -13252.8418	  13258.8418
 8912	 -2340.03076	 -750.98712	 -13231.09375	  13237.09375
 8913	 -2340.03076	  444.81152	 -13252.8418	  13258.8418
 8914	 -2338.94312	 -755.39459	 -13271.04297	  13277.04297
 8915	 -2340.03076	 -750.98712	 -13231.09375	  13237.09375
 8916	 -2338.94312	  484.63925	 -13293.59473	  13299.59473
 8914	 -2338.94312	 -755.39459	 -13271.04297	  13277.04297
 8913	 -2340.03076	  444.81152	 -13252.8418	  13258.8418
 8916	 -2338.94312	  484.63925	 -13293.59473	  13299.59473
 8917	 -2291.28516	 -755.29401	 -13270.13184	  13276.13184
