 1225	 -21.1007	 -257.09235	 -222.58463	  228.58463
 1219	 -21.00879	 -256.75021	 -220.77837	  226.77837
 1228	 -20.31827	 -255.05765	 -220.48891	  226.48891
 1227	 -21.22301	 -255.79489	 -221.51927	  227.51927
 1229	 -20.7604	 -256.10434	 -222.49776	  228.49776
 1226	 -19.95538	 -257.35007	 -222.81113	  228.81113
 1225	 -21.1007	 -257.09235	 -222.58463	  228.58463
 1227	 -21.22301	 -255.79489	 -221.51927	  227.51927
 1229	 -20.7604	 -256.10434	 -222.49776	  228.49776
 1225	 -21.1007	 -257.09235	 -222.58463	  228.58463
 1228	 -20.31827	 -255.05765	 -220.48891	  226.48891
 1230	 -20.42872	 -253.96362	 -221.29256	  227.29256
 1227	 -21.22301	 -255.79489	 -221.51927	  227.51927
 1228	 -20.31827	 -255.05765	 -220.48891	  226.48891
 254	 -19.16098	 -252.96118	 -219.75647	  225.75647
 1230	 -20.42872	 -253.96362	 -221.29256	  227.29256
 1229	 -20.7604	 -256.10434	 -222.49776	  228.49776
 1227	 -21.22301	 -255.79489	 -221.51927	  227.51927
 1231	 -20.10389	 -253.93997	 -222.40349	  228.40349
 1227	 -21.22301	 -255.79489	 -221.51927	  227.51927
 1230	 -20.42872	 -253.96362	 -221.29256	  227.29256
 1231	 -20.10389	 -253.93997	 -222.40349	  228.40349
 1231	 -20.10389	 -253.93997	 -222.40349	  228.40349
 1226	 -19.95538	 -257.35007	 -222.81113	  228.81113
 1229	 -20.7604	 -256.10434	 -222.49776	  228.49776
 254	 -19.16098	 -252.96118	 -219.75647	  225.75647
 1232	 -19.66546	 -252.09418	 -221.0925	  227.0925
 1230	 -20.42872	 -253.96362	 -221.29256	  227.29256
 1232	 -19.66546	 -252.09418	 -221.0925	  227.0925
 1231	 -20.10389	 -253.93997	 -222.40349	  228.40349
 1230	 -20.42872	 -253.96362	 -221.29256	  227.29256
 254	 -19.16098	 -252.96118	 -219.75647	  225.75647
 259	 -18.5013	 -250.18512	 -220.56548	  226.56548
 1232	 -19.66546	 -252.09418	 -221.0925	  227.0925
 1231	 -20.10389	 -253.93997	 -222.40349	  228.40349
 1233	 -19.33597	 -255.0536	 -222.75911	  228.75911
 1226	 -19.95538	 -257.35007	 -222.81113	  228.81113
 1234	 -19.33076	 -251.80325	 -222.3073	  228.3073
 1232	 -19.66546	 -252.09418	 -221.0925	  227.0925
 259	 -18.5013	 -250.18512	 -220.56548	  226.56548
 1232	 -19.66546	 -252.09418	 -221.0925	  227.0925
 1234	 -19.33076	 -251.80325	 -222.3073	  228.3073
 1231	 -20.10389	 -253.93997	 -222.40349	  228.40349
 1235	 -18.73206	 -255.80032	 -222.95351	  228.95351
 1226	 -19.95538	 -257.35007	 -222.81113	  228.81113
 1233	 -19.33597	 -255.0536	 -222.75911	  228.75911
 1224	 -19.25907	 -258.10718	 -222.4677	  228.4677
 1226	 -19.95538	 -257.35007	 -222.81113	  228.81113
 1235	 -18.73206	 -255.80032	 -222.95351	  228.95351
 1236	 -18.59142	 -252.72275	 -222.78978	  228.78978
 1233	 -19.33597	 -255.0536	 -222.75911	  228.75911
 1231	 -20.10389	 -253.93997	 -222.40349	  228.40349
 1234	 -19.33076	 -251.80325	 -222.3073	  228.3073
 1236	 -18.59142	 -252.72275	 -222.78978	  228.78978
 1231	 -20.10389	 -253.93997	 -222.40349	  228.40349
 1236	 -18.59142	 -252.72275	 -222.78978	  228.78978
 1235	 -18.73206	 -255.80032	 -222.95351	  228.95351
 1233	 -19.33597	 -255.0536	 -222.75911	  228.75911
 1224	 -19.25907	 -258.10718	 -222.4677	  228.4677
 1235	 -18.73206	 -255.80032	 -222.95351	  228.95351
 1237	 -19.08567	 -258.44647	 -222.53848	  228.53848
 1236	 -18.59142	 -252.72275	 -222.78978	  228.78978
 1234	 -19.33076	 -251.80325	 -222.3073	  228.3073
 1238	 -17.33255	 -250.34549	 -222.26866	  228.26866
 1234	 -19.33076	 -251.80325	 -222.3073	  228.3073
 259	 -18.5013	 -250.18512	 -220.56548	  226.56548
 1239	 -18.02224	 -250.00656	 -221.60213	  227.60213
 1234	 -19.33076	 -251.80325	 -222.3073	  228.3073
 1239	 -18.02224	 -250.00656	 -221.60213	  227.60213
 1238	 -17.33255	 -250.34549	 -222.26866	  228.26866
 1239	 -18.02224	 -250.00656	 -221.60213	  227.60213
 259	 -18.5013	 -250.18512	 -220.56548	  226.56548
 257	 -16.66328	 -247.8017	 -219.7894	  225.7894
 1239	 -18.02224	 -250.00656	 -221.60213	  227.60213
 257	 -16.66328	 -247.8017	 -219.7894	  225.7894
 261	 -16.04861	 -247.23418	 -220.62549	  226.62549
 1240	 -15.60744	 -246.79358	 -221.60435	  227.60435
 1239	 -18.02224	 -250.00656	 -221.60213	  227.60213
 261	 -16.04861	 -247.23418	 -220.62549	  226.62549
 1240	 -15.60744	 -246.79358	 -221.60435	  227.60435
 1238	 -17.33255	 -250.34549	 -222.26866	  228.26866
 1239	 -18.02224	 -250.00656	 -221.60213	  227.60213
 264	 -14.14122	 -243.33232	 -221.16251	  227.16251
 1240	 -15.60744	 -246.79358	 -221.60435	  227.60435
 261	 -16.04861	 -247.23418	 -220.62549	  226.62549
 1241	 -18.1665	 -253.7135	 -223.03084	  229.03084
 1236	 -18.59142	 -252.72275	 -222.78978	  228.78978
 1238	 -17.33255	 -250.34549	 -222.26866	  228.26866
 1235	 -18.73206	 -255.80032	 -222.95351	  228.95351
 1236	 -18.59142	 -252.72275	 -222.78978	  228.78978
 1241	 -18.1665	 -253.7135	 -223.03084	  229.03084
 1238	 -17.33255	 -250.34549	 -222.26866	  228.26866
 1240	 -15.60744	 -246.79358	 -221.60435	  227.60435
 1242	 -16.37736	 -251.49297	 -222.8345	  228.8345
 1241	 -18.1665	 -253.7135	 -223.03084	  229.03084
 1238	 -17.33255	 -250.34549	 -222.26866	  228.26866
 1242	 -16.37736	 -251.49297	 -222.8345	  228.8345
 1243	 -14.10253	 -247.94717	 -222.58955	  228.58955
 1240	 -15.60744	 -246.79358	 -221.60435	  227.60435
 264	 -14.14122	 -243.33232	 -221.16251	  227.16251
 1242	 -16.37736	 -251.49297	 -222.8345	  228.8345
 1240	 -15.60744	 -246.79358	 -221.60435	  227.60435
 1243	 -14.10253	 -247.94717	 -222.58955	  228.58955
 1243	 -14.10253	 -247.94717	 -222.58955	  228.58955
 264	 -14.14122	 -243.33232	 -221.16251	  227.16251
 268	 -12.71526	 -243.83003	 -222.28578	  228.28578
 268	 -12.71526	 -243.83003	 -222.28578	  228.28578
 285	 -11.92259	 -250.47212	 -223.54575	  229.54575
 1243	 -14.10253	 -247.94717	 -222.58955	  228.58955
 1244	 -17.75451	 -254.19255	 -223.36746	  229.36746
 1241	 -18.1665	 -253.7135	 -223.03084	  229.03084
 1242	 -16.37736	 -251.49297	 -222.8345	  228.8345
 1235	 -18.73206	 -255.80032	 -222.95351	  228.95351
 1241	 -18.1665	 -253.7135	 -223.03084	  229.03084
 1244	 -17.75451	 -254.19255	 -223.36746	  229.36746
 1243	 -14.10253	 -247.94717	 -222.58955	  228.58955
 285	 -11.92259	 -250.47212	 -223.54575	  229.54575
 1245	 -14.01223	 -253.77274	 -224.00203	  230.00203
 427	 -13.02448	 -254.8156	 -224.2793	  230.2793
 1245	 -14.01223	 -253.77274	 -224.00203	  230.00203
 285	 -11.92259	 -250.47212	 -223.54575	  229.54575
 439	 -14.25619	 -256.86697	 -224.45018	  230.45018
 1245	 -14.01223	 -253.77274	 -224.00203	  230.00203
 427	 -13.02448	 -254.8156	 -224.2793	  230.2793
 1246	 -18.34475	 -256.2775	 -223.33484	  229.33484
 1235	 -18.73206	 -255.80032	 -222.95351	  228.95351
 1244	 -17.75451	 -254.19255	 -223.36746	  229.36746
 1235	 -18.73206	 -255.80032	 -222.95351	  228.95351
 1246	 -18.34475	 -256.2775	 -223.33484	  229.33484
 1237	 -19.08567	 -258.44647	 -222.53848	  228.53848
 439	 -14.25619	 -256.86697	 -224.45018	  230.45018
 1247	 -14.86578	 -256.63724	 -224.5014	  230.5014
 1245	 -14.01223	 -253.77274	 -224.00203	  230.00203
 441	 -14.79978	 -259.41409	 -224.60431	  230.60431
 1247	 -14.86578	 -256.63724	 -224.5014	  230.5014
 439	 -14.25619	 -256.86697	 -224.45018	  230.45018
 1244	 -17.75451	 -254.19255	 -223.36746	  229.36746
 1248	 -17.21454	 -254.68671	 -223.9304	  229.9304
 1246	 -18.34475	 -256.2775	 -223.33484	  229.33484
 1242	 -16.37736	 -251.49297	 -222.8345	  228.8345
 1248	 -17.21454	 -254.68671	 -223.9304	  229.9304
 1244	 -17.75451	 -254.19255	 -223.36746	  229.36746
 441	 -14.79978	 -259.41409	 -224.60431	  230.60431
 1249	 -15.5145	 -258.95551	 -224.77505	  230.77505
 1247	 -14.86578	 -256.63724	 -224.5014	  230.5014
 446	 -15.43904	 -262.21002	 -224.45665	  230.45665
 1249	 -15.5145	 -258.95551	 -224.77505	  230.77505
 441	 -14.79978	 -259.41409	 -224.60431	  230.60431
 1248	 -17.21454	 -254.68671	 -223.9304	  229.9304
 1242	 -16.37736	 -251.49297	 -222.8345	  228.8345
 1250	 -15.80257	 -251.98212	 -223.3414	  229.3414
 1250	 -15.80257	 -251.98212	 -223.3414	  229.3414
 1242	 -16.37736	 -251.49297	 -222.8345	  228.8345
 1243	 -14.10253	 -247.94717	 -222.58955	  228.58955
 1250	 -15.80257	 -251.98212	 -223.3414	  229.3414
 1243	 -14.10253	 -247.94717	 -222.58955	  228.58955
 1251	 -14.89772	 -253.11945	 -223.78961	  229.78961
 1243	 -14.10253	 -247.94717	 -222.58955	  228.58955
 1245	 -14.01223	 -253.77274	 -224.00203	  230.00203
 1251	 -14.89772	 -253.11945	 -223.78961	  229.78961
 1252	 -16.58948	 -255.30821	 -224.04117	  230.04117
 1248	 -17.21454	 -254.68671	 -223.9304	  229.9304
 1250	 -15.80257	 -251.98212	 -223.3414	  229.3414
 1252	 -16.58948	 -255.30821	 -224.04117	  230.04117
 1250	 -15.80257	 -251.98212	 -223.3414	  229.3414
 1251	 -14.89772	 -253.11945	 -223.78961	  229.78961
 1253	 -15.37264	 -256.32428	 -224.33794	  230.33794
 1251	 -14.89772	 -253.11945	 -223.78961	  229.78961
 1245	 -14.01223	 -253.77274	 -224.00203	  230.00203
 1245	 -14.01223	 -253.77274	 -224.00203	  230.00203
 1247	 -14.86578	 -256.63724	 -224.5014	  230.5014
 1253	 -15.37264	 -256.32428	 -224.33794	  230.33794
 1254	 -15.87892	 -255.98648	 -224.12151	  230.12151
 1252	 -16.58948	 -255.30821	 -224.04117	  230.04117
 1251	 -14.89772	 -253.11945	 -223.78961	  229.78961
 1253	 -15.37264	 -256.32428	 -224.33794	  230.33794
 1254	 -15.87892	 -255.98648	 -224.12151	  230.12151
 1251	 -14.89772	 -253.11945	 -223.78961	  229.78961
 1247	 -14.86578	 -256.63724	 -224.5014	  230.5014
 1255	 -16.10355	 -258.62775	 -224.41084	  230.41084
 1253	 -15.37264	 -256.32428	 -224.33794	  230.33794
 1255	 -16.10355	 -258.62775	 -224.41084	  230.41084
 1254	 -15.87892	 -255.98648	 -224.12151	  230.12151
 1253	 -15.37264	 -256.32428	 -224.33794	  230.33794
 1247	 -14.86578	 -256.63724	 -224.5014	  230.5014
 1249	 -15.5145	 -258.95551	 -224.77505	  230.77505
 1255	 -16.10355	 -258.62775	 -224.41084	  230.41084
 1252	 -16.58948	 -255.30821	 -224.04117	  230.04117
 1254	 -15.87892	 -255.98648	 -224.12151	  230.12151
 1256	 -16.5906	 -258.24008	 -224.18196	  230.18196
 1255	 -16.10355	 -258.62775	 -224.41084	  230.41084
 1256	 -16.5906	 -258.24008	 -224.18196	  230.18196
 1254	 -15.87892	 -255.98648	 -224.12151	  230.12151
 1257	 -17.21749	 -257.44177	 -224.15993	  230.15993
 1248	 -17.21454	 -254.68671	 -223.9304	  229.9304
 1252	 -16.58948	 -255.30821	 -224.04117	  230.04117
 1252	 -16.58948	 -255.30821	 -224.04117	  230.04117
 1256	 -16.5906	 -258.24008	 -224.18196	  230.18196
 1257	 -17.21749	 -257.44177	 -224.15993	  230.15993
 1257	 -17.21749	 -257.44177	 -224.15993	  230.15993
 1258	 -17.91631	 -256.69666	 -224.06493	  230.06493
 1248	 -17.21454	 -254.68671	 -223.9304	  229.9304
 1248	 -17.21454	 -254.68671	 -223.9304	  229.9304
 1258	 -17.91631	 -256.69666	 -224.06493	  230.06493
 1246	 -18.34475	 -256.2775	 -223.33484	  229.33484
 1257	 -17.21749	 -257.44177	 -224.15993	  230.15993
 1256	 -16.5906	 -258.24008	 -224.18196	  230.18196
 1259	 -17.81657	 -259.9996	 -224.04289	  230.04289
 1259	 -17.81657	 -259.9996	 -224.04289	  230.04289
 1258	 -17.91631	 -256.69666	 -224.06493	  230.06493
 1257	 -17.21749	 -257.44177	 -224.15993	  230.15993
 1260	 -16.63546	 -260.8598	 -224.27669	  230.27669
 1256	 -16.5906	 -258.24008	 -224.18196	  230.18196
 1255	 -16.10355	 -258.62775	 -224.41084	  230.41084
 1249	 -15.5145	 -258.95551	 -224.77505	  230.77505
 1260	 -16.63546	 -260.8598	 -224.27669	  230.27669
 1255	 -16.10355	 -258.62775	 -224.41084	  230.41084
 1259	 -17.81657	 -259.9996	 -224.04289	  230.04289
 1256	 -16.5906	 -258.24008	 -224.18196	  230.18196
 1261	 -16.89015	 -260.30978	 -223.80609	  229.80609
 1261	 -16.89015	 -260.30978	 -223.80609	  229.80609
 1256	 -16.5906	 -258.24008	 -224.18196	  230.18196
 1260	 -16.63546	 -260.8598	 -224.27669	  230.27669
 1262	 -16.109	 -261.28485	 -224.60806	  230.60806
 1260	 -16.63546	 -260.8598	 -224.27669	  230.27669
 1249	 -15.5145	 -258.95551	 -224.77505	  230.77505
 1249	 -15.5145	 -258.95551	 -224.77505	  230.77505
 446	 -15.43904	 -262.21002	 -224.45665	  230.45665
 1262	 -16.109	 -261.28485	 -224.60806	  230.60806
 1260	 -16.63546	 -260.8598	 -224.27669	  230.27669
 1263	 -16.93186	 -261.3334	 -223.5033	  229.5033
 1261	 -16.89015	 -260.30978	 -223.80609	  229.80609
 1262	 -16.109	 -261.28485	 -224.60806	  230.60806
 446	 -15.43904	 -262.21002	 -224.45665	  230.45665
 1264	 -16.43782	 -262.34274	 -224.64536	  230.64536
 1260	 -16.63546	 -260.8598	 -224.27669	  230.27669
 1262	 -16.109	 -261.28485	 -224.60806	  230.60806
 1264	 -16.43782	 -262.34274	 -224.64536	  230.64536
 1263	 -16.93186	 -261.3334	 -223.5033	  229.5033
 1265	 -17.23527	 -261.21402	 -223.48555	  229.48555
 1261	 -16.89015	 -260.30978	 -223.80609	  229.80609
 1259	 -17.81657	 -259.9996	 -224.04289	  230.04289
 1261	 -16.89015	 -260.30978	 -223.80609	  229.80609
 1265	 -17.23527	 -261.21402	 -223.48555	  229.48555
 1263	 -16.93186	 -261.3334	 -223.5033	  229.5033
 1260	 -16.63546	 -260.8598	 -224.27669	  230.27669
 1266	 -16.97286	 -261.92477	 -224.30083	  230.30083
 1266	 -16.97286	 -261.92477	 -224.30083	  230.30083
 1260	 -16.63546	 -260.8598	 -224.27669	  230.27669
 1264	 -16.43782	 -262.34274	 -224.64536	  230.64536
 1263	 -16.93186	 -261.3334	 -223.5033	  229.5033
 1266	 -16.97286	 -261.92477	 -224.30083	  230.30083
 1267	 -17.14498	 -262.01437	 -223.5088	  229.5088
 1266	 -16.97286	 -261.92477	 -224.30083	  230.30083
 1268	 -18.43023	 -266.63657	 -223.14175	  229.14175
 1267	 -17.14498	 -262.01437	 -223.5088	  229.5088
 446	 -15.43904	 -262.21002	 -224.45665	  230.45665
 1269	 -15.74186	 -263.1347	 -224.50307	  230.50307
 1264	 -16.43782	 -262.34274	 -224.64536	  230.64536
 447	 -15.1335	 -263.8075	 -223.85037	  229.85037
 1269	 -15.74186	 -263.1347	 -224.50307	  230.50307
 446	 -15.43904	 -262.21002	 -224.45665	  230.45665
 447	 -15.1335	 -263.8075	 -223.85037	  229.85037
 1270	 -16.58834	 -268.88342	 -223.9286	  229.9286
 1269	 -15.74186	 -263.1347	 -224.50307	  230.50307
 1264	 -16.43782	 -262.34274	 -224.64536	  230.64536
 1271	 -17.90296	 -267.5495	 -224.37038	  230.37038
 1266	 -16.97286	 -261.92477	 -224.30083	  230.30083
 1269	 -15.74186	 -263.1347	 -224.50307	  230.50307
 1271	 -17.90296	 -267.5495	 -224.37038	  230.37038
 1264	 -16.43782	 -262.34274	 -224.64536	  230.64536
 1266	 -16.97286	 -261.92477	 -224.30083	  230.30083
 1272	 -18.43029	 -266.93753	 -223.95157	  229.95157
 1268	 -18.43023	 -266.63657	 -223.14175	  229.14175
 1271	 -17.90296	 -267.5495	 -224.37038	  230.37038
 1272	 -18.43029	 -266.93753	 -223.95157	  229.95157
 1266	 -16.97286	 -261.92477	 -224.30083	  230.30083
 1270	 -16.58834	 -268.88342	 -223.9286	  229.9286
 1273	 -17.22216	 -268.10626	 -224.40805	  230.40805
 1269	 -15.74186	 -263.1347	 -224.50307	  230.50307
 1269	 -15.74186	 -263.1347	 -224.50307	  230.50307
 1273	 -17.22216	 -268.10626	 -224.40805	  230.40805
 1271	 -17.90296	 -267.5495	 -224.37038	  230.37038
 1270	 -16.58834	 -268.88342	 -223.9286	  229.9286
 1274	 -17.6911	 -269.81091	 -224.17439	  230.17439
 1273	 -17.22216	 -268.10626	 -224.40805	  230.40805
 1271	 -17.90296	 -267.5495	 -224.37038	  230.37038
 1273	 -17.22216	 -268.10626	 -224.40805	  230.40805
 1274	 -17.6911	 -269.81091	 -224.17439	  230.17439
 1275	 -16.8923	 -270.03165	 -223.82278	  229.82278
 1274	 -17.6911	 -269.81091	 -224.17439	  230.17439
 1270	 -16.58834	 -268.88342	 -223.9286	  229.9286
 1276	 -18.75381	 -268.66394	 -223.73653	  229.73653
 1268	 -18.43023	 -266.63657	 -223.14175	  229.14175
 1272	 -18.43029	 -266.93753	 -223.95157	  229.95157
 1276	 -18.75381	 -268.66394	 -223.73653	  229.73653
 1272	 -18.43029	 -266.93753	 -223.95157	  229.95157
 1271	 -17.90296	 -267.5495	 -224.37038	  230.37038
 1268	 -18.43023	 -266.63657	 -223.14175	  229.14175
 1276	 -18.75381	 -268.66394	 -223.73653	  229.73653
 1277	 -18.67442	 -267.88412	 -222.96088	  228.96088
 1276	 -18.75381	 -268.66394	 -223.73653	  229.73653
 1278	 -19.16655	 -271.88077	 -222.21849	  228.21849
 1277	 -18.67442	 -267.88412	 -222.96088	  228.96088
 1271	 -17.90296	 -267.5495	 -224.37038	  230.37038
 1274	 -17.6911	 -269.81091	 -224.17439	  230.17439
 1279	 -18.2611	 -269.24796	 -224.10687	  230.10687
 1279	 -18.2611	 -269.24796	 -224.10687	  230.10687
 1276	 -18.75381	 -268.66394	 -223.73653	  229.73653
 1271	 -17.90296	 -267.5495	 -224.37038	  230.37038
 1275	 -16.8923	 -270.03165	 -223.82278	  229.82278
 1280	 -18.20796	 -273.81927	 -223.09738	  229.09738
 1274	 -17.6911	 -269.81091	 -224.17439	  230.17439
 1279	 -18.2611	 -269.24796	 -224.10687	  230.10687
 1274	 -17.6911	 -269.81091	 -224.17439	  230.17439
 1280	 -18.20796	 -273.81927	 -223.09738	  229.09738
 1280	 -18.20796	 -273.81927	 -223.09738	  229.09738
 1275	 -16.8923	 -270.03165	 -223.82278	  229.82278
 1281	 -17.5163	 -273.59534	 -222.8855	  228.8855
 1282	 -18.78111	 -273.38226	 -223.02637	  229.02637
 1276	 -18.75381	 -268.66394	 -223.73653	  229.73653
 1279	 -18.2611	 -269.24796	 -224.10687	  230.10687
 1279	 -18.2611	 -269.24796	 -224.10687	  230.10687
 1280	 -18.20796	 -273.81927	 -223.09738	  229.09738
 1282	 -18.78111	 -273.38226	 -223.02637	  229.02637
 1278	 -19.16655	 -271.88077	 -222.21849	  228.21849
 1276	 -18.75381	 -268.66394	 -223.73653	  229.73653
 1283	 -19.1326	 -272.7356	 -222.74911	  228.74911
 1282	 -18.78111	 -273.38226	 -223.02637	  229.02637
 1283	 -19.1326	 -272.7356	 -222.74911	  228.74911
 1276	 -18.75381	 -268.66394	 -223.73653	  229.73653
 1278	 -19.16655	 -271.88077	 -222.21849	  228.21849
 1283	 -19.1326	 -272.7356	 -222.74911	  228.74911
 1284	 -19.23809	 -272.74637	 -221.96895	  227.96895
 1280	 -18.20796	 -273.81927	 -223.09738	  229.09738
 1281	 -17.5163	 -273.59534	 -222.8855	  228.8855
 1285	 -18.23821	 -274.78619	 -222.77843	  228.77843
 1282	 -18.78111	 -273.38226	 -223.02637	  229.02637
 1280	 -18.20796	 -273.81927	 -223.09738	  229.09738
 1285	 -18.23821	 -274.78619	 -222.77843	  228.77843
 1286	 -17.61504	 -274.48779	 -222.62054	  228.62054
 1285	 -18.23821	 -274.78619	 -222.77843	  228.77843
 1281	 -17.5163	 -273.59534	 -222.8855	  228.8855
 1283	 -19.1326	 -272.7356	 -222.74911	  228.74911
 1287	 -19.17417	 -273.73511	 -222.42241	  228.42241
 1284	 -19.23809	 -272.74637	 -221.96895	  227.96895
 1287	 -19.17417	 -273.73511	 -222.42241	  228.42241
 1283	 -19.1326	 -272.7356	 -222.74911	  228.74911
 1282	 -18.78111	 -273.38226	 -223.02637	  229.02637
 1287	 -19.17417	 -273.73511	 -222.42241	  228.42241
 1288	 -19.141	 -275.44238	 -220.82359	  226.82359
 1284	 -19.23809	 -272.74637	 -221.96895	  227.96895
 1282	 -18.78111	 -273.38226	 -223.02637	  229.02637
 1285	 -18.23821	 -274.78619	 -222.77843	  228.77843
 1289	 -18.84209	 -274.3382	 -222.69206	  228.69206
 1289	 -18.84209	 -274.3382	 -222.69206	  228.69206
 1287	 -19.17417	 -273.73511	 -222.42241	  228.42241
 1282	 -18.78111	 -273.38226	 -223.02637	  229.02637
 1290	 -18.2378	 -277.25473	 -221.55165	  227.55165
 1285	 -18.23821	 -274.78619	 -222.77843	  228.77843
 1286	 -17.61504	 -274.48779	 -222.62054	  228.62054
 1289	 -18.84209	 -274.3382	 -222.69206	  228.69206
 1285	 -18.23821	 -274.78619	 -222.77843	  228.77843
 1290	 -18.2378	 -277.25473	 -221.55165	  227.55165
 1290	 -18.2378	 -277.25473	 -221.55165	  227.55165
 1286	 -17.61504	 -274.48779	 -222.62054	  228.62054
 1291	 -17.53071	 -277.13208	 -221.48283	  227.48283
 1287	 -19.17417	 -273.73511	 -222.42241	  228.42241
 1289	 -18.84209	 -274.3382	 -222.69206	  228.69206
 1292	 -18.64171	 -276.94177	 -221.43106	  227.43106
 1292	 -18.64171	 -276.94177	 -221.43106	  227.43106
 1289	 -18.84209	 -274.3382	 -222.69206	  228.69206
 1290	 -18.2378	 -277.25473	 -221.55165	  227.55165
 1287	 -19.17417	 -273.73511	 -222.42241	  228.42241
 1293	 -19.02391	 -276.37607	 -221.20343	  227.20343
 1288	 -19.141	 -275.44238	 -220.82359	  226.82359
 1293	 -19.02391	 -276.37607	 -221.20343	  227.20343
 1287	 -19.17417	 -273.73511	 -222.42241	  228.42241
 1292	 -18.64171	 -276.94177	 -221.43106	  227.43106
 1293	 -19.02391	 -276.37607	 -221.20343	  227.20343
 1294	 -18.96511	 -276.94742	 -220.02205	  226.02205
 1288	 -19.141	 -275.44238	 -220.82359	  226.82359
 1291	 -17.53071	 -277.13208	 -221.48283	  227.48283
 1295	 -18.05652	 -278.64816	 -220.62917	  226.62917
 1290	 -18.2378	 -277.25473	 -221.55165	  227.55165
 1290	 -18.2378	 -277.25473	 -221.55165	  227.55165
 1295	 -18.05652	 -278.64816	 -220.62917	  226.62917
 1292	 -18.64171	 -276.94177	 -221.43106	  227.43106
 1291	 -17.53071	 -277.13208	 -221.48283	  227.48283
 1296	 -17.44751	 -278.44415	 -220.74956	  226.74956
 1295	 -18.05652	 -278.64816	 -220.62917	  226.62917
 1292	 -18.64171	 -276.94177	 -221.43106	  227.43106
 1297	 -18.50094	 -278.45743	 -220.55841	  226.55841
 1293	 -19.02391	 -276.37607	 -221.20343	  227.20343
 1295	 -18.05652	 -278.64816	 -220.62917	  226.62917
 1297	 -18.50094	 -278.45743	 -220.55841	  226.55841
 1292	 -18.64171	 -276.94177	 -221.43106	  227.43106
 1298	 -17.76885	 -278.87982	 -220.38307	  226.38307
 1295	 -18.05652	 -278.64816	 -220.62917	  226.62917
 1296	 -17.44751	 -278.44415	 -220.74956	  226.74956
 1297	 -18.50094	 -278.45743	 -220.55841	  226.55841
 1295	 -18.05652	 -278.64816	 -220.62917	  226.62917
 1298	 -17.76885	 -278.87982	 -220.38307	  226.38307
 1299	 -17.46261	 -278.10605	 -220.16425	  226.16425
 1298	 -17.76885	 -278.87982	 -220.38307	  226.38307
 1296	 -17.44751	 -278.44415	 -220.74956	  226.74956
 1298	 -17.76885	 -278.87982	 -220.38307	  226.38307
 1299	 -17.46261	 -278.10605	 -220.16425	  226.16425
 1300	 -17.83644	 -277.90814	 -219.80728	  225.80728
 1297	 -18.50094	 -278.45743	 -220.55841	  226.55841
 1301	 -18.75365	 -277.8999	 -220.26421	  226.26421
 1293	 -19.02391	 -276.37607	 -221.20343	  227.20343
 1293	 -19.02391	 -276.37607	 -221.20343	  227.20343
 1301	 -18.75365	 -277.8999	 -220.26421	  226.26421
 1294	 -18.96511	 -276.94742	 -220.02205	  226.02205
 1302	 -18.20146	 -278.7037	 -220.0815	  226.0815
 1297	 -18.50094	 -278.45743	 -220.55841	  226.55841
 1298	 -17.76885	 -278.87982	 -220.38307	  226.38307
 1301	 -18.75365	 -277.8999	 -220.26421	  226.26421
 1297	 -18.50094	 -278.45743	 -220.55841	  226.55841
 1302	 -18.20146	 -278.7037	 -220.0815	  226.0815
 1298	 -17.76885	 -278.87982	 -220.38307	  226.38307
 1300	 -17.83644	 -277.90814	 -219.80728	  225.80728
 1302	 -18.20146	 -278.7037	 -220.0815	  226.0815
 1294	 -18.96511	 -276.94742	 -220.02205	  226.02205
 1301	 -18.75365	 -277.8999	 -220.26421	  226.26421
 1303	 -18.7163	 -277.94644	 -219.92673	  225.92673
 1303	 -18.7163	 -277.94644	 -219.92673	  225.92673
 1301	 -18.75365	 -277.8999	 -220.26421	  226.26421
 1302	 -18.20146	 -278.7037	 -220.0815	  226.0815
 1300	 -17.83644	 -277.90814	 -219.80728	  225.80728
 1303	 -18.7163	 -277.94644	 -219.92673	  225.92673
 1302	 -18.20146	 -278.7037	 -220.0815	  226.0815
 1303	 -18.7163	 -277.94644	 -219.92673	  225.92673
 1304	 -18.35023	 -277.17508	 -219.71513	  225.71513
 1294	 -18.96511	 -276.94742	 -220.02205	  226.02205
 1300	 -17.83644	 -277.90814	 -219.80728	  225.80728
 1304	 -18.35023	 -277.17508	 -219.71513	  225.71513
 1303	 -18.7163	 -277.94644	 -219.92673	  225.92673
 1265	 -17.23527	 -261.21402	 -223.48555	  229.48555
 1305	 -17.45982	 -261.96262	 -223.48891	  229.48891
 1306	 -18.08696	 -260.91379	 -224.04701	  230.04701
 1305	 -17.45982	 -261.96262	 -223.48891	  229.48891
 1307	 -18.85978	 -267.03238	 -223.42285	  229.42285
 1306	 -18.08696	 -260.91379	 -224.04701	  230.04701
 1265	 -17.23527	 -261.21402	 -223.48555	  229.48555
 1306	 -18.08696	 -260.91379	 -224.04701	  230.04701
 1259	 -17.81657	 -259.9996	 -224.04289	  230.04289
 1307	 -18.85978	 -267.03238	 -223.42285	  229.42285
 1308	 -19.43131	 -266.35959	 -223.95091	  229.95091
 1306	 -18.08696	 -260.91379	 -224.04701	  230.04701
 1309	 -19.17436	 -268.11276	 -223.3869	  229.3869
 1308	 -19.43131	 -266.35959	 -223.95091	  229.95091
 1307	 -18.85978	 -267.03238	 -223.42285	  229.42285
 1259	 -17.81657	 -259.9996	 -224.04289	  230.04289
 1306	 -18.08696	 -260.91379	 -224.04701	  230.04701
 1310	 -18.79758	 -259.97546	 -224.00566	  230.00566
 1308	 -19.43131	 -266.35959	 -223.95091	  229.95091
 1309	 -19.17436	 -268.11276	 -223.3869	  229.3869
 1311	 -19.87927	 -267.91623	 -223.79391	  229.79391
 1306	 -18.08696	 -260.91379	 -224.04701	  230.04701
 1308	 -19.43131	 -266.35959	 -223.95091	  229.95091
 1312	 -20.25732	 -265.52271	 -223.88747	  229.88747
 1312	 -20.25732	 -265.52271	 -223.88747	  229.88747
 1308	 -19.43131	 -266.35959	 -223.95091	  229.95091
 1311	 -19.87927	 -267.91623	 -223.79391	  229.79391
 1306	 -18.08696	 -260.91379	 -224.04701	  230.04701
 1312	 -20.25732	 -265.52271	 -223.88747	  229.88747
 1310	 -18.79758	 -259.97546	 -224.00566	  230.00566
 1309	 -19.17436	 -268.11276	 -223.3869	  229.3869
 1313	 -20.81083	 -271.6608	 -223.35695	  229.35695
 1311	 -19.87927	 -267.91623	 -223.79391	  229.79391
 1313	 -20.81083	 -271.6608	 -223.35695	  229.35695
 1309	 -19.17436	 -268.11276	 -223.3869	  229.3869
 1314	 -20.15216	 -272.03949	 -222.98346	  228.98346
 1312	 -20.25732	 -265.52271	 -223.88747	  229.88747
 1311	 -19.87927	 -267.91623	 -223.79391	  229.79391
 1315	 -20.62098	 -267.27829	 -223.6882	  229.6882
 1315	 -20.62098	 -267.27829	 -223.6882	  229.6882
 1311	 -19.87927	 -267.91623	 -223.79391	  229.79391
 1313	 -20.81083	 -271.6608	 -223.35695	  229.35695
 1314	 -20.15216	 -272.03949	 -222.98346	  228.98346
 1316	 -20.9954	 -272.815	 -223.14017	  229.14017
 1313	 -20.81083	 -271.6608	 -223.35695	  229.35695
 1316	 -20.9954	 -272.815	 -223.14017	  229.14017
 1314	 -20.15216	 -272.03949	 -222.98346	  228.98346
 1317	 -20.2681	 -272.79865	 -222.83868	  228.83868
 1315	 -20.62098	 -267.27829	 -223.6882	  229.6882
 1313	 -20.81083	 -271.6608	 -223.35695	  229.35695
 1318	 -21.3519	 -271.08472	 -223.15985	  229.15985
 1318	 -21.3519	 -271.08472	 -223.15985	  229.15985
 1313	 -20.81083	 -271.6608	 -223.35695	  229.35695
 1316	 -20.9954	 -272.815	 -223.14017	  229.14017
 1315	 -20.62098	 -267.27829	 -223.6882	  229.6882
 1319	 -21.03841	 -266.44565	 -223.24487	  229.24487
 1312	 -20.25732	 -265.52271	 -223.88747	  229.88747
 1318	 -21.3519	 -271.08472	 -223.15985	  229.15985
 1319	 -21.03841	 -266.44565	 -223.24487	  229.24487
 1315	 -20.62098	 -267.27829	 -223.6882	  229.6882
 1320	 -21.30397	 -276.23813	 -222.13948	  228.13948
 1316	 -20.9954	 -272.815	 -223.14017	  229.14017
 1317	 -20.2681	 -272.79865	 -222.83868	  228.83868
 1320	 -21.30397	 -276.23813	 -222.13948	  228.13948
 1317	 -20.2681	 -272.79865	 -222.83868	  228.83868
 1321	 -20.7095	 -276.72437	 -221.96323	  227.96323
 1318	 -21.3519	 -271.08472	 -223.15985	  229.15985
 1316	 -20.9954	 -272.815	 -223.14017	  229.14017
 1322	 -21.52391	 -272.27719	 -222.92683	  228.92683
 1321	 -20.7095	 -276.72437	 -221.96323	  227.96323
 1323	 -21.46123	 -278.39435	 -221.46599	  227.46599
 1320	 -21.30397	 -276.23813	 -222.13948	  228.13948
 1321	 -20.7095	 -276.72437	 -221.96323	  227.96323
 1324	 -20.96158	 -278.70251	 -221.39034	  227.39034
 1323	 -21.46123	 -278.39435	 -221.46599	  227.46599
 1316	 -20.9954	 -272.815	 -223.14017	  229.14017
 1320	 -21.30397	 -276.23813	 -222.13948	  228.13948
 1325	 -21.79774	 -275.72867	 -222.00143	  228.00143
 1322	 -21.52391	 -272.27719	 -222.92683	  228.92683
 1316	 -20.9954	 -272.815	 -223.14017	  229.14017
 1325	 -21.79774	 -275.72867	 -222.00143	  228.00143
 1326	 -21.40383	 -279.04498	 -221.26389	  227.26389
 1323	 -21.46123	 -278.39435	 -221.46599	  227.46599
 1324	 -20.96158	 -278.70251	 -221.39034	  227.39034
 1324	 -20.96158	 -278.70251	 -221.39034	  227.39034
 1327	 -21.14887	 -279.08353	 -220.94005	  226.94005
 1326	 -21.40383	 -279.04498	 -221.26389	  227.26389
 1320	 -21.30397	 -276.23813	 -222.13948	  228.13948
 1323	 -21.46123	 -278.39435	 -221.46599	  227.46599
 1328	 -21.95706	 -277.96201	 -221.38359	  227.38359
 1328	 -21.95706	 -277.96201	 -221.38359	  227.38359
 1323	 -21.46123	 -278.39435	 -221.46599	  227.46599
 1326	 -21.40383	 -279.04498	 -221.26389	  227.26389
 1325	 -21.79774	 -275.72867	 -222.00143	  228.00143
 1320	 -21.30397	 -276.23813	 -222.13948	  228.13948
 1328	 -21.95706	 -277.96201	 -221.38359	  227.38359
 1326	 -21.40383	 -279.04498	 -221.26389	  227.26389
 1327	 -21.14887	 -279.08353	 -220.94005	  226.94005
 1329	 -21.918	 -278.78708	 -221.02136	  227.02136
 1329	 -21.918	 -278.78708	 -221.02136	  227.02136
 1328	 -21.95706	 -277.96201	 -221.38359	  227.38359
 1326	 -21.40383	 -279.04498	 -221.26389	  227.26389
 1327	 -21.14887	 -279.08353	 -220.94005	  226.94005
 1330	 -21.65258	 -278.86972	 -220.61902	  226.61902
 1329	 -21.918	 -278.78708	 -221.02136	  227.02136
 1330	 -21.65258	 -278.86972	 -220.61902	  226.61902
 1331	 -22.04743	 -277.8959	 -220.44617	  226.44617
 1329	 -21.918	 -278.78708	 -221.02136	  227.02136
 1331	 -22.04743	 -277.8959	 -220.44617	  226.44617
 1332	 -22.33983	 -277.9548	 -220.80684	  226.80684
 1329	 -21.918	 -278.78708	 -221.02136	  227.02136
 1332	 -22.33983	 -277.9548	 -220.80684	  226.80684
 1328	 -21.95706	 -277.96201	 -221.38359	  227.38359
 1329	 -21.918	 -278.78708	 -221.02136	  227.02136
 1332	 -22.33983	 -277.9548	 -220.80684	  226.80684
 1331	 -22.04743	 -277.8959	 -220.44617	  226.44617
 1333	 -22.33039	 -276.55179	 -220.5213	  226.5213
 1333	 -22.33039	 -276.55179	 -220.5213	  226.5213
 1334	 -22.29007	 -277.41177	 -221.10693	  227.10693
 1332	 -22.33983	 -277.9548	 -220.80684	  226.80684
 1332	 -22.33983	 -277.9548	 -220.80684	  226.80684
 1334	 -22.29007	 -277.41177	 -221.10693	  227.10693
 1328	 -21.95706	 -277.96201	 -221.38359	  227.38359
 1334	 -22.29007	 -277.41177	 -221.10693	  227.10693
 1333	 -22.33039	 -276.55179	 -220.5213	  226.5213
 1335	 -22.27082	 -274.4791	 -221.10072	  227.10072
 1328	 -21.95706	 -277.96201	 -221.38359	  227.38359
 1334	 -22.29007	 -277.41177	 -221.10693	  227.10693
 1336	 -22.14054	 -275.21994	 -221.70224	  227.70224
 1336	 -22.14054	 -275.21994	 -221.70224	  227.70224
 1334	 -22.29007	 -277.41177	 -221.10693	  227.10693
 1335	 -22.27082	 -274.4791	 -221.10072	  227.10072
 1328	 -21.95706	 -277.96201	 -221.38359	  227.38359
 1336	 -22.14054	 -275.21994	 -221.70224	  227.70224
 1325	 -21.79774	 -275.72867	 -222.00143	  228.00143
 1325	 -21.79774	 -275.72867	 -222.00143	  228.00143
 1336	 -22.14054	 -275.21994	 -221.70224	  227.70224
 1322	 -21.52391	 -272.27719	 -222.92683	  228.92683
 1337	 -21.92868	 -271.17874	 -221.93262	  227.93262
 1336	 -22.14054	 -275.21994	 -221.70224	  227.70224
 1335	 -22.27082	 -274.4791	 -221.10072	  227.10072
 1336	 -22.14054	 -275.21994	 -221.70224	  227.70224
 1338	 -21.94419	 -271.55582	 -222.54643	  228.54643
 1322	 -21.52391	 -272.27719	 -222.92683	  228.92683
 1337	 -21.92868	 -271.17874	 -221.93262	  227.93262
 1338	 -21.94419	 -271.55582	 -222.54643	  228.54643
 1336	 -22.14054	 -275.21994	 -221.70224	  227.70224
 1322	 -21.52391	 -272.27719	 -222.92683	  228.92683
 1338	 -21.94419	 -271.55582	 -222.54643	  228.54643
 1318	 -21.3519	 -271.08472	 -223.15985	  229.15985
 1339	 -21.81098	 -270.04745	 -222.12813	  228.12813
 1338	 -21.94419	 -271.55582	 -222.54643	  228.54643
 1337	 -21.92868	 -271.17874	 -221.93262	  227.93262
 1338	 -21.94419	 -271.55582	 -222.54643	  228.54643
 1340	 -21.75833	 -270.34116	 -222.78833	  228.78833
 1318	 -21.3519	 -271.08472	 -223.15985	  229.15985
 1340	 -21.75833	 -270.34116	 -222.78833	  228.78833
 1338	 -21.94419	 -271.55582	 -222.54643	  228.54643
 1339	 -21.81098	 -270.04745	 -222.12813	  228.12813
 1318	 -21.3519	 -271.08472	 -223.15985	  229.15985
 1340	 -21.75833	 -270.34116	 -222.78833	  228.78833
 1319	 -21.03841	 -266.44565	 -223.24487	  229.24487
 1341	 -21.00393	 -266.16684	 -222.48093	  228.48093
 1340	 -21.75833	 -270.34116	 -222.78833	  228.78833
 1339	 -21.81098	 -270.04745	 -222.12813	  228.12813
 1319	 -21.03841	 -266.44565	 -223.24487	  229.24487
 1340	 -21.75833	 -270.34116	 -222.78833	  228.78833
 1341	 -21.00393	 -266.16684	 -222.48093	  228.48093
 1342	 -20.673	 -264.80371	 -223.3644	  229.3644
 1319	 -21.03841	 -266.44565	 -223.24487	  229.24487
 1341	 -21.00393	 -266.16684	 -222.48093	  228.48093
 1343	 -20.59525	 -264.65829	 -222.50427	  228.50427
 1342	 -20.673	 -264.80371	 -223.3644	  229.3644
 1341	 -21.00393	 -266.16684	 -222.48093	  228.48093
 1319	 -21.03841	 -266.44565	 -223.24487	  229.24487
 1342	 -20.673	 -264.80371	 -223.3644	  229.3644
 1312	 -20.25732	 -265.52271	 -223.88747	  229.88747
 1342	 -20.673	 -264.80371	 -223.3644	  229.3644
 1343	 -20.59525	 -264.65829	 -222.50427	  228.50427
 1344	 -19.33818	 -260.06244	 -222.57109	  228.57109
 1312	 -20.25732	 -265.52271	 -223.88747	  229.88747
 1342	 -20.673	 -264.80371	 -223.3644	  229.3644
 1345	 -19.28895	 -259.65997	 -223.35854	  229.35854
 1345	 -19.28895	 -259.65997	 -223.35854	  229.35854
 1342	 -20.673	 -264.80371	 -223.3644	  229.3644
 1344	 -19.33818	 -260.06244	 -222.57109	  228.57109
 1310	 -18.79758	 -259.97546	 -224.00566	  230.00566
 1312	 -20.25732	 -265.52271	 -223.88747	  229.88747
 1345	 -19.28895	 -259.65997	 -223.35854	  229.35854
 1344	 -19.33818	 -260.06244	 -222.57109	  228.57109
 1237	 -19.08567	 -258.44647	 -222.53848	  228.53848
 1345	 -19.28895	 -259.65997	 -223.35854	  229.35854
 1237	 -19.08567	 -258.44647	 -222.53848	  228.53848
 1346	 -19.03794	 -258.56342	 -223.3752	  229.3752
 1345	 -19.28895	 -259.65997	 -223.35854	  229.35854
 1345	 -19.28895	 -259.65997	 -223.35854	  229.35854
 1346	 -19.03794	 -258.56342	 -223.3752	  229.3752
 1310	 -18.79758	 -259.97546	 -224.00566	  230.00566
 1246	 -18.34475	 -256.2775	 -223.33484	  229.33484
 1346	 -19.03794	 -258.56342	 -223.3752	  229.3752
 1237	 -19.08567	 -258.44647	 -222.53848	  228.53848
 1258	 -17.91631	 -256.69666	 -224.06493	  230.06493
 1346	 -19.03794	 -258.56342	 -223.3752	  229.3752
 1246	 -18.34475	 -256.2775	 -223.33484	  229.33484
 1346	 -19.03794	 -258.56342	 -223.3752	  229.3752
 1347	 -18.50456	 -258.89282	 -224.00439	  230.00439
 1310	 -18.79758	 -259.97546	 -224.00566	  230.00566
 1258	 -17.91631	 -256.69666	 -224.06493	  230.06493
 1347	 -18.50456	 -258.89282	 -224.00439	  230.00439
 1346	 -19.03794	 -258.56342	 -223.3752	  229.3752
 1347	 -18.50456	 -258.89282	 -224.00439	  230.00439
 1259	 -17.81657	 -259.9996	 -224.04289	  230.04289
 1310	 -18.79758	 -259.97546	 -224.00566	  230.00566
 1258	 -17.91631	 -256.69666	 -224.06493	  230.06493
 1259	 -17.81657	 -259.9996	 -224.04289	  230.04289
 1347	 -18.50456	 -258.89282	 -224.00439	  230.00439
 1348	 -30.16277	 -215.21289	 -235.95537	  241.95537
 1349	 -30.65356	 -215.89537	 -235.96855	  241.96855
 1350	 -30.682	 -215.07819	 -236.51398	  242.51398
 1349	 -30.65356	 -215.89537	 -235.96855	  241.96855
 1348	 -30.16277	 -215.21289	 -235.95537	  241.95537
 1351	 -30.79682	 -215.50047	 -235.36426	  241.36426
 1348	 -30.16277	 -215.21289	 -235.95537	  241.95537
 1350	 -30.682	 -215.07819	 -236.51398	  242.51398
 1352	 -30.36092	 -214.51254	 -236.4845	  242.4845
 1353	 -30.98744	 -214.60609	 -236.80682	  242.80682
 1352	 -30.36092	 -214.51254	 -236.4845	  242.4845
 1350	 -30.682	 -215.07819	 -236.51398	  242.51398
 1351	 -30.79682	 -215.50047	 -235.36426	  241.36426
 1348	 -30.16277	 -215.21289	 -235.95537	  241.95537
 1354	 -30.42698	 -215.06859	 -235.39186	  241.39186
 1354	 -30.42698	 -215.06859	 -235.39186	  241.39186
 1355	 -31.11796	 -215.10509	 -235.17093	  241.17093
 1351	 -30.79682	 -215.50047	 -235.36426	  241.36426
 1353	 -30.98744	 -214.60609	 -236.80682	  242.80682
 1356	 -30.86823	 -214.09828	 -236.84166	  242.84166
 1352	 -30.36092	 -214.51254	 -236.4845	  242.4845
 1356	 -30.86823	 -214.09828	 -236.84166	  242.84166
 1353	 -30.98744	 -214.60609	 -236.80682	  242.80682
 1357	 -31.35516	 -213.24994	 -236.98326	  242.98326
 1358	 -30.89034	 -214.5603	 -235.20581	  241.20581
 1355	 -31.11796	 -215.10509	 -235.17093	  241.17093
 1354	 -30.42698	 -215.06859	 -235.39186	  241.39186
 1355	 -31.11796	 -215.10509	 -235.17093	  241.17093
 1358	 -30.89034	 -214.5603	 -235.20581	  241.20581
 1359	 -31.51749	 -213.93648	 -234.99213	  240.99213
 1357	 -31.35516	 -213.24994	 -236.98326	  242.98326
 1360	 -30.94925	 -212.85643	 -236.4915	  242.4915
 1356	 -30.86823	 -214.09828	 -236.84166	  242.84166
 1356	 -30.86823	 -214.09828	 -236.84166	  242.84166
 1360	 -30.94925	 -212.85643	 -236.4915	  242.4915
 1352	 -30.36092	 -214.51254	 -236.4845	  242.4845
 610	 -31.94986	 -211.05573	 -236.9669	  242.9669
 1360	 -30.94925	 -212.85643	 -236.4915	  242.4915
 1357	 -31.35516	 -213.24994	 -236.98326	  242.98326
 1359	 -31.51749	 -213.93648	 -234.99213	  240.99213
 1358	 -30.89034	 -214.5603	 -235.20581	  241.20581
 1361	 -31.05692	 -213.32094	 -235.26187	  241.26187
 1361	 -31.05692	 -213.32094	 -235.26187	  241.26187
 1358	 -30.89034	 -214.5603	 -235.20581	  241.20581
 1354	 -30.42698	 -215.06859	 -235.39186	  241.39186
 1361	 -31.05692	 -213.32094	 -235.26187	  241.26187
 601	 -32.1691	 -212.15323	 -234.84476	  240.84476
 1359	 -31.51749	 -213.93648	 -234.99213	  240.99213
 610	 -31.94986	 -211.05573	 -236.9669	  242.9669
 1362	 -31.50405	 -210.90477	 -236.45396	  242.45396
 1360	 -30.94925	 -212.85643	 -236.4915	  242.4915
 610	 -31.94986	 -211.05573	 -236.9669	  242.9669
 609	 -31.98398	 -208.12637	 -236.40869	  242.40869
 1362	 -31.50405	 -210.90477	 -236.45396	  242.45396
 1363	 -31.5862	 -211.50323	 -235.18051	  241.18051
 601	 -32.1691	 -212.15323	 -234.84476	  240.84476
 1361	 -31.05692	 -213.32094	 -235.26187	  241.26187
 600	 -31.94232	 -208.8027	 -234.87999	  240.87999
 601	 -32.1691	 -212.15323	 -234.84476	  240.84476
 1363	 -31.5862	 -211.50323	 -235.18051	  241.18051
 1364	 -31.41231	 -210.98708	 -235.75223	  241.75223
 1362	 -31.50405	 -210.90477	 -236.45396	  242.45396
 609	 -31.98398	 -208.12637	 -236.40869	  242.40869
 1362	 -31.50405	 -210.90477	 -236.45396	  242.45396
 1364	 -31.41231	 -210.98708	 -235.75223	  241.75223
 1360	 -30.94925	 -212.85643	 -236.4915	  242.4915
 1364	 -31.41231	 -210.98708	 -235.75223	  241.75223
 609	 -31.98398	 -208.12637	 -236.40869	  242.40869
 602	 -31.71497	 -208.08301	 -235.60013	  241.60013
 600	 -31.94232	 -208.8027	 -234.87999	  240.87999
 1364	 -31.41231	 -210.98708	 -235.75223	  241.75223
 602	 -31.71497	 -208.08301	 -235.60013	  241.60013
 1363	 -31.5862	 -211.50323	 -235.18051	  241.18051
 1364	 -31.41231	 -210.98708	 -235.75223	  241.75223
 600	 -31.94232	 -208.8027	 -234.87999	  240.87999
 1360	 -30.94925	 -212.85643	 -236.4915	  242.4915
 1364	 -31.41231	 -210.98708	 -235.75223	  241.75223
 1365	 -30.81718	 -212.83382	 -235.81952	  241.81952
 1364	 -31.41231	 -210.98708	 -235.75223	  241.75223
 1363	 -31.5862	 -211.50323	 -235.18051	  241.18051
 1365	 -30.81718	 -212.83382	 -235.81952	  241.81952
 1365	 -30.81718	 -212.83382	 -235.81952	  241.81952
 1363	 -31.5862	 -211.50323	 -235.18051	  241.18051
 1361	 -31.05692	 -213.32094	 -235.26187	  241.26187
 1365	 -30.81718	 -212.83382	 -235.81952	  241.81952
 1352	 -30.36092	 -214.51254	 -236.4845	  242.4845
 1360	 -30.94925	 -212.85643	 -236.4915	  242.4915
 1354	 -30.42698	 -215.06859	 -235.39186	  241.39186
 1365	 -30.81718	 -212.83382	 -235.81952	  241.81952
 1361	 -31.05692	 -213.32094	 -235.26187	  241.26187
 1365	 -30.81718	 -212.83382	 -235.81952	  241.81952
 1348	 -30.16277	 -215.21289	 -235.95537	  241.95537
 1352	 -30.36092	 -214.51254	 -236.4845	  242.4845
 1348	 -30.16277	 -215.21289	 -235.95537	  241.95537
 1365	 -30.81718	 -212.83382	 -235.81952	  241.81952
 1354	 -30.42698	 -215.06859	 -235.39186	  241.39186
