 1463	  2095.56396	 -1849.1239	 -3305.53101	  3311.53101
 1464	  2096.70508	 -1786.39783	 -3305.30298	  3311.30298
 1466	  2110.30273	 -1863.23328	 -3307.64844	  3313.64844
 1467	  2111.91724	 -1774.52527	 -3307.32544	  3313.32544
 1466	  2110.30273	 -1863.23328	 -3307.64844	  3313.64844
 1468	  2126.65649	 -1788.63464	 -3309.44263	  3315.44263
 1467	  2111.91724	 -1774.52527	 -3307.32544	  3313.32544
 1468	  2126.65649	 -1788.63464	 -3309.44263	  3315.44263
 1466	  2110.30273	 -1863.23328	 -3307.64844	  3313.64844
 1469	  2125.51489	 -1851.36072	 -3309.67114	  3315.67114
 1470	  2132.28857	 -1820.46106	 -3310.41431	  3316.41431
 1468	  2126.65649	 -1788.63464	 -3309.44263	  3315.44263
 1469	  2125.51489	 -1851.36072	 -3309.67114	  3315.67114
 1471	  1916.04517	 -1614.10388	 -3421.34009	  3427.34009
 1472	  1907.74219	 -1616.81775	 -3420.2168	  3426.2168
 1473	  1911.34949	 -1609.67896	 -3420.63843	  3426.63843
 1471	  1916.04517	 -1614.10388	 -3421.34009	  3427.34009
 1474	  1909.47827	 -1644.71594	 -3421.27368	  3427.27368
 1472	  1907.74219	 -1616.81775	 -3420.2168	  3426.2168
 1474	  1909.47827	 -1644.71594	 -3421.27368	  3427.27368
 1471	  1916.04517	 -1614.10388	 -3421.34009	  3427.34009
 1475	  1921.51904	 -1636.625	 -3422.83105	  3428.83105
 1474	  1909.47827	 -1644.71594	 -3421.27368	  3427.27368
 1475	  1921.51904	 -1636.625	 -3422.83105	  3428.83105
 1476	  1936.85498	 -1730.01746	 -3426.69775	  3432.69775
 1476	  1936.85498	 -1730.01746	 -3426.69775	  3432.69775
 1477	  1927.8772	 -1759.43201	 -3423.19824	  3429.19824
 1474	  1909.47827	 -1644.71594	 -3421.27368	  3427.27368
 1478	  1971.56299	 -1757.28723	 -3427.55981	  3433.55981
 1477	  1927.8772	 -1759.43201	 -3423.19824	  3429.19824
 1476	  1936.85498	 -1730.01746	 -3426.69775	  3432.69775
 1476	  1936.85498	 -1730.01746	 -3426.69775	  3432.69775
 1479	  1976.47656	 -1722.11279	 -3430.55518	  3436.55518
 1478	  1971.56299	 -1757.28723	 -3427.55981	  3433.55981
 1479	  1976.47656	 -1722.11279	 -3430.55518	  3436.55518
 1480	  1985.06226	 -1726.20618	 -3411.20459	  3417.20459
 1478	  1971.56299	 -1757.28723	 -3427.55981	  3433.55981
 1480	  1985.06226	 -1726.20618	 -3411.20459	  3417.20459
 1481	  1978.08167	 -1757.75415	 -3410.43701	  3416.43701
 1478	  1971.56299	 -1757.28723	 -3427.55981	  3433.55981
 1482	  1923.7915	 -1615.5802	 -3381.75098	  3387.75098
 1483	  1919.08459	 -1611.15332	 -3381.10303	  3387.10303
 1484	  1915.48987	 -1618.29443	 -3380.61987	  3386.61987
 1484	  1915.48987	 -1618.29443	 -3380.61987	  3386.61987
 1485	  1917.47192	 -1646.2395	 -3380.4187	  3386.4187
 1482	  1923.7915	 -1615.5802	 -3381.75098	  3387.75098
 1485	  1917.47192	 -1646.2395	 -3380.4187	  3386.4187
 1486	  1929.49304	 -1638.14478	 -3382.07666	  3388.07666
 1482	  1923.7915	 -1615.5802	 -3381.75098	  3387.75098
 1485	  1917.47192	 -1646.2395	 -3380.4187	  3386.4187
 1487	  1945.27881	 -1731.62292	 -3383.64624	  3389.64624
 1486	  1929.49304	 -1638.14478	 -3382.07666	  3388.07666
 1487	  1945.27881	 -1731.62292	 -3383.64624	  3389.64624
 1485	  1917.47192	 -1646.2395	 -3380.4187	  3386.4187
 1488	  1935.36975	 -1760.86011	 -3384.90454	  3390.90454
 1489	  1978.42944	 -1758.59607	 -3392.46606	  3398.46606
 1487	  1945.27881	 -1731.62292	 -3383.64624	  3389.64624
 1488	  1935.36975	 -1760.86011	 -3384.90454	  3390.90454
 1487	  1945.27881	 -1731.62292	 -3383.64624	  3389.64624
 1489	  1978.42944	 -1758.59607	 -3392.46606	  3398.46606
 1490	  1984.30872	 -1723.60559	 -3390.52637	  3396.52637
 1489	  1978.42944	 -1758.59607	 -3392.46606	  3398.46606
 1491	  1985.06226	 -1726.20618	 -3411.20459	  3417.20459
 1490	  1984.30872	 -1723.60559	 -3390.52637	  3396.52637
 1491	  1985.06226	 -1726.20618	 -3411.20459	  3417.20459
 1489	  1978.42944	 -1758.59607	 -3392.46606	  3398.46606
 1492	  1978.08167	 -1757.75415	 -3410.43701	  3416.43701
 1493	  1991.55969	 -1724.98767	 -3353.46777	  3359.46777
 1494	  1951.93811	 -1732.89221	 -3349.61035	  3355.61035
 1495	  1960.36194	 -1734.49768	 -3306.55859	  3312.55859
 1493	  1991.55969	 -1724.98767	 -3353.46777	  3359.46777
 1495	  1960.36194	 -1734.49768	 -3306.55859	  3312.55859
 1496	  1999.39172	 -1726.48035	 -3313.43872	  3319.43872
 1497	  2000.14526	 -1729.08105	 -3334.11694	  3340.11694
 1493	  1991.55969	 -1724.98767	 -3353.46777	  3359.46777
 1496	  1999.39172	 -1726.48035	 -3313.43872	  3319.43872
 1498	  1938.87476	 -1618.45496	 -3304.66333	  3310.66333
 1499	  1934.16785	 -1614.02808	 -3304.01538	  3310.01538
 1500	  1930.573	 -1621.16919	 -3303.53247	  3309.53247
 1500	  1930.573	 -1621.16919	 -3303.53247	  3309.53247
 1501	  1932.5553	 -1649.11438	 -3303.3313	  3309.3313
 1498	  1938.87476	 -1618.45496	 -3304.66333	  3310.66333
 1501	  1932.5553	 -1649.11438	 -3303.3313	  3309.3313
 1502	  1944.57593	 -1641.01965	 -3304.98926	  3310.98926
 1498	  1938.87476	 -1618.45496	 -3304.66333	  3310.66333
 1501	  1932.5553	 -1649.11438	 -3303.3313	  3309.3313
 1503	  1960.36194	 -1734.49768	 -3306.55859	  3312.55859
 1502	  1944.57593	 -1641.01965	 -3304.98926	  3310.98926
 1503	  1960.36194	 -1734.49768	 -3306.55859	  3312.55859
 1501	  1932.5553	 -1649.11438	 -3303.3313	  3309.3313
 1504	  1950.453	 -1763.73486	 -3307.81665	  3313.81665
 1505	  1993.5127	 -1761.47083	 -3315.37866	  3321.37866
 1503	  1960.36194	 -1734.49768	 -3306.55859	  3312.55859
 1504	  1950.453	 -1763.73486	 -3307.81665	  3313.81665
 1503	  1960.36194	 -1734.49768	 -3306.55859	  3312.55859
 1505	  1993.5127	 -1761.47083	 -3315.37866	  3321.37866
 1506	  1999.39172	 -1726.48035	 -3313.43872	  3319.43872
 1506	  1999.39172	 -1726.48035	 -3313.43872	  3319.43872
 1505	  1993.5127	 -1761.47083	 -3315.37866	  3321.37866
 1507	  2000.14526	 -1729.08105	 -3334.11694	  3340.11694
 1507	  2000.14526	 -1729.08105	 -3334.11694	  3340.11694
 1505	  1993.5127	 -1761.47083	 -3315.37866	  3321.37866
 1508	  1993.16479	 -1760.62891	 -3333.34961	  3339.34961
 1509	  1931.12842	 -1616.97864	 -3344.25269	  3350.25269
 1510	  1922.82532	 -1619.6925	 -3343.12915	  3349.12915
 1511	  1926.4325	 -1612.55371	 -3343.55078	  3349.55078
 1509	  1931.12842	 -1616.97864	 -3344.25269	  3350.25269
 1512	  1924.5614	 -1647.59082	 -3344.18628	  3350.18628
 1510	  1922.82532	 -1619.6925	 -3343.12915	  3349.12915
 1512	  1924.5614	 -1647.59082	 -3344.18628	  3350.18628
 1509	  1931.12842	 -1616.97864	 -3344.25269	  3350.25269
 1513	  1936.60217	 -1639.49976	 -3345.74365	  3351.74365
 1512	  1924.5614	 -1647.59082	 -3344.18628	  3350.18628
 1513	  1936.60217	 -1639.49976	 -3345.74365	  3351.74365
 1514	  1951.93811	 -1732.89221	 -3349.61035	  3355.61035
 1514	  1951.93811	 -1732.89221	 -3349.61035	  3355.61035
 1515	  1942.96033	 -1762.30676	 -3346.11084	  3352.11084
 1512	  1924.5614	 -1647.59082	 -3344.18628	  3350.18628
 1516	  1986.64612	 -1760.16211	 -3350.47241	  3356.47241
 1515	  1942.96033	 -1762.30676	 -3346.11084	  3352.11084
 1514	  1951.93811	 -1732.89221	 -3349.61035	  3355.61035
 1514	  1951.93811	 -1732.89221	 -3349.61035	  3355.61035
 1517	  1991.55969	 -1724.98767	 -3353.46777	  3359.46777
 1516	  1986.64612	 -1760.16211	 -3350.47241	  3356.47241
 1518	  2000.14526	 -1729.08105	 -3334.11694	  3340.11694
 1516	  1986.64612	 -1760.16211	 -3350.47241	  3356.47241
 1517	  1991.55969	 -1724.98767	 -3353.46777	  3359.46777
 1516	  1986.64612	 -1760.16211	 -3350.47241	  3356.47241
 1518	  2000.14526	 -1729.08105	 -3334.11694	  3340.11694
 1519	  1993.16479	 -1760.62891	 -3333.34961	  3339.34961
 1520	  1997.42786	 -1620.85645	 -3454.45947	  3460.45947
 1521	  1995.19568	 -1642.46814	 -3456.40088	  3462.40088
 1522	  1997.07532	 -1636.82483	 -3454.39038	  3460.39038
 1523	  1995.84851	 -1614.70874	 -3456.4751	  3462.4751
 1521	  1995.19568	 -1642.46814	 -3456.40088	  3462.40088
 1520	  1997.42786	 -1620.85645	 -3454.45947	  3460.45947
 1523	  1995.84851	 -1614.70874	 -3456.4751	  3462.4751
 1524	  1987.95703	 -1642.05664	 -3464.81079	  3470.81079
 1521	  1995.19568	 -1642.46814	 -3456.40088	  3462.40088
 1524	  1987.95703	 -1642.05664	 -3464.81079	  3470.81079
 1523	  1995.84851	 -1614.70874	 -3456.4751	  3462.4751
 1525	  1986.54077	 -1614.08435	 -3467.28516	  3473.28516
 1524	  1987.95703	 -1642.05664	 -3464.81079	  3470.81079
 1525	  1986.54077	 -1614.08435	 -3467.28516	  3473.28516
 1526	  1985.92346	 -1636.14722	 -3467.34473	  3473.34473
 1526	  1985.92346	 -1636.14722	 -3467.34473	  3473.34473
 1525	  1986.54077	 -1614.08435	 -3467.28516	  3473.28516
 1527	  1985.13171	 -1620.05933	 -3468.74121	  3474.74121
 1528	  2027.16162	 -1648.56067	 -3293.02881	  3299.02881
 1529	  2028.58789	 -1626.79553	 -3295.20752	  3301.20752
 1530	  2028.19006	 -1642.75513	 -3295.36938	  3301.36938
 1529	  2028.58789	 -1626.79553	 -3295.20752	  3301.20752
 1528	  2027.16162	 -1648.56067	 -3293.02881	  3299.02881
 1531	  2027.87366	 -1620.8125	 -3292.80151	  3298.80151
 1532	  2023.50769	 -1648.8324	 -3283.11743	  3289.11743
 1531	  2027.87366	 -1620.8125	 -3292.80151	  3298.80151
 1528	  2027.16162	 -1648.56067	 -3293.02881	  3299.02881
 1531	  2027.87366	 -1620.8125	 -3292.80151	  3298.80151
 1532	  2023.50769	 -1648.8324	 -3283.11743	  3289.11743
 1533	  2023.17371	 -1621.06653	 -3280.05933	  3286.05933
 1534	  2022.56006	 -1643.13	 -3280.10156	  3286.10156
 1533	  2023.17371	 -1621.06653	 -3280.05933	  3286.05933
 1532	  2023.50769	 -1648.8324	 -3283.11743	  3289.11743
 1533	  2023.17371	 -1621.06653	 -3280.05933	  3286.05933
 1534	  2022.56006	 -1643.13	 -3280.10156	  3286.10156
 1535	  2022.37976	 -1627.15869	 -3278.37402	  3284.37402
 1536	  1898.57263	 -1518.82483	 -3303.10938	  3309.10938
 1537	  1917.08325	 -1624.94507	 -3289.06128	  3295.06128
 1538	  1890.10547	 -1622.60327	 -3285.33008	  3291.33008
 1537	  1917.08325	 -1624.94507	 -3289.06128	  3295.06128
 1536	  1898.57263	 -1518.82483	 -3303.10938	  3309.10938
 1539	  1920.33557	 -1520.96912	 -3306.13062	  3312.13062
 1540	  1888.5116	 -1505.51074	 -3356.95508	  3362.95508
 1539	  1920.33557	 -1520.96912	 -3306.13062	  3312.13062
 1536	  1898.57263	 -1518.82483	 -3303.10938	  3309.10938
 1539	  1920.33557	 -1520.96912	 -3306.13062	  3312.13062
 1540	  1888.5116	 -1505.51074	 -3356.95508	  3362.95508
 1541	  1910.24719	 -1507.49426	 -3359.96167	  3365.96167
 1540	  1888.5116	 -1505.51074	 -3356.95508	  3362.95508
 1542	  1899.26636	 -1516.95325	 -3413.81079	  3419.81079
 1541	  1910.24719	 -1507.49426	 -3359.96167	  3365.96167
 1542	  1899.26636	 -1516.95325	 -3413.81079	  3419.81079
 1540	  1888.5116	 -1505.51074	 -3356.95508	  3362.95508
 1543	  1877.50024	 -1514.80835	 -3410.80859	  3416.80859
 1543	  1877.50024	 -1514.80835	 -3410.80859	  3416.80859
 1544	  1889.4386	 -1619.67603	 -3430.34888	  3436.34888
 1542	  1899.26636	 -1516.95325	 -3413.81079	  3419.81079
 1544	  1889.4386	 -1619.67603	 -3430.34888	  3436.34888
 1543	  1877.50024	 -1514.80835	 -3410.80859	  3416.80859
 1545	  1862.46057	 -1617.33435	 -3426.61816	  3432.61816
 1546	  1901.64685	 -1513.24487	 -3300.54761	  3306.54761
 1547	  1892.79773	 -1622.89856	 -3281.3645	  3287.3645
 1548	  1918.32239	 -1625.23413	 -3285.03174	  3291.03174
 1548	  1918.32239	 -1625.23413	 -3285.03174	  3291.03174
 1549	  1921.68811	 -1515.11328	 -3303.46216	  3309.46216
 1546	  1901.64685	 -1513.24487	 -3300.54761	  3306.54761
 1550	  1891.09692	 -1498.2915	 -3357.26685	  3363.26685
 1546	  1901.64685	 -1513.24487	 -3300.54761	  3306.54761
 1549	  1921.68811	 -1515.11328	 -3303.46216	  3309.46216
 1549	  1921.68811	 -1515.11328	 -3303.46216	  3309.46216
 1551	  1910.51587	 -1500.25037	 -3359.95435	  3365.95435
 1550	  1891.09692	 -1498.2915	 -3357.26685	  3363.26685
 1552	  1899.54504	 -1510.89307	 -3416.63062	  3422.63062
 1550	  1891.09692	 -1498.2915	 -3357.26685	  3363.26685
 1551	  1910.51587	 -1500.25037	 -3359.95435	  3365.95435
 1553	  1879.44995	 -1509.01416	 -3413.99268	  3419.99268
 1550	  1891.09692	 -1498.2915	 -3357.26685	  3363.26685
 1552	  1899.54504	 -1510.89307	 -3416.63062	  3422.63062
 1552	  1899.54504	 -1510.89307	 -3416.63062	  3422.63062
 1554	  1889.07703	 -1619.66003	 -3434.50122	  3440.50122
 1553	  1879.44995	 -1509.01416	 -3413.99268	  3419.99268
 1553	  1879.44995	 -1509.01416	 -3413.99268	  3419.99268
 1554	  1889.07703	 -1619.66003	 -3434.50122	  3440.50122
 1555	  1863.50012	 -1617.31458	 -3431.09961	  3437.09961
 1556	  1901.64685	 -1513.24487	 -3300.54761	  3306.54761
 1557	  1890.10547	 -1622.60327	 -3285.33008	  3291.33008
 1558	  1892.79773	 -1622.89856	 -3281.3645	  3287.3645
 1557	  1890.10547	 -1622.60327	 -3285.33008	  3291.33008
 1556	  1901.64685	 -1513.24487	 -3300.54761	  3306.54761
 1559	  1898.57263	 -1518.82483	 -3303.10938	  3309.10938
 1560	  1891.09692	 -1498.2915	 -3357.26685	  3363.26685
 1559	  1898.57263	 -1518.82483	 -3303.10938	  3309.10938
 1556	  1901.64685	 -1513.24487	 -3300.54761	  3306.54761
 1559	  1898.57263	 -1518.82483	 -3303.10938	  3309.10938
 1560	  1891.09692	 -1498.2915	 -3357.26685	  3363.26685
 1561	  1888.5116	 -1505.51074	 -3356.95508	  3362.95508
 1560	  1891.09692	 -1498.2915	 -3357.26685	  3363.26685
 1562	  1877.50024	 -1514.80835	 -3410.80859	  3416.80859
 1561	  1888.5116	 -1505.51074	 -3356.95508	  3362.95508
 1560	  1891.09692	 -1498.2915	 -3357.26685	  3363.26685
 1563	  1879.44995	 -1509.01416	 -3413.99268	  3419.99268
 1562	  1877.50024	 -1514.80835	 -3410.80859	  3416.80859
 1563	  1879.44995	 -1509.01416	 -3413.99268	  3419.99268
 1564	  1862.46057	 -1617.33435	 -3426.61816	  3432.61816
 1562	  1877.50024	 -1514.80835	 -3410.80859	  3416.80859
 1564	  1862.46057	 -1617.33435	 -3426.61816	  3432.61816
 1563	  1879.44995	 -1509.01416	 -3413.99268	  3419.99268
 1565	  1863.50012	 -1617.31458	 -3431.09961	  3437.09961
 1566	  2187.59204	 -1757.3894	 -3333.61792	  3339.61792
 1567	  2177.59668	 -1755.44287	 -3366.88574	  3372.88574
 1568	  2179.71143	 -1756.79761	 -3332.51245	  3338.51245
 1567	  2177.59668	 -1755.44287	 -3366.88574	  3372.88574
 1566	  2187.59204	 -1757.3894	 -3333.61792	  3339.61792
 1569	  2185.97607	 -1756.09094	 -3368.04443	  3374.04443
 1569	  2185.97607	 -1756.09094	 -3368.04443	  3374.04443
 1570	  2173.39087	 -1754.43481	 -3397.73145	  3403.73145
 1567	  2177.59668	 -1755.44287	 -3366.88574	  3372.88574
 1570	  2173.39087	 -1754.43481	 -3397.73145	  3403.73145
 1569	  2185.97607	 -1756.09094	 -3368.04443	  3374.04443
 1571	  2181.8645	 -1755.08521	 -3398.90259	  3404.90259
 1572	  2174.00195	 -1753.80872	 -3429.24292	  3435.24292
 1570	  2173.39087	 -1754.43481	 -3397.73145	  3403.73145
 1571	  2181.8645	 -1755.08521	 -3398.90259	  3404.90259
 1570	  2173.39087	 -1754.43481	 -3397.73145	  3403.73145
 1572	  2174.00195	 -1753.80872	 -3429.24292	  3435.24292
 1573	  2165.62231	 -1753.16077	 -3428.08472	  3434.08472
 1574	  2162.41431	 -1752.59058	 -3462.29614	  3468.29614
 1573	  2165.62231	 -1753.16077	 -3428.08472	  3434.08472
 1572	  2174.00195	 -1753.80872	 -3429.24292	  3435.24292
 1575	  2154.52759	 -1751.99768	 -3461.22217	  3467.22217
 1573	  2165.62231	 -1753.16077	 -3428.08472	  3434.08472
 1574	  2162.41431	 -1752.59058	 -3462.29614	  3468.29614
 1576	  2182.80737	 -1783.76758	 -3333.11572	  3339.11572
 1577	  2180.73169	 -1783.27209	 -3367.4873	  3373.4873
 1578	  2187.59204	 -1757.3894	 -3333.61792	  3339.61792
 1579	  2185.97607	 -1756.09094	 -3368.04443	  3374.04443
 1578	  2187.59204	 -1757.3894	 -3333.61792	  3339.61792
 1577	  2180.73169	 -1783.27209	 -3367.4873	  3373.4873
 1580	  2175.7251	 -1781.30518	 -3398.21826	  3404.21826
 1579	  2185.97607	 -1756.09094	 -3368.04443	  3374.04443
 1577	  2180.73169	 -1783.27209	 -3367.4873	  3373.4873
 1579	  2185.97607	 -1756.09094	 -3368.04443	  3374.04443
 1580	  2175.7251	 -1781.30518	 -3398.21826	  3404.21826
 1581	  2181.8645	 -1755.08521	 -3398.90259	  3404.90259
 1580	  2175.7251	 -1781.30518	 -3398.21826	  3404.21826
 1582	  2174.00195	 -1753.80872	 -3429.24292	  3435.24292
 1581	  2181.8645	 -1755.08521	 -3398.90259	  3404.90259
 1582	  2174.00195	 -1753.80872	 -3429.24292	  3435.24292
 1580	  2175.7251	 -1781.30518	 -3398.21826	  3404.21826
 1583	  2168.75659	 -1780.98975	 -3428.68896	  3434.68896
 1584	  2162.41431	 -1752.59058	 -3462.29614	  3468.29614
 1582	  2174.00195	 -1753.80872	 -3429.24292	  3435.24292
 1583	  2168.75659	 -1780.98975	 -3428.68896	  3434.68896
 1584	  2162.41431	 -1752.59058	 -3462.29614	  3468.29614
 1583	  2168.75659	 -1780.98975	 -3428.68896	  3434.68896
 1585	  2157.62793	 -1778.96851	 -3461.8042	  3467.8042
 1586	  2175.57544	 -1783.17566	 -3332.10498	  3338.10498
 1587	  2173.26489	 -1782.65125	 -3366.4563	  3372.4563
 1588	  2182.80737	 -1783.76758	 -3333.11572	  3339.11572
 1587	  2173.26489	 -1782.65125	 -3366.4563	  3372.4563
 1589	  2180.73169	 -1783.27209	 -3367.4873	  3373.4873
 1588	  2182.80737	 -1783.76758	 -3333.11572	  3339.11572
 1590	  2168.9165	 -1781.29675	 -3397.28027	  3403.28027
 1589	  2180.73169	 -1783.27209	 -3367.4873	  3373.4873
 1587	  2173.26489	 -1782.65125	 -3366.4563	  3372.4563
 1589	  2180.73169	 -1783.27209	 -3367.4873	  3373.4873
 1590	  2168.9165	 -1781.29675	 -3397.28027	  3403.28027
 1591	  2175.7251	 -1781.30518	 -3398.21826	  3404.21826
 1590	  2168.9165	 -1781.29675	 -3397.28027	  3403.28027
 1592	  2168.75659	 -1780.98975	 -3428.68896	  3434.68896
 1591	  2175.7251	 -1781.30518	 -3398.21826	  3404.21826
 1592	  2168.75659	 -1780.98975	 -3428.68896	  3434.68896
 1590	  2168.9165	 -1781.29675	 -3397.28027	  3403.28027
 1593	  2161.29053	 -1780.36902	 -3427.65527	  3433.65527
 1594	  2157.62793	 -1778.96851	 -3461.8042	  3467.8042
 1592	  2168.75659	 -1780.98975	 -3428.68896	  3434.68896
 1593	  2161.29053	 -1780.36902	 -3427.65527	  3433.65527
 1593	  2161.29053	 -1780.36902	 -3427.65527	  3433.65527
 1595	  2150.3916	 -1778.37585	 -3460.81445	  3466.81445
 1594	  2157.62793	 -1778.96851	 -3461.8042	  3467.8042
 1596	  2149.13281	 -1780.48096	 -3459.78516	  3465.78516
 1597	  2152.36914	 -1781.01392	 -3470.83081	  3476.83081
 1598	  2157.94946	 -1781.40039	 -3461.0542	  3467.0542
 1597	  2152.36914	 -1781.01392	 -3470.83081	  3476.83081
 1596	  2149.13281	 -1780.48096	 -3459.78516	  3465.78516
 1599	  2145.23682	 -1780.29199	 -3466.33618	  3472.33618
 1599	  2145.23682	 -1780.29199	 -3466.33618	  3472.33618
 1600	  2127.32178	 -1779.10352	 -3474.8938	  3480.8938
 1597	  2152.36914	 -1781.01392	 -3470.83081	  3476.83081
 1600	  2127.32178	 -1779.10352	 -3474.8938	  3480.8938
 1599	  2145.23682	 -1780.29199	 -3466.33618	  3472.33618
 1601	  2127.62744	 -1779.20642	 -3470.76978	  3476.76978
 1602	  2181.25879	 -1786.52014	 -3323.18042	  3329.18042
 1603	  2173.9856	 -1785.21777	 -3332.76733	  3338.76733
 1604	  2182.82104	 -1786.14075	 -3333.94116	  3339.94116
 1603	  2173.9856	 -1785.21777	 -3332.76733	  3338.76733
 1602	  2181.25879	 -1786.52014	 -3323.18042	  3329.18042
 1605	  2172.79004	 -1785.54358	 -3325.51563	  3331.51563
 1602	  2181.25879	 -1786.52014	 -3323.18042	  3329.18042
 1606	  2159.07886	 -1785.15625	 -3312.59131	  3318.59131
 1605	  2172.79004	 -1785.54358	 -3325.51563	  3331.51563
 1605	  2172.79004	 -1785.54358	 -3325.51563	  3331.51563
 1606	  2159.07886	 -1785.15625	 -3312.59131	  3318.59131
 1607	  2157.79639	 -1784.95667	 -3316.58008	  3322.58008
 1608	  2156.90674	 -1753.83459	 -3309.04248	  3315.04248
 1609	  2177.49487	 -1754.57031	 -3323.81104	  3329.81104
 1610	  2156.30273	 -1753.53845	 -3312.19751	  3318.19751
 1609	  2177.49487	 -1754.57031	 -3323.81104	  3329.81104
 1608	  2156.90674	 -1753.83459	 -3309.04248	  3315.04248
 1611	  2186.57495	 -1755.40808	 -3322.34106	  3328.34106
 1611	  2186.57495	 -1755.40808	 -3322.34106	  3328.34106
 1612	  2179.23071	 -1754.63342	 -3333.29663	  3339.29663
 1609	  2177.49487	 -1754.57031	 -3323.81104	  3329.81104
 1612	  2179.23071	 -1754.63342	 -3333.29663	  3339.29663
 1611	  2186.57495	 -1755.40808	 -3322.34106	  3328.34106
 1613	  2188.93457	 -1755.46606	 -3334.64404	  3340.64404
 1614	  1917.37573	 -1508.49512	 -3422.13281	  3428.13281
 1615	  1920.22607	 -1512.8429	 -3421.70361	  3427.70361
 1616	  1920.08459	 -1512.81042	 -3422.3147	  3428.3147
 1615	  1920.22607	 -1512.8429	 -3421.70361	  3427.70361
 1614	  1917.37573	 -1508.49512	 -3422.13281	  3428.13281
 1617	  1917.58704	 -1508.54114	 -3420.97925	  3426.97925
 1617	  1917.58704	 -1508.54114	 -3420.97925	  3426.97925
 1614	  1917.37573	 -1508.49512	 -3422.13281	  3428.13281
 1618	  1917.27332	 -1489.23828	 -3421.52734	  3427.52734
 1619	  1917.63818	 -1489.30798	 -3419.66064	  3425.66064
 1617	  1917.58704	 -1508.54114	 -3420.97925	  3426.97925
 1618	  1917.27332	 -1489.23828	 -3421.52734	  3427.52734
 1620	  1910.95422	 -1512.15051	 -3420.42188	  3426.42188
 1621	  1913.6311	 -1508.21545	 -3421.61523	  3427.61523
 1622	  1910.85571	 -1512.12122	 -3421.03906	  3427.03906
 1621	  1913.6311	 -1508.21545	 -3421.61523	  3427.61523
 1620	  1910.95422	 -1512.15051	 -3420.42188	  3426.42188
 1623	  1913.87036	 -1508.26343	 -3420.46533	  3426.46533
 1624	  1914.61414	 -1489.03967	 -3421.15991	  3427.15991
 1621	  1913.6311	 -1508.21545	 -3421.61523	  3427.61523
 1623	  1913.87036	 -1508.26343	 -3420.46533	  3426.46533
 1623	  1913.87036	 -1508.26343	 -3420.46533	  3426.46533
 1625	  1914.97937	 -1489.10938	 -3419.29297	  3425.29297
 1624	  1914.61414	 -1489.03967	 -3421.15991	  3427.15991
 1626	  1910.85571	 -1512.12122	 -3421.03906	  3427.03906
 1627	  1920.03857	 -1518.32959	 -3422.10107	  3428.10107
 1628	  1910.79285	 -1517.63904	 -3420.82349	  3426.82349
 1627	  1920.03857	 -1518.32959	 -3422.10107	  3428.10107
 1626	  1910.85571	 -1512.12122	 -3421.03906	  3427.03906
 1629	  1920.08459	 -1512.81042	 -3422.3147	  3428.3147
 1629	  1920.08459	 -1512.81042	 -3422.3147	  3428.3147
 1626	  1910.85571	 -1512.12122	 -3421.03906	  3427.03906
 1630	  1913.6311	 -1508.21545	 -3421.61523	  3427.61523
 1629	  1920.08459	 -1512.81042	 -3422.3147	  3428.3147
 1630	  1913.6311	 -1508.21545	 -3421.61523	  3427.61523
 1631	  1917.37573	 -1508.49512	 -3422.13281	  3428.13281
 1630	  1913.6311	 -1508.21545	 -3421.61523	  3427.61523
 1632	  1917.27332	 -1489.23828	 -3421.52734	  3427.52734
 1631	  1917.37573	 -1508.49512	 -3422.13281	  3428.13281
 1632	  1917.27332	 -1489.23828	 -3421.52734	  3427.52734
 1630	  1913.6311	 -1508.21545	 -3421.61523	  3427.61523
 1633	  1914.61414	 -1489.03967	 -3421.15991	  3427.15991
 1634	  1959.36194	 -1511.63086	 -3427.93604	  3433.93604
 1635	  1962.21216	 -1515.97876	 -3427.50684	  3433.50684
 1636	  1962.0708	 -1515.94629	 -3428.11816	  3434.11816
 1635	  1962.21216	 -1515.97876	 -3427.50684	  3433.50684
 1634	  1959.36194	 -1511.63086	 -3427.93604	  3433.93604
 1637	  1959.57324	 -1511.67688	 -3426.78247	  3432.78247
 1637	  1959.57324	 -1511.67688	 -3426.78247	  3432.78247
 1634	  1959.36194	 -1511.63086	 -3427.93604	  3433.93604
 1638	  1959.2594	 -1492.37415	 -3427.33105	  3433.33105
 1639	  1959.62439	 -1492.44373	 -3425.46387	  3431.46387
 1637	  1959.57324	 -1511.67688	 -3426.78247	  3432.78247
 1638	  1959.2594	 -1492.37415	 -3427.33105	  3433.33105
 1640	  1952.94067	 -1515.28625	 -3426.22534	  3432.22534
 1641	  1955.61719	 -1511.3512	 -3427.4187	  3433.4187
 1642	  1952.84216	 -1515.25696	 -3426.84253	  3432.84253
 1641	  1955.61719	 -1511.3512	 -3427.4187	  3433.4187
 1640	  1952.94067	 -1515.28625	 -3426.22534	  3432.22534
 1643	  1955.85645	 -1511.39929	 -3426.2688	  3432.2688
 1644	  1956.59998	 -1492.17542	 -3426.96313	  3432.96313
 1641	  1955.61719	 -1511.3512	 -3427.4187	  3433.4187
 1643	  1955.85645	 -1511.39929	 -3426.2688	  3432.2688
 1643	  1955.85645	 -1511.39929	 -3426.2688	  3432.2688
 1645	  1956.96545	 -1492.24524	 -3425.09644	  3431.09644
 1644	  1956.59998	 -1492.17542	 -3426.96313	  3432.96313
 1646	  1952.84216	 -1515.25696	 -3426.84253	  3432.84253
 1647	  1962.0249	 -1521.46545	 -3427.90503	  3433.90503
 1648	  1952.77905	 -1520.7749	 -3426.62671	  3432.62671
 1647	  1962.0249	 -1521.46545	 -3427.90503	  3433.90503
 1646	  1952.84216	 -1515.25696	 -3426.84253	  3432.84253
 1649	  1962.0708	 -1515.94629	 -3428.11816	  3434.11816
 1649	  1962.0708	 -1515.94629	 -3428.11816	  3434.11816
 1646	  1952.84216	 -1515.25696	 -3426.84253	  3432.84253
 1650	  1955.61719	 -1511.3512	 -3427.4187	  3433.4187
 1649	  1962.0708	 -1515.94629	 -3428.11816	  3434.11816
 1650	  1955.61719	 -1511.3512	 -3427.4187	  3433.4187
 1651	  1959.36194	 -1511.63086	 -3427.93604	  3433.93604
 1650	  1955.61719	 -1511.3512	 -3427.4187	  3433.4187
 1652	  1959.2594	 -1492.37415	 -3427.33105	  3433.33105
 1651	  1959.36194	 -1511.63086	 -3427.93604	  3433.93604
 1652	  1959.2594	 -1492.37415	 -3427.33105	  3433.33105
 1650	  1955.61719	 -1511.3512	 -3427.4187	  3433.4187
 1653	  1956.59998	 -1492.17542	 -3426.96313	  3432.96313
 1654	  1936.93982	 -1512.65796	 -3302.48804	  3308.48804
 1655	  1940.40173	 -1493.64661	 -3303.3208	  3309.3208
 1656	  1937.74268	 -1493.44788	 -3302.95313	  3308.95313
 1655	  1940.40173	 -1493.64661	 -3303.3208	  3309.3208
 1654	  1936.93982	 -1512.65796	 -3302.48804	  3308.48804
 1657	  1940.68469	 -1512.93762	 -3303.00562	  3309.00562
 1658	  1934.08167	 -1516.54797	 -3302.33569	  3308.33569
 1657	  1940.68469	 -1512.93762	 -3303.00562	  3309.00562
 1654	  1936.93982	 -1512.65796	 -3302.48804	  3308.48804
 1658	  1934.08167	 -1516.54797	 -3302.33569	  3308.33569
 1659	  1943.31018	 -1517.2373	 -3303.61157	  3309.61157
 1657	  1940.68469	 -1512.93762	 -3303.00562	  3309.00562
 1658	  1934.08167	 -1516.54797	 -3302.33569	  3308.33569
 1660	  1943.17273	 -1522.73877	 -3303.86743	  3309.86743
 1659	  1943.31018	 -1517.2373	 -3303.61157	  3309.61157
 1660	  1943.17273	 -1522.73877	 -3303.86743	  3309.86743
 1658	  1934.08167	 -1516.54797	 -3302.33569	  3308.33569
 1661	  1933.927	 -1522.04822	 -3302.58911	  3308.58911
 1662	  1943.21167	 -1517.22388	 -3304.22876	  3310.22876
 1663	  1940.68469	 -1512.93762	 -3303.00562	  3309.00562
 1664	  1943.31018	 -1517.2373	 -3303.61157	  3309.61157
 1663	  1940.68469	 -1512.93762	 -3303.00562	  3309.00562
 1662	  1943.21167	 -1517.22388	 -3304.22876	  3310.22876
 1665	  1940.44495	 -1512.89771	 -3304.15527	  3310.15527
 1665	  1940.44495	 -1512.89771	 -3304.15527	  3310.15527
 1666	  1940.40173	 -1493.64661	 -3303.3208	  3309.3208
 1663	  1940.68469	 -1512.93762	 -3303.00562	  3309.00562
 1666	  1940.40173	 -1493.64661	 -3303.3208	  3309.3208
 1665	  1940.44495	 -1512.89771	 -3304.15527	  3310.15527
 1667	  1940.03625	 -1493.5769	 -3305.1875	  3311.1875
 1668	  1936.93982	 -1512.65796	 -3302.48804	  3308.48804
 1669	  1933.93982	 -1516.53137	 -3302.94727	  3308.94727
 1670	  1934.08167	 -1516.54797	 -3302.33569	  3308.33569
 1669	  1933.93982	 -1516.53137	 -3302.94727	  3308.94727
 1668	  1936.93982	 -1512.65796	 -3302.48804	  3308.48804
 1671	  1936.72815	 -1512.62012	 -3303.6416	  3309.6416
 1672	  1937.74268	 -1493.44788	 -3302.95313	  3308.95313
 1671	  1936.72815	 -1512.62012	 -3303.6416	  3309.6416
 1668	  1936.93982	 -1512.65796	 -3302.48804	  3308.48804
 1673	  1937.37732	 -1493.3783	 -3304.82007	  3310.82007
 1671	  1936.72815	 -1512.62012	 -3303.6416	  3309.6416
 1672	  1937.74268	 -1493.44788	 -3302.95313	  3308.95313
 1674	  1978.9259	 -1515.7937	 -3308.29126	  3314.29126
 1675	  1982.38794	 -1496.78235	 -3309.12402	  3315.12402
 1676	  1979.72888	 -1496.58374	 -3308.75684	  3314.75684
 1675	  1982.38794	 -1496.78235	 -3309.12402	  3315.12402
 1674	  1978.9259	 -1515.7937	 -3308.29126	  3314.29126
 1677	  1982.6709	 -1516.07336	 -3308.80908	  3314.80908
 1678	  1976.06775	 -1519.68384	 -3308.13916	  3314.13916
 1677	  1982.6709	 -1516.07336	 -3308.80908	  3314.80908
 1674	  1978.9259	 -1515.7937	 -3308.29126	  3314.29126
 1678	  1976.06775	 -1519.68384	 -3308.13916	  3314.13916
 1679	  1985.29663	 -1520.37305	 -3309.41479	  3315.41479
 1677	  1982.6709	 -1516.07336	 -3308.80908	  3314.80908
 1678	  1976.06775	 -1519.68384	 -3308.13916	  3314.13916
 1680	  1985.15881	 -1525.87463	 -3309.67065	  3315.67065
 1679	  1985.29663	 -1520.37305	 -3309.41479	  3315.41479
 1680	  1985.15881	 -1525.87463	 -3309.67065	  3315.67065
 1678	  1976.06775	 -1519.68384	 -3308.13916	  3314.13916
 1681	  1975.91309	 -1525.18408	 -3308.39282	  3314.39282
 1682	  1985.19775	 -1520.35962	 -3310.03198	  3316.03198
 1683	  1982.6709	 -1516.07336	 -3308.80908	  3314.80908
 1684	  1985.29663	 -1520.37305	 -3309.41479	  3315.41479
 1683	  1982.6709	 -1516.07336	 -3308.80908	  3314.80908
 1682	  1985.19775	 -1520.35962	 -3310.03198	  3316.03198
 1685	  1982.4314	 -1516.03345	 -3309.9585	  3315.9585
 1685	  1982.4314	 -1516.03345	 -3309.9585	  3315.9585
 1686	  1982.38794	 -1496.78235	 -3309.12402	  3315.12402
 1683	  1982.6709	 -1516.07336	 -3308.80908	  3314.80908
 1686	  1982.38794	 -1496.78235	 -3309.12402	  3315.12402
 1685	  1982.4314	 -1516.03345	 -3309.9585	  3315.9585
 1687	  1982.02246	 -1496.71265	 -3310.99097	  3316.99097
 1688	  1978.9259	 -1515.7937	 -3308.29126	  3314.29126
 1689	  1975.92615	 -1519.66724	 -3308.75049	  3314.75049
 1690	  1976.06775	 -1519.68384	 -3308.13916	  3314.13916
 1689	  1975.92615	 -1519.66724	 -3308.75049	  3314.75049
 1688	  1978.9259	 -1515.7937	 -3308.29126	  3314.29126
 1691	  1978.71484	 -1515.75598	 -3309.44482	  3315.44482
 1692	  1979.72888	 -1496.58374	 -3308.75684	  3314.75684
 1691	  1978.71484	 -1515.75598	 -3309.44482	  3315.44482
 1688	  1978.9259	 -1515.7937	 -3308.29126	  3314.29126
 1693	  1979.36377	 -1496.51404	 -3310.62354	  3316.62354
 1691	  1978.71484	 -1515.75598	 -3309.44482	  3315.44482
 1692	  1979.72888	 -1496.58374	 -3308.75684	  3314.75684
 1694	  2046.61353	 -1613.578	 -3398.65454	  3404.65454
 1695	  2048.03564	 -1614.45117	 -3392.66699	  3398.66699
 1696	  2048.76343	 -1615.93298	 -3392.82056	  3398.82056
 1696	  2048.76343	 -1615.93298	 -3392.82056	  3398.82056
 1697	  2047.34985	 -1615.05823	 -3398.82446	  3404.82446
 1694	  2046.61353	 -1613.578	 -3398.65454	  3404.65454
 1697	  2047.34985	 -1615.05823	 -3398.82446	  3404.82446
 1698	  2040.24451	 -1623.53882	 -3433.69922	  3439.69922
 1694	  2046.61353	 -1613.578	 -3398.65454	  3404.65454
 1698	  2040.24451	 -1623.53882	 -3433.69922	  3439.69922
 1697	  2047.34985	 -1615.05823	 -3398.82446	  3404.82446
 1699	  2042.41406	 -1627.43323	 -3433.7373	  3439.7373
 1700	  2041.14038	 -1625.88037	 -3434.63965	  3440.63965
 1698	  2040.24451	 -1623.53882	 -3433.69922	  3439.69922
 1699	  2042.41406	 -1627.43323	 -3433.7373	  3439.7373
 1701	  2054.31714	 -1615.54004	 -3347.3606	  3353.3606
 1702	  2053.47144	 -1616.65552	 -3341.30298	  3347.30298
 1703	  2054.33594	 -1617.83557	 -3341.25024	  3347.25024
 1703	  2054.33594	 -1617.83557	 -3341.25024	  3347.25024
 1704	  2055.19556	 -1616.71326	 -3347.32104	  3353.32104
 1701	  2054.31714	 -1615.54004	 -3347.3606	  3353.3606
 1704	  2055.19556	 -1616.71326	 -3347.32104	  3353.32104
 1705	  2062.39331	 -1623.14478	 -3382.25464	  3388.25464
 1701	  2054.31714	 -1615.54004	 -3347.3606	  3353.3606
 1705	  2062.39331	 -1623.14478	 -3382.25464	  3388.25464
 1704	  2055.19556	 -1616.71326	 -3347.32104	  3353.32104
 1706	  2064.76782	 -1626.20154	 -3381.70093	  3387.70093
 1707	  2063.78394	 -1625.01111	 -3382.90039	  3388.90039
 1705	  2062.39331	 -1623.14478	 -3382.25464	  3388.25464
 1706	  2064.76782	 -1626.20154	 -3381.70093	  3387.70093
 1708	  1677.29211	 -1696.99841	 -3250.8877	  3256.8877
 1709	  1723.84814	 -1755.23022	 -3258.95776	  3264.95776
 1710	  1679.86438	 -1749.77271	 -3253.98438	  3259.98438
 1709	  1723.84814	 -1755.23022	 -3258.95776	  3264.95776
 1708	  1677.29211	 -1696.99841	 -3250.8877	  3256.8877
 1711	  1731.6001	 -1700.6665	 -3255.03149	  3261.03149
 1711	  1731.6001	 -1700.6665	 -3255.03149	  3261.03149
 1712	  1746.2804	 -1767.53784	 -3255.15161	  3261.15161
 1709	  1723.84814	 -1755.23022	 -3258.95776	  3264.95776
 1712	  1746.2804	 -1767.53784	 -3255.15161	  3261.15161
 1711	  1731.6001	 -1700.6665	 -3255.03149	  3261.03149
 1713	  1759.06763	 -1708.24426	 -3252.67139	  3258.67139
 1714	  1724.10608	 -1755.75049	 -3255.94312	  3261.94312
 1715	  1746.2804	 -1767.53784	 -3255.15161	  3261.15161
 1716	  1746.74219	 -1767.48657	 -3252.74194	  3258.74194
 1717	  1723.84814	 -1755.23022	 -3258.95776	  3264.95776
 1715	  1746.2804	 -1767.53784	 -3255.15161	  3261.15161
 1714	  1724.10608	 -1755.75049	 -3255.94312	  3261.94312
 1718	  1682.44641	 -1750.30591	 -3250.28711	  3256.28711
 1717	  1723.84814	 -1755.23022	 -3258.95776	  3264.95776
 1714	  1724.10608	 -1755.75049	 -3255.94312	  3261.94312
 1717	  1723.84814	 -1755.23022	 -3258.95776	  3264.95776
 1718	  1682.44641	 -1750.30591	 -3250.28711	  3256.28711
 1719	  1679.86438	 -1749.77271	 -3253.98438	  3259.98438
 1719	  1679.86438	 -1749.77271	 -3253.98438	  3259.98438
 1718	  1682.44641	 -1750.30591	 -3250.28711	  3256.28711
 1720	  1676.26221	 -1749.50488	 -3252.23022	  3258.23022
 1721	  1674.22937	 -1749.14075	 -3259.62012	  3265.62012
 1719	  1679.86438	 -1749.77271	 -3253.98438	  3259.98438
 1720	  1676.26221	 -1749.50488	 -3252.23022	  3258.23022
 1721	  1674.22937	 -1749.14075	 -3259.62012	  3265.62012
 1722	  1669.54272	 -1747.92004	 -3298.40259	  3304.40259
 1719	  1679.86438	 -1749.77271	 -3253.98438	  3259.98438
 1722	  1669.54272	 -1747.92004	 -3298.40259	  3304.40259
 1723	  1666.26489	 -1747.12683	 -3297.8645	  3303.8645
 1724	  1667.4585	 -1748.10986	 -3299.67969	  3305.67969
 1722	  1669.54272	 -1747.92004	 -3298.40259	  3304.40259
 1721	  1674.22937	 -1749.14075	 -3259.62012	  3265.62012
 1723	  1666.26489	 -1747.12683	 -3297.8645	  3303.8645
 1721	  1674.22937	 -1749.14075	 -3259.62012	  3265.62012
 1725	  1665.12427	 -1748.22681	 -3286.17773	  3292.17773
 1723	  1666.26489	 -1747.12683	 -3297.8645	  3303.8645
 1725	  1665.12427	 -1748.22681	 -3286.17773	  3292.17773
 1721	  1674.22937	 -1749.14075	 -3259.62012	  3265.62012
 1726	  1668.26685	 -1748.82581	 -3270.11621	  3276.11621
 1727	  1686.88684	 -1604.96179	 -3251.56738	  3257.56738
 1728	  1918.15796	 -1633.94739	 -3283.24854	  3289.24854
 1729	  1918.54089	 -1624.78601	 -3283.81055	  3289.81055
 1728	  1918.15796	 -1633.94739	 -3283.24854	  3289.24854
 1727	  1686.88684	 -1604.96179	 -3251.56738	  3257.56738
 1730	  1686.02161	 -1614.07996	 -3250.9375	  3256.9375
 1731	  1677.81494	 -1604.63196	 -3254.08716	  3260.08716
 1730	  1686.02161	 -1614.07996	 -3250.9375	  3256.9375
 1727	  1686.88684	 -1604.96179	 -3251.56738	  3257.56738
 1730	  1686.02161	 -1614.07996	 -3250.9375	  3256.9375
 1731	  1677.81494	 -1604.63196	 -3254.08716	  3260.08716
 1732	  1677.09973	 -1613.0946	 -3253.41699	  3259.41699
 1731	  1677.81494	 -1604.63196	 -3254.08716	  3260.08716
 1733	  1673.4762	 -1612.58386	 -3259.7439	  3265.7439
 1732	  1677.09973	 -1613.0946	 -3253.41699	  3259.41699
 1731	  1677.81494	 -1604.63196	 -3254.08716	  3260.08716
 1734	  1674.12134	 -1604.13135	 -3260.07959	  3266.07959
 1733	  1673.4762	 -1612.58386	 -3259.7439	  3265.7439
 1735	  1917.39514	 -1624.79456	 -3289.33911	  3295.33911
 1736	  1686.88684	 -1604.96179	 -3251.56738	  3257.56738
 1737	  1918.54089	 -1624.78601	 -3283.81055	  3289.81055
 1735	  1917.39514	 -1624.79456	 -3289.33911	  3295.33911
 1738	  1685.57507	 -1604.72815	 -3256.86938	  3262.86938
 1736	  1686.88684	 -1604.96179	 -3251.56738	  3257.56738
 1738	  1685.57507	 -1604.72815	 -3256.86938	  3262.86938
 1739	  1677.81494	 -1604.63196	 -3254.08716	  3260.08716
 1736	  1686.88684	 -1604.96179	 -3251.56738	  3257.56738
 1739	  1677.81494	 -1604.63196	 -3254.08716	  3260.08716
 1738	  1685.57507	 -1604.72815	 -3256.86938	  3262.86938
 1740	  1681.83447	 -1604.9303	 -3258.25879	  3264.25879
 1740	  1681.83447	 -1604.9303	 -3258.25879	  3264.25879
 1741	  1674.12134	 -1604.13135	 -3260.07959	  3266.07959
 1739	  1677.81494	 -1604.63196	 -3254.08716	  3260.08716
 1741	  1674.12134	 -1604.13135	 -3260.07959	  3266.07959
 1740	  1681.83447	 -1604.9303	 -3258.25879	  3264.25879
 1742	  1680.31934	 -1604.80945	 -3261.28247	  3267.28247
 1743	  1850.43787	 -1682.67639	 -3278.94287	  3284.94287
 1744	  1915.19263	 -1712.93237	 -3288.44165	  3294.44165
 1745	  1851.79907	 -1708.20593	 -3279.31128	  3285.31128
 1744	  1915.19263	 -1712.93237	 -3288.44165	  3294.44165
 1743	  1850.43787	 -1682.67639	 -3278.94287	  3284.94287
 1746	  1917.39514	 -1624.79456	 -3289.33911	  3295.33911
 1746	  1917.39514	 -1624.79456	 -3289.33911	  3295.33911
 1743	  1850.43787	 -1682.67639	 -3278.94287	  3284.94287
 1747	  1842.94763	 -1662.50317	 -3277.73608	  3283.73608
 1748	  1826.88879	 -1651.79541	 -3275.37061	  3281.37061
 1746	  1917.39514	 -1624.79456	 -3289.33911	  3295.33911
 1747	  1842.94763	 -1662.50317	 -3277.73608	  3283.73608
 1748	  1826.88879	 -1651.79541	 -3275.37061	  3281.37061
 1749	  1685.57507	 -1604.72815	 -3256.86938	  3262.86938
 1746	  1917.39514	 -1624.79456	 -3289.33911	  3295.33911
 1749	  1685.57507	 -1604.72815	 -3256.86938	  3262.86938
 1748	  1826.88879	 -1651.79541	 -3275.37061	  3281.37061
 1750	  1772.12744	 -1647.1582	 -3267.88037	  3273.88037
 1750	  1772.12744	 -1647.1582	 -3267.88037	  3273.88037
 1751	  1752.6709	 -1655.99646	 -3265.55469	  3271.55469
 1749	  1685.57507	 -1604.72815	 -3256.86938	  3262.86938
 1749	  1685.57507	 -1604.72815	 -3256.86938	  3262.86938
 1751	  1752.6709	 -1655.99646	 -3265.55469	  3271.55469
 1752	  1684.07056	 -1695.67236	 -3256.42407	  3262.42407
 1751	  1752.6709	 -1655.99646	 -3265.55469	  3271.55469
 1753	  1744.0061	 -1673.0719	 -3264.61987	  3270.61987
 1752	  1684.07056	 -1695.67236	 -3256.42407	  3262.42407
 1752	  1684.07056	 -1695.67236	 -3256.42407	  3262.42407
 1753	  1744.0061	 -1673.0719	 -3264.61987	  3270.61987
 1754	  1739.32715	 -1699.79675	 -3264.1731	  3270.1731
 1749	  1685.57507	 -1604.72815	 -3256.86938	  3262.86938
 1752	  1684.07056	 -1695.67236	 -3256.42407	  3262.42407
 1755	  1681.83447	 -1604.9303	 -3258.25879	  3264.25879
 1755	  1681.83447	 -1604.9303	 -3258.25879	  3264.25879
 1752	  1684.07056	 -1695.67236	 -3256.42407	  3262.42407
 1756	  1680.3252	 -1695.34875	 -3257.89282	  3263.89282
 1757	  1678.64307	 -1695.19031	 -3261.78589	  3267.78589
 1755	  1681.83447	 -1604.9303	 -3258.25879	  3264.25879
 1756	  1680.3252	 -1695.34875	 -3257.89282	  3263.89282
 1755	  1681.83447	 -1604.9303	 -3258.25879	  3264.25879
 1757	  1678.64307	 -1695.19031	 -3261.78589	  3267.78589
 1758	  1680.31934	 -1604.80945	 -3261.28247	  3267.28247
 1759	  1915.44385	 -1762.41089	 -3279.73755	  3285.73755
 1760	  1847.22949	 -1790.41357	 -3270.63184	  3276.63184
 1761	  1914.6051	 -1783.78857	 -3283.61816	  3289.61816
 1760	  1847.22949	 -1790.41357	 -3270.63184	  3276.63184
 1759	  1915.44385	 -1762.41089	 -3279.73755	  3285.73755
 1762	  1846.68176	 -1757.40991	 -3264.11572	  3270.11572
 1763	  1916.14319	 -1724.27307	 -3278.14478	  3284.14478
 1762	  1846.68176	 -1757.40991	 -3264.11572	  3270.11572
 1759	  1915.44385	 -1762.41089	 -3279.73755	  3285.73755
 1763	  1916.14319	 -1724.27307	 -3278.14478	  3284.14478
 1764	  1842.13	 -1717.64612	 -3261.38574	  3267.38574
 1762	  1846.68176	 -1757.40991	 -3264.11572	  3270.11572
 1765	  1863.8418	 -1671.06628	 -3266.73877	  3272.73877
 1764	  1842.13	 -1717.64612	 -3261.38574	  3267.38574
 1763	  1916.14319	 -1724.27307	 -3278.14478	  3284.14478
 1766	  1917.34705	 -1676.00	 -3278.48096	  3284.48096
 1765	  1863.8418	 -1671.06628	 -3266.73877	  3272.73877
 1763	  1916.14319	 -1724.27307	 -3278.14478	  3284.14478
 1764	  1842.13	 -1717.64612	 -3261.38574	  3267.38574
 1765	  1863.8418	 -1671.06628	 -3266.73877	  3272.73877
 1767	  1834.37402	 -1697.85425	 -3259.87646	  3265.87646
 1768	  1917.65088	 -1652.38257	 -3281.39233	  3287.39233
 1765	  1863.8418	 -1671.06628	 -3266.73877	  3272.73877
 1766	  1917.34705	 -1676.00	 -3278.48096	  3284.48096
 1767	  1834.37402	 -1697.85425	 -3259.87646	  3265.87646
 1765	  1863.8418	 -1671.06628	 -3266.73877	  3272.73877
 1769	  1832.00476	 -1668.49475	 -3260.9209	  3266.9209
 1769	  1832.00476	 -1668.49475	 -3260.9209	  3266.9209
 1770	  1828.88867	 -1693.78564	 -3259.03027	  3265.03027
 1767	  1834.37402	 -1697.85425	 -3259.87646	  3265.87646
 1768	  1917.65088	 -1652.38257	 -3281.39233	  3287.39233
 1771	  1830.99329	 -1655.67358	 -3267.21411	  3273.21411
 1765	  1863.8418	 -1671.06628	 -3266.73877	  3272.73877
 1771	  1830.99329	 -1655.67358	 -3267.21411	  3273.21411
 1769	  1832.00476	 -1668.49475	 -3260.9209	  3266.9209
 1765	  1863.8418	 -1671.06628	 -3266.73877	  3272.73877
 1772	  1772.47449	 -1663.4989	 -3253.47583	  3259.47583
 1770	  1828.88867	 -1693.78564	 -3259.03027	  3265.03027
 1769	  1832.00476	 -1668.49475	 -3260.9209	  3266.9209
 1771	  1830.99329	 -1655.67358	 -3267.21411	  3273.21411
 1772	  1772.47449	 -1663.4989	 -3253.47583	  3259.47583
 1769	  1832.00476	 -1668.49475	 -3260.9209	  3266.9209
 1770	  1828.88867	 -1693.78564	 -3259.03027	  3265.03027
 1772	  1772.47449	 -1663.4989	 -3253.47583	  3259.47583
 1773	  1775.01245	 -1689.29443	 -3251.57275	  3257.57275
 1772	  1772.47449	 -1663.4989	 -3253.47583	  3259.47583
 1774	  1768.85767	 -1692.55432	 -3250.81128	  3256.81128
 1773	  1775.01245	 -1689.29443	 -3251.57275	  3257.57275
 1771	  1830.99329	 -1655.67358	 -3267.21411	  3273.21411
 1775	  1771.58826	 -1650.88989	 -3259.11353	  3265.11353
 1772	  1772.47449	 -1663.4989	 -3253.47583	  3259.47583
 1776	  1740.34106	 -1660.77661	 -3253.05371	  3259.05371
 1774	  1768.85767	 -1692.55432	 -3250.81128	  3256.81128
 1772	  1772.47449	 -1663.4989	 -3253.47583	  3259.47583
 1776	  1740.34106	 -1660.77661	 -3253.05371	  3259.05371
 1772	  1772.47449	 -1663.4989	 -3253.47583	  3259.47583
 1775	  1771.58826	 -1650.88989	 -3259.11353	  3265.11353
 1776	  1740.34106	 -1660.77661	 -3253.05371	  3259.05371
 1777	  1759.49646	 -1709.06702	 -3249.91138	  3255.91138
 1774	  1768.85767	 -1692.55432	 -3250.81128	  3256.81128
 1771	  1830.99329	 -1655.67358	 -3267.21411	  3273.21411
 1778	  1684.14087	 -1632.36011	 -3248.88843	  3254.88843
 1775	  1771.58826	 -1650.88989	 -3259.11353	  3265.11353
 1778	  1684.14087	 -1632.36011	 -3248.88843	  3254.88843
 1776	  1740.34106	 -1660.77661	 -3253.05371	  3259.05371
 1775	  1771.58826	 -1650.88989	 -3259.11353	  3265.11353
 1778	  1684.14087	 -1632.36011	 -3248.88843	  3254.88843
 1771	  1830.99329	 -1655.67358	 -3267.21411	  3273.21411
 1768	  1917.65088	 -1652.38257	 -3281.39233	  3287.39233
 1777	  1759.49646	 -1709.06702	 -3249.91138	  3255.91138
 1776	  1740.34106	 -1660.77661	 -3253.05371	  3259.05371
 1779	  1732.10107	 -1701.71545	 -3254.12451	  3260.12451
 1779	  1732.10107	 -1701.71545	 -3254.12451	  3260.12451
 1780	  1746.74219	 -1767.48657	 -3252.74194	  3258.74194
 1777	  1759.49646	 -1709.06702	 -3249.91138	  3255.91138
 1780	  1746.74219	 -1767.48657	 -3252.74194	  3258.74194
 1779	  1732.10107	 -1701.71545	 -3254.12451	  3260.12451
 1781	  1724.10608	 -1755.75049	 -3255.94312	  3261.94312
 1776	  1740.34106	 -1660.77661	 -3253.05371	  3259.05371
 1782	  1681.80579	 -1696.9071	 -3247.4104	  3253.4104
 1779	  1732.10107	 -1701.71545	 -3254.12451	  3260.12451
 1782	  1681.80579	 -1696.9071	 -3247.4104	  3253.4104
 1781	  1724.10608	 -1755.75049	 -3255.94312	  3261.94312
 1779	  1732.10107	 -1701.71545	 -3254.12451	  3260.12451
 1778	  1684.14087	 -1632.36011	 -3248.88843	  3254.88843
 1782	  1681.80579	 -1696.9071	 -3247.4104	  3253.4104
 1776	  1740.34106	 -1660.77661	 -3253.05371	  3259.05371
 1781	  1724.10608	 -1755.75049	 -3255.94312	  3261.94312
 1782	  1681.80579	 -1696.9071	 -3247.4104	  3253.4104
 1783	  1682.44641	 -1750.30591	 -3250.28711	  3256.28711
 1784	  1676.26221	 -1749.50488	 -3252.23022	  3258.23022
 1783	  1682.44641	 -1750.30591	 -3250.28711	  3256.28711
 1782	  1681.80579	 -1696.9071	 -3247.4104	  3253.4104
 1784	  1676.26221	 -1749.50488	 -3252.23022	  3258.23022
 1785	  1668.69727	 -1707.59033	 -3258.64063	  3264.64063
 1786	  1674.22937	 -1749.14075	 -3259.62012	  3265.62012
 1785	  1668.69727	 -1707.59033	 -3258.64063	  3264.64063
 1784	  1676.26221	 -1749.50488	 -3252.23022	  3258.23022
 1787	  1672.86414	 -1696.66284	 -3250.75195	  3256.75195
 1787	  1672.86414	 -1696.66284	 -3250.75195	  3256.75195
 1784	  1676.26221	 -1749.50488	 -3252.23022	  3258.23022
 1782	  1681.80579	 -1696.9071	 -3247.4104	  3253.4104
 1785	  1668.69727	 -1707.59033	 -3258.64063	  3264.64063
 1787	  1672.86414	 -1696.66284	 -3250.75195	  3256.75195
 1788	  1669.54736	 -1696.07947	 -3258.63574	  3264.63574
 1782	  1681.80579	 -1696.9071	 -3247.4104	  3253.4104
 1789	  1674.97058	 -1631.38635	 -3251.43506	  3257.43506
 1787	  1672.86414	 -1696.66284	 -3250.75195	  3256.75195
 1789	  1674.97058	 -1631.38635	 -3251.43506	  3257.43506
 1788	  1669.54736	 -1696.07947	 -3258.63574	  3264.63574
 1787	  1672.86414	 -1696.66284	 -3250.75195	  3256.75195
 1789	  1674.97058	 -1631.38635	 -3251.43506	  3257.43506
 1782	  1681.80579	 -1696.9071	 -3247.4104	  3253.4104
 1778	  1684.14087	 -1632.36011	 -3248.88843	  3254.88843
 1790	  1671.0542	 -1630.88928	 -3258.4397	  3264.4397
 1788	  1669.54736	 -1696.07947	 -3258.63574	  3264.63574
 1789	  1674.97058	 -1631.38635	 -3251.43506	  3257.43506
 1791	  1678.52527	 -1622.71936	 -3254.87427	  3260.87427
 1790	  1671.0542	 -1630.88928	 -3258.4397	  3264.4397
 1789	  1674.97058	 -1631.38635	 -3251.43506	  3257.43506
 1778	  1684.14087	 -1632.36011	 -3248.88843	  3254.88843
 1791	  1678.52527	 -1622.71936	 -3254.87427	  3260.87427
 1789	  1674.97058	 -1631.38635	 -3251.43506	  3257.43506
 1790	  1671.0542	 -1630.88928	 -3258.4397	  3264.4397
 1791	  1678.52527	 -1622.71936	 -3254.87427	  3260.87427
 1792	  1675.59839	 -1622.33472	 -3259.99146	  3265.99146
 1791	  1678.52527	 -1622.71936	 -3254.87427	  3260.87427
 1778	  1684.14087	 -1632.36011	 -3248.88843	  3254.88843
 1793	  1685.46118	 -1623.52124	 -3252.95068	  3258.95068
 1768	  1917.65088	 -1652.38257	 -3281.39233	  3287.39233
 1793	  1685.46118	 -1623.52124	 -3252.95068	  3258.95068
 1778	  1684.14087	 -1632.36011	 -3248.88843	  3254.88843
 1793	  1685.46118	 -1623.52124	 -3252.95068	  3258.95068
 1768	  1917.65088	 -1652.38257	 -3281.39233	  3287.39233
 1794	  1917.27649	 -1643.39758	 -3285.22607	  3291.22607
 1792	  1675.59839	 -1622.33472	 -3259.99146	  3265.99146
 1791	  1678.52527	 -1622.71936	 -3254.87427	  3260.87427
 1795	  1679.7959	 -1615.00916	 -3256.03198	  3262.03198
 1793	  1685.46118	 -1623.52124	 -3252.95068	  3258.95068
 1795	  1679.7959	 -1615.00916	 -3256.03198	  3262.03198
 1791	  1678.52527	 -1622.71936	 -3254.87427	  3260.87427
 1795	  1679.7959	 -1615.00916	 -3256.03198	  3262.03198
 1796	  1677.10706	 -1614.71497	 -3260.64282	  3266.64282
 1792	  1675.59839	 -1622.33472	 -3259.99146	  3265.99146
 1795	  1679.7959	 -1615.00916	 -3256.03198	  3262.03198
 1797	  1673.4762	 -1612.58386	 -3259.7439	  3265.7439
 1796	  1677.10706	 -1614.71497	 -3260.64282	  3266.64282
 1797	  1673.4762	 -1612.58386	 -3259.7439	  3265.7439
 1795	  1679.7959	 -1615.00916	 -3256.03198	  3262.03198
 1798	  1677.09973	 -1613.0946	 -3253.41699	  3259.41699
 1795	  1679.7959	 -1615.00916	 -3256.03198	  3262.03198
 1799	  1686.02161	 -1614.07996	 -3250.9375	  3256.9375
 1798	  1677.09973	 -1613.0946	 -3253.41699	  3259.41699
 1795	  1679.7959	 -1615.00916	 -3256.03198	  3262.03198
 1793	  1685.46118	 -1623.52124	 -3252.95068	  3258.95068
 1800	  1686.12463	 -1615.72974	 -3254.27905	  3260.27905
 1799	  1686.02161	 -1614.07996	 -3250.9375	  3256.9375
 1795	  1679.7959	 -1615.00916	 -3256.03198	  3262.03198
 1800	  1686.12463	 -1615.72974	 -3254.27905	  3260.27905
 1794	  1917.27649	 -1643.39758	 -3285.22607	  3291.22607
 1800	  1686.12463	 -1615.72974	 -3254.27905	  3260.27905
 1793	  1685.46118	 -1623.52124	 -3252.95068	  3258.95068
 1801	  1918.15796	 -1633.94739	 -3283.24854	  3289.24854
 1799	  1686.02161	 -1614.07996	 -3250.9375	  3256.9375
 1800	  1686.12463	 -1615.72974	 -3254.27905	  3260.27905
 1800	  1686.12463	 -1615.72974	 -3254.27905	  3260.27905
 1794	  1917.27649	 -1643.39758	 -3285.22607	  3291.22607
 1802	  1917.35962	 -1635.25183	 -3286.64648	  3292.64648
 1801	  1918.15796	 -1633.94739	 -3283.24854	  3289.24854
 1800	  1686.12463	 -1615.72974	 -3254.27905	  3260.27905
 1802	  1917.35962	 -1635.25183	 -3286.64648	  3292.64648
 1803	  1656.67212	 -1746.05396	 -3354.80859	  3360.80859
 1804	  1669.54272	 -1747.92004	 -3298.40259	  3304.40259
 1805	  1667.4585	 -1748.10986	 -3299.67969	  3305.67969
 1804	  1669.54272	 -1747.92004	 -3298.40259	  3304.40259
 1803	  1656.67212	 -1746.05396	 -3354.80859	  3360.80859
 1806	  1658.1604	 -1745.75061	 -3356.57495	  3362.57495
 1806	  1658.1604	 -1745.75061	 -3356.57495	  3362.57495
 1803	  1656.67212	 -1746.05396	 -3354.80859	  3360.80859
 1807	  1654.85156	 -1744.95154	 -3356.19556	  3362.19556
 1808	  1647.82361	 -1744.10791	 -3394.57593	  3400.57593
 1806	  1658.1604	 -1745.75061	 -3356.57495	  3362.57495
 1807	  1654.85156	 -1744.95154	 -3356.19556	  3362.19556
 1809	  1649.31604	 -1745.21387	 -3366.97095	  3372.97095
 1808	  1647.82361	 -1744.10791	 -3394.57593	  3400.57593
 1807	  1654.85156	 -1744.95154	 -3356.19556	  3362.19556
 1808	  1647.82361	 -1744.10791	 -3394.57593	  3400.57593
 1809	  1649.31604	 -1745.21387	 -3366.97095	  3372.97095
 1810	  1646.17322	 -1744.61475	 -3383.03296	  3389.03296
 1811	  1651.0144	 -1744.27393	 -3401.43262	  3407.43262
 1806	  1658.1604	 -1745.75061	 -3356.57495	  3362.57495
 1808	  1647.82361	 -1744.10791	 -3394.57593	  3400.57593
 1812	  1646.93359	 -1743.91492	 -3402.12451	  3408.12451
 1811	  1651.0144	 -1744.27393	 -3401.43262	  3407.43262
 1808	  1647.82361	 -1744.10791	 -3394.57593	  3400.57593
 1811	  1651.0144	 -1744.27393	 -3401.43262	  3407.43262
 1812	  1646.93359	 -1743.91492	 -3402.12451	  3408.12451
 1813	  1652.05103	 -1744.5127	 -3405.63354	  3411.63354
 1813	  1652.05103	 -1744.5127	 -3405.63354	  3411.63354
 1814	  1694.57141	 -1749.65015	 -3408.58594	  3414.58594
 1811	  1651.0144	 -1744.27393	 -3401.43262	  3407.43262
 1814	  1694.57141	 -1749.65015	 -3408.58594	  3414.58594
 1813	  1652.05103	 -1744.5127	 -3405.63354	  3411.63354
 1815	  1693.66626	 -1749.94873	 -3411.51636	  3417.51636
 1816	  1714.34753	 -1761.45154	 -3418.35522	  3424.35522
 1814	  1694.57141	 -1749.65015	 -3408.58594	  3414.58594
 1815	  1693.66626	 -1749.94873	 -3411.51636	  3417.51636
 1815	  1693.66626	 -1749.94873	 -3411.51636	  3417.51636
 1817	  1713.86707	 -1761.22083	 -3420.7605	  3426.7605
 1816	  1714.34753	 -1761.45154	 -3418.35522	  3424.35522
 1818	  1669.54272	 -1747.92004	 -3298.40259	  3304.40259
 1819	  1658.1604	 -1745.75061	 -3356.57495	  3362.57495
 1820	  1663.94189	 -1694.26978	 -3327.17773	  3333.17773
 1821	  1647.52063	 -1691.32397	 -3403.04395	  3409.04395
 1820	  1663.94189	 -1694.26978	 -3327.17773	  3333.17773
 1819	  1658.1604	 -1745.75061	 -3356.57495	  3362.57495
 1821	  1647.52063	 -1691.32397	 -3403.04395	  3409.04395
 1819	  1658.1604	 -1745.75061	 -3356.57495	  3362.57495
 1822	  1651.0144	 -1744.27393	 -3401.43262	  3407.43262
 1823	  1694.57141	 -1749.65015	 -3408.58594	  3414.58594
 1824	  1647.52063	 -1691.32397	 -3403.04395	  3409.04395
 1825	  1651.0144	 -1744.27393	 -3401.43262	  3407.43262
 1824	  1647.52063	 -1691.32397	 -3403.04395	  3409.04395
 1823	  1694.57141	 -1749.65015	 -3408.58594	  3414.58594
 1826	  1700.54858	 -1694.74817	 -3413.73047	  3419.73047
 1827	  1714.34753	 -1761.45154	 -3418.35522	  3424.35522
 1826	  1700.54858	 -1694.74817	 -3413.73047	  3419.73047
 1823	  1694.57141	 -1749.65015	 -3408.58594	  3414.58594
 1826	  1700.54858	 -1694.74817	 -3413.73047	  3419.73047
 1827	  1714.34753	 -1761.45154	 -3418.35522	  3424.35522
 1828	  1725.65771	 -1701.87646	 -3423.42432	  3429.42432
 1829	  1654.84839	 -1599.78687	 -3396.1792	  3402.1792
 1830	  1648.23584	 -1599.19763	 -3392.37622	  3398.37622
 1831	  1654.56519	 -1599.90076	 -3392.90771	  3398.90771
 1829	  1654.84839	 -1599.78687	 -3396.1792	  3402.1792
 1832	  1649.45129	 -1599.22595	 -3399.04834	  3405.04834
 1830	  1648.23584	 -1599.19763	 -3392.37622	  3398.37622
 1832	  1649.45129	 -1599.22595	 -3399.04834	  3405.04834
 1829	  1654.84839	 -1599.78687	 -3396.1792	  3402.1792
 1833	  1657.86401	 -1599.44653	 -3398.49634	  3404.49634
 1832	  1649.45129	 -1599.22595	 -3399.04834	  3405.04834
 1833	  1657.86401	 -1599.44653	 -3398.49634	  3404.49634
 1834	  1657.08655	 -1599.28186	 -3403.87231	  3409.87231
 1833	  1657.86401	 -1599.44653	 -3398.49634	  3404.49634
 1835	  1889.84045	 -1619.54272	 -3430.16797	  3436.16797
 1834	  1657.08655	 -1599.28186	 -3403.87231	  3409.87231
 1836	  1888.81946	 -1619.12134	 -3435.71045	  3441.71045
 1834	  1657.08655	 -1599.28186	 -3403.87231	  3409.87231
 1835	  1889.84045	 -1619.54272	 -3430.16797	  3436.16797
 1837	  1657.08655	 -1599.28186	 -3403.87231	  3409.87231
 1838	  1888.81946	 -1619.12134	 -3435.71045	  3441.71045
 1839	  1888.22131	 -1628.24158	 -3436.25024	  3442.25024
 1837	  1657.08655	 -1599.28186	 -3403.87231	  3409.87231
 1839	  1888.22131	 -1628.24158	 -3436.25024	  3442.25024
 1840	  1656.00537	 -1608.35901	 -3404.3457	  3410.3457
 1841	  1649.45129	 -1599.22595	 -3399.04834	  3405.04834
 1837	  1657.08655	 -1599.28186	 -3403.87231	  3409.87231
 1840	  1656.00537	 -1608.35901	 -3404.3457	  3410.3457
 1841	  1649.45129	 -1599.22595	 -3399.04834	  3405.04834
 1840	  1656.00537	 -1608.35901	 -3404.3457	  3410.3457
 1842	  1648.49854	 -1607.64343	 -3399.59253	  3405.59253
 1843	  1647.47681	 -1607.62842	 -3392.62256	  3398.62256
 1841	  1649.45129	 -1599.22595	 -3399.04834	  3405.04834
 1842	  1648.49854	 -1607.64343	 -3399.59253	  3405.59253
 1841	  1649.45129	 -1599.22595	 -3399.04834	  3405.04834
 1843	  1647.47681	 -1607.62842	 -3392.62256	  3398.62256
 1844	  1648.23584	 -1599.19763	 -3392.37622	  3398.37622
 1845	  1822.30103	 -1677.31348	 -3422.74634	  3428.74634
 1846	  1823.67139	 -1702.84485	 -3423.06763	  3429.06763
 1847	  1887.20508	 -1707.59814	 -3431.48169	  3437.48169
 1847	  1887.20508	 -1707.59814	 -3431.48169	  3437.48169
 1848	  1889.84045	 -1619.54272	 -3430.16797	  3436.16797
 1845	  1822.30103	 -1677.31348	 -3422.74634	  3428.74634
 1848	  1889.84045	 -1619.54272	 -3430.16797	  3436.16797
 1849	  1814.7915	 -1657.13672	 -3421.63843	  3427.63843
 1845	  1822.30103	 -1677.31348	 -3422.74634	  3428.74634
 1850	  1798.69897	 -1646.42273	 -3419.44287	  3425.44287
 1849	  1814.7915	 -1657.13672	 -3421.63843	  3427.63843
 1848	  1889.84045	 -1619.54272	 -3430.16797	  3436.16797
 1851	  1657.86401	 -1599.44653	 -3398.49634	  3404.49634
 1850	  1798.69897	 -1646.42273	 -3419.44287	  3425.44287
 1848	  1889.84045	 -1619.54272	 -3430.16797	  3436.16797
 1850	  1798.69897	 -1646.42273	 -3419.44287	  3425.44287
 1851	  1657.86401	 -1599.44653	 -3398.49634	  3404.49634
 1852	  1743.96924	 -1641.79138	 -3411.79224	  3417.79224
 1852	  1743.96924	 -1641.79138	 -3411.79224	  3417.79224
 1851	  1657.86401	 -1599.44653	 -3398.49634	  3404.49634
 1853	  1724.62695	 -1650.65125	 -3408.88159	  3414.88159
 1851	  1657.86401	 -1599.44653	 -3398.49634	  3404.49634
 1854	  1656.05566	 -1690.33276	 -3399.60278	  3405.60278
 1853	  1724.62695	 -1650.65125	 -3408.88159	  3414.88159
 1853	  1724.62695	 -1650.65125	 -3408.88159	  3414.88159
 1854	  1656.05566	 -1690.33276	 -3399.60278	  3405.60278
 1855	  1716.02124	 -1667.73816	 -3407.64722	  3413.64722
 1854	  1656.05566	 -1690.33276	 -3399.60278	  3405.60278
 1856	  1711.35486	 -1694.46533	 -3407.13525	  3413.13525
 1855	  1716.02124	 -1667.73816	 -3407.64722	  3413.64722
 1854	  1656.05566	 -1690.33276	 -3399.60278	  3405.60278
 1851	  1657.86401	 -1599.44653	 -3398.49634	  3404.49634
 1857	  1654.84839	 -1599.78687	 -3396.1792	  3402.1792
 1857	  1654.84839	 -1599.78687	 -3396.1792	  3402.1792
 1858	  1653.06726	 -1690.15344	 -3397.20361	  3403.20361
 1854	  1656.05566	 -1690.33276	 -3399.60278	  3405.60278
 1857	  1654.84839	 -1599.78687	 -3396.1792	  3402.1792
 1859	  1652.95691	 -1690.29468	 -3393.06323	  3399.06323
 1858	  1653.06726	 -1690.15344	 -3397.20361	  3403.20361
 1859	  1652.95691	 -1690.29468	 -3393.06323	  3399.06323
 1857	  1654.84839	 -1599.78687	 -3396.1792	  3402.1792
 1860	  1654.56519	 -1599.90076	 -3392.90771	  3398.90771
 1861	  1815.84241	 -1784.4314	 -3431.04614	  3437.04614
 1862	  1884.01123	 -1756.41992	 -3440.38452	  3446.38452
 1863	  1884.64478	 -1778.07837	 -3436.74023	  3442.74023
 1862	  1884.01123	 -1756.41992	 -3440.38452	  3446.38452
 1861	  1815.84241	 -1784.4314	 -3431.04614	  3437.04614
 1864	  1812.91821	 -1750.97485	 -3436.67554	  3442.67554
 1864	  1812.91821	 -1750.97485	 -3436.67554	  3442.67554
 1865	  1884.15601	 -1718.17639	 -3441.62476	  3447.62476
 1862	  1884.01123	 -1756.41992	 -3440.38452	  3446.38452
 1865	  1884.15601	 -1718.17639	 -3441.62476	  3447.62476
 1864	  1812.91821	 -1750.97485	 -3436.67554	  3442.67554
 1866	  1807.65833	 -1711.07605	 -3437.56396	  3443.56396
 1867	  1830.37939	 -1664.68835	 -3437.76074	  3443.76074
 1865	  1884.15601	 -1718.17639	 -3441.62476	  3447.62476
 1866	  1807.65833	 -1711.07605	 -3437.56396	  3443.56396
 1868	  1885.53821	 -1669.93738	 -3441.05078	  3447.05078
 1865	  1884.15601	 -1718.17639	 -3441.62476	  3447.62476
 1867	  1830.37939	 -1664.68835	 -3437.76074	  3443.76074
 1869	  1799.78088	 -1691.26086	 -3436.67603	  3442.67603
 1867	  1830.37939	 -1664.68835	 -3437.76074	  3443.76074
 1866	  1807.65833	 -1711.07605	 -3437.56396	  3443.56396
 1867	  1830.37939	 -1664.68835	 -3437.76074	  3443.76074
 1870	  1886.99036	 -1646.53894	 -3438.09253	  3444.09253
 1868	  1885.53821	 -1669.93738	 -3441.05078	  3447.05078
 1867	  1830.37939	 -1664.68835	 -3437.76074	  3443.76074
 1869	  1799.78088	 -1691.26086	 -3436.67603	  3442.67603
 1871	  1798.00256	 -1662.01392	 -3434.69971	  3440.69971
 1871	  1798.00256	 -1662.01392	 -3434.69971	  3440.69971
 1869	  1799.78088	 -1691.26086	 -3436.67603	  3442.67603
 1872	  1794.27026	 -1687.18738	 -3435.95752	  3441.95752
 1873	  1799.47192	 -1649.66565	 -3428.31519	  3434.31519
 1870	  1886.99036	 -1646.53894	 -3438.09253	  3444.09253
 1867	  1830.37939	 -1664.68835	 -3437.76074	  3443.76074
 1873	  1799.47192	 -1649.66565	 -3428.31519	  3434.31519
 1867	  1830.37939	 -1664.68835	 -3437.76074	  3443.76074
 1871	  1798.00256	 -1662.01392	 -3434.69971	  3440.69971
 1872	  1794.27026	 -1687.18738	 -3435.95752	  3441.95752
 1874	  1738.77234	 -1657.07544	 -3425.72314	  3431.72314
 1871	  1798.00256	 -1662.01392	 -3434.69971	  3440.69971
 1871	  1798.00256	 -1662.01392	 -3434.69971	  3440.69971
 1874	  1738.77234	 -1657.07544	 -3425.72314	  3431.72314
 1873	  1799.47192	 -1649.66565	 -3428.31519	  3434.31519
 1874	  1738.77234	 -1657.07544	 -3425.72314	  3431.72314
 1872	  1794.27026	 -1687.18738	 -3435.95752	  3441.95752
 1875	  1740.39124	 -1682.69568	 -3428.51489	  3434.51489
 1874	  1738.77234	 -1657.07544	 -3425.72314	  3431.72314
 1875	  1740.39124	 -1682.69568	 -3428.51489	  3434.51489
 1876	  1734.26208	 -1685.96045	 -3427.62402	  3433.62402
 1877	  1740.10962	 -1644.89014	 -3419.99487	  3425.99487
 1873	  1799.47192	 -1649.66565	 -3428.31519	  3434.31519
 1874	  1738.77234	 -1657.07544	 -3425.72314	  3431.72314
 1876	  1734.26208	 -1685.96045	 -3427.62402	  3433.62402
 1878	  1708.17102	 -1654.64514	 -3417.47095	  3423.47095
 1874	  1738.77234	 -1657.07544	 -3425.72314	  3431.72314
 1878	  1708.17102	 -1654.64514	 -3417.47095	  3423.47095
 1877	  1740.10962	 -1644.89014	 -3419.99487	  3425.99487
 1874	  1738.77234	 -1657.07544	 -3425.72314	  3431.72314
 1878	  1708.17102	 -1654.64514	 -3417.47095	  3423.47095
 1876	  1734.26208	 -1685.96045	 -3427.62402	  3433.62402
 1879	  1725.01062	 -1702.49414	 -3426.16333	  3432.16333
 1880	  1653.40015	 -1626.50098	 -3406.00073	  3412.00073
 1873	  1799.47192	 -1649.66565	 -3428.31519	  3434.31519
 1877	  1740.10962	 -1644.89014	 -3419.99487	  3425.99487
 1878	  1708.17102	 -1654.64514	 -3417.47095	  3423.47095
 1880	  1653.40015	 -1626.50098	 -3406.00073	  3412.00073
 1877	  1740.10962	 -1644.89014	 -3419.99487	  3425.99487
 1873	  1799.47192	 -1649.66565	 -3428.31519	  3434.31519
 1880	  1653.40015	 -1626.50098	 -3406.00073	  3412.00073
 1870	  1886.99036	 -1646.53894	 -3438.09253	  3444.09253
 1879	  1725.01062	 -1702.49414	 -3426.16333	  3432.16333
 1881	  1700.67505	 -1695.72571	 -3414.73657	  3420.73657
 1878	  1708.17102	 -1654.64514	 -3417.47095	  3423.47095
 1881	  1700.67505	 -1695.72571	 -3414.73657	  3420.73657
 1880	  1653.40015	 -1626.50098	 -3406.00073	  3412.00073
 1878	  1708.17102	 -1654.64514	 -3417.47095	  3423.47095
 1882	  1713.86707	 -1761.22083	 -3420.7605	  3426.7605
 1881	  1700.67505	 -1695.72571	 -3414.73657	  3420.73657
 1879	  1725.01062	 -1702.49414	 -3426.16333	  3432.16333
 1881	  1700.67505	 -1695.72571	 -3414.73657	  3420.73657
 1882	  1713.86707	 -1761.22083	 -3420.7605	  3426.7605
 1883	  1693.66626	 -1749.94873	 -3411.51636	  3417.51636
 1883	  1693.66626	 -1749.94873	 -3411.51636	  3417.51636
 1884	  1650.4729	 -1690.93518	 -3407.54688	  3413.54688
 1881	  1700.67505	 -1695.72571	 -3414.73657	  3420.73657
 1880	  1653.40015	 -1626.50098	 -3406.00073	  3412.00073
 1881	  1700.67505	 -1695.72571	 -3414.73657	  3420.73657
 1884	  1650.4729	 -1690.93518	 -3407.54688	  3413.54688
 1884	  1650.4729	 -1690.93518	 -3407.54688	  3413.54688
 1883	  1693.66626	 -1749.94873	 -3411.51636	  3417.51636
 1885	  1652.05103	 -1744.5127	 -3405.63354	  3411.63354
 1886	  1646.93359	 -1743.91492	 -3402.12451	  3408.12451
 1884	  1650.4729	 -1690.93518	 -3407.54688	  3413.54688
 1885	  1652.05103	 -1744.5127	 -3405.63354	  3411.63354
 1887	  1642.30603	 -1702.5603	 -3393.52246	  3399.52246
 1886	  1646.93359	 -1743.91492	 -3402.12451	  3408.12451
 1888	  1647.82361	 -1744.10791	 -3394.57593	  3400.57593
 1886	  1646.93359	 -1743.91492	 -3402.12451	  3408.12451
 1887	  1642.30603	 -1702.5603	 -3393.52246	  3399.52246
 1889	  1643.27429	 -1691.02319	 -3401.98071	  3407.98071
 1884	  1650.4729	 -1690.93518	 -3407.54688	  3413.54688
 1886	  1646.93359	 -1743.91492	 -3402.12451	  3408.12451
 1889	  1643.27429	 -1691.02319	 -3401.98071	  3407.98071
 1889	  1643.27429	 -1691.02319	 -3401.98071	  3407.98071
 1887	  1642.30603	 -1702.5603	 -3393.52246	  3399.52246
 1890	  1643.13623	 -1691.04565	 -3393.61743	  3399.61743
 1891	  1645.68347	 -1625.80432	 -3401.11719	  3407.11719
 1884	  1650.4729	 -1690.93518	 -3407.54688	  3413.54688
 1889	  1643.27429	 -1691.02319	 -3401.98071	  3407.98071
 1890	  1643.13623	 -1691.04565	 -3393.61743	  3399.61743
 1891	  1645.68347	 -1625.80432	 -3401.11719	  3407.11719
 1889	  1643.27429	 -1691.02319	 -3401.98071	  3407.98071
 1884	  1650.4729	 -1690.93518	 -3407.54688	  3413.54688
 1891	  1645.68347	 -1625.80432	 -3401.11719	  3407.11719
 1880	  1653.40015	 -1626.50098	 -3406.00073	  3412.00073
 1891	  1645.68347	 -1625.80432	 -3401.11719	  3407.11719
 1890	  1643.13623	 -1691.04565	 -3393.61743	  3399.61743
 1892	  1644.64209	 -1625.85535	 -3393.427	  3399.427
 1892	  1644.64209	 -1625.85535	 -3393.427	  3399.427
 1893	  1650.38196	 -1617.35547	 -3398.70996	  3404.70996
 1891	  1645.68347	 -1625.80432	 -3401.11719	  3407.11719
 1893	  1650.38196	 -1617.35547	 -3398.70996	  3404.70996
 1880	  1653.40015	 -1626.50098	 -3406.00073	  3412.00073
 1891	  1645.68347	 -1625.80432	 -3401.11719	  3407.11719
 1893	  1650.38196	 -1617.35547	 -3398.70996	  3404.70996
 1892	  1644.64209	 -1625.85535	 -3393.427	  3399.427
 1894	  1649.55908	 -1617.3717	 -3393.07397	  3399.07397
 1880	  1653.40015	 -1626.50098	 -3406.00073	  3412.00073
 1893	  1650.38196	 -1617.35547	 -3398.70996	  3404.70996
 1895	  1656.21936	 -1617.94775	 -3402.40161	  3408.40161
 1895	  1656.21936	 -1617.94775	 -3402.40161	  3408.40161
 1870	  1886.99036	 -1646.53894	 -3438.09253	  3444.09253
 1880	  1653.40015	 -1626.50098	 -3406.00073	  3412.00073
 1870	  1886.99036	 -1646.53894	 -3438.09253	  3444.09253
 1895	  1656.21936	 -1617.94775	 -3402.40161	  3408.40161
 1896	  1888.11755	 -1637.83997	 -3434.25366	  3440.25366
 1894	  1649.55908	 -1617.3717	 -3393.07397	  3399.07397
 1897	  1652.04529	 -1609.71997	 -3397.86206	  3403.86206
 1893	  1650.38196	 -1617.35547	 -3398.70996	  3404.70996
 1897	  1652.04529	 -1609.71997	 -3397.86206	  3403.86206
 1895	  1656.21936	 -1617.94775	 -3402.40161	  3408.40161
 1893	  1650.38196	 -1617.35547	 -3398.70996	  3404.70996
 1897	  1652.04529	 -1609.71997	 -3397.86206	  3403.86206
 1894	  1649.55908	 -1617.3717	 -3393.07397	  3399.07397
 1898	  1651.25439	 -1609.78748	 -3392.77051	  3398.77051
 1899	  1647.47681	 -1607.62842	 -3392.62256	  3398.62256
 1897	  1652.04529	 -1609.71997	 -3397.86206	  3403.86206
 1898	  1651.25439	 -1609.78748	 -3392.77051	  3398.77051
 1899	  1647.47681	 -1607.62842	 -3392.62256	  3398.62256
 1900	  1648.49854	 -1607.64343	 -3399.59253	  3405.59253
 1897	  1652.04529	 -1609.71997	 -3397.86206	  3403.86206
 1901	  1656.00537	 -1608.35901	 -3404.3457	  3410.3457
 1897	  1652.04529	 -1609.71997	 -3397.86206	  3403.86206
 1900	  1648.49854	 -1607.64343	 -3399.59253	  3405.59253
 1895	  1656.21936	 -1617.94775	 -3402.40161	  3408.40161
 1897	  1652.04529	 -1609.71997	 -3397.86206	  3403.86206
 1902	  1657.37231	 -1610.24951	 -3401.22827	  3407.22827
 1902	  1657.37231	 -1610.24951	 -3401.22827	  3407.22827
 1897	  1652.04529	 -1609.71997	 -3397.86206	  3403.86206
 1901	  1656.00537	 -1608.35901	 -3404.3457	  3410.3457
 1902	  1657.37231	 -1610.24951	 -3401.22827	  3407.22827
 1896	  1888.11755	 -1637.83997	 -3434.25366	  3440.25366
 1895	  1656.21936	 -1617.94775	 -3402.40161	  3408.40161
 1901	  1656.00537	 -1608.35901	 -3404.3457	  3410.3457
 1903	  1888.22131	 -1628.24158	 -3436.25024	  3442.25024
 1902	  1657.37231	 -1610.24951	 -3401.22827	  3407.22827
 1896	  1888.11755	 -1637.83997	 -3434.25366	  3440.25366
 1902	  1657.37231	 -1610.24951	 -3401.22827	  3407.22827
 1904	  1888.7561	 -1629.80005	 -3432.83374	  3438.83374
 1904	  1888.7561	 -1629.80005	 -3432.83374	  3438.83374
 1902	  1657.37231	 -1610.24951	 -3401.22827	  3407.22827
 1903	  1888.22131	 -1628.24158	 -3436.25024	  3442.25024
 1905	  2156.57349	 -1752.2395	 -3311.83984	  3317.83984
 1906	  2157.10913	 -1766.93872	 -3345.26978	  3351.26978
 1907	  2157.98267	 -1785.31604	 -3317.09351	  3323.09351
 1906	  2157.10913	 -1766.93872	 -3345.26978	  3351.26978
 1905	  2156.57349	 -1752.2395	 -3311.83984	  3317.83984
 1908	  2150.6167	 -1727.4978	 -3344.13306	  3350.13306
 1908	  2150.6167	 -1727.4978	 -3344.13306	  3350.13306
 1905	  2156.57349	 -1752.2395	 -3311.83984	  3317.83984
 1909	  2149.69482	 -1729.01221	 -3307.44604	  3313.44604
 1910	  2133.93945	 -1702.11438	 -3341.67944	  3347.67944
 1908	  2150.6167	 -1727.4978	 -3344.13306	  3350.13306
 1909	  2149.69482	 -1729.01221	 -3307.44604	  3313.44604
 1911	  2141.47388	 -1721.10388	 -3304.93164	  3310.93164
 1910	  2133.93945	 -1702.11438	 -3341.67944	  3347.67944
 1909	  2149.69482	 -1729.01221	 -3307.44604	  3313.44604
 1910	  2133.93945	 -1702.11438	 -3341.67944	  3347.67944
 1911	  2141.47388	 -1721.10388	 -3304.93164	  3310.93164
 1912	  2122.94971	 -1716.97974	 -3301.43018	  3307.43018
 1912	  2122.94971	 -1716.97974	 -3301.43018	  3307.43018
 1913	  2078.94287	 -1700.99219	 -3334.09619	  3340.09619
 1910	  2133.93945	 -1702.11438	 -3341.67944	  3347.67944
 1913	  2078.94287	 -1700.99219	 -3334.09619	  3340.09619
 1912	  2122.94971	 -1716.97974	 -3301.43018	  3307.43018
 1914	  2105.40576	 -1716.20496	 -3298.30225	  3304.30225
 1913	  2078.94287	 -1700.99219	 -3334.09619	  3340.09619
 1914	  2105.40576	 -1716.20496	 -3298.30225	  3304.30225
 1915	  2090.14624	 -1718.35291	 -3295.6521	  3301.6521
 1916	  2077.84424	 -1729.79944	 -3293.89551	  3299.89551
 1913	  2078.94287	 -1700.99219	 -3334.09619	  3340.09619
 1915	  2090.14624	 -1718.35291	 -3295.6521	  3301.6521
 1913	  2078.94287	 -1700.99219	 -3334.09619	  3340.09619
 1916	  2077.84424	 -1729.79944	 -3293.89551	  3299.89551
 1917	  2065.26782	 -1739.59265	 -3332.5376	  3338.5376
 1917	  2065.26782	 -1739.59265	 -3332.5376	  3338.5376
 1916	  2077.84424	 -1729.79944	 -3293.89551	  3299.89551
 1918	  2074.6897	 -1740.09546	 -3293.66553	  3299.66553
 1917	  2065.26782	 -1739.59265	 -3332.5376	  3338.5376
 1918	  2074.6897	 -1740.09546	 -3293.66553	  3299.66553
 1919	  2066.0188	 -1778.98352	 -3295.47705	  3301.47705
 1920	  2054.44653	 -1790.3186	 -3332.01294	  3338.01294
 1917	  2065.26782	 -1739.59265	 -3332.5376	  3338.5376
 1919	  2066.0188	 -1778.98352	 -3295.47705	  3301.47705
 1920	  2054.44653	 -1790.3186	 -3332.01294	  3338.01294
 1919	  2066.0188	 -1778.98352	 -3295.47705	  3301.47705
 1921	  2060.55908	 -1808.76709	 -3301.05884	  3307.05884
 1922	  2158.35522	 -1807.50256	 -3320.35645	  3326.35645
 1923	  2165.6665	 -1807.88306	 -3327.1062	  3333.1062
 1924	  2166.92163	 -1808.0675	 -3324.92871	  3330.92871
 1925	  2168.77881	 -1808.12366	 -3328.9043	  3334.9043
 1924	  2166.92163	 -1808.0675	 -3324.92871	  3330.92871
 1923	  2165.6665	 -1807.88306	 -3327.1062	  3333.1062
 1923	  2165.6665	 -1807.88306	 -3327.1062	  3333.1062
 1926	  2158.76709	 -1805.18408	 -3396.02881	  3402.02881
 1925	  2168.77881	 -1808.12366	 -3328.9043	  3334.9043
 1925	  2168.77881	 -1808.12366	 -3328.9043	  3334.9043
 1926	  2158.76709	 -1805.18408	 -3396.02881	  3402.02881
 1927	  2177.53711	 -1815.71143	 -3341.24438	  3347.24438
 1927	  2177.53711	 -1815.71143	 -3341.24438	  3347.24438
 1926	  2158.76709	 -1805.18408	 -3396.02881	  3402.02881
 1928	  2176.42603	 -1815.77026	 -3367.59595	  3373.59595
 1928	  2176.42603	 -1815.77026	 -3367.59595	  3373.59595
 1926	  2158.76709	 -1805.18408	 -3396.02881	  3402.02881
 1929	  2172.15527	 -1814.07397	 -3397.92798	  3403.92798
 1930	  2164.64258	 -1813.52441	 -3427.82007	  3433.82007
 1929	  2172.15527	 -1814.07397	 -3397.92798	  3403.92798
 1926	  2158.76709	 -1805.18408	 -3396.02881	  3402.02881
 1930	  2164.64258	 -1813.52441	 -3427.82007	  3433.82007
 1926	  2158.76709	 -1805.18408	 -3396.02881	  3402.02881
 1931	  2155.65625	 -1811.54102	 -3453.07446	  3459.07446
 1931	  2155.65625	 -1811.54102	 -3453.07446	  3459.07446
 1926	  2158.76709	 -1805.18408	 -3396.02881	  3402.02881
 1932	  2142.67407	 -1803.14819	 -3462.32104	  3468.32104
 1933	  2139.04077	 -1802.80835	 -3463.18628	  3469.18628
 1932	  2142.67407	 -1803.14819	 -3462.32104	  3468.32104
 1926	  2158.76709	 -1805.18408	 -3396.02881	  3402.02881
 1932	  2142.67407	 -1803.14819	 -3462.32104	  3468.32104
 1933	  2139.04077	 -1802.80835	 -3463.18628	  3469.18628
 1934	  2139.40015	 -1802.82202	 -3465.5874	  3471.5874
 1934	  2139.40015	 -1802.82202	 -3465.5874	  3471.5874
 1933	  2139.04077	 -1802.80835	 -3463.18628	  3469.18628
 1935	  2129.54272	 -1802.01099	 -3467.61304	  3473.61304
 1936	  1918.32556	 -1526.97595	 -3423.26758	  3429.26758
 1937	  1956.03711	 -1532.27576	 -3423.99268	  3429.99268
 1938	  1919.23303	 -1528.12622	 -3418.54395	  3424.54395
 1937	  1956.03711	 -1532.27576	 -3423.99268	  3429.99268
 1936	  1918.32556	 -1526.97595	 -3423.26758	  3429.26758
 1939	  1955.09229	 -1531.51917	 -3428.69482	  3434.69482
 1940	  1968.11987	 -1535.76697	 -3426.26855	  3432.26855
 1937	  1956.03711	 -1532.27576	 -3423.99268	  3429.99268
 1939	  1955.09229	 -1531.51917	 -3428.69482	  3434.69482
 1940	  1968.11987	 -1535.76697	 -3426.26855	  3432.26855
 1939	  1955.09229	 -1531.51917	 -3428.69482	  3434.69482
 1941	  1967.06079	 -1534.94397	 -3430.94946	  3436.94946
 1942	  1975.55029	 -1544.3468	 -3428.87549	  3434.87549
 1940	  1968.11987	 -1535.76697	 -3426.26855	  3432.26855
 1941	  1967.06079	 -1534.94397	 -3430.94946	  3436.94946
 1942	  1975.55029	 -1544.3468	 -3428.87549	  3434.87549
 1941	  1967.06079	 -1534.94397	 -3430.94946	  3436.94946
 1943	  1974.36023	 -1543.33496	 -3433.4917	  3439.4917
 1943	  1974.36023	 -1543.33496	 -3433.4917	  3439.4917
 1944	  2009.38965	 -1629.96533	 -3445.84302	  3451.84302
 1942	  1975.55029	 -1544.3468	 -3428.87549	  3434.87549
 1944	  2009.38965	 -1629.96533	 -3445.84302	  3451.84302
 1943	  1974.36023	 -1543.33496	 -3433.4917	  3439.4917
 1945	  2008.38464	 -1629.67932	 -3450.58228	  3456.58228
 1944	  2009.38965	 -1629.96533	 -3445.84302	  3451.84302
 1945	  2008.38464	 -1629.67932	 -3450.58228	  3456.58228
 1946	  2008.91016	 -1640.96301	 -3447.15356	  3453.15356
 1945	  2008.38464	 -1629.67932	 -3450.58228	  3456.58228
 1947	  2007.93347	 -1640.7821	 -3451.86377	  3457.86377
 1946	  2008.91016	 -1640.96301	 -3447.15356	  3453.15356
 1948	  2108.04834	 -1761.34705	 -3434.32861	  3440.32861
 1949	  2131.45605	 -1723.84583	 -3442.06177	  3448.06177
 1950	  2137.948	 -1763.28662	 -3443.19849	  3449.19849
 1948	  2108.04834	 -1761.34705	 -3434.32861	  3440.32861
 1951	  2114.77881	 -1698.46228	 -3439.60791	  3445.60791
 1949	  2131.45605	 -1723.84583	 -3442.06177	  3448.06177
 1948	  2108.04834	 -1761.34705	 -3434.32861	  3440.32861
 1952	  2062.83984	 -1751.72705	 -3428.0415	  3434.0415
 1951	  2114.77881	 -1698.46228	 -3439.60791	  3445.60791
 1952	  2062.83984	 -1751.72705	 -3428.0415	  3434.0415
 1953	  2059.78223	 -1697.34021	 -3432.02466	  3438.02466
 1951	  2114.77881	 -1698.46228	 -3439.60791	  3445.60791
 1953	  2059.78223	 -1697.34021	 -3432.02466	  3438.02466
 1952	  2062.83984	 -1751.72705	 -3428.0415	  3434.0415
 1954	  2046.14026	 -1735.94702	 -3430.29468	  3436.29468
 1954	  2046.14026	 -1735.94702	 -3430.29468	  3436.29468
 1952	  2062.83984	 -1751.72705	 -3428.0415	  3434.0415
 1955	  2035.56836	 -1786.72046	 -3428.49561	  3434.49561
 1956	  1977.9696	 -1536.45605	 -3311.89917	  3317.89917
 1957	  1941.97375	 -1531.48315	 -3302.40674	  3308.40674
 1958	  1941.03113	 -1532.28088	 -3307.1377	  3313.1377
 1957	  1941.97375	 -1531.48315	 -3302.40674	  3308.40674
 1956	  1977.9696	 -1536.45605	 -3311.89917	  3317.89917
 1959	  1978.86743	 -1536.05066	 -3307.18286	  3313.18286
 1960	  1990.27722	 -1539.98999	 -3313.02637	  3319.02637
 1959	  1978.86743	 -1536.05066	 -3307.18286	  3313.18286
 1956	  1977.9696	 -1536.45605	 -3311.89917	  3317.89917
 1959	  1978.86743	 -1536.05066	 -3307.18286	  3313.18286
 1960	  1990.27722	 -1539.98999	 -3313.02637	  3319.02637
 1961	  1991.05896	 -1539.51794	 -3308.29956	  3314.29956
 1962	  1998.29053	 -1548.68103	 -3312.65308	  3318.65308
 1961	  1991.05896	 -1539.51794	 -3308.29956	  3314.29956
 1960	  1990.27722	 -1539.98999	 -3313.02637	  3319.02637
 1961	  1991.05896	 -1539.51794	 -3308.29956	  3314.29956
 1962	  1998.29053	 -1548.68103	 -3312.65308	  3318.65308
 1963	  1998.92383	 -1548.0166	 -3307.9502	  3313.9502
 1962	  1998.29053	 -1548.68103	 -3312.65308	  3318.65308
 1964	  2036.61755	 -1635.15491	 -3306.68555	  3312.68555
 1963	  1998.92383	 -1548.0166	 -3307.9502	  3313.9502
 1963	  1998.92383	 -1548.0166	 -3307.9502	  3313.9502
 1964	  2036.61755	 -1635.15491	 -3306.68555	  3312.68555
 1965	  2037.47156	 -1635.22314	 -3301.92432	  3307.92432
 1964	  2036.61755	 -1635.15491	 -3306.68555	  3312.68555
 1966	  2036.63672	 -1646.24756	 -3305.44727	  3311.44727
 1965	  2037.47156	 -1635.22314	 -3301.92432	  3307.92432
 1965	  2037.47156	 -1635.22314	 -3301.92432	  3307.92432
 1966	  2036.63672	 -1646.24756	 -3305.44727	  3311.44727
 1967	  2037.50623	 -1646.41846	 -3300.72266	  3306.72266
 1968	  2054.44653	 -1790.3186	 -3332.01294	  3338.01294
 1969	  2060.55908	 -1808.76709	 -3301.05884	  3307.05884
 1970	  2041.23328	 -1795.34253	 -3301.09692	  3307.09692
 1971	  1914.52002	 -1783.47095	 -3283.70483	  3289.70483
 1968	  2054.44653	 -1790.3186	 -3332.01294	  3338.01294
 1970	  2041.23328	 -1795.34253	 -3301.09692	  3307.09692
 1971	  1914.52002	 -1783.47095	 -3283.70483	  3289.70483
 1972	  2035.56836	 -1786.72046	 -3428.49561	  3434.49561
 1968	  2054.44653	 -1790.3186	 -3332.01294	  3338.01294
 1972	  2035.56836	 -1786.72046	 -3428.49561	  3434.49561
 1971	  1914.52002	 -1783.47095	 -3283.70483	  3289.70483
 1973	  1884.59814	 -1777.76794	 -3436.63184	  3442.63184
 1973	  1884.59814	 -1777.76794	 -3436.63184	  3442.63184
 1974	  2011.25891	 -1789.62952	 -3454.2915	  3460.2915
 1972	  2035.56836	 -1786.72046	 -3428.49561	  3434.49561
 1972	  2035.56836	 -1786.72046	 -3428.49561	  3434.49561
 1974	  2011.25891	 -1789.62952	 -3454.2915	  3460.2915
 1975	  2029.52466	 -1802.85205	 -3459.67212	  3465.67212
 1976	  2125.40405	 -1764.65491	 -3345.62671	  3351.62671
 1977	  2157.10913	 -1766.93872	 -3345.26978	  3351.26978
 1978	  2150.6167	 -1727.4978	 -3344.13306	  3350.13306
 1976	  2125.40405	 -1764.65491	 -3345.62671	  3351.62671
 1978	  2150.6167	 -1727.4978	 -3344.13306	  3350.13306
 1979	  2133.93945	 -1702.11438	 -3341.67944	  3347.67944
 1976	  2125.40405	 -1764.65491	 -3345.62671	  3351.62671
 1979	  2133.93945	 -1702.11438	 -3341.67944	  3347.67944
 1980	  2080.19556	 -1755.03503	 -3339.3396	  3345.3396
 1980	  2080.19556	 -1755.03503	 -3339.3396	  3345.3396
 1979	  2133.93945	 -1702.11438	 -3341.67944	  3347.67944
 1981	  2078.94287	 -1700.99219	 -3334.09619	  3340.09619
 1981	  2078.94287	 -1700.99219	 -3334.09619	  3340.09619
 1982	  2065.26782	 -1739.59265	 -3332.5376	  3338.5376
 1980	  2080.19556	 -1755.03503	 -3339.3396	  3345.3396
 1982	  2065.26782	 -1739.59265	 -3332.5376	  3338.5376
 1983	  2054.44653	 -1790.3186	 -3332.01294	  3338.01294
 1980	  2080.19556	 -1755.03503	 -3339.3396	  3345.3396
 1984	  2007.85669	 -1649.55444	 -3428.9856	  3434.9856
 1985	  2004.57361	 -1633.87817	 -3428.7959	  3434.7959
 1986	  2004.34644	 -1650.29041	 -3428.81226	  3434.81226
 1985	  2004.57361	 -1633.87817	 -3428.7959	  3434.7959
 1984	  2007.85669	 -1649.55444	 -3428.9856	  3434.9856
 1987	  2008.1499	 -1634.29749	 -3428.84985	  3434.84985
 1988	  2009.10547	 -1618.84216	 -3425.54248	  3431.54248
 1985	  2004.57361	 -1633.87817	 -3428.7959	  3434.7959
 1987	  2008.1499	 -1634.29749	 -3428.84985	  3434.84985
 1985	  2004.57361	 -1633.87817	 -3428.7959	  3434.7959
 1988	  2009.10547	 -1618.84216	 -3425.54248	  3431.54248
 1989	  2005.68884	 -1616.79968	 -3425.42114	  3431.42114
 1990	  2019.90967	 -1620.75232	 -3370.65918	  3376.65918
 1989	  2005.68884	 -1616.79968	 -3425.42114	  3431.42114
 1988	  2009.10547	 -1618.84216	 -3425.54248	  3431.54248
 1989	  2005.68884	 -1616.79968	 -3425.42114	  3431.42114
 1990	  2019.90967	 -1620.75232	 -3370.65918	  3376.65918
 1991	  2016.55371	 -1619.30884	 -3369.68384	  3375.68384
 1990	  2019.90967	 -1620.75232	 -3370.65918	  3376.65918
 1992	  2020.07178	 -1622.44788	 -3369.72437	  3375.72437
 1991	  2016.55371	 -1619.30884	 -3369.68384	  3375.68384
 1993	  2017.31323	 -1656.72473	 -3362.69092	  3368.69092
 1991	  2016.55371	 -1619.30884	 -3369.68384	  3375.68384
 1992	  2020.07178	 -1622.44788	 -3369.72437	  3375.72437
 1992	  2020.07178	 -1622.44788	 -3369.72437	  3375.72437
 1994	  2020.59375	 -1656.33105	 -3363.66235	  3369.66235
 1993	  2017.31323	 -1656.72473	 -3362.69092	  3368.69092
 1995	  2019.71277	 -1691.849	 -3363.62744	  3369.62744
 1993	  2017.31323	 -1656.72473	 -3362.69092	  3368.69092
 1994	  2020.59375	 -1656.33105	 -3363.66235	  3369.66235
 1993	  2017.31323	 -1656.72473	 -3362.69092	  3368.69092
 1995	  2019.71277	 -1691.849	 -3363.62744	  3369.62744
 1996	  2018.25586	 -1691.83594	 -3363.16016	  3369.16016
 1997	  2012.46704	 -1652.3938	 -3387.96387	  3393.96387
 1998	  2007.85669	 -1649.55444	 -3428.9856	  3434.9856
 1999	  2004.34644	 -1650.29041	 -3428.81226	  3434.81226
 1998	  2007.85669	 -1649.55444	 -3428.9856	  3434.9856
 1997	  2012.46704	 -1652.3938	 -3387.96387	  3393.96387
 2000	  2015.80212	 -1651.49402	 -3388.08716	  3394.08716
 1997	  2012.46704	 -1652.3938	 -3387.96387	  3393.96387
 2001	  2014.91162	 -1690.93384	 -3388.16626	  3394.16626
 2000	  2015.80212	 -1651.49402	 -3388.08716	  3394.08716
 2001	  2014.91162	 -1690.93384	 -3388.16626	  3394.16626
 1997	  2012.46704	 -1652.3938	 -3387.96387	  3393.96387
 2002	  2013.37805	 -1690.90625	 -3388.09009	  3394.09009
 2003	  1998.34705	 -1672.32361	 -3413.94629	  3419.94629
 2004	  1992.1217	 -1648.21606	 -3407.35156	  3413.35156
 2005	  1987.79602	 -1658.96057	 -3412.16309	  3418.16309
 2006	  2002.29944	 -1662.62952	 -3409.5918	  3415.5918
 2004	  1992.1217	 -1648.21606	 -3407.35156	  3413.35156
 2003	  1998.34705	 -1672.32361	 -3413.94629	  3419.94629
 2007	  2004.58081	 -1652.82532	 -3414.68506	  3420.68506
 2004	  1992.1217	 -1648.21606	 -3407.35156	  3413.35156
 2006	  2002.29944	 -1662.62952	 -3409.5918	  3415.5918
 2004	  1992.1217	 -1648.21606	 -3407.35156	  3413.35156
 2007	  2004.58081	 -1652.82532	 -3414.68506	  3420.68506
 2008	  1994.67371	 -1637.44934	 -3412.97803	  3418.97803
 2007	  2004.58081	 -1652.82532	 -3414.68506	  3420.68506
 2009	  1990.3385	 -1648.18042	 -3417.78857	  3423.78857
 2008	  1994.67371	 -1637.44934	 -3412.97803	  3418.97803
 2009	  1990.3385	 -1648.18042	 -3417.78857	  3423.78857
 2007	  2004.58081	 -1652.82532	 -3414.68506	  3420.68506
 2010	  2000.65173	 -1662.55396	 -3419.05078	  3425.05078
 2011	  1998.34705	 -1672.32361	 -3413.94629	  3419.94629
 2009	  1990.3385	 -1648.18042	 -3417.78857	  3423.78857
 2010	  2000.65173	 -1662.55396	 -3419.05078	  3425.05078
 2009	  1990.3385	 -1648.18042	 -3417.78857	  3423.78857
 2011	  1998.34705	 -1672.32361	 -3413.94629	  3419.94629
 2012	  1987.79602	 -1658.96057	 -3412.16309	  3418.16309
 2013	  1769.32617	 -1781.81165	 -3404.22803	  3410.22803
 2014	  1792.94092	 -1786.3125	 -3283.53613	  3289.53613
 2015	  1796.80469	 -1795.02441	 -3284.12183	  3290.12183
 2015	  1796.80469	 -1795.02441	 -3284.12183	  3290.12183
 2016	  1773.1897	 -1790.52344	 -3404.81372	  3410.81372
 2013	  1769.32617	 -1781.81165	 -3404.22803	  3410.22803
 2015	  1796.80469	 -1795.02441	 -3284.12183	  3290.12183
 2017	  1769.0199	 -1798.63513	 -3404.28906	  3410.28906
 2016	  1773.1897	 -1790.52344	 -3404.81372	  3410.81372
 2018	  1792.63489	 -1803.13611	 -3283.59717	  3289.59717
 2017	  1769.0199	 -1798.63513	 -3404.28906	  3410.28906
 2015	  1796.80469	 -1795.02441	 -3284.12183	  3290.12183
 2018	  1792.63489	 -1803.13611	 -3283.59717	  3289.59717
 2019	  1765.15662	 -1789.92346	 -3403.70361	  3409.70361
 2017	  1769.0199	 -1798.63513	 -3404.28906	  3410.28906
 2020	  1788.77136	 -1794.42444	 -3283.01123	  3289.01123
 2019	  1765.15662	 -1789.92346	 -3403.70361	  3409.70361
 2018	  1792.63489	 -1803.13611	 -3283.59717	  3289.59717
 2021	  1792.94092	 -1786.3125	 -3283.53613	  3289.53613
 2019	  1765.15662	 -1789.92346	 -3403.70361	  3409.70361
 2020	  1788.77136	 -1794.42444	 -3283.01123	  3289.01123
 2021	  1792.94092	 -1786.3125	 -3283.53613	  3289.53613
 2022	  1769.32617	 -1781.81165	 -3404.22803	  3410.22803
 2019	  1765.15662	 -1789.92346	 -3403.70361	  3409.70361
 2023	  1761.33691	 -1800.4939	 -3293.42529	  3299.42529
 2024	  1734.03174	 -1769.60876	 -3289.47363	  3295.47363
 2025	  1735.32642	 -1768.35706	 -3289.64453	  3295.64453
 2025	  1735.32642	 -1768.35706	 -3289.64453	  3295.64453
 2026	  1762.13354	 -1794.60925	 -3293.49902	  3299.49902
 2023	  1761.33691	 -1800.4939	 -3293.42529	  3299.42529
 2027	  1790.15857	 -1806.29822	 -3297.43164	  3303.43164
 2023	  1761.33691	 -1800.4939	 -3293.42529	  3299.42529
 2026	  1762.13354	 -1794.60925	 -3293.49902	  3299.49902
 2023	  1761.33691	 -1800.4939	 -3293.42529	  3299.42529
 2027	  1790.15857	 -1806.29822	 -3297.43164	  3303.43164
 2028	  1789.75098	 -1812.99988	 -3297.4165	  3303.4165
 2027	  1790.15857	 -1806.29822	 -3297.43164	  3303.43164
 2029	  1819.12793	 -1813.36487	 -3301.46606	  3307.46606
 2028	  1789.75098	 -1812.99988	 -3297.4165	  3303.4165
 2029	  1819.12793	 -1813.36487	 -3301.46606	  3307.46606
 2027	  1790.15857	 -1806.29822	 -3297.43164	  3303.43164
 2030	  1818.93518	 -1807.46436	 -3301.40332	  3307.40332
 2031	  1845.4967	 -1795.31775	 -3304.98779	  3310.98779
 2029	  1819.12793	 -1813.36487	 -3301.46606	  3307.46606
 2030	  1818.93518	 -1807.46436	 -3301.40332	  3307.40332
 2032	  1847.08362	 -1796.49597	 -3305.21338	  3311.21338
 2029	  1819.12793	 -1813.36487	 -3301.46606	  3307.46606
 2031	  1845.4967	 -1795.31775	 -3304.98779	  3310.98779
 2033	  1735.01721	 -1769.79675	 -3284.4375	  3290.4375
 2034	  1762.32202	 -1800.68176	 -3288.38892	  3294.38892
 2035	  1736.31165	 -1768.54492	 -3284.60791	  3290.60791
 2035	  1736.31165	 -1768.54492	 -3284.60791	  3290.60791
 2034	  1762.32202	 -1800.68176	 -3288.38892	  3294.38892
 2036	  1763.11926	 -1794.797	 -3288.4624	  3294.4624
 2034	  1762.32202	 -1800.68176	 -3288.38892	  3294.38892
 2037	  1791.1438	 -1806.48596	 -3292.39526	  3298.39526
 2036	  1763.11926	 -1794.797	 -3288.4624	  3294.4624
 2037	  1791.1438	 -1806.48596	 -3292.39526	  3298.39526
 2034	  1762.32202	 -1800.68176	 -3288.38892	  3294.38892
 2038	  1790.73608	 -1813.18774	 -3292.38037	  3298.38037
 2039	  1820.11316	 -1813.55261	 -3296.42969	  3302.42969
 2037	  1791.1438	 -1806.48596	 -3292.39526	  3298.39526
 2038	  1790.73608	 -1813.18774	 -3292.38037	  3298.38037
 2037	  1791.1438	 -1806.48596	 -3292.39526	  3298.39526
 2039	  1820.11316	 -1813.55261	 -3296.42969	  3302.42969
 2040	  1819.92078	 -1807.6521	 -3296.36694	  3302.36694
 2039	  1820.11316	 -1813.55261	 -3296.42969	  3302.42969
 2041	  1846.48181	 -1795.50574	 -3299.95142	  3305.95142
 2040	  1819.92078	 -1807.6521	 -3296.36694	  3302.36694
 2041	  1846.48181	 -1795.50574	 -3299.95142	  3305.95142
 2039	  1820.11316	 -1813.55261	 -3296.42969	  3302.42969
 2042	  1848.06873	 -1796.68384	 -3300.17725	  3306.17725
 2043	  1715.81274	 -1766.13647	 -3382.58887	  3388.58887
 2044	  1743.11755	 -1797.02148	 -3386.54053	  3392.54053
 2045	  1717.10718	 -1764.88464	 -3382.75977	  3388.75977
 2045	  1717.10718	 -1764.88464	 -3382.75977	  3388.75977
 2044	  1743.11755	 -1797.02148	 -3386.54053	  3392.54053
 2046	  1743.91431	 -1791.13672	 -3386.61377	  3392.61377
 2044	  1743.11755	 -1797.02148	 -3386.54053	  3392.54053
 2047	  1771.93933	 -1802.82568	 -3390.54688	  3396.54688
 2046	  1743.91431	 -1791.13672	 -3386.61377	  3392.61377
 2047	  1771.93933	 -1802.82568	 -3390.54688	  3396.54688
 2044	  1743.11755	 -1797.02148	 -3386.54053	  3392.54053
 2048	  1771.53174	 -1809.52747	 -3390.53174	  3396.53174
 2049	  1800.90881	 -1809.89233	 -3394.58081	  3400.58081
 2047	  1771.93933	 -1802.82568	 -3390.54688	  3396.54688
 2048	  1771.53174	 -1809.52747	 -3390.53174	  3396.53174
 2047	  1771.93933	 -1802.82568	 -3390.54688	  3396.54688
 2049	  1800.90881	 -1809.89233	 -3394.58081	  3400.58081
