 7712	  25274.30664	 -355.31552	 -5247.26953	  5253.26953
 7677	  26092.08594	 -549.76111	 -5471.92529	  5477.92529
 7712	  25274.30664	 -355.31552	 -5247.26953	  5253.26953
 2128	  25274.30664	 -354.31775	 -5247.2876	  5253.2876
 2128	  25274.30664	 -354.31775	 -5247.2876	  5253.2876
 7712	  25274.30664	 -355.31552	 -5247.26953	  5253.26953
 7713	  25192.91211	 -415.61011	 -5125.32617	  5131.32617
 7615	  26092.08594	 -549.04742	 -5471.93848	  5477.93848
 7677	  26092.08594	 -549.76111	 -5471.92529	  5477.92529
 2128	  25274.30664	 -354.31775	 -5247.2876	  5253.2876
 7678	  25244.20313	 -376.43994	 -5202.19238	  5208.19238
 7713	  25192.91211	 -415.61011	 -5125.32617	  5131.32617
 7714	  24735.44336	 -311.07712	 -5020.65381	  5026.65381
 2128	  25274.30664	 -354.31775	 -5247.2876	  5253.2876
 7713	  25192.91211	 -415.61011	 -5125.32617	  5131.32617
 7678	  25244.20313	 -376.43994	 -5202.19238	  5208.19238
 7678	  25244.20313	 -376.43994	 -5202.19238	  5208.19238
 7714	  24735.44336	 -311.07712	 -5020.65381	  5026.65381
 2129	  24862.33008	 -653.25623	 -4630.19141	  4636.19141
 7615	  26092.08594	 -549.04742	 -5471.93848	  5477.93848
 2128	  25274.30664	 -354.31775	 -5247.2876	  5253.2876
 7616	  25274.30664	 -355.74323	 -5247.26172	  5253.26172
 7616	  25274.30664	 -355.74323	 -5247.26172	  5253.26172
 2128	  25274.30664	 -354.31775	 -5247.2876	  5253.2876
 7678	  25244.20313	 -376.43994	 -5202.19238	  5208.19238
 7617	  25244.20313	 -375.2962	 -5202.21289	  5208.21289
 7678	  25244.20313	 -376.43994	 -5202.19238	  5208.19238
 2129	  24862.33008	 -653.25623	 -4630.19141	  4636.19141
 7616	  25274.30664	 -355.74323	 -5247.26172	  5253.26172
 7678	  25244.20313	 -376.43994	 -5202.19238	  5208.19238
 7617	  25244.20313	 -375.2962	 -5202.21289	  5208.21289
 7591	  26415.73828	 -1363.50964	 -4476.98242	  4482.98242
 7615	  26092.08594	 -549.04742	 -5471.93848	  5477.93848
 7616	  25274.30664	 -355.74323	 -5247.26172	  5253.26172
 2100	  26417.38867	 -1366.70447	 -4471.92627	  4477.92627
 7615	  26092.08594	 -549.04742	 -5471.93848	  5477.93848
 7591	  26415.73828	 -1363.50964	 -4476.98242	  4482.98242
 7535	  26417.38867	 -1366.70447	 -4471.92627	  4477.92627
 2100	  26417.38867	 -1366.70447	 -4471.92627	  4477.92627
 7591	  26415.73828	 -1363.50964	 -4476.98242	  4482.98242
 7591	  26415.73828	 -1363.50964	 -4476.98242	  4482.98242
 7616	  25274.30664	 -355.74323	 -5247.26172	  5253.26172
 500	  25584.75586	 -1178.44861	 -4292.14209	  4298.14209
 500	  25584.75586	 -1178.44861	 -4292.14209	  4298.14209
 7616	  25274.30664	 -355.74323	 -5247.26172	  5253.26172
 7617	  25244.20313	 -375.2962	 -5202.21289	  5208.21289
 7535	  26417.38867	 -1366.70447	 -4471.92627	  4477.92627
 7591	  26415.73828	 -1363.50964	 -4476.98242	  4482.98242
 7536	  26415.73828	 -1363.50964	 -4476.98242	  4482.98242
 7536	  26415.73828	 -1363.50964	 -4476.98242	  4482.98242
 7591	  26415.73828	 -1363.50964	 -4476.98242	  4482.98242
 500	  25584.75586	 -1178.44861	 -4292.14209	  4298.14209
 2068	  26417.38867	 -1369.29651	 -4471.87891	  4477.87891
 7535	  26417.38867	 -1366.70447	 -4471.92627	  4477.92627
 7536	  26415.73828	 -1363.50964	 -4476.98242	  4482.98242
 500	  25584.75586	 -1178.44861	 -4292.14209	  4298.14209
 7617	  25244.20313	 -375.2962	 -5202.21289	  5208.21289
 7592	  25541.44922	 -1166.11914	 -4287.66064	  4293.66064
 2068	  26417.38867	 -1369.29651	 -4471.87891	  4477.87891
 7536	  26415.73828	 -1363.50964	 -4476.98242	  4482.98242
 7503	  26415.73828	 -1366.18677	 -4476.93359	  4482.93359
 7440	  26417.38867	 -1364.14063	 -4471.97266	  4477.97266
 2068	  26417.38867	 -1369.29651	 -4471.87891	  4477.87891
 7503	  26415.73828	 -1366.18677	 -4476.93359	  4482.93359
 7536	  26415.73828	 -1363.50964	 -4476.98242	  4482.98242
 500	  25584.75586	 -1178.44861	 -4292.14209	  4298.14209
 7537	  25584.75586	 -1178.44861	 -4292.14209	  4298.14209
 7503	  26415.73828	 -1366.18677	 -4476.93359	  4482.93359
 7536	  26415.73828	 -1363.50964	 -4476.98242	  4482.98242
 7537	  25584.75586	 -1178.44861	 -4292.14209	  4298.14209
 7537	  25584.75586	 -1178.44861	 -4292.14209	  4298.14209
 500	  25584.75586	 -1178.44861	 -4292.14209	  4298.14209
 7592	  25541.44922	 -1166.11914	 -4287.66064	  4293.66064
 7440	  26417.38867	 -1364.14063	 -4471.97266	  4477.97266
 7503	  26415.73828	 -1366.18677	 -4476.93359	  4482.93359
 7441	  26415.73828	 -1361.54053	 -4477.01807	  4483.01807
 2036	  26624.30273	 -1765.54382	 -3838.0603	  3844.0603
 7440	  26417.38867	 -1364.14063	 -4471.97266	  4477.97266
 7441	  26415.73828	 -1361.54053	 -4477.01807	  4483.01807
 7503	  26415.73828	 -1366.18677	 -4476.93359	  4482.93359
 7537	  25584.75586	 -1178.44861	 -4292.14209	  4298.14209
 2070	  25584.75586	 -1182.02197	 -4292.07715	  4298.07715
 7441	  26415.73828	 -1361.54053	 -4477.01807	  4483.01807
 7503	  26415.73828	 -1366.18677	 -4476.93359	  4482.93359
 2070	  25584.75586	 -1182.02197	 -4292.07715	  4298.07715
 2036	  26624.30273	 -1765.54382	 -3838.0603	  3844.0603
 7441	  26415.73828	 -1361.54053	 -4477.01807	  4483.01807
 7407	  26634.20703	 -1784.40527	 -3807.72656	  3813.72656
 7359	  26624.30273	 -1765.54382	 -3838.0603	  3844.0603
 2036	  26624.30273	 -1765.54382	 -3838.0603	  3844.0603
 7407	  26634.20703	 -1784.40527	 -3807.72656	  3813.72656
 7441	  26415.73828	 -1361.54053	 -4477.01807	  4483.01807
 2070	  25584.75586	 -1182.02197	 -4292.07715	  4298.07715
 7442	  25584.75586	 -1179.52576	 -4292.12256	  4298.12256
 7407	  26634.20703	 -1784.40527	 -3807.72656	  3813.72656
 7441	  26415.73828	 -1361.54053	 -4477.01807	  4483.01807
 7442	  25584.75586	 -1179.52576	 -4292.12256	  4298.12256
 2070	  25584.75586	 -1182.02197	 -4292.07715	  4298.07715
 7537	  25584.75586	 -1178.44861	 -4292.14209	  4298.14209
 7538	  25541.44922	 -1166.11914	 -4287.66064	  4293.66064
 7537	  25584.75586	 -1178.44861	 -4292.14209	  4298.14209
 7592	  25541.44922	 -1166.11914	 -4287.66064	  4293.66064
 7538	  25541.44922	 -1166.11914	 -4287.66064	  4293.66064
 7359	  26624.30273	 -1765.54382	 -3838.0603	  3844.0603
 7407	  26634.20703	 -1784.40527	 -3807.72656	  3813.72656
 7360	  26634.20703	 -1784.40527	 -3807.72656	  3813.72656
 2004	  26624.30273	 -1760.91687	 -3838.14453	  3844.14453
 7359	  26624.30273	 -1765.54382	 -3838.0603	  3844.0603
 7360	  26634.20703	 -1784.40527	 -3807.72656	  3813.72656
 7360	  26634.20703	 -1784.40527	 -3807.72656	  3813.72656
 7407	  26634.20703	 -1784.40527	 -3807.72656	  3813.72656
 2038	  25814.77734	 -1689.45288	 -3586.25903	  3592.25903
 7407	  26634.20703	 -1784.40527	 -3807.72656	  3813.72656
 7442	  25584.75586	 -1179.52576	 -4292.12256	  4298.12256
 2038	  25814.77734	 -1689.45288	 -3586.25903	  3592.25903
 2004	  26624.30273	 -1760.91687	 -3838.14453	  3844.14453
 7360	  26634.20703	 -1784.40527	 -3807.72656	  3813.72656
 7327	  26634.20703	 -1779.92712	 -3807.80786	  3813.80786
 7264	  26624.30273	 -1767.76636	 -3838.01978	  3844.01978
 2004	  26624.30273	 -1760.91687	 -3838.14453	  3844.14453
 7327	  26634.20703	 -1779.92712	 -3807.80786	  3813.80786
 7360	  26634.20703	 -1784.40527	 -3807.72656	  3813.72656
 2038	  25814.77734	 -1689.45288	 -3586.25903	  3592.25903
 484	  25814.77734	 -1690.87415	 -3586.2334	  3592.2334
 7327	  26634.20703	 -1779.92712	 -3807.80786	  3813.80786
 7360	  26634.20703	 -1784.40527	 -3807.72656	  3813.72656
 484	  25814.77734	 -1690.87415	 -3586.2334	  3592.2334
 7264	  26624.30273	 -1767.76636	 -3838.01978	  3844.01978
 7327	  26634.20703	 -1779.92712	 -3807.80786	  3813.80786
 7265	  26634.20703	 -1785.58362	 -3807.70508	  3813.70508
 1972	  26961.16016	 -2121.84229	 -2811.44971	  2817.44971
 7264	  26624.30273	 -1767.76636	 -3838.01978	  3844.01978
 7265	  26634.20703	 -1785.58362	 -3807.70508	  3813.70508
 7327	  26634.20703	 -1779.92712	 -3807.80786	  3813.80786
 484	  25814.77734	 -1690.87415	 -3586.2334	  3592.2334
 2006	  25814.77734	 -1691.8656	 -3586.21533	  3592.21533
 7265	  26634.20703	 -1785.58362	 -3807.70508	  3813.70508
 7327	  26634.20703	 -1779.92712	 -3807.80786	  3813.80786
 2006	  25814.77734	 -1691.8656	 -3586.21533	  3592.21533
 1972	  26961.16016	 -2121.84229	 -2811.44971	  2817.44971
 7265	  26634.20703	 -1785.58362	 -3807.70508	  3813.70508
 7231	  26957.85938	 -2121.58716	 -2821.45068	  2827.45068
 7183	  26961.16016	 -2121.84229	 -2811.44971	  2817.44971
 1972	  26961.16016	 -2121.84229	 -2811.44971	  2817.44971
 7231	  26957.85938	 -2121.58716	 -2821.45068	  2827.45068
 7265	  26634.20703	 -1785.58362	 -3807.70508	  3813.70508
 2006	  25814.77734	 -1691.8656	 -3586.21533	  3592.21533
 7266	  25814.77734	 -1685.8009	 -3586.32568	  3592.32568
 7231	  26957.85938	 -2121.58716	 -2821.45068	  2827.45068
 7265	  26634.20703	 -1785.58362	 -3807.70508	  3813.70508
 7266	  25814.77734	 -1685.8009	 -3586.32568	  3592.32568
 7183	  26961.16016	 -2121.84229	 -2811.44971	  2817.44971
 7231	  26957.85938	 -2121.58716	 -2821.45068	  2827.45068
 7184	  26957.85938	 -2121.58716	 -2821.45068	  2827.45068
 1944	  26961.16016	 -2121.84229	 -2811.44971	  2817.44971
 7183	  26961.16016	 -2121.84229	 -2811.44971	  2817.44971
 7184	  26957.85938	 -2121.58716	 -2821.45068	  2827.45068
 7231	  26957.85938	 -2121.58716	 -2821.45068	  2827.45068
 7266	  25814.77734	 -1685.8009	 -3586.32568	  3592.32568
 1974	  26125.22656	 -2064.07886	 -2639.28955	  2645.28955
 7184	  26957.85938	 -2121.58716	 -2821.45068	  2827.45068
 7231	  26957.85938	 -2121.58716	 -2821.45068	  2827.45068
 1974	  26125.22656	 -2064.07886	 -2639.28955	  2645.28955
 1944	  26961.16016	 -2121.84229	 -2811.44971	  2817.44971
 7184	  26957.85938	 -2121.58716	 -2821.45068	  2827.45068
 7155	  26957.85938	 -2121.58716	 -2821.45068	  2827.45068
 7092	  26961.16016	 -2121.84229	 -2811.44971	  2817.44971
 1944	  26961.16016	 -2121.84229	 -2811.44971	  2817.44971
 7155	  26957.85938	 -2121.58716	 -2821.45068	  2827.45068
 7184	  26957.85938	 -2121.58716	 -2821.45068	  2827.45068
 1974	  26125.22656	 -2064.07886	 -2639.28955	  2645.28955
 468	  26125.22656	 -2064.07886	 -2639.28955	  2645.28955
 7155	  26957.85938	 -2121.58716	 -2821.45068	  2827.45068
 7184	  26957.85938	 -2121.58716	 -2821.45068	  2827.45068
 468	  26125.22656	 -2064.07886	 -2639.28955	  2645.28955
 7092	  26961.16016	 -2121.84229	 -2811.44971	  2817.44971
 7155	  26957.85938	 -2121.58716	 -2821.45068	  2827.45068
 7093	  26957.85938	 -2121.58716	 -2821.45068	  2827.45068
 1912	  27168.07422	 -2138.04175	 -2184.54272	  2190.54272
 7092	  26961.16016	 -2121.84229	 -2811.44971	  2817.44971
 7093	  26957.85938	 -2121.58716	 -2821.45068	  2827.45068
 7155	  26957.85938	 -2121.58716	 -2821.45068	  2827.45068
 468	  26125.22656	 -2064.07886	 -2639.28955	  2645.28955
 1945	  26125.22656	 -2064.07886	 -2639.28955	  2645.28955
 7093	  26957.85938	 -2121.58716	 -2821.45068	  2827.45068
 7155	  26957.85938	 -2121.58716	 -2821.45068	  2827.45068
 1945	  26125.22656	 -2064.07886	 -2639.28955	  2645.28955
 1912	  27168.07422	 -2138.04175	 -2184.54272	  2190.54272
 7093	  26957.85938	 -2121.58716	 -2821.45068	  2827.45068
 7059	  27176.32617	 -2138.92798	 -2159.53491	  2165.53491
 7011	  27168.07422	 -2144.55225	 -2184.42432	  2190.42432
 1912	  27168.07422	 -2138.04175	 -2184.54272	  2190.54272
 7059	  27176.32617	 -2138.92798	 -2159.53491	  2165.53491
 7093	  26957.85938	 -2121.58716	 -2821.45068	  2827.45068
 1945	  26125.22656	 -2064.07886	 -2639.28955	  2645.28955
 7094	  26125.22656	 -2064.07886	 -2639.28955	  2645.28955
 7059	  27176.32617	 -2138.92798	 -2159.53491	  2165.53491
 7093	  26957.85938	 -2121.58716	 -2821.45068	  2827.45068
 7094	  26125.22656	 -2064.07886	 -2639.28955	  2645.28955
 7011	  27168.07422	 -2144.55225	 -2184.42432	  2190.42432
 7059	  27176.32617	 -2138.92798	 -2159.53491	  2165.53491
 7012	  27176.32617	 -2145.46191	 -2159.41602	  2165.41602
 1880	  27168.07422	 -2144.01758	 -2184.43384	  2190.43384
 7011	  27168.07422	 -2144.55225	 -2184.42432	  2190.42432
 7012	  27176.32617	 -2145.46191	 -2159.41602	  2165.41602
 7059	  27176.32617	 -2138.92798	 -2159.53491	  2165.53491
 7094	  26125.22656	 -2064.07886	 -2639.28955	  2645.28955
 1914	  26355.24805	 -2153.30054	 -1941.07751	  1947.07751
 7012	  27176.32617	 -2145.46191	 -2159.41602	  2165.41602
 7059	  27176.32617	 -2138.92798	 -2159.53491	  2165.53491
 1914	  26355.24805	 -2153.30054	 -1941.07751	  1947.07751
 1880	  27168.07422	 -2144.01758	 -2184.43384	  2190.43384
 7012	  27176.32617	 -2145.46191	 -2159.41602	  2165.41602
 6979	  27176.32617	 -2146.83691	 -2159.39087	  2165.39087
 6916	  27168.07422	 -2142.69019	 -2184.45801	  2190.45801
 1880	  27168.07422	 -2144.01758	 -2184.43384	  2190.43384
 6979	  27176.32617	 -2146.83691	 -2159.39087	  2165.39087
 7012	  27176.32617	 -2145.46191	 -2159.41602	  2165.41602
 1914	  26355.24805	 -2153.30054	 -1941.07751	  1947.07751
 456	  26355.24805	 -2153.30054	 -1941.07751	  1947.07751
 6979	  27176.32617	 -2146.83691	 -2159.39087	  2165.39087
 7012	  27176.32617	 -2145.46191	 -2159.41602	  2165.41602
 456	  26355.24805	 -2153.30054	 -1941.07751	  1947.07751
 6916	  27168.07422	 -2142.69019	 -2184.45801	  2190.45801
 6979	  27176.32617	 -2146.83691	 -2159.39087	  2165.39087
 6917	  27176.32617	 -2140.38599	 -2159.5083	  2165.5083
 1848	  27504.93164	 -2134.81714	 -1164.47021	  1170.47021
 6916	  27168.07422	 -2142.69019	 -2184.45801	  2190.45801
 6917	  27176.32617	 -2140.38599	 -2159.5083	  2165.5083
 6979	  27176.32617	 -2146.83691	 -2159.39087	  2165.39087
 456	  26355.24805	 -2153.30054	 -1941.07751	  1947.07751
 1882	  26355.24805	 -2156.6543	 -1941.01648	  1947.01648
 6917	  27176.32617	 -2140.38599	 -2159.5083	  2165.5083
 6979	  27176.32617	 -2146.83691	 -2159.39087	  2165.39087
 1882	  26355.24805	 -2156.6543	 -1941.01648	  1947.01648
 1848	  27504.93164	 -2134.81714	 -1164.47021	  1170.47021
 6917	  27176.32617	 -2140.38599	 -2159.5083	  2165.5083
 6883	  27499.98047	 -2133.60669	 -1179.4873	  1185.4873
 6835	  27504.93164	 -2134.81714	 -1164.47021	  1170.47021
 1848	  27504.93164	 -2134.81714	 -1164.47021	  1170.47021
 6883	  27499.98047	 -2133.60669	 -1179.4873	  1185.4873
 6917	  27176.32617	 -2140.38599	 -2159.5083	  2165.5083
 1882	  26355.24805	 -2156.6543	 -1941.01648	  1947.01648
 6918	  26355.24805	 -2155.35254	 -1941.04016	  1947.04016
 6883	  27499.98047	 -2133.60669	 -1179.4873	  1185.4873
 6917	  27176.32617	 -2140.38599	 -2159.5083	  2165.5083
 6918	  26355.24805	 -2155.35254	 -1941.04016	  1947.04016
 6835	  27504.93164	 -2134.81714	 -1164.47021	  1170.47021
 6883	  27499.98047	 -2133.60669	 -1179.4873	  1185.4873
 6836	  27499.98047	 -2133.60669	 -1179.4873	  1185.4873
 1816	  27504.93164	 -2134.81714	 -1164.47021	  1170.47021
 6835	  27504.93164	 -2134.81714	 -1164.47021	  1170.47021
 6836	  27499.98047	 -2133.60669	 -1179.4873	  1185.4873
 6883	  27499.98047	 -2133.60669	 -1179.4873	  1185.4873
 6918	  26355.24805	 -2155.35254	 -1941.04016	  1947.04016
 1850	  26665.69727	 -2158.59595	 -1000.82391	  1006.82391
 6836	  27499.98047	 -2133.60669	 -1179.4873	  1185.4873
 6883	  27499.98047	 -2133.60669	 -1179.4873	  1185.4873
 1850	  26665.69727	 -2158.59595	 -1000.82391	  1006.82391
 1816	  27504.93164	 -2134.81714	 -1164.47021	  1170.47021
 6836	  27499.98047	 -2133.60669	 -1179.4873	  1185.4873
 6803	  27499.98047	 -2133.60669	 -1179.4873	  1185.4873
 6747	  27504.93164	 -2129.65649	 -1164.56409	  1170.56409
 1816	  27504.93164	 -2134.81714	 -1164.47021	  1170.47021
 6803	  27499.98047	 -2133.60669	 -1179.4873	  1185.4873
 6836	  27499.98047	 -2133.60669	 -1179.4873	  1185.4873
 1850	  26665.69727	 -2158.59595	 -1000.82391	  1006.82391
 440	  26665.69727	 -2158.59595	 -1000.82391	  1006.82391
 6803	  27499.98047	 -2133.60669	 -1179.4873	  1185.4873
 6836	  27499.98047	 -2133.60669	 -1179.4873	  1185.4873
 440	  26665.69727	 -2158.59595	 -1000.82391	  1006.82391
 6747	  27504.93164	 -2129.65649	 -1164.56409	  1170.56409
 6803	  27499.98047	 -2133.60669	 -1179.4873	  1185.4873
 6748	  27499.98047	 -2132.10205	 -1179.51465	  1185.51465
 1784	  27711.8457	 -2181.69751	 -537.00482	  543.00482
 6747	  27504.93164	 -2129.65649	 -1164.56409	  1170.56409
 6748	  27499.98047	 -2132.10205	 -1179.51465	  1185.51465
 6803	  27499.98047	 -2133.60669	 -1179.4873	  1185.4873
 440	  26665.69727	 -2158.59595	 -1000.82391	  1006.82391
 1818	  26665.69727	 -2163.45435	 -1000.73553	  1006.73553
 6748	  27499.98047	 -2132.10205	 -1179.51465	  1185.51465
 6803	  27499.98047	 -2133.60669	 -1179.4873	  1185.4873
 1818	  26665.69727	 -2163.45435	 -1000.73553	  1006.73553
 1784	  27711.8457	 -2181.69751	 -537.00482	  543.00482
 6748	  27499.98047	 -2132.10205	 -1179.51465	  1185.51465
 6715	  27718.44922	 -2188.44214	 -516.88861	  522.88861
 6667	  27711.8457	 -2183.59302	 -536.97034	  542.97034
 1784	  27711.8457	 -2181.69751	 -537.00482	  543.00482
 6715	  27718.44922	 -2188.44214	 -516.88861	  522.88861
 6748	  27499.98047	 -2132.10205	 -1179.51465	  1185.51465
 1818	  26665.69727	 -2163.45435	 -1000.73553	  1006.73553
 6749	  26665.69727	 -2167.52515	 -1000.6615	  1006.6615
 6715	  27718.44922	 -2188.44214	 -516.88861	  522.88861
 6748	  27499.98047	 -2132.10205	 -1179.51465	  1185.51465
 6749	  26665.69727	 -2167.52515	 -1000.6615	  1006.6615
 6667	  27711.8457	 -2183.59302	 -536.97034	  542.97034
 6715	  27718.44922	 -2188.44214	 -516.88861	  522.88861
 6668	  27718.44922	 -2182.84131	 -516.99048	  522.99048
 1752	  27711.8457	 -2182.8877	 -536.98315	  542.98315
 6667	  27711.8457	 -2183.59302	 -536.97034	  542.97034
 6668	  27718.44922	 -2182.84131	 -516.99048	  522.99048
 6715	  27718.44922	 -2188.44214	 -516.88861	  522.88861
 6749	  26665.69727	 -2167.52515	 -1000.6615	  1006.6615
 1786	  26895.71875	 -2202.36377	 -303.43762	  309.43762
 6668	  27718.44922	 -2182.84131	 -516.99048	  522.99048
 6715	  27718.44922	 -2188.44214	 -516.88861	  522.88861
 1786	  26895.71875	 -2202.36377	 -303.43762	  309.43762
 1752	  27711.8457	 -2182.8877	 -536.98315	  542.98315
 6668	  27718.44922	 -2182.84131	 -516.99048	  522.99048
 6635	  27718.44922	 -2184.7312	 -516.95612	  522.95612
 6572	  27711.8457	 -2182.8877	 -536.98315	  542.98315
 1752	  27711.8457	 -2182.8877	 -536.98315	  542.98315
 6635	  27718.44922	 -2184.7312	 -516.95612	  522.95612
 6668	  27718.44922	 -2182.84131	 -516.99048	  522.99048
 1786	  26895.71875	 -2202.36377	 -303.43762	  309.43762
 424	  26895.71875	 -2202.36377	 -303.43762	  309.43762
 6635	  27718.44922	 -2184.7312	 -516.95612	  522.95612
 6668	  27718.44922	 -2182.84131	 -516.99048	  522.99048
 424	  26895.71875	 -2202.36377	 -303.43762	  309.43762
 6572	  27711.8457	 -2182.8877	 -536.98315	  542.98315
 6635	  27718.44922	 -2184.7312	 -516.95612	  522.95612
 6573	  27718.44922	 -2184.7312	 -516.95612	  522.95612
 6508	  28048.70313	 -2105.39575	  481.73807	 -475.73807
 6572	  27711.8457	 -2182.8877	 -536.98315	  542.98315
 6573	  27718.44922	 -2184.7312	 -516.95612	  522.95612
 6635	  27718.44922	 -2184.7312	 -516.95612	  522.95612
 424	  26895.71875	 -2202.36377	 -303.43762	  309.43762
 1754	  26895.71875	 -2204.27417	 -303.40286	  309.40286
 6573	  27718.44922	 -2184.7312	 -516.95612	  522.95612
 6635	  27718.44922	 -2184.7312	 -516.95612	  522.95612
 1754	  26895.71875	 -2204.27417	 -303.40286	  309.40286
 6508	  28048.70313	 -2105.39575	  481.73807	 -475.73807
 6573	  27718.44922	 -2184.7312	 -516.95612	  522.95612
 6509	  28042.10156	 -2106.33252	  461.76157	 -455.76157
 1720	  28048.70313	 -2105.39575	  481.73807	 -475.73807
 6508	  28048.70313	 -2105.39575	  481.73807	 -475.73807
 6509	  28042.10156	 -2106.33252	  461.76157	 -455.76157
 6573	  27718.44922	 -2184.7312	 -516.95612	  522.95612
 1754	  26895.71875	 -2204.27417	 -303.40286	  309.40286
 6574	  26895.71875	 -2204.27417	 -303.40286	  309.40286
 6509	  28042.10156	 -2106.33252	  461.76157	 -455.76157
 6573	  27718.44922	 -2184.7312	 -516.95612	  522.95612
 6574	  26895.71875	 -2204.27417	 -303.40286	  309.40286
 1720	  28048.70313	 -2105.39575	  481.73807	 -475.73807
 6509	  28042.10156	 -2106.33252	  461.76157	 -455.76157
 6475	  28042.10156	 -2106.33252	  461.76157	 -455.76157
 6427	  28048.70313	 -2105.39575	  481.73807	 -475.73807
 1720	  28048.70313	 -2105.39575	  481.73807	 -475.73807
 6475	  28042.10156	 -2106.33252	  461.76157	 -455.76157
 6509	  28042.10156	 -2106.33252	  461.76157	 -455.76157
 6574	  26895.71875	 -2204.27417	 -303.40286	  309.40286
 6510	  27206.16797	 -2124.12329	  635.29584	 -629.29584
 6475	  28042.10156	 -2106.33252	  461.76157	 -455.76157
 6509	  28042.10156	 -2106.33252	  461.76157	 -455.76157
 6510	  27206.16797	 -2124.12329	  635.29584	 -629.29584
 6427	  28048.70313	 -2105.39575	  481.73807	 -475.73807
 6475	  28042.10156	 -2106.33252	  461.76157	 -455.76157
 6428	  28042.10156	 -2106.33252	  461.76157	 -455.76157
 1688	  28048.70313	 -2105.39575	  481.73807	 -475.73807
 6427	  28048.70313	 -2105.39575	  481.73807	 -475.73807
 6428	  28042.10156	 -2106.33252	  461.76157	 -455.76157
 6475	  28042.10156	 -2106.33252	  461.76157	 -455.76157
 6510	  27206.16797	 -2124.12329	  635.29584	 -629.29584
 1722	  27206.16797	 -2124.12329	  635.29584	 -629.29584
 6428	  28042.10156	 -2106.33252	  461.76157	 -455.76157
 6475	  28042.10156	 -2106.33252	  461.76157	 -455.76157
 1722	  27206.16797	 -2124.12329	  635.29584	 -629.29584
 1688	  28048.70313	 -2105.39575	  481.73807	 -475.73807
 6428	  28042.10156	 -2106.33252	  461.76157	 -455.76157
 6395	  28042.10156	 -2106.33252	  461.76157	 -455.76157
 6339	  28255.61719	 -2076.52368	  1107.82544	 -1101.82544
 1688	  28048.70313	 -2105.39575	  481.73807	 -475.73807
 6395	  28042.10156	 -2106.33252	  461.76157	 -455.76157
 6428	  28042.10156	 -2106.33252	  461.76157	 -455.76157
 1722	  27206.16797	 -2124.12329	  635.29584	 -629.29584
 408	  27206.16797	 -2124.12329	  635.29584	 -629.29584
 6395	  28042.10156	 -2106.33252	  461.76157	 -455.76157
 6428	  28042.10156	 -2106.33252	  461.76157	 -455.76157
 408	  27206.16797	 -2124.12329	  635.29584	 -629.29584
 6339	  28255.61719	 -2076.52368	  1107.82544	 -1101.82544
 6395	  28042.10156	 -2106.33252	  461.76157	 -455.76157
 6340	  28260.57031	 -2075.84839	  1122.80847	 -1116.80847
 1656	  28255.61719	 -2076.52368	  1107.82544	 -1101.82544
 6339	  28255.61719	 -2076.52368	  1107.82544	 -1101.82544
 6340	  28260.57031	 -2075.84839	  1122.80847	 -1116.80847
 6395	  28042.10156	 -2106.33252	  461.76157	 -455.76157
 408	  27206.16797	 -2124.12329	  635.29584	 -629.29584
 1690	  27206.16797	 -2124.12329	  635.29584	 -629.29584
 6340	  28260.57031	 -2075.84839	  1122.80847	 -1116.80847
 6395	  28042.10156	 -2106.33252	  461.76157	 -455.76157
 1690	  27206.16797	 -2124.12329	  635.29584	 -629.29584
 1656	  28255.61719	 -2076.52368	  1107.82544	 -1101.82544
 6340	  28260.57031	 -2075.84839	  1122.80847	 -1116.80847
 6307	  28260.57031	 -2075.84839	  1122.80847	 -1116.80847
 6259	  28255.61719	 -2076.49097	  1107.82483	 -1101.82483
 1656	  28255.61719	 -2076.52368	  1107.82544	 -1101.82544
 6307	  28260.57031	 -2075.84839	  1122.80847	 -1116.80847
 6340	  28260.57031	 -2075.84839	  1122.80847	 -1116.80847
 1690	  27206.16797	 -2124.12329	  635.29584	 -629.29584
 6341	  27436.18945	 -2087.08398	  1331.21191	 -1325.21191
 6307	  28260.57031	 -2075.84839	  1122.80847	 -1116.80847
 6340	  28260.57031	 -2075.84839	  1122.80847	 -1116.80847
 6341	  27436.18945	 -2087.08398	  1331.21191	 -1325.21191
 6259	  28255.61719	 -2076.49097	  1107.82483	 -1101.82483
 6307	  28260.57031	 -2075.84839	  1122.80847	 -1116.80847
 6260	  28260.57031	 -2075.82471	  1122.80811	 -1116.80811
 1624	  28255.61719	 -2076.42358	  1107.82361	 -1101.82361
 6259	  28255.61719	 -2076.49097	  1107.82483	 -1101.82483
 6260	  28260.57031	 -2075.82471	  1122.80811	 -1116.80811
 6307	  28260.57031	 -2075.84839	  1122.80847	 -1116.80847
 6341	  27436.18945	 -2087.08398	  1331.21191	 -1325.21191
 1658	  27436.18945	 -2087.08398	  1331.21191	 -1325.21191
 6260	  28260.57031	 -2075.82471	  1122.80811	 -1116.80811
 6307	  28260.57031	 -2075.84839	  1122.80847	 -1116.80847
 1658	  27436.18945	 -2087.08398	  1331.21191	 -1325.21191
 1624	  28255.61719	 -2076.42358	  1107.82361	 -1101.82361
 6260	  28260.57031	 -2075.82471	  1122.80811	 -1116.80811
 6227	  28260.57031	 -2075.76587	  1122.80701	 -1116.80701
 6164	  28592.47461	 -2011.16357	  2126.76733	 -2120.76733
 1624	  28255.61719	 -2076.42358	  1107.82361	 -1101.82361
 6227	  28260.57031	 -2075.76587	  1122.80701	 -1116.80701
 6260	  28260.57031	 -2075.82471	  1122.80811	 -1116.80811
 1658	  27436.18945	 -2087.08398	  1331.21191	 -1325.21191
 392	  27436.18945	 -2087.21362	  1331.21436	 -1325.21436
 6227	  28260.57031	 -2075.76587	  1122.80701	 -1116.80701
 6260	  28260.57031	 -2075.82471	  1122.80811	 -1116.80811
 392	  27436.18945	 -2087.21362	  1331.21436	 -1325.21436
 6164	  28592.47461	 -2011.16357	  2126.76733	 -2120.76733
 6227	  28260.57031	 -2075.76587	  1122.80701	 -1116.80701
 6165	  28584.22266	 -2012.59131	  2101.80151	 -2095.80151
 1592	  28592.47461	 -2011.16357	  2126.76733	 -2120.76733
 6164	  28592.47461	 -2011.16357	  2126.76733	 -2120.76733
 6165	  28584.22266	 -2012.59131	  2101.80151	 -2095.80151
 6227	  28260.57031	 -2075.76587	  1122.80701	 -1116.80701
 392	  27436.18945	 -2087.21362	  1331.21436	 -1325.21436
 1626	  27436.18945	 -2087.47217	  1331.21899	 -1325.21899
 6165	  28584.22266	 -2012.59131	  2101.80151	 -2095.80151
 6227	  28260.57031	 -2075.76587	  1122.80701	 -1116.80701
 1626	  27436.18945	 -2087.47217	  1331.21899	 -1325.21899
 1592	  28592.47461	 -2011.16357	  2126.76733	 -2120.76733
 6165	  28584.22266	 -2012.59131	  2101.80151	 -2095.80151
 6131	  28584.22266	 -2012.95471	  2101.80811	 -2095.80811
 6083	  28592.47461	 -2010.92236	  2126.76294	 -2120.76294
 1592	  28592.47461	 -2011.16357	  2126.76733	 -2120.76733
 6131	  28584.22266	 -2012.95471	  2101.80811	 -2095.80811
 6165	  28584.22266	 -2012.59131	  2101.80151	 -2095.80151
 1626	  27436.18945	 -2087.47217	  1331.21899	 -1325.21899
 6166	  27746.63867	 -2032.91345	  2270.38379	 -2264.38379
 6131	  28584.22266	 -2012.95471	  2101.80811	 -2095.80811
 6165	  28584.22266	 -2012.59131	  2101.80151	 -2095.80151
 6166	  27746.63867	 -2032.91345	  2270.38379	 -2264.38379
 6083	  28592.47461	 -2010.92236	  2126.76294	 -2120.76294
 6131	  28584.22266	 -2012.95471	  2101.80811	 -2095.80811
 6084	  28584.22266	 -2012.40991	  2101.79834	 -2095.79834
 1560	  28592.47461	 -2010.75635	  2126.76001	 -2120.76001
 6083	  28592.47461	 -2010.92236	  2126.76294	 -2120.76294
 6084	  28584.22266	 -2012.40991	  2101.79834	 -2095.79834
 6131	  28584.22266	 -2012.95471	  2101.80811	 -2095.80811
 6166	  27746.63867	 -2032.91345	  2270.38379	 -2264.38379
 1594	  27746.63867	 -2032.91345	  2270.38379	 -2264.38379
 6084	  28584.22266	 -2012.40991	  2101.79834	 -2095.79834
 6131	  28584.22266	 -2012.95471	  2101.80811	 -2095.80811
 1594	  27746.63867	 -2032.91345	  2270.38379	 -2264.38379
 1560	  28592.47461	 -2010.75635	  2126.76001	 -2120.76001
 6084	  28584.22266	 -2012.40991	  2101.79834	 -2095.79834
 6051	  28584.22266	 -2012.95471	  2101.80811	 -2095.80811
 5988	  28799.39063	 -1965.52368	  2752.55054	 -2746.55054
 1560	  28592.47461	 -2010.75635	  2126.76001	 -2120.76001
 6051	  28584.22266	 -2012.95471	  2101.80811	 -2095.80811
 6084	  28584.22266	 -2012.40991	  2101.79834	 -2095.79834
 1594	  27746.63867	 -2032.91345	  2270.38379	 -2264.38379
 380	  27746.63867	 -2032.63403	  2270.37866	 -2264.37866
 6051	  28584.22266	 -2012.95471	  2101.80811	 -2095.80811
 6084	  28584.22266	 -2012.40991	  2101.79834	 -2095.79834
 380	  27746.63867	 -2032.63403	  2270.37866	 -2264.37866
 5988	  28799.39063	 -1965.52368	  2752.55054	 -2746.55054
 6051	  28584.22266	 -2012.95471	  2101.80811	 -2095.80811
 5989	  28802.69141	 -1964.75256	  2762.53271	 -2756.53271
 1532	  28799.39063	 -1965.42371	  2752.54858	 -2746.54858
 5988	  28799.39063	 -1965.52368	  2752.55054	 -2746.55054
 5989	  28802.69141	 -1964.75256	  2762.53271	 -2756.53271
 6051	  28584.22266	 -2012.95471	  2101.80811	 -2095.80811
 380	  27746.63867	 -2032.63403	  2270.37866	 -2264.37866
 1562	  27746.63867	 -2032.91345	  2270.38379	 -2264.38379
 5989	  28802.69141	 -1964.75256	  2762.53271	 -2756.53271
 6051	  28584.22266	 -2012.95471	  2101.80811	 -2095.80811
 1562	  27746.63867	 -2032.91345	  2270.38379	 -2264.38379
 1532	  28799.39063	 -1965.42371	  2752.54858	 -2746.54858
 5989	  28802.69141	 -1964.75256	  2762.53271	 -2756.53271
 5959	  28802.69141	 -1964.65369	  2762.53101	 -2756.53101
 5911	  28799.39063	 -1965.99939	  2752.55908	 -2746.55908
 1532	  28799.39063	 -1965.42371	  2752.54858	 -2746.54858
 5959	  28802.69141	 -1964.65369	  2762.53101	 -2756.53101
 5989	  28802.69141	 -1964.75256	  2762.53271	 -2756.53271
 1562	  27746.63867	 -2032.91345	  2270.38379	 -2264.38379
 5990	  27976.66016	 -1969.38416	  2965.81763	 -2959.81763
 5959	  28802.69141	 -1964.65369	  2762.53101	 -2756.53101
 5989	  28802.69141	 -1964.75256	  2762.53271	 -2756.53271
 5990	  27976.66016	 -1969.38416	  2965.81763	 -2959.81763
 5911	  28799.39063	 -1965.99939	  2752.55908	 -2746.55908
 5959	  28802.69141	 -1964.65369	  2762.53101	 -2756.53101
 5912	  28802.69141	 -1965.32349	  2762.54321	 -2756.54321
 1500	  28799.39063	 -1965.50928	  2752.55029	 -2746.55029
 5911	  28799.39063	 -1965.99939	  2752.55908	 -2746.55908
 5912	  28802.69141	 -1965.32349	  2762.54321	 -2756.54321
 5959	  28802.69141	 -1964.65369	  2762.53101	 -2756.53101
 5990	  27976.66016	 -1969.38416	  2965.81763	 -2959.81763
 1533	  27976.66016	 -1969.38416	  2965.81763	 -2959.81763
 5912	  28802.69141	 -1965.32349	  2762.54321	 -2756.54321
 5959	  28802.69141	 -1964.65369	  2762.53101	 -2756.53101
 1533	  27976.66016	 -1969.38416	  2965.81763	 -2959.81763
 1500	  28799.39063	 -1965.50928	  2752.55029	 -2746.55029
 5912	  28802.69141	 -1965.32349	  2762.54321	 -2756.54321
 5879	  28802.69141	 -1964.8468	  2762.53442	 -2756.53442
 5816	  29136.24805	 -1908.50793	  3771.64404	 -3765.64404
 1500	  28799.39063	 -1965.50928	  2752.55029	 -2746.55029
 5879	  28802.69141	 -1964.8468	  2762.53442	 -2756.53442
 5912	  28802.69141	 -1965.32349	  2762.54321	 -2756.54321
 1533	  27976.66016	 -1969.38416	  2965.81763	 -2959.81763
 364	  27976.66016	 -1969.5752	  2965.82104	 -2959.82104
 5879	  28802.69141	 -1964.8468	  2762.53442	 -2756.53442
 5912	  28802.69141	 -1965.32349	  2762.54321	 -2756.54321
 364	  27976.66016	 -1969.5752	  2965.82104	 -2959.82104
 5816	  29136.24805	 -1908.50793	  3771.64404	 -3765.64404
 5879	  28802.69141	 -1964.8468	  2762.53442	 -2756.53442
 5817	  29126.34375	 -1911.96411	  3741.71631	 -3735.71631
 1468	  29136.24805	 -1908.50793	  3771.64404	 -3765.64404
 5816	  29136.24805	 -1908.50793	  3771.64404	 -3765.64404
 5817	  29126.34375	 -1911.96411	  3741.71631	 -3735.71631
 5879	  28802.69141	 -1964.8468	  2762.53442	 -2756.53442
 364	  27976.66016	 -1969.5752	  2965.82104	 -2959.82104
 1502	  27976.66016	 -1969.54639	  2965.82056	 -2959.82056
 5817	  29126.34375	 -1911.96411	  3741.71631	 -3735.71631
 5879	  28802.69141	 -1964.8468	  2762.53442	 -2756.53442
 1502	  27976.66016	 -1969.54639	  2965.82056	 -2959.82056
 1468	  29136.24805	 -1908.50793	  3771.64404	 -3765.64404
 5817	  29126.34375	 -1911.96411	  3741.71631	 -3735.71631
 5783	  29126.34375	 -1912.29297	  3741.72217	 -3735.72217
 5735	  29136.24805	 -1908.62122	  3771.64624	 -3765.64624
 1468	  29136.24805	 -1908.50793	  3771.64404	 -3765.64404
 5783	  29126.34375	 -1912.29297	  3741.72217	 -3735.72217
 5817	  29126.34375	 -1911.96411	  3741.71631	 -3735.71631
 1502	  27976.66016	 -1969.54639	  2965.82056	 -2959.82056
 5818	  28287.10938	 -1946.91919	  3905.56641	 -3899.56641
 5783	  29126.34375	 -1912.29297	  3741.72217	 -3735.72217
 5817	  29126.34375	 -1911.96411	  3741.71631	 -3735.71631
 5818	  28287.10938	 -1946.91919	  3905.56641	 -3899.56641
 5735	  29136.24805	 -1908.62122	  3771.64624	 -3765.64624
 5783	  29126.34375	 -1912.29297	  3741.72217	 -3735.72217
 5736	  29126.34375	 -1912.099	  3741.71875	 -3735.71875
 1436	  29136.24805	 -1908.18323	  3771.63818	 -3765.63818
 5735	  29136.24805	 -1908.62122	  3771.64624	 -3765.64624
 5736	  29126.34375	 -1912.099	  3741.71875	 -3735.71875
 5783	  29126.34375	 -1912.29297	  3741.72217	 -3735.72217
 5818	  28287.10938	 -1946.91919	  3905.56641	 -3899.56641
 1470	  28287.10938	 -1946.91919	  3905.56641	 -3899.56641
 5736	  29126.34375	 -1912.099	  3741.71875	 -3735.71875
 5783	  29126.34375	 -1912.29297	  3741.72217	 -3735.72217
 1470	  28287.10938	 -1946.91919	  3905.56641	 -3899.56641
 1436	  29136.24805	 -1908.18323	  3771.63818	 -3765.63818
 5736	  29126.34375	 -1912.099	  3741.71875	 -3735.71875
 5703	  29126.34375	 -1911.75598	  3741.7124	 -3735.7124
 5640	  29343.16211	 -1836.20947	  4396.94141	 -4390.94141
 1436	  29136.24805	 -1908.18323	  3771.63818	 -3765.63818
 5703	  29126.34375	 -1911.75598	  3741.7124	 -3735.7124
 5736	  29126.34375	 -1912.099	  3741.71875	 -3735.71875
 1470	  28287.10938	 -1946.91919	  3905.56641	 -3899.56641
 348	  28287.10938	 -1946.41003	  3905.55713	 -3899.55713
 5703	  29126.34375	 -1911.75598	  3741.7124	 -3735.7124
 5736	  29126.34375	 -1912.099	  3741.71875	 -3735.71875
 348	  28287.10938	 -1946.41003	  3905.55713	 -3899.55713
 5640	  29343.16211	 -1836.20947	  4396.94141	 -4390.94141
 5703	  29126.34375	 -1911.75598	  3741.7124	 -3735.7124
 5641	  29344.8125	 -1835.85522	  4401.93311	 -4395.93311
 1404	  29343.16211	 -1835.83252	  4396.93457	 -4390.93457
 5640	  29343.16211	 -1836.20947	  4396.94141	 -4390.94141
 5641	  29344.8125	 -1835.85522	  4401.93311	 -4395.93311
 5703	  29126.34375	 -1911.75598	  3741.7124	 -3735.7124
 348	  28287.10938	 -1946.41003	  3905.55713	 -3899.55713
 1438	  28287.10938	 -1947.40125	  3905.57495	 -3899.57495
 5641	  29344.8125	 -1835.85522	  4401.93311	 -4395.93311
 5703	  29126.34375	 -1911.75598	  3741.7124	 -3735.7124
 1438	  28287.10938	 -1947.40125	  3905.57495	 -3899.57495
 1404	  29343.16211	 -1835.83252	  4396.93457	 -4390.93457
 5641	  29344.8125	 -1835.85522	  4401.93311	 -4395.93311
 5607	  29344.8125	 -1836.5188	  4401.94531	 -4395.94531
 5551	  29343.16211	 -1837.02368	  4396.95605	 -4390.95605
 1404	  29343.16211	 -1835.83252	  4396.93457	 -4390.93457
 5607	  29344.8125	 -1836.5188	  4401.94531	 -4395.94531
 5641	  29344.8125	 -1835.85522	  4401.93311	 -4395.93311
 1438	  28287.10938	 -1947.40125	  3905.57495	 -3899.57495
 5642	  28517.13086	 -1835.1593	  4600.12305	 -4594.12305
 5607	  29344.8125	 -1836.5188	  4401.94531	 -4395.94531
 5641	  29344.8125	 -1835.85522	  4401.93311	 -4395.93311
 5642	  28517.13086	 -1835.1593	  4600.12305	 -4594.12305
 5551	  29343.16211	 -1837.02368	  4396.95605	 -4390.95605
 5607	  29344.8125	 -1836.5188	  4401.94531	 -4395.94531
 5552	  29344.8125	 -1836.20215	  4401.93945	 -4395.93945
 1378	  29343.16211	 -1836.48096	  4396.94629	 -4390.94629
 5551	  29343.16211	 -1837.02368	  4396.95605	 -4390.95605
 5552	  29344.8125	 -1836.20215	  4401.93945	 -4395.93945
 5607	  29344.8125	 -1836.5188	  4401.94531	 -4395.94531
 5642	  28517.13086	 -1835.1593	  4600.12305	 -4594.12305
 1406	  28517.13086	 -1835.47717	  4600.12891	 -4594.12891
 5552	  29344.8125	 -1836.20215	  4401.93945	 -4395.93945
 5607	  29344.8125	 -1836.5188	  4401.94531	 -4395.94531
 1406	  28517.13086	 -1835.47717	  4600.12891	 -4594.12891
 1378	  29343.16211	 -1836.48096	  4396.94629	 -4390.94629
 5552	  29344.8125	 -1836.20215	  4401.93945	 -4395.93945
 5529	  29344.8125	 -1836.38293	  4401.94287	 -4395.94287
 5466	  29680.01953	 -1583.45227	  5412.4751	 -5406.4751
 1378	  29343.16211	 -1836.48096	  4396.94629	 -4390.94629
 5529	  29344.8125	 -1836.38293	  4401.94287	 -4395.94287
 5552	  29344.8125	 -1836.20215	  4401.93945	 -4395.93945
 1406	  28517.13086	 -1835.47717	  4600.12891	 -4594.12891
 5553	  28517.13086	 -1836.03101	  4600.13916	 -4594.13916
 5529	  29344.8125	 -1836.38293	  4401.94287	 -4395.94287
 5552	  29344.8125	 -1836.20215	  4401.93945	 -4395.93945
 5553	  28517.13086	 -1836.03101	  4600.13916	 -4594.13916
 5466	  29680.01953	 -1583.45227	  5412.4751	 -5406.4751
 5529	  29344.8125	 -1836.38293	  4401.94287	 -4395.94287
 5467	  29668.46484	 -1595.76111	  5377.70996	 -5371.70996
 1346	  29680.01953	 -1583.26575	  5412.47168	 -5406.47168
 5466	  29680.01953	 -1583.45227	  5412.4751	 -5406.4751
 5467	  29668.46484	 -1595.76111	  5377.70996	 -5371.70996
 5529	  29344.8125	 -1836.38293	  4401.94287	 -4395.94287
 5553	  28517.13086	 -1836.03101	  4600.13916	 -4594.13916
 332	  28517.13086	 -1835.52307	  4600.12988	 -4594.12988
 5467	  29668.46484	 -1595.76111	  5377.70996	 -5371.70996
 5529	  29344.8125	 -1836.38293	  4401.94287	 -4395.94287
 332	  28517.13086	 -1835.52307	  4600.12988	 -4594.12988
 1346	  29680.01953	 -1583.26575	  5412.47168	 -5406.47168
 5467	  29668.46484	 -1595.76111	  5377.70996	 -5371.70996
 5433	  29668.46484	 -1595.99475	  5377.71436	 -5371.71436
 5370	  29680.01953	 -1583.0907	  5412.46875	 -5406.46875
 1346	  29680.01953	 -1583.26575	  5412.47168	 -5406.47168
 5433	  29668.46484	 -1595.99475	  5377.71436	 -5371.71436
 5467	  29668.46484	 -1595.76111	  5377.70996	 -5371.70996
 332	  28517.13086	 -1835.52307	  4600.12988	 -4594.12988
 5468	  28827.58008	 -1576.30493	  5535.57227	 -5529.57227
 5433	  29668.46484	 -1595.99475	  5377.71436	 -5371.71436
 5467	  29668.46484	 -1595.76111	  5377.70996	 -5371.70996
 5468	  28827.58008	 -1576.30493	  5535.57227	 -5529.57227
 5370	  29680.01953	 -1583.0907	  5412.46875	 -5406.46875
 5433	  29668.46484	 -1595.99475	  5377.71436	 -5371.71436
 5371	  29668.46484	 -1595.93347	  5377.71338	 -5371.71338
 1320	  29680.01953	 -1583.35315	  5412.47363	 -5406.47363
 5370	  29680.01953	 -1583.0907	  5412.46875	 -5406.46875
 5371	  29668.46484	 -1595.93347	  5377.71338	 -5371.71338
 5433	  29668.46484	 -1595.99475	  5377.71436	 -5371.71436
 5468	  28827.58008	 -1576.30493	  5535.57227	 -5529.57227
 1348	  28827.58008	 -1575.79944	  5535.56348	 -5529.56348
 5371	  29668.46484	 -1595.93347	  5377.71338	 -5371.71338
 5433	  29668.46484	 -1595.99475	  5377.71436	 -5371.71436
 1348	  28827.58008	 -1575.79944	  5535.56348	 -5529.56348
 1320	  29680.01953	 -1583.35315	  5412.47363	 -5406.47363
 5371	  29668.46484	 -1595.93347	  5377.71338	 -5371.71338
 5347	  29668.46484	 -1596.08728	  5377.71582	 -5371.71582
 5284	  29886.93359	 -1355.29651	  6034.93848	 -6028.93848
 1320	  29680.01953	 -1583.35315	  5412.47363	 -5406.47363
 5347	  29668.46484	 -1596.08728	  5377.71582	 -5371.71582
 5284	  29886.93359	 -1355.29651	  6034.93848	 -6028.93848
 5347	  29668.46484	 -1596.08728	  5377.71582	 -5371.71582
 5285	  29713.40234	 -1399.63684	  5953.28711	 -5947.28711
 5347	  29668.46484	 -1596.08728	  5377.71582	 -5371.71582
 5371	  29668.46484	 -1595.93347	  5377.71338	 -5371.71338
 5372	  28827.58008	 -1576.21423	  5535.5708	 -5529.5708
 5371	  29668.46484	 -1595.93347	  5377.71338	 -5371.71338
 1348	  28827.58008	 -1575.79944	  5535.56348	 -5529.56348
 5372	  28827.58008	 -1576.21423	  5535.5708	 -5529.5708
 5285	  29713.40234	 -1399.63684	  5953.28711	 -5947.28711
 5347	  29668.46484	 -1596.08728	  5377.71582	 -5371.71582
 305	  28667.34375	 -1609.41479	  5460.03369	 -5454.03369
 5347	  29668.46484	 -1596.08728	  5377.71582	 -5371.71582
 5372	  28827.58008	 -1576.21423	  5535.5708	 -5529.5708
 305	  28667.34375	 -1609.41479	  5460.03369	 -5454.03369
 5285	  29713.40234	 -1399.63684	  5953.28711	 -5947.28711
 305	  28667.34375	 -1609.41479	  5460.03369	 -5454.03369
 5286	  28893.6543	 -1373.302	  6143.78027	 -6137.78027
 5372	  28827.58008	 -1576.21423	  5535.5708	 -5529.5708
 1348	  28827.58008	 -1575.79944	  5535.56348	 -5529.56348
 5434	  28774.36914	 -1586.87488	  5510.48047	 -5504.48047
 5286	  28893.6543	 -1373.302	  6143.78027	 -6137.78027
 305	  28667.34375	 -1609.41479	  5460.03369	 -5454.03369
 5348	  28667.34375	 -1609.41479	  5460.03369	 -5454.03369
 5286	  28893.6543	 -1373.302	  6143.78027	 -6137.78027
 5348	  28667.34375	 -1609.41479	  5460.03369	 -5454.03369
 5287	  28893.6543	 -1373.45972	  6143.78271	 -6137.78271
 305	  28667.34375	 -1609.41479	  5460.03369	 -5454.03369
 5372	  28827.58008	 -1576.21423	  5535.5708	 -5529.5708
 5373	  28668.39844	 -1609.3197	  5460.5332	 -5454.5332
 305	  28667.34375	 -1609.41479	  5460.03369	 -5454.03369
 5373	  28668.39844	 -1609.3197	  5460.5332	 -5454.5332
 5348	  28667.34375	 -1609.41479	  5460.03369	 -5454.03369
 5372	  28827.58008	 -1576.21423	  5535.5708	 -5529.5708
 5434	  28774.36914	 -1586.87488	  5510.48047	 -5504.48047
 5373	  28668.39844	 -1609.3197	  5460.5332	 -5454.5332
 5287	  28893.6543	 -1373.45972	  6143.78271	 -6137.78271
 5348	  28667.34375	 -1609.41479	  5460.03369	 -5454.03369
 1321	  28519.10938	 -1612.34973	  5494.62061	 -5488.62061
 5287	  28893.6543	 -1373.45972	  6143.78271	 -6137.78271
 1321	  28519.10938	 -1612.34973	  5494.62061	 -5488.62061
 5288	  28757.80469	 -1372.14075	  6175.40674	 -6169.40674
 5348	  28667.34375	 -1609.41479	  5460.03369	 -5454.03369
 5373	  28668.39844	 -1609.3197	  5460.5332	 -5454.5332
 5374	  28507.7793	 -1611.99438	  5498.00	 -5492.00
 5348	  28667.34375	 -1609.41479	  5460.03369	 -5454.03369
 5374	  28507.7793	 -1611.99438	  5498.00	 -5492.00
 1321	  28519.10938	 -1612.34973	  5494.62061	 -5488.62061
 5288	  28757.80469	 -1372.14075	  6175.40674	 -6169.40674
 1321	  28519.10938	 -1612.34973	  5494.62061	 -5488.62061
 5349	  28519.10938	 -1612.39966	  5494.62158	 -5488.62158
 5288	  28757.80469	 -1372.14075	  6175.40674	 -6169.40674
 5349	  28519.10938	 -1612.39966	  5494.62158	 -5488.62158
 5289	  28757.80469	 -1372.2395	  6175.40869	 -6169.40869
 1321	  28519.10938	 -1612.34973	  5494.62061	 -5488.62061
 5374	  28507.7793	 -1611.99438	  5498.00	 -5492.00
 5375	  28507.7793	 -1612.45276	  5498.0083	 -5492.0083
 1321	  28519.10938	 -1612.34973	  5494.62061	 -5488.62061
 5375	  28507.7793	 -1612.45276	  5498.0083	 -5492.0083
 5349	  28519.10938	 -1612.39966	  5494.62158	 -5488.62158
 5373	  28668.39844	 -1609.3197	  5460.5332	 -5454.5332
 1349	  28448.46484	 -1649.05798	  5356.74707	 -5350.74707
 5374	  28507.7793	 -1611.99438	  5498.00	 -5492.00
 5373	  28668.39844	 -1609.3197	  5460.5332	 -5454.5332
 5434	  28774.36914	 -1586.87488	  5510.48047	 -5504.48047
 1349	  28448.46484	 -1649.05798	  5356.74707	 -5350.74707
 5374	  28507.7793	 -1611.99438	  5498.00	 -5492.00
 5435	  28448.46484	 -1649.26611	  5356.75098	 -5350.75098
 5375	  28507.7793	 -1612.45276	  5498.0083	 -5492.0083
 5374	  28507.7793	 -1611.99438	  5498.00	 -5492.00
 1349	  28448.46484	 -1649.05798	  5356.74707	 -5350.74707
 5435	  28448.46484	 -1649.26611	  5356.75098	 -5350.75098
 5349	  28519.10938	 -1612.39966	  5494.62158	 -5488.62158
 5375	  28507.7793	 -1612.45276	  5498.0083	 -5492.0083
 5376	  27714.45117	 -1653.8689	  5683.57861	 -5677.57861
 5289	  28757.80469	 -1372.2395	  6175.40869	 -6169.40869
 5349	  28519.10938	 -1612.39966	  5494.62158	 -5488.62158
 308	  27712.57031	 -1653.43677	  5683.26172	 -5677.26172
 5349	  28519.10938	 -1612.39966	  5494.62158	 -5488.62158
 5376	  27714.45117	 -1653.8689	  5683.57861	 -5677.57861
 308	  27712.57031	 -1653.43677	  5683.26172	 -5677.26172
 5289	  28757.80469	 -1372.2395	  6175.40869	 -6169.40869
 308	  27712.57031	 -1653.43677	  5683.26172	 -5677.26172
 5290	  27938.05469	 -1388.01489	  6366.66748	 -6360.66748
 5375	  28507.7793	 -1612.45276	  5498.0083	 -5492.0083
 1350	  27668.34766	 -1690.44019	  5539.23877	 -5533.23877
 5376	  27714.45117	 -1653.8689	  5683.57861	 -5677.57861
 5375	  28507.7793	 -1612.45276	  5498.0083	 -5492.0083
 5435	  28448.46484	 -1649.26611	  5356.75098	 -5350.75098
 1350	  27668.34766	 -1690.44019	  5539.23877	 -5533.23877
 5290	  27938.05469	 -1388.01489	  6366.66748	 -6360.66748
 308	  27712.57031	 -1653.43677	  5683.26172	 -5677.26172
 5350	  27712.57031	 -1653.41235	  5683.26123	 -5677.26123
 5290	  27938.05469	 -1388.01489	  6366.66748	 -6360.66748
 5350	  27712.57031	 -1653.41235	  5683.26123	 -5677.26123
 5291	  27938.05469	 -1388.427	  6366.6748	 -6360.6748
 308	  27712.57031	 -1653.43677	  5683.26172	 -5677.26172
 5376	  27714.45117	 -1653.8689	  5683.57861	 -5677.57861
 5377	  27714.45117	 -1653.21777	  5683.56641	 -5677.56641
 308	  27712.57031	 -1653.43677	  5683.26172	 -5677.26172
 5377	  27714.45117	 -1653.21777	  5683.56641	 -5677.56641
 5350	  27712.57031	 -1653.41235	  5683.26123	 -5677.26123
 5291	  27938.05469	 -1388.427	  6366.6748	 -6360.6748
 5350	  27712.57031	 -1653.41235	  5683.26123	 -5677.26123
 1322	  27564.33594	 -1657.60461	  5717.87109	 -5711.87109
 5291	  27938.05469	 -1388.427	  6366.6748	 -6360.6748
 1322	  27564.33594	 -1657.60461	  5717.87109	 -5711.87109
 5292	  27802.20508	 -1394.46497	  6398.43311	 -6392.43311
 5350	  27712.57031	 -1653.41235	  5683.26123	 -5677.26123
 5377	  27714.45117	 -1653.21777	  5683.56641	 -5677.56641
 5378	  27553.83203	 -1657.44739	  5721.06201	 -5715.06201
 5350	  27712.57031	 -1653.41235	  5683.26123	 -5677.26123
 5378	  27553.83203	 -1657.44739	  5721.06201	 -5715.06201
 1322	  27564.33594	 -1657.60461	  5717.87109	 -5711.87109
 5376	  27714.45117	 -1653.8689	  5683.57861	 -5677.57861
 5436	  27668.34766	 -1690.03992	  5539.23145	 -5533.23145
 5377	  27714.45117	 -1653.21777	  5683.56641	 -5677.56641
 5376	  27714.45117	 -1653.8689	  5683.57861	 -5677.57861
 1350	  27668.34766	 -1690.44019	  5539.23877	 -5533.23877
 5436	  27668.34766	 -1690.03992	  5539.23145	 -5533.23145
 5377	  27714.45117	 -1653.21777	  5683.56641	 -5677.56641
 1351	  27495.3418	 -1699.16882	  5579.70117	 -5573.70117
 5378	  27553.83203	 -1657.44739	  5721.06201	 -5715.06201
 5377	  27714.45117	 -1653.21777	  5683.56641	 -5677.56641
 5436	  27668.34766	 -1690.03992	  5539.23145	 -5533.23145
 1351	  27495.3418	 -1699.16882	  5579.70117	 -5573.70117
 1322	  27564.33594	 -1657.60461	  5717.87109	 -5711.87109
 5378	  27553.83203	 -1657.44739	  5721.06201	 -5715.06201
 5379	  27553.83203	 -1657.4458	  5721.06201	 -5715.06201
 5292	  27802.20508	 -1394.46497	  6398.43311	 -6392.43311
 1322	  27564.33594	 -1657.60461	  5717.87109	 -5711.87109
 5351	  27564.33594	 -1657.51636	  5717.86963	 -5711.86963
 1322	  27564.33594	 -1657.60461	  5717.87109	 -5711.87109
 5379	  27553.83203	 -1657.4458	  5721.06201	 -5715.06201
 5351	  27564.33594	 -1657.51636	  5717.86963	 -5711.86963
 5292	  27802.20508	 -1394.46497	  6398.43311	 -6392.43311
 5351	  27564.33594	 -1657.51636	  5717.86963	 -5711.86963
 5293	  27802.20508	 -1394.01086	  6398.4248	 -6392.4248
 5378	  27553.83203	 -1657.44739	  5721.06201	 -5715.06201
 5437	  27495.3418	 -1698.23206	  5579.68457	 -5573.68457
 5379	  27553.83203	 -1657.4458	  5721.06201	 -5715.06201
 5378	  27553.83203	 -1657.44739	  5721.06201	 -5715.06201
 1351	  27495.3418	 -1699.16882	  5579.70117	 -5573.70117
 5437	  27495.3418	 -1698.23206	  5579.68457	 -5573.68457
 5293	  27802.20508	 -1394.01086	  6398.4248	 -6392.4248
 5351	  27564.33594	 -1657.51636	  5717.86963	 -5711.86963
 1323	  26757.79688	 -1677.29541	  5906.12354	 -5900.12354
 5293	  27802.20508	 -1394.01086	  6398.4248	 -6392.4248
 1323	  26757.79688	 -1677.29541	  5906.12354	 -5900.12354
 5294	  26982.45508	 -1399.63611	  6589.49854	 -6583.49854
 5351	  27564.33594	 -1657.51636	  5717.86963	 -5711.86963
 5379	  27553.83203	 -1657.4458	  5721.06201	 -5715.06201
 5380	  26760.50195	 -1677.29968	  5906.24023	 -5900.24023
 5351	  27564.33594	 -1657.51636	  5717.86963	 -5711.86963
 5380	  26760.50195	 -1677.29968	  5906.24023	 -5900.24023
 1323	  26757.79688	 -1677.29541	  5906.12354	 -5900.12354
 5294	  26982.45508	 -1399.63611	  6589.49854	 -6583.49854
 1323	  26757.79688	 -1677.29541	  5906.12354	 -5900.12354
 310	  26757.79688	 -1677.29541	  5906.12354	 -5900.12354
 5294	  26982.45508	 -1399.63611	  6589.49854	 -6583.49854
 310	  26757.79688	 -1677.29541	  5906.12354	 -5900.12354
 5295	  26982.45508	 -1399.88391	  6589.50342	 -6583.50342
 1323	  26757.79688	 -1677.29541	  5906.12354	 -5900.12354
 5380	  26760.50195	 -1677.29968	  5906.24023	 -5900.24023
 5381	  26760.50195	 -1677.29968	  5906.24023	 -5900.24023
 1323	  26757.79688	 -1677.29541	  5906.12354	 -5900.12354
 5381	  26760.50195	 -1677.29968	  5906.24023	 -5900.24023
 310	  26757.79688	 -1677.29541	  5906.12354	 -5900.12354
 5379	  27553.83203	 -1657.4458	  5721.06201	 -5715.06201
 1352	  26715.22461	 -1714.48181	  5761.71924	 -5755.71924
 5380	  26760.50195	 -1677.29968	  5906.24023	 -5900.24023
 5379	  27553.83203	 -1657.4458	  5721.06201	 -5715.06201
 5437	  27495.3418	 -1698.23206	  5579.68457	 -5573.68457
 1352	  26715.22461	 -1714.48181	  5761.71924	 -5755.71924
 5380	  26760.50195	 -1677.29968	  5906.24023	 -5900.24023
 5438	  26715.22461	 -1714.48181	  5761.71924	 -5755.71924
 5381	  26760.50195	 -1677.29968	  5906.24023	 -5900.24023
 5380	  26760.50195	 -1677.29968	  5906.24023	 -5900.24023
 1352	  26715.22461	 -1714.48181	  5761.71924	 -5755.71924
 5438	  26715.22461	 -1714.48181	  5761.71924	 -5755.71924
 310	  26757.79688	 -1677.29541	  5906.12354	 -5900.12354
 5381	  26760.50195	 -1677.29968	  5906.24023	 -5900.24023
 5382	  26599.88281	 -1680.56726	  5943.71777	 -5937.71777
 5295	  26982.45508	 -1399.88391	  6589.50342	 -6583.50342
 310	  26757.79688	 -1677.29541	  5906.12354	 -5900.12354
 1324	  26609.5625	 -1679.75464	  5940.70166	 -5934.70166
 310	  26757.79688	 -1677.29541	  5906.12354	 -5900.12354
 5382	  26599.88281	 -1680.56726	  5943.71777	 -5937.71777
 1324	  26609.5625	 -1679.75464	  5940.70166	 -5934.70166
 5295	  26982.45508	 -1399.88391	  6589.50342	 -6583.50342
 1324	  26609.5625	 -1679.75464	  5940.70166	 -5934.70166
 5296	  26846.60352	 -1408.90833	  6621.31641	 -6615.31641
 5381	  26760.50195	 -1677.29968	  5906.24023	 -5900.24023
 1353	  26542.21875	 -1709.19775	  5801.92725	 -5795.92725
 5382	  26599.88281	 -1680.56726	  5943.71777	 -5937.71777
 5381	  26760.50195	 -1677.29968	  5906.24023	 -5900.24023
 5438	  26715.22461	 -1714.48181	  5761.71924	 -5755.71924
 1353	  26542.21875	 -1709.19775	  5801.92725	 -5795.92725
 5296	  26846.60352	 -1408.90833	  6621.31641	 -6615.31641
 1324	  26609.5625	 -1679.75464	  5940.70166	 -5934.70166
 5352	  26609.5625	 -1680.32288	  5940.71191	 -5934.71191
 5296	  26846.60352	 -1408.90833	  6621.31641	 -6615.31641
 5352	  26609.5625	 -1680.32288	  5940.71191	 -5934.71191
 5297	  26846.60352	 -1408.86865	  6621.31543	 -6615.31543
 1324	  26609.5625	 -1679.75464	  5940.70166	 -5934.70166
 5382	  26599.88281	 -1680.56726	  5943.71777	 -5937.71777
 5383	  26599.88281	 -1680.03113	  5943.70801	 -5937.70801
 1324	  26609.5625	 -1679.75464	  5940.70166	 -5934.70166
 5383	  26599.88281	 -1680.03113	  5943.70801	 -5937.70801
 5352	  26609.5625	 -1680.32288	  5940.71191	 -5934.71191
 5297	  26846.60352	 -1408.86865	  6621.31543	 -6615.31543
 5352	  26609.5625	 -1680.32288	  5940.71191	 -5934.71191
 1325	  25803.02344	 -1699.48047	  6128.95508	 -6122.95508
 5297	  26846.60352	 -1408.86865	  6621.31543	 -6615.31543
 1325	  25803.02344	 -1699.48047	  6128.95508	 -6122.95508
 5298	  26026.85352	 -1480.12927	  6813.58301	 -6807.58301
 5352	  26609.5625	 -1680.32288	  5940.71191	 -5934.71191
 5383	  26599.88281	 -1680.03113	  5943.70801	 -5937.70801
 5384	  25806.55273	 -1698.87427	  6128.86816	 -6122.86816
 5352	  26609.5625	 -1680.32288	  5940.71191	 -5934.71191
 5384	  25806.55273	 -1698.87427	  6128.86816	 -6122.86816
 1325	  25803.02344	 -1699.48047	  6128.95508	 -6122.95508
 5382	  26599.88281	 -1680.56726	  5943.71777	 -5937.71777
 5439	  26542.21875	 -1709.08032	  5801.9248	 -5795.9248
 5383	  26599.88281	 -1680.03113	  5943.70801	 -5937.70801
 5382	  26599.88281	 -1680.56726	  5943.71777	 -5937.71777
 1353	  26542.21875	 -1709.19775	  5801.92725	 -5795.92725
 5439	  26542.21875	 -1709.08032	  5801.9248	 -5795.9248
 5383	  26599.88281	 -1680.03113	  5943.70801	 -5937.70801
 1354	  25762.10352	 -1724.46423	  5983.94336	 -5977.94336
 5384	  25806.55273	 -1698.87427	  6128.86816	 -6122.86816
 5383	  26599.88281	 -1680.03113	  5943.70801	 -5937.70801
 5439	  26542.21875	 -1709.08032	  5801.9248	 -5795.9248
 1354	  25762.10352	 -1724.46423	  5983.94336	 -5977.94336
 1325	  25803.02344	 -1699.48047	  6128.95508	 -6122.95508
 5384	  25806.55273	 -1698.87427	  6128.86816	 -6122.86816
 5385	  25806.55273	 -1698.87427	  6128.86816	 -6122.86816
 5298	  26026.85352	 -1480.12927	  6813.58301	 -6807.58301
 1325	  25803.02344	 -1699.48047	  6128.95508	 -6122.95508
 312	  25803.02344	 -1699.48047	  6128.95508	 -6122.95508
 1325	  25803.02344	 -1699.48047	  6128.95508	 -6122.95508
 5385	  25806.55273	 -1698.87427	  6128.86816	 -6122.86816
 312	  25803.02344	 -1699.48047	  6128.95508	 -6122.95508
 5298	  26026.85352	 -1480.12927	  6813.58301	 -6807.58301
 312	  25803.02344	 -1699.48047	  6128.95508	 -6122.95508
 5299	  26026.85352	 -1479.8031	  6813.57715	 -6807.57715
 5384	  25806.55273	 -1698.87427	  6128.86816	 -6122.86816
 5440	  25762.10352	 -1724.07581	  5983.93604	 -5977.93604
 5385	  25806.55273	 -1698.87427	  6128.86816	 -6122.86816
 5384	  25806.55273	 -1698.87427	  6128.86816	 -6122.86816
 1354	  25762.10352	 -1724.46423	  5983.94336	 -5977.94336
 5440	  25762.10352	 -1724.07581	  5983.93604	 -5977.93604
 5299	  26026.85352	 -1479.8031	  6813.57715	 -6807.57715
 312	  25803.02344	 -1699.48047	  6128.95508	 -6122.95508
 1326	  25654.78711	 -1700.21899	  6163.50195	 -6157.50195
 5299	  26026.85352	 -1479.8031	  6813.57715	 -6807.57715
 1326	  25654.78711	 -1700.21899	  6163.50195	 -6157.50195
 5300	  25891.00391	 -1490.64331	  6845.42236	 -6839.42236
 312	  25803.02344	 -1699.48047	  6128.95508	 -6122.95508
 5385	  25806.55273	 -1698.87427	  6128.86816	 -6122.86816
 5386	  25645.93359	 -1700.651	  6166.31836	 -6160.31836
 312	  25803.02344	 -1699.48047	  6128.95508	 -6122.95508
 5386	  25645.93359	 -1700.651	  6166.31836	 -6160.31836
 1326	  25654.78711	 -1700.21899	  6163.50195	 -6157.50195
 5300	  25891.00391	 -1490.64331	  6845.42236	 -6839.42236
 1326	  25654.78711	 -1700.21899	  6163.50195	 -6157.50195
 5353	  25654.78711	 -1700.45203	  6163.50586	 -6157.50586
 5300	  25891.00391	 -1490.64331	  6845.42236	 -6839.42236
 5353	  25654.78711	 -1700.45203	  6163.50586	 -6157.50586
 5301	  25891.00391	 -1490.63757	  6845.42236	 -6839.42236
 1326	  25654.78711	 -1700.21899	  6163.50195	 -6157.50195
 5386	  25645.93359	 -1700.651	  6166.31836	 -6160.31836
 5387	  25645.93359	 -1700.9856	  6166.32471	 -6160.32471
 1326	  25654.78711	 -1700.21899	  6163.50195	 -6157.50195
 5387	  25645.93359	 -1700.9856	  6166.32471	 -6160.32471
 5353	  25654.78711	 -1700.45203	  6163.50586	 -6157.50586
 5385	  25806.55273	 -1698.87427	  6128.86816	 -6122.86816
 1355	  25589.09961	 -1726.12585	  6024.27734	 -6018.27734
 5386	  25645.93359	 -1700.651	  6166.31836	 -6160.31836
 5385	  25806.55273	 -1698.87427	  6128.86816	 -6122.86816
 5440	  25762.10352	 -1724.07581	  5983.93604	 -5977.93604
 1355	  25589.09961	 -1726.12585	  6024.27734	 -6018.27734
 5386	  25645.93359	 -1700.651	  6166.31836	 -6160.31836
 5441	  25589.09961	 -1726.63672	  6024.28662	 -6018.28662
 5387	  25645.93359	 -1700.9856	  6166.32471	 -6160.32471
 5386	  25645.93359	 -1700.651	  6166.31836	 -6160.31836
 1355	  25589.09961	 -1726.12585	  6024.27734	 -6018.27734
 5441	  25589.09961	 -1726.63672	  6024.28662	 -6018.28662
 5353	  25654.78711	 -1700.45203	  6163.50586	 -6157.50586
 5387	  25645.93359	 -1700.9856	  6166.32471	 -6160.32471
 5388	  24852.60547	 -1735.33105	  6351.76611	 -6345.76611
 5301	  25891.00391	 -1490.63757	  6845.42236	 -6839.42236
 5353	  25654.78711	 -1700.45203	  6163.50586	 -6157.50586
 1327	  24848.25	 -1735.82727	  6352.04346	 -6346.04346
 5353	  25654.78711	 -1700.45203	  6163.50586	 -6157.50586
 5388	  24852.60547	 -1735.33105	  6351.76611	 -6345.76611
 1327	  24848.25	 -1735.82727	  6352.04346	 -6346.04346
 5301	  25891.00391	 -1490.63757	  6845.42236	 -6839.42236
 1327	  24848.25	 -1735.82727	  6352.04346	 -6346.04346
 5302	  25071.25586	 -1572.56799	  7037.88428	 -7031.88428
 5387	  25645.93359	 -1700.9856	  6166.32471	 -6160.32471
 1356	  24808.98047	 -1756.34167	  6206.56592	 -6200.56592
 5388	  24852.60547	 -1735.33105	  6351.76611	 -6345.76611
 5387	  25645.93359	 -1700.9856	  6166.32471	 -6160.32471
 5441	  25589.09961	 -1726.63672	  6024.28662	 -6018.28662
 1356	  24808.98047	 -1756.34167	  6206.56592	 -6200.56592
 5302	  25071.25586	 -1572.56799	  7037.88428	 -7031.88428
 1327	  24848.25	 -1735.82727	  6352.04346	 -6346.04346
 313	  24848.25	 -1736.06238	  6352.04736	 -6346.04736
 5302	  25071.25586	 -1572.56799	  7037.88428	 -7031.88428
 313	  24848.25	 -1736.06238	  6352.04736	 -6346.04736
 5303	  25071.25586	 -1571.79419	  7037.87061	 -7031.87061
 1327	  24848.25	 -1735.82727	  6352.04346	 -6346.04346
 5388	  24852.60547	 -1735.33105	  6351.76611	 -6345.76611
 5389	  24852.60547	 -1735.56384	  6351.77051	 -6345.77051
 1327	  24848.25	 -1735.82727	  6352.04346	 -6346.04346
 5389	  24852.60547	 -1735.56384	  6351.77051	 -6345.77051
 313	  24848.25	 -1736.06238	  6352.04736	 -6346.04736
 5303	  25071.25586	 -1571.79419	  7037.87061	 -7031.87061
 313	  24848.25	 -1736.06238	  6352.04736	 -6346.04736
 1328	  24700.01367	 -1750.35254	  6386.84082	 -6380.84082
 5303	  25071.25586	 -1571.79419	  7037.87061	 -7031.87061
 1328	  24700.01367	 -1750.35254	  6386.84082	 -6380.84082
 5304	  24935.4043	 -1575.95483	  7069.59375	 -7063.59375
 313	  24848.25	 -1736.06238	  6352.04736	 -6346.04736
 5389	  24852.60547	 -1735.56384	  6351.77051	 -6345.77051
 5390	  24691.98633	 -1751.01648	  6389.47021	 -6383.47021
 313	  24848.25	 -1736.06238	  6352.04736	 -6346.04736
 5390	  24691.98633	 -1751.01648	  6389.47021	 -6383.47021
 1328	  24700.01367	 -1750.35254	  6386.84082	 -6380.84082
 5388	  24852.60547	 -1735.33105	  6351.76611	 -6345.76611
 5442	  24808.98047	 -1756.44263	  6206.56787	 -6200.56787
 5389	  24852.60547	 -1735.56384	  6351.77051	 -6345.77051
 5388	  24852.60547	 -1735.33105	  6351.76611	 -6345.76611
 1356	  24808.98047	 -1756.34167	  6206.56592	 -6200.56592
 5442	  24808.98047	 -1756.44263	  6206.56787	 -6200.56787
 5389	  24852.60547	 -1735.56384	  6351.77051	 -6345.77051
 1357	  24635.97656	 -1769.0575	  6247.10107	 -6241.10107
 5390	  24691.98633	 -1751.01648	  6389.47021	 -6383.47021
 5389	  24852.60547	 -1735.56384	  6351.77051	 -6345.77051
 5442	  24808.98047	 -1756.44263	  6206.56787	 -6200.56787
 1357	  24635.97656	 -1769.0575	  6247.10107	 -6241.10107
 1328	  24700.01367	 -1750.35254	  6386.84082	 -6380.84082
 5390	  24691.98633	 -1751.01648	  6389.47021	 -6383.47021
 5391	  24691.98633	 -1750.76807	  6389.46533	 -6383.46533
 5304	  24935.4043	 -1575.95483	  7069.59375	 -7063.59375
 1328	  24700.01367	 -1750.35254	  6386.84082	 -6380.84082
 5354	  24700.01367	 -1750.33301	  6386.84033	 -6380.84033
 1328	  24700.01367	 -1750.35254	  6386.84082	 -6380.84082
 5391	  24691.98633	 -1750.76807	  6389.46533	 -6383.46533
 5354	  24700.01367	 -1750.33301	  6386.84033	 -6380.84033
 5304	  24935.4043	 -1575.95483	  7069.59375	 -7063.59375
 5354	  24700.01367	 -1750.33301	  6386.84033	 -6380.84033
 5305	  24935.4043	 -1576.26514	  7069.59961	 -7063.59961
 5390	  24691.98633	 -1751.01648	  6389.47021	 -6383.47021
 5443	  24635.97656	 -1768.8385	  6247.09717	 -6241.09717
 5391	  24691.98633	 -1750.76807	  6389.46533	 -6383.46533
 5390	  24691.98633	 -1751.01648	  6389.47021	 -6383.47021
 1357	  24635.97656	 -1769.0575	  6247.10107	 -6241.10107
 5443	  24635.97656	 -1768.8385	  6247.09717	 -6241.09717
 5305	  24935.4043	 -1576.26514	  7069.59961	 -7063.59961
 5354	  24700.01367	 -1750.33301	  6386.84033	 -6380.84033
 1329	  23893.47656	 -1773.50806	  6575.15625	 -6569.15625
 5305	  24935.4043	 -1576.26514	  7069.59961	 -7063.59961
 1329	  23893.47656	 -1773.50806	  6575.15625	 -6569.15625
 5306	  24115.65625	 -1625.48828	  7261.4668	 -7255.4668
 5354	  24700.01367	 -1750.33301	  6386.84033	 -6380.84033
 5391	  24691.98633	 -1750.76807	  6389.46533	 -6383.46533
 5392	  23898.65625	 -1773.40918	  6574.69434	 -6568.69434
 5354	  24700.01367	 -1750.33301	  6386.84033	 -6380.84033
 5392	  23898.65625	 -1773.40918	  6574.69434	 -6568.69434
 1329	  23893.47656	 -1773.50806	  6575.15625	 -6569.15625
 5306	  24115.65625	 -1625.48828	  7261.4668	 -7255.4668
 1329	  23893.47656	 -1773.50806	  6575.15625	 -6569.15625
 315	  23893.47656	 -1773.50806	  6575.15625	 -6569.15625
 5306	  24115.65625	 -1625.48828	  7261.4668	 -7255.4668
 315	  23893.47656	 -1773.50806	  6575.15625	 -6569.15625
 5307	  24115.65625	 -1626.61072	  7261.48682	 -7255.48682
 1329	  23893.47656	 -1773.50806	  6575.15625	 -6569.15625
 5392	  23898.65625	 -1773.40918	  6574.69434	 -6568.69434
 5393	  23898.65625	 -1773.45398	  6574.69482	 -6568.69482
 1329	  23893.47656	 -1773.50806	  6575.15625	 -6569.15625
 5393	  23898.65625	 -1773.45398	  6574.69482	 -6568.69482
 315	  23893.47656	 -1773.50806	  6575.15625	 -6569.15625
 5391	  24691.98633	 -1750.76807	  6389.46533	 -6383.46533
 1358	  23855.85742	 -1793.57764	  6429.28662	 -6423.28662
 5392	  23898.65625	 -1773.40918	  6574.69434	 -6568.69434
 5391	  24691.98633	 -1750.76807	  6389.46533	 -6383.46533
 5443	  24635.97656	 -1768.8385	  6247.09717	 -6241.09717
 1358	  23855.85742	 -1793.57764	  6429.28662	 -6423.28662
 5392	  23898.65625	 -1773.40918	  6574.69434	 -6568.69434
 5444	  23855.85742	 -1793.56409	  6429.28613	 -6423.28613
 5393	  23898.65625	 -1773.45398	  6574.69482	 -6568.69482
 5392	  23898.65625	 -1773.40918	  6574.69434	 -6568.69434
 1358	  23855.85742	 -1793.57764	  6429.28662	 -6423.28662
 5444	  23855.85742	 -1793.56409	  6429.28613	 -6423.28613
 315	  23893.47656	 -1773.50806	  6575.15625	 -6569.15625
 5393	  23898.65625	 -1773.45398	  6574.69482	 -6568.69482
 5394	  23738.03711	 -1772.50244	  6612.0957	 -6606.0957
 5307	  24115.65625	 -1626.61072	  7261.48682	 -7255.48682
 315	  23893.47656	 -1773.50806	  6575.15625	 -6569.15625
 1330	  23745.24023	 -1772.75623	  6609.67627	 -6603.67627
 315	  23893.47656	 -1773.50806	  6575.15625	 -6569.15625
 5394	  23738.03711	 -1772.50244	  6612.0957	 -6606.0957
 1330	  23745.24023	 -1772.75623	  6609.67627	 -6603.67627
 5307	  24115.65625	 -1626.61072	  7261.48682	 -7255.48682
 1330	  23745.24023	 -1772.75623	  6609.67627	 -6603.67627
 5308	  23979.80664	 -1631.62915	  7293.22656	 -7287.22656
 5393	  23898.65625	 -1773.45398	  6574.69482	 -6568.69482
 1359	  23682.85352	 -1796.4032	  6469.64209	 -6463.64209
 5394	  23738.03711	 -1772.50244	  6612.0957	 -6606.0957
 5393	  23898.65625	 -1773.45398	  6574.69482	 -6568.69482
 5444	  23855.85742	 -1793.56409	  6429.28613	 -6423.28613
 1359	  23682.85352	 -1796.4032	  6469.64209	 -6463.64209
 5308	  23979.80664	 -1631.62915	  7293.22656	 -7287.22656
 1330	  23745.24023	 -1772.75623	  6609.67627	 -6603.67627
 5355	  23745.24023	 -1772.74817	  6609.67578	 -6603.67578
 5308	  23979.80664	 -1631.62915	  7293.22656	 -7287.22656
 5355	  23745.24023	 -1772.74817	  6609.67578	 -6603.67578
 5309	  23979.80664	 -1630.95313	  7293.21436	 -7287.21436
 1330	  23745.24023	 -1772.75623	  6609.67627	 -6603.67627
 5394	  23738.03711	 -1772.50244	  6612.0957	 -6606.0957
 5395	  23738.03711	 -1772.88428	  6612.10254	 -6606.10254
 1330	  23745.24023	 -1772.75623	  6609.67627	 -6603.67627
 5395	  23738.03711	 -1772.88428	  6612.10254	 -6606.10254
 5355	  23745.24023	 -1772.74817	  6609.67578	 -6603.67578
 5309	  23979.80664	 -1630.95313	  7293.21436	 -7287.21436
 5355	  23745.24023	 -1772.74817	  6609.67578	 -6603.67578
 1331	  22938.70313	 -1813.18481	  6798.30566	 -6792.30566
 5309	  23979.80664	 -1630.95313	  7293.21436	 -7287.21436
 1331	  22938.70313	 -1813.18481	  6798.30566	 -6792.30566
 5310	  23160.05664	 -1707.91858	  7485.58594	 -7479.58594
 5355	  23745.24023	 -1772.74817	  6609.67578	 -6603.67578
 5395	  23738.03711	 -1772.88428	  6612.10254	 -6606.10254
 5396	  22944.70898	 -1812.68652	  6797.64404	 -6791.64404
 5355	  23745.24023	 -1772.74817	  6609.67578	 -6603.67578
 5396	  22944.70898	 -1812.68652	  6797.64404	 -6791.64404
 1331	  22938.70313	 -1813.18481	  6798.30566	 -6792.30566
 5394	  23738.03711	 -1772.50244	  6612.0957	 -6606.0957
 5445	  23682.85352	 -1797.21716	  6469.65674	 -6463.65674
 5395	  23738.03711	 -1772.88428	  6612.10254	 -6606.10254
 5394	  23738.03711	 -1772.50244	  6612.0957	 -6606.0957
 1359	  23682.85352	 -1796.4032	  6469.64209	 -6463.64209
 5445	  23682.85352	 -1797.21716	  6469.65674	 -6463.65674
 5395	  23738.03711	 -1772.88428	  6612.10254	 -6606.10254
 1360	  22902.73438	 -1833.76233	  6652.06006	 -6646.06006
 5396	  22944.70898	 -1812.68652	  6797.64404	 -6791.64404
 5395	  23738.03711	 -1772.88428	  6612.10254	 -6606.10254
 5445	  23682.85352	 -1797.21716	  6469.65674	 -6463.65674
 1360	  22902.73438	 -1833.76233	  6652.06006	 -6646.06006
 1331	  22938.70313	 -1813.18481	  6798.30566	 -6792.30566
 5396	  22944.70898	 -1812.68652	  6797.64404	 -6791.64404
 5397	  22944.70898	 -1812.42712	  6797.63916	 -6791.63916
 5310	  23160.05664	 -1707.91858	  7485.58594	 -7479.58594
 1331	  22938.70313	 -1813.18481	  6798.30566	 -6792.30566
 317	  22938.70313	 -1813.18481	  6798.30566	 -6792.30566
 1331	  22938.70313	 -1813.18481	  6798.30566	 -6792.30566
 5397	  22944.70898	 -1812.42712	  6797.63916	 -6791.63916
 317	  22938.70313	 -1813.18481	  6798.30566	 -6792.30566
 5310	  23160.05664	 -1707.91858	  7485.58594	 -7479.58594
 317	  22938.70313	 -1813.18481	  6798.30566	 -6792.30566
 5311	  23160.05664	 -1707.9502	  7485.58643	 -7479.58643
 5396	  22944.70898	 -1812.68652	  6797.64404	 -6791.64404
 5446	  22902.73438	 -1834.58704	  6652.0752	 -6646.0752
 5397	  22944.70898	 -1812.42712	  6797.63916	 -6791.63916
 5396	  22944.70898	 -1812.68652	  6797.64404	 -6791.64404
 1360	  22902.73438	 -1833.76233	  6652.06006	 -6646.06006
 5446	  22902.73438	 -1834.58704	  6652.0752	 -6646.0752
 5311	  23160.05664	 -1707.9502	  7485.58643	 -7479.58643
 317	  22938.70313	 -1813.18481	  6798.30566	 -6792.30566
 1332	  22790.4668	 -1824.33167	  6833.04199	 -6827.04199
 5311	  23160.05664	 -1707.9502	  7485.58643	 -7479.58643
 1332	  22790.4668	 -1824.33167	  6833.04199	 -6827.04199
 5312	  23024.20703	 -1721.06995	  7517.47266	 -7511.47266
 317	  22938.70313	 -1813.18481	  6798.30566	 -6792.30566
 5397	  22944.70898	 -1812.42712	  6797.63916	 -6791.63916
 5398	  22784.08984	 -1824.74158	  6835.28125	 -6829.28125
 317	  22938.70313	 -1813.18481	  6798.30566	 -6792.30566
 5398	  22784.08984	 -1824.74158	  6835.28125	 -6829.28125
 1332	  22790.4668	 -1824.33167	  6833.04199	 -6827.04199
 5312	  23024.20703	 -1721.06995	  7517.47266	 -7511.47266
 1332	  22790.4668	 -1824.33167	  6833.04199	 -6827.04199
 5356	  22790.4668	 -1824.9646	  6833.05371	 -6827.05371
 5312	  23024.20703	 -1721.06995	  7517.47266	 -7511.47266
 5356	  22790.4668	 -1824.9646	  6833.05371	 -6827.05371
 5313	  23024.20703	 -1720.9198	  7517.47021	 -7511.47021
 1332	  22790.4668	 -1824.33167	  6833.04199	 -6827.04199
 5398	  22784.08984	 -1824.74158	  6835.28125	 -6829.28125
 5399	  22784.08984	 -1823.95435	  6835.26709	 -6829.26709
 1332	  22790.4668	 -1824.33167	  6833.04199	 -6827.04199
 5399	  22784.08984	 -1823.95435	  6835.26709	 -6829.26709
 5356	  22790.4668	 -1824.9646	  6833.05371	 -6827.05371
 5397	  22944.70898	 -1812.42712	  6797.63916	 -6791.63916
 1361	  22729.73047	 -1838.33984	  6692.44727	 -6686.44727
 5398	  22784.08984	 -1824.74158	  6835.28125	 -6829.28125
 5397	  22944.70898	 -1812.42712	  6797.63916	 -6791.63916
 5446	  22902.73438	 -1834.58704	  6652.0752	 -6646.0752
 1361	  22729.73047	 -1838.33984	  6692.44727	 -6686.44727
 5398	  22784.08984	 -1824.74158	  6835.28125	 -6829.28125
 5447	  22729.73047	 -1839.39258	  6692.46631	 -6686.46631
 5399	  22784.08984	 -1823.95435	  6835.26709	 -6829.26709
 5398	  22784.08984	 -1824.74158	  6835.28125	 -6829.28125
 1361	  22729.73047	 -1838.33984	  6692.44727	 -6686.44727
 5447	  22729.73047	 -1839.39258	  6692.46631	 -6686.46631
 5356	  22790.4668	 -1824.9646	  6833.05371	 -6827.05371
 5399	  22784.08984	 -1823.95435	  6835.26709	 -6829.26709
 5400	  21990.75977	 -1854.63843	  7020.64209	 -7014.64209
 5313	  23024.20703	 -1720.9198	  7517.47021	 -7511.47021
 5356	  22790.4668	 -1824.9646	  6833.05371	 -6827.05371
 5357	  21983.92773	 -1855.25378	  7021.49854	 -7015.49854
 5356	  22790.4668	 -1824.9646	  6833.05371	 -6827.05371
 5400	  21990.75977	 -1854.63843	  7020.64209	 -7014.64209
 5357	  21983.92773	 -1855.25378	  7021.49854	 -7015.49854
 5313	  23024.20703	 -1720.9198	  7517.47021	 -7511.47021
 5357	  21983.92773	 -1855.25378	  7021.49854	 -7015.49854
 5314	  22204.45703	 -1795.43738	  7709.79736	 -7703.79736
 5399	  22784.08984	 -1823.95435	  6835.26709	 -6829.26709
 5448	  21949.61133	 -1866.11877	  6874.69189	 -6868.69189
 5400	  21990.75977	 -1854.63843	  7020.64209	 -7014.64209
 5399	  22784.08984	 -1823.95435	  6835.26709	 -6829.26709
 5447	  22729.73047	 -1839.39258	  6692.46631	 -6686.46631
 5448	  21949.61133	 -1866.11877	  6874.69189	 -6868.69189
 5314	  22204.45703	 -1795.43738	  7709.79736	 -7703.79736
 5357	  21983.92773	 -1855.25378	  7021.49854	 -7015.49854
 1333	  21983.92773	 -1855.16223	  7021.49707	 -7015.49707
 5314	  22204.45703	 -1795.43738	  7709.79736	 -7703.79736
 1333	  21983.92773	 -1855.16223	  7021.49707	 -7015.49707
 5315	  22204.45703	 -1795.18176	  7709.79297	 -7703.79297
 5357	  21983.92773	 -1855.25378	  7021.49854	 -7015.49854
 5400	  21990.75977	 -1854.63843	  7020.64209	 -7014.64209
 5401	  21990.75977	 -1854.65515	  7020.64258	 -7014.64258
 5357	  21983.92773	 -1855.25378	  7021.49854	 -7015.49854
 5401	  21990.75977	 -1854.65515	  7020.64258	 -7014.64258
 1333	  21983.92773	 -1855.16223	  7021.49707	 -7015.49707
 5315	  22204.45703	 -1795.18176	  7709.79297	 -7703.79297
 1333	  21983.92773	 -1855.16223	  7021.49707	 -7015.49707
 319	  21835.69336	 -1865.71655	  7056.22217	 -7050.22217
 5315	  22204.45703	 -1795.18176	  7709.79297	 -7703.79297
 319	  21835.69336	 -1865.71655	  7056.22217	 -7050.22217
 5316	  22068.60547	 -1803.2218	  7741.5874	 -7735.5874
 1333	  21983.92773	 -1855.16223	  7021.49707	 -7015.49707
 5401	  21990.75977	 -1854.65515	  7020.64258	 -7014.64258
 5402	  21830.14063	 -1866.20471	  7058.271	 -7052.271
 1333	  21983.92773	 -1855.16223	  7021.49707	 -7015.49707
 5402	  21830.14063	 -1866.20471	  7058.271	 -7052.271
 319	  21835.69336	 -1865.71655	  7056.22217	 -7050.22217
 5400	  21990.75977	 -1854.63843	  7020.64209	 -7014.64209
 1362	  21949.61133	 -1865.90161	  6874.68799	 -6868.68799
 5401	  21990.75977	 -1854.65515	  7020.64258	 -7014.64258
 5400	  21990.75977	 -1854.63843	  7020.64209	 -7014.64209
 5448	  21949.61133	 -1866.11877	  6874.69189	 -6868.69189
 1362	  21949.61133	 -1865.90161	  6874.68799	 -6868.68799
 5401	  21990.75977	 -1854.65515	  7020.64258	 -7014.64258
 5449	  21776.60742	 -1873.28601	  6915.12598	 -6909.12598
 5402	  21830.14063	 -1866.20471	  7058.271	 -7052.271
 5401	  21990.75977	 -1854.65515	  7020.64258	 -7014.64258
 1362	  21949.61133	 -1865.90161	  6874.68799	 -6868.68799
 5449	  21776.60742	 -1873.28601	  6915.12598	 -6909.12598
 319	  21835.69336	 -1865.71655	  7056.22217	 -7050.22217
 5402	  21830.14063	 -1866.20471	  7058.271	 -7052.271
 5403	  21830.14063	 -1866.05359	  7058.26855	 -7052.26855
 5316	  22068.60547	 -1803.2218	  7741.5874	 -7735.5874
 319	  21835.69336	 -1865.71655	  7056.22217	 -7050.22217
 1334	  21835.69336	 -1865.71655	  7056.22217	 -7050.22217
 319	  21835.69336	 -1865.71655	  7056.22217	 -7050.22217
 5403	  21830.14063	 -1866.05359	  7058.26855	 -7052.26855
 1334	  21835.69336	 -1865.71655	  7056.22217	 -7050.22217
 5316	  22068.60547	 -1803.2218	  7741.5874	 -7735.5874
 1334	  21835.69336	 -1865.71655	  7056.22217	 -7050.22217
 5317	  22068.60547	 -1803.2218	  7741.5874	 -7735.5874
 5402	  21830.14063	 -1866.20471	  7058.271	 -7052.271
 1363	  21776.60742	 -1873.30969	  6915.12646	 -6909.12646
 5403	  21830.14063	 -1866.05359	  7058.26855	 -7052.26855
 5402	  21830.14063	 -1866.20471	  7058.271	 -7052.271
 5449	  21776.60742	 -1873.28601	  6915.12598	 -6909.12598
 1363	  21776.60742	 -1873.30969	  6915.12646	 -6909.12646
 5317	  22068.60547	 -1803.2218	  7741.5874	 -7735.5874
 1334	  21835.69336	 -1865.71655	  7056.22217	 -7050.22217
 5358	  21029.1543	 -1911.8269	  7244.95557	 -7238.95557
 5317	  22068.60547	 -1803.2218	  7741.5874	 -7735.5874
 5358	  21029.1543	 -1911.8269	  7244.95557	 -7238.95557
 5318	  21248.85547	 -1840.13708	  7933.23047	 -7927.23047
 1334	  21835.69336	 -1865.71655	  7056.22217	 -7050.22217
 5403	  21830.14063	 -1866.05359	  7058.26855	 -7052.26855
 5404	  21036.8125	 -1911.15186	  7243.90527	 -7237.90527
 1334	  21835.69336	 -1865.71655	  7056.22217	 -7050.22217
 5404	  21036.8125	 -1911.15186	  7243.90527	 -7237.90527
 5358	  21029.1543	 -1911.8269	  7244.95557	 -7238.95557
 5318	  21248.85547	 -1840.13708	  7933.23047	 -7927.23047
 5358	  21029.1543	 -1911.8269	  7244.95557	 -7238.95557
 1335	  21029.1543	 -1911.53711	  7244.9502	 -7238.9502
 5318	  21248.85547	 -1840.13708	  7933.23047	 -7927.23047
 1335	  21029.1543	 -1911.53711	  7244.9502	 -7238.9502
 5319	  21248.85547	 -1840.13708	  7933.23047	 -7927.23047
 5358	  21029.1543	 -1911.8269	  7244.95557	 -7238.95557
 5404	  21036.8125	 -1911.15186	  7243.90527	 -7237.90527
 5405	  21036.8125	 -1911.03564	  7243.90332	 -7237.90332
 5358	  21029.1543	 -1911.8269	  7244.95557	 -7238.95557
 5405	  21036.8125	 -1911.03564	  7243.90332	 -7237.90332
 1335	  21029.1543	 -1911.53711	  7244.9502	 -7238.9502
 5403	  21830.14063	 -1866.05359	  7058.26855	 -7052.26855
 5450	  20996.49023	 -1918.22803	  7097.68262	 -7091.68262
 5404	  21036.8125	 -1911.15186	  7243.90527	 -7237.90527
 5403	  21830.14063	 -1866.05359	  7058.26855	 -7052.26855
 1363	  21776.60742	 -1873.30969	  6915.12646	 -6909.12646
 5450	  20996.49023	 -1918.22803	  7097.68262	 -7091.68262
 5404	  21036.8125	 -1911.15186	  7243.90527	 -7237.90527
 1364	  20996.49023	 -1918.17041	  7097.68115	 -7091.68115
 5405	  21036.8125	 -1911.03564	  7243.90332	 -7237.90332
 5404	  21036.8125	 -1911.15186	  7243.90527	 -7237.90527
 5450	  20996.49023	 -1918.22803	  7097.68262	 -7091.68262
 1364	  20996.49023	 -1918.17041	  7097.68115	 -7091.68115
 1335	  21029.1543	 -1911.53711	  7244.9502	 -7238.9502
 5405	  21036.8125	 -1911.03564	  7243.90332	 -7237.90332
 5406	  20876.19336	 -1921.62366	  7281.51465	 -7275.51465
 5319	  21248.85547	 -1840.13708	  7933.23047	 -7927.23047
 1335	  21029.1543	 -1911.53711	  7244.9502	 -7238.9502
 321	  20880.91797	 -1921.30859	  7279.66113	 -7273.66113
 1335	  21029.1543	 -1911.53711	  7244.9502	 -7238.9502
 5406	  20876.19336	 -1921.62366	  7281.51465	 -7275.51465
 321	  20880.91797	 -1921.30859	  7279.66113	 -7273.66113
 5319	  21248.85547	 -1840.13708	  7933.23047	 -7927.23047
 321	  20880.91797	 -1921.30859	  7279.66113	 -7273.66113
 5320	  21113.00586	 -1841.27307	  7964.89941	 -7958.89941
 5405	  21036.8125	 -1911.03564	  7243.90332	 -7237.90332
 5451	  20823.48438	 -1930.01733	  7138.20068	 -7132.20068
 5406	  20876.19336	 -1921.62366	  7281.51465	 -7275.51465
 5405	  21036.8125	 -1911.03564	  7243.90332	 -7237.90332
 1364	  20996.49023	 -1918.17041	  7097.68115	 -7091.68115
 5451	  20823.48438	 -1930.01733	  7138.20068	 -7132.20068
 5320	  21113.00586	 -1841.27307	  7964.89941	 -7958.89941
 321	  20880.91797	 -1921.30859	  7279.66113	 -7273.66113
 1336	  20880.91797	 -1921.30859	  7279.66113	 -7273.66113
 5320	  21113.00586	 -1841.27307	  7964.89941	 -7958.89941
 1336	  20880.91797	 -1921.30859	  7279.66113	 -7273.66113
 5321	  21113.00586	 -1841.27307	  7964.89941	 -7958.89941
 321	  20880.91797	 -1921.30859	  7279.66113	 -7273.66113
 5406	  20876.19336	 -1921.62366	  7281.51465	 -7275.51465
 5407	  20876.19336	 -1921.62366	  7281.51465	 -7275.51465
 321	  20880.91797	 -1921.30859	  7279.66113	 -7273.66113
 5407	  20876.19336	 -1921.62366	  7281.51465	 -7275.51465
 1336	  20880.91797	 -1921.30859	  7279.66113	 -7273.66113
 5321	  21113.00586	 -1841.27307	  7964.89941	 -7958.89941
 1336	  20880.91797	 -1921.30859	  7279.66113	 -7273.66113
 5359	  20074.38086	 -1918.12	  7467.49707	 -7461.49707
 5321	  21113.00586	 -1841.27307	  7964.89941	 -7958.89941
 5359	  20074.38086	 -1918.12	  7467.49707	 -7461.49707
 5322	  20293.25586	 -1826.08569	  8155.59521	 -8149.59521
 1336	  20880.91797	 -1921.30859	  7279.66113	 -7273.66113
 5407	  20876.19336	 -1921.62366	  7281.51465	 -7275.51465
 5408	  20082.86328	 -1918.3125	  7466.271	 -7460.271
 1336	  20880.91797	 -1921.30859	  7279.66113	 -7273.66113
 5408	  20082.86328	 -1918.3125	  7466.271	 -7460.271
 5359	  20074.38086	 -1918.12	  7467.49707	 -7461.49707
 5406	  20876.19336	 -1921.62366	  7281.51465	 -7275.51465
 1365	  20823.48438	 -1930.01733	  7138.20068	 -7132.20068
 5407	  20876.19336	 -1921.62366	  7281.51465	 -7275.51465
 5406	  20876.19336	 -1921.62366	  7281.51465	 -7275.51465
 5451	  20823.48438	 -1930.01733	  7138.20068	 -7132.20068
 1365	  20823.48438	 -1930.01733	  7138.20068	 -7132.20068
 5407	  20876.19336	 -1921.62366	  7281.51465	 -7275.51465
 5452	  20043.36719	 -1935.14136	  7320.03271	 -7314.03271
 5408	  20082.86328	 -1918.3125	  7466.271	 -7460.271
 5407	  20876.19336	 -1921.62366	  7281.51465	 -7275.51465
 1365	  20823.48438	 -1930.01733	  7138.20068	 -7132.20068
 5452	  20043.36719	 -1935.14136	  7320.03271	 -7314.03271
 5359	  20074.38086	 -1918.12	  7467.49707	 -7461.49707
 5408	  20082.86328	 -1918.3125	  7466.271	 -7460.271
 5409	  20082.86328	 -1918.3125	  7466.271	 -7460.271
 5322	  20293.25586	 -1826.08569	  8155.59521	 -8149.59521
 5359	  20074.38086	 -1918.12	  7467.49707	 -7461.49707
 1337	  20074.38086	 -1918.12	  7467.49707	 -7461.49707
 5359	  20074.38086	 -1918.12	  7467.49707	 -7461.49707
 5409	  20082.86328	 -1918.3125	  7466.271	 -7460.271
 1337	  20074.38086	 -1918.12	  7467.49707	 -7461.49707
 5322	  20293.25586	 -1826.08569	  8155.59521	 -8149.59521
 1337	  20074.38086	 -1918.12	  7467.49707	 -7461.49707
 5323	  20293.25586	 -1826.08569	  8155.59521	 -8149.59521
 5408	  20082.86328	 -1918.3125	  7466.271	 -7460.271
 1366	  20043.36719	 -1935.14136	  7320.03271	 -7314.03271
 5409	  20082.86328	 -1918.3125	  7466.271	 -7460.271
 5408	  20082.86328	 -1918.3125	  7466.271	 -7460.271
 5452	  20043.36719	 -1935.14136	  7320.03271	 -7314.03271
 1366	  20043.36719	 -1935.14136	  7320.03271	 -7314.03271
 5323	  20293.25586	 -1826.08569	  8155.59521	 -8149.59521
 1337	  20074.38086	 -1918.12	  7467.49707	 -7461.49707
 322	  19926.14453	 -1913.08936	  7501.93945	 -7495.93945
 5323	  20293.25586	 -1826.08569	  8155.59521	 -8149.59521
 322	  19926.14453	 -1913.08936	  7501.93945	 -7495.93945
 5324	  20157.4082	 -1826.4718	  8187.25	 -8181.25
 1337	  20074.38086	 -1918.12	  7467.49707	 -7461.49707
 5409	  20082.86328	 -1918.3125	  7466.271	 -7460.271
 5410	  19922.24414	 -1912.86145	  7503.59033	 -7497.59033
 1337	  20074.38086	 -1918.12	  7467.49707	 -7461.49707
 5410	  19922.24414	 -1912.86145	  7503.59033	 -7497.59033
 322	  19926.14453	 -1913.08936	  7501.93945	 -7495.93945
 5324	  20157.4082	 -1826.4718	  8187.25	 -8181.25
 322	  19926.14453	 -1913.08936	  7501.93945	 -7495.93945
 1338	  19926.14453	 -1913.08936	  7501.93945	 -7495.93945
 5324	  20157.4082	 -1826.4718	  8187.25	 -8181.25
 1338	  19926.14453	 -1913.08936	  7501.93945	 -7495.93945
 5325	  20157.4082	 -1826.31104	  8187.24707	 -8181.24707
 322	  19926.14453	 -1913.08936	  7501.93945	 -7495.93945
 5410	  19922.24414	 -1912.86145	  7503.59033	 -7497.59033
 5411	  19922.24414	 -1912.86145	  7503.59033	 -7497.59033
 322	  19926.14453	 -1913.08936	  7501.93945	 -7495.93945
 5411	  19922.24414	 -1912.86145	  7503.59033	 -7497.59033
 1338	  19926.14453	 -1913.08936	  7501.93945	 -7495.93945
 5409	  20082.86328	 -1918.3125	  7466.271	 -7460.271
 5453	  19870.36133	 -1933.57031	  7360.30811	 -7354.30811
 5410	  19922.24414	 -1912.86145	  7503.59033	 -7497.59033
 5409	  20082.86328	 -1918.3125	  7466.271	 -7460.271
 1366	  20043.36719	 -1935.14136	  7320.03271	 -7314.03271
 5453	  19870.36133	 -1933.57031	  7360.30811	 -7354.30811
 5410	  19922.24414	 -1912.86145	  7503.59033	 -7497.59033
 1367	  19870.36133	 -1933.57031	  7360.30811	 -7354.30811
 5411	  19922.24414	 -1912.86145	  7503.59033	 -7497.59033
 5410	  19922.24414	 -1912.86145	  7503.59033	 -7497.59033
 5453	  19870.36133	 -1933.57031	  7360.30811	 -7354.30811
 1367	  19870.36133	 -1933.57031	  7360.30811	 -7354.30811
 1338	  19926.14453	 -1913.08936	  7501.93945	 -7495.93945
 5411	  19922.24414	 -1912.86145	  7503.59033	 -7497.59033
 5412	  19128.91602	 -1900.24683	  7688.17773	 -7682.17773
 5325	  20157.4082	 -1826.31104	  8187.24707	 -8181.24707
 1338	  19926.14453	 -1913.08936	  7501.93945	 -7495.93945
 5360	  19119.60547	 -1900.13586	  7689.59863	 -7683.59863
 1338	  19926.14453	 -1913.08936	  7501.93945	 -7495.93945
 5412	  19128.91602	 -1900.24683	  7688.17773	 -7682.17773
 5360	  19119.60547	 -1900.13586	  7689.59863	 -7683.59863
 5325	  20157.4082	 -1826.31104	  8187.24707	 -8181.24707
 5360	  19119.60547	 -1900.13586	  7689.59863	 -7683.59863
 5326	  19337.6582	 -1841.16394	  8378.48926	 -8372.48926
 5411	  19922.24414	 -1912.86145	  7503.59033	 -7497.59033
 5454	  19090.24414	 -1914.92444	  7541.7085	 -7535.7085
 5412	  19128.91602	 -1900.24683	  7688.17773	 -7682.17773
 5411	  19922.24414	 -1912.86145	  7503.59033	 -7497.59033
 1367	  19870.36133	 -1933.57031	  7360.30811	 -7354.30811
 5454	  19090.24414	 -1914.92444	  7541.7085	 -7535.7085
 5326	  19337.6582	 -1841.16394	  8378.48926	 -8372.48926
 5360	  19119.60547	 -1900.13586	  7689.59863	 -7683.59863
 1339	  19119.60547	 -1900.13586	  7689.59863	 -7683.59863
 5326	  19337.6582	 -1841.16394	  8378.48926	 -8372.48926
 1339	  19119.60547	 -1900.13586	  7689.59863	 -7683.59863
 5327	  19337.6582	 -1841.16394	  8378.48926	 -8372.48926
 5360	  19119.60547	 -1900.13586	  7689.59863	 -7683.59863
 5412	  19128.91602	 -1900.24683	  7688.17773	 -7682.17773
 5413	  19128.91602	 -1900.24683	  7688.17773	 -7682.17773
 5360	  19119.60547	 -1900.13586	  7689.59863	 -7683.59863
 5413	  19128.91602	 -1900.24683	  7688.17773	 -7682.17773
 1339	  19119.60547	 -1900.13586	  7689.59863	 -7683.59863
 5327	  19337.6582	 -1841.16394	  8378.48926	 -8372.48926
 1339	  19119.60547	 -1900.13586	  7689.59863	 -7683.59863
 324	  18971.37109	 -1896.87939	  7724.07227	 -7718.07227
 5327	  19337.6582	 -1841.16394	  8378.48926	 -8372.48926
 324	  18971.37109	 -1896.87939	  7724.07227	 -7718.07227
 5328	  19201.80664	 -1843.93213	  8410.1875	 -8404.1875
 1339	  19119.60547	 -1900.13586	  7689.59863	 -7683.59863
 5413	  19128.91602	 -1900.24683	  7688.17773	 -7682.17773
 5414	  18968.29688	 -1896.71826	  7725.53223	 -7719.53223
 1339	  19119.60547	 -1900.13586	  7689.59863	 -7683.59863
 5414	  18968.29688	 -1896.71826	  7725.53223	 -7719.53223
 324	  18971.37109	 -1896.87939	  7724.07227	 -7718.07227
 5412	  19128.91602	 -1900.24683	  7688.17773	 -7682.17773
 1368	  19090.24414	 -1914.92444	  7541.7085	 -7535.7085
 5413	  19128.91602	 -1900.24683	  7688.17773	 -7682.17773
 5412	  19128.91602	 -1900.24683	  7688.17773	 -7682.17773
 5454	  19090.24414	 -1914.92444	  7541.7085	 -7535.7085
 1368	  19090.24414	 -1914.92444	  7541.7085	 -7535.7085
 5413	  19128.91602	 -1900.24683	  7688.17773	 -7682.17773
 5455	  18917.23828	 -1909.69031	  7581.91699	 -7575.91699
 5414	  18968.29688	 -1896.71826	  7725.53223	 -7719.53223
 5413	  19128.91602	 -1900.24683	  7688.17773	 -7682.17773
 1368	  19090.24414	 -1914.92444	  7541.7085	 -7535.7085
 5455	  18917.23828	 -1909.69031	  7581.91699	 -7575.91699
 324	  18971.37109	 -1896.87939	  7724.07227	 -7718.07227
 5414	  18968.29688	 -1896.71826	  7725.53223	 -7719.53223
 5415	  18968.29688	 -1896.71826	  7725.53223	 -7719.53223
 5328	  19201.80664	 -1843.93213	  8410.1875	 -8404.1875
 324	  18971.37109	 -1896.87939	  7724.07227	 -7718.07227
 1340	  18971.37109	 -1896.87939	  7724.07227	 -7718.07227
 324	  18971.37109	 -1896.87939	  7724.07227	 -7718.07227
 5415	  18968.29688	 -1896.71826	  7725.53223	 -7719.53223
 1340	  18971.37109	 -1896.87939	  7724.07227	 -7718.07227
 5328	  19201.80664	 -1843.93213	  8410.1875	 -8404.1875
 1340	  18971.37109	 -1896.87939	  7724.07227	 -7718.07227
 5329	  19201.80664	 -1843.93213	  8410.1875	 -8404.1875
 5414	  18968.29688	 -1896.71826	  7725.53223	 -7719.53223
 1369	  18917.23828	 -1909.69031	  7581.91699	 -7575.91699
 5415	  18968.29688	 -1896.71826	  7725.53223	 -7719.53223
 5414	  18968.29688	 -1896.71826	  7725.53223	 -7719.53223
 5455	  18917.23828	 -1909.69031	  7581.91699	 -7575.91699
 1369	  18917.23828	 -1909.69031	  7581.91699	 -7575.91699
 5329	  19201.80664	 -1843.93213	  8410.1875	 -8404.1875
 1340	  18971.37109	 -1896.87939	  7724.07227	 -7718.07227
 5361	  18164.83203	 -1886.69495	  7911.78125	 -7905.78125
 5329	  19201.80664	 -1843.93213	  8410.1875	 -8404.1875
 5361	  18164.83203	 -1886.69495	  7911.78125	 -7905.78125
 5330	  18382.05859	 -1852.28894	  8601.31152	 -8595.31152
 1340	  18971.37109	 -1896.87939	  7724.07227	 -7718.07227
 5415	  18968.29688	 -1896.71826	  7725.53223	 -7719.53223
 5416	  18174.96875	 -1886.59937	  7910.16455	 -7904.16455
 1340	  18971.37109	 -1896.87939	  7724.07227	 -7718.07227
 5416	  18174.96875	 -1886.59937	  7910.16455	 -7904.16455
 5361	  18164.83203	 -1886.69495	  7911.78125	 -7905.78125
 5330	  18382.05859	 -1852.28894	  8601.31152	 -8595.31152
 5361	  18164.83203	 -1886.69495	  7911.78125	 -7905.78125
 1341	  18164.83203	 -1886.61926	  7911.77979	 -7905.77979
 5330	  18382.05859	 -1852.28894	  8601.31152	 -8595.31152
 1341	  18164.83203	 -1886.61926	  7911.77979	 -7905.77979
 5331	  18382.05859	 -1852.35803	  8601.31348	 -8595.31348
 5361	  18164.83203	 -1886.69495	  7911.78125	 -7905.78125
 5416	  18174.96875	 -1886.59937	  7910.16455	 -7904.16455
 5417	  18174.96875	 -1886.703	  7910.1665	 -7904.1665
 5361	  18164.83203	 -1886.69495	  7911.78125	 -7905.78125
 5417	  18174.96875	 -1886.703	  7910.1665	 -7904.1665
 1341	  18164.83203	 -1886.61926	  7911.77979	 -7905.77979
 5415	  18968.29688	 -1896.71826	  7725.53223	 -7719.53223
 5456	  18137.12109	 -1899.14673	  7763.46484	 -7757.46484
 5416	  18174.96875	 -1886.59937	  7910.16455	 -7904.16455
 5415	  18968.29688	 -1896.71826	  7725.53223	 -7719.53223
 1369	  18917.23828	 -1909.69031	  7581.91699	 -7575.91699
 5456	  18137.12109	 -1899.14673	  7763.46484	 -7757.46484
 5416	  18174.96875	 -1886.59937	  7910.16455	 -7904.16455
 1370	  18137.12109	 -1899.229	  7763.46631	 -7757.46631
 5417	  18174.96875	 -1886.703	  7910.1665	 -7904.1665
 5416	  18174.96875	 -1886.59937	  7910.16455	 -7904.16455
 5456	  18137.12109	 -1899.14673	  7763.46484	 -7757.46484
 1370	  18137.12109	 -1899.229	  7763.46631	 -7757.46631
 1341	  18164.83203	 -1886.61926	  7911.77979	 -7905.77979
 5417	  18174.96875	 -1886.703	  7910.1665	 -7904.1665
 5418	  18014.34766	 -1884.60449	  7947.54688	 -7941.54688
 5331	  18382.05859	 -1852.35803	  8601.31348	 -8595.31348
 1341	  18164.83203	 -1886.61926	  7911.77979	 -7905.77979
 326	  18016.59766	 -1884.69055	  7946.27832	 -7940.27832
 1341	  18164.83203	 -1886.61926	  7911.77979	 -7905.77979
 5418	  18014.34766	 -1884.60449	  7947.54688	 -7941.54688
 326	  18016.59766	 -1884.69055	  7946.27832	 -7940.27832
 5331	  18382.05859	 -1852.35803	  8601.31348	 -8595.31348
 326	  18016.59766	 -1884.69055	  7946.27832	 -7940.27832
