 22499	 -2.16123	  3.02677	  9.68478	  9.88437
 22500	 -2.16123	  3.02677	  9.68478	  9.88437
 22501	 -2.18725	  3.06351	  9.74921	  9.9488
 22502	 -2.18725	  3.06351	  9.74921	  9.9488
 22503	 -2.18725	  3.06351	  9.74921	  9.9488
 22504	 -2.18725	  3.06351	  9.74921	  9.9488
 22505	 -2.21271	  3.09618	  9.81575	  10.01533
 22506	 -2.21271	  3.09618	  9.81575	  10.01533
 22507	 -2.18725	  3.06351	  9.74921	  9.9488
 22508	 -2.21271	  3.09618	  9.81575	  10.01533
 22509	 -2.21271	  3.09618	  9.81575	  10.01533
 22510	 -2.21271	  3.09618	  9.81575	  10.01533
 22511	 -2.23726	  3.12483	  9.88286	  10.08244
 22512	 -2.23726	  3.12483	  9.88286	  10.08244
 22513	 -2.21271	  3.09618	  9.81575	  10.01533
 22514	 -2.23726	  3.12483	  9.88286	  10.08244
 22515	 -2.23726	  3.12483	  9.88286	  10.08244
 22516	 -2.23726	  3.12483	  9.88286	  10.08244
 22517	 -2.24435	  3.13261	  9.90279	  10.10237
 22518	 -2.24435	  3.13261	  9.90279	  10.10237
 22519	 -2.23726	  3.12483	  9.88286	  10.08244
 22520	 -2.24435	  3.13261	  9.90279	  10.10237
 22521	 -2.24435	  3.13261	  9.90279	  10.10237
 22522	 -2.24435	  3.13261	  9.90279	  10.10237
 22523	 -2.26715	  3.15612	  9.9684	  10.16799
 22524	 -2.26715	  3.15612	  9.9684	  10.16799
 22525	 -2.24435	  3.13261	  9.90279	  10.10237
 22526	 -2.26715	  3.15612	  9.9684	  10.16799
 22527	 -2.26715	  3.15612	  9.9684	  10.16799
 22528	 -2.26715	  3.15612	  9.9684	  10.16799
 22529	 -2.27362	  3.16238	  9.9875	  10.18708
 22530	 -2.26715	  3.15612	  9.9684	  10.16799
 22531	 -2.27362	  3.16238	  9.9875	  10.18708
 22532	 -2.27362	  3.16238	  9.9875	  10.18708
 22533	 -2.27362	  3.16238	  9.9875	  10.18708
 22534	 -2.27362	  3.16238	  9.9875	  10.18708
 22535	 -2.29402	  3.18082	  10.04904	  10.24862
 22536	 -2.27362	  3.16238	  9.9875	  10.18708
 22537	 -2.29402	  3.18082	  10.04904	  10.24862
 22538	 -2.29402	  3.18082	  10.04904	  10.24862
 22539	 -2.29402	  3.18082	  10.04904	  10.24862
 22540	 -2.29402	  3.18082	  10.04904	  10.24862
 22541	 -2.31216	  3.19542	  10.1057	  10.30528
 22542	 -2.29402	  3.18082	  10.04904	  10.24862
 22543	 -2.31216	  3.19542	  10.1057	  10.30528
 22544	 -2.31216	  3.19542	  10.1057	  10.30528
 22545	 -2.31216	  3.19542	  10.1057	  10.30528
 22546	 -2.31216	  3.19542	  10.1057	  10.30528
 22547	 -2.32765	  3.20623	  10.15598	  10.35555
 22548	 -2.31216	  3.19542	  10.1057	  10.30528
 22549	 -2.32765	  3.20623	  10.15598	  10.35555
 22550	 -2.32499	  3.22675	  10.10058	  10.30016
 22551	 -2.32499	  3.22675	  10.10058	  10.30016
 22552	 -2.32765	  3.20623	  10.15598	  10.35555
 22553	 -2.34066	  3.23853	  10.15081	  10.35039
 22554	 -2.32499	  3.22675	  10.10058	  10.30016
 22555	 -2.30681	  3.21094	  10.04399	  10.24357
 22556	 -2.31216	  3.19542	  10.1057	  10.30528
 22557	 -2.31216	  3.19542	  10.1057	  10.30528
 22558	 -2.30681	  3.21094	  10.04399	  10.24357
 22559	 -2.29402	  3.18082	  10.04904	  10.24862
 22560	 -2.29402	  3.18082	  10.04904	  10.24862
 22561	 -2.30681	  3.21094	  10.04399	  10.24357
 22562	 -2.28643	  3.19123	  9.98256	  10.18215
 22563	 -2.29402	  3.18082	  10.04904	  10.24862
 22564	 -2.28643	  3.19123	  9.98256	  10.18215
 22565	 -2.27362	  3.16238	  9.9875	  10.18708
 22566	 -2.27362	  3.16238	  9.9875	  10.18708
 22567	 -2.28643	  3.19123	  9.98256	  10.18215
 22568	 -2.27997	  3.18461	  9.96351	  10.16309
 22569	 -2.27362	  3.16238	  9.9875	  10.18708
 22570	 -2.27997	  3.18461	  9.96351	  10.16309
 22571	 -2.26715	  3.15612	  9.9684	  10.16799
 22572	 -2.26715	  3.15612	  9.9684	  10.16799
 22573	 -2.27997	  3.18461	  9.96351	  10.16309
 22574	 -2.24435	  3.13261	  9.90279	  10.10237
 22575	 -2.27997	  3.18461	  9.96351	  10.16309
 22576	 -2.25723	  3.15999	  9.89804	  10.09762
 22577	 -2.24435	  3.13261	  9.90279	  10.10237
 22578	 -2.24435	  3.13261	  9.90279	  10.10237
 22579	 -2.25723	  3.15999	  9.89804	  10.09762
 22580	 -2.25014	  3.15193	  9.87816	  10.07774
 22581	 -2.24435	  3.13261	  9.90279	  10.10237
 22582	 -2.25014	  3.15193	  9.87816	  10.07774
 22583	 -2.23726	  3.12483	  9.88286	  10.08244
 22584	 -2.23726	  3.12483	  9.88286	  10.08244
 22585	 -2.25014	  3.15193	  9.87816	  10.07774
 22586	 -2.22558	  3.12263	  9.81124	  10.01083
 22587	 -2.23726	  3.12483	  9.88286	  10.08244
 22588	 -2.22558	  3.12263	  9.81124	  10.01083
 22589	 -2.21271	  3.09618	  9.81575	  10.01533
 22590	 -2.21271	  3.09618	  9.81575	  10.01533
 22591	 -2.22558	  3.12263	  9.81124	  10.01083
 22592	 -2.20	  3.08985	  9.74493	  9.94452
 22593	 -2.21271	  3.09618	  9.81575	  10.01533
 22594	 -2.20	  3.08985	  9.74493	  9.94452
 22595	 -2.18725	  3.06351	  9.74921	  9.9488
 22596	 -2.34821	  3.1454	  10.37366	  10.57322
 22597	 -2.37004	  3.21555	  10.31988	  10.51945
 22598	 -2.37004	  3.21555	  10.31988	  10.51945
 22599	 -2.37004	  3.21555	  10.31988	  10.51945
 22600	 -2.37004	  3.21555	  10.31988	  10.51945
 22601	 -2.3714	  3.22292	  10.31123	  10.5108
 22602	 -2.3714	  3.22292	  10.31123	  10.5108
 22603	 -2.37004	  3.21555	  10.31988	  10.51945
 22604	 -2.3714	  3.22292	  10.31123	  10.5108
 22605	 -2.3714	  3.22292	  10.31123	  10.5108
 22606	 -2.3714	  3.22292	  10.31123	  10.5108
 22607	 -2.36781	  3.24771	  10.25075	  10.45032
 22608	 -2.36781	  3.24771	  10.25075	  10.45032
 22609	 -2.3714	  3.22292	  10.31123	  10.5108
 22610	 -2.36781	  3.24771	  10.25075	  10.45032
 22611	 -2.36781	  3.24771	  10.25075	  10.45032
 22612	 -2.36781	  3.24771	  10.25075	  10.45032
 22613	 -2.36542	  3.24863	  10.23931	  10.43888
 22614	 -2.36781	  3.24771	  10.25075	  10.45032
 22615	 -2.36542	  3.24863	  10.23931	  10.43888
 22616	 -2.36542	  3.24863	  10.23931	  10.43888
 22617	 -2.36542	  3.24863	  10.23931	  10.43888
 22618	 -2.36542	  3.24863	  10.23931	  10.43888
 22619	 -2.34066	  3.23853	  10.15081	  10.35039
 22620	 -2.36542	  3.24863	  10.23931	  10.43888
 22621	 -2.34066	  3.23853	  10.15081	  10.35039
 22622	 -2.35176	  3.2156	  10.2443	  10.44387
 22623	 -2.35176	  3.2156	  10.2443	  10.44387
 22624	 -2.34066	  3.23853	  10.15081	  10.35039
 22625	 -2.32765	  3.20623	  10.15598	  10.35555
 22626	 -2.32765	  3.20623	  10.15598	  10.35555
 22627	 -2.35214	  3.21552	  10.24604	  10.44561
 22628	 -2.35176	  3.2156	  10.2443	  10.44387
 22629	 -2.35176	  3.2156	  10.2443	  10.44387
 22630	 -2.35214	  3.21552	  10.24604	  10.44561
 22631	 -2.35412	  3.21476	  10.25564	  10.4552
 22632	 -2.35412	  3.21476	  10.25564	  10.4552
 22633	 -2.35214	  3.21552	  10.24604	  10.44561
 22634	 -2.35395	  3.21484	  10.25481	  10.45438
 22635	 -2.35412	  3.21476	  10.25564	  10.4552
 22636	 -2.35395	  3.21484	  10.25481	  10.45438
 22637	 -2.35904	  3.19168	  10.31447	  10.51403
 22638	 -2.35904	  3.19168	  10.31447	  10.51403
 22639	 -2.35395	  3.21484	  10.25481	  10.45438
 22640	 -2.359	  3.1912	  10.31509	  10.51466
 22641	 -2.35904	  3.19168	  10.31447	  10.51403
 22642	 -2.359	  3.1912	  10.31509	  10.51466
 22643	 -2.35839	  3.18588	  10.32145	  10.52102
 22644	 -2.35904	  3.19168	  10.31447	  10.51403
 22645	 -2.35839	  3.18588	  10.32145	  10.52102
 22646	 -2.35824	  3.18478	  10.32266	  10.52223
 22647	 -2.35824	  3.18478	  10.32266	  10.52223
 22648	 -2.35839	  3.18588	  10.32145	  10.52102
 22649	 -2.34306	  3.1188	  10.37192	  10.57148
 22650	 -2.35824	  3.18478	  10.32266	  10.52223
 22651	 -2.34306	  3.1188	  10.37192	  10.57148
 22652	 -2.37004	  3.21555	  10.31988	  10.51945
 22653	 -2.37004	  3.21555	  10.31988	  10.51945
 22654	 -2.34306	  3.1188	  10.37192	  10.57148
 22655	 -2.34821	  3.1454	  10.37366	  10.57322
 22656	 -2.37004	  3.21555	  10.31988	  10.51945
 22657	 -2.3714	  3.22292	  10.31123	  10.5108
 22658	 -2.35824	  3.18478	  10.32266	  10.52223
 22659	 -2.35824	  3.18478	  10.32266	  10.52223
 22660	 -2.3714	  3.22292	  10.31123	  10.5108
 22661	 -2.35904	  3.19168	  10.31447	  10.51403
 22662	 -2.3714	  3.22292	  10.31123	  10.5108
 22663	 -2.35412	  3.21476	  10.25564	  10.4552
 22664	 -2.35904	  3.19168	  10.31447	  10.51403
 22665	 -2.3714	  3.22292	  10.31123	  10.5108
 22666	 -2.36781	  3.24771	  10.25075	  10.45032
 22667	 -2.35412	  3.21476	  10.25564	  10.4552
 22668	 -2.35412	  3.21476	  10.25564	  10.4552
 22669	 -2.36781	  3.24771	  10.25075	  10.45032
 22670	 -2.36542	  3.24863	  10.23931	  10.43888
 22671	 -2.35412	  3.21476	  10.25564	  10.4552
 22672	 -2.36542	  3.24863	  10.23931	  10.43888
 22673	 -2.35176	  3.2156	  10.2443	  10.44387
 22674	 -2.32765	  3.20623	  10.15598	  10.35555
 22675	 -2.31216	  3.19542	  10.1057	  10.30528
 22676	 -2.31229	  3.19552	  10.10614	  10.30571
 22677	 -2.31229	  3.19552	  10.10614	  10.30571
 22678	 -2.31216	  3.19542	  10.1057	  10.30528
 22679	 -2.29434	  3.18109	  10.05001	  10.24959
 22680	 -2.29434	  3.18109	  10.05001	  10.24959
 22681	 -2.31216	  3.19542	  10.1057	  10.30528
 22682	 -2.29402	  3.18082	  10.04904	  10.24862
 22683	 -2.29434	  3.18109	  10.05001	  10.24959
 22684	 -2.29402	  3.18082	  10.04904	  10.24862
 22685	 -2.27415	  3.16288	  9.98906	  10.18864
 22686	 -2.27415	  3.16288	  9.98906	  10.18864
 22687	 -2.29402	  3.18082	  10.04904	  10.24862
 22688	 -2.27362	  3.16238	  9.9875	  10.18708
 22689	 -2.27415	  3.16288	  9.98906	  10.18864
 22690	 -2.27362	  3.16238	  9.9875	  10.18708
 22691	 -2.26706	  3.15603	  9.96814	  10.16772
 22692	 -2.26706	  3.15603	  9.96814	  10.16772
 22693	 -2.27362	  3.16238	  9.9875	  10.18708
 22694	 -2.26715	  3.15612	  9.9684	  10.16799
 22695	 -2.26706	  3.15603	  9.96814	  10.16772
 22696	 -2.26715	  3.15612	  9.9684	  10.16799
 22697	 -2.24445	  3.13272	  9.90306	  10.10265
 22698	 -2.24445	  3.13272	  9.90306	  10.10265
 22699	 -2.26715	  3.15612	  9.9684	  10.16799
 22700	 -2.24435	  3.13261	  9.90279	  10.10237
 22701	 -2.24445	  3.13272	  9.90306	  10.10265
 22702	 -2.24435	  3.13261	  9.90279	  10.10237
 22703	 -2.23726	  3.12483	  9.88286	  10.08244
 22704	 -2.24445	  3.13272	  9.90306	  10.10265
 22705	 -2.23726	  3.12483	  9.88286	  10.08244
 22706	 -2.23667	  3.12417	  9.88121	  10.0808
 22707	 -2.23667	  3.12417	  9.88121	  10.0808
 22708	 -2.23726	  3.12483	  9.88286	  10.08244
 22709	 -2.21271	  3.09618	  9.81575	  10.01533
 22710	 -2.23667	  3.12417	  9.88121	  10.0808
 22711	 -2.21271	  3.09618	  9.81575	  10.01533
 22712	 -2.2123	  3.09567	  9.81464	  10.01423
 22713	 -2.2123	  3.09567	  9.81464	  10.01423
 22714	 -2.21271	  3.09618	  9.81575	  10.01533
 22715	 -2.18725	  3.06351	  9.74921	  9.9488
 22716	 -2.2123	  3.09567	  9.81464	  10.01423
 22717	 -2.18725	  3.06351	  9.74921	  9.9488
 22718	 -2.18704	  3.06323	  9.74868	  9.94827
 22719	 -2.18704	  3.06323	  9.74868	  9.94827
 22720	 -2.18725	  3.06351	  9.74921	  9.9488
 22721	 -2.16123	  3.02677	  9.68478	  9.88437
 22722	 -2.18704	  3.06323	  9.74868	  9.94827
 22723	 -2.16123	  3.02677	  9.68478	  9.88437
 22724	 -2.18341	  2.99199	  9.75434	  9.95393
 22725	 -2.18341	  2.99199	  9.75434	  9.95393
 22726	 -2.16123	  3.02677	  9.68478	  9.88437
 22727	 -2.15767	  2.95718	  9.68966	  9.88925
 22728	 -2.15767	  2.95718	  9.68966	  9.88925
 22729	 -2.18341	  2.99199	  9.75434	  9.95393
 22730	 -2.18341	  2.99199	  9.75434	  9.95393
 22731	 -2.18341	  2.99199	  9.75434	  9.95393
 22732	 -2.18341	  2.99199	  9.75434	  9.95393
 22733	 -2.2091	  3.02178	  9.82091	  10.0205
 22734	 -2.2091	  3.02178	  9.82091	  10.0205
 22735	 -2.18341	  2.99199	  9.75434	  9.95393
 22736	 -2.2091	  3.02178	  9.82091	  10.0205
 22737	 -2.2091	  3.02178	  9.82091	  10.0205
 22738	 -2.2091	  3.02178	  9.82091	  10.0205
 22739	 -2.23429	  3.04695	  9.88797	  10.08756
 22740	 -2.23429	  3.04695	  9.88797	  10.08756
 22741	 -2.2091	  3.02178	  9.82091	  10.0205
 22742	 -2.23429	  3.04695	  9.88797	  10.08756
 22743	 -2.23429	  3.04695	  9.88797	  10.08756
 22744	 -2.23429	  3.04695	  9.88797	  10.08756
 22745	 -2.24242	  3.05432	  9.90998	  10.10956
 22746	 -2.24242	  3.05432	  9.90998	  10.10956
 22747	 -2.23429	  3.04695	  9.88797	  10.08756
 22748	 -2.24242	  3.05432	  9.90998	  10.10956
 22749	 -2.24242	  3.05432	  9.90998	  10.10956
 22750	 -2.24242	  3.05432	  9.90998	  10.10956
 22751	 -2.26628	  3.07398	  9.97549	  10.17508
 22752	 -2.26628	  3.07398	  9.97549	  10.17508
 22753	 -2.24242	  3.05432	  9.90998	  10.10956
 22754	 -2.26628	  3.07398	  9.97549	  10.17508
 22755	 -2.26628	  3.07398	  9.97549	  10.17508
 22756	 -2.26628	  3.07398	  9.97549	  10.17508
 22757	 -2.27384	  3.07965	  9.99657	  10.19615
 22758	 -2.26628	  3.07398	  9.97549	  10.17508
 22759	 -2.27384	  3.07965	  9.99657	  10.19615
 22760	 -2.27384	  3.07965	  9.99657	  10.19615
 22761	 -2.27384	  3.07965	  9.99657	  10.19615
 22762	 -2.27384	  3.07965	  9.99657	  10.19615
 22763	 -2.29557	  3.09451	  10.05805	  10.25763
 22764	 -2.27384	  3.07965	  9.99657	  10.19615
 22765	 -2.29557	  3.09451	  10.05805	  10.25763
 22766	 -2.29557	  3.09451	  10.05805	  10.25763
 22767	 -2.29557	  3.09451	  10.05805	  10.25763
 22768	 -2.29557	  3.09451	  10.05805	  10.25763
 22769	 -2.31518	  3.10622	  10.11483	  10.31441
 22770	 -2.29557	  3.09451	  10.05805	  10.25763
 22771	 -2.31518	  3.10622	  10.11483	  10.31441
 22772	 -2.31518	  3.10622	  10.11483	  10.31441
 22773	 -2.31518	  3.10622	  10.11483	  10.31441
 22774	 -2.31518	  3.10622	  10.11483	  10.31441
 22775	 -2.33224	  3.1152	  10.16554	  10.36511
 22776	 -2.31518	  3.10622	  10.11483	  10.31441
 22777	 -2.33224	  3.1152	  10.16554	  10.36511
 22778	 -2.31229	  3.19552	  10.10614	  10.30571
 22779	 -2.31229	  3.19552	  10.10614	  10.30571
 22780	 -2.33224	  3.1152	  10.16554	  10.36511
 22781	 -2.32765	  3.20623	  10.15598	  10.35555
 22782	 -2.31229	  3.19552	  10.10614	  10.30571
 22783	 -2.29434	  3.18109	  10.05001	  10.24959
 22784	 -2.31518	  3.10622	  10.11483	  10.31441
 22785	 -2.31518	  3.10622	  10.11483	  10.31441
 22786	 -2.29434	  3.18109	  10.05001	  10.24959
 22787	 -2.29557	  3.09451	  10.05805	  10.25763
 22788	 -2.29557	  3.09451	  10.05805	  10.25763
 22789	 -2.29434	  3.18109	  10.05001	  10.24959
 22790	 -2.27415	  3.16288	  9.98906	  10.18864
 22791	 -2.29557	  3.09451	  10.05805	  10.25763
 22792	 -2.27415	  3.16288	  9.98906	  10.18864
 22793	 -2.27384	  3.07965	  9.99657	  10.19615
 22794	 -2.27384	  3.07965	  9.99657	  10.19615
 22795	 -2.27415	  3.16288	  9.98906	  10.18864
 22796	 -2.26706	  3.15603	  9.96814	  10.16772
 22797	 -2.27384	  3.07965	  9.99657	  10.19615
 22798	 -2.26706	  3.15603	  9.96814	  10.16772
 22799	 -2.26628	  3.07398	  9.97549	  10.17508
 22800	 -2.26628	  3.07398	  9.97549	  10.17508
 22801	 -2.26706	  3.15603	  9.96814	  10.16772
 22802	 -2.24242	  3.05432	  9.90998	  10.10956
 22803	 -2.26706	  3.15603	  9.96814	  10.16772
 22804	 -2.24445	  3.13272	  9.90306	  10.10265
 22805	 -2.24242	  3.05432	  9.90998	  10.10956
 22806	 -2.24242	  3.05432	  9.90998	  10.10956
 22807	 -2.24445	  3.13272	  9.90306	  10.10265
 22808	 -2.23667	  3.12417	  9.88121	  10.0808
 22809	 -2.24242	  3.05432	  9.90998	  10.10956
 22810	 -2.23667	  3.12417	  9.88121	  10.0808
 22811	 -2.23429	  3.04695	  9.88797	  10.08756
 22812	 -2.23429	  3.04695	  9.88797	  10.08756
 22813	 -2.23667	  3.12417	  9.88121	  10.0808
 22814	 -2.2123	  3.09567	  9.81464	  10.01423
 22815	 -2.23429	  3.04695	  9.88797	  10.08756
 22816	 -2.2123	  3.09567	  9.81464	  10.01423
 22817	 -2.2091	  3.02178	  9.82091	  10.0205
 22818	 -2.2091	  3.02178	  9.82091	  10.0205
 22819	 -2.2123	  3.09567	  9.81464	  10.01423
 22820	 -2.18704	  3.06323	  9.74868	  9.94827
 22821	 -2.2091	  3.02178	  9.82091	  10.0205
 22822	 -2.18704	  3.06323	  9.74868	  9.94827
 22823	 -2.18341	  2.99199	  9.75434	  9.95393
 22824	 -2.34306	  3.1188	  10.37192	  10.57148
 22825	 -2.35839	  3.18588	  10.32145	  10.52102
 22826	 -2.35839	  3.18588	  10.32145	  10.52102
 22827	 -2.35839	  3.18588	  10.32145	  10.52102
 22828	 -2.35839	  3.18588	  10.32145	  10.52102
 22829	 -2.359	  3.1912	  10.31509	  10.51466
 22830	 -2.359	  3.1912	  10.31509	  10.51466
 22831	 -2.35839	  3.18588	  10.32145	  10.52102
 22832	 -2.359	  3.1912	  10.31509	  10.51466
 22833	 -2.359	  3.1912	  10.31509	  10.51466
 22834	 -2.359	  3.1912	  10.31509	  10.51466
 22835	 -2.35395	  3.21485	  10.25481	  10.45438
 22836	 -2.35395	  3.21485	  10.25481	  10.45438
 22837	 -2.359	  3.1912	  10.31509	  10.51466
 22838	 -2.35395	  3.21485	  10.25481	  10.45438
 22839	 -2.35395	  3.21485	  10.25481	  10.45438
 22840	 -2.35395	  3.21485	  10.25481	  10.45438
 22841	 -2.35214	  3.21552	  10.24604	  10.44561
 22842	 -2.35395	  3.21485	  10.25481	  10.45438
 22843	 -2.35214	  3.21552	  10.24604	  10.44561
 22844	 -2.35214	  3.21552	  10.24604	  10.44561
 22845	 -2.35214	  3.21552	  10.24604	  10.44561
 22846	 -2.35214	  3.21552	  10.24604	  10.44561
 22847	 -2.32764	  3.20623	  10.15598	  10.35555
 22848	 -2.35214	  3.21552	  10.24604	  10.44561
 22849	 -2.32764	  3.20623	  10.15598	  10.35555
 22850	 -2.3605	  3.12532	  10.25797	  10.45754
 22851	 -2.3605	  3.12532	  10.25797	  10.45754
 22852	 -2.32764	  3.20623	  10.15598	  10.35555
 22853	 -2.33224	  3.1152	  10.16554	  10.36511
 22854	 -2.33224	  3.1152	  10.16554	  10.36511
 22855	 -2.36114	  3.12531	  10.26049	  10.46006
 22856	 -2.3605	  3.12532	  10.25797	  10.45754
 22857	 -2.3605	  3.12532	  10.25797	  10.45754
 22858	 -2.36114	  3.12531	  10.26049	  10.46006
 22859	 -2.36271	  3.12518	  10.26692	  10.46649
 22860	 -2.36271	  3.12518	  10.26692	  10.46649
 22861	 -2.36114	  3.12531	  10.26049	  10.46006
 22862	 -2.36242	  3.12522	  10.26571	  10.46528
 22863	 -2.36271	  3.12518	  10.26692	  10.46649
 22864	 -2.36242	  3.12522	  10.26571	  10.46528
 22865	 -2.37001	  3.10882	  10.32603	  10.52559
 22866	 -2.37001	  3.10882	  10.32603	  10.52559
 22867	 -2.36242	  3.12522	  10.26571	  10.46528
 22868	 -2.36997	  3.10828	  10.32684	  10.52641
 22869	 -2.37001	  3.10882	  10.32603	  10.52559
 22870	 -2.36997	  3.10828	  10.32684	  10.52641
 22871	 -2.3697	  3.10588	  10.33023	  10.52979
 22872	 -2.37001	  3.10882	  10.32603	  10.52559
 22873	 -2.3697	  3.10588	  10.33023	  10.52979
 22874	 -2.36953	  3.10469	  10.3318	  10.53136
 22875	 -2.36953	  3.10469	  10.3318	  10.53136
 22876	 -2.3697	  3.10588	  10.33023	  10.52979
 22877	 -2.35355	  3.04932	  10.37201	  10.57158
 22878	 -2.36953	  3.10469	  10.3318	  10.53136
 22879	 -2.35355	  3.04932	  10.37201	  10.57158
 22880	 -2.35839	  3.18588	  10.32145	  10.52102
 22881	 -2.35839	  3.18588	  10.32145	  10.52102
 22882	 -2.35355	  3.04932	  10.37201	  10.57158
 22883	 -2.34306	  3.1188	  10.37192	  10.57148
 22884	 -2.35839	  3.18588	  10.32145	  10.52102
 22885	 -2.359	  3.1912	  10.31509	  10.51466
 22886	 -2.36953	  3.10469	  10.3318	  10.53136
 22887	 -2.36953	  3.10469	  10.3318	  10.53136
 22888	 -2.359	  3.1912	  10.31509	  10.51466
 22889	 -2.37001	  3.10882	  10.32603	  10.52559
 22890	 -2.359	  3.1912	  10.31509	  10.51466
 22891	 -2.36271	  3.12518	  10.26692	  10.46649
 22892	 -2.37001	  3.10882	  10.32603	  10.52559
 22893	 -2.359	  3.1912	  10.31509	  10.51466
 22894	 -2.35395	  3.21485	  10.25481	  10.45438
 22895	 -2.36271	  3.12518	  10.26692	  10.46649
 22896	 -2.36271	  3.12518	  10.26692	  10.46649
 22897	 -2.35395	  3.21485	  10.25481	  10.45438
 22898	 -2.35214	  3.21552	  10.24604	  10.44561
 22899	 -2.36271	  3.12518	  10.26692	  10.46649
 22900	 -2.35214	  3.21552	  10.24604	  10.44561
 22901	 -2.3605	  3.12532	  10.25797	  10.45754
 22902	 -1.39271	  1.86541	  8.88759	  9.08722
 22903	 -1.38317	  1.83631	  8.94102	  9.14064
 22904	 -1.38314	  1.83618	  8.9412	  9.14082
 22905	 -1.38314	  1.83618	  8.9412	  9.14082
 22906	 -1.38317	  1.83631	  8.94102	  9.14064
 22907	 -1.38281	  1.83487	  8.94316	  9.14278
 22908	 -1.38281	  1.83487	  8.94316	  9.14278
 22909	 -1.38317	  1.83631	  8.94102	  9.14064
 22910	 -1.37509	  1.79422	  8.99391	  9.19353
 22911	 -1.37509	  1.79422	  8.99391	  9.19353
 22912	 -1.38317	  1.83631	  8.94102	  9.14064
 22913	 -1.37481	  1.79223	  8.99604	  9.19567
 22914	 -1.37509	  1.79422	  8.99391	  9.19353
 22915	 -1.37481	  1.79223	  8.99604	  9.19567
 22916	 -1.37483	  1.7924	  8.99586	  9.19548
 22917	 -1.37483	  1.7924	  8.99586	  9.19548
 22918	 -1.37481	  1.79223	  8.99604	  9.19567
 22919	 -1.36895	  1.73677	  9.0493	  9.24892
 22920	 -1.37483	  1.7924	  8.99586	  9.19548
 22921	 -1.36895	  1.73677	  9.0493	  9.24892
 22922	 -1.43481	  1.87883	  8.99166	  9.19128
 22923	 -1.43481	  1.87883	  8.99166	  9.19128
 22924	 -1.36895	  1.73677	  9.0493	  9.24892
 22925	 -1.42829	  1.83164	  9.05009	  9.2497
 22926	 -1.42829	  1.83164	  9.05009	  9.2497
 22927	 -1.43481	  1.87883	  8.99166	  9.19128
 22928	 -1.43481	  1.87883	  8.99166	  9.19128
 22929	 -1.43481	  1.87883	  8.99166	  9.19128
 22930	 -1.43481	  1.87883	  8.99166	  9.19128
 22931	 -1.43509	  1.88039	  8.98954	  9.18916
 22932	 -1.43509	  1.88039	  8.98954	  9.18916
 22933	 -1.43481	  1.87883	  8.99166	  9.19128
 22934	 -1.43509	  1.88039	  8.98954	  9.18916
 22935	 -1.43509	  1.88039	  8.98954	  9.18916
 22936	 -1.43509	  1.88039	  8.98954	  9.18916
 22937	 -1.44302	  1.91515	  8.93505	  9.13468
 22938	 -1.44302	  1.91515	  8.93505	  9.13468
 22939	 -1.43509	  1.88039	  8.98954	  9.18916
 22940	 -1.44302	  1.91515	  8.93505	  9.13468
 22941	 -1.44302	  1.91515	  8.93505	  9.13468
 22942	 -1.44302	  1.91515	  8.93505	  9.13468
 22943	 -1.44334	  1.91626	  8.93297	  9.1326
 22944	 -1.44302	  1.91515	  8.93505	  9.13468
 22945	 -1.44334	  1.91626	  8.93297	  9.1326
 22946	 -1.44334	  1.91626	  8.93297	  9.1326
 22947	 -1.44334	  1.91626	  8.93297	  9.1326
 22948	 -1.44334	  1.91626	  8.93297	  9.1326
 22949	 -1.452	  1.93993	  8.87687	  9.0765
 22950	 -1.44334	  1.91626	  8.93297	  9.1326
 22951	 -1.452	  1.93993	  8.87687	  9.0765
 22952	 -1.38314	  1.83618	  8.9412	  9.14082
 22953	 -1.38314	  1.83618	  8.9412	  9.14082
 22954	 -1.452	  1.93993	  8.87687	  9.0765
 22955	 -1.39271	  1.86541	  8.88759	  9.08722
 22956	 -1.38314	  1.83618	  8.9412	  9.14082
 22957	 -1.38281	  1.83487	  8.94316	  9.14278
 22958	 -1.44334	  1.91626	  8.93297	  9.1326
 22959	 -1.44334	  1.91626	  8.93297	  9.1326
 22960	 -1.38281	  1.83487	  8.94316	  9.14278
 22961	 -1.44302	  1.91515	  8.93505	  9.13468
 22962	 -1.38281	  1.83487	  8.94316	  9.14278
 22963	 -1.43509	  1.88039	  8.98954	  9.18916
 22964	 -1.44302	  1.91515	  8.93505	  9.13468
 22965	 -1.38281	  1.83487	  8.94316	  9.14278
 22966	 -1.37509	  1.79422	  8.99391	  9.19353
 22967	 -1.43509	  1.88039	  8.98954	  9.18916
 22968	 -1.43509	  1.88039	  8.98954	  9.18916
 22969	 -1.37509	  1.79422	  8.99391	  9.19353
 22970	 -1.37483	  1.7924	  8.99586	  9.19548
 22971	 -1.43509	  1.88039	  8.98954	  9.18916
 22972	 -1.37483	  1.7924	  8.99586	  9.19548
 22973	 -1.43481	  1.87883	  8.99166	  9.19128
 22974	 -1.34387	  1.74004	  8.99766	  9.19728
 22975	 -1.33863	  1.6792	  9.04797	  9.24758
 22976	 -1.37481	  1.79223	  8.99604	  9.19567
 22977	 -1.37481	  1.79223	  8.99604	  9.19567
 22978	 -1.33863	  1.6792	  9.04797	  9.24758
 22979	 -1.36895	  1.73677	  9.0493	  9.24892
 22980	 -1.36895	  1.73677	  9.0493	  9.24892
 22981	 -1.37481	  1.79223	  8.99604	  9.19567
 22982	 -1.37481	  1.79223	  8.99604	  9.19567
 22983	 -1.37481	  1.79223	  8.99604	  9.19567
 22984	 -1.37481	  1.79223	  8.99604	  9.19567
 22985	 -1.38317	  1.83631	  8.94102	  9.14064
 22986	 -1.38317	  1.83631	  8.94102	  9.14064
 22987	 -1.37481	  1.79223	  8.99604	  9.19567
 22988	 -1.38317	  1.83631	  8.94102	  9.14064
 22989	 -1.38317	  1.83631	  8.94102	  9.14064
 22990	 -1.38317	  1.83631	  8.94102	  9.14064
 22991	 -1.39271	  1.86541	  8.88759	  9.08722
 22992	 -1.38317	  1.83631	  8.94102	  9.14064
 22993	 -1.39271	  1.86541	  8.88759	  9.08722
 22994	 -1.35176	  1.78758	  8.94496	  9.14459
 22995	 -1.35176	  1.78758	  8.94496	  9.14459
 22996	 -1.39271	  1.86541	  8.88759	  9.08722
 22997	 -1.36191	  1.82031	  8.89324	  9.09287
 22998	 -1.36191	  1.82031	  8.89324	  9.09287
 22999	 -1.35224	  1.78958	  8.94226	  9.14189
 23000	 -1.35176	  1.78758	  8.94496	  9.14459
 23001	 -1.35176	  1.78758	  8.94496	  9.14459
 23002	 -1.35224	  1.78958	  8.94226	  9.14189
 23003	 -1.34387	  1.74004	  8.99766	  9.19728
 23004	 -1.34387	  1.74004	  8.99766	  9.19728
 23005	 -1.35224	  1.78958	  8.94226	  9.14189
 23006	 -1.34354	  1.73719	  9.00031	  9.19994
 23007	 -1.34387	  1.74004	  8.99766	  9.19728
 23008	 -1.34354	  1.73719	  9.00031	  9.19994
 23009	 -1.33863	  1.6792	  9.04797	  9.24758
 23010	 -1.35176	  1.78758	  8.94496	  9.14459
 23011	 -1.34387	  1.74004	  8.99766	  9.19728
 23012	 -1.38317	  1.83631	  8.94102	  9.14064
 23013	 -1.38317	  1.83631	  8.94102	  9.14064
 23014	 -1.34387	  1.74004	  8.99766	  9.19728
 23015	 -1.37481	  1.79223	  8.99604	  9.19567
 23016	 -1.36409	  1.69791	  8.99753	  9.19716
 23017	 -1.36167	  1.64226	  9.0448	  9.24442
 23018	 -1.34354	  1.73719	  9.00031	  9.19994
 23019	 -1.34354	  1.73719	  9.00031	  9.19994
 23020	 -1.36167	  1.64226	  9.0448	  9.24442
 23021	 -1.33863	  1.6792	  9.04797	  9.24758
 23022	 -1.33863	  1.6792	  9.04797	  9.24758
 23023	 -1.34354	  1.73719	  9.00031	  9.19994
 23024	 -1.34354	  1.73719	  9.00031	  9.19994
 23025	 -1.34354	  1.73719	  9.00031	  9.19994
 23026	 -1.34354	  1.73719	  9.00031	  9.19994
 23027	 -1.35224	  1.78958	  8.94226	  9.14189
 23028	 -1.35224	  1.78958	  8.94226	  9.14189
 23029	 -1.34354	  1.73719	  9.00031	  9.19994
 23030	 -1.35224	  1.78958	  8.94226	  9.14189
 23031	 -1.35224	  1.78958	  8.94226	  9.14189
 23032	 -1.35224	  1.78958	  8.94226	  9.14189
 23033	 -1.36191	  1.82031	  8.89324	  9.09287
 23034	 -1.35224	  1.78958	  8.94226	  9.14189
 23035	 -1.36191	  1.82031	  8.89324	  9.09287
 23036	 -1.37102	  1.74595	  8.94091	  9.14054
 23037	 -1.37102	  1.74595	  8.94091	  9.14054
 23038	 -1.36191	  1.82031	  8.89324	  9.09287
 23039	 -1.3761	  1.77954	  8.89464	  9.09427
 23040	 -1.3761	  1.77954	  8.89464	  9.09427
 23041	 -1.37129	  1.74752	  8.93878	  9.13841
 23042	 -1.37102	  1.74595	  8.94091	  9.14054
 23043	 -1.37102	  1.74595	  8.94091	  9.14054
 23044	 -1.37129	  1.74752	  8.93878	  9.13841
 23045	 -1.36409	  1.69791	  8.99753	  9.19716
 23046	 -1.36409	  1.69791	  8.99753	  9.19716
 23047	 -1.37129	  1.74752	  8.93878	  9.13841
 23048	 -1.36388	  1.69574	  8.99969	  9.19931
 23049	 -1.36409	  1.69791	  8.99753	  9.19716
 23050	 -1.36388	  1.69574	  8.99969	  9.19931
 23051	 -1.36167	  1.64226	  9.0448	  9.24442
 23052	 -1.37102	  1.74595	  8.94091	  9.14054
 23053	 -1.36409	  1.69791	  8.99753	  9.19716
 23054	 -1.35224	  1.78958	  8.94226	  9.14189
 23055	 -1.35224	  1.78958	  8.94226	  9.14189
 23056	 -1.36409	  1.69791	  8.99753	  9.19716
 23057	 -1.34354	  1.73719	  9.00031	  9.19994
 23058	 -1.44241	  1.84489	  8.54961	  8.74925
 23059	 -1.43766	  1.8676	  8.60331	  8.80294
 23060	 -1.43767	  1.86759	  8.60326	  8.80289
 23061	 -1.43767	  1.86759	  8.60326	  8.80289
 23062	 -1.43766	  1.8676	  8.60331	  8.80294
 23063	 -1.43462	  1.87673	  8.63141	  8.83105
 23064	 -1.43462	  1.87673	  8.63141	  8.83105
 23065	 -1.43766	  1.8676	  8.60331	  8.80294
 23066	 -1.43463	  1.87671	  8.63134	  8.83097
 23067	 -1.43462	  1.87673	  8.63141	  8.83105
 23068	 -1.43463	  1.87671	  8.63134	  8.83097
 23069	 -1.42741	  1.88964	  8.68869	  8.88833
 23070	 -1.42741	  1.88964	  8.68869	  8.88833
 23071	 -1.43463	  1.87671	  8.63134	  8.83097
 23072	 -1.42741	  1.88963	  8.68867	  8.8883
 23073	 -1.42741	  1.88964	  8.68869	  8.88833
 23074	 -1.42741	  1.88963	  8.68867	  8.8883
 23075	 -1.41883	  1.89466	  8.7468	  8.94643
 23076	 -1.41883	  1.89466	  8.7468	  8.94643
 23077	 -1.42741	  1.88963	  8.68867	  8.8883
 23078	 -1.41882	  1.89466	  8.74682	  8.94646
 23079	 -1.41883	  1.89466	  8.7468	  8.94643
 23080	 -1.41882	  1.89466	  8.74682	  8.94646
 23081	 -1.40907	  1.89069	  8.80455	  9.00418
 23082	 -1.41883	  1.89466	  8.7468	  8.94643
 23083	 -1.40907	  1.89069	  8.80455	  9.00418
 23084	 -1.40908	  1.8907	  8.80447	  9.0041
 23085	 -1.40908	  1.8907	  8.80447	  9.0041
 23086	 -1.40907	  1.89069	  8.80455	  9.00418
 23087	 -1.40381	  1.88496	  8.83292	  9.03255
 23088	 -1.40908	  1.8907	  8.80447	  9.0041
 23089	 -1.40381	  1.88496	  8.83292	  9.03255
 23090	 -1.4038	  1.88495	  8.83297	  9.0326
 23091	 -1.4038	  1.88495	  8.83297	  9.0326
 23092	 -1.40381	  1.88496	  8.83292	  9.03255
 23093	 -1.39271	  1.86541	  8.88759	  9.08722
 23094	 -1.4038	  1.88495	  8.83297	  9.0326
 23095	 -1.39271	  1.86541	  8.88759	  9.08722
 23096	 -1.45966	  1.95228	  8.82561	  9.02524
 23097	 -1.45966	  1.95228	  8.82561	  9.02524
 23098	 -1.39271	  1.86541	  8.88759	  9.08722
 23099	 -1.452	  1.93993	  8.87687	  9.0765
 23100	 -1.452	  1.93993	  8.87687	  9.0765
 23101	 -1.45966	  1.95228	  8.82561	  9.02524
 23102	 -1.45966	  1.95228	  8.82561	  9.02524
 23103	 -1.45966	  1.95228	  8.82561	  9.02524
 23104	 -1.45966	  1.95228	  8.82561	  9.02524
 23105	 -1.46329	  1.95448	  8.79793	  8.99756
 23106	 -1.46329	  1.95448	  8.79793	  8.99756
 23107	 -1.45966	  1.95228	  8.82561	  9.02524
 23108	 -1.46329	  1.95448	  8.79793	  8.99756
 23109	 -1.46329	  1.95448	  8.79793	  8.99756
 23110	 -1.46329	  1.95448	  8.79793	  8.99756
 23111	 -1.46991	  1.95161	  8.74057	  8.9402
 23112	 -1.46991	  1.95161	  8.74057	  8.9402
 23113	 -1.46329	  1.95448	  8.79793	  8.99756
 23114	 -1.46991	  1.95161	  8.74057	  8.9402
 23115	 -1.46991	  1.95161	  8.74057	  8.9402
 23116	 -1.46991	  1.95161	  8.74057	  8.9402
 23117	 -1.47561	  1.94007	  8.68154	  8.88117
 23118	 -1.47561	  1.94007	  8.68154	  8.88117
 23119	 -1.46991	  1.95161	  8.74057	  8.9402
 23120	 -1.47561	  1.94007	  8.68154	  8.88117
 23121	 -1.47561	  1.94007	  8.68154	  8.88117
 23122	 -1.47561	  1.94007	  8.68154	  8.88117
 23123	 -1.48018	  1.92106	  8.62274	  8.82238
 23124	 -1.47561	  1.94007	  8.68154	  8.88117
 23125	 -1.48018	  1.92106	  8.62274	  8.82238
 23126	 -1.48018	  1.92106	  8.62274	  8.82238
 23127	 -1.48018	  1.92106	  8.62274	  8.82238
 23128	 -1.48018	  1.92106	  8.62274	  8.82238
 23129	 -1.48201	  1.90901	  8.5938	  8.79344
 23130	 -1.48018	  1.92106	  8.62274	  8.82238
 23131	 -1.48201	  1.90901	  8.5938	  8.79344
 23132	 -1.48201	  1.90901	  8.5938	  8.79344
 23133	 -1.48201	  1.90901	  8.5938	  8.79344
 23134	 -1.48201	  1.90901	  8.5938	  8.79344
 23135	 -1.48454	  1.88096	  8.53895	  8.73859
 23136	 -1.48201	  1.90901	  8.5938	  8.79344
 23137	 -1.48454	  1.88096	  8.53895	  8.73859
 23138	 -1.43767	  1.86759	  8.60326	  8.80289
 23139	 -1.43767	  1.86759	  8.60326	  8.80289
 23140	 -1.48454	  1.88096	  8.53895	  8.73859
 23141	 -1.44241	  1.84489	  8.54961	  8.74925
 23142	 -1.43767	  1.86759	  8.60326	  8.80289
 23143	 -1.43462	  1.87673	  8.63141	  8.83105
 23144	 -1.48201	  1.90901	  8.5938	  8.79344
 23145	 -1.48201	  1.90901	  8.5938	  8.79344
 23146	 -1.43462	  1.87673	  8.63141	  8.83105
 23147	 -1.48018	  1.92106	  8.62274	  8.82238
 23148	 -1.48018	  1.92106	  8.62274	  8.82238
 23149	 -1.43462	  1.87673	  8.63141	  8.83105
 23150	 -1.42741	  1.88964	  8.68869	  8.88833
 23151	 -1.48018	  1.92106	  8.62274	  8.82238
 23152	 -1.42741	  1.88964	  8.68869	  8.88833
 23153	 -1.47561	  1.94007	  8.68154	  8.88117
 23154	 -1.47561	  1.94007	  8.68154	  8.88117
 23155	 -1.42741	  1.88964	  8.68869	  8.88833
 23156	 -1.46991	  1.95161	  8.74057	  8.9402
 23157	 -1.42741	  1.88964	  8.68869	  8.88833
 23158	 -1.41883	  1.89466	  8.7468	  8.94643
 23159	 -1.46991	  1.95161	  8.74057	  8.9402
 23160	 -1.46991	  1.95161	  8.74057	  8.9402
 23161	 -1.41883	  1.89466	  8.7468	  8.94643
 23162	 -1.40908	  1.8907	  8.80447	  9.0041
 23163	 -1.46991	  1.95161	  8.74057	  8.9402
 23164	 -1.40908	  1.8907	  8.80447	  9.0041
 23165	 -1.46329	  1.95448	  8.79793	  8.99756
 23166	 -1.46329	  1.95448	  8.79793	  8.99756
 23167	 -1.40908	  1.8907	  8.80447	  9.0041
 23168	 -1.4038	  1.88495	  8.83297	  9.0326
 23169	 -1.46329	  1.95448	  8.79793	  8.99756
 23170	 -1.4038	  1.88495	  8.83297	  9.0326
 23171	 -1.45966	  1.95228	  8.82561	  9.02524
 23172	 -1.44571	  1.58929	  8.24613	  8.44578
 23173	 -1.4462	  1.64986	  8.30556	  8.50522
 23174	 -1.4462	  1.64986	  8.30556	  8.50522
 23175	 -1.4462	  1.64986	  8.30556	  8.50522
 23176	 -1.4462	  1.64986	  8.30556	  8.50522
 23177	 -1.44644	  1.67024	  8.3259	  8.52555
 23178	 -1.44644	  1.67024	  8.3259	  8.52555
 23179	 -1.4462	  1.64986	  8.30556	  8.50522
 23180	 -1.44644	  1.67024	  8.3259	  8.52555
 23181	 -1.44644	  1.67024	  8.3259	  8.52555
 23182	 -1.44644	  1.67024	  8.3259	  8.52555
 23183	 -1.447	  1.72112	  8.37862	  8.57826
 23184	 -1.447	  1.72112	  8.37862	  8.57826
 23185	 -1.44644	  1.67024	  8.3259	  8.52555
 23186	 -1.447	  1.72112	  8.37862	  8.57826
 23187	 -1.447	  1.72112	  8.37862	  8.57826
 23188	 -1.447	  1.72112	  8.37862	  8.57826
 23189	 -1.44705	  1.76528	  8.42883	  8.62848
 23190	 -1.44705	  1.76528	  8.42883	  8.62848
 23191	 -1.447	  1.72112	  8.37862	  8.57826
 23192	 -1.44705	  1.76528	  8.42883	  8.62848
 23193	 -1.44705	  1.76528	  8.42883	  8.62848
 23194	 -1.44705	  1.76528	  8.42883	  8.62848
 23195	 -1.44612	  1.80305	  8.47861	  8.67825
 23196	 -1.44705	  1.76528	  8.42883	  8.62848
 23197	 -1.44612	  1.80305	  8.47861	  8.67825
 23198	 -1.44612	  1.80305	  8.47861	  8.67825
 23199	 -1.44612	  1.80305	  8.47861	  8.67825
 23200	 -1.44612	  1.80305	  8.47861	  8.67825
 23201	 -1.44544	  1.81535	  8.49713	  8.69678
 23202	 -1.44612	  1.80305	  8.47861	  8.67825
 23203	 -1.44544	  1.81535	  8.49713	  8.69678
 23204	 -1.44544	  1.81535	  8.49713	  8.69678
 23205	 -1.44544	  1.81535	  8.49713	  8.69678
 23206	 -1.44544	  1.81535	  8.49713	  8.69678
 23207	 -1.44241	  1.84489	  8.54961	  8.74925
 23208	 -1.44544	  1.81535	  8.49713	  8.69678
 23209	 -1.44241	  1.84489	  8.54961	  8.74925
 23210	 -1.4856	  1.84647	  8.48612	  8.68577
 23211	 -1.4856	  1.84647	  8.48612	  8.68577
 23212	 -1.44241	  1.84489	  8.54961	  8.74925
 23213	 -1.48454	  1.88096	  8.53895	  8.73859
 23214	 -1.48454	  1.88096	  8.53895	  8.73859
 23215	 -1.48561	  1.84586	  8.48528	  8.68492
 23216	 -1.4856	  1.84647	  8.48612	  8.68577
 23217	 -1.4856	  1.84647	  8.48612	  8.68577
 23218	 -1.48561	  1.84586	  8.48528	  8.68492
 23219	 -1.48565	  1.83259	  8.4677	  8.66735
 23220	 -1.48565	  1.83259	  8.4677	  8.66735
 23221	 -1.48561	  1.84586	  8.48528	  8.68492
 23222	 -1.48565	  1.83356	  8.46895	  8.66859
 23223	 -1.48565	  1.83259	  8.4677	  8.66735
 23224	 -1.48565	  1.83356	  8.46895	  8.66859
 23225	 -1.48508	  1.79127	  8.41874	  8.61839
 23226	 -1.48508	  1.79127	  8.41874	  8.61839
 23227	 -1.48565	  1.83356	  8.46895	  8.66859
 23228	 -1.48509	  1.79163	  8.41914	  8.61878
 23229	 -1.48508	  1.79127	  8.41874	  8.61839
 23230	 -1.48509	  1.79163	  8.41914	  8.61878
 23231	 -1.48389	  1.74494	  8.36994	  8.56958
 23232	 -1.48389	  1.74494	  8.36994	  8.56958
 23233	 -1.48509	  1.79163	  8.41914	  8.61878
 23234	 -1.48388	  1.74454	  8.36953	  8.56918
 23235	 -1.48389	  1.74494	  8.36994	  8.56958
 23236	 -1.48388	  1.74454	  8.36953	  8.56918
 23237	 -1.48252	  1.69223	  8.31771	  8.51736
 23238	 -1.48389	  1.74494	  8.36994	  8.56958
 23239	 -1.48252	  1.69223	  8.31771	  8.51736
 23240	 -1.48255	  1.69358	  8.31903	  8.51868
 23241	 -1.48255	  1.69358	  8.31903	  8.51868
 23242	 -1.48252	  1.69223	  8.31771	  8.51736
 23243	 -1.48213	  1.67443	  8.30031	  8.49996
 23244	 -1.48255	  1.69358	  8.31903	  8.51868
 23245	 -1.48213	  1.67443	  8.30031	  8.49996
 23246	 -1.48211	  1.67351	  8.29941	  8.49906
 23247	 -1.48211	  1.67351	  8.29941	  8.49906
 23248	 -1.48213	  1.67443	  8.30031	  8.49996
 23249	 -1.48134	  1.61527	  8.24199	  8.44164
 23250	 -1.48211	  1.67351	  8.29941	  8.49906
 23251	 -1.48134	  1.61527	  8.24199	  8.44164
 23252	 -1.4462	  1.64986	  8.30556	  8.50522
 23253	 -1.4462	  1.64986	  8.30556	  8.50522
 23254	 -1.48134	  1.61527	  8.24199	  8.44164
 23255	 -1.44571	  1.58929	  8.24613	  8.44578
 23256	 -1.4462	  1.64986	  8.30556	  8.50522
 23257	 -1.44644	  1.67024	  8.3259	  8.52555
 23258	 -1.48211	  1.67351	  8.29941	  8.49906
 23259	 -1.48211	  1.67351	  8.29941	  8.49906
 23260	 -1.44644	  1.67024	  8.3259	  8.52555
 23261	 -1.48255	  1.69358	  8.31903	  8.51868
 23262	 -1.48255	  1.69358	  8.31903	  8.51868
 23263	 -1.44644	  1.67024	  8.3259	  8.52555
 23264	 -1.447	  1.72112	  8.37862	  8.57826
 23265	 -1.48255	  1.69358	  8.31903	  8.51868
 23266	 -1.447	  1.72112	  8.37862	  8.57826
 23267	 -1.48389	  1.74494	  8.36994	  8.56958
 23268	 -1.48389	  1.74494	  8.36994	  8.56958
 23269	 -1.447	  1.72112	  8.37862	  8.57826
 23270	 -1.48508	  1.79127	  8.41874	  8.61839
 23271	 -1.447	  1.72112	  8.37862	  8.57826
 23272	 -1.44705	  1.76528	  8.42883	  8.62848
 23273	 -1.48508	  1.79127	  8.41874	  8.61839
 23274	 -1.48508	  1.79127	  8.41874	  8.61839
 23275	 -1.44705	  1.76528	  8.42883	  8.62848
 23276	 -1.44612	  1.80305	  8.47861	  8.67825
 23277	 -1.48508	  1.79127	  8.41874	  8.61839
 23278	 -1.44612	  1.80305	  8.47861	  8.67825
 23279	 -1.48565	  1.83259	  8.4677	  8.66735
 23280	 -1.48565	  1.83259	  8.4677	  8.66735
 23281	 -1.44612	  1.80305	  8.47861	  8.67825
 23282	 -1.44544	  1.81535	  8.49713	  8.69678
 23283	 -1.48565	  1.83259	  8.4677	  8.66735
 23284	 -1.44544	  1.81535	  8.49713	  8.69678
 23285	 -1.4856	  1.84647	  8.48612	  8.68577
 23286	 -1.37205	  1.84466	  8.84006	  9.03969
 23287	 -1.36191	  1.82031	  8.89324	  9.09287
 23288	 -1.40381	  1.88496	  8.83292	  9.03255
 23289	 -1.40381	  1.88496	  8.83292	  9.03255
 23290	 -1.36191	  1.82031	  8.89324	  9.09287
 23291	 -1.39271	  1.86541	  8.88759	  9.08722
 23292	 -1.39271	  1.86541	  8.88759	  9.08722
 23293	 -1.40381	  1.88496	  8.83292	  9.03255
 23294	 -1.40381	  1.88496	  8.83292	  9.03255
 23295	 -1.40381	  1.88496	  8.83292	  9.03255
 23296	 -1.40381	  1.88496	  8.83292	  9.03255
 23297	 -1.40907	  1.89069	  8.80455	  9.00418
 23298	 -1.40907	  1.89069	  8.80455	  9.00418
 23299	 -1.40381	  1.88496	  8.83292	  9.03255
 23300	 -1.40907	  1.89069	  8.80455	  9.00418
 23301	 -1.40907	  1.89069	  8.80455	  9.00418
 23302	 -1.40907	  1.89069	  8.80455	  9.00418
 23303	 -1.41882	  1.89466	  8.74682	  8.94646
 23304	 -1.41882	  1.89466	  8.74682	  8.94646
 23305	 -1.40907	  1.89069	  8.80455	  9.00418
 23306	 -1.41882	  1.89466	  8.74682	  8.94646
 23307	 -1.41882	  1.89466	  8.74682	  8.94646
 23308	 -1.41882	  1.89466	  8.74682	  8.94646
 23309	 -1.42741	  1.88963	  8.68867	  8.8883
 23310	 -1.42741	  1.88963	  8.68867	  8.8883
 23311	 -1.41882	  1.89466	  8.74682	  8.94646
 23312	 -1.42741	  1.88963	  8.68867	  8.8883
 23313	 -1.42741	  1.88963	  8.68867	  8.8883
 23314	 -1.42741	  1.88963	  8.68867	  8.8883
 23315	 -1.43463	  1.87671	  8.63134	  8.83097
 23316	 -1.42741	  1.88963	  8.68867	  8.8883
 23317	 -1.43463	  1.87671	  8.63134	  8.83097
 23318	 -1.43463	  1.87671	  8.63134	  8.83097
 23319	 -1.43463	  1.87671	  8.63134	  8.83097
 23320	 -1.43463	  1.87671	  8.63134	  8.83097
 23321	 -1.43766	  1.8676	  8.60331	  8.80294
 23322	 -1.43463	  1.87671	  8.63134	  8.83097
 23323	 -1.43766	  1.8676	  8.60331	  8.80294
 23324	 -1.43766	  1.8676	  8.60331	  8.80294
 23325	 -1.43766	  1.8676	  8.60331	  8.80294
 23326	 -1.43766	  1.8676	  8.60331	  8.80294
 23327	 -1.44241	  1.84489	  8.54961	  8.74925
 23328	 -1.43766	  1.8676	  8.60331	  8.80294
 23329	 -1.44241	  1.84489	  8.54961	  8.74925
 23330	 -1.41097	  1.84173	  8.61165	  8.81129
 23331	 -1.41097	  1.84173	  8.61165	  8.81129
 23332	 -1.44241	  1.84489	  8.54961	  8.74925
 23333	 -1.41755	  1.8213	  8.55761	  8.75725
 23334	 -1.41755	  1.8213	  8.55761	  8.75725
 23335	 -1.41092	  1.84186	  8.61207	  8.81171
 23336	 -1.41097	  1.84173	  8.61165	  8.81129
 23337	 -1.41097	  1.84173	  8.61165	  8.81129
 23338	 -1.41092	  1.84186	  8.61207	  8.81171
 23339	 -1.40696	  1.84949	  8.63981	  8.83944
 23340	 -1.40696	  1.84949	  8.63981	  8.83944
 23341	 -1.41092	  1.84186	  8.61207	  8.81171
 23342	 -1.40706	  1.84933	  8.63916	  8.8388
 23343	 -1.40696	  1.84949	  8.63981	  8.83944
 23344	 -1.40706	  1.84933	  8.63916	  8.8388
 23345	 -1.39788	  1.8593	  8.69722	  8.89685
 23346	 -1.39788	  1.8593	  8.69722	  8.89685
 23347	 -1.40706	  1.84933	  8.63916	  8.8388
 23348	 -1.39792	  1.85928	  8.697	  8.89663
 23349	 -1.39788	  1.8593	  8.69722	  8.89685
 23350	 -1.39792	  1.85928	  8.697	  8.89663
 23351	 -1.38782	  1.86071	  8.75514	  8.95477
 23352	 -1.38782	  1.86071	  8.75514	  8.95477
 23353	 -1.39792	  1.85928	  8.697	  8.89663
 23354	 -1.38778	  1.8607	  8.75536	  8.95499
 23355	 -1.38782	  1.86071	  8.75514	  8.95477
 23356	 -1.38778	  1.8607	  8.75536	  8.95499
 23357	 -1.37719	  1.85248	  8.81285	  9.01248
 23358	 -1.38782	  1.86071	  8.75514	  8.95477
 23359	 -1.37719	  1.85248	  8.81285	  9.01248
 23360	 -1.37731	  1.85263	  8.81221	  9.01184
 23361	 -1.37731	  1.85263	  8.81221	  9.01184
 23362	 -1.37719	  1.85248	  8.81285	  9.01248
 23363	 -1.37213	  1.8448	  8.83965	  9.03928
 23364	 -1.37731	  1.85263	  8.81221	  9.01184
 23365	 -1.37213	  1.8448	  8.83965	  9.03928
 23366	 -1.37205	  1.84466	  8.84006	  9.03969
 23367	 -1.37205	  1.84466	  8.84006	  9.03969
 23368	 -1.37213	  1.8448	  8.83965	  9.03928
 23369	 -1.36191	  1.82031	  8.89324	  9.09287
 23370	 -1.37205	  1.84466	  8.84006	  9.03969
 23371	 -1.40381	  1.88496	  8.83292	  9.03255
 23372	 -1.40907	  1.89069	  8.80455	  9.00418
 23373	 -1.37205	  1.84466	  8.84006	  9.03969
 23374	 -1.40907	  1.89069	  8.80455	  9.00418
 23375	 -1.37731	  1.85263	  8.81221	  9.01184
 23376	 -1.37731	  1.85263	  8.81221	  9.01184
 23377	 -1.40907	  1.89069	  8.80455	  9.00418
 23378	 -1.41882	  1.89466	  8.74682	  8.94646
 23379	 -1.37731	  1.85263	  8.81221	  9.01184
 23380	 -1.41882	  1.89466	  8.74682	  8.94646
 23381	 -1.38782	  1.86071	  8.75514	  8.95477
 23382	 -1.38782	  1.86071	  8.75514	  8.95477
 23383	 -1.41882	  1.89466	  8.74682	  8.94646
 23384	 -1.42741	  1.88963	  8.68867	  8.8883
 23385	 -1.38782	  1.86071	  8.75514	  8.95477
 23386	 -1.42741	  1.88963	  8.68867	  8.8883
 23387	 -1.39788	  1.8593	  8.69722	  8.89685
 23388	 -1.39788	  1.8593	  8.69722	  8.89685
 23389	 -1.42741	  1.88963	  8.68867	  8.8883
 23390	 -1.43463	  1.87671	  8.63134	  8.83097
 23391	 -1.39788	  1.8593	  8.69722	  8.89685
 23392	 -1.43463	  1.87671	  8.63134	  8.83097
 23393	 -1.40696	  1.84949	  8.63981	  8.83944
 23394	 -1.40696	  1.84949	  8.63981	  8.83944
 23395	 -1.43463	  1.87671	  8.63134	  8.83097
 23396	 -1.43766	  1.8676	  8.60331	  8.80294
 23397	 -1.40696	  1.84949	  8.63981	  8.83944
 23398	 -1.43766	  1.8676	  8.60331	  8.80294
 23399	 -1.41097	  1.84173	  8.61165	  8.81129
 23400	 -1.42206	  1.79398	  8.50543	  8.70507
 23401	 -1.41755	  1.8213	  8.55761	  8.75725
 23402	 -1.44541	  1.81581	  8.49787	  8.69751
 23403	 -1.44541	  1.81581	  8.49787	  8.69751
 23404	 -1.41755	  1.8213	  8.55761	  8.75725
 23405	 -1.44241	  1.84489	  8.54961	  8.74925
 23406	 -1.44241	  1.84489	  8.54961	  8.74925
 23407	 -1.44544	  1.81535	  8.49713	  8.69678
 23408	 -1.44541	  1.81581	  8.49787	  8.69751
 23409	 -1.44541	  1.81581	  8.49787	  8.69751
 23410	 -1.44544	  1.81535	  8.49713	  8.69678
 23411	 -1.44615	  1.8023	  8.47753	  8.67717
 23412	 -1.44615	  1.8023	  8.47753	  8.67717
 23413	 -1.44544	  1.81535	  8.49713	  8.69678
 23414	 -1.44612	  1.80305	  8.47861	  8.67825
 23415	 -1.44615	  1.8023	  8.47753	  8.67717
 23416	 -1.44612	  1.80305	  8.47861	  8.67825
 23417	 -1.44705	  1.76499	  8.42848	  8.62812
 23418	 -1.44705	  1.76499	  8.42848	  8.62812
 23419	 -1.44612	  1.80305	  8.47861	  8.67825
 23420	 -1.44705	  1.76528	  8.42883	  8.62848
 23421	 -1.44705	  1.76499	  8.42848	  8.62812
 23422	 -1.44705	  1.76528	  8.42883	  8.62848
 23423	 -1.447	  1.72146	  8.37898	  8.57863
 23424	 -1.447	  1.72146	  8.37898	  8.57863
 23425	 -1.44705	  1.76528	  8.42883	  8.62848
 23426	 -1.447	  1.72112	  8.37862	  8.57826
 23427	 -1.447	  1.72146	  8.37898	  8.57863
 23428	 -1.447	  1.72112	  8.37862	  8.57826
 23429	 -1.44644	  1.67024	  8.3259	  8.52555
 23430	 -1.447	  1.72146	  8.37898	  8.57863
 23431	 -1.44644	  1.67024	  8.3259	  8.52555
 23432	 -1.44646	  1.67141	  8.32708	  8.52673
 23433	 -1.44646	  1.67141	  8.32708	  8.52673
 23434	 -1.44644	  1.67024	  8.3259	  8.52555
 23435	 -1.4462	  1.64986	  8.30556	  8.50522
 23436	 -1.44646	  1.67141	  8.32708	  8.52673
 23437	 -1.4462	  1.64986	  8.30556	  8.50522
 23438	 -1.44619	  1.64904	  8.30475	  8.50441
 23439	 -1.44619	  1.64904	  8.30475	  8.50441
 23440	 -1.4462	  1.64986	  8.30556	  8.50522
 23441	 -1.44571	  1.58929	  8.24613	  8.44578
 23442	 -1.44619	  1.64904	  8.30475	  8.50441
 23443	 -1.44571	  1.58929	  8.24613	  8.44578
 23444	 -1.42604	  1.62863	  8.30914	  8.50879
 23445	 -1.42604	  1.62863	  8.30914	  8.50879
 23446	 -1.44571	  1.58929	  8.24613	  8.44578
 23447	 -1.42617	  1.56796	  8.249	  8.44866
 23448	 -1.42617	  1.56796	  8.249	  8.44866
 23449	 -1.42604	  1.62863	  8.30914	  8.50879
 23450	 -1.42604	  1.62863	  8.30914	  8.50879
 23451	 -1.42604	  1.62863	  8.30914	  8.50879
 23452	 -1.42604	  1.62863	  8.30914	  8.50879
 23453	 -1.42606	  1.65123	  8.33198	  8.53163
 23454	 -1.42606	  1.65123	  8.33198	  8.53163
 23455	 -1.42604	  1.62863	  8.30914	  8.50879
 23456	 -1.42606	  1.65123	  8.33198	  8.53163
 23457	 -1.42606	  1.65123	  8.33198	  8.53163
 23458	 -1.42606	  1.65123	  8.33198	  8.53163
 23459	 -1.42596	  1.70146	  8.38494	  8.58458
 23460	 -1.42596	  1.70146	  8.38494	  8.58458
 23461	 -1.42606	  1.65123	  8.33198	  8.53163
 23462	 -1.42596	  1.70146	  8.38494	  8.58458
 23463	 -1.42596	  1.70146	  8.38494	  8.58458
 23464	 -1.42596	  1.70146	  8.38494	  8.58458
 23465	 -1.42523	  1.74463	  8.43523	  8.63487
 23466	 -1.42523	  1.74463	  8.43523	  8.63487
 23467	 -1.42596	  1.70146	  8.38494	  8.58458
 23468	 -1.42523	  1.74463	  8.43523	  8.63487
 23469	 -1.42523	  1.74463	  8.43523	  8.63487
 23470	 -1.42523	  1.74463	  8.43523	  8.63487
 23471	 -1.42331	  1.78101	  8.48488	  8.68453
 23472	 -1.42523	  1.74463	  8.43523	  8.63487
 23473	 -1.42331	  1.78101	  8.48488	  8.68453
 23474	 -1.42331	  1.78101	  8.48488	  8.68453
 23475	 -1.42331	  1.78101	  8.48488	  8.68453
 23476	 -1.42331	  1.78101	  8.48488	  8.68453
 23477	 -1.42206	  1.79398	  8.50543	  8.70507
 23478	 -1.42331	  1.78101	  8.48488	  8.68453
 23479	 -1.42206	  1.79398	  8.50543	  8.70507
 23480	 -1.42206	  1.79398	  8.50543	  8.70507
 23481	 -1.42206	  1.79398	  8.50543	  8.70507
 23482	 -1.42206	  1.79398	  8.50543	  8.70507
 23483	 -1.41755	  1.8213	  8.55761	  8.75725
 23484	 -1.42206	  1.79398	  8.50543	  8.70507
 23485	 -1.44541	  1.81581	  8.49787	  8.69751
 23486	 -1.44615	  1.8023	  8.47753	  8.67717
 23487	 -1.42206	  1.79398	  8.50543	  8.70507
 23488	 -1.44615	  1.8023	  8.47753	  8.67717
 23489	 -1.42331	  1.78101	  8.48488	  8.68453
 23490	 -1.42331	  1.78101	  8.48488	  8.68453
 23491	 -1.44615	  1.8023	  8.47753	  8.67717
 23492	 -1.44705	  1.76499	  8.42848	  8.62812
 23493	 -1.42331	  1.78101	  8.48488	  8.68453
 23494	 -1.44705	  1.76499	  8.42848	  8.62812
 23495	 -1.42523	  1.74463	  8.43523	  8.63487
 23496	 -1.42523	  1.74463	  8.43523	  8.63487
 23497	 -1.44705	  1.76499	  8.42848	  8.62812
 23498	 -1.447	  1.72146	  8.37898	  8.57863
 23499	 -1.42523	  1.74463	  8.43523	  8.63487
 23500	 -1.447	  1.72146	  8.37898	  8.57863
 23501	 -1.42596	  1.70146	  8.38494	  8.58458
 23502	 -1.42596	  1.70146	  8.38494	  8.58458
 23503	 -1.447	  1.72146	  8.37898	  8.57863
 23504	 -1.44646	  1.67141	  8.32708	  8.52673
 23505	 -1.42596	  1.70146	  8.38494	  8.58458
 23506	 -1.44646	  1.67141	  8.32708	  8.52673
 23507	 -1.42606	  1.65123	  8.33198	  8.53163
 23508	 -1.42606	  1.65123	  8.33198	  8.53163
 23509	 -1.44646	  1.67141	  8.32708	  8.52673
 23510	 -1.44619	  1.64904	  8.30475	  8.50441
 23511	 -1.42606	  1.65123	  8.33198	  8.53163
 23512	 -1.44619	  1.64904	  8.30475	  8.50441
 23513	 -1.42604	  1.62863	  8.30914	  8.50879
 23514	 -1.38114	  1.80426	  8.84561	  9.04524
 23515	 -1.3761	  1.77954	  8.89464	  9.09427
 23516	 -1.37213	  1.8448	  8.83965	  9.03928
 23517	 -1.37213	  1.8448	  8.83965	  9.03928
 23518	 -1.3761	  1.77954	  8.89464	  9.09427
 23519	 -1.36191	  1.82031	  8.89324	  9.09287
 23520	 -1.36191	  1.82031	  8.89324	  9.09287
 23521	 -1.37213	  1.8448	  8.83965	  9.03928
 23522	 -1.37213	  1.8448	  8.83965	  9.03928
 23523	 -1.37213	  1.8448	  8.83965	  9.03928
 23524	 -1.37213	  1.8448	  8.83965	  9.03928
 23525	 -1.37719	  1.85248	  8.81285	  9.01248
 23526	 -1.37719	  1.85248	  8.81285	  9.01248
 23527	 -1.37213	  1.8448	  8.83965	  9.03928
 23528	 -1.37719	  1.85248	  8.81285	  9.01248
 23529	 -1.37719	  1.85248	  8.81285	  9.01248
 23530	 -1.37719	  1.85248	  8.81285	  9.01248
 23531	 -1.38778	  1.8607	  8.75536	  8.95499
 23532	 -1.38778	  1.8607	  8.75536	  8.95499
 23533	 -1.37719	  1.85248	  8.81285	  9.01248
 23534	 -1.38778	  1.8607	  8.75536	  8.95499
 23535	 -1.38778	  1.8607	  8.75536	  8.95499
 23536	 -1.38778	  1.8607	  8.75536	  8.95499
 23537	 -1.39792	  1.85928	  8.697	  8.89663
 23538	 -1.39792	  1.85928	  8.697	  8.89663
 23539	 -1.38778	  1.8607	  8.75536	  8.95499
 23540	 -1.39792	  1.85928	  8.697	  8.89663
 23541	 -1.39792	  1.85928	  8.697	  8.89663
 23542	 -1.39792	  1.85928	  8.697	  8.89663
 23543	 -1.40706	  1.84933	  8.63916	  8.8388
 23544	 -1.39792	  1.85928	  8.697	  8.89663
 23545	 -1.40706	  1.84933	  8.63916	  8.8388
 23546	 -1.40706	  1.84933	  8.63916	  8.8388
 23547	 -1.40706	  1.84933	  8.63916	  8.8388
 23548	 -1.40706	  1.84933	  8.63916	  8.8388
 23549	 -1.41092	  1.84186	  8.61207	  8.8117
 23550	 -1.40706	  1.84933	  8.63916	  8.8388
 23551	 -1.41092	  1.84186	  8.61207	  8.8117
 23552	 -1.41092	  1.84186	  8.61207	  8.8117
 23553	 -1.41092	  1.84186	  8.61207	  8.8117
 23554	 -1.41092	  1.84186	  8.61207	  8.8117
 23555	 -1.41755	  1.8213	  8.55761	  8.75725
 23556	 -1.41092	  1.84186	  8.61207	  8.8117
 23557	 -1.41755	  1.8213	  8.55761	  8.75725
 23558	 -1.40543	  1.79077	  8.62597	  8.82561
 23559	 -1.40543	  1.79077	  8.62597	  8.82561
 23560	 -1.41755	  1.8213	  8.55761	  8.75725
 23561	 -1.41084	  1.76845	  8.57218	  8.77182
 23562	 -1.41084	  1.76845	  8.57218	  8.77182
 23563	 -1.40518	  1.79162	  8.62838	  8.82801
 23564	 -1.40543	  1.79077	  8.62597	  8.82561
 23565	 -1.40543	  1.79077	  8.62597	  8.82561
 23566	 -1.40518	  1.79162	  8.62838	  8.82801
 23567	 -1.40258	  1.79952	  8.65266	  8.8523
 23568	 -1.40258	  1.79952	  8.65266	  8.8523
 23569	 -1.40518	  1.79162	  8.62838	  8.82801
 23570	 -1.40298	  1.79842	  8.649	  8.84863
 23571	 -1.40258	  1.79952	  8.65266	  8.8523
 23572	 -1.40298	  1.79842	  8.649	  8.84863
 23573	 -1.39633	  1.81263	  8.7093	  8.90893
 23574	 -1.39633	  1.81263	  8.7093	  8.90893
 23575	 -1.40298	  1.79842	  8.649	  8.84863
 23576	 -1.39646	  1.81243	  8.70807	  8.9077
 23577	 -1.39633	  1.81263	  8.7093	  8.90893
 23578	 -1.39646	  1.81243	  8.70807	  8.9077
 23579	 -1.38996	  1.81718	  8.76581	  8.96544
 23580	 -1.38996	  1.81718	  8.76581	  8.96544
 23581	 -1.39646	  1.81243	  8.70807	  8.9077
 23582	 -1.38982	  1.81717	  8.76702	  8.96665
 23583	 -1.38996	  1.81718	  8.76581	  8.96544
 23584	 -1.38982	  1.81717	  8.76702	  8.96665
 23585	 -1.38348	  1.81052	  8.82399	  9.02362
 23586	 -1.38996	  1.81718	  8.76581	  8.96544
 23587	 -1.38348	  1.81052	  8.82399	  9.02362
 23588	 -1.38386	  1.81131	  8.82052	  9.02015
 23589	 -1.38386	  1.81131	  8.82052	  9.02015
 23590	 -1.38348	  1.81052	  8.82399	  9.02362
 23591	 -1.38138	  1.80502	  8.84337	  9.043
 23592	 -1.38386	  1.81131	  8.82052	  9.02015
 23593	 -1.38138	  1.80502	  8.84337	  9.043
 23594	 -1.38114	  1.80426	  8.84561	  9.04524
 23595	 -1.38114	  1.80426	  8.84561	  9.04524
 23596	 -1.38138	  1.80502	  8.84337	  9.043
 23597	 -1.3761	  1.77954	  8.89464	  9.09427
 23598	 -1.38114	  1.80426	  8.84561	  9.04524
 23599	 -1.37213	  1.8448	  8.83965	  9.03928
 23600	 -1.37719	  1.85248	  8.81285	  9.01248
 23601	 -1.38114	  1.80426	  8.84561	  9.04524
 23602	 -1.37719	  1.85248	  8.81285	  9.01248
 23603	 -1.38386	  1.81131	  8.82052	  9.02015
 23604	 -1.38386	  1.81131	  8.82052	  9.02015
 23605	 -1.37719	  1.85248	  8.81285	  9.01248
 23606	 -1.38778	  1.8607	  8.75536	  8.95499
 23607	 -1.38386	  1.81131	  8.82052	  9.02015
 23608	 -1.38778	  1.8607	  8.75536	  8.95499
 23609	 -1.38996	  1.81718	  8.76581	  8.96544
 23610	 -1.38996	  1.81718	  8.76581	  8.96544
 23611	 -1.38778	  1.8607	  8.75536	  8.95499
 23612	 -1.39792	  1.85928	  8.697	  8.89663
 23613	 -1.38996	  1.81718	  8.76581	  8.96544
 23614	 -1.39792	  1.85928	  8.697	  8.89663
 23615	 -1.39633	  1.81263	  8.7093	  8.90893
 23616	 -1.39633	  1.81263	  8.7093	  8.90893
 23617	 -1.39792	  1.85928	  8.697	  8.89663
 23618	 -1.40706	  1.84933	  8.63916	  8.8388
 23619	 -1.39633	  1.81263	  8.7093	  8.90893
 23620	 -1.40706	  1.84933	  8.63916	  8.8388
 23621	 -1.40258	  1.79952	  8.65266	  8.8523
 23622	 -1.40258	  1.79952	  8.65266	  8.8523
 23623	 -1.40706	  1.84933	  8.63916	  8.8388
 23624	 -1.41092	  1.84186	  8.61207	  8.8117
 23625	 -1.40258	  1.79952	  8.65266	  8.8523
 23626	 -1.41092	  1.84186	  8.61207	  8.8117
 23627	 -1.40543	  1.79077	  8.62597	  8.82561
 23628	 -1.41534	  1.74141	  8.52118	  8.72082
 23629	 -1.41084	  1.76845	  8.57218	  8.77182
 23630	 -1.42202	  1.79436	  8.50607	  8.70571
 23631	 -1.42202	  1.79436	  8.50607	  8.70571
 23632	 -1.41084	  1.76845	  8.57218	  8.77182
 23633	 -1.41755	  1.8213	  8.55761	  8.75725
 23634	 -1.41755	  1.8213	  8.55761	  8.75725
 23635	 -1.42206	  1.79398	  8.50543	  8.70507
 23636	 -1.42202	  1.79436	  8.50607	  8.70571
 23637	 -1.42202	  1.79436	  8.50607	  8.70571
 23638	 -1.42206	  1.79398	  8.50543	  8.70507
 23639	 -1.42336	  1.78039	  8.48394	  8.68359
 23640	 -1.42336	  1.78039	  8.48394	  8.68359
 23641	 -1.42206	  1.79398	  8.50543	  8.70507
 23642	 -1.42331	  1.78102	  8.48488	  8.68453
 23643	 -1.42336	  1.78039	  8.48394	  8.68359
 23644	 -1.42331	  1.78102	  8.48488	  8.68453
 23645	 -1.42524	  1.74438	  8.43492	  8.63457
 23646	 -1.42524	  1.74438	  8.43492	  8.63457
 23647	 -1.42331	  1.78102	  8.48488	  8.68453
 23648	 -1.42523	  1.74463	  8.43523	  8.63487
 23649	 -1.42524	  1.74438	  8.43492	  8.63457
 23650	 -1.42523	  1.74463	  8.43523	  8.63487
 23651	 -1.42596	  1.70175	  8.38525	  8.5849
 23652	 -1.42596	  1.70175	  8.38525	  8.5849
 23653	 -1.42523	  1.74463	  8.43523	  8.63487
 23654	 -1.42596	  1.70146	  8.38494	  8.58458
 23655	 -1.42596	  1.70175	  8.38525	  8.5849
 23656	 -1.42596	  1.70146	  8.38494	  8.58458
 23657	 -1.42606	  1.65123	  8.33198	  8.53163
 23658	 -1.42596	  1.70175	  8.38525	  8.5849
 23659	 -1.42606	  1.65123	  8.33198	  8.53163
 23660	 -1.42606	  1.65224	  8.33301	  8.53266
 23661	 -1.42606	  1.65224	  8.33301	  8.53266
 23662	 -1.42606	  1.65123	  8.33198	  8.53163
 23663	 -1.42604	  1.62863	  8.30914	  8.50879
 23664	 -1.42606	  1.65224	  8.33301	  8.53266
 23665	 -1.42604	  1.62863	  8.30914	  8.50879
 23666	 -1.42604	  1.62791	  8.30842	  8.50807
 23667	 -1.42604	  1.62791	  8.30842	  8.50807
 23668	 -1.42604	  1.62863	  8.30914	  8.50879
 23669	 -1.42617	  1.56796	  8.249	  8.44866
 23670	 -1.42604	  1.62791	  8.30842	  8.50807
 23671	 -1.42617	  1.56796	  8.249	  8.44866
 23672	 -1.4237	  1.58082	  8.32099	  8.52064
 23673	 -1.4237	  1.58082	  8.32099	  8.52064
 23674	 -1.42617	  1.56796	  8.249	  8.44866
 23675	 -1.42373	  1.52084	  8.25868	  8.45834
 23676	 -1.42373	  1.52084	  8.25868	  8.45834
 23677	 -1.4237	  1.58082	  8.32099	  8.52064
 23678	 -1.4237	  1.58082	  8.32099	  8.52064
 23679	 -1.4237	  1.58082	  8.32099	  8.52064
 23680	 -1.4237	  1.58082	  8.32099	  8.52064
 23681	 -1.42343	  1.60472	  8.3465	  8.54615
 23682	 -1.42343	  1.60472	  8.3465	  8.54615
 23683	 -1.4237	  1.58082	  8.32099	  8.52064
 23684	 -1.42343	  1.60472	  8.3465	  8.54615
 23685	 -1.42343	  1.60472	  8.3465	  8.54615
 23686	 -1.42343	  1.60472	  8.3465	  8.54615
 23687	 -1.4222	  1.65265	  8.40007	  8.59972
 23688	 -1.4222	  1.65265	  8.40007	  8.59972
 23689	 -1.42343	  1.60472	  8.3465	  8.54615
 23690	 -1.4222	  1.65265	  8.40007	  8.59972
 23691	 -1.4222	  1.65265	  8.40007	  8.59972
 23692	 -1.4222	  1.65265	  8.40007	  8.59972
 23693	 -1.42008	  1.69339	  8.45026	  8.64991
 23694	 -1.42008	  1.69339	  8.45026	  8.64991
 23695	 -1.4222	  1.65265	  8.40007	  8.59972
 23696	 -1.42008	  1.69339	  8.45026	  8.64991
 23697	 -1.42008	  1.69339	  8.45026	  8.64991
 23698	 -1.42008	  1.69339	  8.45026	  8.64991
 23699	 -1.41702	  1.72785	  8.49922	  8.69886
 23700	 -1.42008	  1.69339	  8.45026	  8.64991
 23701	 -1.41702	  1.72785	  8.49922	  8.69886
 23702	 -1.41702	  1.72785	  8.49922	  8.69886
 23703	 -1.41702	  1.72785	  8.49922	  8.69886
 23704	 -1.41702	  1.72785	  8.49922	  8.69886
 23705	 -1.41534	  1.74141	  8.52118	  8.72082
 23706	 -1.41702	  1.72785	  8.49922	  8.69886
 23707	 -1.41534	  1.74141	  8.52118	  8.72082
 23708	 -1.41534	  1.74141	  8.52118	  8.72082
 23709	 -1.41534	  1.74141	  8.52118	  8.72082
 23710	 -1.41534	  1.74141	  8.52118	  8.72082
 23711	 -1.41084	  1.76845	  8.57218	  8.77182
 23712	 -1.41534	  1.74141	  8.52118	  8.72082
 23713	 -1.42202	  1.79436	  8.50607	  8.70571
 23714	 -1.42336	  1.78039	  8.48394	  8.68359
 23715	 -1.41534	  1.74141	  8.52118	  8.72082
 23716	 -1.42336	  1.78039	  8.48394	  8.68359
 23717	 -1.41702	  1.72785	  8.49922	  8.69886
 23718	 -1.41702	  1.72785	  8.49922	  8.69886
 23719	 -1.42336	  1.78039	  8.48394	  8.68359
 23720	 -1.42524	  1.74438	  8.43492	  8.63457
 23721	 -1.41702	  1.72785	  8.49922	  8.69886
 23722	 -1.42524	  1.74438	  8.43492	  8.63457
 23723	 -1.42008	  1.69339	  8.45026	  8.64991
 23724	 -1.42008	  1.69339	  8.45026	  8.64991
 23725	 -1.42524	  1.74438	  8.43492	  8.63457
 23726	 -1.42596	  1.70175	  8.38525	  8.5849
 23727	 -1.42008	  1.69339	  8.45026	  8.64991
 23728	 -1.42596	  1.70175	  8.38525	  8.5849
 23729	 -1.4222	  1.65265	  8.40007	  8.59972
 23730	 -1.4222	  1.65265	  8.40007	  8.59972
 23731	 -1.42596	  1.70175	  8.38525	  8.5849
 23732	 -1.42606	  1.65224	  8.33301	  8.53266
 23733	 -1.4222	  1.65265	  8.40007	  8.59972
 23734	 -1.42606	  1.65224	  8.33301	  8.53266
 23735	 -1.42343	  1.60472	  8.3465	  8.54615
 23736	 -1.42343	  1.60472	  8.3465	  8.54615
 23737	 -1.42606	  1.65224	  8.33301	  8.53266
 23738	 -1.42604	  1.62791	  8.30842	  8.50807
 23739	 -1.42343	  1.60472	  8.3465	  8.54615
 23740	 -1.42604	  1.62791	  8.30842	  8.50807
 23741	 -1.4237	  1.58082	  8.32099	  8.52064
 23742	 -2.2228	  2.76214	  10.60027	  10.79983
 23743	 -2.26108	  2.88462	  10.53008	  10.72964
 23744	 -2.26108	  2.88462	  10.53008	  10.72964
 23745	 -2.26108	  2.88462	  10.53008	  10.72964
 23746	 -2.26108	  2.88462	  10.53008	  10.72964
 23747	 -2.27407	  2.92458	  10.50684	  10.7064
 23748	 -2.27407	  2.92458	  10.50684	  10.7064
 23749	 -2.26108	  2.88462	  10.53008	  10.72964
 23750	 -2.27407	  2.92458	  10.50684	  10.7064
 23751	 -2.27407	  2.92458	  10.50684	  10.7064
 23752	 -2.27407	  2.92458	  10.50684	  10.7064
 23753	 -2.31017	  3.03297	  10.4428	  10.64236
 23754	 -2.31017	  3.03297	  10.4428	  10.64236
 23755	 -2.27407	  2.92458	  10.50684	  10.7064
 23756	 -2.31017	  3.03297	  10.4428	  10.64236
 23757	 -2.31017	  3.03297	  10.4428	  10.64236
 23758	 -2.31017	  3.03297	  10.4428	  10.64236
 23759	 -2.32124	  3.06566	  10.42309	  10.62265
 23760	 -2.31017	  3.03297	  10.4428	  10.64236
 23761	 -2.32124	  3.06566	  10.42309	  10.62265
 23762	 -2.32124	  3.06566	  10.42309	  10.62265
 23763	 -2.32124	  3.06566	  10.42309	  10.62265
 23764	 -2.32124	  3.06566	  10.42309	  10.62265
 23765	 -2.34821	  3.1454	  10.37366	  10.57322
 23766	 -2.32124	  3.06566	  10.42309	  10.62265
 23767	 -2.34821	  3.1454	  10.37366	  10.57322
 23768	 -2.31731	  3.04272	  10.41842	  10.61798
 23769	 -2.31731	  3.04272	  10.41842	  10.61798
 23770	 -2.34821	  3.1454	  10.37366	  10.57322
 23771	 -2.34306	  3.1188	  10.37192	  10.57148
 23772	 -2.34306	  3.1188	  10.37192	  10.57148
 23773	 -2.31604	  3.03898	  10.42065	  10.62022
 23774	 -2.31731	  3.04272	  10.41842	  10.61798
 23775	 -2.31731	  3.04272	  10.41842	  10.61798
 23776	 -2.31604	  3.03898	  10.42065	  10.62022
 23777	 -2.3067	  3.01133	  10.43708	  10.63664
 23778	 -2.3067	  3.01133	  10.43708	  10.63664
 23779	 -2.31604	  3.03898	  10.42065	  10.62022
 23780	 -2.30738	  3.01334	  10.43589	  10.63545
 23781	 -2.3067	  3.01133	  10.43708	  10.63664
 23782	 -2.30738	  3.01334	  10.43589	  10.63545
 23783	 -2.27213	  2.90657	  10.49805	  10.69761
 23784	 -2.27213	  2.90657	  10.49805	  10.69761
 23785	 -2.30738	  3.01334	  10.43589	  10.63545
 23786	 -2.27136	  2.9042	  10.4994	  10.69896
 23787	 -2.27213	  2.90657	  10.49805	  10.69761
 23788	 -2.27136	  2.9042	  10.4994	  10.69896
 23789	 -2.26127	  2.87255	  10.51751	  10.71707
 23790	 -2.27213	  2.90657	  10.49805	  10.69761
 23791	 -2.26127	  2.87255	  10.51751	  10.71707
 23792	 -2.25973	  2.86768	  10.52029	  10.71984
 23793	 -2.25973	  2.86768	  10.52029	  10.71984
 23794	 -2.26127	  2.87255	  10.51751	  10.71707
 23795	 -2.22349	  2.74751	  10.58785	  10.7874
 23796	 -2.25973	  2.86768	  10.52029	  10.71984
 23797	 -2.22349	  2.74751	  10.58785	  10.7874
 23798	 -2.26108	  2.88462	  10.53008	  10.72964
 23799	 -2.26108	  2.88462	  10.53008	  10.72964
 23800	 -2.22349	  2.74751	  10.58785	  10.7874
 23801	 -2.2228	  2.76214	  10.60027	  10.79983
 23802	 -2.26108	  2.88462	  10.53008	  10.72964
 23803	 -2.27407	  2.92458	  10.50684	  10.7064
 23804	 -2.25973	  2.86768	  10.52029	  10.71984
 23805	 -2.25973	  2.86768	  10.52029	  10.71984
 23806	 -2.27407	  2.92458	  10.50684	  10.7064
 23807	 -2.27213	  2.90657	  10.49805	  10.69761
 23808	 -2.27407	  2.92458	  10.50684	  10.7064
 23809	 -2.3067	  3.01133	  10.43708	  10.63664
 23810	 -2.27213	  2.90657	  10.49805	  10.69761
 23811	 -2.27407	  2.92458	  10.50684	  10.7064
 23812	 -2.31017	  3.03297	  10.4428	  10.64236
 23813	 -2.3067	  3.01133	  10.43708	  10.63664
 23814	 -2.3067	  3.01133	  10.43708	  10.63664
 23815	 -2.31017	  3.03297	  10.4428	  10.64236
 23816	 -2.32124	  3.06566	  10.42309	  10.62265
 23817	 -2.3067	  3.01133	  10.43708	  10.63664
 23818	 -2.32124	  3.06566	  10.42309	  10.62265
 23819	 -2.31731	  3.04272	  10.41842	  10.61798
 23820	 -2.0935	  2.27213	  10.87173	  11.07128
 23821	 -2.12266	  2.39169	  10.80595	  11.0055
 23822	 -2.12266	  2.39169	  10.80595	  11.0055
 23823	 -2.12266	  2.39169	  10.80595	  11.0055
 23824	 -2.12266	  2.39169	  10.80595	  11.0055
 23825	 -2.14318	  2.47335	  10.76104	  10.96059
 23826	 -2.14318	  2.47335	  10.76104	  10.96059
 23827	 -2.12266	  2.39169	  10.80595	  11.0055
 23828	 -2.14318	  2.47335	  10.76104	  10.96059
 23829	 -2.14318	  2.47335	  10.76104	  10.96059
 23830	 -2.14318	  2.47335	  10.76104	  10.96059
 23831	 -2.17172	  2.5824	  10.70086	  10.90041
 23832	 -2.17172	  2.5824	  10.70086	  10.90041
 23833	 -2.14318	  2.47335	  10.76104	  10.96059
 23834	 -2.17172	  2.5824	  10.70086	  10.90041
 23835	 -2.17172	  2.5824	  10.70086	  10.90041
 23836	 -2.17172	  2.5824	  10.70086	  10.90041
 23837	 -2.19261	  2.65838	  10.65862	  10.85818
 23838	 -2.17172	  2.5824	  10.70086	  10.90041
 23839	 -2.19261	  2.65838	  10.65862	  10.85818
 23840	 -2.19261	  2.65838	  10.65862	  10.85818
 23841	 -2.19261	  2.65838	  10.65862	  10.85818
 23842	 -2.19261	  2.65838	  10.65862	  10.85818
 23843	 -2.2228	  2.76214	  10.60027	  10.79983
 23844	 -2.19261	  2.65838	  10.65862	  10.85818
 23845	 -2.2228	  2.76214	  10.60027	  10.79983
 23846	 -2.19535	  2.64445	  10.6445	  10.84405
 23847	 -2.19535	  2.64445	  10.6445	  10.84405
 23848	 -2.2228	  2.76214	  10.60027	  10.79983
 23849	 -2.2235	  2.74751	  10.58785	  10.7874
 23850	 -2.2235	  2.74751	  10.58785	  10.7874
 23851	 -2.19478	  2.64224	  10.6457	  10.84526
 23852	 -2.19535	  2.64445	  10.6445	  10.84405
 23853	 -2.19535	  2.64445	  10.6445	  10.84405
 23854	 -2.19478	  2.64224	  10.6457	  10.84526
 23855	 -2.17611	  2.56836	  10.68576	  10.88531
 23856	 -2.17611	  2.56836	  10.68576	  10.88531
 23857	 -2.19478	  2.64224	  10.6457	  10.84526
 23858	 -2.17639	  2.56949	  10.68515	  10.8847
 23859	 -2.17611	  2.56836	  10.68576	  10.88531
 23860	 -2.17639	  2.56949	  10.68515	  10.8847
 23861	 -2.15005	  2.45852	  10.74483	  10.94438
 23862	 -2.15005	  2.45852	  10.74483	  10.94438
 23863	 -2.17639	  2.56949	  10.68515	  10.8847
 23864	 -2.14978	  2.45733	  10.74547	  10.94502
 23865	 -2.15005	  2.45852	  10.74483	  10.94438
 23866	 -2.14978	  2.45733	  10.74547	  10.94502
 23867	 -2.13195	  2.37847	  10.78775	  10.98729
 23868	 -2.15005	  2.45852	  10.74483	  10.94438
 23869	 -2.13195	  2.37847	  10.78775	  10.98729
 23870	 -2.1314	  2.37599	  10.78907	  10.98862
 23871	 -2.1314	  2.37599	  10.78907	  10.98862
 23872	 -2.13195	  2.37847	  10.78775	  10.98729
 23873	 -2.1049	  2.25499	  10.85401	  11.05355
 23874	 -2.1314	  2.37599	  10.78907	  10.98862
 23875	 -2.1049	  2.25499	  10.85401	  11.05355
 23876	 -2.12266	  2.39169	  10.80595	  11.0055
 23877	 -2.12266	  2.39169	  10.80595	  11.0055
 23878	 -2.1049	  2.25499	  10.85401	  11.05355
 23879	 -2.0935	  2.27213	  10.87173	  11.07128
 23880	 -2.12266	  2.39169	  10.80595	  11.0055
 23881	 -2.14318	  2.47335	  10.76104	  10.96059
 23882	 -2.1314	  2.37599	  10.78907	  10.98862
 23883	 -2.1314	  2.37599	  10.78907	  10.98862
 23884	 -2.14318	  2.47335	  10.76104	  10.96059
 23885	 -2.15005	  2.45852	  10.74483	  10.94438
 23886	 -2.14318	  2.47335	  10.76104	  10.96059
 23887	 -2.17611	  2.56836	  10.68576	  10.88531
 23888	 -2.15005	  2.45852	  10.74483	  10.94438
 23889	 -2.14318	  2.47335	  10.76104	  10.96059
 23890	 -2.17172	  2.5824	  10.70086	  10.90041
 23891	 -2.17611	  2.56836	  10.68576	  10.88531
 23892	 -2.17611	  2.56836	  10.68576	  10.88531
 23893	 -2.17172	  2.5824	  10.70086	  10.90041
 23894	 -2.19261	  2.65838	  10.65862	  10.85818
 23895	 -2.17611	  2.56836	  10.68576	  10.88531
 23896	 -2.19261	  2.65838	  10.65862	  10.85818
 23897	 -2.19535	  2.64445	  10.6445	  10.84405
 23898	 -2.22303	  2.74793	  10.58825	  10.7878
 23899	 -2.26089	  2.87292	  10.51789	  10.71745
 23900	 -2.26089	  2.87292	  10.51789	  10.71745
 23901	 -2.26089	  2.87292	  10.51789	  10.71745
 23902	 -2.26089	  2.87292	  10.51789	  10.71745
 23903	 -2.27108	  2.90483	  10.49962	  10.69918
 23904	 -2.27108	  2.90483	  10.49962	  10.69918
 23905	 -2.26089	  2.87292	  10.51789	  10.71745
 23906	 -2.27108	  2.90483	  10.49962	  10.69918
 23907	 -2.27108	  2.90483	  10.49962	  10.69918
 23908	 -2.27108	  2.90483	  10.49962	  10.69918
 23909	 -2.30717	  3.01382	  10.43606	  10.63562
 23910	 -2.30717	  3.01382	  10.43606	  10.63562
 23911	 -2.27108	  2.90483	  10.49962	  10.69918
 23912	 -2.30717	  3.01382	  10.43606	  10.63562
 23913	 -2.30717	  3.01382	  10.43606	  10.63562
 23914	 -2.30717	  3.01382	  10.43606	  10.63562
 23915	 -2.31593	  3.03959	  10.42068	  10.62024
 23916	 -2.30717	  3.01382	  10.43606	  10.63562
 23917	 -2.31593	  3.03959	  10.42068	  10.62024
 23918	 -2.31593	  3.03959	  10.42068	  10.62024
 23919	 -2.31593	  3.03959	  10.42068	  10.62024
 23920	 -2.31593	  3.03959	  10.42068	  10.62024
 23921	 -2.34306	  3.1188	  10.37192	  10.57148
 23922	 -2.31593	  3.03959	  10.42068	  10.62024
 23923	 -2.34306	  3.1188	  10.37192	  10.57148
 23924	 -2.32987	  2.98218	  10.41364	  10.6132
 23925	 -2.32987	  2.98218	  10.41364	  10.6132
 23926	 -2.34306	  3.1188	  10.37192	  10.57148
 23927	 -2.35355	  3.04931	  10.37201	  10.57158
 23928	 -2.35355	  3.04931	  10.37201	  10.57158
 23929	 -2.32691	  2.97356	  10.41882	  10.61839
 23930	 -2.32987	  2.98218	  10.41364	  10.6132
 23931	 -2.32987	  2.98218	  10.41364	  10.6132
 23932	 -2.32691	  2.97356	  10.41882	  10.61839
 23933	 -2.32227	  2.95988	  10.427	  10.62657
 23934	 -2.32227	  2.95988	  10.427	  10.62657
 23935	 -2.32691	  2.97356	  10.41882	  10.61839
 23936	 -2.3238	  2.96442	  10.4243	  10.62386
 23937	 -2.32227	  2.95988	  10.427	  10.62657
 23938	 -2.3238	  2.96442	  10.4243	  10.62386
 23939	 -2.29154	  2.86355	  10.48296	  10.68252
 23940	 -2.29154	  2.86355	  10.48296	  10.68252
 23941	 -2.3238	  2.96442	  10.4243	  10.62386
 23942	 -2.28987	  2.85794	  10.48614	  10.6857
 23943	 -2.29154	  2.86355	  10.48296	  10.68252
 23944	 -2.28987	  2.85794	  10.48614	  10.6857
 23945	 -2.28644	  2.84626	  10.49274	  10.6923
 23946	 -2.29154	  2.86355	  10.48296	  10.68252
 23947	 -2.28644	  2.84626	  10.49274	  10.6923
 23948	 -2.28311	  2.83475	  10.49921	  10.69877
 23949	 -2.28311	  2.83475	  10.49921	  10.69877
 23950	 -2.28644	  2.84626	  10.49274	  10.6923
 23951	 -2.25332	  2.71916	  10.5623	  10.76186
 23952	 -2.28311	  2.83475	  10.49921	  10.69877
 23953	 -2.25332	  2.71916	  10.5623	  10.76186
 23954	 -2.26089	  2.87292	  10.51789	  10.71745
 23955	 -2.26089	  2.87292	  10.51789	  10.71745
 23956	 -2.25332	  2.71916	  10.5623	  10.76186
 23957	 -2.22303	  2.74793	  10.58825	  10.7878
 23958	 -2.26089	  2.87292	  10.51789	  10.71745
 23959	 -2.27108	  2.90483	  10.49962	  10.69918
 23960	 -2.28311	  2.83475	  10.49921	  10.69877
 23961	 -2.28311	  2.83475	  10.49921	  10.69877
 23962	 -2.27108	  2.90483	  10.49962	  10.69918
 23963	 -2.29154	  2.86355	  10.48296	  10.68252
 23964	 -2.27108	  2.90483	  10.49962	  10.69918
 23965	 -2.32227	  2.95988	  10.427	  10.62657
 23966	 -2.29154	  2.86355	  10.48296	  10.68252
 23967	 -2.27108	  2.90483	  10.49962	  10.69918
 23968	 -2.30717	  3.01382	  10.43606	  10.63562
 23969	 -2.32227	  2.95988	  10.427	  10.62657
 23970	 -2.32227	  2.95988	  10.427	  10.62657
 23971	 -2.30717	  3.01382	  10.43606	  10.63562
 23972	 -2.31593	  3.03959	  10.42068	  10.62024
 23973	 -2.32227	  2.95988	  10.427	  10.62657
 23974	 -2.31593	  3.03959	  10.42068	  10.62024
 23975	 -2.32987	  2.98218	  10.41364	  10.6132
 23976	 -2.1049	  2.25499	  10.85401	  11.05355
 23977	 -2.13155	  2.37893	  10.78792	  10.98747
 23978	 -2.13727	  2.37744	  10.78365	  10.9832
 23979	 -2.13727	  2.37744	  10.78365	  10.9832
 23980	 -2.13155	  2.37893	  10.78792	  10.98747
 23981	 -2.15425	  2.45567	  10.74211	  10.94166
 23982	 -2.15425	  2.45567	  10.74211	  10.94166
 23983	 -2.13155	  2.37893	  10.78792	  10.98747
 23984	 -2.14918	  2.45764	  10.74589	  10.94544
 23985	 -2.15425	  2.45567	  10.74211	  10.94166
 23986	 -2.14918	  2.45764	  10.74589	  10.94544
 23987	 -2.17993	  2.56767	  10.68235	  10.8819
 23988	 -2.17993	  2.56767	  10.68235	  10.8819
 23989	 -2.14918	  2.45764	  10.74589	  10.94544
 23990	 -2.17579	  2.56997	  10.68556	  10.88511
 23991	 -2.17993	  2.56767	  10.68235	  10.8819
 23992	 -2.17579	  2.56997	  10.68556	  10.88511
 23993	 -2.19416	  2.64248	  10.64624	  10.84579
 23994	 -2.17993	  2.56767	  10.68235	  10.8819
 23995	 -2.19416	  2.64248	  10.64624	  10.84579
 23996	 -2.19773	  2.64005	  10.64335	  10.8429
 23997	 -2.19773	  2.64005	  10.64335	  10.8429
 23998	 -2.19416	  2.64248	  10.64624	  10.84579
