 77999	 -5.05727	  0.87465	  7.73379	  7.93346
 78000	 -5.05618	  0.87151	  7.73244	  7.93211
 78001	 -5.05727	  0.87465	  7.73379	  7.93346
 78002	 -5.05898	  0.8796	  7.7359	  7.93557
 78003	 -5.05898	  0.8796	  7.7359	  7.93557
 78004	 -5.05727	  0.87465	  7.73379	  7.93346
 78005	 -5.08365	  0.96292	  7.7685	  7.96817
 78006	 -5.05898	  0.8796	  7.7359	  7.93557
 78007	 -5.12668	  0.80183	  7.75884	  7.95851
 78008	 -5.12361	  0.79226	  7.75544	  7.95511
 78009	 -5.05898	  0.8796	  7.7359	  7.93557
 78010	 -5.12361	  0.79226	  7.75544	  7.95511
 78011	 -5.05618	  0.87151	  7.73244	  7.93211
 78012	 -5.05618	  0.87151	  7.73244	  7.93211
 78013	 -5.12361	  0.79226	  7.75544	  7.95511
 78014	 -5.08659	  0.69302	  7.71764	  7.91731
 78015	 -5.05618	  0.87151	  7.73244	  7.93211
 78016	 -5.08659	  0.69302	  7.71764	  7.91731
 78017	 -5.02411	  0.79012	  7.69456	  7.89424
 78018	 -5.02411	  0.79012	  7.69456	  7.89424
 78019	 -5.08659	  0.69302	  7.71764	  7.91731
 78020	 -5.0824	  0.6833	  7.71365	  7.91332
 78021	 -5.02411	  0.79012	  7.69456	  7.89424
 78022	 -5.0824	  0.6833	  7.71365	  7.91332
 78023	 -5.0207	  0.78243	  7.69067	  7.89035
 78024	 -5.32389	  1.3095	  7.96419	  8.16385
 78025	 -5.33018	  1.3102	  7.96809	  8.16775
 78026	 -5.32987	  1.30146	  7.96525	  8.16491
 78027	 -5.32987	  1.30146	  7.96525	  8.16491
 78028	 -5.33018	  1.3102	  7.96809	  8.16775
 78029	 -5.40036	  1.31291	  8.01358	  8.21325
 78030	 -5.40036	  1.31291	  8.01358	  8.21325
 78031	 -5.33018	  1.3102	  7.96809	  8.16775
 78032	 -5.402	  1.32767	  8.01823	  8.21789
 78033	 -5.40036	  1.31291	  8.01358	  8.21325
 78034	 -5.402	  1.32767	  8.01823	  8.21789
 78035	 -5.40489	  1.32837	  8.02047	  8.22013
 78036	 -5.40489	  1.32837	  8.02047	  8.22013
 78037	 -5.40322	  1.31341	  8.01575	  8.21541
 78038	 -5.40036	  1.31291	  8.01358	  8.21325
 78039	 -5.40036	  1.31291	  8.01358	  8.21325
 78040	 -5.40322	  1.31341	  8.01575	  8.21541
 78041	 -5.38112	  1.1473	  7.96707	  8.16673
 78042	 -5.38112	  1.1473	  7.96707	  8.16673
 78043	 -5.40322	  1.31341	  8.01575	  8.21541
 78044	 -5.38372	  1.14628	  7.96869	  8.16836
 78045	 -5.38112	  1.1473	  7.96707	  8.16673
 78046	 -5.38372	  1.14628	  7.96869	  8.16836
 78047	 -5.37897	  1.10604	  7.95884	  8.1585
 78048	 -5.37897	  1.10604	  7.95884	  8.1585
 78049	 -5.3782	  1.10644	  7.95836	  8.15803
 78050	 -5.38112	  1.1473	  7.96707	  8.16673
 78051	 -5.38112	  1.1473	  7.96707	  8.16673
 78052	 -5.3782	  1.10644	  7.95836	  8.15803
 78053	 -5.31421	  1.1639	  7.92839	  8.12806
 78054	 -5.31421	  1.1639	  7.92839	  8.12806
 78055	 -5.3782	  1.10644	  7.95836	  8.15803
 78056	 -5.30581	  1.13033	  7.91738	  8.11705
 78057	 -5.31421	  1.1639	  7.92839	  8.12806
 78058	 -5.30581	  1.13033	  7.91738	  8.11705
 78059	 -5.30405	  1.13076	  7.91638	  8.11605
 78060	 -5.30405	  1.13076	  7.91638	  8.11605
 78061	 -5.30642	  1.14904	  7.92104	  8.12071
 78062	 -5.31421	  1.1639	  7.92839	  8.12806
 78063	 -5.31421	  1.1639	  7.92839	  8.12806
 78064	 -5.30642	  1.14904	  7.92104	  8.12071
 78065	 -5.32987	  1.30146	  7.96525	  8.16491
 78066	 -5.32987	  1.30146	  7.96525	  8.16491
 78067	 -5.30642	  1.14904	  7.92104	  8.12071
 78068	 -5.32397	  1.30574	  7.96296	  8.16263
 78069	 -5.32987	  1.30146	  7.96525	  8.16491
 78070	 -5.32397	  1.30574	  7.96296	  8.16263
 78071	 -5.32389	  1.3095	  7.96419	  8.16385
 78072	 -5.31421	  1.1639	  7.92839	  8.12806
 78073	 -5.32987	  1.30146	  7.96525	  8.16491
 78074	 -5.38112	  1.1473	  7.96707	  8.16673
 78075	 -5.38112	  1.1473	  7.96707	  8.16673
 78076	 -5.32987	  1.30146	  7.96525	  8.16491
 78077	 -5.40036	  1.31291	  8.01358	  8.21325
 78078	 -5.30405	  1.13076	  7.91638	  8.11605
 78079	 -5.30581	  1.13033	  7.91738	  8.11705
 78080	 -5.29909	  1.04785	  7.89934	  8.099
 78081	 -5.29909	  1.04785	  7.89934	  8.099
 78082	 -5.30581	  1.13033	  7.91738	  8.11705
 78083	 -5.36487	  1.01237	  7.93581	  8.13547
 78084	 -5.36487	  1.01237	  7.93581	  8.13547
 78085	 -5.30581	  1.13033	  7.91738	  8.11705
 78086	 -5.3782	  1.10644	  7.95836	  8.15803
 78087	 -5.36487	  1.01237	  7.93581	  8.13547
 78088	 -5.3782	  1.10644	  7.95836	  8.15803
 78089	 -5.37897	  1.10604	  7.95883	  8.1585
 78090	 -5.37897	  1.10604	  7.95883	  8.1585
 78091	 -5.36761	  1.0104	  7.93745	  8.13712
 78092	 -5.36487	  1.01237	  7.93581	  8.13547
 78093	 -5.36487	  1.01237	  7.93581	  8.13547
 78094	 -5.36761	  1.0104	  7.93745	  8.13712
 78095	 -5.34359	  0.83966	  7.90225	  8.10192
 78096	 -5.34359	  0.83966	  7.90225	  8.10192
 78097	 -5.36761	  1.0104	  7.93745	  8.13712
 78098	 -5.34658	  0.83673	  7.9042	  8.10386
 78099	 -5.34359	  0.83966	  7.90225	  8.10192
 78100	 -5.34658	  0.83673	  7.9042	  8.10386
 78101	 -5.33244	  0.72349	  7.88578	  8.08544
 78102	 -5.33244	  0.72349	  7.88578	  8.08544
 78103	 -5.32914	  0.727	  7.88345	  8.08312
 78104	 -5.34359	  0.83966	  7.90225	  8.10192
 78105	 -5.34359	  0.83966	  7.90225	  8.10192
 78106	 -5.32914	  0.727	  7.88345	  8.08312
 78107	 -5.276	  0.89972	  7.86258	  8.06225
 78108	 -5.276	  0.89972	  7.86258	  8.06225
 78109	 -5.32914	  0.727	  7.88345	  8.08312
 78110	 -5.25722	  0.80108	  7.83799	  8.03766
 78111	 -5.276	  0.89972	  7.86258	  8.06225
 78112	 -5.25722	  0.80108	  7.83799	  8.03766
 78113	 -5.25147	  0.8073	  7.83488	  8.03455
 78114	 -5.25147	  0.8073	  7.83488	  8.03455
 78115	 -5.26903	  0.89683	  7.85769	  8.05736
 78116	 -5.276	  0.89972	  7.86258	  8.06225
 78117	 -5.276	  0.89972	  7.86258	  8.06225
 78118	 -5.26903	  0.89683	  7.85769	  8.05736
 78119	 -5.29909	  1.04785	  7.89934	  8.099
 78120	 -5.29909	  1.04785	  7.89934	  8.099
 78121	 -5.26903	  0.89683	  7.85769	  8.05736
 78122	 -5.29425	  1.05735	  7.8979	  8.09757
 78123	 -5.29909	  1.04785	  7.89934	  8.099
 78124	 -5.29425	  1.05735	  7.8979	  8.09757
 78125	 -5.30405	  1.13076	  7.91638	  8.11605
 78126	 -5.276	  0.89972	  7.86258	  8.06225
 78127	 -5.29909	  1.04785	  7.89934	  8.099
 78128	 -5.34359	  0.83966	  7.90225	  8.10192
 78129	 -5.34359	  0.83966	  7.90225	  8.10192
 78130	 -5.29909	  1.04785	  7.89934	  8.099
 78131	 -5.36487	  1.01237	  7.93581	  8.13547
 78132	 -5.25147	  0.8073	  7.83488	  8.03455
 78133	 -5.25722	  0.80108	  7.83799	  8.03766
 78134	 -5.25593	  0.66194	  7.82511	  8.02479
 78135	 -5.25593	  0.66194	  7.82511	  8.02479
 78136	 -5.25722	  0.80108	  7.83799	  8.03766
 78137	 -5.29448	  0.62068	  7.85216	  8.05183
 78138	 -5.29448	  0.62068	  7.85216	  8.05183
 78139	 -5.25722	  0.80108	  7.83799	  8.03766
 78140	 -5.32914	  0.727	  7.88345	  8.08312
 78141	 -5.29448	  0.62068	  7.85216	  8.05183
 78142	 -5.32914	  0.727	  7.88345	  8.08312
 78143	 -5.33244	  0.72348	  7.88578	  8.08544
 78144	 -5.33244	  0.72348	  7.88578	  8.08544
 78145	 -5.31411	  0.58495	  7.86673	  8.0664
 78146	 -5.29448	  0.62068	  7.85216	  8.05183
 78147	 -5.29448	  0.62068	  7.85216	  8.05183
 78148	 -5.31411	  0.58495	  7.86673	  8.0664
 78149	 -5.29075	  0.59879	  7.84869	  8.04836
 78150	 -5.29075	  0.59879	  7.84869	  8.04836
 78151	 -5.31411	  0.58495	  7.86673	  8.0664
 78152	 -5.31359	  0.58127	  7.86627	  8.06594
 78153	 -5.29075	  0.59879	  7.84869	  8.04836
 78154	 -5.31359	  0.58127	  7.86627	  8.06594
 78155	 -5.26486	  0.46309	  7.8283	  8.02797
 78156	 -5.26486	  0.46309	  7.8283	  8.02797
 78157	 -5.31359	  0.58127	  7.86627	  8.06594
 78158	 -5.28999	  0.42648	  7.84918	  8.04885
 78159	 -5.26486	  0.46309	  7.8283	  8.02797
 78160	 -5.28999	  0.42648	  7.84918	  8.04885
 78161	 -5.28929	  0.42219	  7.84876	  8.04843
 78162	 -5.26486	  0.46309	  7.8283	  8.02797
 78163	 -5.28929	  0.42219	  7.84876	  8.04843
 78164	 -5.25949	  0.43777	  7.82467	  8.02434
 78165	 -5.25949	  0.43777	  7.82467	  8.02434
 78166	 -5.28929	  0.42219	  7.84876	  8.04843
 78167	 -5.25594	  0.23583	  7.83195	  8.03162
 78168	 -5.25594	  0.23583	  7.83195	  8.03162
 78169	 -5.22143	  0.27566	  7.80216	  8.00183
 78170	 -5.25949	  0.43777	  7.82467	  8.02434
 78171	 -5.25949	  0.43777	  7.82467	  8.02434
 78172	 -5.22143	  0.27566	  7.80216	  8.00183
 78173	 -5.21131	  0.49184	  7.78703	  7.9867
 78174	 -5.21131	  0.49184	  7.78703	  7.9867
 78175	 -5.22143	  0.27566	  7.80216	  8.00183
 78176	 -5.16239	  0.34776	  7.75305	  7.95273
 78177	 -5.21131	  0.49184	  7.78703	  7.9867
 78178	 -5.16239	  0.34776	  7.75305	  7.95273
 78179	 -5.12045	  0.40453	  7.72111	  7.92078
 78180	 -5.12045	  0.40453	  7.72111	  7.92078
 78181	 -5.17423	  0.53612	  7.76097	  7.96064
 78182	 -5.21131	  0.49184	  7.78703	  7.9867
 78183	 -5.21131	  0.49184	  7.78703	  7.9867
 78184	 -5.17423	  0.53612	  7.76097	  7.96064
 78185	 -5.21821	  0.51495	  7.79231	  7.99198
 78186	 -5.21821	  0.51495	  7.79231	  7.99198
 78187	 -5.17423	  0.53612	  7.76097	  7.96064
 78188	 -5.18198	  0.55766	  7.76722	  7.96689
 78189	 -5.21821	  0.51495	  7.79231	  7.99198
 78190	 -5.18198	  0.55766	  7.76722	  7.96689
 78191	 -5.25124	  0.64125	  7.82055	  8.02022
 78192	 -5.25124	  0.64125	  7.82055	  8.02022
 78193	 -5.18198	  0.55766	  7.76722	  7.96689
 78194	 -5.21964	  0.67698	  7.80056	  8.00023
 78195	 -5.25124	  0.64125	  7.82055	  8.02022
 78196	 -5.21964	  0.67698	  7.80056	  8.00023
 78197	 -5.22503	  0.69671	  7.80588	  8.00555
 78198	 -5.25124	  0.64125	  7.82055	  8.02022
 78199	 -5.22503	  0.69671	  7.80588	  8.00555
 78200	 -5.25593	  0.66194	  7.82511	  8.02479
 78201	 -5.25593	  0.66194	  7.82511	  8.02479
 78202	 -5.22503	  0.69671	  7.80588	  8.00555
 78203	 -5.25147	  0.8073	  7.83488	  8.03455
 78204	 -5.25593	  0.66194	  7.82511	  8.02479
 78205	 -5.29448	  0.62068	  7.85216	  8.05183
 78206	 -5.29075	  0.59879	  7.84869	  8.04836
 78207	 -5.25593	  0.66194	  7.82511	  8.02479
 78208	 -5.29075	  0.59879	  7.84869	  8.04836
 78209	 -5.25124	  0.64125	  7.82055	  8.02022
 78210	 -5.25124	  0.64125	  7.82055	  8.02022
 78211	 -5.29075	  0.59879	  7.84869	  8.04836
 78212	 -5.26486	  0.46309	  7.8283	  8.02797
 78213	 -5.25124	  0.64125	  7.82055	  8.02022
 78214	 -5.26486	  0.46309	  7.8283	  8.02797
 78215	 -5.21821	  0.51495	  7.79231	  7.99198
 78216	 -5.21821	  0.51495	  7.79231	  7.99198
 78217	 -5.26486	  0.46309	  7.8283	  8.02797
 78218	 -5.25949	  0.43777	  7.82467	  8.02434
 78219	 -5.21821	  0.51495	  7.79231	  7.99198
 78220	 -5.25949	  0.43777	  7.82467	  8.02434
 78221	 -5.21131	  0.49184	  7.78703	  7.9867
 78222	 -5.42753	  1.33282	  8.04455	  8.24421
 78223	 -5.42799	  1.33294	  8.04546	  8.24512
 78224	 -5.42295	  1.29212	  8.03187	  8.23153
 78225	 -5.42295	  1.29212	  8.03187	  8.23153
 78226	 -5.42799	  1.33294	  8.04546	  8.24512
 78227	 -5.44478	  1.2788	  8.07217	  8.27182
 78228	 -5.44478	  1.2788	  8.07217	  8.27182
 78229	 -5.42799	  1.33294	  8.04546	  8.24512
 78230	 -5.45275	  1.3399	  8.09788	  8.29754
 78231	 -5.44478	  1.2788	  8.07217	  8.27182
 78232	 -5.45275	  1.3399	  8.09788	  8.29754
 78233	 -5.45279	  1.3399	  8.098	  8.29766
 78234	 -5.45279	  1.3399	  8.098	  8.29766
 78235	 -5.44478	  1.27868	  8.07218	  8.27183
 78236	 -5.44478	  1.2788	  8.07217	  8.27182
 78237	 -5.44478	  1.2788	  8.07217	  8.27182
 78238	 -5.44478	  1.27868	  8.07218	  8.27183
 78239	 -5.42837	  1.13337	  8.02497	  8.22464
 78240	 -5.42837	  1.13337	  8.02497	  8.22464
 78241	 -5.44478	  1.27868	  8.07218	  8.27183
 78242	 -5.42836	  1.13321	  8.02498	  8.22465
 78243	 -5.42837	  1.13337	  8.02497	  8.22464
 78244	 -5.42836	  1.13321	  8.02498	  8.22465
 78245	 -5.4196	  1.04499	  8.00261	  8.20228
 78246	 -5.42837	  1.13337	  8.02497	  8.22464
 78247	 -5.4196	  1.04499	  8.00261	  8.20228
 78248	 -5.40792	  1.16837	  7.99531	  8.19497
 78249	 -5.40792	  1.16837	  7.99531	  8.19497
 78250	 -5.4196	  1.04499	  8.00261	  8.20228
 78251	 -5.39805	  1.08687	  7.97408	  8.17374
 78252	 -5.39805	  1.08687	  7.97408	  8.17374
 78253	 -5.40426	  1.14128	  7.98743	  8.18709
 78254	 -5.40792	  1.16837	  7.99531	  8.19497
 78255	 -5.40792	  1.16837	  7.99531	  8.19497
 78256	 -5.40426	  1.14128	  7.98743	  8.18709
 78257	 -5.42295	  1.29212	  8.03187	  8.23153
 78258	 -5.42295	  1.29212	  8.03187	  8.23153
 78259	 -5.40426	  1.14128	  7.98743	  8.18709
 78260	 -5.42453	  1.30853	  8.03639	  8.23605
 78261	 -5.42295	  1.29212	  8.03187	  8.23153
 78262	 -5.42453	  1.30853	  8.03639	  8.23605
 78263	 -5.42753	  1.33282	  8.04455	  8.24421
 78264	 -5.40792	  1.16837	  7.99531	  8.19497
 78265	 -5.42295	  1.29212	  8.03187	  8.23153
 78266	 -5.42837	  1.13337	  8.02497	  8.22464
 78267	 -5.42837	  1.13337	  8.02497	  8.22464
 78268	 -5.42295	  1.29212	  8.03187	  8.23153
 78269	 -5.44478	  1.2788	  8.07217	  8.27182
 78270	 -5.38673	  0.98297	  7.95179	  8.15146
 78271	 -5.39805	  1.08687	  7.97408	  8.17374
 78272	 -5.40953	  0.93556	  7.97925	  8.17892
 78273	 -5.40953	  0.93556	  7.97925	  8.17892
 78274	 -5.39805	  1.08687	  7.97408	  8.17374
 78275	 -5.4196	  1.04499	  8.00261	  8.20228
 78276	 -5.4196	  1.04499	  8.00261	  8.20228
 78277	 -5.40953	  0.93556	  7.97925	  8.17892
 78278	 -5.40953	  0.93556	  7.97925	  8.17892
 78279	 -5.40953	  0.93556	  7.97925	  8.17892
 78280	 -5.40953	  0.93556	  7.97925	  8.17892
 78281	 -5.39344	  0.75687	  7.94883	  8.1485
 78282	 -5.39344	  0.75687	  7.94883	  8.1485
 78283	 -5.40953	  0.93556	  7.97925	  8.17892
 78284	 -5.39344	  0.75687	  7.94883	  8.1485
 78285	 -5.39344	  0.75687	  7.94883	  8.1485
 78286	 -5.39344	  0.75687	  7.94883	  8.1485
 78287	 -5.38212	  0.63804	  7.93334	  8.133
 78288	 -5.39344	  0.75687	  7.94883	  8.1485
 78289	 -5.38212	  0.63804	  7.93334	  8.133
 78290	 -5.36853	  0.80891	  7.92166	  8.12132
 78291	 -5.36853	  0.80891	  7.92166	  8.12132
 78292	 -5.38212	  0.63804	  7.93334	  8.133
 78293	 -5.35615	  0.68922	  7.90535	  8.10502
 78294	 -5.35615	  0.68922	  7.90535	  8.10502
 78295	 -5.36828	  0.80647	  7.92129	  8.12096
 78296	 -5.36853	  0.80891	  7.92166	  8.12132
 78297	 -5.36853	  0.80891	  7.92166	  8.12132
 78298	 -5.36828	  0.80647	  7.92129	  8.12096
 78299	 -5.38673	  0.98297	  7.95179	  8.15146
 78300	 -5.38673	  0.98297	  7.95179	  8.15146
 78301	 -5.36828	  0.80647	  7.92129	  8.12096
 78302	 -5.38697	  0.98522	  7.95224	  8.1519
 78303	 -5.38673	  0.98297	  7.95179	  8.15146
 78304	 -5.38697	  0.98522	  7.95224	  8.1519
 78305	 -5.39805	  1.08687	  7.97408	  8.17374
 78306	 -5.36853	  0.80891	  7.92166	  8.12132
 78307	 -5.38673	  0.98297	  7.95179	  8.15146
 78308	 -5.39344	  0.75687	  7.94883	  8.1485
 78309	 -5.39344	  0.75687	  7.94883	  8.1485
 78310	 -5.38673	  0.98297	  7.95179	  8.15146
 78311	 -5.40953	  0.93556	  7.97925	  8.17892
 78312	 -5.34098	  0.54615	  7.89058	  8.09025
 78313	 -5.35615	  0.68922	  7.90535	  8.10502
 78314	 -5.36753	  0.50035	  7.92051	  8.12018
 78315	 -5.36753	  0.50035	  7.92051	  8.12018
 78316	 -5.35615	  0.68922	  7.90535	  8.10502
 78317	 -5.38212	  0.63804	  7.93334	  8.133
 78318	 -5.38212	  0.63804	  7.93334	  8.133
 78319	 -5.36849	  0.50893	  7.92115	  8.12081
 78320	 -5.36753	  0.50035	  7.92051	  8.12018
 78321	 -5.36753	  0.50035	  7.92051	  8.12018
 78322	 -5.36849	  0.50893	  7.92115	  8.12081
 78323	 -5.34901	  0.34416	  7.91195	  8.11162
 78324	 -5.34901	  0.34416	  7.91195	  8.11162
 78325	 -5.36849	  0.50893	  7.92115	  8.12081
 78326	 -5.34772	  0.33381	  7.91155	  8.11121
 78327	 -5.34901	  0.34416	  7.91195	  8.11162
 78328	 -5.34772	  0.33381	  7.91155	  8.11121
 78329	 -5.3245	  0.152	  7.90614	  8.1058
 78330	 -5.34901	  0.34416	  7.91195	  8.11162
 78331	 -5.3245	  0.152	  7.90614	  8.1058
 78332	 -5.3222	  0.38354	  7.87945	  8.07912
 78333	 -5.3222	  0.38354	  7.87945	  8.07912
 78334	 -5.3245	  0.152	  7.90614	  8.1058
 78335	 -5.29727	  0.18896	  7.87114	  8.0708
 78336	 -5.29727	  0.18896	  7.87114	  8.0708
 78337	 -5.3222	  0.38354	  7.87945	  8.07912
 78338	 -5.3222	  0.38354	  7.87945	  8.07912
 78339	 -5.3222	  0.38354	  7.87945	  8.07912
 78340	 -5.3222	  0.38354	  7.87945	  8.07912
 78341	 -5.34098	  0.54615	  7.89058	  8.09025
 78342	 -5.34098	  0.54615	  7.89058	  8.09025
 78343	 -5.3222	  0.38354	  7.87945	  8.07912
 78344	 -5.34098	  0.54615	  7.89058	  8.09025
 78345	 -5.34098	  0.54615	  7.89058	  8.09025
 78346	 -5.34098	  0.54615	  7.89058	  8.09025
 78347	 -5.35615	  0.68922	  7.90535	  8.10502
 78348	 -5.3222	  0.38354	  7.87945	  8.07912
 78349	 -5.34098	  0.54615	  7.89058	  8.09025
 78350	 -5.34901	  0.34416	  7.91195	  8.11162
 78351	 -5.34901	  0.34416	  7.91195	  8.11162
 78352	 -5.34098	  0.54615	  7.89058	  8.09025
 78353	 -5.36753	  0.50035	  7.92051	  8.12018
 78354	 -5.125	  1.29229	  7.85818	  8.05785
 78355	 -5.1178	  1.19274	  7.83518	  8.03485
 78356	 -5.09885	  1.29259	  7.85025	  8.04992
 78357	 -5.09885	  1.29259	  7.85025	  8.04992
 78358	 -5.1178	  1.19274	  7.83518	  8.03485
 78359	 -5.093	  1.199	  7.8294	  8.02907
 78360	 -5.09089	  1.17164	  7.82273	  8.0224
 78361	 -5.093	  1.199	  7.8294	  8.02907
 78362	 -5.11528	  1.16447	  7.82819	  8.02786
 78363	 -5.11528	  1.16447	  7.82819	  8.02786
 78364	 -5.093	  1.199	  7.8294	  8.02907
 78365	 -5.1178	  1.19274	  7.83518	  8.03485
 78366	 -5.1178	  1.19274	  7.83518	  8.03485
 78367	 -5.11528	  1.16447	  7.82819	  8.02786
 78368	 -5.11528	  1.16447	  7.82819	  8.02786
 78369	 -5.11528	  1.16447	  7.82819	  8.02786
 78370	 -5.11528	  1.16447	  7.82819	  8.02786
 78371	 -5.09279	  1.00324	  7.78235	  7.98202
 78372	 -5.09279	  1.00324	  7.78235	  7.98202
 78373	 -5.11528	  1.16447	  7.82819	  8.02786
 78374	 -5.09279	  1.00324	  7.78235	  7.98202
 78375	 -5.09279	  1.00324	  7.78235	  7.98202
 78376	 -5.09279	  1.00324	  7.78235	  7.98202
 78377	 -5.08365	  0.96292	  7.7685	  7.96817
 78378	 -5.09279	  1.00324	  7.78235	  7.98202
 78379	 -5.08365	  0.96292	  7.7685	  7.96817
 78380	 -5.07039	  1.01462	  7.77776	  7.97743
 78381	 -5.07039	  1.01462	  7.77776	  7.97743
 78382	 -5.08365	  0.96292	  7.7685	  7.96817
 78383	 -5.06169	  0.97568	  7.76397	  7.96364
 78384	 -5.06169	  0.97568	  7.76397	  7.96364
 78385	 -5.06999	  1.01265	  7.77709	  7.97676
 78386	 -5.07039	  1.01462	  7.77776	  7.97743
 78387	 -5.07039	  1.01462	  7.77776	  7.97743
 78388	 -5.06999	  1.01265	  7.77709	  7.97676
 78389	 -5.09089	  1.17164	  7.82273	  8.0224
 78390	 -5.09089	  1.17164	  7.82273	  8.0224
 78391	 -5.06999	  1.01265	  7.77709	  7.97676
 78392	 -5.09101	  1.17312	  7.82309	  8.02277
 78393	 -5.09089	  1.17164	  7.82273	  8.0224
 78394	 -5.09101	  1.17312	  7.82309	  8.02277
 78395	 -5.093	  1.199	  7.8294	  8.02907
 78396	 -5.07039	  1.01462	  7.77776	  7.97743
 78397	 -5.09089	  1.17164	  7.82273	  8.0224
 78398	 -5.09279	  1.00324	  7.78235	  7.98202
 78399	 -5.09279	  1.00324	  7.78235	  7.98202
 78400	 -5.09089	  1.17164	  7.82273	  8.0224
 78401	 -5.11528	  1.16447	  7.82819	  8.02786
 78402	 -5.03635	  0.89149	  7.72935	  7.92903
 78403	 -5.06169	  0.97568	  7.76397	  7.96364
 78404	 -5.05727	  0.87465	  7.73379	  7.93346
 78405	 -5.05727	  0.87465	  7.73379	  7.93346
 78406	 -5.06169	  0.97568	  7.76397	  7.96364
 78407	 -5.08365	  0.96292	  7.7685	  7.96817
 78408	 -5.08365	  0.96292	  7.7685	  7.96817
 78409	 -5.05727	  0.87465	  7.73379	  7.93346
 78410	 -5.05727	  0.87465	  7.73379	  7.93346
 78411	 -5.05727	  0.87465	  7.73379	  7.93346
 78412	 -5.05727	  0.87465	  7.73379	  7.93346
 78413	 -5.05704	  0.87398	  7.7335	  7.93317
 78414	 -5.05704	  0.87398	  7.7335	  7.93317
 78415	 -5.05727	  0.87465	  7.73379	  7.93346
 78416	 -5.05704	  0.87398	  7.7335	  7.93317
 78417	 -5.05704	  0.87398	  7.7335	  7.93317
 78418	 -5.05704	  0.87398	  7.7335	  7.93317
 78419	 -5.02308	  0.78776	  7.69338	  7.89305
 78420	 -5.02308	  0.78776	  7.69338	  7.89305
 78421	 -5.05704	  0.87398	  7.7335	  7.93317
 78422	 -5.02308	  0.78776	  7.69338	  7.89305
 78423	 -5.02308	  0.78776	  7.69338	  7.89305
 78424	 -5.02308	  0.78776	  7.69338	  7.89305
 78425	 -5.02279	  0.78713	  7.69305	  7.89273
 78426	 -5.02308	  0.78776	  7.69338	  7.89305
 78427	 -5.02279	  0.78713	  7.69305	  7.89273
 78428	 -5.02279	  0.78713	  7.69305	  7.89273
 78429	 -5.02279	  0.78713	  7.69305	  7.89273
 78430	 -5.02279	  0.78713	  7.69305	  7.89273
 78431	 -4.98352	  0.70755	  7.64917	  7.84885
 78432	 -5.02279	  0.78713	  7.69305	  7.89273
 78433	 -4.98352	  0.70755	  7.64917	  7.84885
 78434	 -5.00374	  0.80979	  7.68928	  7.88895
 78435	 -5.00374	  0.80979	  7.68928	  7.88895
 78436	 -4.98352	  0.70755	  7.64917	  7.84885
 78437	 -4.96801	  0.73776	  7.64736	  7.84704
 78438	 -4.96801	  0.73776	  7.64736	  7.84704
 78439	 -5.00239	  0.80678	  7.68767	  7.88734
 78440	 -5.00374	  0.80979	  7.68928	  7.88895
 78441	 -5.00374	  0.80979	  7.68928	  7.88895
 78442	 -5.00239	  0.80678	  7.68767	  7.88734
 78443	 -5.00401	  0.81038	  7.68959	  7.88927
 78444	 -5.00401	  0.81038	  7.68959	  7.88927
 78445	 -5.00239	  0.80678	  7.68767	  7.88734
 78446	 -5.03613	  0.89086	  7.72907	  7.92874
 78447	 -5.03613	  0.89086	  7.72907	  7.92874
 78448	 -5.00239	  0.80678	  7.68767	  7.88734
 78449	 -5.03749	  0.89475	  7.73081	  7.93049
 78450	 -5.03613	  0.89086	  7.72907	  7.92874
 78451	 -5.03749	  0.89475	  7.73081	  7.93049
 78452	 -5.03635	  0.89149	  7.72935	  7.92903
 78453	 -5.03635	  0.89149	  7.72935	  7.92903
 78454	 -5.03749	  0.89475	  7.73081	  7.93049
 78455	 -5.06169	  0.97568	  7.76397	  7.96364
 78456	 -5.03635	  0.89149	  7.72935	  7.92903
 78457	 -5.05727	  0.87465	  7.73379	  7.93346
 78458	 -5.05704	  0.87398	  7.7335	  7.93317
 78459	 -5.03635	  0.89149	  7.72935	  7.92903
 78460	 -5.05704	  0.87398	  7.7335	  7.93317
 78461	 -5.03613	  0.89086	  7.72907	  7.92874
 78462	 -5.03613	  0.89086	  7.72907	  7.92874
 78463	 -5.05704	  0.87398	  7.7335	  7.93317
 78464	 -5.02308	  0.78776	  7.69338	  7.89305
 78465	 -5.03613	  0.89086	  7.72907	  7.92874
 78466	 -5.02308	  0.78776	  7.69338	  7.89305
 78467	 -5.00401	  0.81038	  7.68959	  7.88927
 78468	 -5.00401	  0.81038	  7.68959	  7.88927
 78469	 -5.02308	  0.78776	  7.69338	  7.89305
 78470	 -5.02279	  0.78713	  7.69305	  7.89273
 78471	 -5.00401	  0.81038	  7.68959	  7.88927
 78472	 -5.02279	  0.78713	  7.69305	  7.89273
 78473	 -5.00374	  0.80979	  7.68928	  7.88895
 78474	 -5.09885	  1.29259	  7.85025	  8.04992
 78475	 -5.093	  1.199	  7.8294	  8.02907
 78476	 -5.06024	  1.29548	  7.85387	  8.05354
 78477	 -5.06024	  1.29548	  7.85387	  8.05354
 78478	 -5.093	  1.199	  7.8294	  8.02907
 78479	 -5.0548	  1.20111	  7.83104	  8.03071
 78480	 -5.05282	  1.17274	  7.82365	  8.02332
 78481	 -5.0548	  1.20111	  7.83104	  8.03071
 78482	 -5.09089	  1.17153	  7.8227	  8.02237
 78483	 -5.09089	  1.17153	  7.8227	  8.02237
 78484	 -5.0548	  1.20111	  7.83104	  8.03071
 78485	 -5.09301	  1.199	  7.8294	  8.02907
 78486	 -5.09301	  1.199	  7.8294	  8.02907
 78487	 -5.09101	  1.17312	  7.82309	  8.02277
 78488	 -5.09089	  1.17153	  7.8227	  8.02237
 78489	 -5.09089	  1.17153	  7.8227	  8.02237
 78490	 -5.09101	  1.17312	  7.82309	  8.02277
 78491	 -5.07042	  1.01476	  7.7778	  7.97748
 78492	 -5.07042	  1.01476	  7.7778	  7.97748
 78493	 -5.09101	  1.17312	  7.82309	  8.02277
 78494	 -5.06999	  1.01265	  7.77709	  7.97676
 78495	 -5.07042	  1.01476	  7.7778	  7.97748
 78496	 -5.06999	  1.01265	  7.77709	  7.97676
 78497	 -5.06169	  0.97568	  7.76397	  7.96364
 78498	 -5.07042	  1.01476	  7.7778	  7.97748
 78499	 -5.06169	  0.97568	  7.76397	  7.96364
 78500	 -5.0342	  1.0145	  7.77608	  7.97575
 78501	 -5.0342	  1.0145	  7.77608	  7.97575
 78502	 -5.06169	  0.97568	  7.76397	  7.96364
 78503	 -5.02641	  0.9768	  7.76214	  7.96181
 78504	 -5.02641	  0.9768	  7.76214	  7.96181
 78505	 -5.0342	  1.0145	  7.77608	  7.97575
 78506	 -5.0342	  1.0145	  7.77608	  7.97575
 78507	 -5.0342	  1.0145	  7.77608	  7.97575
 78508	 -5.0342	  1.0145	  7.77608	  7.97575
 78509	 -5.05282	  1.17274	  7.82365	  8.02332
 78510	 -5.05282	  1.17274	  7.82365	  8.02332
 78511	 -5.0342	  1.0145	  7.77608	  7.97575
 78512	 -5.05282	  1.17274	  7.82365	  8.02332
 78513	 -5.05282	  1.17274	  7.82365	  8.02332
 78514	 -5.05282	  1.17274	  7.82365	  8.02332
 78515	 -5.0548	  1.20111	  7.83104	  8.03071
 78516	 -5.0342	  1.0145	  7.77608	  7.97575
 78517	 -5.05282	  1.17274	  7.82365	  8.02332
 78518	 -5.07042	  1.01476	  7.7778	  7.97748
 78519	 -5.07042	  1.01476	  7.7778	  7.97748
 78520	 -5.05282	  1.17274	  7.82365	  8.02332
 78521	 -5.09089	  1.17153	  7.8227	  8.02237
 78522	 -5.00488	  0.90167	  7.72985	  7.92953
 78523	 -5.02641	  0.9768	  7.76214	  7.96181
 78524	 -5.03749	  0.89475	  7.73081	  7.93049
 78525	 -5.03749	  0.89475	  7.73081	  7.93049
 78526	 -5.02641	  0.9768	  7.76214	  7.96181
 78527	 -5.06169	  0.97568	  7.76397	  7.96364
 78528	 -5.06169	  0.97568	  7.76397	  7.96364
 78529	 -5.03749	  0.89475	  7.73081	  7.93049
 78530	 -5.03749	  0.89475	  7.73081	  7.93049
 78531	 -5.03749	  0.89475	  7.73081	  7.93049
 78532	 -5.03749	  0.89475	  7.73081	  7.93049
 78533	 -5.00239	  0.80678	  7.68767	  7.88734
 78534	 -5.00239	  0.80678	  7.68767	  7.88734
 78535	 -5.03749	  0.89475	  7.73081	  7.93049
 78536	 -5.00239	  0.80678	  7.68767	  7.88734
 78537	 -5.00239	  0.80678	  7.68767	  7.88734
 78538	 -5.00239	  0.80678	  7.68767	  7.88734
 78539	 -4.96801	  0.73776	  7.64736	  7.84704
 78540	 -5.00239	  0.80678	  7.68767	  7.88734
 78541	 -4.96801	  0.73776	  7.64736	  7.84704
 78542	 -4.97354	  0.82326	  7.68992	  7.88959
 78543	 -4.97354	  0.82326	  7.68992	  7.88959
 78544	 -4.96801	  0.73776	  7.64736	  7.84704
 78545	 -4.94243	  0.76304	  7.65484	  7.85452
 78546	 -4.94243	  0.76304	  7.65484	  7.85452
 78547	 -4.96954	  0.81473	  7.68519	  7.88486
 78548	 -4.97354	  0.82326	  7.68992	  7.88959
 78549	 -4.97354	  0.82326	  7.68992	  7.88959
 78550	 -4.96954	  0.81473	  7.68519	  7.88486
 78551	 -5.00488	  0.90167	  7.72985	  7.92953
 78552	 -5.00488	  0.90167	  7.72985	  7.92953
 78553	 -4.96954	  0.81473	  7.68519	  7.88486
 78554	 -5.00812	  0.91138	  7.73436	  7.93404
 78555	 -5.00488	  0.90167	  7.72985	  7.92953
 78556	 -5.00812	  0.91138	  7.73436	  7.93404
 78557	 -5.02641	  0.9768	  7.76214	  7.96181
 78558	 -4.97354	  0.82326	  7.68992	  7.88959
 78559	 -5.00488	  0.90167	  7.72985	  7.92953
 78560	 -5.00239	  0.80678	  7.68767	  7.88734
 78561	 -5.00239	  0.80678	  7.68767	  7.88734
 78562	 -5.00488	  0.90167	  7.72985	  7.92953
 78563	 -5.03749	  0.89475	  7.73081	  7.93049
 78564	 -5.40265	  1.30838	  8.01419	  8.21385
 78565	 -5.40489	  1.32837	  8.02047	  8.22013
 78566	 -5.42453	  1.30853	  8.03639	  8.23605
 78567	 -5.42453	  1.30853	  8.03639	  8.23605
 78568	 -5.40489	  1.32837	  8.02047	  8.22013
 78569	 -5.42753	  1.33282	  8.04455	  8.24421
 78570	 -5.42753	  1.33282	  8.04455	  8.24421
 78571	 -5.42453	  1.30853	  8.03639	  8.23605
 78572	 -5.42453	  1.30853	  8.03639	  8.23605
 78573	 -5.42453	  1.30853	  8.03639	  8.23605
 78574	 -5.42453	  1.30853	  8.03639	  8.23605
 78575	 -5.40426	  1.14128	  7.98743	  8.18709
 78576	 -5.40426	  1.14128	  7.98743	  8.18709
 78577	 -5.42453	  1.30853	  8.03639	  8.23605
 78578	 -5.40426	  1.14128	  7.98743	  8.18709
 78579	 -5.40426	  1.14128	  7.98743	  8.18709
 78580	 -5.40426	  1.14128	  7.98743	  8.18709
 78581	 -5.39805	  1.08687	  7.97408	  8.17374
 78582	 -5.40426	  1.14128	  7.98743	  8.18709
 78583	 -5.39805	  1.08687	  7.97408	  8.17374
 78584	 -5.385	  1.15707	  7.97143	  8.1711
 78585	 -5.385	  1.15707	  7.97143	  8.1711
 78586	 -5.39805	  1.08687	  7.97408	  8.17374
 78587	 -5.37897	  1.10604	  7.95884	  8.1585
 78588	 -5.37897	  1.10604	  7.95884	  8.1585
 78589	 -5.38372	  1.14627	  7.96869	  8.16836
 78590	 -5.385	  1.15707	  7.97143	  8.1711
 78591	 -5.385	  1.15707	  7.97143	  8.1711
 78592	 -5.38372	  1.14627	  7.96869	  8.16836
 78593	 -5.40265	  1.30838	  8.01419	  8.21385
 78594	 -5.40265	  1.30838	  8.01419	  8.21385
 78595	 -5.38372	  1.14627	  7.96869	  8.16836
 78596	 -5.40322	  1.31341	  8.01575	  8.21541
 78597	 -5.40265	  1.30838	  8.01419	  8.21385
 78598	 -5.40322	  1.31341	  8.01575	  8.21541
 78599	 -5.40489	  1.32837	  8.02047	  8.22013
 78600	 -5.385	  1.15707	  7.97143	  8.1711
 78601	 -5.40265	  1.30838	  8.01419	  8.21385
 78602	 -5.40426	  1.14128	  7.98743	  8.18709
 78603	 -5.40426	  1.14128	  7.98743	  8.18709
 78604	 -5.40265	  1.30838	  8.01419	  8.21385
 78605	 -5.42453	  1.30853	  8.03639	  8.23605
 78606	 -5.36752	  1.00961	  7.93728	  8.13695
 78607	 -5.37897	  1.10604	  7.95883	  8.1585
 78608	 -5.38697	  0.98522	  7.95224	  8.1519
 78609	 -5.38697	  0.98522	  7.95224	  8.1519
 78610	 -5.37897	  1.10604	  7.95883	  8.1585
 78611	 -5.39805	  1.08687	  7.97408	  8.17374
 78612	 -5.39805	  1.08687	  7.97408	  8.17374
 78613	 -5.38697	  0.98522	  7.95224	  8.1519
 78614	 -5.38697	  0.98522	  7.95224	  8.1519
 78615	 -5.38697	  0.98522	  7.95224	  8.1519
 78616	 -5.38697	  0.98522	  7.95224	  8.1519
 78617	 -5.36828	  0.80646	  7.92129	  8.12096
 78618	 -5.36828	  0.80646	  7.92129	  8.12096
 78619	 -5.38697	  0.98522	  7.95224	  8.1519
 78620	 -5.36828	  0.80646	  7.92129	  8.12096
 78621	 -5.36828	  0.80646	  7.92129	  8.12096
 78622	 -5.36828	  0.80646	  7.92129	  8.12096
 78623	 -5.35615	  0.68921	  7.90535	  8.10502
 78624	 -5.36828	  0.80646	  7.92129	  8.12096
 78625	 -5.35615	  0.68921	  7.90535	  8.10502
 78626	 -5.34669	  0.83761	  7.90435	  8.10402
 78627	 -5.34669	  0.83761	  7.90435	  8.10402
 78628	 -5.35615	  0.68921	  7.90535	  8.10502
 78629	 -5.33244	  0.72349	  7.88578	  8.08544
 78630	 -5.33244	  0.72349	  7.88578	  8.08544
 78631	 -5.34658	  0.83673	  7.9042	  8.10386
 78632	 -5.34669	  0.83761	  7.90435	  8.10402
 78633	 -5.34669	  0.83761	  7.90435	  8.10402
 78634	 -5.34658	  0.83673	  7.9042	  8.10386
 78635	 -5.36752	  1.00961	  7.93728	  8.13695
 78636	 -5.36752	  1.00961	  7.93728	  8.13695
 78637	 -5.34658	  0.83673	  7.9042	  8.10386
 78638	 -5.36761	  1.0104	  7.93745	  8.13712
 78639	 -5.36752	  1.00961	  7.93728	  8.13695
 78640	 -5.36761	  1.0104	  7.93745	  8.13712
 78641	 -5.37897	  1.10604	  7.95883	  8.1585
 78642	 -5.34669	  0.83761	  7.90435	  8.10402
 78643	 -5.36752	  1.00961	  7.93728	  8.13695
 78644	 -5.36828	  0.80646	  7.92129	  8.12096
 78645	 -5.36828	  0.80646	  7.92129	  8.12096
 78646	 -5.36752	  1.00961	  7.93728	  8.13695
 78647	 -5.38697	  0.98522	  7.95224	  8.1519
 78648	 -5.31411	  0.58491	  7.86673	  8.06639
 78649	 -5.33244	  0.72349	  7.88578	  8.08544
 78650	 -5.34116	  0.54785	  7.89072	  8.09039
 78651	 -5.34116	  0.54785	  7.89072	  8.09039
 78652	 -5.33244	  0.72349	  7.88578	  8.08544
 78653	 -5.35615	  0.68922	  7.90535	  8.10502
 78654	 -5.35615	  0.68922	  7.90535	  8.10502
 78655	 -5.34098	  0.54615	  7.89058	  8.09025
 78656	 -5.34116	  0.54785	  7.89072	  8.09039
 78657	 -5.34116	  0.54785	  7.89072	  8.09039
 78658	 -5.34098	  0.54615	  7.89058	  8.09025
 78659	 -5.34076	  0.54415	  7.89041	  8.09008
 78660	 -5.34076	  0.54415	  7.89041	  8.09008
 78661	 -5.34098	  0.54615	  7.89058	  8.09025
 78662	 -5.32249	  0.38589	  7.87958	  8.07925
 78663	 -5.32249	  0.38589	  7.87958	  8.07925
 78664	 -5.34098	  0.54615	  7.89058	  8.09025
 78665	 -5.3222	  0.38354	  7.87945	  8.07912
 78666	 -5.32249	  0.38589	  7.87958	  8.07925
 78667	 -5.3222	  0.38354	  7.87945	  8.07912
 78668	 -5.32196	  0.38155	  7.87935	  8.07901
 78669	 -5.32196	  0.38155	  7.87935	  8.07901
 78670	 -5.3222	  0.38354	  7.87945	  8.07912
 78671	 -5.29727	  0.18896	  7.87113	  8.0708
 78672	 -5.32196	  0.38155	  7.87935	  8.07901
 78673	 -5.29727	  0.18896	  7.87113	  8.0708
 78674	 -5.28932	  0.42227	  7.84878	  8.04845
 78675	 -5.28932	  0.42227	  7.84878	  8.04845
 78676	 -5.29727	  0.18896	  7.87113	  8.0708
 78677	 -5.25603	  0.23591	  7.83203	  8.0317
 78678	 -5.25603	  0.23591	  7.83203	  8.0317
 78679	 -5.28932	  0.42227	  7.84878	  8.04845
 78680	 -5.28932	  0.42227	  7.84878	  8.04845
 78681	 -5.28932	  0.42227	  7.84878	  8.04845
 78682	 -5.28932	  0.42227	  7.84878	  8.04845
 78683	 -5.29002	  0.42649	  7.8492	  8.04887
 78684	 -5.29002	  0.42649	  7.8492	  8.04887
 78685	 -5.28932	  0.42227	  7.84878	  8.04845
 78686	 -5.29002	  0.42649	  7.8492	  8.04887
 78687	 -5.29002	  0.42649	  7.8492	  8.04887
 78688	 -5.29002	  0.42649	  7.8492	  8.04887
 78689	 -5.3136	  0.58129	  7.86628	  8.06595
 78690	 -5.3136	  0.58129	  7.86628	  8.06595
 78691	 -5.29002	  0.42649	  7.8492	  8.04887
 78692	 -5.3136	  0.58129	  7.86628	  8.06595
 78693	 -5.3136	  0.58129	  7.86628	  8.06595
 78694	 -5.3136	  0.58129	  7.86628	  8.06595
 78695	 -5.31411	  0.58491	  7.86673	  8.06639
 78696	 -5.3136	  0.58129	  7.86628	  8.06595
 78697	 -5.31411	  0.58491	  7.86673	  8.06639
 78698	 -5.31411	  0.58491	  7.86673	  8.06639
 78699	 -5.31411	  0.58491	  7.86673	  8.06639
 78700	 -5.31411	  0.58491	  7.86673	  8.06639
 78701	 -5.33244	  0.72349	  7.88578	  8.08544
 78702	 -5.31411	  0.58491	  7.86673	  8.06639
 78703	 -5.34116	  0.54785	  7.89072	  8.09039
 78704	 -5.34076	  0.54415	  7.89041	  8.09008
 78705	 -5.31411	  0.58491	  7.86673	  8.06639
 78706	 -5.34076	  0.54415	  7.89041	  8.09008
 78707	 -5.3136	  0.58129	  7.86628	  8.06595
 78708	 -5.3136	  0.58129	  7.86628	  8.06595
 78709	 -5.34076	  0.54415	  7.89041	  8.09008
 78710	 -5.32249	  0.38589	  7.87958	  8.07925
 78711	 -5.3136	  0.58129	  7.86628	  8.06595
 78712	 -5.32249	  0.38589	  7.87958	  8.07925
 78713	 -5.29002	  0.42649	  7.8492	  8.04887
 78714	 -5.29002	  0.42649	  7.8492	  8.04887
 78715	 -5.32249	  0.38589	  7.87958	  8.07925
 78716	 -5.32196	  0.38155	  7.87935	  8.07901
 78717	 -5.29002	  0.42649	  7.8492	  8.04887
 78718	 -5.32196	  0.38155	  7.87935	  8.07901
 78719	 -5.28932	  0.42227	  7.84878	  8.04845
 78720	 -5.42284	  1.38364	  8.06065	  8.26031
 78721	 -5.42931	  1.37565	  8.05785	  8.25751
 78722	 -5.3999	  1.36806	  8.03324	  8.2329
 78723	 -5.3999	  1.36806	  8.03324	  8.2329
 78724	 -5.42931	  1.37565	  8.05785	  8.25751
 78725	 -5.40559	  1.36247	  8.03064	  8.2303
 78726	 -5.42931	  1.37565	  8.05785	  8.25751
 78727	 -5.42753	  1.33282	  8.04455	  8.24421
 78728	 -5.40559	  1.36247	  8.03064	  8.2303
 78729	 -5.40559	  1.36247	  8.03064	  8.2303
 78730	 -5.42753	  1.33282	  8.04455	  8.24421
 78731	 -5.40489	  1.32837	  8.02047	  8.22013
 78732	 -5.2977	  0.19278	  7.8712	  8.07087
 78733	 -5.32502	  0.15656	  7.90627	  8.10594
 78734	 -5.27684	  0.05259	  7.86677	  8.06643
 78735	 -5.27684	  0.05259	  7.86677	  8.06643
 78736	 -5.32502	  0.15656	  7.90627	  8.10594
 78737	 -5.30505	  0.01863	  7.90385	  8.10352
 78738	 -5.2301	  0.10254	  7.8225	  8.02217
 78739	 -5.22894	  0.10379	  7.82148	  8.02115
 78740	 -5.25756	  0.23829	  7.83306	  8.03273
 78741	 -5.25756	  0.23829	  7.83306	  8.03273
 78742	 -5.22894	  0.10379	  7.82148	  8.02115
 78743	 -5.25657	  0.23937	  7.8322	  8.03187
 78744	 -5.25756	  0.23829	  7.83306	  8.03273
 78745	 -5.25657	  0.23937	  7.8322	  8.03187
 78746	 -5.29756	  0.19297	  7.87102	  8.07069
 78747	 -5.29756	  0.19297	  7.87102	  8.07069
 78748	 -5.25657	  0.23937	  7.8322	  8.03187
 78749	 -5.2977	  0.19278	  7.8712	  8.07087
 78750	 -5.29756	  0.19297	  7.87102	  8.07069
 78751	 -5.2977	  0.19278	  7.8712	  8.07087
 78752	 -5.27669	  0.05277	  7.86657	  8.06624
 78753	 -5.27669	  0.05277	  7.86657	  8.06624
 78754	 -5.2977	  0.19278	  7.8712	  8.07087
 78755	 -5.27684	  0.05259	  7.86677	  8.06643
 78756	 -5.27684	  0.05259	  7.86677	  8.06643
 78757	 -5.27669	  0.05277	  7.86657	  8.06624
 78758	 -5.27669	  0.05277	  7.86657	  8.06624
 78759	 -5.27669	  0.05277	  7.86657	  8.06624
 78760	 -5.27669	  0.05277	  7.86657	  8.06624
 78761	 -5.2301	  0.10254	  7.8225	  8.02217
 78762	 -5.2301	  0.10254	  7.8225	  8.02217
 78763	 -5.27669	  0.05277	  7.86657	  8.06624
 78764	 -5.2301	  0.10254	  7.8225	  8.02217
 78765	 -5.2301	  0.10254	  7.8225	  8.02217
 78766	 -5.2301	  0.10254	  7.8225	  8.02217
 78767	 -5.22894	  0.10379	  7.82148	  8.02115
 78768	 -5.27669	  0.05277	  7.86657	  8.06624
 78769	 -5.2301	  0.10254	  7.8225	  8.02217
 78770	 -5.29756	  0.19297	  7.87102	  8.07069
 78771	 -5.29756	  0.19297	  7.87102	  8.07069
 78772	 -5.2301	  0.10254	  7.8225	  8.02217
 78773	 -5.25756	  0.23829	  7.83306	  8.03273
 78774	 -5.30505	  0.01863	  7.90385	  8.10352
 78775	 -5.29219	 -0.03798	  7.90348	  8.10315
 78776	 -5.27684	  0.05259	  7.86677	  8.06643
 78777	 -5.27684	  0.05259	  7.86677	  8.06643
 78778	 -5.29219	 -0.03798	  7.90348	  8.10315
 78779	 -5.26352	 -0.00511	  7.86589	  8.06556
 78780	 -5.22894	  0.10379	  7.82148	  8.02115
 78781	 -5.2301	  0.10254	  7.8225	  8.02217
 78782	 -5.23126	  0.1013	  7.82351	  8.02318
 78783	 -5.23126	  0.1013	  7.82351	  8.02318
 78784	 -5.2301	  0.10254	  7.8225	  8.02217
 78785	 -5.27654	  0.05295	  7.86638	  8.06604
 78786	 -5.27654	  0.05295	  7.86638	  8.06604
 78787	 -5.2301	  0.10254	  7.8225	  8.02217
 78788	 -5.27669	  0.05277	  7.86657	  8.06624
 78789	 -5.27654	  0.05295	  7.86638	  8.06604
 78790	 -5.27669	  0.05277	  7.86657	  8.06624
 78791	 -5.27684	  0.05259	  7.86677	  8.06643
 78792	 -5.27654	  0.05295	  7.86638	  8.06604
 78793	 -5.27684	  0.05259	  7.86677	  8.06643
 78794	 -5.26322	 -0.00477	  7.86549	  8.06516
 78795	 -5.26322	 -0.00477	  7.86549	  8.06516
 78796	 -5.27684	  0.05259	  7.86677	  8.06643
 78797	 -5.26352	 -0.00511	  7.86589	  8.06556
 78798	 -5.26352	 -0.00511	  7.86589	  8.06556
 78799	 -5.26322	 -0.00477	  7.86549	  8.06516
 78800	 -5.26322	 -0.00477	  7.86549	  8.06516
 78801	 -5.26322	 -0.00477	  7.86549	  8.06516
 78802	 -5.26322	 -0.00477	  7.86549	  8.06516
 78803	 -5.21517	  0.04559	  7.82011	  8.01978
 78804	 -5.21517	  0.04559	  7.82011	  8.01978
 78805	 -5.26322	 -0.00477	  7.86549	  8.06516
 78806	 -5.21517	  0.04559	  7.82011	  8.01978
 78807	 -5.21517	  0.04559	  7.82011	  8.01978
 78808	 -5.21517	  0.04559	  7.82011	  8.01978
 78809	 -5.21269	  0.04824	  7.81793	  8.0176
 78810	 -5.21517	  0.04559	  7.82011	  8.01978
 78811	 -5.21269	  0.04824	  7.81793	  8.0176
 78812	 -5.23126	  0.1013	  7.82351	  8.02318
 78813	 -5.23126	  0.1013	  7.82351	  8.02318
 78814	 -5.21269	  0.04824	  7.81793	  8.0176
 78815	 -5.22894	  0.10379	  7.82148	  8.02115
 78816	 -5.21517	  0.04559	  7.82011	  8.01978
 78817	 -5.23126	  0.1013	  7.82351	  8.02318
 78818	 -5.26322	 -0.00477	  7.86549	  8.06516
 78819	 -5.26322	 -0.00477	  7.86549	  8.06516
 78820	 -5.23126	  0.1013	  7.82351	  8.02318
 78821	 -5.27654	  0.05295	  7.86638	  8.06604
 78822	 -5.21269	  0.04824	  7.81793	  8.0176
 78823	 -5.21517	  0.04559	  7.82011	  8.01978
 78824	 -5.21518	  0.04558	  7.82011	  8.01978
 78825	 -5.21518	  0.04558	  7.82011	  8.01978
 78826	 -5.21517	  0.04559	  7.82011	  8.01978
 78827	 -5.26322	 -0.00477	  7.86549	  8.06516
 78828	 -5.26322	 -0.00477	  7.86549	  8.06516
 78829	 -5.21517	  0.04559	  7.82011	  8.01978
 78830	 -5.26322	 -0.00477	  7.86549	  8.06516
 78831	 -5.26322	 -0.00477	  7.86549	  8.06516
 78832	 -5.26322	 -0.00477	  7.86549	  8.06516
 78833	 -5.26352	 -0.00511	  7.86589	  8.06556
 78834	 -5.26322	 -0.00477	  7.86549	  8.06516
 78835	 -5.26352	 -0.00511	  7.86589	  8.06556
 78836	 -5.25472	 -0.01127	  7.86672	  8.06638
 78837	 -5.25472	 -0.01127	  7.86672	  8.06638
 78838	 -5.26352	 -0.00511	  7.86589	  8.06556
 78839	 -5.25502	 -0.01162	  7.86712	  8.06679
 78840	 -5.25502	 -0.01162	  7.86712	  8.06679
 78841	 -5.25472	 -0.01127	  7.86672	  8.06638
 78842	 -5.25472	 -0.01127	  7.86672	  8.06638
 78843	 -5.25472	 -0.01127	  7.86672	  8.06638
 78844	 -5.25472	 -0.01127	  7.86672	  8.06638
 78845	 -5.20677	  0.03906	  7.82129	  8.02096
 78846	 -5.20677	  0.03906	  7.82129	  8.02096
 78847	 -5.25472	 -0.01127	  7.86672	  8.06638
 78848	 -5.20677	  0.03906	  7.82129	  8.02096
 78849	 -5.20677	  0.03906	  7.82129	  8.02096
 78850	 -5.20677	  0.03906	  7.82129	  8.02096
 78851	 -5.20428	  0.04172	  7.8191	  8.01877
 78852	 -5.20677	  0.03906	  7.82129	  8.02096
 78853	 -5.20428	  0.04172	  7.8191	  8.01877
 78854	 -5.21518	  0.04558	  7.82011	  8.01978
 78855	 -5.21518	  0.04558	  7.82011	  8.01978
 78856	 -5.20428	  0.04172	  7.8191	  8.01877
 78857	 -5.21269	  0.04824	  7.81793	  8.0176
 78858	 -5.20677	  0.03906	  7.82129	  8.02096
 78859	 -5.21518	  0.04558	  7.82011	  8.01978
 78860	 -5.25472	 -0.01127	  7.86672	  8.06638
 78861	 -5.25472	 -0.01127	  7.86672	  8.06638
 78862	 -5.21518	  0.04558	  7.82011	  8.01978
 78863	 -5.26322	 -0.00477	  7.86549	  8.06516
 78864	 -5.29219	 -0.03798	  7.90348	  8.10315
 78865	 -5.28384	 -0.04303	  7.90204	  8.1017
 78866	 -5.26352	 -0.00511	  7.86589	  8.06556
 78867	 -5.26352	 -0.00511	  7.86589	  8.06556
 78868	 -5.28384	 -0.04303	  7.90204	  8.1017
 78869	 -5.25502	 -0.01162	  7.86712	  8.06679
 78870	 -2.212	  0.17795	  7.78394	  7.98361
 78871	 -2.12436	  0.19149	  7.78773	  7.98741
 78872	 -2.22028	  0.28605	  7.76304	  7.96272
 78873	 -2.22028	  0.28605	  7.76304	  7.96272
 78874	 -2.12436	  0.19149	  7.78773	  7.98741
 78875	 -2.15253	  0.28326	  7.76938	  7.96905
 78876	 -2.15253	  0.28326	  7.76938	  7.96905
 78877	 -2.2307	  0.28651	  7.76216	  7.96183
 78878	 -2.22028	  0.28605	  7.76304	  7.96272
 78879	 -2.22028	  0.28605	  7.76304	  7.96272
 78880	 -2.2307	  0.28651	  7.76216	  7.96183
 78881	 -2.26102	  0.28788	  7.75965	  7.95932
 78882	 -2.26102	  0.28788	  7.75965	  7.95932
 78883	 -2.2307	  0.28651	  7.76216	  7.96183
 78884	 -2.25524	  0.28762	  7.76012	  7.9598
 78885	 -2.26102	  0.28788	  7.75965	  7.95932
 78886	 -2.25524	  0.28762	  7.76012	  7.9598
 78887	 -2.36793	  0.29288	  7.75128	  7.95095
 78888	 -2.36793	  0.29288	  7.75128	  7.95095
 78889	 -2.25524	  0.28762	  7.76012	  7.9598
 78890	 -2.37472	  0.29321	  7.75076	  7.95043
 78891	 -2.36793	  0.29288	  7.75128	  7.95095
 78892	 -2.37472	  0.29321	  7.75076	  7.95043
 78893	 -2.40505	  0.29466	  7.74848	  7.94815
 78894	 -2.36793	  0.29288	  7.75128	  7.95095
 78895	 -2.40505	  0.29466	  7.74848	  7.94815
 78896	 -2.4188	  0.29532	  7.74745	  7.94712
 78897	 -2.4188	  0.29532	  7.74745	  7.94712
 78898	 -2.40505	  0.29466	  7.74848	  7.94815
 78899	 -2.53231	  0.30085	  7.73915	  7.93883
 78900	 -2.4188	  0.29532	  7.74745	  7.94712
 78901	 -2.53231	  0.30085	  7.73915	  7.93883
 78902	 -2.43507	  0.17077	  7.76782	  7.9675
 78903	 -2.43507	  0.17077	  7.76782	  7.9675
 78904	 -2.53231	  0.30085	  7.73915	  7.93883
 78905	 -2.55423	  0.17275	  7.75835	  7.95802
 78906	 -2.55423	  0.17275	  7.75835	  7.95802
 78907	 -2.43507	  0.17077	  7.76782	  7.9675
 78908	 -2.43507	  0.17077	  7.76782	  7.9675
 78909	 -2.43507	  0.17077	  7.76782	  7.9675
 78910	 -2.43507	  0.17077	  7.76782	  7.9675
 78911	 -2.38002	  0.17085	  7.77213	  7.9718
 78912	 -2.38002	  0.17085	  7.77213	  7.9718
 78913	 -2.43507	  0.17077	  7.76782	  7.9675
 78914	 -2.38002	  0.17085	  7.77213	  7.9718
 78915	 -2.38002	  0.17085	  7.77213	  7.9718
 78916	 -2.38002	  0.17085	  7.77213	  7.9718
 78917	 -2.26007	  0.17443	  7.7809	  7.98057
 78918	 -2.26007	  0.17443	  7.7809	  7.98057
 78919	 -2.38002	  0.17085	  7.77213	  7.9718
 78920	 -2.26007	  0.17443	  7.7809	  7.98057
 78921	 -2.26007	  0.17443	  7.7809	  7.98057
 78922	 -2.26007	  0.17443	  7.7809	  7.98057
 78923	 -2.212	  0.17795	  7.78394	  7.98361
 78924	 -2.26007	  0.17443	  7.7809	  7.98057
 78925	 -2.212	  0.17795	  7.78394	  7.98361
 78926	 -2.212	  0.17795	  7.78394	  7.98361
 78927	 -2.212	  0.17795	  7.78394	  7.98361
 78928	 -2.212	  0.17795	  7.78394	  7.98361
 78929	 -2.12436	  0.19149	  7.78773	  7.98741
 78930	 -2.212	  0.17795	  7.78394	  7.98361
 78931	 -2.22028	  0.28605	  7.76304	  7.96272
 78932	 -2.26102	  0.28788	  7.75965	  7.95932
 78933	 -2.212	  0.17795	  7.78394	  7.98361
 78934	 -2.26102	  0.28788	  7.75965	  7.95932
 78935	 -2.26007	  0.17443	  7.7809	  7.98057
 78936	 -2.26007	  0.17443	  7.7809	  7.98057
 78937	 -2.26102	  0.28788	  7.75965	  7.95932
 78938	 -2.36793	  0.29288	  7.75128	  7.95095
 78939	 -2.26007	  0.17443	  7.7809	  7.98057
 78940	 -2.36793	  0.29288	  7.75128	  7.95095
 78941	 -2.38002	  0.17085	  7.77213	  7.9718
 78942	 -2.38002	  0.17085	  7.77213	  7.9718
 78943	 -2.36793	  0.29288	  7.75128	  7.95095
 78944	 -2.4188	  0.29532	  7.74745	  7.94712
 78945	 -2.38002	  0.17085	  7.77213	  7.9718
 78946	 -2.4188	  0.29532	  7.74745	  7.94712
 78947	 -2.43507	  0.17077	  7.76782	  7.9675
 78948	 -2.67502	  0.17704	  7.7491	  7.94878
 78949	 -2.55423	  0.17275	  7.75835	  7.95802
 78950	 -2.65305	  0.30682	  7.73063	  7.93031
 78951	 -2.65305	  0.30682	  7.73063	  7.93031
 78952	 -2.55423	  0.17275	  7.75835	  7.95802
 78953	 -2.53231	  0.30085	  7.73915	  7.93883
 78954	 -2.53231	  0.30085	  7.73915	  7.93883
 78955	 -2.65305	  0.30682	  7.73063	  7.93031
 78956	 -2.65305	  0.30682	  7.73063	  7.93031
 78957	 -2.65305	  0.30682	  7.73063	  7.93031
 78958	 -2.65305	  0.30682	  7.73063	  7.93031
 78959	 -2.66699	  0.30751	  7.72967	  7.92934
 78960	 -2.66699	  0.30751	  7.72967	  7.92934
 78961	 -2.65305	  0.30682	  7.73063	  7.93031
 78962	 -2.66699	  0.30751	  7.72967	  7.92934
 78963	 -2.66699	  0.30751	  7.72967	  7.92934
 78964	 -2.66699	  0.30751	  7.72967	  7.92934
 78965	 -2.7719	  0.3125	  7.72245	  7.92213
 78966	 -2.7719	  0.3125	  7.72245	  7.92213
 78967	 -2.66699	  0.30751	  7.72967	  7.92934
 78968	 -2.7719	  0.3125	  7.72245	  7.92213
 78969	 -2.7719	  0.3125	  7.72245	  7.92213
 78970	 -2.7719	  0.3125	  7.72245	  7.92213
 78971	 -2.78437	  0.31306	  7.7216	  7.92127
 78972	 -2.7719	  0.3125	  7.72245	  7.92213
 78973	 -2.78437	  0.31306	  7.7216	  7.92127
 78974	 -2.78437	  0.31306	  7.7216	  7.92127
 78975	 -2.78437	  0.31306	  7.7216	  7.92127
 78976	 -2.78437	  0.31306	  7.7216	  7.92127
 78977	 -2.88156	  0.31709	  7.71485	  7.91453
 78978	 -2.78437	  0.31306	  7.7216	  7.92127
 78979	 -2.88156	  0.31709	  7.71485	  7.91453
 78980	 -2.79913	  0.18298	  7.74026	  7.93993
 78981	 -2.79913	  0.18298	  7.74026	  7.93993
 78982	 -2.88156	  0.31709	  7.71485	  7.91453
 78983	 -2.88768	  0.1866	  7.73429	  7.93397
 78984	 -2.88768	  0.1866	  7.73429	  7.93397
 78985	 -2.79599	  0.18283	  7.74047	  7.94015
 78986	 -2.79913	  0.18298	  7.74026	  7.93993
 78987	 -2.79913	  0.18298	  7.74026	  7.93993
 78988	 -2.79599	  0.18283	  7.74047	  7.94015
 78989	 -2.78763	  0.18242	  7.74105	  7.94072
 78990	 -2.78763	  0.18242	  7.74105	  7.94072
 78991	 -2.79599	  0.18283	  7.74047	  7.94015
 78992	 -2.78921	  0.1825	  7.74094	  7.94061
 78993	 -2.78763	  0.18242	  7.74105	  7.94072
 78994	 -2.78921	  0.1825	  7.74094	  7.94061
 78995	 -2.68854	  0.17764	  7.74811	  7.94778
 78996	 -2.68854	  0.17764	  7.74811	  7.94778
 78997	 -2.78921	  0.1825	  7.74094	  7.94061
 78998	 -2.68671	  0.17755	  7.74824	  7.94791
 78999	 -2.68854	  0.17764	  7.74811	  7.94778
 79000	 -2.68671	  0.17755	  7.74824	  7.94791
 79001	 -2.67877	  0.1772	  7.74883	  7.9485
 79002	 -2.68854	  0.17764	  7.74811	  7.94778
 79003	 -2.67877	  0.1772	  7.74883	  7.9485
 79004	 -2.67502	  0.17704	  7.7491	  7.94878
 79005	 -2.67502	  0.17704	  7.7491	  7.94878
 79006	 -2.67877	  0.1772	  7.74883	  7.9485
 79007	 -2.55423	  0.17275	  7.75835	  7.95802
 79008	 -2.67502	  0.17704	  7.7491	  7.94878
 79009	 -2.65305	  0.30682	  7.73063	  7.93031
 79010	 -2.66699	  0.30751	  7.72967	  7.92934
 79011	 -2.67502	  0.17704	  7.7491	  7.94878
 79012	 -2.66699	  0.30751	  7.72967	  7.92934
 79013	 -2.68854	  0.17764	  7.74811	  7.94778
 79014	 -2.68854	  0.17764	  7.74811	  7.94778
 79015	 -2.66699	  0.30751	  7.72967	  7.92934
 79016	 -2.7719	  0.3125	  7.72245	  7.92213
 79017	 -2.68854	  0.17764	  7.74811	  7.94778
 79018	 -2.7719	  0.3125	  7.72245	  7.92213
 79019	 -2.78763	  0.18242	  7.74105	  7.94072
 79020	 -2.78763	  0.18242	  7.74105	  7.94072
 79021	 -2.7719	  0.3125	  7.72245	  7.92213
 79022	 -2.78437	  0.31306	  7.7216	  7.92127
 79023	 -2.78763	  0.18242	  7.74105	  7.94072
 79024	 -2.78437	  0.31306	  7.7216	  7.92127
 79025	 -2.79913	  0.18298	  7.74026	  7.93993
 79026	 -2.97607	  0.18837	  7.72842	  7.92809
 79027	 -2.88768	  0.1866	  7.73429	  7.93397
 79028	 -2.97846	  0.32036	  7.70791	  7.90759
 79029	 -2.97846	  0.32036	  7.70791	  7.90759
 79030	 -2.88768	  0.1866	  7.73429	  7.93397
 79031	 -2.88156	  0.31709	  7.71485	  7.91453
 79032	 -2.88156	  0.31709	  7.71485	  7.91453
 79033	 -2.97846	  0.32036	  7.70791	  7.90759
 79034	 -2.97846	  0.32036	  7.70791	  7.90759
 79035	 -2.97846	  0.32036	  7.70791	  7.90759
 79036	 -2.97846	  0.32036	  7.70791	  7.90759
 79037	 -2.99126	  0.32074	  7.70699	  7.90666
 79038	 -2.99126	  0.32074	  7.70699	  7.90666
 79039	 -2.97846	  0.32036	  7.70791	  7.90759
 79040	 -2.99126	  0.32074	  7.70699	  7.90666
 79041	 -2.99126	  0.32074	  7.70699	  7.90666
 79042	 -2.99126	  0.32074	  7.70699	  7.90666
 79043	 -3.09583	  0.32363	  7.69943	  7.89911
 79044	 -3.09583	  0.32363	  7.69943	  7.89911
 79045	 -2.99126	  0.32074	  7.70699	  7.90666
 79046	 -3.09583	  0.32363	  7.69943	  7.89911
 79047	 -3.09583	  0.32363	  7.69943	  7.89911
 79048	 -3.09583	  0.32363	  7.69943	  7.89911
 79049	 -3.11015	  0.32401	  7.69841	  7.89808
 79050	 -3.09583	  0.32363	  7.69943	  7.89911
 79051	 -3.11015	  0.32401	  7.69841	  7.89808
 79052	 -3.11015	  0.32401	  7.69841	  7.89808
 79053	 -3.11015	  0.32401	  7.69841	  7.89808
 79054	 -3.11015	  0.32401	  7.69841	  7.89808
 79055	 -3.23068	  0.32711	  7.68992	  7.88959
 79056	 -3.11015	  0.32401	  7.69841	  7.89808
 79057	 -3.23068	  0.32711	  7.68992	  7.88959
 79058	 -3.10107	  0.19078	  7.72011	  7.91979
 79059	 -3.10107	  0.19078	  7.72011	  7.91979
 79060	 -3.23068	  0.32711	  7.68992	  7.88959
 79061	 -3.22258	  0.19576	  7.71199	  7.91167
 79062	 -3.22258	  0.19576	  7.71199	  7.91167
 79063	 -3.09747	  0.19068	  7.72035	  7.92003
 79064	 -3.10107	  0.19078	  7.72011	  7.91979
 79065	 -3.10107	  0.19078	  7.72011	  7.91979
 79066	 -3.09747	  0.19068	  7.72035	  7.92003
 79067	 -3.0871	  0.19041	  7.72104	  7.92072
 79068	 -3.0871	  0.19041	  7.72104	  7.92072
 79069	 -3.09747	  0.19068	  7.72035	  7.92003
 79070	 -3.08887	  0.19045	  7.72093	  7.9206
 79071	 -3.0871	  0.19041	  7.72104	  7.92072
 79072	 -3.08887	  0.19045	  7.72093	  7.9206
 79073	 -2.98791	  0.18854	  7.72763	  7.92731
 79074	 -2.98791	  0.18854	  7.72763	  7.92731
 79075	 -3.08887	  0.19045	  7.72093	  7.9206
 79076	 -2.98638	  0.18852	  7.72774	  7.92741
 79077	 -2.98791	  0.18854	  7.72763	  7.92731
 79078	 -2.98638	  0.18852	  7.72774	  7.92741
 79079	 -2.97908	  0.18841	  7.72822	  7.92789
 79080	 -2.98791	  0.18854	  7.72763	  7.92731
 79081	 -2.97908	  0.18841	  7.72822	  7.92789
 79082	 -2.97607	  0.18837	  7.72842	  7.92809
 79083	 -2.97607	  0.18837	  7.72842	  7.92809
 79084	 -2.97908	  0.18841	  7.72822	  7.92789
 79085	 -2.88768	  0.1866	  7.73429	  7.93397
 79086	 -2.97607	  0.18837	  7.72842	  7.92809
 79087	 -2.97846	  0.32036	  7.70791	  7.90759
 79088	 -2.99126	  0.32074	  7.70699	  7.90666
 79089	 -2.97607	  0.18837	  7.72842	  7.92809
 79090	 -2.99126	  0.32074	  7.70699	  7.90666
 79091	 -2.98791	  0.18854	  7.72763	  7.92731
 79092	 -2.98791	  0.18854	  7.72763	  7.92731
 79093	 -2.99126	  0.32074	  7.70699	  7.90666
 79094	 -3.09583	  0.32363	  7.69943	  7.89911
 79095	 -2.98791	  0.18854	  7.72763	  7.92731
 79096	 -3.09583	  0.32363	  7.69943	  7.89911
 79097	 -3.0871	  0.19041	  7.72104	  7.92072
 79098	 -3.0871	  0.19041	  7.72104	  7.92072
 79099	 -3.09583	  0.32363	  7.69943	  7.89911
 79100	 -3.11015	  0.32401	  7.69841	  7.89808
 79101	 -3.0871	  0.19041	  7.72104	  7.92072
 79102	 -3.11015	  0.32401	  7.69841	  7.89808
 79103	 -3.10107	  0.19078	  7.72011	  7.91979
 79104	 -3.34073	  0.20351	  7.704	  7.90368
 79105	 -3.22259	  0.19576	  7.71199	  7.91167
 79106	 -3.34229	  0.33007	  7.68233	  7.88201
 79107	 -3.34229	  0.33007	  7.68233	  7.88201
 79108	 -3.22259	  0.19576	  7.71199	  7.91167
 79109	 -3.23068	  0.32711	  7.68992	  7.88959
 79110	 -3.23068	  0.32711	  7.68992	  7.88959
 79111	 -3.35714	  0.33047	  7.68135	  7.88102
 79112	 -3.34229	  0.33007	  7.68233	  7.88201
 79113	 -3.34229	  0.33007	  7.68233	  7.88201
 79114	 -3.35714	  0.33047	  7.68135	  7.88102
 79115	 -3.39649	  0.33154	  7.67876	  7.87844
 79116	 -3.39649	  0.33154	  7.67876	  7.87844
 79117	 -3.35714	  0.33047	  7.68135	  7.88102
 79118	 -3.38916	  0.33134	  7.67924	  7.87892
 79119	 -3.39649	  0.33154	  7.67876	  7.87844
 79120	 -3.38916	  0.33134	  7.67924	  7.87892
 79121	 -3.50201	  0.33455	  7.67215	  7.87182
 79122	 -3.50201	  0.33455	  7.67215	  7.87182
 79123	 -3.38916	  0.33134	  7.67924	  7.87892
 79124	 -3.50829	  0.33473	  7.67177	  7.87145
 79125	 -3.50201	  0.33455	  7.67215	  7.87182
 79126	 -3.50829	  0.33473	  7.67177	  7.87145
 79127	 -3.53429	  0.33552	  7.67026	  7.86994
 79128	 -3.50201	  0.33455	  7.67215	  7.87182
 79129	 -3.53429	  0.33552	  7.67026	  7.86994
 79130	 -3.54556	  0.33587	  7.66963	  7.86931
 79131	 -3.54556	  0.33587	  7.66963	  7.86931
 79132	 -3.53429	  0.33552	  7.67026	  7.86994
 79133	 -3.61273	  0.33816	  7.66643	  7.86611
 79134	 -3.54556	  0.33587	  7.66963	  7.86931
 79135	 -3.61273	  0.33816	  7.66643	  7.86611
 79136	 -3.56924	  0.22968	  7.68737	  7.88705
 79137	 -3.56924	  0.22968	  7.68737	  7.88705
 79138	 -3.61273	  0.33816	  7.66643	  7.86611
 79139	 -3.65367	  0.24899	  7.67991	  7.87959
 79140	 -3.65367	  0.24899	  7.67991	  7.87959
 79141	 -3.56924	  0.22968	  7.68737	  7.88705
 79142	 -3.56924	  0.22968	  7.68737	  7.88705
 79143	 -3.56924	  0.22968	  7.68737	  7.88705
 79144	 -3.56924	  0.22968	  7.68737	  7.88705
 79145	 -3.51829	  0.22188	  7.69133	  7.89101
 79146	 -3.51829	  0.22188	  7.69133	  7.89101
 79147	 -3.56924	  0.22968	  7.68737	  7.88705
 79148	 -3.51829	  0.22188	  7.69133	  7.89101
 79149	 -3.51829	  0.22188	  7.69133	  7.89101
 79150	 -3.51829	  0.22188	  7.69133	  7.89101
 79151	 -3.39976	  0.20854	  7.69992	  7.89959
 79152	 -3.39976	  0.20854	  7.69992	  7.89959
 79153	 -3.51829	  0.22188	  7.69133	  7.89101
 79154	 -3.39976	  0.20854	  7.69992	  7.89959
 79155	 -3.39976	  0.20854	  7.69992	  7.89959
 79156	 -3.39976	  0.20854	  7.69992	  7.89959
 79157	 -3.34073	  0.20351	  7.704	  7.90368
 79158	 -3.39976	  0.20854	  7.69992	  7.89959
 79159	 -3.34073	  0.20351	  7.704	  7.90368
 79160	 -3.34073	  0.20351	  7.704	  7.90368
 79161	 -3.34073	  0.20351	  7.704	  7.90368
 79162	 -3.34073	  0.20351	  7.704	  7.90368
 79163	 -3.22259	  0.19576	  7.71199	  7.91167
 79164	 -3.34073	  0.20351	  7.704	  7.90368
 79165	 -3.34229	  0.33007	  7.68233	  7.88201
 79166	 -3.39649	  0.33154	  7.67876	  7.87844
 79167	 -3.34073	  0.20351	  7.704	  7.90368
 79168	 -3.39649	  0.33154	  7.67876	  7.87844
 79169	 -3.39976	  0.20854	  7.69992	  7.89959
 79170	 -3.39976	  0.20854	  7.69992	  7.89959
 79171	 -3.39649	  0.33154	  7.67876	  7.87844
 79172	 -3.50201	  0.33455	  7.67215	  7.87182
 79173	 -3.39976	  0.20854	  7.69992	  7.89959
 79174	 -3.50201	  0.33455	  7.67215	  7.87182
 79175	 -3.51829	  0.22188	  7.69133	  7.89101
 79176	 -3.51829	  0.22188	  7.69133	  7.89101
 79177	 -3.50201	  0.33455	  7.67215	  7.87182
 79178	 -3.54556	  0.33587	  7.66963	  7.86931
 79179	 -3.51829	  0.22188	  7.69133	  7.89101
 79180	 -3.54556	  0.33587	  7.66963	  7.86931
 79181	 -3.56924	  0.22968	  7.68737	  7.88705
 79182	 -2.09337	 -0.13765	  7.8471	  8.04677
 79183	 -2.09967	 -0.07719	  7.83584	  8.03551
 79184	 -2.18325	 -0.07655	  7.8292	  8.02887
 79185	 -2.18325	 -0.07655	  7.8292	  8.02887
 79186	 -2.09967	 -0.07719	  7.83584	  8.03551
 79187	 -2.19716	  0.12026	  7.79471	  7.99438
 79188	 -2.19716	  0.12026	  7.79471	  7.99438
 79189	 -2.09967	 -0.07719	  7.83584	  8.03551
 79190	 -2.11851	  0.12891	  7.79886	  7.99853
 79191	 -2.19716	  0.12026	  7.79471	  7.99438
 79192	 -2.11851	  0.12891	  7.79886	  7.99853
 79193	 -2.12436	  0.19149	  7.78774	  7.98741
 79194	 -2.12436	  0.19149	  7.78774	  7.98741
 79195	 -2.212	  0.17795	  7.78394	  7.98362
 79196	 -2.19716	  0.12026	  7.79471	  7.99438
 79197	 -2.19716	  0.12026	  7.79471	  7.99438
 79198	 -2.212	  0.17795	  7.78394	  7.98362
 79199	 -2.26364	  0.1173	  7.79008	  7.98975
 79200	 -2.26364	  0.1173	  7.79008	  7.98975
 79201	 -2.212	  0.17795	  7.78394	  7.98362
 79202	 -2.26007	  0.17443	  7.7809	  7.98057
 79203	 -2.26364	  0.1173	  7.79008	  7.98975
 79204	 -2.26007	  0.17443	  7.7809	  7.98057
 79205	 -2.37386	  0.11616	  7.78152	  7.98119
 79206	 -2.37386	  0.11616	  7.78152	  7.98119
 79207	 -2.26007	  0.17443	  7.7809	  7.98057
 79208	 -2.38002	  0.17085	  7.77213	  7.9718
 79209	 -2.37386	  0.11616	  7.78152	  7.98119
 79210	 -2.38002	  0.17085	  7.77213	  7.9718
 79211	 -2.43507	  0.17077	  7.76783	  7.9675
 79212	 -2.37386	  0.11616	  7.78152	  7.98119
 79213	 -2.43507	  0.17077	  7.76783	  7.9675
 79214	 -2.45029	  0.11702	  7.77528	  7.97495
 79215	 -2.45029	  0.11702	  7.77528	  7.97495
 79216	 -2.43507	  0.17077	  7.76783	  7.9675
 79217	 -2.55423	  0.17275	  7.75835	  7.95802
 79218	 -2.55423	  0.17275	  7.75835	  7.95802
 79219	 -2.55817	  0.12561	  7.76547	  7.96514
 79220	 -2.45029	  0.11702	  7.77528	  7.97495
 79221	 -2.45029	  0.11702	  7.77528	  7.97495
 79222	 -2.55817	  0.12561	  7.76547	  7.96514
 79223	 -2.45139	 -0.07635	  7.80624	  8.00591
 79224	 -2.45139	 -0.07635	  7.80624	  8.00591
 79225	 -2.55817	  0.12561	  7.76547	  7.96514
 79226	 -2.56515	 -0.08315	  7.79757	  7.99724
 79227	 -2.45139	 -0.07635	  7.80624	  8.00591
 79228	 -2.56515	 -0.08315	  7.79757	  7.99724
 79229	 -2.56672	 -0.15161	  7.80845	  8.00813
 79230	 -2.56672	 -0.15161	  7.80845	  8.00813
 79231	 -2.45146	 -0.14907	  7.81825	  8.01793
 79232	 -2.45139	 -0.07635	  7.80624	  8.00591
 79233	 -2.45139	 -0.07635	  7.80624	  8.00591
 79234	 -2.45146	 -0.14907	  7.81825	  8.01793
 79235	 -2.37069	 -0.07649	  7.81325	  8.01292
 79236	 -2.37069	 -0.07649	  7.81325	  8.01292
 79237	 -2.45146	 -0.14907	  7.81825	  8.01793
 79238	 -2.36946	 -0.14653	  7.82515	  8.02482
 79239	 -2.37069	 -0.07649	  7.81325	  8.01292
 79240	 -2.36946	 -0.14653	  7.82515	  8.02482
 79241	 -2.25387	 -0.07648	  7.82328	  8.02295
 79242	 -2.25387	 -0.07648	  7.82328	  8.02295
 79243	 -2.36946	 -0.14653	  7.82515	  8.02482
 79244	 -2.25062	 -0.14242	  7.83496	  8.03463
 79245	 -2.25387	 -0.07648	  7.82328	  8.02295
 79246	 -2.25062	 -0.14242	  7.83496	  8.03463
 79247	 -2.17868	 -0.13996	  7.84071	  8.04038
 79248	 -2.25387	 -0.07648	  7.82328	  8.02295
 79249	 -2.17868	 -0.13996	  7.84071	  8.04038
 79250	 -2.18325	 -0.07655	  7.8292	  8.02887
 79251	 -2.18325	 -0.07655	  7.8292	  8.02887
 79252	 -2.17868	 -0.13996	  7.84071	  8.04038
 79253	 -2.09337	 -0.13765	  7.8471	  8.04677
 79254	 -2.18325	 -0.07655	  7.8292	  8.02887
 79255	 -2.19716	  0.12026	  7.79471	  7.99438
 79256	 -2.26364	  0.1173	  7.79008	  7.98975
 79257	 -2.18325	 -0.07655	  7.8292	  8.02887
 79258	 -2.26364	  0.1173	  7.79008	  7.98975
 79259	 -2.25387	 -0.07648	  7.82328	  8.02295
 79260	 -2.25387	 -0.07648	  7.82328	  8.02295
 79261	 -2.26364	  0.1173	  7.79008	  7.98975
 79262	 -2.37386	  0.11616	  7.78152	  7.98119
 79263	 -2.25387	 -0.07648	  7.82328	  8.02295
 79264	 -2.37386	  0.11616	  7.78152	  7.98119
 79265	 -2.37069	 -0.07649	  7.81325	  8.01292
 79266	 -2.37069	 -0.07649	  7.81325	  8.01292
 79267	 -2.37386	  0.11616	  7.78152	  7.98119
 79268	 -2.45029	  0.11702	  7.77528	  7.97495
 79269	 -2.37069	 -0.07649	  7.81325	  8.01292
 79270	 -2.45029	  0.11702	  7.77528	  7.97495
 79271	 -2.45139	 -0.07635	  7.80624	  8.00591
 79272	 -2.56672	 -0.15161	  7.80845	  8.00813
 79273	 -2.56515	 -0.08315	  7.79757	  7.99724
 79274	 -2.69353	 -0.07997	  7.78646	  7.98613
 79275	 -2.69353	 -0.07997	  7.78646	  7.98613
 79276	 -2.56515	 -0.08315	  7.79757	  7.99724
 79277	 -2.68205	  0.12982	  7.75571	  7.95539
 79278	 -2.68205	  0.12982	  7.75571	  7.95539
 79279	 -2.56515	 -0.08315	  7.79757	  7.99724
 79280	 -2.55817	  0.12561	  7.76547	  7.96514
 79281	 -2.68205	  0.12982	  7.75571	  7.95539
 79282	 -2.55817	  0.12561	  7.76547	  7.96514
 79283	 -2.55423	  0.17275	  7.75835	  7.95802
 79284	 -2.55423	  0.17275	  7.75835	  7.95802
 79285	 -2.67877	  0.1772	  7.74883	  7.9485
 79286	 -2.68205	  0.12982	  7.75571	  7.95539
 79287	 -2.68205	  0.12982	  7.75571	  7.95539
 79288	 -2.67877	  0.1772	  7.74883	  7.9485
 79289	 -2.69271	  0.13029	  7.7549	  7.95457
 79290	 -2.69271	  0.13029	  7.7549	  7.95457
 79291	 -2.67877	  0.1772	  7.74883	  7.9485
 79292	 -2.68671	  0.17755	  7.74824	  7.94791
 79293	 -2.69271	  0.13029	  7.7549	  7.95457
 79294	 -2.68671	  0.17755	  7.74824	  7.94791
 79295	 -2.79319	  0.13504	  7.74745	  7.94713
 79296	 -2.79319	  0.13504	  7.74745	  7.94713
 79297	 -2.68671	  0.17755	  7.74824	  7.94791
 79298	 -2.78921	  0.1825	  7.74094	  7.94062
 79299	 -2.79319	  0.13504	  7.74745	  7.94713
 79300	 -2.78921	  0.1825	  7.74094	  7.94062
 79301	 -2.79599	  0.18283	  7.74047	  7.94015
 79302	 -2.79319	  0.13504	  7.74745	  7.94713
 79303	 -2.79599	  0.18283	  7.74047	  7.94015
 79304	 -2.80217	  0.13547	  7.74681	  7.94648
 79305	 -2.80217	  0.13547	  7.74681	  7.94648
 79306	 -2.79599	  0.18283	  7.74047	  7.94015
 79307	 -2.88768	  0.1866	  7.73429	  7.93397
 79308	 -2.88768	  0.1866	  7.73429	  7.93397
 79309	 -2.89129	  0.1392	  7.7406	  7.94027
 79310	 -2.80217	  0.13547	  7.74681	  7.94648
 79311	 -2.80217	  0.13547	  7.74681	  7.94648
 79312	 -2.89129	  0.1392	  7.7406	  7.94027
 79313	 -2.81545	 -0.07536	  7.77649	  7.97617
 79314	 -2.81545	 -0.07536	  7.77649	  7.97617
 79315	 -2.89129	  0.1392	  7.7406	  7.94027
 79316	 -2.90467	 -0.0716	  7.76985	  7.96952
 79317	 -2.81545	 -0.07536	  7.77649	  7.97617
 79318	 -2.90467	 -0.0716	  7.76985	  7.96952
 79319	 -2.9091	 -0.1443	  7.78042	  7.98009
 79320	 -2.9091	 -0.1443	  7.78042	  7.98009
 79321	 -2.81937	 -0.14799	  7.78718	  7.98685
 79322	 -2.81545	 -0.07536	  7.77649	  7.97617
 79323	 -2.81545	 -0.07536	  7.77649	  7.97617
 79324	 -2.81937	 -0.14799	  7.78718	  7.98685
 79325	 -2.80642	 -0.07575	  7.7772	  7.97688
 79326	 -2.80642	 -0.07575	  7.7772	  7.97688
 79327	 -2.81937	 -0.14799	  7.78718	  7.98685
 79328	 -2.81028	 -0.14835	  7.78791	  7.98758
 79329	 -2.80642	 -0.07575	  7.7772	  7.97688
 79330	 -2.81028	 -0.14835	  7.78791	  7.98758
 79331	 -2.70445	 -0.07963	  7.78554	  7.98521
 79332	 -2.70445	 -0.07963	  7.78554	  7.98521
 79333	 -2.81028	 -0.14835	  7.78791	  7.98758
 79334	 -2.70753	 -0.15137	  7.79643	  7.9961
 79335	 -2.70445	 -0.07963	  7.78554	  7.98521
 79336	 -2.70753	 -0.15137	  7.79643	  7.9961
 79337	 -2.69651	 -0.15156	  7.79737	  7.99704
 79338	 -2.70445	 -0.07963	  7.78554	  7.98521
 79339	 -2.69651	 -0.15156	  7.79737	  7.99704
 79340	 -2.69353	 -0.07997	  7.78646	  7.98613
 79341	 -2.69353	 -0.07997	  7.78646	  7.98613
 79342	 -2.69651	 -0.15156	  7.79737	  7.99704
 79343	 -2.56672	 -0.15161	  7.80845	  8.00813
 79344	 -2.69353	 -0.07997	  7.78646	  7.98613
 79345	 -2.68205	  0.12982	  7.75571	  7.95539
 79346	 -2.69271	  0.13029	  7.7549	  7.95457
 79347	 -2.69353	 -0.07997	  7.78646	  7.98613
 79348	 -2.69271	  0.13029	  7.7549	  7.95457
 79349	 -2.70445	 -0.07963	  7.78554	  7.98521
 79350	 -2.70445	 -0.07963	  7.78554	  7.98521
 79351	 -2.69271	  0.13029	  7.7549	  7.95457
 79352	 -2.79319	  0.13504	  7.74745	  7.94713
 79353	 -2.70445	 -0.07963	  7.78554	  7.98521
 79354	 -2.79319	  0.13504	  7.74745	  7.94713
 79355	 -2.80642	 -0.07575	  7.7772	  7.97688
 79356	 -2.80642	 -0.07575	  7.7772	  7.97688
 79357	 -2.79319	  0.13504	  7.74745	  7.94713
 79358	 -2.80217	  0.13547	  7.74681	  7.94648
 79359	 -2.80642	 -0.07575	  7.7772	  7.97688
 79360	 -2.80217	  0.13547	  7.74681	  7.94648
 79361	 -2.81545	 -0.07536	  7.77649	  7.97617
 79362	 -2.9091	 -0.1443	  7.78042	  7.98009
 79363	 -2.90467	 -0.0716	  7.76985	  7.96952
 79364	 -2.99392	 -0.06866	  7.76392	  7.96359
 79365	 -2.99392	 -0.06866	  7.76392	  7.96359
 79366	 -2.90467	 -0.0716	  7.76985	  7.96952
 79367	 -2.98029	  0.14149	  7.73459	  7.93427
 79368	 -2.98029	  0.14149	  7.73459	  7.93427
 79369	 -2.90467	 -0.0716	  7.76985	  7.96952
 79370	 -2.89129	  0.1392	  7.7406	  7.94027
 79371	 -2.98029	  0.14149	  7.73459	  7.93427
 79372	 -2.89129	  0.1392	  7.7406	  7.94027
 79373	 -2.88768	  0.1866	  7.73429	  7.93397
 79374	 -2.88768	  0.1866	  7.73429	  7.93397
 79375	 -2.97908	  0.18841	  7.72822	  7.92789
 79376	 -2.98029	  0.14149	  7.73459	  7.93427
 79377	 -2.98029	  0.14149	  7.73459	  7.93427
 79378	 -2.97908	  0.18841	  7.72822	  7.92789
 79379	 -2.98959	  0.14168	  7.73397	  7.93365
 79380	 -2.98959	  0.14168	  7.73397	  7.93365
 79381	 -2.97908	  0.18841	  7.72822	  7.92789
 79382	 -2.98638	  0.18852	  7.72774	  7.92741
 79383	 -2.98959	  0.14168	  7.73397	  7.93365
 79384	 -2.98638	  0.18852	  7.72774	  7.92741
 79385	 -3.09026	  0.14406	  7.72742	  7.92709
 79386	 -3.09026	  0.14406	  7.72742	  7.92709
 79387	 -2.98638	  0.18852	  7.72774	  7.92741
 79388	 -3.08887	  0.19045	  7.72093	  7.9206
 79389	 -3.09026	  0.14406	  7.72742	  7.92709
 79390	 -3.08887	  0.19045	  7.72093	  7.9206
 79391	 -3.09747	  0.19068	  7.72035	  7.92003
 79392	 -3.09026	  0.14406	  7.72742	  7.92709
 79393	 -3.09747	  0.19068	  7.72035	  7.92003
 79394	 -3.10134	  0.14438	  7.72671	  7.92638
 79395	 -3.10134	  0.14438	  7.72671	  7.92638
 79396	 -3.09747	  0.19068	  7.72035	  7.92003
 79397	 -3.22258	  0.19576	  7.71199	  7.91167
 79398	 -3.22258	  0.19576	  7.71199	  7.91167
 79399	 -3.22586	  0.14978	  7.71877	  7.91844
 79400	 -3.10134	  0.14438	  7.72671	  7.92638
 79401	 -3.10134	  0.14438	  7.72671	  7.92638
 79402	 -3.22586	  0.14978	  7.71877	  7.91844
 79403	 -3.11716	 -0.06405	  7.7566	  7.95628
 79404	 -3.11716	 -0.06405	  7.7566	  7.95628
 79405	 -3.22586	  0.14978	  7.71877	  7.91844
 79406	 -3.24658	 -0.0578	  7.74957	  7.94924
 79407	 -3.11716	 -0.06405	  7.7566	  7.95628
 79408	 -3.24658	 -0.0578	  7.74957	  7.94924
 79409	 -3.25379	 -0.12577	  7.76001	  7.95969
 79410	 -3.25379	 -0.12577	  7.76001	  7.95969
 79411	 -3.12316	 -0.13551	  7.76729	  7.96696
 79412	 -3.11716	 -0.06405	  7.7566	  7.95628
 79413	 -3.11716	 -0.06405	  7.7566	  7.95628
 79414	 -3.12316	 -0.13551	  7.76729	  7.96696
 79415	 -3.10578	 -0.06456	  7.75725	  7.95693
 79416	 -3.10578	 -0.06456	  7.75725	  7.95693
 79417	 -3.12316	 -0.13551	  7.76729	  7.96696
 79418	 -3.11167	 -0.13618	  7.76794	  7.96761
 79419	 -3.10578	 -0.06456	  7.75725	  7.95693
 79420	 -3.11167	 -0.13618	  7.76794	  7.96761
 79421	 -3.0033	 -0.06836	  7.76333	  7.963
 79422	 -3.0033	 -0.06836	  7.76333	  7.963
 79423	 -3.11167	 -0.13618	  7.76794	  7.96761
 79424	 -3.00836	 -0.1409	  7.77394	  7.97362
 79425	 -3.0033	 -0.06836	  7.76333	  7.963
 79426	 -3.00836	 -0.1409	  7.77394	  7.97362
 79427	 -2.99892	 -0.14124	  7.77452	  7.97419
 79428	 -3.0033	 -0.06836	  7.76333	  7.963
 79429	 -2.99892	 -0.14124	  7.77452	  7.97419
 79430	 -2.99392	 -0.06866	  7.76392	  7.96359
 79431	 -2.99392	 -0.06866	  7.76392	  7.96359
 79432	 -2.99892	 -0.14124	  7.77452	  7.97419
 79433	 -2.9091	 -0.1443	  7.78042	  7.98009
 79434	 -2.99392	 -0.06866	  7.76392	  7.96359
 79435	 -2.98029	  0.14149	  7.73459	  7.93427
 79436	 -2.98959	  0.14168	  7.73397	  7.93365
 79437	 -2.99392	 -0.06866	  7.76392	  7.96359
 79438	 -2.98959	  0.14168	  7.73397	  7.93365
 79439	 -3.0033	 -0.06836	  7.76333	  7.963
 79440	 -3.0033	 -0.06836	  7.76333	  7.963
 79441	 -2.98959	  0.14168	  7.73397	  7.93365
 79442	 -3.09026	  0.14406	  7.72742	  7.92709
 79443	 -3.0033	 -0.06836	  7.76333	  7.963
 79444	 -3.09026	  0.14406	  7.72742	  7.92709
 79445	 -3.10578	 -0.06456	  7.75725	  7.95693
 79446	 -3.10578	 -0.06456	  7.75725	  7.95693
 79447	 -3.09026	  0.14406	  7.72742	  7.92709
 79448	 -3.10134	  0.14438	  7.72671	  7.92638
 79449	 -3.10578	 -0.06456	  7.75725	  7.95693
 79450	 -3.10134	  0.14438	  7.72671	  7.92638
 79451	 -3.11716	 -0.06405	  7.7566	  7.95628
 79452	 -3.25379	 -0.12578	  7.76001	  7.95969
 79453	 -3.24658	 -0.0578	  7.74957	  7.94924
 79454	 -3.35854	 -0.04044	  7.74195	  7.94163
 79455	 -3.35854	 -0.04044	  7.74195	  7.94163
 79456	 -3.24658	 -0.0578	  7.74957	  7.94924
 79457	 -3.3343	  0.14805	  7.71324	  7.91292
 79458	 -3.3343	  0.14805	  7.71324	  7.91292
 79459	 -3.24658	 -0.0578	  7.74957	  7.94924
 79460	 -3.22586	  0.14978	  7.71877	  7.91844
 79461	 -3.3343	  0.14805	  7.71324	  7.91292
 79462	 -3.22586	  0.14978	  7.71877	  7.91844
 79463	 -3.22258	  0.19576	  7.71199	  7.91167
 79464	 -3.22258	  0.19576	  7.71199	  7.91167
 79465	 -3.34073	  0.20351	  7.704	  7.90368
 79466	 -3.3343	  0.14805	  7.71324	  7.91292
 79467	 -3.3343	  0.14805	  7.71324	  7.91292
 79468	 -3.34073	  0.20351	  7.704	  7.90368
 79469	 -3.4138	  0.15343	  7.70828	  7.90796
 79470	 -3.4138	  0.15343	  7.70828	  7.90796
 79471	 -3.34073	  0.20351	  7.704	  7.90368
 79472	 -3.39976	  0.20854	  7.69992	  7.89959
 79473	 -3.4138	  0.15343	  7.70828	  7.90796
 79474	 -3.39976	  0.20854	  7.69992	  7.89959
 79475	 -3.5233	  0.16311	  7.70112	  7.9008
 79476	 -3.5233	  0.16311	  7.70112	  7.9008
 79477	 -3.39976	  0.20854	  7.69992	  7.89959
 79478	 -3.51829	  0.22188	  7.69133	  7.89101
 79479	 -3.5233	  0.16311	  7.70112	  7.9008
 79480	 -3.51829	  0.22188	  7.69133	  7.89101
 79481	 -3.56924	  0.22968	  7.68737	  7.88705
 79482	 -3.5233	  0.16311	  7.70112	  7.9008
 79483	 -3.56924	  0.22968	  7.68737	  7.88705
 79484	 -3.59182	  0.1714	  7.69626	  7.89593
 79485	 -3.59182	  0.1714	  7.69626	  7.89593
 79486	 -3.56924	  0.22968	  7.68737	  7.88705
 79487	 -3.65367	  0.24899	  7.67991	  7.87959
 79488	 -3.65367	  0.24899	  7.67991	  7.87959
 79489	 -3.66837	  0.18542	  7.68989	  7.88957
 79490	 -3.59182	  0.1714	  7.69626	  7.89593
 79491	 -3.59182	  0.1714	  7.69626	  7.89593
 79492	 -3.66837	  0.18542	  7.68989	  7.88957
 79493	 -3.63182	 -0.02031	  7.72678	  7.92645
 79494	 -3.63182	 -0.02031	  7.72678	  7.92645
 79495	 -3.66837	  0.18542	  7.68989	  7.88957
 79496	 -3.71445	 -0.01477	  7.72169	  7.92137
 79497	 -3.63182	 -0.02031	  7.72678	  7.92645
 79498	 -3.71445	 -0.01477	  7.72169	  7.92137
