 5999	  37.51406	  4.6988	  61.6291	  61.8265
 6000	  37.51406	  4.74781	  61.60888	  61.80627
 6001	  37.46885	  4.75253	  61.61106	  61.80845
 6002	  37.51729	  4.71379	  61.60689	  61.80428
 6003	  37.51729	  4.71379	  61.60689	  61.80428
 6004	  37.46885	  4.75253	  61.61106	  61.80845
 6005	  37.47252	  4.71835	  61.60899	  61.80638
 6006	  37.47252	  4.71835	  61.60899	  61.80638
 6007	  37.51673	  4.71384	  61.60691	  61.80431
 6008	  37.51729	  4.71379	  61.60689	  61.80428
 6009	  37.51729	  4.71379	  61.60689	  61.80428
 6010	  37.51673	  4.71384	  61.60691	  61.80431
 6011	  38.47872	  4.68338	  61.60928	  61.80667
 6012	  38.47872	  4.68338	  61.60928	  61.80667
 6013	  37.51673	  4.71384	  61.60691	  61.80431
 6014	  38.47931	  4.68339	  61.60932	  61.80671
 6015	  38.47872	  4.68338	  61.60928	  61.80667
 6016	  38.47931	  4.68339	  61.60932	  61.80671
 6017	  38.52589	  4.68443	  61.61256	  61.80995
 6018	  38.47872	  4.68338	  61.60928	  61.80667
 6019	  38.52589	  4.68443	  61.61256	  61.80995
 6020	  38.47812	  4.71618	  61.61064	  61.80803
 6021	  38.47812	  4.71618	  61.61064	  61.80803
 6022	  38.52589	  4.68443	  61.61256	  61.80995
 6023	  38.5253	  4.71725	  61.61391	  61.81131
 6024	  38.5253	  4.71725	  61.61391	  61.81131
 6025	  38.47812	  4.71618	  61.61064	  61.80803
 6026	  38.47812	  4.71618	  61.61064	  61.80803
 6027	  38.47812	  4.71618	  61.61064	  61.80803
 6028	  38.47812	  4.71618	  61.61064	  61.80803
 6029	  37.51406	  4.74781	  61.60888	  61.80627
 6030	  37.51406	  4.74781	  61.60888	  61.80627
 6031	  38.47812	  4.71618	  61.61064	  61.80803
 6032	  37.51406	  4.74781	  61.60888	  61.80627
 6033	  37.51406	  4.74781	  61.60888	  61.80627
 6034	  37.51406	  4.74781	  61.60888	  61.80627
 6035	  37.46885	  4.75253	  61.61106	  61.80845
 6036	  38.47812	  4.71618	  61.61064	  61.80803
 6037	  37.51406	  4.74781	  61.60888	  61.80627
 6038	  38.47872	  4.68338	  61.60928	  61.80667
 6039	  38.47872	  4.68338	  61.60928	  61.80667
 6040	  37.51406	  4.74781	  61.60888	  61.80627
 6041	  37.51729	  4.71379	  61.60689	  61.80428
 6042	  37.50928	  4.77763	  61.63175	  61.82914
 6043	  37.46456	  4.78192	  61.63431	  61.8317
 6044	  37.51406	  4.74781	  61.60888	  61.80627
 6045	  37.51406	  4.74781	  61.60888	  61.80627
 6046	  37.46456	  4.78192	  61.63431	  61.8317
 6047	  37.46885	  4.75253	  61.61106	  61.80845
 6048	  37.46885	  4.75253	  61.61106	  61.80845
 6049	  37.51406	  4.74781	  61.60888	  61.80627
 6050	  37.51406	  4.74781	  61.60888	  61.80627
 6051	  37.51406	  4.74781	  61.60888	  61.80627
 6052	  37.51406	  4.74781	  61.60888	  61.80627
 6053	  38.47812	  4.71618	  61.61064	  61.80803
 6054	  38.47812	  4.71618	  61.61064	  61.80803
 6055	  37.51406	  4.74781	  61.60888	  61.80627
 6056	  38.47812	  4.71618	  61.61064	  61.80803
 6057	  38.47812	  4.71618	  61.61064	  61.80803
 6058	  38.47812	  4.71618	  61.61064	  61.80803
 6059	  38.5253	  4.71725	  61.61391	  61.81131
 6060	  38.47812	  4.71618	  61.61064	  61.80803
 6061	  38.5253	  4.71725	  61.61391	  61.81131
 6062	  38.47188	  4.74867	  61.62975	  61.82714
 6063	  38.47188	  4.74867	  61.62975	  61.82714
 6064	  38.5253	  4.71725	  61.61391	  61.81131
 6065	  38.51916	  4.74971	  61.63305	  61.83044
 6066	  38.51916	  4.74971	  61.63305	  61.83044
 6067	  38.47232	  4.74868	  61.62978	  61.82716
 6068	  38.47188	  4.74867	  61.62975	  61.82714
 6069	  38.47188	  4.74867	  61.62975	  61.82714
 6070	  38.47232	  4.74868	  61.62978	  61.82716
 6071	  37.50928	  4.77763	  61.63175	  61.82914
 6072	  37.50928	  4.77763	  61.63175	  61.82914
 6073	  38.47232	  4.74868	  61.62978	  61.82716
 6074	  37.50885	  4.77767	  61.63177	  61.82916
 6075	  37.50928	  4.77763	  61.63175	  61.82914
 6076	  37.50885	  4.77767	  61.63177	  61.82916
 6077	  37.46456	  4.78192	  61.63431	  61.8317
 6078	  38.47188	  4.74867	  61.62975	  61.82714
 6079	  37.50928	  4.77763	  61.63175	  61.82914
 6080	  38.47812	  4.71618	  61.61064	  61.80803
 6081	  38.47812	  4.71618	  61.61064	  61.80803
 6082	  37.50928	  4.77763	  61.63175	  61.82914
 6083	  37.51406	  4.74781	  61.60888	  61.80627
 6084	  37.49565	  4.8327	  61.71964	  61.91702
 6085	  37.45415	  4.83497	  61.72356	  61.92095
 6086	  37.50885	  4.77767	  61.63177	  61.82916
 6087	  37.50885	  4.77767	  61.63177	  61.82916
 6088	  37.45415	  4.83497	  61.72356	  61.92095
 6089	  37.46456	  4.78192	  61.63431	  61.8317
 6090	  37.46456	  4.78192	  61.63431	  61.8317
 6091	  37.50885	  4.77767	  61.63177	  61.82916
 6092	  37.50885	  4.77767	  61.63177	  61.82916
 6093	  37.50885	  4.77767	  61.63177	  61.82916
 6094	  37.50885	  4.77767	  61.63177	  61.82916
 6095	  38.47232	  4.74868	  61.62978	  61.82716
 6096	  38.47232	  4.74868	  61.62978	  61.82716
 6097	  37.50885	  4.77767	  61.63177	  61.82916
 6098	  38.47232	  4.74868	  61.62978	  61.82716
 6099	  38.47232	  4.74868	  61.62978	  61.82716
 6100	  38.47232	  4.74868	  61.62978	  61.82716
 6101	  38.51916	  4.74971	  61.63305	  61.83044
 6102	  38.47232	  4.74868	  61.62978	  61.82716
 6103	  38.51916	  4.74971	  61.63305	  61.83044
 6104	  38.44847	  4.81636	  61.70374	  61.90113
 6105	  38.44847	  4.81636	  61.70374	  61.90113
 6106	  38.51916	  4.74971	  61.63305	  61.83044
 6107	  38.4957	  4.81728	  61.70715	  61.90454
 6108	  38.4957	  4.81728	  61.70715	  61.90454
 6109	  38.45127	  4.81641	  61.70393	  61.90131
 6110	  38.44847	  4.81636	  61.70374	  61.90113
 6111	  38.44847	  4.81636	  61.70374	  61.90113
 6112	  38.45127	  4.81641	  61.70393	  61.90131
 6113	  37.49565	  4.8327	  61.71964	  61.91702
 6114	  37.49565	  4.8327	  61.71964	  61.91702
 6115	  38.45127	  4.81641	  61.70393	  61.90131
 6116	  37.49317	  4.83283	  61.71986	  61.91724
 6117	  37.49565	  4.8327	  61.71964	  61.91702
 6118	  37.49317	  4.83283	  61.71986	  61.91724
 6119	  37.45415	  4.83497	  61.72356	  61.92095
 6120	  38.44847	  4.81636	  61.70374	  61.90113
 6121	  37.49565	  4.8327	  61.71964	  61.91702
 6122	  38.47232	  4.74868	  61.62978	  61.82716
 6123	  38.47232	  4.74868	  61.62978	  61.82716
 6124	  37.49565	  4.8327	  61.71964	  61.91702
 6125	  37.50885	  4.77767	  61.63177	  61.82916
 6126	  37.54228	  4.55871	  61.52901	  61.72641
 6127	  37.49941	  4.56327	  61.53135	  61.72874
 6128	  37.5255	  4.56511	  61.62153	  61.81892
 6129	  37.5255	  4.56511	  61.62153	  61.81892
 6130	  37.49941	  4.56327	  61.53135	  61.72874
 6131	  37.48499	  4.57034	  61.6252	  61.82259
 6132	  37.48499	  4.57034	  61.6252	  61.82259
 6133	  37.52343	  4.56536	  61.62171	  61.8191
 6134	  37.5255	  4.56511	  61.62153	  61.81892
 6135	  37.5255	  4.56511	  61.62153	  61.81892
 6136	  37.52343	  4.56536	  61.62171	  61.8191
 6137	  38.47714	  4.53211	  61.60674	  61.80413
 6138	  38.47714	  4.53211	  61.60674	  61.80413
 6139	  37.52343	  4.56536	  61.62171	  61.8191
 6140	  38.47949	  4.53223	  61.60689	  61.80428
 6141	  38.47714	  4.53211	  61.60674	  61.80413
 6142	  38.47949	  4.53223	  61.60689	  61.80428
 6143	  38.52349	  4.53468	  61.6101	  61.80749
 6144	  38.47714	  4.53211	  61.60674	  61.80413
 6145	  38.52349	  4.53468	  61.6101	  61.80749
 6146	  38.50254	  4.52813	  61.52823	  61.72562
 6147	  38.50254	  4.52813	  61.52823	  61.72562
 6148	  38.52349	  4.53468	  61.6101	  61.80749
 6149	  38.54863	  4.52947	  61.53146	  61.72886
 6150	  38.54863	  4.52947	  61.53146	  61.72886
 6151	  38.50254	  4.52813	  61.52823	  61.72562
 6152	  38.50254	  4.52813	  61.52823	  61.72562
 6153	  38.50254	  4.52813	  61.52823	  61.72562
 6154	  38.50254	  4.52813	  61.52823	  61.72562
 6155	  37.54228	  4.55871	  61.52901	  61.72641
 6156	  37.54228	  4.55871	  61.52901	  61.72641
 6157	  38.50254	  4.52813	  61.52823	  61.72562
 6158	  37.54228	  4.55871	  61.52901	  61.72641
 6159	  37.54228	  4.55871	  61.52901	  61.72641
 6160	  37.54228	  4.55871	  61.52901	  61.72641
 6161	  37.49941	  4.56327	  61.53135	  61.72874
 6162	  38.50254	  4.52813	  61.52823	  61.72562
 6163	  37.54228	  4.55871	  61.52901	  61.72641
 6164	  38.47714	  4.53211	  61.60674	  61.80413
 6165	  38.47714	  4.53211	  61.60674	  61.80413
 6166	  37.54228	  4.55871	  61.52901	  61.72641
 6167	  37.5255	  4.56511	  61.62153	  61.81892
 6168	  37.54578	  4.57367	  61.50678	  61.70417
 6169	  37.50127	  4.57821	  61.50887	  61.70626
 6170	  37.54311	  4.55863	  61.52897	  61.72636
 6171	  37.54311	  4.55863	  61.52897	  61.72636
 6172	  37.50127	  4.57821	  61.50887	  61.70626
 6173	  37.49941	  4.56327	  61.53135	  61.72874
 6174	  37.49941	  4.56327	  61.53135	  61.72874
 6175	  37.54228	  4.55871	  61.52901	  61.72641
 6176	  37.54311	  4.55863	  61.52897	  61.72636
 6177	  37.54311	  4.55863	  61.52897	  61.72636
 6178	  37.54228	  4.55871	  61.52901	  61.72641
 6179	  38.50166	  4.52811	  61.52817	  61.72556
 6180	  38.50166	  4.52811	  61.52817	  61.72556
 6181	  37.54228	  4.55871	  61.52901	  61.72641
 6182	  38.50254	  4.52813	  61.52823	  61.72562
 6183	  38.50166	  4.52811	  61.52817	  61.72556
 6184	  38.50254	  4.52813	  61.52823	  61.72562
 6185	  38.54863	  4.52946	  61.53146	  61.72886
 6186	  38.50166	  4.52811	  61.52817	  61.72556
 6187	  38.54863	  4.52946	  61.53146	  61.72886
 6188	  38.50772	  4.54324	  61.50917	  61.70657
 6189	  38.50772	  4.54324	  61.50917	  61.70657
 6190	  38.54863	  4.52946	  61.53146	  61.72886
 6191	  38.55463	  4.54429	  61.51244	  61.70983
 6192	  38.55463	  4.54429	  61.51244	  61.70983
 6193	  38.50772	  4.54324	  61.50917	  61.70657
 6194	  38.50772	  4.54324	  61.50917	  61.70657
 6195	  38.50772	  4.54324	  61.50917	  61.70657
 6196	  38.50772	  4.54324	  61.50917	  61.70657
 6197	  37.54578	  4.57367	  61.50678	  61.70417
 6198	  37.54578	  4.57367	  61.50678	  61.70417
 6199	  38.50772	  4.54324	  61.50917	  61.70657
 6200	  37.54578	  4.57367	  61.50678	  61.70417
 6201	  37.54578	  4.57367	  61.50678	  61.70417
 6202	  37.54578	  4.57367	  61.50678	  61.70417
 6203	  37.50127	  4.57821	  61.50887	  61.70626
 6204	  38.50772	  4.54324	  61.50917	  61.70657
 6205	  37.54578	  4.57367	  61.50678	  61.70417
 6206	  38.50166	  4.52811	  61.52817	  61.72556
 6207	  38.50166	  4.52811	  61.52817	  61.72556
 6208	  37.54578	  4.57367	  61.50678	  61.70417
 6209	  37.54311	  4.55863	  61.52897	  61.72636
 6210	  37.54315	  4.60764	  61.50874	  61.70614
 6211	  37.49759	  4.61239	  61.51093	  61.70833
 6212	  37.54637	  4.57362	  61.50675	  61.70415
 6213	  37.54637	  4.57362	  61.50675	  61.70415
 6214	  37.49759	  4.61239	  61.51093	  61.70833
 6215	  37.50127	  4.57821	  61.50887	  61.70626
 6216	  37.50127	  4.57821	  61.50887	  61.70626
 6217	  37.54578	  4.57367	  61.50678	  61.70417
 6218	  37.54637	  4.57362	  61.50675	  61.70415
 6219	  37.54637	  4.57362	  61.50675	  61.70415
 6220	  37.54578	  4.57367	  61.50678	  61.70417
 6221	  38.50711	  4.54323	  61.50914	  61.70653
 6222	  38.50711	  4.54323	  61.50914	  61.70653
 6223	  37.54578	  4.57367	  61.50678	  61.70417
 6224	  38.50772	  4.54324	  61.50917	  61.70657
 6225	  38.50711	  4.54323	  61.50914	  61.70653
 6226	  38.50772	  4.54324	  61.50917	  61.70657
 6227	  38.55463	  4.54429	  61.51244	  61.70983
 6228	  38.50711	  4.54323	  61.50914	  61.70653
 6229	  38.55463	  4.54429	  61.51244	  61.70983
 6230	  38.5065	  4.57603	  61.5105	  61.70789
 6231	  38.5065	  4.57603	  61.5105	  61.70789
 6232	  38.55463	  4.54429	  61.51244	  61.70983
 6233	  38.55404	  4.57711	  61.51379	  61.71119
 6234	  38.55404	  4.57711	  61.51379	  61.71119
 6235	  38.5065	  4.57603	  61.5105	  61.70789
 6236	  38.5065	  4.57603	  61.5105	  61.70789
 6237	  38.5065	  4.57603	  61.5105	  61.70789
 6238	  38.5065	  4.57603	  61.5105	  61.70789
 6239	  37.54315	  4.60764	  61.50874	  61.70614
 6240	  37.54315	  4.60764	  61.50874	  61.70614
 6241	  38.5065	  4.57603	  61.5105	  61.70789
 6242	  37.54315	  4.60764	  61.50874	  61.70614
 6243	  37.54315	  4.60764	  61.50874	  61.70614
 6244	  37.54315	  4.60764	  61.50874	  61.70614
 6245	  37.49759	  4.61239	  61.51093	  61.70833
 6246	  38.5065	  4.57603	  61.5105	  61.70789
 6247	  37.54315	  4.60764	  61.50874	  61.70614
 6248	  38.50711	  4.54323	  61.50914	  61.70653
 6249	  38.50711	  4.54323	  61.50914	  61.70653
 6250	  37.54315	  4.60764	  61.50874	  61.70614
 6251	  37.54637	  4.57362	  61.50675	  61.70415
 6252	  37.53836	  4.63746	  61.5316	  61.729
 6253	  37.49331	  4.64178	  61.53419	  61.73158
 6254	  37.54315	  4.60764	  61.50874	  61.70614
 6255	  37.54315	  4.60764	  61.50874	  61.70614
 6256	  37.49331	  4.64178	  61.53419	  61.73158
 6257	  37.49759	  4.61239	  61.51094	  61.70833
 6258	  37.49759	  4.61239	  61.51094	  61.70833
 6259	  37.54315	  4.60764	  61.50874	  61.70614
 6260	  37.54315	  4.60764	  61.50874	  61.70614
 6261	  37.54315	  4.60764	  61.50874	  61.70614
 6262	  37.54315	  4.60764	  61.50874	  61.70614
 6263	  38.5065	  4.57603	  61.5105	  61.70789
 6264	  38.5065	  4.57603	  61.5105	  61.70789
 6265	  37.54315	  4.60764	  61.50874	  61.70614
 6266	  38.5065	  4.57603	  61.5105	  61.70789
 6267	  38.5065	  4.57603	  61.5105	  61.70789
 6268	  38.5065	  4.57603	  61.5105	  61.70789
 6269	  38.55404	  4.57711	  61.51379	  61.71119
 6270	  38.5065	  4.57603	  61.5105	  61.70789
 6271	  38.55404	  4.57711	  61.51379	  61.71119
 6272	  38.50026	  4.60852	  61.5296	  61.727
 6273	  38.50026	  4.60852	  61.5296	  61.727
 6274	  38.55404	  4.57711	  61.51379	  61.71119
 6275	  38.5479	  4.60957	  61.53293	  61.73032
 6276	  38.5479	  4.60957	  61.53293	  61.73032
 6277	  38.50074	  4.60853	  61.52963	  61.72702
 6278	  38.50026	  4.60852	  61.5296	  61.727
 6279	  38.50026	  4.60852	  61.5296	  61.727
 6280	  38.50074	  4.60853	  61.52963	  61.72702
 6281	  37.53836	  4.63746	  61.5316	  61.729
 6282	  37.53836	  4.63746	  61.5316	  61.729
 6283	  38.50074	  4.60853	  61.52963	  61.72702
 6284	  37.53791	  4.6375	  61.53163	  61.72902
 6285	  37.53836	  4.63746	  61.5316	  61.729
 6286	  37.53791	  4.6375	  61.53163	  61.72902
 6287	  37.49331	  4.64178	  61.53419	  61.73158
 6288	  38.50026	  4.60852	  61.5296	  61.727
 6289	  37.53836	  4.63746	  61.5316	  61.729
 6290	  38.5065	  4.57603	  61.5105	  61.70789
 6291	  38.5065	  4.57603	  61.5105	  61.70789
 6292	  37.53836	  4.63746	  61.5316	  61.729
 6293	  37.54315	  4.60764	  61.50874	  61.70614
 6294	  37.52468	  4.69254	  61.61949	  61.81688
 6295	  37.4829	  4.69483	  61.62344	  61.82083
 6296	  37.53791	  4.6375	  61.53163	  61.72902
 6297	  37.53791	  4.6375	  61.53163	  61.72902
 6298	  37.4829	  4.69483	  61.62344	  61.82083
 6299	  37.49331	  4.64177	  61.53419	  61.73158
 6300	  37.49331	  4.64177	  61.53419	  61.73158
 6301	  37.53791	  4.6375	  61.53163	  61.72902
 6302	  37.53791	  4.6375	  61.53163	  61.72902
 6303	  37.53791	  4.6375	  61.53163	  61.72902
 6304	  37.53791	  4.6375	  61.53163	  61.72902
 6305	  38.50074	  4.60853	  61.52963	  61.72702
 6306	  38.50074	  4.60853	  61.52963	  61.72702
 6307	  37.53791	  4.6375	  61.53163	  61.72902
 6308	  38.50074	  4.60853	  61.52963	  61.72702
 6309	  38.50074	  4.60853	  61.52963	  61.72702
 6310	  38.50074	  4.60853	  61.52963	  61.72702
 6311	  38.5479	  4.60957	  61.53293	  61.73032
 6312	  38.50074	  4.60853	  61.52963	  61.72702
 6313	  38.5479	  4.60957	  61.53293	  61.73032
 6314	  38.47688	  4.67622	  61.6036	  61.80099
 6315	  38.47688	  4.67622	  61.6036	  61.80099
 6316	  38.5479	  4.60957	  61.53293	  61.73032
 6317	  38.52444	  4.67713	  61.60703	  61.80442
 6318	  38.52444	  4.67713	  61.60703	  61.80442
 6319	  38.47966	  4.67626	  61.60378	  61.80117
 6320	  38.47688	  4.67622	  61.6036	  61.80099
 6321	  38.47688	  4.67622	  61.6036	  61.80099
 6322	  38.47966	  4.67626	  61.60378	  61.80117
 6323	  37.52468	  4.69254	  61.61949	  61.81688
 6324	  37.52468	  4.69254	  61.61949	  61.81688
 6325	  38.47966	  4.67626	  61.60378	  61.80117
 6326	  37.52223	  4.69267	  61.61971	  61.8171
 6327	  37.52468	  4.69254	  61.61949	  61.81688
 6328	  37.52223	  4.69267	  61.61971	  61.8171
 6329	  37.4829	  4.69483	  61.62344	  61.82083
 6330	  38.47688	  4.67622	  61.6036	  61.80099
 6331	  37.52468	  4.69254	  61.61949	  61.81688
 6332	  38.50074	  4.60853	  61.52963	  61.72702
 6333	  38.50074	  4.60853	  61.52963	  61.72702
 6334	  37.52468	  4.69254	  61.61949	  61.81688
 6335	  37.53791	  4.6375	  61.53163	  61.72902
 6336	  37.57133	  4.41854	  61.42887	  61.62627
 6337	  37.52815	  4.42313	  61.43123	  61.62863
 6338	  37.55453	  4.42493	  61.52139	  61.71878
 6339	  37.55453	  4.42493	  61.52139	  61.71878
 6340	  37.52815	  4.42313	  61.43123	  61.62863
 6341	  37.51373	  4.43019	  61.52508	  61.72247
 6342	  37.51373	  4.43019	  61.52508	  61.72247
 6343	  37.55249	  4.42518	  61.52156	  61.71896
 6344	  37.55453	  4.42493	  61.52139	  61.71878
 6345	  37.55453	  4.42493	  61.52139	  61.71878
 6346	  37.55249	  4.42518	  61.52156	  61.71896
 6347	  38.50556	  4.39195	  61.5066	  61.70399
 6348	  38.50556	  4.39195	  61.5066	  61.70399
 6349	  37.55249	  4.42518	  61.52156	  61.71896
 6350	  38.50787	  4.39207	  61.50675	  61.70414
 6351	  38.50556	  4.39195	  61.5066	  61.70399
 6352	  38.50787	  4.39207	  61.50675	  61.70414
 6353	  38.55223	  4.39454	  61.50998	  61.70737
 6354	  38.50556	  4.39195	  61.5066	  61.70399
 6355	  38.55223	  4.39454	  61.50998	  61.70737
 6356	  38.53096	  4.38798	  61.42809	  61.62548
 6357	  38.53096	  4.38798	  61.42809	  61.62548
 6358	  38.55223	  4.39454	  61.50998	  61.70737
 6359	  38.57737	  4.38932	  61.43134	  61.62874
 6360	  38.57737	  4.38932	  61.43134	  61.62874
 6361	  38.53096	  4.38798	  61.42809	  61.62548
 6362	  38.53096	  4.38798	  61.42809	  61.62548
 6363	  38.53096	  4.38798	  61.42809	  61.62548
 6364	  38.53096	  4.38798	  61.42809	  61.62548
 6365	  37.57133	  4.41854	  61.42887	  61.62627
 6366	  37.57133	  4.41854	  61.42887	  61.62627
 6367	  38.53096	  4.38798	  61.42809	  61.62548
 6368	  37.57133	  4.41854	  61.42887	  61.62627
 6369	  37.57133	  4.41854	  61.42887	  61.62627
 6370	  37.57133	  4.41854	  61.42887	  61.62627
 6371	  37.52815	  4.42313	  61.43123	  61.62863
 6372	  38.53096	  4.38798	  61.42809	  61.62548
 6373	  37.57133	  4.41854	  61.42887	  61.62627
 6374	  38.50556	  4.39195	  61.5066	  61.70399
 6375	  38.50556	  4.39195	  61.5066	  61.70399
 6376	  37.57133	  4.41854	  61.42887	  61.62627
 6377	  37.55453	  4.42493	  61.52139	  61.71878
 6378	  37.57486	  4.4335	  61.40664	  61.60404
 6379	  37.53001	  4.43806	  61.40874	  61.60614
 6380	  37.57219	  4.41846	  61.42883	  61.62623
 6381	  37.57219	  4.41846	  61.42883	  61.62623
 6382	  37.53001	  4.43806	  61.40874	  61.60614
 6383	  37.52815	  4.42313	  61.43123	  61.62863
 6384	  37.52815	  4.42313	  61.43123	  61.62863
 6385	  37.57133	  4.41854	  61.42887	  61.62627
 6386	  37.57219	  4.41846	  61.42883	  61.62623
 6387	  37.57219	  4.41846	  61.42883	  61.62623
 6388	  37.57133	  4.41854	  61.42887	  61.62627
 6389	  38.53004	  4.38796	  61.42803	  61.62542
 6390	  38.53004	  4.38796	  61.42803	  61.62542
 6391	  37.57133	  4.41854	  61.42887	  61.62627
 6392	  38.53096	  4.38798	  61.42809	  61.62548
 6393	  38.53004	  4.38796	  61.42803	  61.62542
 6394	  38.53096	  4.38798	  61.42809	  61.62548
 6395	  38.57737	  4.38932	  61.43134	  61.62874
 6396	  38.53004	  4.38796	  61.42803	  61.62542
 6397	  38.57737	  4.38932	  61.43134	  61.62874
 6398	  38.53611	  4.4031	  61.40903	  61.60643
 6399	  38.53611	  4.4031	  61.40903	  61.60643
 6400	  38.57737	  4.38932	  61.43134	  61.62874
 6401	  38.58337	  4.40414	  61.41232	  61.60971
 6402	  38.58337	  4.40414	  61.41232	  61.60971
 6403	  38.53611	  4.4031	  61.40903	  61.60643
 6404	  38.53611	  4.4031	  61.40903	  61.60643
 6405	  38.53611	  4.4031	  61.40903	  61.60643
 6406	  38.53611	  4.4031	  61.40903	  61.60643
 6407	  37.57486	  4.4335	  61.40664	  61.60404
 6408	  37.57486	  4.4335	  61.40664	  61.60404
 6409	  38.53611	  4.4031	  61.40903	  61.60643
 6410	  37.57486	  4.4335	  61.40664	  61.60404
 6411	  37.57486	  4.4335	  61.40664	  61.60404
 6412	  37.57486	  4.4335	  61.40664	  61.60404
 6413	  37.53001	  4.43806	  61.40874	  61.60614
 6414	  38.53611	  4.4031	  61.40903	  61.60643
 6415	  37.57486	  4.4335	  61.40664	  61.60404
 6416	  38.53004	  4.38796	  61.42803	  61.62542
 6417	  38.53004	  4.38796	  61.42803	  61.62542
 6418	  37.57486	  4.4335	  61.40664	  61.60404
 6419	  37.57219	  4.41846	  61.42883	  61.62623
 6420	  37.5722	  4.46746	  61.40861	  61.60601
 6421	  37.52634	  4.47225	  61.41082	  61.60821
 6422	  37.57542	  4.43344	  61.40662	  61.60402
 6423	  37.57542	  4.43344	  61.40662	  61.60402
 6424	  37.52634	  4.47225	  61.41082	  61.60821
 6425	  37.53001	  4.43806	  61.40874	  61.60614
 6426	  37.53001	  4.43806	  61.40874	  61.60614
 6427	  37.57486	  4.4335	  61.40664	  61.60404
 6428	  37.57542	  4.43344	  61.40662	  61.60402
 6429	  37.57542	  4.43344	  61.40662	  61.60402
 6430	  37.57486	  4.4335	  61.40664	  61.60404
 6431	  38.53552	  4.40308	  61.40899	  61.60639
 6432	  38.53552	  4.40308	  61.40899	  61.60639
 6433	  37.57486	  4.4335	  61.40664	  61.60404
 6434	  38.53611	  4.4031	  61.40903	  61.60643
 6435	  38.53552	  4.40308	  61.40899	  61.60639
 6436	  38.53611	  4.4031	  61.40903	  61.60643
 6437	  38.58337	  4.40415	  61.41232	  61.60971
 6438	  38.53552	  4.40308	  61.40899	  61.60639
 6439	  38.58337	  4.40415	  61.41232	  61.60971
 6440	  38.53492	  4.43589	  61.41036	  61.60776
 6441	  38.53492	  4.43589	  61.41036	  61.60776
 6442	  38.58337	  4.40415	  61.41232	  61.60971
 6443	  38.58278	  4.43697	  61.41367	  61.61107
 6444	  38.58278	  4.43697	  61.41367	  61.61107
 6445	  38.53492	  4.43589	  61.41036	  61.60776
 6446	  38.53492	  4.43589	  61.41036	  61.60776
 6447	  38.53492	  4.43589	  61.41036	  61.60776
 6448	  38.53492	  4.43589	  61.41036	  61.60776
 6449	  37.5722	  4.46746	  61.40861	  61.60601
 6450	  37.5722	  4.46746	  61.40861	  61.60601
 6451	  38.53492	  4.43589	  61.41036	  61.60776
 6452	  37.5722	  4.46746	  61.40861	  61.60601
 6453	  37.5722	  4.46746	  61.40861	  61.60601
 6454	  37.5722	  4.46746	  61.40861	  61.60601
 6455	  37.52634	  4.47225	  61.41082	  61.60821
 6456	  38.53492	  4.43589	  61.41036	  61.60776
 6457	  37.5722	  4.46746	  61.40861	  61.60601
 6458	  38.53552	  4.40308	  61.40899	  61.60639
 6459	  38.53552	  4.40308	  61.40899	  61.60639
 6460	  37.5722	  4.46746	  61.40861	  61.60601
 6461	  37.57542	  4.43344	  61.40662	  61.60402
 6462	  37.56741	  4.49729	  61.43147	  61.62887
 6463	  37.52205	  4.50163	  61.43407	  61.63147
 6464	  37.5722	  4.46746	  61.40861	  61.60601
 6465	  37.5722	  4.46746	  61.40861	  61.60601
 6466	  37.52205	  4.50163	  61.43407	  61.63147
 6467	  37.52634	  4.47225	  61.41081	  61.60821
 6468	  37.52634	  4.47225	  61.41081	  61.60821
 6469	  37.5722	  4.46746	  61.40861	  61.60601
 6470	  37.5722	  4.46746	  61.40861	  61.60601
 6471	  37.5722	  4.46746	  61.40861	  61.60601
 6472	  37.5722	  4.46746	  61.40861	  61.60601
 6473	  38.53492	  4.43588	  61.41036	  61.60776
 6474	  38.53492	  4.43588	  61.41036	  61.60776
 6475	  37.5722	  4.46746	  61.40861	  61.60601
 6476	  38.53492	  4.43588	  61.41036	  61.60776
 6477	  38.53492	  4.43588	  61.41036	  61.60776
 6478	  38.53492	  4.43588	  61.41036	  61.60776
 6479	  38.58278	  4.43696	  61.41367	  61.61107
 6480	  38.53492	  4.43588	  61.41036	  61.60776
 6481	  38.58278	  4.43696	  61.41367	  61.61107
 6482	  38.52868	  4.46837	  61.42946	  61.62686
 6483	  38.52868	  4.46837	  61.42946	  61.62686
 6484	  38.58278	  4.43696	  61.41367	  61.61107
 6485	  38.57664	  4.46943	  61.43281	  61.63021
 6486	  38.57664	  4.46943	  61.43281	  61.63021
 6487	  38.52913	  4.46838	  61.42949	  61.62689
 6488	  38.52868	  4.46837	  61.42946	  61.62686
 6489	  38.52868	  4.46837	  61.42946	  61.62686
 6490	  38.52913	  4.46838	  61.42949	  61.62689
 6491	  37.56741	  4.49729	  61.43147	  61.62887
 6492	  37.56741	  4.49729	  61.43147	  61.62887
 6493	  38.52913	  4.46838	  61.42949	  61.62689
 6494	  37.56699	  4.49733	  61.43149	  61.62889
 6495	  37.56741	  4.49729	  61.43147	  61.62887
 6496	  37.56699	  4.49733	  61.43149	  61.62889
 6497	  37.52205	  4.50163	  61.43407	  61.63147
 6498	  38.52868	  4.46837	  61.42946	  61.62686
 6499	  37.56741	  4.49729	  61.43147	  61.62887
 6500	  38.53492	  4.43588	  61.41036	  61.60776
 6501	  38.53492	  4.43588	  61.41036	  61.60776
 6502	  37.56741	  4.49729	  61.43147	  61.62887
 6503	  37.5722	  4.46746	  61.40861	  61.60601
 6504	  37.55375	  4.55238	  61.51934	  61.71673
 6505	  37.51164	  4.55468	  61.52332	  61.72071
 6506	  37.56699	  4.49733	  61.43149	  61.62889
 6507	  37.56699	  4.49733	  61.43149	  61.62889
 6508	  37.51164	  4.55468	  61.52332	  61.72071
 6509	  37.52205	  4.50163	  61.43407	  61.63147
 6510	  37.52205	  4.50163	  61.43407	  61.63147
 6511	  37.56699	  4.49733	  61.43149	  61.62889
 6512	  37.56699	  4.49733	  61.43149	  61.62889
 6513	  37.56699	  4.49733	  61.43149	  61.62889
 6514	  37.56699	  4.49733	  61.43149	  61.62889
 6515	  38.52913	  4.46838	  61.42949	  61.62689
 6516	  38.52913	  4.46838	  61.42949	  61.62689
 6517	  37.56699	  4.49733	  61.43149	  61.62889
 6518	  38.52913	  4.46838	  61.42949	  61.62689
 6519	  38.52913	  4.46838	  61.42949	  61.62689
 6520	  38.52913	  4.46838	  61.42949	  61.62689
 6521	  38.57664	  4.46943	  61.43281	  61.63021
 6522	  38.52913	  4.46838	  61.42949	  61.62689
 6523	  38.57664	  4.46943	  61.43281	  61.63021
 6524	  38.50527	  4.53607	  61.50346	  61.70085
 6525	  38.50527	  4.53607	  61.50346	  61.70085
 6526	  38.57664	  4.46943	  61.43281	  61.63021
 6527	  38.55318	  4.53699	  61.50691	  61.7043
 6528	  38.55318	  4.53699	  61.50691	  61.7043
 6529	  38.50807	  4.53612	  61.50364	  61.70103
 6530	  38.50527	  4.53607	  61.50346	  61.70085
 6531	  38.50527	  4.53607	  61.50346	  61.70085
 6532	  38.50807	  4.53612	  61.50364	  61.70103
 6533	  37.55375	  4.55238	  61.51934	  61.71673
 6534	  37.55375	  4.55238	  61.51934	  61.71673
 6535	  38.50807	  4.53612	  61.50364	  61.70103
 6536	  37.55126	  4.55251	  61.51956	  61.71696
 6537	  37.55375	  4.55238	  61.51934	  61.71673
 6538	  37.55126	  4.55251	  61.51956	  61.71696
 6539	  37.51164	  4.55468	  61.52332	  61.72071
 6540	  38.50527	  4.53607	  61.50346	  61.70085
 6541	  37.55375	  4.55238	  61.51934	  61.71673
 6542	  38.52913	  4.46838	  61.42949	  61.62689
 6543	  38.52913	  4.46838	  61.42949	  61.62689
 6544	  37.55375	  4.55238	  61.51934	  61.71673
 6545	  37.56699	  4.49733	  61.43149	  61.62889
 6546	  37.6004	  4.27837	  61.32874	  61.52614
 6547	  37.55689	  4.28299	  61.33111	  61.52851
 6548	  37.58359	  4.28475	  61.42124	  61.61864
 6549	  37.58359	  4.28475	  61.42124	  61.61864
 6550	  37.55689	  4.28299	  61.33111	  61.52851
 6551	  37.54247	  4.29005	  61.42495	  61.62235
 6552	  37.54247	  4.29005	  61.42495	  61.62235
 6553	  37.58152	  4.285	  61.42141	  61.61881
 6554	  37.58359	  4.28475	  61.42124	  61.61864
 6555	  37.58359	  4.28475	  61.42124	  61.61864
 6556	  37.58152	  4.285	  61.42141	  61.61881
 6557	  38.53394	  4.25179	  61.40645	  61.60385
 6558	  38.53394	  4.25179	  61.40645	  61.60385
 6559	  37.58152	  4.285	  61.42141	  61.61881
 6560	  38.53629	  4.25191	  61.4066	  61.604
 6561	  38.53394	  4.25179	  61.40645	  61.60385
 6562	  38.53629	  4.25191	  61.4066	  61.604
 6563	  38.58097	  4.2544	  61.40986	  61.60725
 6564	  38.53394	  4.25179	  61.40645	  61.60385
 6565	  38.58097	  4.2544	  61.40986	  61.60725
 6566	  38.55935	  4.24783	  61.32794	  61.52534
 6567	  38.55935	  4.24783	  61.32794	  61.52534
 6568	  38.58097	  4.2544	  61.40986	  61.60725
 6569	  38.60611	  4.24918	  61.33122	  61.52862
 6570	  38.60611	  4.24918	  61.33122	  61.52862
 6571	  38.55935	  4.24783	  61.32794	  61.52534
 6572	  38.55935	  4.24783	  61.32794	  61.52534
 6573	  38.55935	  4.24783	  61.32794	  61.52534
 6574	  38.55935	  4.24783	  61.32794	  61.52534
 6575	  37.6004	  4.27837	  61.32874	  61.52614
 6576	  37.6004	  4.27837	  61.32874	  61.52614
 6577	  38.55935	  4.24783	  61.32794	  61.52534
 6578	  37.6004	  4.27837	  61.32874	  61.52614
 6579	  37.6004	  4.27837	  61.32874	  61.52614
 6580	  37.6004	  4.27837	  61.32874	  61.52614
 6581	  37.55689	  4.28299	  61.33111	  61.52851
 6582	  38.55935	  4.24783	  61.32794	  61.52534
 6583	  37.6004	  4.27837	  61.32874	  61.52614
 6584	  38.53394	  4.25179	  61.40645	  61.60385
 6585	  38.53394	  4.25179	  61.40645	  61.60385
 6586	  37.6004	  4.27837	  61.32874	  61.52614
 6587	  37.58359	  4.28475	  61.42124	  61.61864
 6588	  37.60391	  4.29333	  61.30651	  61.50391
 6589	  37.55875	  4.29792	  61.30862	  61.50603
 6590	  37.60123	  4.27828	  61.32869	  61.5261
 6591	  37.60123	  4.27828	  61.32869	  61.5261
 6592	  37.55875	  4.29792	  61.30862	  61.50603
 6593	  37.55689	  4.28299	  61.33111	  61.52851
 6594	  37.55689	  4.28299	  61.33111	  61.52851
 6595	  37.6004	  4.27837	  61.32874	  61.52614
 6596	  37.60123	  4.27828	  61.32869	  61.5261
 6597	  37.60123	  4.27828	  61.32869	  61.5261
 6598	  37.6004	  4.27837	  61.32874	  61.52614
 6599	  38.55846	  4.24781	  61.32788	  61.52529
 6600	  38.55846	  4.24781	  61.32788	  61.52529
 6601	  37.6004	  4.27837	  61.32874	  61.52614
 6602	  38.55935	  4.24783	  61.32794	  61.52534
 6603	  38.55846	  4.24781	  61.32788	  61.52529
 6604	  38.55935	  4.24783	  61.32794	  61.52534
 6605	  38.60611	  4.24918	  61.33122	  61.52862
 6606	  38.55846	  4.24781	  61.32788	  61.52529
 6607	  38.60611	  4.24918	  61.33122	  61.52862
 6608	  38.56453	  4.26295	  61.30889	  61.50629
 6609	  38.56453	  4.26295	  61.30889	  61.50629
 6610	  38.60611	  4.24918	  61.33122	  61.52862
 6611	  38.61212	  4.264	  61.31219	  61.50959
 6612	  38.61212	  4.264	  61.31219	  61.50959
 6613	  38.56453	  4.26295	  61.30889	  61.50629
 6614	  38.56453	  4.26295	  61.30889	  61.50629
 6615	  38.56453	  4.26295	  61.30889	  61.50629
 6616	  38.56453	  4.26295	  61.30889	  61.50629
 6617	  37.60391	  4.29333	  61.30651	  61.50391
 6618	  37.60391	  4.29333	  61.30651	  61.50391
 6619	  38.56453	  4.26295	  61.30889	  61.50629
 6620	  37.60391	  4.29333	  61.30651	  61.50391
 6621	  37.60391	  4.29333	  61.30651	  61.50391
 6622	  37.60391	  4.29333	  61.30651	  61.50391
 6623	  37.55875	  4.29792	  61.30862	  61.50603
 6624	  38.56453	  4.26295	  61.30889	  61.50629
 6625	  37.60391	  4.29333	  61.30651	  61.50391
 6626	  38.55846	  4.24781	  61.32788	  61.52529
 6627	  38.55846	  4.24781	  61.32788	  61.52529
 6628	  37.60391	  4.29333	  61.30651	  61.50391
 6629	  37.60123	  4.27828	  61.32869	  61.5261
 6630	  37.60129	  4.32729	  61.30847	  61.50587
 6631	  37.55508	  4.3321	  61.31069	  61.50809
 6632	  37.6045	  4.29327	  61.30648	  61.50389
 6633	  37.6045	  4.29327	  61.30648	  61.50389
 6634	  37.55508	  4.3321	  61.31069	  61.50809
 6635	  37.55875	  4.29792	  61.30862	  61.50603
 6636	  37.55875	  4.29792	  61.30862	  61.50603
 6637	  37.60391	  4.29333	  61.30651	  61.50391
 6638	  37.6045	  4.29327	  61.30648	  61.50389
 6639	  37.6045	  4.29327	  61.30648	  61.50389
 6640	  37.60391	  4.29333	  61.30651	  61.50391
 6641	  38.56391	  4.26294	  61.30885	  61.50626
 6642	  38.56391	  4.26294	  61.30885	  61.50626
 6643	  37.60391	  4.29333	  61.30651	  61.50391
 6644	  38.56453	  4.26295	  61.30889	  61.50629
 6645	  38.56391	  4.26294	  61.30885	  61.50626
 6646	  38.56453	  4.26295	  61.30889	  61.50629
 6647	  38.61212	  4.264	  61.31219	  61.5096
 6648	  38.56391	  4.26294	  61.30885	  61.50626
 6649	  38.61212	  4.264	  61.31219	  61.5096
 6650	  38.5633	  4.29574	  61.31021	  61.50762
 6651	  38.5633	  4.29574	  61.31021	  61.50762
 6652	  38.61212	  4.264	  61.31219	  61.5096
 6653	  38.61152	  4.29682	  61.31355	  61.51095
 6654	  38.61152	  4.29682	  61.31355	  61.51095
 6655	  38.5633	  4.29574	  61.31021	  61.50762
 6656	  38.5633	  4.29574	  61.31021	  61.50762
 6657	  38.5633	  4.29574	  61.31021	  61.50762
 6658	  38.5633	  4.29574	  61.31021	  61.50762
 6659	  37.60129	  4.32729	  61.30847	  61.50587
 6660	  37.60129	  4.32729	  61.30847	  61.50587
 6661	  38.5633	  4.29574	  61.31021	  61.50762
 6662	  37.60129	  4.32729	  61.30847	  61.50587
 6663	  37.60129	  4.32729	  61.30847	  61.50587
 6664	  37.60129	  4.32729	  61.30847	  61.50587
 6665	  37.55508	  4.3321	  61.31069	  61.50809
 6666	  38.5633	  4.29574	  61.31021	  61.50762
 6667	  37.60129	  4.32729	  61.30847	  61.50587
 6668	  38.56391	  4.26294	  61.30885	  61.50626
 6669	  38.56391	  4.26294	  61.30885	  61.50626
 6670	  37.60129	  4.32729	  61.30847	  61.50587
 6671	  37.6045	  4.29327	  61.30648	  61.50389
 6672	  37.59649	  4.35712	  61.33133	  61.52873
 6673	  37.55079	  4.36149	  61.33395	  61.53135
 6674	  37.60129	  4.32729	  61.30847	  61.50587
 6675	  37.60129	  4.32729	  61.30847	  61.50587
 6676	  37.55079	  4.36149	  61.33395	  61.53135
 6677	  37.55508	  4.3321	  61.31069	  61.50809
 6678	  37.55508	  4.3321	  61.31069	  61.50809
 6679	  37.60129	  4.32729	  61.30847	  61.50587
 6680	  37.60129	  4.32729	  61.30847	  61.50587
 6681	  37.60129	  4.32729	  61.30847	  61.50587
 6682	  37.60129	  4.32729	  61.30847	  61.50587
 6683	  38.56331	  4.29574	  61.31021	  61.50761
 6684	  38.56331	  4.29574	  61.31021	  61.50761
 6685	  37.60129	  4.32729	  61.30847	  61.50587
 6686	  38.56331	  4.29574	  61.31021	  61.50761
 6687	  38.56331	  4.29574	  61.31021	  61.50761
 6688	  38.56331	  4.29574	  61.31021	  61.50761
 6689	  38.61152	  4.29682	  61.31355	  61.51095
 6690	  38.56331	  4.29574	  61.31021	  61.50761
 6691	  38.61152	  4.29682	  61.31355	  61.51095
 6692	  38.55707	  4.32822	  61.32932	  61.52672
 6693	  38.55707	  4.32822	  61.32932	  61.52672
 6694	  38.61152	  4.29682	  61.31355	  61.51095
 6695	  38.60539	  4.32928	  61.33269	  61.53009
 6696	  38.60539	  4.32928	  61.33269	  61.53009
 6697	  38.55754	  4.32823	  61.32935	  61.52675
 6698	  38.55707	  4.32822	  61.32932	  61.52672
 6699	  38.55707	  4.32822	  61.32932	  61.52672
 6700	  38.55754	  4.32823	  61.32935	  61.52675
 6701	  37.59649	  4.35712	  61.33133	  61.52873
 6702	  37.59649	  4.35712	  61.33133	  61.52873
 6703	  38.55754	  4.32823	  61.32935	  61.52675
 6704	  37.59604	  4.35716	  61.33135	  61.52876
 6705	  37.59649	  4.35712	  61.33133	  61.52873
 6706	  37.59604	  4.35716	  61.33135	  61.52876
 6707	  37.55079	  4.36149	  61.33395	  61.53135
 6708	  38.55707	  4.32822	  61.32932	  61.52672
 6709	  37.59649	  4.35712	  61.33133	  61.52873
 6710	  38.56331	  4.29574	  61.31021	  61.50761
 6711	  38.56331	  4.29574	  61.31021	  61.50761
 6712	  37.59649	  4.35712	  61.33133	  61.52873
 6713	  37.60129	  4.32729	  61.30847	  61.50587
 6714	  37.58278	  4.41223	  61.41919	  61.61659
 6715	  37.54038	  4.41454	  61.4232	  61.6206
 6716	  37.59604	  4.35716	  61.33135	  61.52876
 6717	  37.59604	  4.35716	  61.33135	  61.52876
 6718	  37.54038	  4.41454	  61.4232	  61.6206
 6719	  37.55079	  4.36149	  61.33395	  61.53135
 6720	  37.55079	  4.36149	  61.33395	  61.53135
 6721	  37.59604	  4.35716	  61.33135	  61.52876
 6722	  37.59604	  4.35716	  61.33135	  61.52876
 6723	  37.59604	  4.35716	  61.33135	  61.52876
 6724	  37.59604	  4.35716	  61.33135	  61.52876
 6725	  38.55754	  4.32823	  61.32935	  61.52675
 6726	  38.55754	  4.32823	  61.32935	  61.52675
 6727	  37.59604	  4.35716	  61.33135	  61.52876
 6728	  38.55754	  4.32823	  61.32935	  61.52675
 6729	  38.55754	  4.32823	  61.32935	  61.52675
 6730	  38.55754	  4.32823	  61.32935	  61.52675
 6731	  38.60539	  4.32928	  61.33269	  61.53009
 6732	  38.55754	  4.32823	  61.32935	  61.52675
 6733	  38.60539	  4.32928	  61.33269	  61.53009
 6734	  38.53368	  4.39592	  61.40331	  61.60071
 6735	  38.53368	  4.39592	  61.40331	  61.60071
 6736	  38.60539	  4.32928	  61.33269	  61.53009
 6737	  38.58193	  4.39685	  61.40679	  61.60419
 6738	  38.58193	  4.39685	  61.40679	  61.60419
 6739	  38.53649	  4.39597	  61.4035	  61.60089
 6740	  38.53368	  4.39592	  61.40331	  61.60071
 6741	  38.53368	  4.39592	  61.40331	  61.60071
 6742	  38.53649	  4.39597	  61.4035	  61.60089
 6743	  37.58278	  4.41223	  61.41919	  61.61659
 6744	  37.58278	  4.41223	  61.41919	  61.61659
 6745	  38.53649	  4.39597	  61.4035	  61.60089
 6746	  37.58029	  4.41236	  61.41941	  61.61681
 6747	  37.58278	  4.41223	  61.41919	  61.61659
 6748	  37.58029	  4.41236	  61.41941	  61.61681
 6749	  37.54038	  4.41454	  61.4232	  61.6206
 6750	  38.53368	  4.39592	  61.40331	  61.60071
 6751	  37.58278	  4.41223	  61.41919	  61.61659
 6752	  38.55754	  4.32823	  61.32935	  61.52675
 6753	  38.55754	  4.32823	  61.32935	  61.52675
 6754	  37.58278	  4.41223	  61.41919	  61.61659
 6755	  37.59604	  4.35716	  61.33135	  61.52876
 6756	  37.62945	  4.1382	  61.2286	  61.42601
 6757	  37.58564	  4.14285	  61.23099	  61.42839
 6758	  37.61262	  4.14457	  61.32109	  61.51849
 6759	  37.61262	  4.14457	  61.32109	  61.51849
 6760	  37.58564	  4.14285	  61.23099	  61.42839
 6761	  37.57121	  4.14991	  61.32483	  61.52224
 6762	  37.57121	  4.14991	  61.32483	  61.52224
 6763	  37.61055	  4.14483	  61.32127	  61.51867
 6764	  37.61262	  4.14457	  61.32109	  61.51849
 6765	  37.61262	  4.14457	  61.32109	  61.51849
 6766	  37.61055	  4.14483	  61.32127	  61.51867
 6767	  38.56236	  4.11164	  61.30631	  61.50371
 6768	  38.56236	  4.11164	  61.30631	  61.50371
 6769	  37.61055	  4.14483	  61.32127	  61.51867
 6770	  38.56471	  4.11175	  61.30647	  61.50387
 6771	  38.56236	  4.11164	  61.30631	  61.50371
 6772	  38.56471	  4.11175	  61.30647	  61.50387
 6773	  38.60971	  4.11426	  61.30974	  61.50714
 6774	  38.56236	  4.11164	  61.30631	  61.50371
 6775	  38.60971	  4.11426	  61.30974	  61.50714
 6776	  38.58776	  4.10768	  61.2278	  61.42521
 6777	  38.58776	  4.10768	  61.2278	  61.42521
 6778	  38.60971	  4.11426	  61.30974	  61.50714
 6779	  38.63485	  4.10904	  61.2311	  61.4285
 6780	  38.63485	  4.10904	  61.2311	  61.4285
 6781	  38.58776	  4.10768	  61.2278	  61.42521
 6782	  38.58776	  4.10768	  61.2278	  61.42521
 6783	  38.58776	  4.10768	  61.2278	  61.42521
 6784	  38.58776	  4.10768	  61.2278	  61.42521
 6785	  37.62945	  4.1382	  61.2286	  61.42601
 6786	  37.62945	  4.1382	  61.2286	  61.42601
 6787	  38.58776	  4.10768	  61.2278	  61.42521
 6788	  37.62945	  4.1382	  61.2286	  61.42601
 6789	  37.62945	  4.1382	  61.2286	  61.42601
 6790	  37.62945	  4.1382	  61.2286	  61.42601
 6791	  37.58564	  4.14285	  61.23099	  61.42839
 6792	  38.58776	  4.10768	  61.2278	  61.42521
 6793	  37.62945	  4.1382	  61.2286	  61.42601
 6794	  38.56236	  4.11164	  61.30631	  61.50371
 6795	  38.56236	  4.11164	  61.30631	  61.50371
 6796	  37.62945	  4.1382	  61.2286	  61.42601
 6797	  37.61262	  4.14457	  61.32109	  61.51849
 6798	  37.63299	  4.15315	  61.20638	  61.40378
 6799	  37.58749	  4.15778	  61.2085	  61.40591
 6800	  37.63031	  4.13811	  61.22855	  61.42596
 6801	  37.63031	  4.13811	  61.22855	  61.42596
 6802	  37.58749	  4.15778	  61.2085	  61.40591
 6803	  37.58564	  4.14285	  61.23099	  61.42839
 6804	  37.58564	  4.14285	  61.23099	  61.42839
 6805	  37.62945	  4.1382	  61.2286	  61.42601
 6806	  37.63031	  4.13811	  61.22855	  61.42596
 6807	  37.63031	  4.13811	  61.22855	  61.42596
 6808	  37.62945	  4.1382	  61.2286	  61.42601
 6809	  38.58685	  4.10766	  61.22774	  61.42515
 6810	  38.58685	  4.10766	  61.22774	  61.42515
 6811	  37.62945	  4.1382	  61.2286	  61.42601
 6812	  38.58776	  4.10768	  61.2278	  61.42521
 6813	  38.58685	  4.10766	  61.22774	  61.42515
 6814	  38.58776	  4.10768	  61.2278	  61.42521
 6815	  38.63485	  4.10904	  61.2311	  61.4285
 6816	  38.58685	  4.10766	  61.22774	  61.42515
 6817	  38.63485	  4.10904	  61.2311	  61.4285
 6818	  38.59292	  4.1228	  61.20875	  61.40615
 6819	  38.59292	  4.1228	  61.20875	  61.40615
 6820	  38.63485	  4.10904	  61.2311	  61.4285
 6821	  38.64086	  4.12386	  61.21207	  61.40948
 6822	  38.64086	  4.12386	  61.21207	  61.40948
 6823	  38.59292	  4.1228	  61.20875	  61.40615
 6824	  38.59292	  4.1228	  61.20875	  61.40615
 6825	  38.59292	  4.1228	  61.20875	  61.40615
 6826	  38.59292	  4.1228	  61.20875	  61.40615
 6827	  37.63299	  4.15315	  61.20638	  61.40378
 6828	  37.63299	  4.15315	  61.20638	  61.40378
 6829	  38.59292	  4.1228	  61.20875	  61.40615
 6830	  37.63299	  4.15315	  61.20638	  61.40378
 6831	  37.63299	  4.15315	  61.20638	  61.40378
 6832	  37.63299	  4.15315	  61.20638	  61.40378
 6833	  37.58749	  4.15778	  61.2085	  61.40591
 6834	  38.59292	  4.1228	  61.20875	  61.40615
 6835	  37.63299	  4.15315	  61.20638	  61.40378
 6836	  38.58685	  4.10766	  61.22774	  61.42515
 6837	  38.58685	  4.10766	  61.22774	  61.42515
 6838	  37.63299	  4.15315	  61.20638	  61.40378
 6839	  37.63031	  4.13811	  61.22855	  61.42596
 6840	  37.63034	  4.18712	  61.20834	  61.40574
 6841	  37.58382	  4.19196	  61.21057	  61.40798
 6842	  37.63356	  4.1531	  61.20635	  61.40376
 6843	  37.63356	  4.1531	  61.20635	  61.40376
 6844	  37.58382	  4.19196	  61.21057	  61.40798
 6845	  37.58749	  4.15778	  61.2085	  61.40591
 6846	  37.58749	  4.15778	  61.2085	  61.40591
 6847	  37.63299	  4.15315	  61.20638	  61.40378
 6848	  37.63356	  4.1531	  61.20635	  61.40376
 6849	  37.63356	  4.1531	  61.20635	  61.40376
 6850	  37.63299	  4.15315	  61.20638	  61.40378
 6851	  38.59233	  4.12279	  61.20871	  61.40612
 6852	  38.59233	  4.12279	  61.20871	  61.40612
 6853	  37.63299	  4.15315	  61.20638	  61.40378
 6854	  38.59292	  4.1228	  61.20875	  61.40615
 6855	  38.59233	  4.12279	  61.20871	  61.40612
 6856	  38.59292	  4.1228	  61.20875	  61.40615
 6857	  38.64086	  4.12386	  61.21207	  61.40948
 6858	  38.59233	  4.12279	  61.20871	  61.40612
 6859	  38.64086	  4.12386	  61.21207	  61.40948
 6860	  38.59172	  4.15559	  61.21007	  61.40748
 6861	  38.59172	  4.15559	  61.21007	  61.40748
 6862	  38.64086	  4.12386	  61.21207	  61.40948
 6863	  38.64026	  4.15668	  61.21343	  61.41084
 6864	  38.64026	  4.15668	  61.21343	  61.41084
 6865	  38.59172	  4.15559	  61.21007	  61.40748
 6866	  38.59172	  4.15559	  61.21007	  61.40748
 6867	  38.59172	  4.15559	  61.21007	  61.40748
 6868	  38.59172	  4.15559	  61.21007	  61.40748
 6869	  37.63034	  4.18712	  61.20834	  61.40574
 6870	  37.63034	  4.18712	  61.20834	  61.40574
 6871	  38.59172	  4.15559	  61.21007	  61.40748
 6872	  37.63034	  4.18712	  61.20834	  61.40574
 6873	  37.63034	  4.18712	  61.20834	  61.40574
 6874	  37.63034	  4.18712	  61.20834	  61.40574
 6875	  37.58382	  4.19196	  61.21057	  61.40798
 6876	  38.59172	  4.15559	  61.21007	  61.40748
 6877	  37.63034	  4.18712	  61.20834	  61.40574
 6878	  38.59233	  4.12279	  61.20871	  61.40612
 6879	  38.59233	  4.12279	  61.20871	  61.40612
 6880	  37.63034	  4.18712	  61.20834	  61.40574
 6881	  37.63356	  4.1531	  61.20635	  61.40376
 6882	  37.62554	  4.21695	  61.23119	  61.4286
 6883	  37.57953	  4.22135	  61.23383	  61.43123
 6884	  37.63034	  4.18712	  61.20834	  61.40574
 6885	  37.63034	  4.18712	  61.20834	  61.40574
 6886	  37.57953	  4.22135	  61.23383	  61.43123
 6887	  37.58382	  4.19196	  61.21057	  61.40798
 6888	  37.58382	  4.19196	  61.21057	  61.40798
 6889	  37.63034	  4.18712	  61.20834	  61.40574
 6890	  37.63034	  4.18712	  61.20834	  61.40574
 6891	  37.63034	  4.18712	  61.20834	  61.40574
 6892	  37.63034	  4.18712	  61.20834	  61.40574
 6893	  38.59172	  4.15559	  61.21007	  61.40748
 6894	  38.59172	  4.15559	  61.21007	  61.40748
 6895	  37.63034	  4.18712	  61.20834	  61.40574
 6896	  38.59172	  4.15559	  61.21007	  61.40748
 6897	  38.59172	  4.15559	  61.21007	  61.40748
 6898	  38.59172	  4.15559	  61.21007	  61.40748
 6899	  38.64026	  4.15668	  61.21343	  61.41084
 6900	  38.59172	  4.15559	  61.21007	  61.40748
 6901	  38.64026	  4.15668	  61.21343	  61.41084
 6902	  38.58548	  4.18808	  61.22918	  61.42658
 6903	  38.58548	  4.18808	  61.22918	  61.42658
 6904	  38.64026	  4.15668	  61.21343	  61.41084
 6905	  38.63413	  4.18914	  61.23257	  61.42997
 6906	  38.63413	  4.18914	  61.23257	  61.42997
 6907	  38.58593	  4.18808	  61.2292	  61.42661
 6908	  38.58548	  4.18808	  61.22918	  61.42658
 6909	  38.58548	  4.18808	  61.22918	  61.42658
 6910	  38.58593	  4.18808	  61.2292	  61.42661
 6911	  37.62554	  4.21695	  61.23119	  61.4286
 6912	  37.62554	  4.21695	  61.23119	  61.4286
 6913	  38.58593	  4.18808	  61.2292	  61.42661
 6914	  37.62512	  4.21699	  61.23122	  61.42862
 6915	  37.62554	  4.21695	  61.23119	  61.4286
 6916	  37.62512	  4.21699	  61.23122	  61.42862
 6917	  37.57953	  4.22135	  61.23383	  61.43123
 6918	  38.58548	  4.18808	  61.22918	  61.42658
 6919	  37.62554	  4.21695	  61.23119	  61.4286
 6920	  38.59172	  4.15559	  61.21007	  61.40748
 6921	  38.59172	  4.15559	  61.21007	  61.40748
 6922	  37.62554	  4.21695	  61.23119	  61.4286
 6923	  37.63034	  4.18712	  61.20834	  61.40574
 6924	  37.61184	  4.27207	  61.31904	  61.51645
 6925	  37.56913	  4.2744	  61.32308	  61.52048
 6926	  37.62512	  4.21699	  61.23121	  61.42862
 6927	  37.62512	  4.21699	  61.23121	  61.42862
 6928	  37.56913	  4.2744	  61.32308	  61.52048
 6929	  37.57953	  4.22135	  61.23383	  61.43123
 6930	  37.57953	  4.22135	  61.23383	  61.43123
 6931	  37.62512	  4.21699	  61.23121	  61.42862
 6932	  37.62512	  4.21699	  61.23121	  61.42862
 6933	  37.62512	  4.21699	  61.23121	  61.42862
 6934	  37.62512	  4.21699	  61.23121	  61.42862
 6935	  38.58593	  4.18808	  61.2292	  61.42661
 6936	  38.58593	  4.18808	  61.2292	  61.42661
 6937	  37.62512	  4.21699	  61.23121	  61.42862
 6938	  38.58593	  4.18808	  61.2292	  61.42661
 6939	  38.58593	  4.18808	  61.2292	  61.42661
 6940	  38.58593	  4.18808	  61.2292	  61.42661
 6941	  38.63413	  4.18914	  61.23257	  61.42997
 6942	  38.58593	  4.18808	  61.2292	  61.42661
 6943	  38.63413	  4.18914	  61.23257	  61.42997
 6944	  38.56207	  4.25577	  61.30317	  61.50057
 6945	  38.56207	  4.25577	  61.30317	  61.50057
 6946	  38.63413	  4.18914	  61.23257	  61.42997
 6947	  38.61067	  4.25671	  61.30667	  61.50407
 6948	  38.61067	  4.25671	  61.30667	  61.50407
 6949	  38.56487	  4.25582	  61.30335	  61.50076
 6950	  38.56207	  4.25577	  61.30317	  61.50057
 6951	  38.56207	  4.25577	  61.30317	  61.50057
 6952	  38.56487	  4.25582	  61.30335	  61.50076
 6953	  37.61184	  4.27207	  61.31904	  61.51645
 6954	  37.61184	  4.27207	  61.31904	  61.51645
 6955	  38.56487	  4.25582	  61.30335	  61.50076
 6956	  37.60935	  4.2722	  61.31926	  61.51667
 6957	  37.61184	  4.27207	  61.31904	  61.51645
 6958	  37.60935	  4.2722	  61.31926	  61.51667
 6959	  37.56913	  4.2744	  61.32308	  61.52048
 6960	  38.56207	  4.25577	  61.30317	  61.50057
 6961	  37.61184	  4.27207	  61.31904	  61.51645
 6962	  38.58593	  4.18808	  61.2292	  61.42661
 6963	  38.58593	  4.18808	  61.2292	  61.42661
 6964	  37.61184	  4.27207	  61.31904	  61.51645
 6965	  37.62512	  4.21699	  61.23121	  61.42862
 6966	  39.36503	  6.18116	  63.03413	  63.23146
 6967	  39.355	  6.20455	  63.07425	  63.27158
 6968	  39.35172	  6.21198	  63.08753	  63.28486
 6969	  39.35172	  6.21198	  63.08753	  63.28486
 6970	  39.355	  6.20455	  63.07425	  63.27158
 6971	  39.2511	  6.36611	  63.53333	  63.73064
 6972	  39.2511	  6.36611	  63.53333	  63.73064
 6973	  39.355	  6.20455	  63.07425	  63.27158
 6974	  39.25056	  6.36573	  63.53603	  63.73334
 6975	  39.2511	  6.36611	  63.53333	  63.73064
 6976	  39.25056	  6.36573	  63.53603	  63.73334
 6977	  39.24934	  6.36396	  63.54205	  63.73936
 6978	  39.2511	  6.36611	  63.53333	  63.73064
 6979	  39.24934	  6.36396	  63.54205	  63.73936
 6980	  38.75442	  6.42494	  63.5384	  63.73571
 6981	  38.75442	  6.42494	  63.5384	  63.73571
 6982	  39.24934	  6.36396	  63.54205	  63.73936
 6983	  38.75046	  6.42475	  63.54732	  63.74463
 6984	  38.75046	  6.42475	  63.54732	  63.74463
 6985	  38.75442	  6.42494	  63.5384	  63.73571
 6986	  38.75442	  6.42494	  63.5384	  63.73571
 6987	  38.75442	  6.42494	  63.5384	  63.73571
 6988	  38.75442	  6.42494	  63.5384	  63.73571
 6989	  38.86451	  6.29242	  63.05387	  63.2512
 6990	  38.86451	  6.29242	  63.05387	  63.2512
 6991	  38.75442	  6.42494	  63.5384	  63.73571
 6992	  38.86451	  6.29242	  63.05387	  63.2512
 6993	  38.86451	  6.29242	  63.05387	  63.2512
 6994	  38.86451	  6.29242	  63.05387	  63.2512
 6995	  38.8797	  6.26211	  62.99829	  63.19563
 6996	  38.86451	  6.29242	  63.05387	  63.2512
 6997	  38.8797	  6.26211	  62.99829	  63.19563
 6998	  39.35172	  6.21198	  63.08753	  63.28486
 6999	  39.35172	  6.21198	  63.08753	  63.28486
 7000	  38.8797	  6.26211	  62.99829	  63.19563
 7001	  39.36503	  6.18116	  63.03413	  63.23146
 7002	  38.86451	  6.29242	  63.05387	  63.2512
 7003	  39.35172	  6.21198	  63.08753	  63.28486
 7004	  38.75442	  6.42494	  63.5384	  63.73571
 7005	  38.75442	  6.42494	  63.5384	  63.73571
 7006	  39.35172	  6.21198	  63.08753	  63.28486
 7007	  39.2511	  6.36611	  63.53333	  63.73064
 7008	  38.8797	  6.26212	  62.99829	  63.19563
 7009	  38.86451	  6.29242	  63.05387	  63.2512
 7010	  38.86298	  6.29536	  63.05964	  63.25697
 7011	  38.86298	  6.29536	  63.05964	  63.25697
 7012	  38.86451	  6.29242	  63.05387	  63.2512
 7013	  38.75487	  6.42493	  63.53711	  63.73441
 7014	  38.75487	  6.42493	  63.53711	  63.73441
 7015	  38.86451	  6.29242	  63.05387	  63.2512
 7016	  38.75442	  6.42494	  63.5384	  63.73571
 7017	  38.75487	  6.42493	  63.53711	  63.73441
 7018	  38.75442	  6.42494	  63.5384	  63.73571
 7019	  38.75046	  6.42475	  63.54732	  63.74463
 7020	  38.75487	  6.42493	  63.53711	  63.73441
 7021	  38.75046	  6.42475	  63.54732	  63.74463
 7022	  38.09714	  6.44793	  63.51332	  63.71064
 7023	  38.09714	  6.44793	  63.51332	  63.71064
 7024	  38.75046	  6.42475	  63.54732	  63.74463
 7025	  38.09417	  6.44807	  63.52375	  63.72107
 7026	  38.09417	  6.44807	  63.52375	  63.72107
 7027	  38.09714	  6.44793	  63.51332	  63.71064
 7028	  38.09714	  6.44793	  63.51332	  63.71064
 7029	  38.09714	  6.44793	  63.51332	  63.71064
 7030	  38.09714	  6.44793	  63.51332	  63.71064
 7031	  38.2347	  6.32443	  63.02168	  63.21901
 7032	  38.2347	  6.32443	  63.02168	  63.21901
 7033	  38.09714	  6.44793	  63.51332	  63.71064
 7034	  38.2347	  6.32443	  63.02168	  63.21901
 7035	  38.2347	  6.32443	  63.02168	  63.21901
 7036	  38.2347	  6.32443	  63.02168	  63.21901
 7037	  38.2523	  6.29073	  62.9592	  63.15654
 7038	  38.2347	  6.32443	  63.02168	  63.21901
 7039	  38.2523	  6.29073	  62.9592	  63.15654
 7040	  38.86298	  6.29536	  63.05964	  63.25697
 7041	  38.86298	  6.29536	  63.05964	  63.25697
 7042	  38.2523	  6.29073	  62.9592	  63.15654
 7043	  38.8797	  6.26212	  62.99829	  63.19563
 7044	  38.2347	  6.32443	  63.02168	  63.21901
 7045	  38.86298	  6.29536	  63.05964	  63.25697
 7046	  38.09714	  6.44793	  63.51332	  63.71064
 7047	  38.09714	  6.44793	  63.51332	  63.71064
 7048	  38.86298	  6.29536	  63.05964	  63.25697
 7049	  38.75487	  6.42493	  63.53711	  63.73441
 7050	  38.2523	  6.29073	  62.9592	  63.15654
 7051	  38.2347	  6.32443	  63.02168	  63.21901
 7052	  38.2347	  6.32443	  63.02168	  63.21901
 7053	  38.2347	  6.32443	  63.02168	  63.21901
 7054	  38.2347	  6.32443	  63.02168	  63.21901
 7055	  38.09714	  6.44793	  63.51332	  63.71064
 7056	  38.09714	  6.44793	  63.51332	  63.71064
 7057	  38.2347	  6.32443	  63.02168	  63.21901
 7058	  38.09714	  6.44793	  63.51332	  63.71064
 7059	  38.09714	  6.44793	  63.51332	  63.71064
 7060	  38.09714	  6.44793	  63.51332	  63.71064
 7061	  38.09417	  6.44807	  63.52375	  63.72107
 7062	  38.09714	  6.44793	  63.51332	  63.71064
 7063	  38.09417	  6.44807	  63.52375	  63.72107
 7064	  37.44873	  6.4066	  63.45715	  63.65447
 7065	  37.44873	  6.4066	  63.45715	  63.65447
 7066	  38.09417	  6.44807	  63.52375	  63.72107
 7067	  37.44735	  6.40645	  63.46755	  63.66487
 7068	  37.44735	  6.40645	  63.46755	  63.66487
 7069	  37.44846	  6.40661	  63.45842	  63.65573
 7070	  37.44873	  6.4066	  63.45715	  63.65447
 7071	  37.44873	  6.4066	  63.45715	  63.65447
 7072	  37.44846	  6.40661	  63.45842	  63.65573
 7073	  37.60796	  6.27774	  62.98282	  63.18016
 7074	  37.60796	  6.27774	  62.98282	  63.18016
 7075	  37.44846	  6.40661	  63.45842	  63.65573
 7076	  37.60962	  6.27491	  62.97728	  63.17461
 7077	  37.60796	  6.27774	  62.98282	  63.18016
 7078	  37.60962	  6.27491	  62.97728	  63.17461
 7079	  37.62587	  6.24451	  62.92155	  63.11889
 7080	  37.60796	  6.27774	  62.98282	  63.18016
 7081	  37.62587	  6.24451	  62.92155	  63.11889
 7082	  38.2347	  6.32443	  63.02168	  63.21901
 7083	  38.2347	  6.32443	  63.02168	  63.21901
 7084	  37.62587	  6.24451	  62.92155	  63.11889
 7085	  38.2523	  6.29073	  62.9592	  63.15654
 7086	  37.60796	  6.27774	  62.98282	  63.18016
 7087	  38.2347	  6.32443	  63.02168	  63.21901
 7088	  37.44873	  6.4066	  63.45715	  63.65447
 7089	  37.44873	  6.4066	  63.45715	  63.65447
 7090	  38.2347	  6.32443	  63.02168	  63.21901
 7091	  38.09714	  6.44793	  63.51332	  63.71064
 7092	  37.62587	  6.24451	  62.92155	  63.11889
 7093	  37.60962	  6.27491	  62.97728	  63.17461
 7094	  37.60962	  6.27491	  62.97728	  63.17461
 7095	  37.60962	  6.27491	  62.97728	  63.17461
 7096	  37.60962	  6.27491	  62.97728	  63.17461
 7097	  37.44846	  6.40661	  63.45842	  63.65573
 7098	  37.44846	  6.40661	  63.45842	  63.65573
 7099	  37.60962	  6.27491	  62.97728	  63.17461
 7100	  37.44846	  6.40661	  63.45842	  63.65573
 7101	  37.44846	  6.40661	  63.45842	  63.65573
 7102	  37.44846	  6.40661	  63.45842	  63.65573
 7103	  37.44735	  6.40645	  63.46755	  63.66487
 7104	  37.44846	  6.40661	  63.45842	  63.65573
 7105	  37.44735	  6.40645	  63.46755	  63.66487
 7106	  36.97195	  6.33412	  63.39378	  63.59109
 7107	  36.97195	  6.33412	  63.39378	  63.59109
 7108	  37.44735	  6.40645	  63.46755	  63.66487
 7109	  36.96886	  6.33194	  63.40247	  63.59979
 7110	  36.96886	  6.33194	  63.40247	  63.59979
 7111	  36.971	  6.33374	  63.39643	  63.59374
 7112	  36.97195	  6.33412	  63.39378	  63.59109
 7113	  36.97195	  6.33412	  63.39378	  63.59109
 7114	  36.971	  6.33374	  63.39643	  63.59374
 7115	  37.12148	  6.18078	  62.95123	  63.14856
 7116	  37.12148	  6.18078	  62.95123	  63.14856
 7117	  36.971	  6.33374	  63.39643	  63.59374
 7118	  37.12564	  6.17346	  62.93817	  63.1355
 7119	  37.12148	  6.18078	  62.95123	  63.14856
 7120	  37.12564	  6.17346	  62.93817	  63.1355
 7121	  37.13839	  6.14989	  62.89783	  63.09517
 7122	  37.12148	  6.18078	  62.95123	  63.14856
 7123	  37.13839	  6.14989	  62.89783	  63.09517
 7124	  37.60962	  6.27491	  62.97728	  63.17461
 7125	  37.60962	  6.27491	  62.97728	  63.17461
 7126	  37.13839	  6.14989	  62.89783	  63.09517
 7127	  37.62587	  6.24451	  62.92155	  63.11889
 7128	  37.12148	  6.18078	  62.95123	  63.14856
 7129	  37.60962	  6.27491	  62.97728	  63.17461
 7130	  36.97195	  6.33412	  63.39378	  63.59109
 7131	  36.97195	  6.33412	  63.39378	  63.59109
 7132	  37.60962	  6.27491	  62.97728	  63.17461
 7133	  37.44846	  6.40661	  63.45842	  63.65573
 7134	  39.52238	  5.73861	  62.46772	  62.66508
 7135	  39.51896	  5.74856	  62.47692	  62.67427
 7136	  39.51896	  5.74856	  62.47692	  62.67427
 7137	  39.51896	  5.74856	  62.47692	  62.67427
 7138	  39.51896	  5.74856	  62.47692	  62.67427
 7139	  39.38196	  6.13944	  62.96783	  63.16517
 7140	  39.38196	  6.13944	  62.96783	  63.16517
 7141	  39.51896	  5.74856	  62.47692	  62.67427
 7142	  39.38196	  6.13944	  62.96783	  63.16517
 7143	  39.38196	  6.13944	  62.96783	  63.16517
 7144	  39.38196	  6.13944	  62.96783	  63.16517
 7145	  39.36503	  6.18116	  63.03413	  63.23146
 7146	  39.38196	  6.13944	  62.96783	  63.16517
 7147	  39.36503	  6.18116	  63.03413	  63.23146
 7148	  38.89963	  6.21986	  62.9303	  63.12763
 7149	  38.89963	  6.21986	  62.9303	  63.12763
 7150	  39.36503	  6.18116	  63.03413	  63.23146
 7151	  38.8797	  6.26211	  62.99829	  63.19563
 7152	  38.8797	  6.26211	  62.99829	  63.19563
 7153	  38.89917	  6.22084	  62.93179	  63.12912
 7154	  38.89963	  6.21986	  62.9303	  63.12763
 7155	  38.89963	  6.21986	  62.9303	  63.12763
 7156	  38.89917	  6.22084	  62.93179	  63.12912
 7157	  39.07631	  5.80126	  62.45003	  62.64739
 7158	  39.07631	  5.80126	  62.45003	  62.64739
 7159	  38.89917	  6.22084	  62.93179	  63.12912
 7160	  39.07646	  5.80092	  62.44973	  62.64709
 7161	  39.07631	  5.80126	  62.45003	  62.64739
 7162	  39.07646	  5.80092	  62.44973	  62.64709
 7163	  39.08149	  5.79128	  62.44166	  62.63902
 7164	  39.07631	  5.80126	  62.45003	  62.64739
 7165	  39.08149	  5.79128	  62.44166	  62.63902
 7166	  39.51896	  5.74856	  62.47692	  62.67427
 7167	  39.51896	  5.74856	  62.47692	  62.67427
 7168	  39.08149	  5.79128	  62.44166	  62.63902
 7169	  39.52238	  5.73861	  62.46772	  62.66508
 7170	  39.07631	  5.80126	  62.45003	  62.64739
 7171	  39.51896	  5.74856	  62.47692	  62.67427
 7172	  38.89963	  6.21986	  62.9303	  63.12763
 7173	  38.89963	  6.21986	  62.9303	  63.12763
 7174	  39.51896	  5.74856	  62.47692	  62.67427
 7175	  39.38196	  6.13944	  62.96783	  63.16517
 7176	  39.08149	  5.79128	  62.44166	  62.63902
 7177	  39.07646	  5.80093	  62.44973	  62.64709
 7178	  39.07646	  5.80093	  62.44973	  62.64709
 7179	  39.07646	  5.80093	  62.44973	  62.64709
 7180	  39.07646	  5.80093	  62.44973	  62.64709
 7181	  38.89917	  6.22084	  62.93179	  63.12912
 7182	  38.89917	  6.22084	  62.93179	  63.12912
 7183	  39.07646	  5.80093	  62.44973	  62.64709
 7184	  38.89917	  6.22084	  62.93179	  63.12912
 7185	  38.89917	  6.22084	  62.93179	  63.12912
 7186	  38.89917	  6.22084	  62.93179	  63.12912
 7187	  38.8797	  6.26212	  62.99829	  63.19563
 7188	  38.89917	  6.22084	  62.93179	  63.12912
 7189	  38.8797	  6.26212	  62.99829	  63.19563
 7190	  38.27136	  6.24845	  62.89172	  63.08906
 7191	  38.27136	  6.24845	  62.89172	  63.08906
 7192	  38.8797	  6.26212	  62.99829	  63.19563
 7193	  38.2523	  6.29073	  62.9592	  63.15654
 7194	  38.2523	  6.29073	  62.9592	  63.15654
 7195	  38.27129	  6.24862	  62.89197	  63.08931
 7196	  38.27136	  6.24845	  62.89172	  63.08906
 7197	  38.27136	  6.24845	  62.89172	  63.08906
 7198	  38.27129	  6.24862	  62.89197	  63.08931
 7199	  38.40915	  5.81349	  62.4094	  62.60675
 7200	  38.40915	  5.81349	  62.4094	  62.60675
 7201	  38.27129	  6.24862	  62.89197	  63.08931
 7202	  38.40916	  5.81344	  62.40935	  62.60671
 7203	  38.40915	  5.81349	  62.4094	  62.60675
 7204	  38.40916	  5.81344	  62.40935	  62.60671
 7205	  38.41147	  5.80448	  62.4017	  62.59906
 7206	  38.40915	  5.81349	  62.4094	  62.60675
 7207	  38.41147	  5.80448	  62.4017	  62.59906
 7208	  39.07646	  5.80093	  62.44973	  62.64709
 7209	  39.07646	  5.80093	  62.44973	  62.64709
 7210	  38.41147	  5.80448	  62.4017	  62.59906
 7211	  39.08149	  5.79128	  62.44166	  62.63902
 7212	  38.40915	  5.81349	  62.4094	  62.60675
 7213	  39.07646	  5.80093	  62.44973	  62.64709
 7214	  38.27136	  6.24845	  62.89172	  63.08906
 7215	  38.27136	  6.24845	  62.89172	  63.08906
 7216	  39.07646	  5.80093	  62.44973	  62.64709
 7217	  38.89917	  6.22084	  62.93179	  63.12912
 7218	  38.41147	  5.80448	  62.4017	  62.59906
 7219	  38.40916	  5.81344	  62.40935	  62.60671
 7220	  38.40914	  5.81354	  62.40945	  62.6068
 7221	  38.40914	  5.81354	  62.40945	  62.6068
 7222	  38.40916	  5.81344	  62.40935	  62.60671
 7223	  38.27143	  6.24829	  62.89147	  63.08881
 7224	  38.27143	  6.24829	  62.89147	  63.08881
 7225	  38.40916	  5.81344	  62.40935	  62.60671
 7226	  38.27129	  6.24862	  62.89197	  63.08931
 7227	  38.27143	  6.24829	  62.89147	  63.08881
 7228	  38.27129	  6.24862	  62.89197	  63.08931
 7229	  38.2523	  6.29073	  62.9592	  63.15654
 7230	  38.27143	  6.24829	  62.89147	  63.08881
 7231	  38.2523	  6.29073	  62.9592	  63.15654
 7232	  37.64411	  6.20306	  62.85471	  63.05206
 7233	  37.64411	  6.20306	  62.85471	  63.05206
 7234	  38.2523	  6.29073	  62.9592	  63.15654
 7235	  37.62587	  6.24451	  62.92155	  63.11889
 7236	  37.62587	  6.24451	  62.92155	  63.11889
 7237	  37.64411	  6.20306	  62.85471	  63.05206
 7238	  37.64411	  6.20306	  62.85471	  63.05206
 7239	  37.64411	  6.20306	  62.85471	  63.05206
 7240	  37.64411	  6.20306	  62.85471	  63.05206
 7241	  37.74252	  5.78225	  62.36813	  62.56549
 7242	  37.74252	  5.78225	  62.36813	  62.56549
 7243	  37.64411	  6.20306	  62.85471	  63.05206
 7244	  37.74252	  5.78225	  62.36813	  62.56549
 7245	  37.74252	  5.78225	  62.36813	  62.56549
 7246	  37.74252	  5.78225	  62.36813	  62.56549
 7247	  37.74227	  5.77248	  62.35969	  62.55704
 7248	  37.74252	  5.78225	  62.36813	  62.56549
 7249	  37.74227	  5.77248	  62.35969	  62.55704
 7250	  38.40914	  5.81354	  62.40945	  62.6068
 7251	  38.40914	  5.81354	  62.40945	  62.6068
 7252	  37.74227	  5.77248	  62.35969	  62.55704
 7253	  38.41147	  5.80448	  62.4017	  62.59906
 7254	  37.74252	  5.78225	  62.36813	  62.56549
 7255	  38.40914	  5.81354	  62.40945	  62.6068
 7256	  37.64411	  6.20306	  62.85471	  63.05206
 7257	  37.64411	  6.20306	  62.85471	  63.05206
 7258	  38.40914	  5.81354	  62.40945	  62.6068
 7259	  38.27143	  6.24829	  62.89147	  63.08881
 7260	  37.74227	  5.77248	  62.35969	  62.55704
 7261	  37.74252	  5.78225	  62.36813	  62.56549
 7262	  37.7425	  5.78264	  62.36848	  62.56584
 7263	  37.7425	  5.78264	  62.36848	  62.56584
 7264	  37.74252	  5.78225	  62.36813	  62.56549
 7265	  37.64455	  6.20195	  62.85302	  63.05036
 7266	  37.64455	  6.20195	  62.85302	  63.05036
 7267	  37.74252	  5.78225	  62.36813	  62.56549
 7268	  37.64411	  6.20306	  62.85471	  63.05206
 7269	  37.64455	  6.20195	  62.85302	  63.05036
 7270	  37.64411	  6.20306	  62.85471	  63.05206
 7271	  37.62587	  6.24451	  62.92155	  63.11889
 7272	  37.64455	  6.20195	  62.85302	  63.05036
 7273	  37.62587	  6.24451	  62.92155	  63.11889
 7274	  37.15906	  6.10795	  62.83133	  63.02867
 7275	  37.15906	  6.10795	  62.83133	  63.02867
 7276	  37.62587	  6.24451	  62.92155	  63.11889
 7277	  37.13839	  6.14989	  62.89783	  63.09517
 7278	  37.13839	  6.14989	  62.89783	  63.09517
 7279	  37.15906	  6.10795	  62.83133	  63.02867
 7280	  37.15906	  6.10795	  62.83133	  63.02867
 7281	  37.15906	  6.10795	  62.83133	  63.02867
 7282	  37.15906	  6.10795	  62.83133	  63.02867
 7283	  37.3006	  5.71751	  62.34123	  62.53859
 7284	  37.3006	  5.71751	  62.34123	  62.53859
 7285	  37.15906	  6.10795	  62.83133	  63.02867
 7286	  37.3006	  5.71751	  62.34123	  62.53859
 7287	  37.3006	  5.71751	  62.34123	  62.53859
 7288	  37.3006	  5.71751	  62.34123	  62.53859
 7289	  37.30248	  5.70745	  62.33185	  62.52921
 7290	  37.3006	  5.71751	  62.34123	  62.53859
 7291	  37.30248	  5.70745	  62.33185	  62.52921
 7292	  37.7425	  5.78264	  62.36848	  62.56584
 7293	  37.7425	  5.78264	  62.36848	  62.56584
 7294	  37.30248	  5.70745	  62.33185	  62.52921
 7295	  37.74227	  5.77248	  62.35969	  62.55704
 7296	  37.3006	  5.71751	  62.34123	  62.53859
 7297	  37.7425	  5.78264	  62.36848	  62.56584
 7298	  37.15906	  6.10795	  62.83133	  63.02867
 7299	  37.15906	  6.10795	  62.83133	  63.02867
 7300	  37.7425	  5.78264	  62.36848	  62.56584
 7301	  37.64455	  6.20195	  62.85302	  63.05036
 7302	  39.52238	  5.73862	  62.46772	  62.66508
 7303	  39.08149	  5.79128	  62.44166	  62.63902
 7304	  39.51006	  5.69422	  62.45282	  62.65017
 7305	  39.51006	  5.69422	  62.45282	  62.65017
 7306	  39.08149	  5.79128	  62.44166	  62.63902
 7307	  39.08815	  5.74801	  62.42754	  62.6249
 7308	  39.08149	  5.79128	  62.44166	  62.63902
 7309	  38.41147	  5.80448	  62.4017	  62.59906
 7310	  39.08815	  5.74801	  62.42754	  62.6249
 7311	  39.08815	  5.74801	  62.42754	  62.6249
 7312	  38.41147	  5.80448	  62.4017	  62.59906
 7313	  38.41346	  5.75956	  62.38796	  62.58532
 7314	  38.41147	  5.80448	  62.4017	  62.59906
 7315	  37.74227	  5.77248	  62.35969	  62.55704
 7316	  38.41346	  5.75956	  62.38796	  62.58532
 7317	  38.41346	  5.75956	  62.38796	  62.58532
 7318	  37.74227	  5.77248	  62.35969	  62.55704
 7319	  37.74301	  5.72912	  62.34521	  62.54256
 7320	  37.74227	  5.77248	  62.35969	  62.55704
 7321	  37.30248	  5.70745	  62.33185	  62.52921
 7322	  37.74301	  5.72912	  62.34521	  62.54256
 7323	  37.74301	  5.72912	  62.34521	  62.54256
 7324	  37.30248	  5.70745	  62.33185	  62.52921
 7325	  37.32304	  5.66351	  62.31895	  62.51631
 7326	  39.51006	  5.69422	  62.45282	  62.65017
 7327	  39.08815	  5.74801	  62.42754	  62.6249
 7328	  39.4995	  5.66783	  62.44523	  62.64259
 7329	  39.4995	  5.66783	  62.44523	  62.64259
 7330	  39.08815	  5.74801	  62.42754	  62.6249
 7331	  39.10317	  5.72271	  62.42141	  62.61876
 7332	  39.08815	  5.74801	  62.42754	  62.6249
 7333	  38.41346	  5.75956	  62.38796	  62.58532
 7334	  39.10317	  5.72271	  62.42141	  62.61876
 7335	  39.10317	  5.72271	  62.42141	  62.61876
 7336	  38.41346	  5.75956	  62.38796	  62.58532
 7337	  38.41741	  5.73306	  62.38181	  62.57917
 7338	  38.41346	  5.75956	  62.38796	  62.58532
 7339	  37.74301	  5.72912	  62.34521	  62.54256
 7340	  38.41741	  5.73306	  62.38181	  62.57917
 7341	  38.41741	  5.73306	  62.38181	  62.57917
 7342	  37.74301	  5.72912	  62.34521	  62.54256
 7343	  37.73316	  5.70347	  62.33755	  62.53491
 7344	  37.74301	  5.72912	  62.34521	  62.54256
 7345	  37.32304	  5.66351	  62.31895	  62.51631
 7346	  37.73316	  5.70347	  62.33755	  62.53491
 7347	  37.73316	  5.70347	  62.33755	  62.53491
 7348	  37.32304	  5.66351	  62.31895	  62.51631
 7349	  37.33768	  5.63747	  62.3129	  62.51027
 7350	  38.75147	  4.88241	  61.74179	  61.93917
 7351	  38.60411	  4.87887	  61.72947	  61.92685
 7352	  38.71288	  4.86827	  61.72543	  61.92282
 7353	  38.71288	  4.86827	  61.72543	  61.92282
 7354	  38.60411	  4.87887	  61.72947	  61.92685
 7355	  38.60771	  4.86856	  61.71774	  61.91513
 7356	  38.60411	  4.87887	  61.72947	  61.92685
 7357	  38.45544	  4.87826	  61.72367	  61.92105
 7358	  38.60771	  4.86856	  61.71774	  61.91513
 7359	  38.60771	  4.86856	  61.71774	  61.91513
 7360	  38.45544	  4.87826	  61.72367	  61.92105
 7361	  38.50187	  4.86531	  61.71251	  61.9099
 7362	  38.90695	  4.14993	  61.14533	  61.34274
 7363	  38.77698	  4.13745	  61.12637	  61.32378
 7364	  38.97495	  3.80678	  60.89891	  61.09633
 7365	  38.97495	  3.80678	  60.89891	  61.09633
 7366	  38.77698	  4.13745	  61.12637	  61.32378
 7367	  38.84478	  3.80452	  60.89025	  61.08767
 7368	  38.77698	  4.13745	  61.12637	  61.32378
 7369	  38.64084	  4.14619	  61.12904	  61.32645
 7370	  38.84478	  3.80452	  60.89025	  61.08767
 7371	  38.84478	  3.80452	  60.89025	  61.08767
 7372	  38.64084	  4.14619	  61.12904	  61.32645
 7373	  38.71421	  3.80312	  60.88295	  61.08037
 7374	  38.44001	  4.85266	  61.80026	  61.99765
 7375	  38.45544	  4.87826	  61.72367	  61.92105
 7376	  38.58273	  4.85282	  61.8073	  62.00469
 7377	  38.58273	  4.85282	  61.8073	  62.00469
 7378	  38.45544	  4.87826	  61.72367	  61.92105
 7379	  38.60411	  4.87887	  61.72947	  61.92685
 7380	  38.58273	  4.85282	  61.8073	  62.00469
 7381	  38.60411	  4.87887	  61.72947	  61.92685
 7382	  38.72449	  4.85665	  61.81768	  62.01506
 7383	  38.72449	  4.85665	  61.81768	  62.01506
 7384	  38.60411	  4.87887	  61.72947	  61.92685
 7385	  38.75147	  4.88241	  61.74179	  61.93917
 7386	  38.9768	  3.77971	  60.89358	  61.091
 7387	  38.84643	  3.77807	  60.88483	  61.08226
 7388	  38.9786	  3.61186	  60.88969	  61.08711
 7389	  38.9786	  3.61186	  60.88969	  61.08711
 7390	  38.84643	  3.77807	  60.88483	  61.08226
 7391	  38.84848	  3.61014	  60.88063	  61.07804
 7392	  38.84643	  3.77807	  60.88483	  61.08226
 7393	  38.71564	  3.77604	  60.8776	  61.07502
 7394	  38.84848	  3.61014	  60.88063	  61.07805
 7395	  38.84848	  3.61014	  60.88063	  61.07805
 7396	  38.71564	  3.77604	  60.8776	  61.07502
 7397	  38.71775	  3.6082	  60.87372	  61.07114
 7398	  38.97495	  3.80678	  60.89891	  61.09633
 7399	  38.84478	  3.80452	  60.89025	  61.08767
 7400	  38.9768	  3.77971	  60.89358	  61.091
 7401	  38.9768	  3.77971	  60.89358	  61.091
 7402	  38.84478	  3.80452	  60.89025	  61.08767
 7403	  38.84643	  3.77807	  60.88483	  61.08225
 7404	  38.84478	  3.80452	  60.89025	  61.08767
 7405	  38.71421	  3.80312	  60.88295	  61.08037
 7406	  38.84643	  3.77807	  60.88483	  61.08226
 7407	  38.84643	  3.77807	  60.88483	  61.08226
 7408	  38.71421	  3.80312	  60.88295	  61.08037
 7409	  38.71564	  3.77604	  60.8776	  61.07502
 7410	  38.97967	  3.57307	  60.88907	  61.08649
 7411	  38.84885	  3.5714	  60.87999	  61.07741
 7412	  38.97969	  3.54871	  60.89063	  61.08805
 7413	  38.97969	  3.54871	  60.89063	  61.08805
 7414	  38.84885	  3.5714	  60.87999	  61.07741
 7415	  38.84864	  3.54729	  60.8812	  61.07862
 7416	  38.84885	  3.5714	  60.87999	  61.07741
 7417	  38.71745	  3.56939	  60.87302	  61.07044
 7418	  38.84864	  3.54729	  60.8812	  61.07862
 7419	  38.84864	  3.54729	  60.8812	  61.07862
 7420	  38.71745	  3.56939	  60.87302	  61.07044
 7421	  38.71682	  3.54502	  60.87454	  61.07196
 7422	  38.83748	  4.35583	  61.30134	  61.49874
 7423	  38.83283	  4.37782	  61.31792	  61.51533
 7424	  38.83229	  4.38032	  61.31982	  61.51722
 7425	  38.83229	  4.38032	  61.31982	  61.51722
 7426	  38.83283	  4.37782	  61.31792	  61.51533
 7427	  38.71431	  4.86433	  61.71995	  61.91733
 7428	  38.71431	  4.86433	  61.71995	  61.91733
 7429	  38.83283	  4.37782	  61.31792	  61.51533
 7430	  38.71415	  4.86481	  61.72056	  61.91795
 7431	  38.71431	  4.86433	  61.71995	  61.91733
 7432	  38.71415	  4.86481	  61.72056	  61.91795
 7433	  38.71288	  4.86827	  61.72543	  61.92282
 7434	  38.71431	  4.86433	  61.71995	  61.91733
 7435	  38.71288	  4.86827	  61.72543	  61.92282
 7436	  38.60931	  4.8638	  61.7121	  61.90949
 7437	  38.60931	  4.8638	  61.7121	  61.90949
 7438	  38.71288	  4.86827	  61.72543	  61.92282
 7439	  38.60771	  4.86856	  61.71774	  61.91513
 7440	  38.60771	  4.86856	  61.71774	  61.91513
 7441	  38.60931	  4.8638	  61.7121	  61.90949
 7442	  38.60931	  4.8638	  61.7121	  61.90949
 7443	  38.60931	  4.8638	  61.7121	  61.90949
 7444	  38.60931	  4.8638	  61.7121	  61.90949
 7445	  38.72552	  4.37282	  61.30592	  61.50332
 7446	  38.72552	  4.37282	  61.30592	  61.50332
 7447	  38.60931	  4.8638	  61.7121	  61.90949
 7448	  38.72552	  4.37282	  61.30592	  61.50332
 7449	  38.72552	  4.37282	  61.30592	  61.50332
 7450	  38.72552	  4.37282	  61.30592	  61.50332
 7451	  38.73127	  4.34615	  61.28584	  61.48324
 7452	  38.72552	  4.37282	  61.30592	  61.50332
 7453	  38.73127	  4.34615	  61.28584	  61.48324
 7454	  38.83229	  4.38032	  61.31982	  61.51722
 7455	  38.83229	  4.38032	  61.31982	  61.51722
 7456	  38.73127	  4.34615	  61.28584	  61.48324
 7457	  38.83748	  4.35583	  61.30134	  61.49874
 7458	  38.72552	  4.37282	  61.30592	  61.50332
 7459	  38.83229	  4.38032	  61.31982	  61.51722
 7460	  38.60931	  4.8638	  61.7121	  61.90949
 7461	  38.60931	  4.8638	  61.7121	  61.90949
 7462	  38.83229	  4.38032	  61.31982	  61.51722
 7463	  38.71431	  4.86433	  61.71995	  61.91733
 7464	  38.73127	  4.34615	  61.28583	  61.48324
 7465	  38.72552	  4.37282	  61.30592	  61.50332
 7466	  38.72552	  4.37282	  61.30592	  61.50332
 7467	  38.72552	  4.37282	  61.30592	  61.50332
 7468	  38.72552	  4.37282	  61.30592	  61.50332
 7469	  38.60931	  4.8638	  61.7121	  61.90949
 7470	  38.60931	  4.8638	  61.7121	  61.90949
 7471	  38.72552	  4.37282	  61.30592	  61.50332
 7472	  38.60931	  4.8638	  61.7121	  61.90949
 7473	  38.60931	  4.8638	  61.7121	  61.90949
 7474	  38.60931	  4.8638	  61.7121	  61.90949
 7475	  38.60771	  4.86856	  61.71774	  61.91513
 7476	  38.60931	  4.8638	  61.7121	  61.90949
 7477	  38.60771	  4.86856	  61.71774	  61.91513
 7478	  38.50354	  4.86137	  61.70705	  61.90443
 7479	  38.50354	  4.86137	  61.70705	  61.90443
 7480	  38.60771	  4.86856	  61.71774	  61.91513
 7481	  38.50187	  4.86531	  61.71251	  61.9099
 7482	  38.50187	  4.86531	  61.71251	  61.9099
 7483	  38.50336	  4.86185	  61.70765	  61.90504
 7484	  38.50354	  4.86137	  61.70705	  61.90443
 7485	  38.50354	  4.86137	  61.70705	  61.90443
 7486	  38.50336	  4.86185	  61.70765	  61.90504
 7487	  38.61462	  4.37726	  61.3065	  61.5039
 7488	  38.61462	  4.37726	  61.3065	  61.5039
 7489	  38.50336	  4.86185	  61.70765	  61.90504
 7490	  38.61517	  4.37478	  61.30462	  61.50202
 7491	  38.61462	  4.37726	  61.3065	  61.5039
 7492	  38.61517	  4.37478	  61.30462	  61.50202
 7493	  38.62003	  4.35277	  61.28803	  61.48543
 7494	  38.61462	  4.37726	  61.3065	  61.5039
 7495	  38.62003	  4.35277	  61.28803	  61.48543
 7496	  38.72552	  4.37282	  61.30592	  61.50332
 7497	  38.72552	  4.37282	  61.30592	  61.50332
 7498	  38.62003	  4.35277	  61.28803	  61.48543
