 1856	 -5.13551	  0.17825	  8.14835	  8.34795
 1714	 -5.13246	  0.2118	  8.13586	  8.33545
 1856	 -5.13551	  0.17825	  8.14835	  8.34795
 1886	 -5.1319	  0.21159	  8.13579	  8.33538
 1887	 -5.13552	  0.17757	  8.14841	  8.34801
 1858	 -5.13652	  0.17751	  8.14834	  8.34793
 1518	 -5.12954	  0.15833	  8.14621	  8.3458
 1887	 -5.13552	  0.17757	  8.14841	  8.34801
 1518	 -5.12954	  0.15833	  8.14621	  8.3458
 1517	 -5.12851	  0.15837	  8.14629	  8.34589
 1862	 -5.15295	  0.17499	  8.20095	  8.40054
 1888	 -5.15309	  0.18026	  8.20123	  8.40082
 1889	 -5.15205	  0.1803	  8.20129	  8.40088
 1862	 -5.15295	  0.17499	  8.20095	  8.40054
 1889	 -5.15205	  0.1803	  8.20129	  8.40088
 1859	 -5.15191	  0.17504	  8.20102	  8.40061
 1888	 -5.15309	  0.18026	  8.20123	  8.40082
 1865	 -5.1559	  0.3492	  8.20499	  8.40458
 1864	 -5.15487	  0.34922	  8.20507	  8.40466
 1888	 -5.15309	  0.18026	  8.20123	  8.40082
 1864	 -5.15487	  0.34922	  8.20507	  8.40466
 1890	 -5.15205	  0.1803	  8.20129	  8.40088
 1866	 -5.15592	  0.35004	  8.20509	  8.40468
 1891	 -5.15671	  0.40002	  8.20611	  8.4057
 1892	 -5.15571	  0.40002	  8.20618	  8.40577
 1866	 -5.15592	  0.35004	  8.20509	  8.40468
 1892	 -5.15571	  0.40002	  8.20618	  8.40577
 1893	 -5.15491	  0.35007	  8.20516	  8.40475
 1894	 -5.15675	  0.40179	  8.20617	  8.40576
 1895	 -5.15571	  0.40186	  8.20623	  8.40582
 1892	 -5.15571	  0.40002	  8.20618	  8.40577
 1894	 -5.15675	  0.40179	  8.20617	  8.40576
 1892	 -5.15571	  0.40002	  8.20618	  8.40577
 1896	 -5.15671	  0.40002	  8.20611	  8.4057
 1897	 -5.15767	  0.45212	  8.20755	  8.40714
 1898	 -5.15921	  0.48771	  8.21127	  8.41086
 1899	 -5.15817	  0.48778	  8.21135	  8.41094
 1897	 -5.15767	  0.45212	  8.20755	  8.40714
 1899	 -5.15817	  0.48778	  8.21135	  8.41094
 1900	 -5.15666	  0.45217	  8.20761	  8.4072
 1901	 -5.15925	  0.48838	  8.21143	  8.41102
 1902	 -5.16297	  0.51204	  8.22261	  8.4222
 1903	 -5.16194	  0.51205	  8.22268	  8.42227
 1901	 -5.15925	  0.48838	  8.21143	  8.41102
 1903	 -5.16194	  0.51205	  8.22268	  8.42227
 1904	 -5.15822	  0.48839	  8.21149	  8.41108
 1905	 -5.16297	  0.51204	  8.22261	  8.4222
 1906	 -5.1644	  0.55733	  8.22583	  8.42542
 1907	 -5.16337	  0.55737	  8.2259	  8.42549
 1905	 -5.16297	  0.51204	  8.22261	  8.4222
 1907	 -5.16337	  0.55737	  8.2259	  8.42549
 1903	 -5.16194	  0.51205	  8.22268	  8.42227
 1908	 -5.1644	  0.55733	  8.22583	  8.42542
 1909	 -5.16269	  0.59751	  8.21908	  8.41867
 1910	 -5.16165	  0.59752	  8.21916	  8.41875
 1908	 -5.1644	  0.55733	  8.22583	  8.42542
 1910	 -5.16165	  0.59752	  8.21916	  8.41875
 1907	 -5.16337	  0.55737	  8.2259	  8.42549
 1911	 -5.16269	  0.59751	  8.21908	  8.41867
 1912	 -5.15882	  0.60904	  8.20633	  8.40592
 1913	 -5.15778	  0.60907	  8.2064	  8.40599
 1911	 -5.16269	  0.59751	  8.21908	  8.41867
 1913	 -5.15778	  0.60907	  8.2064	  8.40599
 1914	 -5.16165	  0.59752	  8.21916	  8.41875
 1912	 -5.15882	  0.60904	  8.20633	  8.40592
 1915	 -5.15175	  0.61624	  8.18343	  8.38302
 1916	 -5.1507	  0.61629	  8.1835	  8.38309
 1912	 -5.15882	  0.60904	  8.20633	  8.40592
 1916	 -5.1507	  0.61629	  8.1835	  8.38309
 1913	 -5.15778	  0.60907	  8.2064	  8.40599
 1915	 -5.15175	  0.61624	  8.18343	  8.38302
 1917	 -5.15148	  0.6153	  8.18262	  8.38221
 1918	 -5.15044	  0.61533	  8.18269	  8.38228
 1915	 -5.15175	  0.61624	  8.18343	  8.38302
 1918	 -5.15044	  0.61533	  8.18269	  8.38228
 1916	 -5.1507	  0.61629	  8.1835	  8.38309
 1917	 -5.15148	  0.6153	  8.18262	  8.38221
 1919	 -5.1468	  0.56545	  8.1692	  8.36879
 1920	 -5.1458	  0.56547	  8.16926	  8.36886
 1917	 -5.15148	  0.6153	  8.18262	  8.38221
 1920	 -5.1458	  0.56547	  8.16926	  8.36886
 1918	 -5.15044	  0.61533	  8.18269	  8.38228
 1919	 -5.1468	  0.56545	  8.1692	  8.36879
 1921	 -5.14255	  0.51003	  8.15725	  8.35684
 1922	 -5.14151	  0.51007	  8.15733	  8.35692
 1919	 -5.1468	  0.56545	  8.1692	  8.36879
 1922	 -5.14151	  0.51007	  8.15733	  8.35692
 1920	 -5.1458	  0.56547	  8.16926	  8.36886
 1923	 -5.14318	  0.45424	  8.16102	  8.36061
 1924	 -5.14215	  0.4543	  8.1611	  8.36069
 1925	 -5.1415	  0.50917	  8.15729	  8.35689
 1923	 -5.14318	  0.45424	  8.16102	  8.36061
 1925	 -5.1415	  0.50917	  8.15729	  8.35689
 1926	 -5.14253	  0.50918	  8.15723	  8.35682
 1869	 -5.14273	  0.45165	  8.16128	  8.36087
 1765	 -5.14039	  0.39015	  8.15569	  8.35528
 1854	 -5.13982	  0.39019	  8.1556	  8.3552
 1869	 -5.14273	  0.45165	  8.16128	  8.36087
 1854	 -5.13982	  0.39019	  8.1556	  8.3552
 1870	 -5.14217	  0.45164	  8.16125	  8.36085
 1716	 -5.15657	  0.38188	  8.17098	  8.37057
 1719	 -5.15209	  0.2799	  8.15969	  8.35929
 1927	 -5.15154	  0.28008	  8.15961	  8.3592
 1716	 -5.15657	  0.38188	  8.17098	  8.37057
 1927	 -5.15154	  0.28008	  8.15961	  8.3592
 1871	 -5.15605	  0.38205	  8.17088	  8.37047
 1719	 -5.15209	  0.2799	  8.15969	  8.35929
 1721	 -5.1474	  0.17795	  8.14782	  8.34741
 1874	 -5.14684	  0.17812	  8.14773	  8.34733
 1719	 -5.15209	  0.2799	  8.15969	  8.35929
 1874	 -5.14684	  0.17812	  8.14773	  8.34733
 1927	 -5.15154	  0.28008	  8.15961	  8.3592
 1873	 -5.14681	  0.17728	  8.14764	  8.34724
 1731	 -5.14735	  0.17713	  8.14772	  8.34732
 1359	 -5.1466	  0.15792	  8.14517	  8.34476
 1873	 -5.14681	  0.17728	  8.14764	  8.34724
 1359	 -5.1466	  0.15792	  8.14517	  8.34476
 1555	 -5.14606	  0.15805	  8.14509	  8.34469
 1730	 -5.16367	  0.17488	  8.20008	  8.39967
 1728	 -5.16382	  0.18007	  8.20036	  8.39995
 1928	 -5.16333	  0.17998	  8.20052	  8.40011
 1730	 -5.16367	  0.17488	  8.20008	  8.39967
 1928	 -5.16333	  0.17998	  8.20052	  8.40011
 1875	 -5.16321	  0.17472	  8.20024	  8.39983
 1728	 -5.16382	  0.18007	  8.20036	  8.39995
 1729	 -5.16662	  0.3491	  8.20414	  8.40373
 1878	 -5.16617	  0.34893	  8.2043	  8.40389
 1728	 -5.16382	  0.18007	  8.20036	  8.39995
 1878	 -5.16617	  0.34893	  8.2043	  8.40389
 1928	 -5.16333	  0.17998	  8.20052	  8.40011
 1732	 -5.16667	  0.34991	  8.20423	  8.40382
 1733	 -5.16746	  0.39984	  8.20525	  8.40484
 1929	 -5.16699	  0.39972	  8.2054	  8.40499
 1732	 -5.16667	  0.34991	  8.20423	  8.40382
 1929	 -5.16699	  0.39972	  8.2054	  8.40499
 1877	 -5.16619	  0.34981	  8.20438	  8.40397
 1733	 -5.16746	  0.39984	  8.20525	  8.40484
 1735	 -5.1675	  0.40166	  8.2053	  8.40489
 1930	 -5.16703	  0.40151	  8.20545	  8.40504
 1733	 -5.16746	  0.39984	  8.20525	  8.40484
 1930	 -5.16703	  0.40151	  8.20545	  8.40504
 1929	 -5.16699	  0.39972	  8.2054	  8.40499
 1931	 -5.16795	  0.45186	  8.20685	  8.40644
 1739	 -5.16841	  0.45199	  8.20669	  8.40628
 1738	 -5.16993	  0.48798	  8.21046	  8.41005
 1931	 -5.16795	  0.45186	  8.20685	  8.40644
 1738	 -5.16993	  0.48798	  8.21046	  8.41005
 1932	 -5.16944	  0.48746	  8.21057	  8.41016
 1750	 -5.16998	  0.48829	  8.21056	  8.41015
 1751	 -5.17369	  0.51202	  8.22176	  8.42135
 1933	 -5.17323	  0.51177	  8.22191	  8.4215
 1750	 -5.16998	  0.48829	  8.21056	  8.41015
 1933	 -5.17323	  0.51177	  8.22191	  8.4215
 1934	 -5.1695	  0.48811	  8.21073	  8.41032
 1751	 -5.17369	  0.51202	  8.22176	  8.42135
 1754	 -5.17514	  0.55697	  8.22497	  8.42456
 1935	 -5.17467	  0.55705	  8.22513	  8.42472
 1751	 -5.17369	  0.51202	  8.22176	  8.42135
 1935	 -5.17467	  0.55705	  8.22513	  8.42472
 1933	 -5.17323	  0.51177	  8.22191	  8.4215
 1754	 -5.17514	  0.55697	  8.22497	  8.42456
 1743	 -5.17343	  0.59684	  8.21826	  8.41785
 1936	 -5.17295	  0.59723	  8.21837	  8.41796
 1754	 -5.17514	  0.55697	  8.22497	  8.42456
 1936	 -5.17295	  0.59723	  8.21837	  8.41796
 1935	 -5.17467	  0.55705	  8.22513	  8.42472
 1743	 -5.17343	  0.59684	  8.21826	  8.41785
 1742	 -5.16958	  0.60828	  8.20561	  8.4052
 1937	 -5.16909	  0.60879	  8.20563	  8.40522
 1743	 -5.17343	  0.59684	  8.21826	  8.41785
 1937	 -5.16909	  0.60879	  8.20563	  8.40522
 1936	 -5.17295	  0.59723	  8.21837	  8.41796
 1759	 -5.16256	  0.61592	  8.18283	  8.38243
 1758	 -5.1623	  0.61494	  8.182	  8.3816
 1938	 -5.16173	  0.61501	  8.18193	  8.38152
 1759	 -5.16256	  0.61592	  8.18283	  8.38243
 1938	 -5.16173	  0.61501	  8.18193	  8.38152
 1939	 -5.162	  0.61598	  8.18273	  8.38232
 1758	 -5.1623	  0.61494	  8.182	  8.3816
 1757	 -5.15762	  0.56502	  8.16858	  8.36818
 1940	 -5.15706	  0.56516	  8.1685	  8.36809
 1758	 -5.1623	  0.61494	  8.182	  8.3816
 1940	 -5.15706	  0.56516	  8.1685	  8.36809
 1938	 -5.16173	  0.61501	  8.18193	  8.38152
 1757	 -5.15762	  0.56502	  8.16858	  8.36818
 1756	 -5.15334	  0.5096	  8.15664	  8.35624
 1941	 -5.1528	  0.50978	  8.15655	  8.35615
 1757	 -5.15762	  0.56502	  8.16858	  8.36818
 1941	 -5.1528	  0.50978	  8.15655	  8.35615
 1940	 -5.15706	  0.56516	  8.1685	  8.36809
 1762	 -5.15398	  0.4543	  8.1604	  8.35999
 1942	 -5.15342	  0.454	  8.16032	  8.35992
 1943	 -5.1528	  0.50891	  8.15652	  8.35611
 1762	 -5.15398	  0.4543	  8.1604	  8.35999
 1943	 -5.1528	  0.50891	  8.15652	  8.35611
 1763	 -5.15333	  0.50875	  8.15662	  8.35621
 1944	 -5.15346	  0.45194	  8.16046	  8.36005
 1945	 -5.15401	  0.45231	  8.16054	  8.36013
 1946	 -5.15871	  0.43273	  8.17617	  8.37576
 1944	 -5.15346	  0.45194	  8.16046	  8.36005
 1946	 -5.15871	  0.43273	  8.17617	  8.37576
 1947	 -5.15815	  0.43248	  8.17604	  8.37563
 1726	 -5.15873	  0.43214	  8.17626	  8.37585
 1725	 -5.15663	  0.38275	  8.17106	  8.37065
 1872	 -5.15607	  0.38291	  8.17098	  8.37057
 1726	 -5.15873	  0.43214	  8.17626	  8.37585
 1872	 -5.15607	  0.38291	  8.17098	  8.37057
 1948	 -5.15817	  0.4319	  8.17613	  8.37572
 1770	 -5.15519	  0.38209	  8.17093	  8.37052
 1769	 -5.14664	  0.38234	  8.17153	  8.37112
 1824	 -5.14666	  0.38318	  8.17162	  8.37121
 1770	 -5.15519	  0.38209	  8.17093	  8.37052
 1824	 -5.14666	  0.38318	  8.17162	  8.37121
 1823	 -5.15522	  0.38293	  8.17103	  8.37062
 1949	 -5.14594	  0.17729	  8.1477	  8.34729
 1950	 -5.13737	  0.1775	  8.14829	  8.34788
 1772	 -5.13744	  0.17836	  8.14837	  8.34796
 1949	 -5.14594	  0.17729	  8.1477	  8.34729
 1772	 -5.13744	  0.17836	  8.14837	  8.34796
 1771	 -5.14597	  0.17812	  8.14779	  8.34739
 1778	 -5.16234	  0.17474	  8.20029	  8.39988
 1951	 -5.1538	  0.17496	  8.20089	  8.40048
 1774	 -5.15374	  0.17417	  8.20077	  8.40036
 1778	 -5.16234	  0.17474	  8.20029	  8.39988
 1774	 -5.15374	  0.17417	  8.20077	  8.40036
 1773	 -5.16228	  0.17391	  8.2002	  8.39979
 1952	 -5.16534	  0.34982	  8.20444	  8.40403
 1783	 -5.1568	  0.35002	  8.20503	  8.40462
 1780	 -5.15675	  0.3492	  8.20493	  8.40452
 1952	 -5.16534	  0.34982	  8.20444	  8.40403
 1780	 -5.15675	  0.3492	  8.20493	  8.40452
 1779	 -5.16529	  0.34895	  8.20436	  8.40395
 1948	 -5.15817	  0.4319	  8.17613	  8.37572
 1947	 -5.15815	  0.43248	  8.17604	  8.37563
 1946	 -5.15871	  0.43273	  8.17617	  8.37576
 1948	 -5.15817	  0.4319	  8.17613	  8.37572
 1946	 -5.15871	  0.43273	  8.17617	  8.37576
 1726	 -5.15873	  0.43214	  8.17626	  8.37585
 1826	 -5.1573	  0.43191	  8.17618	  8.37577
 1825	 -5.14876	  0.43217	  8.17676	  8.37635
 1953	 -5.14874	  0.43272	  8.1767	  8.3763
 1826	 -5.1573	  0.43191	  8.17618	  8.37577
 1953	 -5.14874	  0.43272	  8.1767	  8.3763
 1954	 -5.15725	  0.4325	  8.17611	  8.3757
 1766	 -5.14732	  0.43248	  8.17662	  8.37622
 1882	 -5.14788	  0.43271	  8.17675	  8.37634
 1881	 -5.14791	  0.43216	  8.17683	  8.37642
 1766	 -5.14732	  0.43248	  8.17662	  8.37622
 1881	 -5.14791	  0.43216	  8.17683	  8.37642
 1764	 -5.14733	  0.43192	  8.1767	  8.3763
 1759	 -5.16256	  0.61592	  8.18283	  8.38243
 1955	 -5.162	  0.61598	  8.18273	  8.38232
 1937	 -5.16909	  0.60879	  8.20563	  8.40522
 1759	 -5.16256	  0.61592	  8.18283	  8.38243
 1937	 -5.16909	  0.60879	  8.20563	  8.40522
 1742	 -5.16958	  0.60828	  8.20561	  8.4052
 1956	 -5.15154	  0.28008	  8.15961	  8.3592
 1767	 -5.15065	  0.28008	  8.15967	  8.35926
 1957	 -5.15519	  0.38209	  8.17093	  8.37052
 1956	 -5.15154	  0.28008	  8.15961	  8.3592
 1957	 -5.15519	  0.38209	  8.17093	  8.37052
 1871	 -5.15605	  0.38205	  8.17088	  8.37047
 1850	 -5.14579	  0.38235	  8.17159	  8.37118
 1958	 -5.14664	  0.38234	  8.17153	  8.37112
 1959	 -5.14212	  0.28033	  8.16026	  8.35986
 1850	 -5.14579	  0.38235	  8.17159	  8.37118
 1959	 -5.14212	  0.28033	  8.16026	  8.35986
 1879	 -5.14126	  0.28034	  8.16031	  8.3599
 1960	 -5.14684	  0.17812	  8.14773	  8.34733
 1961	 -5.14597	  0.17812	  8.14779	  8.34739
 1767	 -5.15065	  0.28008	  8.15967	  8.35926
 1960	 -5.14684	  0.17812	  8.14773	  8.34733
 1767	 -5.15065	  0.28008	  8.15967	  8.35926
 1956	 -5.15154	  0.28008	  8.15961	  8.3592
 1879	 -5.14126	  0.28034	  8.16031	  8.3599
 1768	 -5.14212	  0.28033	  8.16026	  8.35986
 1772	 -5.13744	  0.17836	  8.14837	  8.34796
 1879	 -5.14126	  0.28034	  8.16031	  8.3599
 1772	 -5.13744	  0.17836	  8.14837	  8.34796
 1962	 -5.13658	  0.17841	  8.14845	  8.34804
 1963	 -5.13652	  0.17751	  8.14834	  8.34793
 1964	 -5.13737	  0.1775	  8.14829	  8.34788
 1590	 -5.13039	  0.15834	  8.14617	  8.34577
 1963	 -5.13652	  0.17751	  8.14834	  8.34793
 1590	 -5.13039	  0.15834	  8.14617	  8.34577
 1589	 -5.12954	  0.15833	  8.14621	  8.3458
 1876	 -5.16314	  0.17393	  8.20014	  8.39973
 1773	 -5.16228	  0.17391	  8.2002	  8.39979
 1593	 -5.15974	  0.11387	  8.19456	  8.39415
 1876	 -5.16314	  0.17393	  8.20014	  8.39973
 1593	 -5.15974	  0.11387	  8.19456	  8.39415
 1592	 -5.16061	  0.11384	  8.1945	  8.39409
 1965	 -5.16333	  0.17998	  8.20052	  8.40011
 1775	 -5.16247	  0.17999	  8.20058	  8.40017
 1966	 -5.16234	  0.17474	  8.20029	  8.39988
 1965	 -5.16333	  0.17998	  8.20052	  8.40011
 1966	 -5.16234	  0.17474	  8.20029	  8.39988
 1967	 -5.16321	  0.17472	  8.20024	  8.39983
 1968	 -5.15295	  0.17499	  8.20095	  8.40054
 1951	 -5.1538	  0.17496	  8.20089	  8.40048
 1776	 -5.15393	  0.18021	  8.20117	  8.40076
 1968	 -5.15295	  0.17499	  8.20095	  8.40054
 1776	 -5.15393	  0.18021	  8.20117	  8.40076
 1969	 -5.15309	  0.18026	  8.20123	  8.40082
 1970	 -5.16617	  0.34893	  8.2043	  8.40389
 1779	 -5.16529	  0.34895	  8.20436	  8.40395
 1775	 -5.16247	  0.17999	  8.20058	  8.40017
 1970	 -5.16617	  0.34893	  8.2043	  8.40389
 1775	 -5.16247	  0.17999	  8.20058	  8.40017
 1928	 -5.16333	  0.17998	  8.20052	  8.40011
 1969	 -5.15309	  0.18026	  8.20123	  8.40082
 1776	 -5.15393	  0.18021	  8.20117	  8.40076
 1971	 -5.15675	  0.3492	  8.20493	  8.40452
 1969	 -5.15309	  0.18026	  8.20123	  8.40082
 1971	 -5.15675	  0.3492	  8.20493	  8.40452
 1865	 -5.1559	  0.3492	  8.20499	  8.40458
 1929	 -5.16699	  0.39972	  8.2054	  8.40499
 1972	 -5.16613	  0.39974	  8.20547	  8.40506
 1952	 -5.16534	  0.34982	  8.20444	  8.40403
 1929	 -5.16699	  0.39972	  8.2054	  8.40499
 1952	 -5.16534	  0.34982	  8.20444	  8.40403
 1877	 -5.16619	  0.34981	  8.20438	  8.40397
 1866	 -5.15592	  0.35004	  8.20509	  8.40468
 1783	 -5.1568	  0.35002	  8.20503	  8.40462
 1973	 -5.15759	  0.39996	  8.20604	  8.40563
 1866	 -5.15592	  0.35004	  8.20509	  8.40468
 1973	 -5.15759	  0.39996	  8.20604	  8.40563
 1891	 -5.15671	  0.40002	  8.20611	  8.4057
 1786	 -5.16613	  0.40155	  8.20552	  8.40511
 1974	 -5.16703	  0.40151	  8.20545	  8.40504
 1975	 -5.16793	  0.451	  8.20681	  8.4064
 1786	 -5.16613	  0.40155	  8.20552	  8.40511
 1975	 -5.16793	  0.451	  8.20681	  8.4064
 1976	 -5.16705	  0.45099	  8.20687	  8.40646
 1785	 -5.15763	  0.40174	  8.20609	  8.40569
 1977	 -5.15675	  0.40179	  8.20617	  8.40576
 1891	 -5.15671	  0.40002	  8.20611	  8.4057
 1785	 -5.15763	  0.40174	  8.20609	  8.40569
 1891	 -5.15671	  0.40002	  8.20611	  8.4057
 1973	 -5.15759	  0.39996	  8.20604	  8.40563
 1932	 -5.16944	  0.48746	  8.21057	  8.41016
 1978	 -5.16858	  0.48746	  8.21064	  8.41023
 1979	 -5.16708	  0.45191	  8.2069	  8.40649
 1932	 -5.16944	  0.48746	  8.21057	  8.41016
 1979	 -5.16708	  0.45191	  8.2069	  8.40649
 1980	 -5.16795	  0.45186	  8.20685	  8.40644
 1897	 -5.15767	  0.45212	  8.20755	  8.40714
 1981	 -5.15854	  0.45212	  8.20749	  8.40708
 1982	 -5.16005	  0.4877	  8.21122	  8.41081
 1897	 -5.15767	  0.45212	  8.20755	  8.40714
 1982	 -5.16005	  0.4877	  8.21122	  8.41081
 1898	 -5.15921	  0.48771	  8.21127	  8.41086
 1983	 -5.17323	  0.51177	  8.22191	  8.4215
 1793	 -5.17235	  0.51179	  8.22197	  8.42156
 1984	 -5.16865	  0.48812	  8.21078	  8.41037
 1983	 -5.17323	  0.51177	  8.22191	  8.4215
 1984	 -5.16865	  0.48812	  8.21078	  8.41037
 1934	 -5.1695	  0.48811	  8.21073	  8.41032
 1901	 -5.15925	  0.48838	  8.21143	  8.41102
 1795	 -5.16011	  0.48837	  8.21136	  8.41095
 1794	 -5.16383	  0.51203	  8.22256	  8.42215
 1901	 -5.15925	  0.48838	  8.21143	  8.41102
 1794	 -5.16383	  0.51203	  8.22256	  8.42215
 1902	 -5.16297	  0.51204	  8.22261	  8.4222
 1935	 -5.17467	  0.55705	  8.22513	  8.42472
 1797	 -5.17379	  0.55707	  8.22519	  8.42478
 1793	 -5.17235	  0.51179	  8.22197	  8.42156
 1935	 -5.17467	  0.55705	  8.22513	  8.42472
 1793	 -5.17235	  0.51179	  8.22197	  8.42156
 1983	 -5.17323	  0.51177	  8.22191	  8.4215
 1905	 -5.16297	  0.51204	  8.22261	  8.4222
 1794	 -5.16383	  0.51203	  8.22256	  8.42215
 1798	 -5.16526	  0.55732	  8.22577	  8.42536
 1905	 -5.16297	  0.51204	  8.22261	  8.4222
 1798	 -5.16526	  0.55732	  8.22577	  8.42536
 1906	 -5.1644	  0.55733	  8.22583	  8.42542
 1985	 -5.17295	  0.59723	  8.21837	  8.41796
 1799	 -5.17209	  0.59721	  8.21844	  8.41803
 1797	 -5.17379	  0.55707	  8.22519	  8.42478
 1985	 -5.17295	  0.59723	  8.21837	  8.41796
 1797	 -5.17379	  0.55707	  8.22519	  8.42478
 1935	 -5.17467	  0.55705	  8.22513	  8.42472
 1906	 -5.1644	  0.55733	  8.22583	  8.42542
 1798	 -5.16526	  0.55732	  8.22577	  8.42536
 1800	 -5.16357	  0.59745	  8.21901	  8.4186
 1906	 -5.1644	  0.55733	  8.22583	  8.42542
 1800	 -5.16357	  0.59745	  8.21901	  8.4186
 1909	 -5.16269	  0.59751	  8.21908	  8.41867
 1937	 -5.16909	  0.60879	  8.20563	  8.40522
 1801	 -5.16824	  0.60879	  8.20568	  8.40527
 1804	 -5.17209	  0.59721	  8.21844	  8.41803
 1937	 -5.16909	  0.60879	  8.20563	  8.40522
 1804	 -5.17209	  0.59721	  8.21844	  8.41803
 1985	 -5.17295	  0.59723	  8.21837	  8.41796
 1909	 -5.16269	  0.59751	  8.21908	  8.41867
 1800	 -5.16357	  0.59745	  8.21901	  8.4186
 1986	 -5.15968	  0.60901	  8.20625	  8.40584
 1909	 -5.16269	  0.59751	  8.21908	  8.41867
 1986	 -5.15968	  0.60901	  8.20625	  8.40584
 1987	 -5.15882	  0.60904	  8.20633	  8.40592
 1955	 -5.162	  0.61598	  8.18273	  8.38232
 1805	 -5.16116	  0.61599	  8.1828	  8.38239
 1801	 -5.16824	  0.60879	  8.20568	  8.40527
 1955	 -5.162	  0.61598	  8.18273	  8.38232
 1801	 -5.16824	  0.60879	  8.20568	  8.40527
 1937	 -5.16909	  0.60879	  8.20563	  8.40522
 1987	 -5.15882	  0.60904	  8.20633	  8.40592
 1802	 -5.15968	  0.60901	  8.20625	  8.40584
 1806	 -5.15261	  0.61625	  8.18338	  8.38297
 1987	 -5.15882	  0.60904	  8.20633	  8.40592
 1806	 -5.15261	  0.61625	  8.18338	  8.38297
 1915	 -5.15175	  0.61624	  8.18343	  8.38302
 1988	 -5.16173	  0.61501	  8.18193	  8.38152
 1807	 -5.16086	  0.61503	  8.18198	  8.38157
 1805	 -5.16116	  0.61599	  8.1828	  8.38239
 1988	 -5.16173	  0.61501	  8.18193	  8.38152
 1805	 -5.16116	  0.61599	  8.1828	  8.38239
 1955	 -5.162	  0.61598	  8.18273	  8.38232
 1915	 -5.15175	  0.61624	  8.18343	  8.38302
 1806	 -5.15261	  0.61625	  8.18338	  8.38297
 1811	 -5.15233	  0.61531	  8.18255	  8.38214
 1915	 -5.15175	  0.61624	  8.18343	  8.38302
 1811	 -5.15233	  0.61531	  8.18255	  8.38214
 1917	 -5.15148	  0.6153	  8.18262	  8.38221
 1940	 -5.15706	  0.56516	  8.1685	  8.36809
 1989	 -5.15621	  0.56519	  8.16856	  8.36815
 1807	 -5.16086	  0.61503	  8.18198	  8.38157
 1940	 -5.15706	  0.56516	  8.1685	  8.36809
 1807	 -5.16086	  0.61503	  8.18198	  8.38157
 1938	 -5.16173	  0.61501	  8.18193	  8.38152
 1917	 -5.15148	  0.6153	  8.18262	  8.38221
 1811	 -5.15233	  0.61531	  8.18255	  8.38214
 1810	 -5.14768	  0.56539	  8.16914	  8.36873
 1917	 -5.15148	  0.6153	  8.18262	  8.38221
 1810	 -5.14768	  0.56539	  8.16914	  8.36873
 1919	 -5.1468	  0.56545	  8.1692	  8.36879
 1990	 -5.1528	  0.50978	  8.15655	  8.35615
 1991	 -5.15195	  0.50979	  8.15662	  8.35621
 1989	 -5.15621	  0.56519	  8.16856	  8.36815
 1990	 -5.1528	  0.50978	  8.15655	  8.35615
 1989	 -5.15621	  0.56519	  8.16856	  8.36815
 1940	 -5.15706	  0.56516	  8.1685	  8.36809
 1919	 -5.1468	  0.56545	  8.1692	  8.36879
 1810	 -5.14768	  0.56539	  8.16914	  8.36873
 1814	 -5.14341	  0.50999	  8.1572	  8.35679
 1919	 -5.1468	  0.56545	  8.1692	  8.36879
 1814	 -5.14341	  0.50999	  8.1572	  8.35679
 1921	 -5.14255	  0.51003	  8.15725	  8.35684
 1992	 -5.15258	  0.45398	  8.16037	  8.35996
 1993	 -5.15342	  0.454	  8.16032	  8.35992
 1994	 -5.15346	  0.45194	  8.16046	  8.36005
 1992	 -5.15258	  0.45398	  8.16037	  8.35996
 1994	 -5.15346	  0.45194	  8.16046	  8.36005
 1817	 -5.1526	  0.452	  8.16053	  8.36012
 1815	 -5.14405	  0.45422	  8.16095	  8.36055
 1923	 -5.14318	  0.45424	  8.16102	  8.36061
 1926	 -5.14253	  0.50918	  8.15723	  8.35682
 1815	 -5.14405	  0.45422	  8.16095	  8.36055
 1926	 -5.14253	  0.50918	  8.15723	  8.35682
 1995	 -5.14338	  0.50917	  8.15717	  8.35676
 1996	 -5.15815	  0.43248	  8.17604	  8.37563
 1954	 -5.15725	  0.4325	  8.17611	  8.3757
 1817	 -5.1526	  0.452	  8.16053	  8.36012
 1996	 -5.15815	  0.43248	  8.17604	  8.37563
 1817	 -5.1526	  0.452	  8.16053	  8.36012
 1994	 -5.15346	  0.45194	  8.16046	  8.36005
 1868	 -5.14321	  0.45222	  8.16116	  8.36075
 1821	 -5.14405	  0.45223	  8.16111	  8.3607
 1820	 -5.14874	  0.43272	  8.1767	  8.3763
 1868	 -5.14321	  0.45222	  8.16116	  8.36075
 1820	 -5.14874	  0.43272	  8.1767	  8.3763
 1882	 -5.14788	  0.43271	  8.17675	  8.37634
 1872	 -5.15607	  0.38291	  8.17098	  8.37057
 1997	 -5.15522	  0.38293	  8.17103	  8.37062
 1998	 -5.1573	  0.43191	  8.17618	  8.37577
 1872	 -5.15607	  0.38291	  8.17098	  8.37057
 1998	 -5.1573	  0.43191	  8.17618	  8.37577
 1948	 -5.15817	  0.4319	  8.17613	  8.37572
 1999	 -5.14791	  0.43216	  8.17683	  8.37642
 1825	 -5.14876	  0.43217	  8.17676	  8.37635
 1824	 -5.14666	  0.38318	  8.17162	  8.37121
 1999	 -5.14791	  0.43216	  8.17683	  8.37642
 1824	 -5.14666	  0.38318	  8.17162	  8.37121
 2000	 -5.14582	  0.38315	  8.17167	  8.37126
 1871	 -5.15605	  0.38205	  8.17088	  8.37047
 1957	 -5.15519	  0.38209	  8.17093	  8.37052
 1997	 -5.15522	  0.38293	  8.17103	  8.37062
 1871	 -5.15605	  0.38205	  8.17088	  8.37047
 1997	 -5.15522	  0.38293	  8.17103	  8.37062
 1872	 -5.15607	  0.38291	  8.17098	  8.37057
 1852	 -5.14582	  0.38315	  8.17167	  8.37126
 1824	 -5.14666	  0.38318	  8.17162	  8.37121
 1958	 -5.14664	  0.38234	  8.17153	  8.37112
 1852	 -5.14582	  0.38315	  8.17167	  8.37126
 1958	 -5.14664	  0.38234	  8.17153	  8.37112
 1850	 -5.14579	  0.38235	  8.17159	  8.37118
 2001	 -5.14681	  0.17728	  8.14764	  8.34724
 2002	 -5.14594	  0.17729	  8.1477	  8.34729
 1961	 -5.14597	  0.17812	  8.14779	  8.34739
 2001	 -5.14681	  0.17728	  8.14764	  8.34724
 1961	 -5.14597	  0.17812	  8.14779	  8.34739
 1960	 -5.14684	  0.17812	  8.14773	  8.34733
 1880	 -5.13658	  0.17841	  8.14845	  8.34804
 1772	 -5.13744	  0.17836	  8.14837	  8.34796
 1964	 -5.13737	  0.1775	  8.14829	  8.34788
 1880	 -5.13658	  0.17841	  8.14845	  8.34804
 1964	 -5.13737	  0.1775	  8.14829	  8.34788
 1963	 -5.13652	  0.17751	  8.14834	  8.34793
 1967	 -5.16321	  0.17472	  8.20024	  8.39983
 1778	 -5.16234	  0.17474	  8.20029	  8.39988
 1773	 -5.16228	  0.17391	  8.2002	  8.39979
 1967	 -5.16321	  0.17472	  8.20024	  8.39983
 1773	 -5.16228	  0.17391	  8.2002	  8.39979
 1876	 -5.16314	  0.17393	  8.20014	  8.39973
 1861	 -5.15289	  0.17419	  8.20083	  8.40042
 1774	 -5.15374	  0.17417	  8.20077	  8.40036
 1951	 -5.1538	  0.17496	  8.20089	  8.40048
 1861	 -5.15289	  0.17419	  8.20083	  8.40042
 1951	 -5.1538	  0.17496	  8.20089	  8.40048
 1862	 -5.15295	  0.17499	  8.20095	  8.40054
 1877	 -5.16619	  0.34981	  8.20438	  8.40397
 1784	 -5.16534	  0.34982	  8.20444	  8.40403
 1779	 -5.16529	  0.34895	  8.20436	  8.40395
 1877	 -5.16619	  0.34981	  8.20438	  8.40397
 1779	 -5.16529	  0.34895	  8.20436	  8.40395
 1970	 -5.16617	  0.34893	  8.2043	  8.40389
 1865	 -5.1559	  0.3492	  8.20499	  8.40458
 1780	 -5.15675	  0.3492	  8.20493	  8.40452
 1783	 -5.1568	  0.35002	  8.20503	  8.40462
 1865	 -5.1559	  0.3492	  8.20499	  8.40458
 1783	 -5.1568	  0.35002	  8.20503	  8.40462
 1866	 -5.15592	  0.35004	  8.20509	  8.40468
 1948	 -5.15817	  0.4319	  8.17613	  8.37572
 1826	 -5.1573	  0.43191	  8.17618	  8.37577
 1954	 -5.15725	  0.4325	  8.17611	  8.3757
 1948	 -5.15817	  0.4319	  8.17613	  8.37572
 1954	 -5.15725	  0.4325	  8.17611	  8.3757
 1996	 -5.15815	  0.43248	  8.17604	  8.37563
 1882	 -5.14788	  0.43271	  8.17675	  8.37634
 1820	 -5.14874	  0.43272	  8.1767	  8.3763
 2003	 -5.14876	  0.43217	  8.17676	  8.37635
 1882	 -5.14788	  0.43271	  8.17675	  8.37634
 2003	 -5.14876	  0.43217	  8.17676	  8.37635
 1881	 -5.14791	  0.43216	  8.17683	  8.37642
 1883	 -5.13493	  0.36683	  8.14066	  8.34025
 2004	 -5.13332	  0.36688	  8.14076	  8.34035
 2005	 -5.13819	  0.3896	  8.15555	  8.35514
 1883	 -5.13493	  0.36683	  8.14066	  8.34025
 2005	 -5.13819	  0.3896	  8.15555	  8.35514
 1853	 -5.13977	  0.38958	  8.15544	  8.35504
 1884	 -5.13156	  0.32191	  8.13122	  8.33081
 2006	 -5.12998	  0.32195	  8.13133	  8.33092
 2004	 -5.13332	  0.36688	  8.14076	  8.34035
 1884	 -5.13156	  0.32191	  8.13122	  8.33081
 2004	 -5.13332	  0.36688	  8.14076	  8.34035
 1883	 -5.13493	  0.36683	  8.14066	  8.34025
 2007	 -5.13038	  0.2646	  8.12931	  8.32891
 2008	 -5.12881	  0.26464	  8.12942	  8.32901
 2006	 -5.12998	  0.32195	  8.13133	  8.33092
 2007	 -5.13038	  0.2646	  8.12931	  8.32891
 2006	 -5.12998	  0.32195	  8.13133	  8.33092
 1884	 -5.13156	  0.32191	  8.13122	  8.33081
 2009	 -5.1319	  0.21159	  8.13579	  8.33538
 2010	 -5.13032	  0.21159	  8.1359	  8.33549
 2008	 -5.12881	  0.26464	  8.12942	  8.32901
 2009	 -5.1319	  0.21159	  8.13579	  8.33538
 2008	 -5.12881	  0.26464	  8.12942	  8.32901
 2007	 -5.13038	  0.2646	  8.12931	  8.32891
 1856	 -5.13551	  0.17825	  8.14835	  8.34795
 2011	 -5.13391	  0.17829	  8.14846	  8.34806
 2010	 -5.13032	  0.21159	  8.1359	  8.33549
 1856	 -5.13551	  0.17825	  8.14835	  8.34795
 2010	 -5.13032	  0.21159	  8.1359	  8.33549
 1886	 -5.1319	  0.21159	  8.13579	  8.33538
 2012	 -5.15188	  0.17423	  8.20089	  8.40048
 2013	 -5.15028	  0.17428	  8.20101	  8.4006
 1657	 -5.14774	  0.114	  8.19539	  8.39498
 2012	 -5.15188	  0.17423	  8.20089	  8.40048
 1657	 -5.14774	  0.114	  8.19539	  8.39498
 1701	 -5.14932	  0.11399	  8.19528	  8.39488
 1890	 -5.15205	  0.1803	  8.20129	  8.40088
 2014	 -5.15047	  0.18031	  8.20142	  8.40101
 2015	 -5.15033	  0.17508	  8.20113	  8.40072
 1890	 -5.15205	  0.1803	  8.20129	  8.40088
 2015	 -5.15033	  0.17508	  8.20113	  8.40072
 2016	 -5.15191	  0.17504	  8.20102	  8.40061
 2017	 -5.15487	  0.34922	  8.20507	  8.40466
 2018	 -5.15329	  0.34925	  8.20518	  8.40477
 2014	 -5.15047	  0.18031	  8.20142	  8.40101
 2017	 -5.15487	  0.34922	  8.20507	  8.40466
 2014	 -5.15047	  0.18031	  8.20142	  8.40101
 1890	 -5.15205	  0.1803	  8.20129	  8.40088
 1892	 -5.15571	  0.40002	  8.20618	  8.40577
 2019	 -5.1541	  0.40006	  8.20629	  8.40588
 2020	 -5.15332	  0.35014	  8.20526	  8.40485
 1892	 -5.15571	  0.40002	  8.20618	  8.40577
 2020	 -5.15332	  0.35014	  8.20526	  8.40485
 1893	 -5.15491	  0.35007	  8.20516	  8.40475
 2021	 -5.15414	  0.40186	  8.20635	  8.40594
 2022	 -5.15571	  0.40186	  8.20623	  8.40582
 2023	 -5.15664	  0.45126	  8.20757	  8.40716
 2021	 -5.15414	  0.40186	  8.20635	  8.40594
 2023	 -5.15664	  0.45126	  8.20757	  8.40716
 2024	 -5.15505	  0.45132	  8.2077	  8.40729
 2025	 -5.15817	  0.48778	  8.21135	  8.41094
 2026	 -5.15658	  0.48781	  8.21145	  8.41104
 2027	 -5.15506	  0.45222	  8.20773	  8.40732
 2025	 -5.15817	  0.48778	  8.21135	  8.41094
 2027	 -5.15506	  0.45222	  8.20773	  8.40732
 2028	 -5.15666	  0.45217	  8.20761	  8.4072
 1903	 -5.16194	  0.51205	  8.22268	  8.42227
 2029	 -5.16035	  0.51211	  8.22278	  8.42237
 2030	 -5.15664	  0.48846	  8.21161	  8.4112
 1903	 -5.16194	  0.51205	  8.22268	  8.42227
 2030	 -5.15664	  0.48846	  8.21161	  8.4112
 1904	 -5.15822	  0.48839	  8.21149	  8.41108
 1907	 -5.16337	  0.55737	  8.2259	  8.42549
 2031	 -5.16181	  0.55741	  8.22601	  8.4256
 2029	 -5.16035	  0.51211	  8.22278	  8.42237
 1907	 -5.16337	  0.55737	  8.2259	  8.42549
 2029	 -5.16035	  0.51211	  8.22278	  8.42237
 1903	 -5.16194	  0.51205	  8.22268	  8.42227
 1914	 -5.16165	  0.59752	  8.21916	  8.41875
 2032	 -5.16008	  0.59758	  8.21925	  8.41884
 2031	 -5.16181	  0.55741	  8.22601	  8.4256
 1914	 -5.16165	  0.59752	  8.21916	  8.41875
 2031	 -5.16181	  0.55741	  8.22601	  8.4256
 1907	 -5.16337	  0.55737	  8.2259	  8.42549
 1913	 -5.15778	  0.60907	  8.2064	  8.40599
 2033	 -5.1562	  0.6091	  8.2065	  8.40609
 2032	 -5.16008	  0.59758	  8.21925	  8.41884
 1913	 -5.15778	  0.60907	  8.2064	  8.40599
 2032	 -5.16008	  0.59758	  8.21925	  8.41884
 1914	 -5.16165	  0.59752	  8.21916	  8.41875
 1916	 -5.1507	  0.61629	  8.1835	  8.38309
 2034	 -5.14914	  0.61631	  8.18361	  8.3832
 2033	 -5.1562	  0.6091	  8.2065	  8.40609
 1916	 -5.1507	  0.61629	  8.1835	  8.38309
 2033	 -5.1562	  0.6091	  8.2065	  8.40609
 1913	 -5.15778	  0.60907	  8.2064	  8.40599
 1918	 -5.15044	  0.61533	  8.18269	  8.38228
 2035	 -5.14887	  0.61536	  8.1828	  8.38239
 2034	 -5.14914	  0.61631	  8.18361	  8.3832
 1918	 -5.15044	  0.61533	  8.18269	  8.38228
 2034	 -5.14914	  0.61631	  8.18361	  8.3832
 1916	 -5.1507	  0.61629	  8.1835	  8.38309
 1920	 -5.1458	  0.56547	  8.16926	  8.36886
 2036	 -5.1442	  0.56552	  8.16938	  8.36898
 2035	 -5.14887	  0.61536	  8.1828	  8.38239
 1920	 -5.1458	  0.56547	  8.16926	  8.36886
 2035	 -5.14887	  0.61536	  8.1828	  8.38239
 1918	 -5.15044	  0.61533	  8.18269	  8.38228
 2037	 -5.14151	  0.51007	  8.15733	  8.35692
 2038	 -5.13993	  0.51009	  8.15743	  8.35702
 2036	 -5.1442	  0.56552	  8.16938	  8.36898
 2037	 -5.14151	  0.51007	  8.15733	  8.35692
 2036	 -5.1442	  0.56552	  8.16938	  8.36898
 1920	 -5.1458	  0.56547	  8.16926	  8.36886
 2039	 -5.14057	  0.45429	  8.1612	  8.36079
 2040	 -5.14215	  0.4543	  8.1611	  8.36069
 2041	 -5.14218	  0.45229	  8.16123	  8.36082
 2039	 -5.14057	  0.45429	  8.1612	  8.36079
 2041	 -5.14218	  0.45229	  8.16123	  8.36082
 2042	 -5.14059	  0.45231	  8.16133	  8.36093
 1870	 -5.14217	  0.45164	  8.16125	  8.36085
 2043	 -5.1406	  0.45168	  8.16136	  8.36095
 2042	 -5.14059	  0.45231	  8.16133	  8.36093
 1870	 -5.14217	  0.45164	  8.16125	  8.36085
 2042	 -5.14059	  0.45231	  8.16133	  8.36093
 2041	 -5.14218	  0.45229	  8.16123	  8.36082
 2044	 -5.13977	  0.38958	  8.15544	  8.35504
 2005	 -5.13819	  0.3896	  8.15555	  8.35514
 2045	 -5.13823	  0.39022	  8.15571	  8.3553
 2044	 -5.13977	  0.38958	  8.15544	  8.35504
 2045	 -5.13823	  0.39022	  8.15571	  8.3553
 1854	 -5.13982	  0.39019	  8.1556	  8.3552
 1887	 -5.13552	  0.17757	  8.14841	  8.34801
 2046	 -5.13393	  0.17762	  8.14852	  8.34811
 2011	 -5.13391	  0.17829	  8.14846	  8.34806
 1887	 -5.13552	  0.17757	  8.14841	  8.34801
 2011	 -5.13391	  0.17829	  8.14846	  8.34806
 1856	 -5.13551	  0.17825	  8.14835	  8.34795
 2016	 -5.15191	  0.17504	  8.20102	  8.40061
 2015	 -5.15033	  0.17508	  8.20113	  8.40072
 2013	 -5.15028	  0.17428	  8.20101	  8.4006
 2016	 -5.15191	  0.17504	  8.20102	  8.40061
 2013	 -5.15028	  0.17428	  8.20101	  8.4006
 2012	 -5.15188	  0.17423	  8.20089	  8.40048
 1893	 -5.15491	  0.35007	  8.20516	  8.40475
 2020	 -5.15332	  0.35014	  8.20526	  8.40485
 2018	 -5.15329	  0.34925	  8.20518	  8.40477
 1893	 -5.15491	  0.35007	  8.20516	  8.40475
 2018	 -5.15329	  0.34925	  8.20518	  8.40477
 2017	 -5.15487	  0.34922	  8.20507	  8.40466
 1854	 -5.13982	  0.39019	  8.1556	  8.3552
 2045	 -5.13823	  0.39022	  8.15571	  8.3553
 2043	 -5.1406	  0.45168	  8.16136	  8.36095
 1854	 -5.13982	  0.39019	  8.1556	  8.3552
 2043	 -5.1406	  0.45168	  8.16136	  8.36095
 1870	 -5.14217	  0.45164	  8.16125	  8.36085
 1738	 -5.16993	  0.48798	  8.21046	  8.41005
 1750	 -5.16998	  0.48829	  8.21056	  8.41015
 1934	 -5.1695	  0.48811	  8.21073	  8.41032
 1738	 -5.16993	  0.48798	  8.21046	  8.41005
 1934	 -5.1695	  0.48811	  8.21073	  8.41032
 1932	 -5.16944	  0.48746	  8.21057	  8.41016
 1898	 -5.15921	  0.48771	  8.21127	  8.41086
 1790	 -5.16005	  0.4877	  8.21122	  8.41081
 1795	 -5.16011	  0.48837	  8.21136	  8.41095
 1898	 -5.15921	  0.48771	  8.21127	  8.41086
 1795	 -5.16011	  0.48837	  8.21136	  8.41095
 1901	 -5.15925	  0.48838	  8.21143	  8.41102
 1901	 -5.15925	  0.48838	  8.21143	  8.41102
 2047	 -5.15822	  0.48839	  8.21149	  8.41108
 1899	 -5.15817	  0.48778	  8.21135	  8.41094
 1901	 -5.15925	  0.48838	  8.21143	  8.41102
 1899	 -5.15817	  0.48778	  8.21135	  8.41094
 1898	 -5.15921	  0.48771	  8.21127	  8.41086
 1790	 -5.16005	  0.4877	  8.21122	  8.41081
 1789	 -5.16858	  0.48746	  8.21064	  8.41023
 1984	 -5.16865	  0.48812	  8.21078	  8.41037
 1790	 -5.16005	  0.4877	  8.21122	  8.41081
 1984	 -5.16865	  0.48812	  8.21078	  8.41037
 1795	 -5.16011	  0.48837	  8.21136	  8.41095
 1789	 -5.16858	  0.48746	  8.21064	  8.41023
 2048	 -5.16944	  0.48746	  8.21057	  8.41016
 1934	 -5.1695	  0.48811	  8.21073	  8.41032
 1789	 -5.16858	  0.48746	  8.21064	  8.41023
 1934	 -5.1695	  0.48811	  8.21073	  8.41032
 1796	 -5.16865	  0.48812	  8.21078	  8.41037
 2026	 -5.15658	  0.48781	  8.21145	  8.41104
 2025	 -5.15817	  0.48778	  8.21135	  8.41094
 1904	 -5.15822	  0.48839	  8.21149	  8.41108
 2026	 -5.15658	  0.48781	  8.21145	  8.41104
 1904	 -5.15822	  0.48839	  8.21149	  8.41108
 2030	 -5.15664	  0.48846	  8.21161	  8.4112
 1745	 -5.16966	  0.59204	  8.20627	  8.40586
 1744	 -5.17245	  0.58372	  8.2155	  8.41509
 1829	 -5.17191	  0.58335	  8.21546	  8.41505
 1745	 -5.16966	  0.59204	  8.20627	  8.40586
 1829	 -5.17191	  0.58335	  8.21546	  8.41505
 1828	 -5.16913	  0.5916	  8.20634	  8.40593
 1744	 -5.17245	  0.58372	  8.2155	  8.41509
 1755	 -5.17368	  0.55462	  8.22038	  8.41997
 2049	 -5.17313	  0.55453	  8.22028	  8.41987
 1744	 -5.17245	  0.58372	  8.2155	  8.41509
 2049	 -5.17313	  0.55453	  8.22028	  8.41987
 1829	 -5.17191	  0.58335	  8.21546	  8.41505
 1755	 -5.17368	  0.55462	  8.22038	  8.41997
 1753	 -5.17265	  0.52185	  8.21805	  8.41764
 1834	 -5.17211	  0.52215	  8.21799	  8.41758
 1755	 -5.17368	  0.55462	  8.22038	  8.41997
 1834	 -5.17211	  0.52215	  8.21799	  8.41758
 2049	 -5.17313	  0.55453	  8.22028	  8.41987
 1753	 -5.17265	  0.52185	  8.21805	  8.41764
 1752	 -5.16993	  0.50458	  8.20989	  8.40948
 1840	 -5.16942	  0.50504	  8.2099	  8.40949
 1753	 -5.17265	  0.52185	  8.21805	  8.41764
 1840	 -5.16942	  0.50504	  8.2099	  8.40949
 1834	 -5.17211	  0.52215	  8.21799	  8.41758
 1752	 -5.16993	  0.50458	  8.20989	  8.40948
 1749	 -5.16711	  0.51293	  8.20066	  8.40025
 1841	 -5.16665	  0.51331	  8.20077	  8.40036
 1752	 -5.16993	  0.50458	  8.20989	  8.40948
 1841	 -5.16665	  0.51331	  8.20077	  8.40036
 1840	 -5.16942	  0.50504	  8.2099	  8.40949
 1749	 -5.16711	  0.51293	  8.20066	  8.40025
 1748	 -5.16588	  0.542	  8.19579	  8.39538
 1844	 -5.1654	  0.54207	  8.19594	  8.39553
 1749	 -5.16711	  0.51293	  8.20066	  8.40025
 1844	 -5.1654	  0.54207	  8.19594	  8.39553
 1841	 -5.16665	  0.51331	  8.20077	  8.40036
 1748	 -5.16588	  0.542	  8.19579	  8.39538
 1747	 -5.16693	  0.57476	  8.19811	  8.3977
 1849	 -5.16643	  0.5745	  8.19825	  8.39785
 1748	 -5.16588	  0.542	  8.19579	  8.39538
 1849	 -5.16643	  0.5745	  8.19825	  8.39785
 1844	 -5.1654	  0.54207	  8.19594	  8.39553
 1747	 -5.16693	  0.57476	  8.19811	  8.3977
 1745	 -5.16966	  0.59204	  8.20627	  8.40586
 1828	 -5.16913	  0.5916	  8.20634	  8.40593
 1747	 -5.16693	  0.57476	  8.19811	  8.3977
 1828	 -5.16913	  0.5916	  8.20634	  8.40593
 1849	 -5.16643	  0.5745	  8.19825	  8.39785
 1949	 -5.14594	  0.17729	  8.1477	  8.34729
 1704	 -5.14517	  0.15805	  8.14515	  8.34475
 1697	 -5.13039	  0.15834	  8.14617	  8.34577
 1949	 -5.14594	  0.17729	  8.1477	  8.34729
 1697	 -5.13039	  0.15834	  8.14617	  8.34577
 1950	 -5.13737	  0.1775	  8.14829	  8.34788
 1860	 -5.15188	  0.17423	  8.20089	  8.40048
 1701	 -5.14932	  0.11399	  8.19528	  8.39488
 1706	 -5.15034	  0.11395	  8.19521	  8.3948
 1860	 -5.15188	  0.17423	  8.20089	  8.40048
 1706	 -5.15034	  0.11395	  8.19521	  8.3948
 2050	 -5.15289	  0.17419	  8.20083	  8.40042
 1876	 -5.16314	  0.17393	  8.20014	  8.39973
 1702	 -5.16061	  0.11384	  8.1945	  8.39409
 1349	 -5.16106	  0.11399	  8.19434	  8.39393
 1876	 -5.16314	  0.17393	  8.20014	  8.39973
 1349	 -5.16106	  0.11399	  8.19434	  8.39393
 1723	 -5.16364	  0.17406	  8.19997	  8.39956
 1873	 -5.14681	  0.17728	  8.14764	  8.34724
 1705	 -5.14606	  0.15805	  8.14509	  8.34469
 1698	 -5.14517	  0.15805	  8.14515	  8.34475
 1873	 -5.14681	  0.17728	  8.14764	  8.34724
 1698	 -5.14517	  0.15805	  8.14515	  8.34475
 2002	 -5.14594	  0.17729	  8.1477	  8.34729
 1861	 -5.15289	  0.17419	  8.20083	  8.40042
 1706	 -5.15034	  0.11395	  8.19521	  8.3948
 2051	 -5.15119	  0.11396	  8.19515	  8.39474
 1861	 -5.15289	  0.17419	  8.20083	  8.40042
 2051	 -5.15119	  0.11396	  8.19515	  8.39474
 1774	 -5.15374	  0.17417	  8.20077	  8.40036
 1887	 -5.13552	  0.17757	  8.14841	  8.34801
 1517	 -5.12851	  0.15837	  8.14629	  8.34589
 1707	 -5.12693	  0.15838	  8.14639	  8.34598
 1887	 -5.13552	  0.17757	  8.14841	  8.34801
 1707	 -5.12693	  0.15838	  8.14639	  8.34598
 2046	 -5.13393	  0.17762	  8.14852	  8.34811
 2052	 -5.07535	  0.00415	  8.10942	  8.30901
 1647	 -5.11918	  0.0031	  8.10651	  8.3061
 2053	 -5.12109	 -0.04641	  8.11466	  8.31425
 2052	 -5.07535	  0.00415	  8.10942	  8.30901
 2053	 -5.12109	 -0.04641	  8.11466	  8.31425
 2054	 -5.07741	 -0.04533	  8.11756	  8.31716
 2055	 -5.07585	  0.06027	  8.1093	  8.30889
 1650	 -5.11953	  0.05922	  8.1064	  8.306
 1647	 -5.11918	  0.0031	  8.10651	  8.3061
 2055	 -5.07585	  0.06027	  8.1093	  8.30889
 1647	 -5.11918	  0.0031	  8.10651	  8.3061
 2052	 -5.07535	  0.00415	  8.10942	  8.30901
 1651	 -5.12207	  0.10946	  8.1144	  8.31399
 1650	 -5.11953	  0.05922	  8.1064	  8.306
 2055	 -5.07585	  0.06027	  8.1093	  8.30889
 1651	 -5.12207	  0.10946	  8.1144	  8.31399
 2055	 -5.07585	  0.06027	  8.1093	  8.30889
 2056	 -5.07881	  0.11051	  8.11727	  8.31686
 2057	 -5.12614	  0.13852	  8.12847	  8.32806
 1652	 -5.12207	  0.10946	  8.1144	  8.31399
 1002	 -5.07881	  0.11051	  8.11727	  8.31686
 2057	 -5.12614	  0.13852	  8.12847	  8.32806
 1002	 -5.07881	  0.11051	  8.11727	  8.31686
 1003	 -5.08349	  0.13956	  8.1313	  8.3309
 1655	 -5.13047	  0.13884	  8.14416	  8.34375
 2057	 -5.12614	  0.13852	  8.12847	  8.32806
 1003	 -5.08349	  0.13956	  8.1313	  8.3309
 1655	 -5.13047	  0.13884	  8.14416	  8.34375
 1003	 -5.08349	  0.13956	  8.1313	  8.3309
 1004	 -5.08838	  0.13988	  8.14697	  8.34656
 1707	 -5.12693	  0.15838	  8.14639	  8.34598
 2058	 -5.13057	  0.13931	  8.14433	  8.34392
 1037	 -5.08842	  0.14031	  8.14712	  8.34671
 1707	 -5.12693	  0.15838	  8.14639	  8.34598
 1037	 -5.08842	  0.14031	  8.14712	  8.34671
 2059	 -5.08918	  0.15896	  8.14899	  8.34858
 1660	 -5.14467	  0.04702	  8.18855	  8.38814
 1659	 -5.14558	  0.05315	  8.18907	  8.38867
 2060	 -5.10161	  0.05422	  8.19199	  8.39158
 1660	 -5.14467	  0.04702	  8.18855	  8.38814
 2060	 -5.10161	  0.05422	  8.19199	  8.39158
 2061	 -5.10137	  0.04809	  8.19141	  8.391
 2062	 -5.13512	 -0.10591	  8.16358	  8.36317
 1660	 -5.14467	  0.04702	  8.18855	  8.38814
 2061	 -5.10137	  0.04809	  8.19141	  8.391
 2062	 -5.13512	 -0.10591	  8.16358	  8.36317
 2061	 -5.10137	  0.04809	  8.19141	  8.391
 2063	 -5.09209	 -0.10489	  8.16643	  8.36602
 1665	 -5.13194	 -0.15712	  8.15489	  8.35448
 2064	 -5.1351	 -0.10681	  8.1635	  8.36309
 2065	 -5.09206	 -0.10578	  8.16637	  8.36596
 1665	 -5.13194	 -0.15712	  8.15489	  8.35448
 2065	 -5.09206	 -0.10578	  8.16637	  8.36596
 2066	 -5.08886	 -0.1561	  8.15776	  8.35736
 1669	 -5.12883	 -0.2062	  8.14644	  8.34603
 1668	 -5.13186	 -0.15835	  8.15468	  8.35427
 2067	 -5.08878	 -0.15732	  8.15754	  8.35713
 1669	 -5.12883	 -0.2062	  8.14644	  8.34603
 2067	 -5.08878	 -0.15732	  8.15754	  8.35713
 2068	 -5.08577	 -0.20513	  8.14932	  8.34891
 1672	 -5.12772	 -0.2435	  8.14341	  8.343
 2069	 -5.12879	 -0.20693	  8.14634	  8.34594
 2070	 -5.08573	 -0.20593	  8.1492	  8.3488
 1672	 -5.12772	 -0.2435	  8.14341	  8.343
 2070	 -5.08573	 -0.20593	  8.1492	  8.3488
 2071	 -5.08446	 -0.24246	  8.14629	  8.34588
 1674	 -5.12886	 -0.287	  8.14852	  8.34811
 1673	 -5.12775	 -0.24436	  8.14342	  8.34301
 2072	 -5.08447	 -0.24331	  8.1463	  8.34589
 1674	 -5.12886	 -0.287	  8.14852	  8.34811
 2072	 -5.08447	 -0.24331	  8.1463	  8.34589
 2073	 -5.08563	 -0.28598	  8.15139	  8.35098
 1675	 -5.12722	 -0.33029	  8.14356	  8.34315
 1674	 -5.12886	 -0.287	  8.14852	  8.34811
 2073	 -5.08563	 -0.28598	  8.15139	  8.35098
 1675	 -5.12722	 -0.33029	  8.14356	  8.34315
 2073	 -5.08563	 -0.28598	  8.15139	  8.35098
 2074	 -5.08367	 -0.32922	  8.14645	  8.34605
 2075	 -5.12373	 -0.34842	  8.13141	  8.33101
 2076	 -5.12722	 -0.33029	  8.14356	  8.34315
 1020	 -5.08367	 -0.32922	  8.14645	  8.34605
 2075	 -5.12373	 -0.34842	  8.13141	  8.33101
 1020	 -5.08367	 -0.32922	  8.14645	  8.34605
 1022	 -5.07972	 -0.3474	  8.13433	  8.33392
 2077	 -5.0772	 -0.32977	  8.12206	  8.32165
 2078	 -5.12045	 -0.33084	  8.1192	  8.31879
 2075	 -5.12373	 -0.34842	  8.13141	  8.33101
 2077	 -5.0772	 -0.32977	  8.12206	  8.32165
 2075	 -5.12373	 -0.34842	  8.13141	  8.33101
 1022	 -5.07972	 -0.3474	  8.13433	  8.33392
 2079	 -5.0698	 -0.28137	  8.10057	  8.30016
 1680	 -5.11476	 -0.28247	  8.09758	  8.29718
 2078	 -5.12045	 -0.33084	  8.1192	  8.31879
 2079	 -5.0698	 -0.28137	  8.10057	  8.30016
 2078	 -5.12045	 -0.33084	  8.1192	  8.31879
 2077	 -5.0772	 -0.32977	  8.12206	  8.32165
 2080	 -5.06978	 -0.27746	  8.10035	  8.29995
 1681	 -5.11474	 -0.27858	  8.09735	  8.29694
 1680	 -5.11476	 -0.28247	  8.09758	  8.29718
 2080	 -5.06978	 -0.27746	  8.10035	  8.29995
 1680	 -5.11476	 -0.28247	  8.09758	  8.29718
 2079	 -5.0698	 -0.28137	  8.10057	  8.30016
 2081	 -5.0698	 -0.20901	  8.0983	  8.29789
 2082	 -5.11473	 -0.21012	  8.09531	  8.2949
 1681	 -5.11474	 -0.27858	  8.09735	  8.29694
 2081	 -5.0698	 -0.20901	  8.0983	  8.29789
 1681	 -5.11474	 -0.27858	  8.09735	  8.29694
 2080	 -5.06978	 -0.27746	  8.10035	  8.29995
 2083	 -5.07065	 -0.14639	  8.09907	  8.29866
 2084	 -5.11528	 -0.14749	  8.0961	  8.2957
 2082	 -5.11473	 -0.21012	  8.09531	  8.2949
 2083	 -5.07065	 -0.14639	  8.09907	  8.29866
 2082	 -5.11473	 -0.21012	  8.09531	  8.2949
 2081	 -5.0698	 -0.20901	  8.0983	  8.29789
 1687	 -5.11908	 -0.10919	  8.10888	  8.30847
 1686	 -5.11899	 -0.11012	  8.10855	  8.30814
 1033	 -5.0749	 -0.10903	  8.1115	  8.31109
 1687	 -5.11908	 -0.10919	  8.10888	  8.30847
 1033	 -5.0749	 -0.10903	  8.1115	  8.31109
 1032	 -5.075	 -0.10806	  8.11181	  8.3114
 2085	 -5.11911	 -0.10869	  8.109	  8.30859
 1687	 -5.11908	 -0.10919	  8.10888	  8.30847
 1032	 -5.075	 -0.10806	  8.11181	  8.3114
 2085	 -5.11911	 -0.10869	  8.109	  8.30859
 1032	 -5.075	 -0.10806	  8.11181	  8.3114
 1035	 -5.07503	 -0.10763	  8.11193	  8.31153
 2053	 -5.12109	 -0.04641	  8.11466	  8.31425
 1690	 -5.12109	 -0.04723	  8.11468	  8.31427
 2086	 -5.07739	 -0.04617	  8.1176	  8.31719
 2053	 -5.12109	 -0.04641	  8.11466	  8.31425
 2086	 -5.07739	 -0.04617	  8.1176	  8.31719
 2054	 -5.07741	 -0.04533	  8.11756	  8.31716
 1691	 -5.13057	  0.13931	  8.14433	  8.34392
 1655	 -5.13047	  0.13884	  8.14416	  8.34375
 1004	 -5.08838	  0.13988	  8.14697	  8.34656
 1691	 -5.13057	  0.13931	  8.14433	  8.34392
 1004	 -5.08838	  0.13988	  8.14697	  8.34656
 1037	 -5.08842	  0.14031	  8.14712	  8.34671
 1659	 -5.14558	  0.05315	  8.18907	  8.38867
 1658	 -5.14559	  0.05405	  8.18911	  8.38871
 1039	 -5.10163	  0.05514	  8.19203	  8.39162
 1659	 -5.14558	  0.05315	  8.18907	  8.38867
 1039	 -5.10163	  0.05514	  8.19203	  8.39162
 2060	 -5.10161	  0.05422	  8.19199	  8.39158
 2064	 -5.1351	 -0.10681	  8.1635	  8.36309
 2062	 -5.13512	 -0.10591	  8.16358	  8.36317
 2063	 -5.09209	 -0.10489	  8.16643	  8.36602
 2064	 -5.1351	 -0.10681	  8.1635	  8.36309
 2063	 -5.09209	 -0.10489	  8.16643	  8.36602
 2065	 -5.09206	 -0.10578	  8.16637	  8.36596
 1690	 -5.12109	 -0.04723	  8.11468	  8.31427
 1689	 -5.11911	 -0.10869	  8.109	  8.30859
 2087	 -5.07503	 -0.10763	  8.11193	  8.31153
 1690	 -5.12109	 -0.04723	  8.11468	  8.31427
 2087	 -5.07503	 -0.10763	  8.11193	  8.31153
 2086	 -5.07739	 -0.04617	  8.1176	  8.31719
 1673	 -5.12775	 -0.24436	  8.14342	  8.34301
 1672	 -5.12772	 -0.2435	  8.14341	  8.343
 2071	 -5.08446	 -0.24246	  8.14629	  8.34588
 1673	 -5.12775	 -0.24436	  8.14342	  8.34301
 2071	 -5.08446	 -0.24246	  8.14629	  8.34588
 2072	 -5.08447	 -0.24331	  8.1463	  8.34589
 1658	 -5.14559	  0.05405	  8.18911	  8.38871
 1657	 -5.14774	  0.114	  8.19539	  8.39498
 2088	 -5.10418	  0.11474	  8.19838	  8.39797
 1658	 -5.14559	  0.05405	  8.18911	  8.38871
 2088	 -5.10418	  0.11474	  8.19838	  8.39797
 1038	 -5.10163	  0.05514	  8.19203	  8.39162
 2005	 -5.13819	  0.3896	  8.15555	  8.35514
 2089	 -5.13332	  0.36688	  8.14076	  8.34035
 1042	 -5.08959	  0.36802	  8.14375	  8.34334
 2005	 -5.13819	  0.3896	  8.15555	  8.35514
 1042	 -5.08959	  0.36802	  8.14375	  8.34334
 1041	 -5.09442	  0.39076	  8.15855	  8.35814
 2089	 -5.13332	  0.36688	  8.14076	  8.34035
 2090	 -5.12998	  0.32195	  8.13133	  8.33092
 1043	 -5.08621	  0.32312	  8.13433	  8.33392
 2089	 -5.13332	  0.36688	  8.14076	  8.34035
 1043	 -5.08621	  0.32312	  8.13433	  8.33392
 1042	 -5.08959	  0.36802	  8.14375	  8.34334
 2090	 -5.12998	  0.32195	  8.13133	  8.33092
 2008	 -5.12881	  0.26464	  8.12942	  8.32901
 1044	 -5.08502	  0.26578	  8.1324	  8.33199
 2090	 -5.12998	  0.32195	  8.13133	  8.33092
 1044	 -5.08502	  0.26578	  8.1324	  8.33199
 1043	 -5.08621	  0.32312	  8.13433	  8.33392
 1044	 -5.08502	  0.26578	  8.1324	  8.33199
 2008	 -5.12881	  0.26464	  8.12942	  8.32901
 2010	 -5.13032	  0.21159	  8.1359	  8.33549
 1044	 -5.08502	  0.26578	  8.1324	  8.33199
 2010	 -5.13032	  0.21159	  8.1359	  8.33549
 1046	 -5.08656	  0.21277	  8.13889	  8.33849
 1046	 -5.08656	  0.21277	  8.13889	  8.33849
 2010	 -5.13032	  0.21159	  8.1359	  8.33549
 2091	 -5.13391	  0.17829	  8.14846	  8.34806
 1046	 -5.08656	  0.21277	  8.13889	  8.33849
 2091	 -5.13391	  0.17829	  8.14846	  8.34806
 1048	 -5.09016	  0.17945	  8.15146	  8.35105
 1081	 -5.09017	  0.17876	  8.15151	  8.35111
 2046	 -5.13393	  0.17762	  8.14852	  8.34811
 1707	 -5.12693	  0.15838	  8.14639	  8.34598
 1081	 -5.09017	  0.17876	  8.15151	  8.35111
 1707	 -5.12693	  0.15838	  8.14639	  8.34598
 2059	 -5.08918	  0.15896	  8.14899	  8.34858
 2015	 -5.15033	  0.17508	  8.20113	  8.40072
 2014	 -5.15047	  0.18031	  8.20142	  8.40101
 1052	 -5.1067	  0.18144	  8.20439	  8.40398
 2015	 -5.15033	  0.17508	  8.20113	  8.40072
 1052	 -5.1067	  0.18144	  8.20439	  8.40398
 1051	 -5.10658	  0.1762	  8.20411	  8.4037
 2014	 -5.15047	  0.18031	  8.20142	  8.40101
 2092	 -5.15329	  0.34925	  8.20518	  8.40477
 1054	 -5.10952	  0.35042	  8.20817	  8.40776
 2014	 -5.15047	  0.18031	  8.20142	  8.40101
 1054	 -5.10952	  0.35042	  8.20817	  8.40776
 1052	 -5.1067	  0.18144	  8.20439	  8.40398
 2093	 -5.15332	  0.35014	  8.20526	  8.40485
 2094	 -5.1541	  0.40006	  8.20629	  8.40588
 1056	 -5.11036	  0.40121	  8.20929	  8.40888
 2093	 -5.15332	  0.35014	  8.20526	  8.40485
 1056	 -5.11036	  0.40121	  8.20929	  8.40888
 1055	 -5.10955	  0.35128	  8.20826	  8.40785
 2094	 -5.1541	  0.40006	  8.20629	  8.40588
 2021	 -5.15414	  0.40186	  8.20635	  8.40594
 1057	 -5.11038	  0.403	  8.20932	  8.40892
 2094	 -5.1541	  0.40006	  8.20629	  8.40588
 1057	 -5.11038	  0.403	  8.20932	  8.40892
 1056	 -5.11036	  0.40121	  8.20929	  8.40888
 2027	 -5.15506	  0.45222	  8.20773	  8.40732
 2026	 -5.15658	  0.48781	  8.21145	  8.41104
 1061	 -5.11282	  0.48893	  8.21443	  8.41402
 2027	 -5.15506	  0.45222	  8.20773	  8.40732
 1061	 -5.11282	  0.48893	  8.21443	  8.41402
 1060	 -5.11132	  0.45335	  8.21071	  8.4103
 2030	 -5.15664	  0.48846	  8.21161	  8.4112
 2029	 -5.16035	  0.51211	  8.22278	  8.42237
 1063	 -5.11659	  0.51326	  8.22577	  8.42536
 2030	 -5.15664	  0.48846	  8.21161	  8.4112
 1063	 -5.11659	  0.51326	  8.22577	  8.42536
 1062	 -5.11288	  0.48959	  8.21458	  8.41417
 2029	 -5.16035	  0.51211	  8.22278	  8.42237
 2095	 -5.16181	  0.55741	  8.22601	  8.4256
 1064	 -5.11805	  0.55855	  8.22898	  8.42857
 2029	 -5.16035	  0.51211	  8.22278	  8.42237
 1064	 -5.11805	  0.55855	  8.22898	  8.42857
 1063	 -5.11659	  0.51326	  8.22577	  8.42536
 2031	 -5.16181	  0.55741	  8.22601	  8.4256
 2032	 -5.16008	  0.59758	  8.21925	  8.41884
 1067	 -5.11632	  0.59868	  8.22223	  8.42182
 2031	 -5.16181	  0.55741	  8.22601	  8.4256
 1067	 -5.11632	  0.59868	  8.22223	  8.42182
 1064	 -5.11805	  0.55855	  8.22898	  8.42857
 2032	 -5.16008	  0.59758	  8.21925	  8.41884
 2033	 -5.1562	  0.6091	  8.2065	  8.40609
 1068	 -5.11243	  0.61023	  8.20949	  8.40908
 2032	 -5.16008	  0.59758	  8.21925	  8.41884
 1068	 -5.11243	  0.61023	  8.20949	  8.40908
 1067	 -5.11632	  0.59868	  8.22223	  8.42182
 2033	 -5.1562	  0.6091	  8.2065	  8.40609
 2034	 -5.14914	  0.61631	  8.18361	  8.3832
 1069	 -5.10537	  0.61745	  8.18661	  8.3862
 2033	 -5.1562	  0.6091	  8.2065	  8.40609
 1069	 -5.10537	  0.61745	  8.18661	  8.3862
 1068	 -5.11243	  0.61023	  8.20949	  8.40908
 2034	 -5.14914	  0.61631	  8.18361	  8.3832
 2035	 -5.14887	  0.61536	  8.1828	  8.38239
 1070	 -5.1051	  0.61649	  8.18579	  8.38538
 2034	 -5.14914	  0.61631	  8.18361	  8.3832
 1070	 -5.1051	  0.61649	  8.18579	  8.38538
 1069	 -5.10537	  0.61745	  8.18661	  8.3862
 2035	 -5.14887	  0.61536	  8.1828	  8.38239
 2036	 -5.1442	  0.56552	  8.16938	  8.36898
 1071	 -5.10043	  0.56664	  8.17236	  8.37195
 2035	 -5.14887	  0.61536	  8.1828	  8.38239
 1071	 -5.10043	  0.56664	  8.17236	  8.37195
 1070	 -5.1051	  0.61649	  8.18579	  8.38538
 2036	 -5.1442	  0.56552	  8.16938	  8.36898
 2096	 -5.13993	  0.51009	  8.15743	  8.35702
 1072	 -5.09618	  0.51123	  8.16042	  8.36001
 2036	 -5.1442	  0.56552	  8.16938	  8.36898
 1072	 -5.09618	  0.51123	  8.16042	  8.36001
 1071	 -5.10043	  0.56664	  8.17236	  8.37195
 1073	 -5.09616	  0.51041	  8.16039	  8.35999
 2097	 -5.13992	  0.50924	  8.15741	  8.357
 2098	 -5.14057	  0.45429	  8.1612	  8.36079
 1073	 -5.09616	  0.51041	  8.16039	  8.35999
 2098	 -5.14057	  0.45429	  8.1612	  8.36079
 1074	 -5.0968	  0.45545	  8.16419	  8.36379
 2042	 -5.14059	  0.45231	  8.16133	  8.36093
 2099	 -5.1406	  0.45168	  8.16136	  8.36095
 1078	 -5.09683	  0.45281	  8.16435	  8.36394
 2042	 -5.14059	  0.45231	  8.16133	  8.36093
 1078	 -5.09683	  0.45281	  8.16435	  8.36394
 1077	 -5.09683	  0.45346	  8.16433	  8.36392
 2100	 -5.13823	  0.39022	  8.15571	  8.3553
 2005	 -5.13819	  0.3896	  8.15555	  8.35514
 1041	 -5.09442	  0.39076	  8.15855	  8.35814
 2100	 -5.13823	  0.39022	  8.15571	  8.3553
 1041	 -5.09442	  0.39076	  8.15855	  8.35814
 1079	 -5.09447	  0.39139	  8.1587	  8.35829
 2011	 -5.13391	  0.17829	  8.14846	  8.34806
 2046	 -5.13393	  0.17762	  8.14852	  8.34811
 1081	 -5.09017	  0.17876	  8.15151	  8.35111
 2011	 -5.13391	  0.17829	  8.14846	  8.34806
 1081	 -5.09017	  0.17876	  8.15151	  8.35111
 1080	 -5.09016	  0.17945	  8.15146	  8.35105
 2013	 -5.15028	  0.17428	  8.20101	  8.4006
 2015	 -5.15033	  0.17508	  8.20113	  8.40072
 1051	 -5.10658	  0.1762	  8.20411	  8.4037
 2013	 -5.15028	  0.17428	  8.20101	  8.4006
 1051	 -5.10658	  0.1762	  8.20411	  8.4037
 1083	 -5.10652	  0.1754	  8.20399	  8.40358
 2092	 -5.15329	  0.34925	  8.20518	  8.40477
 2093	 -5.15332	  0.35014	  8.20526	  8.40485
 1055	 -5.10955	  0.35128	  8.20826	  8.40785
 2092	 -5.15329	  0.34925	  8.20518	  8.40477
 1055	 -5.10955	  0.35128	  8.20826	  8.40785
 1054	 -5.10952	  0.35042	  8.20817	  8.40776
 2099	 -5.1406	  0.45168	  8.16136	  8.36095
 2100	 -5.13823	  0.39022	  8.15571	  8.3553
 1079	 -5.09447	  0.39139	  8.1587	  8.35829
 2099	 -5.1406	  0.45168	  8.16136	  8.36095
 1079	 -5.09447	  0.39139	  8.1587	  8.35829
 1078	 -5.09683	  0.45281	  8.16435	  8.36394
 2026	 -5.15658	  0.48781	  8.21145	  8.41104
 2030	 -5.15664	  0.48846	  8.21161	  8.4112
 1062	 -5.11288	  0.48959	  8.21458	  8.41417
 2026	 -5.15658	  0.48781	  8.21145	  8.41104
 1062	 -5.11288	  0.48959	  8.21458	  8.41417
 1061	 -5.11282	  0.48893	  8.21443	  8.41402
 1657	 -5.14774	  0.114	  8.19539	  8.39498
 2013	 -5.15028	  0.17428	  8.20101	  8.4006
 1083	 -5.10652	  0.1754	  8.20399	  8.40358
 1657	 -5.14774	  0.114	  8.19539	  8.39498
 1083	 -5.10652	  0.1754	  8.20399	  8.40358
 2088	 -5.10418	  0.11474	  8.19838	  8.39797
 2101	 -5.14221	 -0.20636	  8.14545	  8.34504
 1366	 -5.14216	 -0.20714	  8.14534	  8.34494
 1365	 -5.13875	 -0.19286	  8.13266	  8.33226
 2101	 -5.14221	 -0.20636	  8.14545	  8.34504
 1365	 -5.13875	 -0.19286	  8.13266	  8.33226
 2102	 -5.13876	 -0.19198	  8.13273	  8.33232
 2102	 -5.13876	 -0.19198	  8.13273	  8.33232
 1365	 -5.13875	 -0.19286	  8.13266	  8.33226
 1369	 -5.13529	 -0.17846	  8.11988	  8.31947
 2102	 -5.13876	 -0.19198	  8.13273	  8.33232
 1369	 -5.13529	 -0.17846	  8.11988	  8.31947
 1389	 -5.13532	 -0.1776	  8.11992	  8.31951
 1386	 -5.1287	 -0.14796	  8.09534	  8.29494
 1390	 -5.12875	 -0.14721	  8.09546	  8.29505
 1389	 -5.13532	 -0.1776	  8.11992	  8.31951
 1386	 -5.1287	 -0.14796	  8.09534	  8.29494
 1389	 -5.13532	 -0.1776	  8.11992	  8.31951
 1369	 -5.13529	 -0.17846	  8.11988	  8.31947
 2103	 -5.13145	 -0.20625	  8.14628	  8.34588
 1610	 -5.1314	 -0.20705	  8.14617	  8.34576
 1422	 -5.13225	 -0.20706	  8.14611	  8.34571
 2103	 -5.13145	 -0.20625	  8.14628	  8.34588
 1422	 -5.13225	 -0.20706	  8.14611	  8.34571
 2104	 -5.13231	 -0.20624	  8.14623	  8.34582
 1632	 -5.11791	 -0.14756	  8.09592	  8.29551
 1636	 -5.11796	 -0.14683	  8.09605	  8.29564
 2105	 -5.11881	 -0.14684	  8.09598	  8.29558
 1632	 -5.11791	 -0.14756	  8.09592	  8.29551
 2105	 -5.11881	 -0.14684	  8.09598	  8.29558
 1443	 -5.11877	 -0.14761	  8.09587	  8.29546
 1525	 -5.1314	 -0.20705	  8.14617	  8.34576
 2106	 -5.13145	 -0.20625	  8.14628	  8.34588
 1666	 -5.13043	 -0.20621	  8.14634	  8.34593
 1525	 -5.1314	 -0.20705	  8.14617	  8.34576
 1666	 -5.13043	 -0.20621	  8.14634	  8.34593
 1526	 -5.13039	 -0.20698	  8.14623	  8.34582
 1553	 -5.11796	 -0.14683	  8.09605	  8.29564
 1549	 -5.11791	 -0.14756	  8.09592	  8.29551
 1548	 -5.11687	 -0.14754	  8.09599	  8.29559
 1553	 -5.11796	 -0.14683	  8.09605	  8.29564
 1548	 -5.11687	 -0.14754	  8.09599	  8.29559
 2107	 -5.11692	 -0.14676	  8.0961	  8.29569
 1603	 -5.14171	 -0.20644	  8.1456	  8.34519
 1559	 -5.14168	 -0.20726	  8.1455	  8.34509
 1366	 -5.14216	 -0.20714	  8.14534	  8.34494
 1603	 -5.14171	 -0.20644	  8.1456	  8.34519
 1366	 -5.14216	 -0.20714	  8.14534	  8.34494
 2101	 -5.14221	 -0.20636	  8.14545	  8.34504
 1569	 -5.12818	 -0.14781	  8.09524	  8.29484
 1570	 -5.1282	 -0.14706	  8.09536	  8.29496
 1390	 -5.12875	 -0.14721	  8.09546	  8.29505
 1569	 -5.12818	 -0.14781	  8.09524	  8.29484
 1390	 -5.12875	 -0.14721	  8.09546	  8.29505
 1386	 -5.1287	 -0.14796	  8.09534	  8.29494
 1419	 -5.13231	 -0.20624	  8.14623	  8.34582
 1422	 -5.13225	 -0.20706	  8.14611	  8.34571
 1421	 -5.1408	 -0.20725	  8.14556	  8.34516
 1419	 -5.13231	 -0.20624	  8.14623	  8.34582
 1421	 -5.1408	 -0.20725	  8.14556	  8.34516
 1416	 -5.14087	 -0.20642	  8.14567	  8.34527
 1605	 -5.14087	 -0.20642	  8.14567	  8.34527
 1608	 -5.1408	 -0.20725	  8.14556	  8.34516
 1559	 -5.14168	 -0.20726	  8.1455	  8.34509
 1605	 -5.14087	 -0.20642	  8.14567	  8.34527
 1559	 -5.14168	 -0.20726	  8.1455	  8.34509
 1603	 -5.14171	 -0.20644	  8.1456	  8.34519
 1443	 -5.11877	 -0.14761	  8.09587	  8.29546
 2105	 -5.11881	 -0.14684	  8.09598	  8.29558
 2108	 -5.12734	 -0.14703	  8.09544	  8.29504
 1443	 -5.11877	 -0.14761	  8.09587	  8.29546
 2108	 -5.12734	 -0.14703	  8.09544	  8.29504
 1442	 -5.12732	 -0.14778	  8.09531	  8.2949
 1631	 -5.12732	 -0.14778	  8.09531	  8.2949
 2109	 -5.12734	 -0.14703	  8.09544	  8.29504
 2110	 -5.1282	 -0.14706	  8.09536	  8.29496
 1631	 -5.12732	 -0.14778	  8.09531	  8.2949
 2110	 -5.1282	 -0.14706	  8.09536	  8.29496
 1630	 -5.12818	 -0.14781	  8.09524	  8.29484
 1669	 -5.12883	 -0.2062	  8.14644	  8.34603
 1671	 -5.12879	 -0.20693	  8.14634	  8.34594
 1526	 -5.13039	 -0.20698	  8.14623	  8.34582
 1669	 -5.12883	 -0.2062	  8.14644	  8.34603
 1526	 -5.13039	 -0.20698	  8.14623	  8.34582
 1666	 -5.13043	 -0.20621	  8.14634	  8.34593
 1683	 -5.11528	 -0.14749	  8.0961	  8.2957
 2111	 -5.11533	 -0.14677	  8.09621	  8.29581
 2107	 -5.11692	 -0.14676	  8.0961	  8.29569
 1683	 -5.11528	 -0.14749	  8.0961	  8.2957
 2107	 -5.11692	 -0.14676	  8.0961	  8.29569
 1548	 -5.11687	 -0.14754	  8.09599	  8.29559
 2068	 -5.08577	 -0.20513	  8.14932	  8.34891
 2070	 -5.08573	 -0.20593	  8.1492	  8.3488
 2069	 -5.12879	 -0.20693	  8.14634	  8.34594
 2068	 -5.08577	 -0.20513	  8.14932	  8.34891
 2069	 -5.12879	 -0.20693	  8.14634	  8.34594
 1669	 -5.12883	 -0.2062	  8.14644	  8.34603
 2083	 -5.07065	 -0.14639	  8.09907	  8.29866
 2112	 -5.0707	 -0.14566	  8.09918	  8.29878
 2113	 -5.11533	 -0.14677	  8.09621	  8.29581
 2083	 -5.07065	 -0.14639	  8.09907	  8.29866
 2113	 -5.11533	 -0.14677	  8.09621	  8.29581
 2084	 -5.11528	 -0.14749	  8.0961	  8.2957
 2114	 -5.16461	  0.46634	  8.19402	  8.39361
 1736	 -5.16466	  0.4672	  8.19411	  8.3937
 1739	 -5.16841	  0.45199	  8.20669	  8.40628
 2114	 -5.16461	  0.46634	  8.19402	  8.39361
 1739	 -5.16841	  0.45199	  8.20669	  8.40628
 2115	 -5.16838	  0.45114	  8.20666	  8.40625
 1760	 -5.16077	  0.4817	  8.18133	  8.38092
 1740	 -5.16083	  0.48254	  8.18144	  8.38103
 1736	 -5.16466	  0.4672	  8.19411	  8.3937
 1760	 -5.16077	  0.4817	  8.18133	  8.38092
 1736	 -5.16466	  0.4672	  8.19411	  8.3937
 2114	 -5.16461	  0.46634	  8.19402	  8.39361
 1740	 -5.16083	  0.48254	  8.18144	  8.38103
 1760	 -5.16077	  0.4817	  8.18133	  8.38092
 1763	 -5.15333	  0.50875	  8.15662	  8.35621
 1740	 -5.16083	  0.48254	  8.18144	  8.38103
 1763	 -5.15333	  0.50875	  8.15662	  8.35621
 1756	 -5.15334	  0.5096	  8.15664	  8.35624
 2024	 -5.15505	  0.45132	  8.2077	  8.40729
 2027	 -5.15506	  0.45222	  8.20773	  8.40732
 1060	 -5.11132	  0.45335	  8.21071	  8.4103
 2024	 -5.15505	  0.45132	  8.2077	  8.40729
 1060	 -5.11132	  0.45335	  8.21071	  8.4103
 1098	 -5.11129	  0.45248	  8.21066	  8.41025
 2096	 -5.13993	  0.51009	  8.15743	  8.35702
 2097	 -5.13992	  0.50924	  8.15741	  8.357
 1073	 -5.09616	  0.51041	  8.16039	  8.35999
 2096	 -5.13993	  0.51009	  8.15743	  8.35702
 1073	 -5.09616	  0.51041	  8.16039	  8.35999
 1072	 -5.09618	  0.51123	  8.16042	  8.36001
 2116	 -5.15855	  0.45125	  8.20745	  8.40704
 1981	 -5.15854	  0.45212	  8.20749	  8.40708
 1897	 -5.15767	  0.45212	  8.20755	  8.40714
 2116	 -5.15855	  0.45125	  8.20745	  8.40704
 1897	 -5.15767	  0.45212	  8.20755	  8.40714
 2117	 -5.15767	  0.45127	  8.20751	  8.4071
 1814	 -5.14341	  0.50999	  8.1572	  8.35679
 1995	 -5.14338	  0.50917	  8.15717	  8.35676
 1926	 -5.14253	  0.50918	  8.15723	  8.35682
 1814	 -5.14341	  0.50999	  8.1572	  8.35679
 1926	 -5.14253	  0.50918	  8.15723	  8.35682
 1921	 -5.14255	  0.51003	  8.15725	  8.35684
 1900	 -5.15666	  0.45217	  8.20761	  8.4072
 2118	 -5.15664	  0.45126	  8.20757	  8.40716
 2117	 -5.15767	  0.45127	  8.20751	  8.4071
 1900	 -5.15666	  0.45217	  8.20761	  8.4072
 2117	 -5.15767	  0.45127	  8.20751	  8.4071
 1897	 -5.15767	  0.45212	  8.20755	  8.40714
 1925	 -5.1415	  0.50917	  8.15729	  8.35689
 1922	 -5.14151	  0.51007	  8.15733	  8.35692
 2119	 -5.14255	  0.51003	  8.15725	  8.35684
 1925	 -5.1415	  0.50917	  8.15729	  8.35689
 2119	 -5.14255	  0.51003	  8.15725	  8.35684
 2120	 -5.14253	  0.50918	  8.15723	  8.35682
 2115	 -5.16838	  0.45114	  8.20666	  8.40625
 1739	 -5.16841	  0.45199	  8.20669	  8.40628
 1931	 -5.16795	  0.45186	  8.20685	  8.40644
 2115	 -5.16838	  0.45114	  8.20666	  8.40625
 1931	 -5.16795	  0.45186	  8.20685	  8.40644
 2121	 -5.16793	  0.451	  8.20681	  8.4064
 1756	 -5.15334	  0.5096	  8.15664	  8.35624
 1763	 -5.15333	  0.50875	  8.15662	  8.35621
 1943	 -5.1528	  0.50891	  8.15652	  8.35611
 1756	 -5.15334	  0.5096	  8.15664	  8.35624
 1943	 -5.1528	  0.50891	  8.15652	  8.35611
 1941	 -5.1528	  0.50978	  8.15655	  8.35615
 1787	 -5.16705	  0.45099	  8.20687	  8.40646
 1792	 -5.16708	  0.45191	  8.2069	  8.40649
 1791	 -5.15854	  0.45212	  8.20749	  8.40708
 1787	 -5.16705	  0.45099	  8.20687	  8.40646
 1791	 -5.15854	  0.45212	  8.20749	  8.40708
 1788	 -5.15855	  0.45125	  8.20745	  8.40704
 1975	 -5.16793	  0.451	  8.20681	  8.4064
 1980	 -5.16795	  0.45186	  8.20685	  8.40644
 1979	 -5.16708	  0.45191	  8.2069	  8.40649
 1975	 -5.16793	  0.451	  8.20681	  8.4064
 1979	 -5.16708	  0.45191	  8.2069	  8.40649
 1976	 -5.16705	  0.45099	  8.20687	  8.40646
 1991	 -5.15195	  0.50979	  8.15662	  8.35621
 2122	 -5.15193	  0.50895	  8.15659	  8.35618
 1995	 -5.14338	  0.50917	  8.15717	  8.35676
 1991	 -5.15195	  0.50979	  8.15662	  8.35621
 1995	 -5.14338	  0.50917	  8.15717	  8.35676
 1814	 -5.14341	  0.50999	  8.1572	  8.35679
 1990	 -5.1528	  0.50978	  8.15655	  8.35615
 2123	 -5.1528	  0.50891	  8.15652	  8.35611
 2124	 -5.15193	  0.50895	  8.15659	  8.35618
 1990	 -5.1528	  0.50978	  8.15655	  8.35615
 2124	 -5.15193	  0.50895	  8.15659	  8.35618
 1813	 -5.15195	  0.50979	  8.15662	  8.35621
 2023	 -5.15664	  0.45126	  8.20757	  8.40716
 2028	 -5.15666	  0.45217	  8.20761	  8.4072
 2027	 -5.15506	  0.45222	  8.20773	  8.40732
 2023	 -5.15664	  0.45126	  8.20757	  8.40716
 2027	 -5.15506	  0.45222	  8.20773	  8.40732
 2024	 -5.15505	  0.45132	  8.2077	  8.40729
 2037	 -5.14151	  0.51007	  8.15733	  8.35692
 1925	 -5.1415	  0.50917	  8.15729	  8.35689
 2125	 -5.13992	  0.50924	  8.15741	  8.357
 2037	 -5.14151	  0.51007	  8.15733	  8.35692
 2125	 -5.13992	  0.50924	  8.15741	  8.357
 2038	 -5.13993	  0.51009	  8.15743	  8.35702
 1362	 -5.14017	 -0.14245	  8.13668	  8.33627
 2102	 -5.13876	 -0.19198	  8.13273	  8.33232
 1389	 -5.13532	 -0.1776	  8.11992	  8.31951
 1362	 -5.14017	 -0.14245	  8.13668	  8.33627
 1389	 -5.13532	 -0.1776	  8.11992	  8.31951
 1392	 -5.13672	 -0.1285	  8.12382	  8.32341
 2101	 -5.14221	 -0.20636	  8.14545	  8.34504
 2102	 -5.13876	 -0.19198	  8.13273	  8.33232
 1362	 -5.14017	 -0.14245	  8.13668	  8.33627
 2101	 -5.14221	 -0.20636	  8.14545	  8.34504
 1362	 -5.14017	 -0.14245	  8.13668	  8.33627
 1364	 -5.14524	 -0.15852	  8.15367	  8.35326
 1574	 -5.13249	 -0.10995	  8.10803	  8.30762
 1363	 -5.13677	 -0.12723	  8.12392	  8.32351
 1392	 -5.13672	 -0.1285	  8.12382	  8.32341
 1574	 -5.13249	 -0.10995	  8.10803	  8.30762
 1392	 -5.13672	 -0.1285	  8.12382	  8.32341
 1391	 -5.1324	 -0.11091	  8.10772	  8.30731
 1412	 -5.14398	 -0.15742	  8.15411	  8.3537
 1415	 -5.13544	 -0.15719	  8.15466	  8.35425
 1418	 -5.13536	 -0.15841	  8.15444	  8.35403
 1412	 -5.14398	 -0.15742	  8.15411	  8.3537
 1418	 -5.13536	 -0.15841	  8.15444	  8.35403
 1417	 -5.1439	 -0.15866	  8.15389	  8.35349
 2108	 -5.12734	 -0.14703	  8.09544	  8.29504
 1638	 -5.11881	 -0.14684	  8.09598	  8.29558
 1446	 -5.12246	 -0.11018	  8.10834	  8.30793
 2108	 -5.12734	 -0.14703	  8.09544	  8.29504
 1446	 -5.12246	 -0.11018	  8.10834	  8.30793
 1445	 -5.13101	 -0.11038	  8.10778	  8.30737
 1666	 -5.13043	 -0.20621	  8.14634	  8.34593
 2103	 -5.13145	 -0.20625	  8.14628	  8.34588
 1524	 -5.13446	 -0.15838	  8.15451	  8.3541
 1666	 -5.13043	 -0.20621	  8.14634	  8.34593
 1524	 -5.13446	 -0.15838	  8.15451	  8.3541
 1523	 -5.13345	 -0.15839	  8.15458	  8.35417
 1684	 -5.12067	 -0.1092	  8.10877	  8.30837
 1510	 -5.1217	 -0.10922	  8.10871	  8.3083
 1552	 -5.12161	 -0.11015	  8.10839	  8.30799
 1684	 -5.12067	 -0.1092	  8.10877	  8.30837
 1552	 -5.12161	 -0.11015	  8.10839	  8.30799
 1551	 -5.12059	 -0.11013	  8.10845	  8.30804
 1603	 -5.14171	 -0.20644	  8.1456	  8.34519
 2101	 -5.14221	 -0.20636	  8.14545	  8.34504
 1364	 -5.14524	 -0.15852	  8.15367	  8.35326
 1603	 -5.14171	 -0.20644	  8.1456	  8.34519
 1364	 -5.14524	 -0.15852	  8.15367	  8.35326
 1558	 -5.14475	 -0.15865	  8.15383	  8.35342
 1571	 -5.13187	 -0.1104	  8.10772	  8.30731
 1572	 -5.13197	 -0.10948	  8.10803	  8.30763
 1574	 -5.13249	 -0.10995	  8.10803	  8.30762
 1571	 -5.13187	 -0.1104	  8.10772	  8.30731
 1574	 -5.13249	 -0.10995	  8.10803	  8.30762
 1391	 -5.1324	 -0.11091	  8.10772	  8.30731
 1558	 -5.14475	 -0.15865	  8.15383	  8.35342
 1601	 -5.14483	 -0.15743	  8.15405	  8.35364
 2126	 -5.14398	 -0.15742	  8.15411	  8.3537
 1558	 -5.14475	 -0.15865	  8.15383	  8.35342
 2126	 -5.14398	 -0.15742	  8.15411	  8.3537
 1604	 -5.1439	 -0.15866	  8.15389	  8.35349
 2103	 -5.13145	 -0.20625	  8.14628	  8.34588
 2104	 -5.13231	 -0.20624	  8.14623	  8.34582
 1606	 -5.13536	 -0.15841	  8.15444	  8.35403
 2103	 -5.13145	 -0.20625	  8.14628	  8.34588
 1606	 -5.13536	 -0.15841	  8.15444	  8.35403
 1524	 -5.13446	 -0.15838	  8.15451	  8.3541
 2110	 -5.1282	 -0.14706	  8.09536	  8.29496
 2109	 -5.12734	 -0.14703	  8.09544	  8.29504
 1445	 -5.13101	 -0.11038	  8.10778	  8.30737
 2110	 -5.1282	 -0.14706	  8.09536	  8.29496
 1445	 -5.13101	 -0.11038	  8.10778	  8.30737
 1633	 -5.13187	 -0.1104	  8.10772	  8.30731
 1498	 -5.1217	 -0.10922	  8.10871	  8.3083
 1449	 -5.12255	 -0.10923	  8.10865	  8.30824
 1446	 -5.12246	 -0.11018	  8.10834	  8.30793
 1498	 -5.1217	 -0.10922	  8.10871	  8.3083
 1446	 -5.12246	 -0.11018	  8.10834	  8.30793
 1637	 -5.12161	 -0.11015	  8.10839	  8.30799
 1667	 -5.13345	 -0.15839	  8.15458	  8.35417
 1521	 -5.13354	 -0.15715	  8.15478	  8.35437
 1665	 -5.13194	 -0.15712	  8.15489	  8.35448
 1667	 -5.13345	 -0.15839	  8.15458	  8.35417
 1665	 -5.13194	 -0.15712	  8.15489	  8.35448
 1668	 -5.13186	 -0.15835	  8.15468	  8.35427
 2107	 -5.11692	 -0.14676	  8.0961	  8.29569
 2111	 -5.11533	 -0.14677	  8.09621	  8.29581
 1686	 -5.11899	 -0.11012	  8.10855	  8.30814
 2107	 -5.11692	 -0.14676	  8.0961	  8.29569
 1686	 -5.11899	 -0.11012	  8.10855	  8.30814
 1685	 -5.12059	 -0.11013	  8.10845	  8.30804
 1665	 -5.13194	 -0.15712	  8.15489	  8.35448
 2066	 -5.08886	 -0.1561	  8.15776	  8.35736
 2067	 -5.08878	 -0.15732	  8.15754	  8.35713
 1665	 -5.13194	 -0.15712	  8.15489	  8.35448
 2067	 -5.08878	 -0.15732	  8.15754	  8.35713
 1668	 -5.13186	 -0.15835	  8.15468	  8.35427
 2111	 -5.11533	 -0.14677	  8.09621	  8.29581
 1094	 -5.0707	 -0.14566	  8.09918	  8.29878
 1033	 -5.0749	 -0.10903	  8.1115	  8.31109
 2111	 -5.11533	 -0.14677	  8.09621	  8.29581
 1033	 -5.0749	 -0.10903	  8.1115	  8.31109
 1686	 -5.11899	 -0.11012	  8.10855	  8.30814
 1760	 -5.16077	  0.4817	  8.18133	  8.38092
 2114	 -5.16461	  0.46634	  8.19402	  8.39361
 1734	 -5.16259	  0.4187	  8.18901	  8.3886
 1760	 -5.16077	  0.4817	  8.18133	  8.38092
 1734	 -5.16259	  0.4187	  8.18901	  8.3886
 1761	 -5.15879	  0.43445	  8.17637	  8.37596
 1734	 -5.16259	  0.4187	  8.18901	  8.3886
 2114	 -5.16461	  0.46634	  8.19402	  8.39361
 2115	 -5.16838	  0.45114	  8.20666	  8.40625
 1734	 -5.16259	  0.4187	  8.18901	  8.3886
 2115	 -5.16838	  0.45114	  8.20666	  8.40625
 1735	 -5.1675	  0.40166	  8.2053	  8.40489
 1761	 -5.15879	  0.43445	  8.17637	  8.37596
 1946	 -5.15871	  0.43273	  8.17617	  8.37576
 1945	 -5.15401	  0.45231	  8.16054	  8.36013
 1761	 -5.15879	  0.43445	  8.17637	  8.37596
 1945	 -5.15401	  0.45231	  8.16054	  8.36013
 1762	 -5.15398	  0.4543	  8.1604	  8.35999
 1973	 -5.15759	  0.39996	  8.20604	  8.40563
 1781	 -5.16613	  0.39974	  8.20547	  8.40506
 1786	 -5.16613	  0.40155	  8.20552	  8.40511
 1973	 -5.15759	  0.39996	  8.20604	  8.40563
 1786	 -5.16613	  0.40155	  8.20552	  8.40511
 1785	 -5.15763	  0.40174	  8.20609	  8.40569
 1995	 -5.14338	  0.50917	  8.15717	  8.35676
 2124	 -5.15193	  0.50895	  8.15659	  8.35618
 1816	 -5.15258	  0.45398	  8.16037	  8.35996
 1995	 -5.14338	  0.50917	  8.15717	  8.35676
 1816	 -5.15258	  0.45398	  8.16037	  8.35996
 1815	 -5.14405	  0.45422	  8.16095	  8.36055
 2117	 -5.15767	  0.45127	  8.20751	  8.4071
 2118	 -5.15664	  0.45126	  8.20757	  8.40716
 1895	 -5.15571	  0.40186	  8.20623	  8.40582
 2117	 -5.15767	  0.45127	  8.20751	  8.4071
 1895	 -5.15571	  0.40186	  8.20623	  8.40582
 1894	 -5.15675	  0.40179	  8.20617	  8.40576
 1868	 -5.14321	  0.45222	  8.16116	  8.36075
 2041	 -5.14218	  0.45229	  8.16123	  8.36082
